4.543  4.615  4.605  4.543  4.677  4.554  4.489  4.489  4.727  4.673  4.779  4.700  4.652  4.642  4.752  4.454  4.376  4.543  4.654  4.615  4.663  4.580  4.500  4.889  4.388  4.331  4.357  4.344  4.324  4.533  4.554  4.331  4.549  4.466  4.564  4.431  4.419  4.382  4.475  4.357  4.477  4.486
4.317  4.174  3.989  4.220  4.227  4.060  4.202  4.124  4.317  4.357  4.256  4.277  4.369  4.344  4.331  4.187  4.190  4.174  4.382  4.344  4.428  4.301  4.220  4.248  4.060  4.127  4.151  4.094  4.091  4.043  4.277  4.234  4.078  4.277  4.220  4.159  4.220  4.297  4.205  4.111  4.171  4.357
4.710  4.489  4.700  4.691  4.575  4.564  4.407  4.642  4.554  4.673  4.543  4.705  4.635  4.559  4.736  4.489  4.443  4.575  4.666  4.554  4.710  4.649  4.431  4.644  4.367  4.431  4.500  4.454  4.392  4.554  4.552  4.419  4.554  4.443  4.533  4.575  4.431  4.673  4.543  4.489  4.644  4.440
5.352  5.117  5.257  5.298  5.170  5.236  5.236  5.214  5.242  5.389  5.153  5.277  5.394  5.155  5.342  5.075  5.153  5.069  5.251  5.247  5.468  5.288  5.069  5.269  5.050  4.875  5.037  5.004  5.017  5.056  5.187  5.075  5.088  5.069  5.231  5.135  5.159  5.246  5.124  4.931  5.063  5.064
4.977  4.883  5.069  4.949  4.934  5.091  4.949  5.030  4.898  5.235  5.069  5.155  4.997  4.893  5.100  4.927  4.736  4.887  4.982  4.898  4.949  4.970  4.890  4.934  4.898  4.745  4.705  4.736  4.603  4.812  4.773  4.820  4.828  4.898  4.963  4.754  4.864  4.989  4.920  4.748  4.727  4.848
5.308  5.030  5.303  5.338  5.293  5.303  5.198  5.159  5.124  5.544  5.308  5.454  5.257  5.069  5.380  4.963  5.027  4.975  5.247  5.302  5.226  5.059  5.081  5.165  5.004  5.017  4.942  4.905  4.843  4.958  5.027  4.997  5.182  5.097  5.112  5.075  5.050  5.215  5.189  4.949  5.050  5.103
5.132  5.150  4.949  5.050  5.118  5.075  5.130  4.920  5.094  5.242  5.187  5.142  5.306  5.159  5.201  5.100  5.088  5.089  5.118  5.176  5.094  5.106  5.055  5.165  5.011  5.037  5.118  5.112  5.011  5.011  5.112  5.081  5.011  4.996  5.170  5.075  5.050  5.058  4.898  4.999  4.875  5.050
4.344  4.466  4.205  4.344  4.231  4.357  4.248  4.248  4.143  4.680  4.263  4.331  4.533  4.419  4.477  4.256  4.174  4.369  4.344  4.304  4.373  4.425  4.331  4.533  3.989  4.078  4.127  4.143  4.248  4.174  4.304  4.386  4.159  4.477  4.407  4.078  4.248  4.234  4.127  4.091  4.315  4.304
5.130  4.997  5.004  5.143  5.071  5.159  4.997  5.170  5.147  5.069  5.099  5.056  5.247  5.252  5.283  5.106  5.011  5.024  5.252  5.165  5.242  5.124  5.075  5.140  4.963  4.990  4.700  4.927  4.977  4.954  4.996  4.890  4.934  5.063  5.043  5.075  5.056  5.075  4.977  5.159  4.942  5.043
5.231  4.977  5.106  5.226  5.165  5.100  5.004  5.124  5.147  5.159  5.193  5.118  5.273  5.159  5.366  4.920  4.997  5.011  5.273  5.346  5.275  5.112  5.136  5.089  5.112  4.989  4.875  4.894  4.868  4.898  5.043  4.984  5.069  5.075  4.942  5.118  5.011  5.153  5.024  5.094  5.075  5.050
4.956  4.860  4.942  4.736  4.823  4.905  4.820  4.890  4.779  5.027  4.663  4.979  5.030  4.898  4.949  5.011  4.762  4.947  4.963  4.984  4.779  4.745  4.875  5.030  4.595  4.868  4.843  4.787  4.762  4.762  4.758  4.804  4.856  4.963  4.779  4.883  4.782  4.756  4.754  4.844  4.654  4.839
3.738  3.738  3.664  3.850  3.846  3.871  3.638  3.807  3.807  3.813  3.738  3.951  4.060  3.807  3.951  3.867  3.850  3.835  3.871  4.074  3.970  3.970  3.761  3.850  3.714  3.745  3.795  3.829  3.757  3.784  3.757  3.761  3.970  3.738  3.738  3.850  3.526  3.738  3.664  3.784  3.664  3.689
5.265  5.088  5.081  5.130  5.085  5.215  4.909  5.140  5.147  5.347  5.193  5.159  5.298  5.198  5.226  5.006  4.905  5.081  5.050  5.159  4.883  4.982  5.052  4.977  4.990  4.963  4.836  4.975  4.745  4.787  4.954  4.952  4.984  4.977  4.890  5.004  4.934  5.303  5.252  5.142  4.771  5.088
4.593  4.205  4.454  4.564  4.554  4.382  4.369  4.605  4.635  4.500  4.562  4.477  4.700  4.583  4.644  4.380  4.220  4.407  4.486  4.663  4.511  4.443  4.425  4.344  4.304  4.111  4.392  4.401  4.224  4.007  4.324  4.227  4.446  4.263  4.057  4.407  4.357  4.802  4.603  4.174  4.466  4.425
5.489  5.332  5.489  5.366  5.468  5.472  5.203  5.372  5.384  5.529  5.460  5.357  5.557  5.513  5.659  5.394  5.220  5.429  5.497  5.425  5.434  5.393  5.436  5.425  5.140  5.209  5.165  5.164  4.949  5.068  5.130  5.263  5.209  5.283  5.220  5.308  5.278  5.517  5.333  5.357  5.023  5.268
4.554  4.428  4.357  4.564  4.509  4.593  4.554  4.419  4.477  4.710  4.760  4.662  5.094  4.898  4.942  4.341  4.344  4.522  4.595  4.585  4.431  4.691  4.431  4.477  4.263  4.419  4.317  4.344  4.382  4.344  4.392  4.440  4.382  4.344  4.454  4.431  4.489  4.344  4.431  4.202  4.431  4.454
5.445  5.283  5.302  5.498  5.427  5.380  5.198  5.303  5.198  5.464  5.347  5.338  5.438  5.384  5.631  5.209  5.268  5.142  5.517  5.489  5.361  5.298  5.380  5.476  5.147  5.063  5.030  4.881  4.920  5.053  5.247  5.142  5.242  5.328  5.176  5.293  5.187  5.357  5.298  5.187  5.069  5.089
4.649  4.369  4.401  4.625  4.605  4.680  4.477  4.466  4.419  4.657  4.615  4.687  4.717  4.575  4.691  4.477  4.392  4.500  4.603  4.654  4.644  4.595  4.443  4.466  4.357  4.288  4.357  4.190  4.331  4.304  4.277  4.317  4.344  4.431  4.466  4.477  4.382  4.483  4.511  4.376  4.454  4.440
4.920  4.942  4.812  4.868  4.984  4.963  4.804  4.920  5.049  5.024  5.069  4.977  5.075  5.056  5.049  4.890  4.860  4.949  5.063  4.956  5.081  4.934  5.094  4.997  4.913  4.898  4.905  4.942  4.752  4.835  4.866  4.852  4.970  4.883  4.905  4.902  4.787  5.043  4.828  4.820  4.916  4.710
4.263  4.190  4.363  4.394  4.394  4.533  4.205  4.290  4.514  4.304  4.248  4.394  4.595  4.454  4.717  4.248  4.419  4.290  4.533  4.440  4.477  4.419  4.317  4.344  4.369  4.369  4.248  4.263  4.143  4.060  4.212  4.404  4.394  4.382  4.419  4.317  4.094  4.277  4.174  4.143  4.350  4.331
5.332  5.159  5.361  5.370  5.283  5.183  5.032  5.249  5.286  5.375  5.325  5.211  5.366  5.400  5.398  5.236  5.147  5.255  5.323  5.467  5.278  5.105  5.226  5.359  5.153  5.189  5.147  5.130  5.103  5.139  5.155  5.050  5.293  5.310  5.242  5.114  5.121  5.298  5.268  5.100  5.052  5.118
4.533  4.394  4.511  4.516  4.388  4.419  4.437  4.486  4.477  4.554  4.642  4.419  4.477  4.585  4.454  4.431  4.416  4.466  4.516  4.489  4.530  4.511  4.454  4.562  4.394  4.335  4.428  4.331  4.220  4.127  4.248  4.220  4.564  4.536  4.357  4.398  4.369  4.407  4.263  4.277  4.263  4.270
