4.595  4.466  4.500  4.328  4.344  4.452  4.585  4.466  4.573  4.583  4.416  4.595  4.680  4.443  4.718  4.605  4.509  4.331  4.454  4.489  4.615  4.575  4.416  4.522  4.407  4.382  4.407  4.277  4.190  4.304  4.317  4.407  4.304  4.407  4.483  4.419  4.407  4.331  4.443  4.317  4.407  4.431
4.977  4.926  4.927  4.748  4.875  4.832  5.115  4.926  4.898  5.130  4.952  5.024  5.011  4.970  5.100  4.898  4.796  4.997  4.913  5.017  5.094  5.124  4.905  4.956  4.828  4.875  4.898  4.700  4.745  4.812  4.828  4.868  4.920  4.820  4.942  4.806  4.875  4.905  4.820  4.730  4.590  4.786
3.555  3.459  3.611  3.466  3.497  3.526  3.638  3.638  3.584  3.459  3.367  3.555  3.689  3.761  3.611  3.466  3.526  3.578  3.526  3.584  3.632  3.570  3.584  3.526  3.434  3.611  3.332  3.459  3.332  3.497  3.526  3.584  3.490  3.401  3.526  3.497  3.475  3.555  4.078  3.332  3.526  3.466
3.932  3.824  3.807  3.839  3.784  3.892  3.714  3.784  3.892  3.989  3.807  4.078  3.912  3.871  4.043  3.871  3.850  3.871  3.850  4.043  3.892  3.761  3.888  3.898  3.807  3.850  3.932  3.664  3.738  3.738  3.892  3.850  3.846  3.592  3.850  3.696  3.829  3.912  3.908  3.638  3.784  3.807
3.912  4.043  3.947  3.908  3.829  4.290  3.970  3.871  3.867  4.060  4.078  4.205  4.025  4.043  4.007  3.807  3.877  3.784  3.951  4.025  3.970  3.871  3.807  3.761  3.807  3.829  3.780  3.738  3.784  3.871  3.768  3.912  3.807  3.871  3.947  3.807  3.951  3.689  3.738  3.802  3.871  3.738
4.304  4.248  4.103  4.143  4.277  4.227  4.159  4.248  4.290  4.290  4.190  4.431  4.331  4.220  4.382  4.277  4.119  4.174  4.317  4.308  4.234  4.277  4.317  4.248  4.078  4.007  4.094  4.143  4.197  3.961  4.143  4.248  4.159  4.159  4.174  4.174  4.094  4.248  4.277  4.143  3.989  4.205
4.331  4.143  4.111  3.912  4.078  3.970  3.871  4.007  3.951  4.091  3.882  4.060  4.205  4.031  4.143  3.932  4.043  3.867  4.174  4.205  4.205  3.970  3.951  4.007  4.013  3.961  4.007  4.060  3.938  3.951  3.850  4.007  3.867  3.970  4.143  3.871  4.007  3.871  3.942  3.989  3.951  3.829
3.985  3.912  3.898  3.714  3.877  4.078  4.127  3.807  3.976  4.060  3.733  4.007  4.022  3.892  4.143  3.902  3.928  3.761  4.007  4.111  4.025  3.951  4.025  3.951  4.043  3.892  4.043  3.802  3.664  3.922  3.807  3.850  4.016  3.850  3.850  3.970  3.932  3.912  3.824  3.784  3.761  3.807
5.577  5.226  5.455  5.525  5.481  5.472  5.418  5.485  5.609  5.666  5.476  5.620  5.577  5.366  5.606  5.318  5.342  5.182  5.537  5.505  5.442  5.464  5.273  5.347  5.308  5.293  5.403  5.226  5.118  5.204  5.251  5.270  5.342  5.455  5.491  5.371  5.361  5.293  5.297  5.323  5.220  5.416
5.303  4.877  4.883  4.984  4.984  5.375  4.984  4.860  5.085  5.069  5.050  5.124  5.166  4.836  5.159  4.828  4.883  4.828  4.963  5.024  4.970  5.017  4.796  4.949  4.710  4.736  5.075  4.819  4.691  4.769  4.898  4.934  4.900  4.820  5.159  4.844  4.804  4.804  4.727  4.864  4.718  4.887
5.416  5.220  5.628  5.373  5.434  5.394  5.333  5.273  5.569  5.808  5.517  5.682  5.425  5.361  5.446  5.288  5.288  5.236  5.667  5.541  5.438  5.531  5.366  5.545  5.397  5.267  5.318  5.323  5.428  5.425  5.342  5.308  5.398  5.412  5.380  5.505  5.252  5.320  5.270  5.402  5.413  5.375
5.833  5.749  6.082  5.730  5.973  5.948  5.811  5.930  6.205  6.394  6.198  6.371  6.068  5.886  6.154  5.844  5.743  5.835  6.098  5.994  5.923  5.908  5.771  6.019  5.714  5.778  5.703  5.759  5.838  6.064  5.793  5.749  5.969  5.883  5.914  6.068  5.756  5.710  5.772  5.733  5.939  5.753
5.502  5.293  5.521  5.407  5.517  5.642  5.403  5.434  5.424  5.710  5.513  5.580  5.472  5.434  5.568  5.321  5.281  5.497  5.451  5.389  5.496  5.361  5.327  5.318  5.198  5.182  5.292  5.263  5.004  5.204  5.298  5.283  5.517  5.342  5.375  5.425  5.106  5.338  5.363  5.344  5.344  5.361
6.209  5.922  6.380  6.163  6.100  6.480  6.215  6.082  6.537  6.534  6.184  6.269  6.245  6.054  6.502  6.292  6.033  6.127  6.209  6.127  6.443  6.094  6.016  6.354  5.971  5.897  5.930  5.908  5.749  6.146  5.962  5.903  6.337  6.066  6.028  6.054  6.025  5.932  6.059  6.043  6.268  6.016
3.401  3.526  3.497  3.611  3.714  3.401  3.584  3.584  3.555  3.578  3.466  3.570  3.664  3.584  3.807  3.555  3.526  3.497  3.401  3.689  3.761  3.611  3.578  3.401  3.367  3.584  3.466  3.434  3.332  3.497  3.296  3.526  3.526  3.535  3.367  3.466  3.332  3.434  3.367  3.258  3.481  3.434
3.714  3.658  3.738  3.829  3.807  3.802  3.850  3.892  3.757  3.892  3.584  3.871  3.871  3.871  3.871  3.761  3.733  3.664  3.738  3.970  3.908  3.784  3.597  3.638  3.738  3.638  3.664  3.638  3.466  3.584  3.802  3.638  3.738  3.784  3.555  3.807  3.818  3.738  3.784  3.526  3.709  3.807
4.127  4.290  4.248  4.260  4.174  4.290  4.369  4.220  4.205  4.263  4.094  4.331  4.472  4.449  4.486  4.220  4.270  4.174  4.344  4.234  4.522  4.443  4.425  4.477  4.220  4.260  4.234  4.007  4.060  4.277  4.190  4.094  4.263  4.304  4.315  4.331  4.357  4.234  4.263  4.248  4.159  4.182
4.344  4.394  4.394  4.382  4.369  4.337  4.477  4.443  4.489  4.595  4.477  4.533  4.796  4.605  4.682  4.407  4.431  4.466  4.522  4.511  4.635  4.635  4.357  4.575  4.428  4.288  4.369  4.248  4.260  4.344  4.469  4.538  4.469  4.543  4.554  4.481  4.382  4.407  4.344  4.304  4.288  4.431
6.818  6.541  6.798  6.791  6.795  6.774  6.707  6.790  6.729  6.900  6.650  6.835  6.828  6.661  6.837  6.678  6.615  6.837  6.864  6.923  6.829  6.671  6.672  6.727  6.622  6.638  6.640  6.604  6.509  6.570  6.621  6.628  6.757  6.741  6.760  6.714  6.686  6.775  6.758  6.752  6.629  6.767
6.722  6.423  6.603  6.703  6.612  6.641  6.480  6.646  6.554  6.714  6.707  6.667  6.777  6.666  6.714  6.562  6.469  6.713  6.742  6.783  6.708  6.585  6.724  6.697  6.465  6.425  6.438  6.504  6.323  6.430  6.485  6.418  6.592  6.589  6.571  6.586  6.520  6.649  6.600  6.625  6.433  6.568
3.671  3.784  3.761  3.738  3.835  3.714  3.829  3.780  3.857  3.802  3.912  3.829  4.127  4.205  4.048  3.761  3.784  3.871  3.871  4.007  3.970  3.850  3.664  4.078  3.824  3.780  3.829  3.714  3.824  3.651  3.714  3.761  3.721  3.689  3.761  3.689  3.784  3.632  3.664  3.807  3.846  3.757
3.638  3.526  3.709  3.780  3.638  3.611  3.761  3.664  3.689  3.829  3.611  3.761  3.850  3.867  3.970  3.651  3.912  3.664  3.867  4.007  3.912  3.709  3.497  4.040  3.721  3.584  3.664  3.555  3.664  3.555  3.611  3.761  3.584  3.664  3.871  3.555  3.497  3.689  3.555  3.578  3.555  3.780
