4.304  4.248  4.263  4.489  4.234  4.369  4.369  4.394  4.419  4.407  4.127  4.477  4.520  4.290  4.419  4.190  4.419  4.143  4.431  4.394  4.543  4.344  4.341  4.357  4.344  4.344  4.290  4.135  4.025  4.304  4.190  4.331  4.234  4.301  4.443  4.443  4.248  4.304  4.060  4.263  4.159  4.277
3.970  3.912  4.004  4.025  4.007  3.989  4.094  4.127  3.932  4.159  3.871  4.159  4.111  4.108  4.220  3.892  4.025  3.892  4.091  4.174  4.234  4.043  3.970  4.025  4.143  4.060  3.932  3.967  3.807  3.932  3.912  4.078  4.043  4.043  4.078  4.060  3.807  4.043  4.025  3.867  3.807  3.912
5.509  5.434  5.489  5.746  5.517  5.541  5.517  5.583  5.687  5.720  5.434  5.737  5.576  5.434  5.509  5.306  5.454  5.338  5.793  5.697  5.656  5.485  5.433  5.338  5.682  5.501  5.268  5.357  5.176  5.218  5.380  5.380  5.541  5.501  5.545  5.447  5.323  5.551  5.468  5.293  5.517  5.694
5.327  5.209  5.263  5.373  5.204  5.204  5.278  5.332  5.501  5.384  5.126  5.472  5.288  5.106  5.239  5.083  5.246  5.009  5.398  5.411  5.407  5.267  5.075  5.099  5.347  5.236  5.043  5.045  4.860  4.990  5.143  5.100  5.268  5.333  5.283  5.176  5.069  5.236  5.056  5.050  5.124  5.278
4.885  4.595  4.890  4.898  4.765  5.138  4.879  4.824  4.927  4.868  4.771  4.940  5.017  4.913  4.860  4.739  4.533  4.909  4.820  4.890  4.820  4.745  4.657  5.086  4.691  4.564  4.644  4.522  4.324  4.585  4.687  4.500  4.682  4.509  4.595  4.564  4.726  4.635  4.736  4.794  4.625  4.585
4.620  4.428  4.700  4.868  4.573  4.543  4.505  4.564  4.754  4.820  4.792  4.663  4.644  4.796  4.727  4.662  4.344  4.796  4.635  4.533  4.682  4.644  4.635  4.564  4.407  4.331  4.394  4.443  4.394  4.466  4.613  4.443  4.505  4.443  4.575  4.516  4.511  4.443  4.475  4.530  4.605  4.369
4.425  4.407  4.454  4.317  4.317  4.533  4.454  4.304  4.533  4.341  4.159  4.477  4.654  4.590  4.585  4.311  4.452  4.304  4.511  4.564  4.654  4.466  4.369  4.509  4.392  4.263  4.369  4.234  4.159  4.248  4.344  4.369  4.344  4.500  4.413  4.382  4.367  4.324  4.317  4.274  4.407  4.394
4.290  4.263  4.394  4.171  4.263  4.522  4.477  4.143  4.659  4.489  4.111  4.454  4.394  4.317  4.623  4.290  4.135  4.481  4.454  4.382  4.585  4.398  4.315  4.625  4.234  4.094  4.174  4.111  4.111  4.304  4.127  4.174  4.394  4.277  4.190  4.220  4.246  4.263  4.159  4.078  4.369  4.234
4.989  4.804  4.919  4.949  4.920  4.942  4.756  4.836  4.682  4.945  4.812  4.836  5.009  4.937  5.165  4.787  4.794  4.796  4.836  4.905  5.077  4.942  5.017  4.898  4.804  4.691  4.635  4.654  4.585  4.573  4.718  4.942  4.890  4.860  4.924  4.970  4.949  5.139  5.063  4.828  4.727  4.625
4.202  4.248  4.025  4.094  4.127  4.317  4.159  4.174  4.205  4.331  4.331  4.431  4.277  4.217  4.533  4.159  4.220  3.951  4.277  4.263  4.394  4.190  4.382  4.263  4.205  3.850  4.094  4.025  4.060  3.970  4.248  4.074  4.148  4.304  4.304  4.407  4.066  4.174  4.263  4.151  4.040  4.052
4.290  4.392  4.373  4.263  4.407  4.380  4.159  4.060  4.317  4.361  4.564  4.413  4.454  4.522  4.454  4.290  4.174  4.234  4.559  4.522  4.522  4.654  4.603  4.802  4.111  4.263  4.486  4.256  4.190  4.220  4.094  4.220  4.143  4.308  4.277  4.234  4.248  4.167  4.317  4.205  4.382  4.094
4.025  3.892  3.932  4.179  4.040  3.932  4.043  4.007  3.970  4.140  4.094  4.048  4.143  3.951  4.190  3.951  4.025  4.025  4.025  4.143  4.212  4.205  4.025  4.127  3.970  3.871  4.031  3.850  3.824  3.989  3.850  3.989  3.912  4.043  3.970  4.086  3.970  3.892  4.052  3.970  3.738  4.043
4.369  4.382  4.304  4.618  4.382  4.357  4.382  4.205  4.304  4.443  4.466  4.443  4.373  4.344  4.248  4.238  4.220  4.187  4.382  4.304  4.593  4.060  4.295  4.564  4.357  4.248  4.331  4.331  4.135  4.094  4.111  4.143  4.489  4.354  4.500  4.234  4.143  4.234  4.317  4.043  4.382  4.094
4.220  4.111  4.094  4.234  4.304  4.205  4.174  4.277  4.078  4.234  4.234  4.238  4.260  4.190  4.431  4.086  4.304  4.382  4.388  4.344  4.331  4.231  4.159  4.220  4.220  3.970  4.143  3.989  3.922  3.829  4.007  3.951  4.335  4.308  4.449  4.290  4.234  4.043  4.031  4.025  4.060  4.248
6.537  6.306  6.529  6.572  6.545  6.586  6.494  6.529  6.528  6.588  6.521  6.572  6.594  6.510  6.618  6.414  6.402  6.515  6.688  6.641  6.544  6.452  6.449  6.405  6.426  6.362  6.349  6.387  6.130  6.349  6.393  6.380  6.499  6.526  6.528  6.463  6.356  6.542  6.503  6.377  6.497  6.519
5.826  5.714  5.884  5.869  5.730  5.740  5.655  5.707  5.756  5.866  5.768  5.924  5.841  5.694  5.900  5.630  5.606  5.766  5.900  5.866  5.908  5.663  5.795  5.746  5.591  5.670  5.606  5.691  5.328  5.594  5.580  5.656  5.781  5.685  5.677  5.802  5.680  5.835  5.710  5.638  5.661  5.762
5.050  4.977  5.004  4.963  4.965  5.017  4.843  4.970  4.926  5.100  5.136  5.088  5.236  5.215  5.152  4.973  4.927  5.085  5.075  5.192  5.100  4.963  4.970  5.094  4.977  4.934  4.850  4.762  4.756  4.727  5.053  4.852  4.999  5.014  5.088  4.956  4.745  5.118  5.030  4.902  4.963  4.970
4.605  4.671  4.595  4.654  4.559  4.564  4.443  4.489  4.543  4.736  4.754  4.564  4.866  4.860  4.682  4.585  4.593  4.357  4.615  4.754  4.682  4.649  4.673  4.635  4.477  4.522  4.454  4.466  4.304  4.331  4.500  4.419  4.625  4.595  4.500  4.477  4.483  4.714  4.498  4.527  4.369  4.615
5.288  5.204  5.204  5.333  5.394  5.316  5.425  5.502  5.447  5.762  5.580  5.684  6.035  5.875  6.122  6.182  6.111  6.351  5.398  5.468  5.500  5.298  5.136  5.438  5.182  5.142  5.081  5.111  4.990  5.030  5.075  5.209  5.411  5.342  5.219  5.241  5.168  5.242  5.124  5.017  5.252  5.149
4.961  4.844  4.920  4.961  4.990  4.836  4.745  4.875  4.913  5.037  4.970  4.984  5.030  5.100  5.100  4.860  4.905  4.956  5.004  5.043  5.169  5.037  4.736  4.927  4.794  4.852  4.762  4.644  4.585  4.682  4.754  4.924  4.852  4.890  4.890  4.815  4.714  4.852  4.927  4.800  4.796  4.782
4.317  4.290  4.311  4.357  4.234  4.234  4.078  4.205  4.246  4.335  4.205  4.290  4.324  4.241  4.573  4.187  4.187  4.386  4.253  4.498  4.174  4.260  4.127  4.344  4.127  4.187  4.111  4.103  4.078  4.127  4.078  4.182  4.460  4.202  4.234  4.119  3.951  4.277  4.127  4.094  4.140  4.132
4.060  3.970  4.091  4.108  4.025  3.892  4.151  4.187  4.127  4.048  4.074  4.078  4.159  4.151  4.277  3.784  3.892  4.004  4.094  4.108  4.205  4.025  3.989  4.066  3.989  3.932  4.013  3.829  3.938  4.013  3.784  3.784  4.025  4.091  4.234  3.951  3.912  3.938  3.970  3.951  4.052  3.951
