5.485  5.292  5.442  5.176  5.352  5.628  5.429  5.389  5.525  5.541  5.303  5.429  5.617  5.485  5.561  5.349  5.434  5.447  5.568  5.394  5.545  5.361  5.352  5.421  5.209  5.170  5.086  5.278  5.088  4.984  4.982  5.118  5.165  5.472  5.333  5.460  5.472  5.308  5.236  5.257  5.094  5.394
3.526  3.401  3.555  3.332  3.638  3.466  3.664  3.689  3.689  3.611  3.466  3.584  3.761  3.689  3.888  3.714  3.434  3.709  3.638  3.757  3.689  3.784  3.550  3.555  3.490  3.597  3.497  3.526  3.434  3.497  3.526  3.428  3.466  3.497  3.555  3.605  3.434  3.497  3.497  3.296  3.401  3.578
5.384  5.239  5.259  5.124  5.252  5.377  5.247  5.193  5.412  5.481  5.394  5.421  5.429  5.429  5.485  5.421  4.965  5.323  5.374  5.165  5.130  5.099  5.142  5.252  5.153  5.182  5.338  5.352  4.927  5.135  5.212  4.879  5.176  5.019  5.165  5.351  5.278  5.257  5.130  5.247  5.176  5.209
4.094  4.143  4.052  4.016  4.078  4.025  4.060  4.043  4.094  4.220  4.078  4.143  4.274  4.094  4.290  4.205  4.022  3.871  4.143  4.277  4.290  4.069  4.212  4.111  3.850  3.989  4.043  3.932  3.985  3.908  4.190  4.007  4.025  4.043  4.078  4.078  3.892  4.124  3.912  3.892  4.016  3.871
5.170  4.852  5.114  4.875  5.088  5.170  5.112  5.226  5.204  5.429  5.037  5.252  5.247  5.108  5.112  5.024  4.844  5.043  5.247  5.043  5.030  5.030  5.040  4.915  4.977  5.159  4.977  4.875  4.929  5.026  4.864  4.889  4.905  5.063  5.100  5.077  5.027  4.997  4.775  5.001  4.836  5.147
3.795  3.829  3.780  3.714  3.912  3.714  3.957  3.892  3.850  3.807  4.034  4.069  3.951  3.908  3.871  3.829  3.784  3.714  3.970  4.025  3.892  3.892  3.761  3.888  4.022  3.784  3.638  3.773  3.611  3.802  3.664  3.850  3.664  3.738  3.738  3.861  3.757  3.684  3.714  3.912  3.664  3.892
6.480  6.328  6.293  6.138  6.323  6.368  6.288  6.353  6.463  6.628  6.395  6.454  6.458  6.409  6.448  6.318  6.041  6.349  6.510  6.267  6.212  6.238  6.415  6.323  6.211  6.265  6.236  6.236  6.021  6.142  6.332  5.989  6.198  6.333  6.271  6.242  6.250  6.246  6.250  6.263  6.038  6.287
3.932  3.967  3.970  3.714  3.807  3.807  4.007  3.951  4.025  3.932  4.025  4.069  3.932  3.932  4.094  3.871  3.871  3.892  4.111  3.970  4.074  3.932  3.951  3.902  3.818  3.871  3.912  3.829  3.714  3.784  3.932  3.985  3.829  3.867  3.970  3.970  3.877  3.802  3.761  3.871  3.664  3.709
5.869  5.814  5.717  4.836  5.928  6.040  5.796  5.774  5.802  5.844  5.242  5.883  6.075  6.031  6.011  5.849  5.585  5.935  5.927  5.697  5.838  5.823  5.898  5.875  5.612  5.704  5.826  5.788  5.451  5.656  5.899  5.583  5.546  5.781  5.793  5.849  5.855  5.659  5.322  5.864  5.429  5.746
4.554  4.823  4.449  3.898  4.754  4.673  4.533  4.644  4.691  4.543  3.664  4.552  4.881  4.828  4.875  4.554  4.520  4.745  4.533  4.543  4.585  4.779  4.933  4.875  4.522  4.615  4.498  4.562  4.277  4.615  4.718  4.511  4.394  4.625  4.796  4.700  4.790  4.277  3.970  4.718  4.382  4.443
4.926  4.625  4.754  4.511  4.883  4.718  4.567  4.820  4.831  4.984  4.836  4.916  4.966  4.812  4.875  4.717  4.605  4.796  4.927  4.754  4.727  4.585  4.554  4.522  4.603  4.802  4.644  4.509  4.500  4.454  4.466  4.654  4.613  4.625  4.575  4.714  4.583  4.786  4.605  4.615  4.407  4.682
3.738  3.761  3.466  3.526  3.757  3.664  3.605  3.611  3.689  3.780  3.584  3.738  3.961  3.850  3.898  3.584  3.714  3.624  3.761  3.932  3.738  3.689  3.714  3.835  3.664  3.564  3.611  3.738  3.638  3.555  3.664  3.780  3.780  3.684  3.584  3.689  3.584  3.526  3.638  3.584  3.584  3.611
5.152  5.094  4.875  5.123  5.226  5.268  4.700  5.182  5.187  5.338  5.126  5.328  5.298  5.263  5.371  4.970  4.812  5.112  5.143  5.153  4.904  4.997  4.934  4.970  5.069  5.030  4.938  5.050  4.575  4.543  4.977  4.779  4.956  4.875  4.844  5.050  4.949  5.215  5.088  5.142  4.883  5.111
4.489  4.234  4.234  4.301  4.317  4.407  4.246  4.295  4.454  4.331  4.295  4.357  4.407  4.472  4.554  4.297  4.344  4.407  4.407  4.304  4.419  4.369  4.277  4.290  4.190  4.290  4.143  4.234  3.989  4.060  4.159  4.290  4.060  4.357  4.317  4.394  4.159  4.369  4.290  4.248  4.127  4.224
5.787  5.749  5.700  5.687  5.731  5.820  5.565  5.684  5.645  5.930  5.811  5.793  5.852  5.771  5.861  5.724  5.398  5.737  5.849  5.662  5.633  5.535  5.736  5.656  5.686  5.533  5.553  5.659  5.561  5.537  5.679  5.357  5.598  5.661  5.602  5.580  5.631  5.958  5.762  5.677  5.501  5.552
3.714  3.867  3.932  3.882  3.871  3.761  3.761  3.892  3.761  3.850  3.784  3.829  4.119  3.989  4.007  3.761  3.908  3.689  3.942  3.892  3.912  3.877  3.871  3.892  3.658  3.928  3.850  3.664  3.526  3.611  3.912  3.761  3.912  3.584  3.738  3.829  3.689  3.761  3.664  3.733  3.784  3.871
6.038  5.725  5.792  5.746  5.824  5.768  5.730  5.762  5.957  5.914  5.765  5.841  5.972  5.835  5.932  5.690  5.724  5.793  5.836  5.930  5.710  5.678  5.775  5.835  5.918  5.811  5.790  5.796  5.733  5.576  5.690  5.751  5.820  5.789  5.846  5.762  5.746  5.743  5.793  5.894  5.731  5.768
4.382  4.277  4.477  4.419  4.466  4.357  4.394  4.533  4.792  4.585  4.475  4.546  4.615  4.564  4.494  4.190  4.431  4.290  4.428  4.605  4.382  4.344  4.398  4.511  5.043  4.477  4.443  4.331  4.428  4.369  4.335  4.277  4.394  4.234  4.344  4.357  4.304  4.260  4.357  4.434  4.234  4.304
5.799  5.690  5.707  5.765  5.730  5.841  5.647  5.752  5.829  5.799  5.799  5.796  5.932  5.674  5.875  5.628  5.638  5.799  5.844  5.743  5.796  5.676  5.687  5.787  5.720  5.794  5.541  5.749  5.487  5.582  5.606  5.617  5.841  5.805  5.717  5.737  5.881  5.737  5.686  5.787  5.737  5.805
4.671  4.736  4.700  4.736  4.820  4.787  4.745  4.754  4.700  4.745  4.710  4.762  4.836  4.875  4.727  4.595  4.575  4.762  4.804  4.868  5.029  4.754  4.844  4.762  4.654  4.730  4.694  4.610  4.511  4.615  4.673  4.649  4.718  4.828  4.820  4.760  4.644  4.644  4.647  4.673  4.564  4.783
5.063  4.828  4.862  5.081  4.934  4.883  4.832  4.848  4.852  4.913  4.913  4.909  4.956  4.952  4.942  4.792  4.796  4.990  5.049  5.030  5.081  4.860  4.708  5.030  4.754  4.787  4.804  4.812  4.638  4.625  4.850  4.726  5.037  4.794  4.787  4.963  4.875  4.984  4.875  4.771  4.796  4.868
4.234  4.234  4.248  4.248  4.143  4.127  3.871  3.951  4.217  4.174  4.220  4.205  4.143  4.220  4.350  4.040  4.304  4.151  4.288  4.404  4.394  4.304  4.116  4.220  4.007  4.108  4.234  3.970  3.850  3.738  4.132  4.174  4.248  4.127  4.205  4.078  4.043  4.159  4.317  4.060  4.094  4.043
