6.642  6.344  6.611  6.406  6.573  6.642  6.558  6.649  6.664  6.742  6.605  6.708  6.700  6.561  6.663  6.531  6.397  6.567  6.676  6.496  6.548  6.452  6.413  6.472  6.394  6.516  6.494  6.585  6.292  6.482  6.567  6.366  6.400  6.526  6.586  6.529  6.516  6.516  6.471  6.577  6.538  6.579
4.595  4.263  4.511  4.277  4.394  4.382  4.477  4.431  4.663  4.564  4.511  4.543  4.559  4.585  4.659  4.431  4.472  4.527  4.522  4.317  4.615  4.498  4.431  4.419  4.363  4.369  4.407  4.458  4.407  4.394  4.530  4.290  4.431  4.477  4.344  4.511  4.466  4.580  4.277  4.344  4.369  4.431
6.118  5.901  5.976  5.991  5.999  6.083  6.084  6.075  6.103  6.182  6.142  6.159  6.246  6.157  6.223  6.109  5.974  6.056  6.168  6.064  6.223  6.004  6.027  6.005  6.004  5.905  5.905  5.897  5.786  5.892  6.014  5.924  5.983  5.990  5.964  6.071  6.040  6.033  5.971  5.953  5.981  5.998
5.176  4.977  5.069  5.100  5.106  5.024  5.081  5.159  5.081  5.118  5.347  5.081  5.182  5.173  5.242  5.136  4.970  5.096  5.081  5.165  5.170  4.984  4.977  5.169  4.949  4.920  5.037  4.812  4.868  4.927  4.956  4.977  4.905  4.942  5.004  4.905  4.956  5.045  4.963  4.997  4.844  5.061
5.737  5.398  5.492  5.442  5.635  5.684  5.529  5.638  5.501  5.775  5.737  5.659  5.717  5.668  5.790  5.485  5.298  5.595  5.595  5.412  5.606  5.182  5.541  5.357  5.412  5.366  5.418  5.513  5.159  5.208  5.406  5.169  5.268  5.572  5.380  5.442  5.455  5.457  5.541  5.617  5.193  5.498
4.644  4.889  4.620  4.654  4.754  4.812  4.794  4.633  4.920  4.979  4.905  4.898  5.011  4.852  5.011  4.762  4.583  4.808  4.836  4.723  4.913  4.905  4.844  4.868  4.538  4.570  4.659  4.663  4.489  4.573  4.723  4.668  4.520  4.718  4.649  4.754  4.844  4.644  4.682  4.673  4.489  4.625
6.380  5.985  6.255  6.198  6.229  6.206  6.161  6.230  6.238  6.360  6.279  6.320  6.356  6.142  6.230  6.051  6.111  6.141  6.312  6.282  6.217  6.109  6.091  6.112  6.016  6.138  6.052  6.084  5.886  6.146  6.076  6.133  6.117  6.116  6.178  6.097  6.128  6.218  6.156  6.170  6.100  6.207
6.228  5.916  6.111  6.068  6.146  6.207  6.125  6.162  6.194  6.320  6.225  6.216  6.250  6.092  6.153  6.096  6.080  6.115  6.267  6.165  6.192  6.076  6.075  6.111  6.023  6.068  5.991  5.969  5.886  5.930  6.082  5.940  6.056  6.050  6.091  6.110  6.048  6.116  6.040  6.082  6.019  6.086
6.491  6.310  6.214  6.261  6.432  6.441  6.209  6.204  6.227  6.387  6.399  6.409  6.535  6.462  6.454  6.297  6.059  6.351  6.446  6.344  6.182  6.182  6.306  6.261  6.228  6.165  6.202  6.380  6.068  6.091  6.138  5.945  6.059  6.054  6.028  6.016  6.229  6.331  6.314  6.398  6.170  6.230
5.094  5.042  4.990  4.920  5.023  5.100  4.972  4.904  4.945  5.204  5.226  5.030  5.272  5.146  5.231  5.024  4.836  5.007  5.017  5.011  5.024  4.949  5.009  5.063  4.743  4.836  4.883  4.924  4.691  4.844  5.017  4.868  4.762  4.836  4.796  4.905  4.852  5.075  5.004  4.990  4.673  4.710
6.609  6.253  6.390  6.273  6.554  6.439  6.180  6.392  6.402  6.572  6.569  6.500  6.613  6.457  6.497  6.315  6.129  6.550  6.489  6.463  6.157  6.138  6.215  6.269  6.211  6.422  6.275  6.431  6.159  6.177  6.213  5.943  6.254  6.407  6.232  6.299  6.335  6.489  6.434  6.475  6.170  6.388
5.429  5.230  5.215  5.036  5.268  5.293  5.182  5.094  5.347  5.375  5.359  5.442  5.485  5.384  5.361  5.306  5.063  5.225  5.338  5.283  5.277  5.017  5.192  5.130  5.017  5.207  5.241  5.127  4.977  4.874  5.069  4.820  5.081  5.124  5.081  5.231  5.182  5.182  5.108  5.223  4.977  5.118
5.891  5.784  5.642  5.714  5.864  5.876  5.580  5.793  5.690  5.927  5.869  5.866  5.877  5.924  5.878  5.713  5.435  5.894  5.761  5.846  5.661  5.595  5.743  5.774  5.576  5.710  5.611  5.718  5.361  5.509  5.649  5.434  5.666  5.640  5.572  5.700  5.709  5.811  5.814  5.838  5.594  5.680
5.263  5.357  5.106  5.384  5.198  5.354  5.455  5.112  5.347  5.440  5.347  5.425  5.454  5.422  5.481  5.238  5.252  5.242  5.429  5.318  5.553  5.525  5.455  5.447  5.208  5.247  5.204  5.112  5.043  5.043  5.247  5.328  5.249  5.283  5.366  5.165  5.219  5.264  5.158  5.074  5.170  5.081
6.134  5.765  5.903  5.894  6.057  6.050  5.652  5.948  5.994  6.148  5.981  6.066  6.227  6.111  5.994  5.771  5.606  6.040  6.033  6.066  5.731  5.645  5.805  5.737  5.733  5.966  5.694  5.916  5.533  5.587  5.775  5.476  5.871  5.883  5.670  5.864  5.714  6.014  5.948  6.073  5.790  6.033
4.407  4.317  4.407  4.407  4.369  4.357  4.431  4.477  4.536  4.635  4.511  4.500  4.771  4.533  4.562  4.277  4.394  4.369  4.511  4.642  4.434  4.431  4.344  4.543  4.511  4.489  4.466  4.220  4.317  4.205  4.220  4.317  4.331  4.437  4.277  4.663  4.331  4.382  4.443  4.466  4.348  4.511
6.540  6.248  6.292  6.361  6.431  6.413  6.205  6.382  6.215  6.504  6.439  6.368  6.526  6.332  6.516  6.304  6.094  6.443  6.486  6.477  6.400  6.269  6.387  6.372  6.150  6.222  6.235  6.320  6.045  6.144  6.197  6.131  6.397  6.280  6.282  6.313  6.252  6.483  6.424  6.415  6.286  6.335
5.193  5.198  5.136  5.361  5.037  5.182  5.105  5.106  5.204  5.236  5.270  5.118  5.352  5.187  5.231  5.030  5.130  5.165  5.209  5.278  5.352  5.037  5.176  5.301  5.034  5.106  5.111  4.984  4.927  4.977  5.124  4.968  5.126  4.977  5.050  5.063  4.898  5.263  5.136  5.024  5.075  5.030
5.037  4.926  4.949  4.927  5.178  5.189  4.963  4.972  5.037  4.963  5.011  5.136  5.176  5.182  5.153  4.924  4.771  5.056  5.069  5.106  5.030  4.883  4.970  4.905  4.954  5.017  4.989  5.004  4.663  4.762  4.889  4.858  4.949  4.942  4.956  5.007  4.812  5.153  4.997  5.112  4.828  5.001
6.098  5.993  6.094  6.084  6.125  6.084  5.964  6.062  6.054  6.178  6.142  6.155  6.224  6.122  6.109  6.041  5.918  6.125  6.170  6.280  6.078  6.026  5.968  6.064  5.979  6.047  6.001  5.892  5.882  5.937  6.035  5.911  6.100  6.023  5.999  6.096  6.012  6.050  6.026  6.016  5.971  6.066
3.932  3.932  4.043  3.970  4.034  3.970  3.932  4.025  4.108  3.951  4.057  3.951  4.078  4.111  4.304  3.871  3.892  4.119  4.127  4.060  4.263  3.989  4.025  4.025  3.912  4.111  3.757  3.829  3.714  4.043  3.871  4.025  3.947  3.970  3.989  3.784  3.967  3.932  3.829  3.638  3.951  3.932
4.852  4.954  4.984  5.024  5.030  4.989  5.056  4.989  5.043  5.013  4.982  5.043  5.017  5.011  5.075  4.942  4.913  4.920  4.927  5.024  5.153  5.135  5.106  5.136  4.952  4.990  4.905  4.718  4.816  4.934  4.875  4.798  4.977  5.043  4.945  4.956  4.934  4.996  4.990  5.165  4.820  4.868
