5.198  5.434  4.691  4.812  5.080  5.088  5.438  4.483  5.328  5.521  5.313  5.283  5.204  5.263  5.136  5.209  4.074  4.905  4.304  4.564  5.288  5.193  5.323  5.185  4.585  5.081  4.952  5.009  4.796  4.844  4.745  4.977  4.220  4.956  5.209  5.204  5.242  4.820  4.745  4.868  4.828  4.554
4.419  4.205  4.263  4.511  4.407  4.317  4.304  4.143  4.317  4.654  4.477  4.511  4.466  4.394  4.392  4.357  3.892  4.156  4.078  4.575  4.344  4.220  4.174  4.190  4.220  4.220  4.094  4.143  3.714  3.951  4.256  4.159  4.094  4.187  4.277  4.248  4.190  4.190  4.174  4.190  4.234  4.317
5.587  5.247  5.361  5.246  5.488  5.434  5.317  5.335  5.631  5.609  5.426  5.442  5.421  5.468  5.451  5.364  5.193  5.366  5.468  5.347  5.366  5.215  5.273  5.247  5.275  5.407  5.283  5.196  4.942  5.135  5.176  5.030  5.176  5.403  5.338  5.313  5.263  5.226  5.276  5.464  5.315  5.394
4.942  4.663  4.575  4.868  4.663  4.787  5.011  4.811  4.860  5.011  4.934  4.844  5.017  4.860  4.883  4.874  4.836  4.771  4.931  4.894  4.934  4.835  4.852  4.736  4.898  4.773  4.700  4.585  4.522  4.754  4.511  4.786  4.754  4.794  4.942  4.883  4.673  4.605  4.754  4.673  4.511  4.828
5.617  5.198  5.434  5.268  5.364  5.476  5.222  5.495  5.395  5.617  5.576  5.533  5.542  5.489  5.574  5.257  4.951  5.425  5.380  5.357  5.283  5.170  5.226  5.145  5.206  5.283  5.175  5.257  4.913  5.156  5.169  4.836  5.278  5.263  5.170  5.342  5.342  5.375  5.215  5.257  5.069  5.468
3.912  3.850  3.761  3.871  3.892  4.052  3.951  4.043  4.103  4.143  3.829  4.094  4.057  3.998  4.057  4.060  3.829  3.892  4.004  3.951  4.248  3.807  3.829  3.888  3.761  3.738  3.714  3.871  3.689  3.689  3.714  3.761  3.932  3.892  3.912  3.871  3.638  3.932  3.738  3.664  3.709  3.829
4.730  4.511  4.736  4.357  4.787  4.816  4.727  4.625  4.779  4.682  4.625  4.700  4.446  5.029  5.011  4.913  4.394  4.745  4.749  4.541  4.754  4.718  4.820  4.779  4.575  4.633  4.718  4.710  4.554  4.522  4.654  4.382  4.466  4.691  4.443  4.804  4.583  4.875  4.593  4.736  4.475  4.700
3.258  3.367  3.466  3.332  3.367  3.401  3.332  3.526  3.497  3.497  3.367  3.497  3.584  3.611  3.611  3.497  3.584  3.428  3.611  3.638  3.434  3.497  3.466  3.466  3.466  3.466  3.611  3.401  3.401  3.444  3.526  3.912  3.367  3.466  3.520  3.434  3.296  3.555  3.332  3.288  3.367  3.526
4.723  4.638  4.554  4.533  4.779  4.779  4.691  4.771  4.633  4.887  4.915  4.727  4.877  4.828  4.835  4.769  4.541  4.852  4.898  4.671  4.575  4.625  4.708  4.736  4.290  4.644  4.657  4.625  4.625  4.554  4.633  4.394  4.625  4.583  4.509  4.615  4.700  4.585  4.736  4.625  4.431  4.595
4.654  4.562  4.575  4.522  4.554  4.419  4.605  4.554  4.644  4.710  4.511  4.625  4.610  4.644  4.796  4.554  4.419  4.736  4.691  4.620  4.654  4.522  4.505  4.754  4.575  4.554  4.630  4.443  4.605  4.394  4.407  4.605  4.477  4.638  4.625  4.685  4.554  4.407  4.419  4.511  4.407  4.600
4.868  4.585  4.682  4.671  4.771  4.812  4.635  4.796  4.623  4.852  4.721  4.787  4.963  4.836  4.856  4.644  4.682  4.736  4.762  4.546  4.682  4.615  4.812  4.575  4.511  4.590  4.663  4.691  4.500  4.635  4.593  4.527  4.533  4.654  4.642  4.699  4.699  4.682  4.625  4.652  4.394  4.511
3.466  3.664  3.526  3.689  3.555  3.689  3.664  3.761  3.768  3.784  3.526  3.555  3.664  3.912  3.850  3.611  3.611  3.555  3.638  3.738  3.714  3.871  3.689  3.738  3.466  3.497  3.526  3.555  3.401  3.714  3.490  3.584  3.611  3.638  3.466  3.638  3.664  3.555  3.367  3.535  3.360  3.611
5.574  5.204  5.333  5.263  5.384  5.485  5.187  5.407  5.347  5.497  5.447  5.537  5.552  5.442  5.418  5.220  4.905  5.537  5.389  5.398  5.078  4.942  5.252  5.170  4.916  5.204  5.165  5.318  4.700  4.868  5.178  4.700  5.165  5.074  5.024  5.136  5.198  5.361  5.398  5.380  4.966  5.303
3.989  4.043  4.025  3.784  3.970  3.951  3.970  4.190  3.989  4.217  4.382  4.234  4.277  4.369  4.317  4.060  3.989  4.060  3.970  3.989  4.151  3.829  4.025  4.108  3.784  3.912  3.912  4.025  3.985  3.807  3.928  3.932  3.989  3.970  3.867  4.078  3.989  3.761  3.912  3.689  3.871  3.784
5.489  5.196  5.293  5.277  5.234  5.298  5.313  5.252  5.328  5.252  5.281  5.394  5.442  5.371  5.447  5.124  5.146  5.254  5.359  5.444  5.204  5.226  5.172  5.142  5.272  5.396  5.225  5.043  5.220  5.088  5.236  5.182  5.298  5.283  5.231  5.126  5.290  5.226  5.197  5.204  5.185  5.262
4.443  4.543  4.382  4.354  4.413  4.522  4.585  4.466  4.522  4.549  4.295  4.625  4.727  4.635  4.625  4.500  4.394  4.422  4.554  4.554  4.533  4.277  4.431  4.454  4.472  4.605  4.440  4.361  4.382  4.443  4.308  4.111  4.337  4.564  4.472  4.369  4.407  4.321  4.057  4.234  4.331  4.344
5.328  4.959  5.118  5.069  5.068  5.124  5.080  5.203  5.106  5.152  5.193  5.165  5.263  5.143  5.252  5.170  4.956  5.215  5.165  5.142  5.182  5.063  4.963  5.153  5.050  5.220  5.024  5.063  4.850  4.779  5.004  4.956  4.990  5.037  5.133  5.017  4.977  5.182  5.037  5.153  5.037  5.170
4.533  4.248  4.304  4.290  4.315  4.267  4.220  4.290  4.234  4.489  4.498  4.344  4.564  4.428  4.543  4.290  4.281  4.277  4.270  4.304  4.263  4.205  4.263  4.171  4.369  4.270  4.317  4.304  4.187  4.099  4.357  4.159  4.231  4.290  4.277  4.212  4.187  4.248  4.127  4.234  4.111  4.284
5.158  5.254  5.283  5.152  5.215  5.256  5.100  5.298  5.220  5.273  5.225  5.429  5.346  5.328  5.472  5.140  5.123  5.231  5.242  5.182  5.360  5.142  5.303  5.214  5.133  5.037  5.021  5.142  4.956  5.004  5.037  5.004  5.226  5.176  5.169  5.136  5.142  5.288  5.153  5.231  5.193  5.318
4.575  4.511  4.557  4.392  4.469  4.718  4.575  4.477  4.595  4.625  4.575  4.625  4.820  4.662  4.718  4.419  4.500  4.522  4.654  4.615  4.620  4.500  4.505  4.500  4.373  4.673  4.394  4.654  4.317  4.494  4.367  4.464  4.498  4.564  4.331  4.477  4.344  4.585  4.443  4.477  4.522  4.527
4.392  4.143  4.382  4.248  4.328  4.466  4.270  4.288  4.615  4.220  4.394  4.304  4.419  4.369  4.595  4.277  4.357  4.369  4.369  4.419  4.489  4.344  4.394  4.511  4.290  4.270  4.304  4.220  4.217  4.234  4.361  4.234  4.477  4.234  4.148  4.477  4.354  4.331  4.357  4.331  4.174  4.190
3.912  3.989  3.908  4.025  3.970  3.951  3.951  4.007  3.989  3.989  4.022  4.111  4.025  4.179  4.025  4.094  3.912  3.970  4.004  4.078  4.078  4.025  4.007  3.989  3.888  3.947  4.043  3.784  4.007  3.802  3.850  3.957  3.970  3.970  4.007  3.761  3.780  3.871  3.761  3.892  3.850  3.807
