5.924  5.841  5.804  5.655  5.775  5.948  5.861  5.861  5.866  5.852  5.912  5.888  5.935  5.872  5.831  5.762  5.549  5.942  5.858  5.790  5.768  5.680  5.749  5.717  5.600  5.736  5.730  5.746  5.561  5.699  5.727  5.455  5.552  5.647  5.692  5.684  5.787  5.790  5.741  5.878  5.649  5.720
4.520  4.635  4.608  4.404  4.466  4.727  4.682  4.575  4.654  4.708  4.635  4.677  4.777  4.635  4.718  4.533  4.481  4.533  4.522  4.489  4.662  4.533  4.585  4.712  4.394  4.483  4.554  4.431  4.348  4.630  4.564  4.443  4.369  4.481  4.382  4.605  4.710  4.489  4.431  4.595  4.315  4.511
5.989  5.852  5.879  5.858  5.938  5.962  5.940  5.968  6.042  6.131  6.029  6.100  6.109  6.047  6.038  5.949  5.776  6.033  6.076  5.889  5.979  5.914  5.895  5.799  5.979  5.969  5.894  5.832  5.598  5.789  5.829  5.666  5.686  5.953  5.991  5.943  5.787  5.938  5.826  6.023  5.676  6.016
4.248  4.290  4.197  4.171  4.140  4.127  4.277  4.156  4.159  4.159  4.190  4.290  4.511  4.434  4.369  4.348  4.159  4.159  4.111  4.094  4.263  4.205  4.159  4.290  4.241  4.127  4.220  4.043  4.034  4.057  4.288  4.108  4.078  4.234  4.127  4.220  4.094  4.111  4.159  4.159  3.989  4.190
5.648  5.231  5.841  5.563  5.720  5.753  5.565  5.759  5.753  5.911  5.617  5.922  5.684  5.525  5.645  5.412  5.244  5.705  5.846  5.602  5.468  5.285  5.338  5.339  5.580  5.545  5.503  5.389  4.989  5.273  5.358  5.136  5.557  5.535  5.552  5.553  5.352  5.595  5.420  5.416  5.576  5.746
4.127  3.951  3.989  4.238  4.143  4.094  4.143  4.344  4.284  4.350  4.205  4.220  4.159  4.202  4.248  4.022  3.970  4.127  4.380  3.970  4.078  4.043  4.127  3.932  4.060  4.078  4.111  3.871  3.638  4.060  3.989  3.932  4.094  3.989  4.116  4.078  3.871  3.807  3.829  3.738  4.078  4.111
5.252  5.030  5.075  5.075  5.333  5.204  5.004  5.063  4.984  5.198  5.039  5.118  5.298  5.088  5.308  5.094  4.811  5.247  5.178  5.120  5.100  4.920  5.081  5.024  4.996  4.949  4.961  5.016  4.860  4.927  5.043  4.890  4.977  5.094  4.927  4.933  4.934  5.153  4.977  5.013  4.828  4.990
4.190  4.159  4.241  4.234  4.174  4.174  4.111  4.290  4.297  4.277  4.103  4.234  4.394  4.369  4.419  4.357  4.190  4.277  4.357  4.263  4.425  4.344  4.357  4.361  4.043  4.182  4.052  3.989  3.932  4.043  4.234  4.111  4.174  4.248  4.060  4.143  4.190  4.190  4.094  4.127  3.912  4.220
5.833  5.263  5.740  5.467  5.583  5.635  5.338  5.591  5.525  5.670  5.545  5.720  5.733  5.375  5.434  5.451  5.209  5.820  5.694  5.771  5.320  5.252  5.517  5.303  5.398  5.313  5.421  5.468  5.100  5.288  5.384  4.956  5.318  5.315  5.347  5.402  5.357  5.476  5.602  5.714  5.303  5.602
4.570  4.234  4.452  4.202  4.290  4.419  4.111  4.500  4.401  4.511  4.443  4.431  4.500  4.388  4.434  4.231  4.078  4.477  4.344  4.500  4.344  4.007  4.382  4.220  4.127  4.315  4.143  4.234  3.970  4.205  4.174  4.007  4.078  4.094  4.111  4.369  4.007  4.043  4.159  4.111  4.022  4.143
4.920  4.907  5.013  4.990  4.898  5.124  4.889  5.072  5.130  4.940  4.890  5.053  5.169  5.215  5.088  4.927  4.796  5.106  5.021  5.093  5.049  5.011  5.069  5.069  4.828  4.868  4.779  4.798  4.585  4.775  4.743  4.965  4.890  4.942  4.905  4.844  4.898  4.806  4.564  4.796  4.762  5.059
4.802  4.905  4.885  4.898  4.858  4.879  4.787  4.745  4.890  4.783  4.754  4.900  4.956  4.970  4.956  4.745  4.736  4.920  4.961  4.984  4.990  4.762  5.004  5.030  4.718  4.777  4.635  4.575  4.511  4.562  4.691  4.745  4.868  4.796  4.694  4.844  4.787  4.618  4.522  4.657  4.734  4.727
5.371  5.333  5.313  5.176  5.282  5.370  5.063  5.273  5.357  5.358  5.256  5.472  5.328  5.278  5.371  5.136  4.896  5.323  5.231  5.165  5.166  4.990  5.100  5.124  5.094  5.080  5.159  5.165  5.056  4.982  5.145  4.916  4.990  5.075  4.828  5.283  5.165  5.209  5.204  5.230  4.905  5.165
4.407  4.477  4.220  4.344  4.419  4.317  4.159  4.159  4.530  4.454  4.304  4.344  4.454  4.500  4.511  4.220  4.111  4.331  4.511  4.489  4.460  4.260  4.317  4.595  4.159  4.270  4.220  4.220  4.043  4.248  4.304  4.263  4.270  4.220  4.317  4.344  4.143  4.220  4.290  4.290  4.143  4.190
6.240  5.740  6.016  6.028  6.117  5.986  5.930  6.098  6.001  6.201  6.028  6.168  6.195  5.939  6.120  5.808  5.778  6.011  6.215  6.146  5.869  5.778  5.839  5.844  5.933  6.066  5.792  5.861  5.628  5.636  5.671  5.598  6.082  5.958  5.869  5.861  5.932  6.019  6.016  5.979  5.953  6.075
5.268  4.852  5.238  4.970  4.961  5.050  4.804  5.075  5.142  5.165  4.970  5.220  5.252  5.043  5.179  4.736  4.898  5.007  5.083  5.170  5.080  4.745  4.690  4.836  4.868  4.933  4.628  4.554  4.511  4.559  4.595  4.575  4.947  4.754  4.762  4.828  4.673  4.700  4.942  4.663  4.673  4.868
6.358  6.234  6.250  6.342  6.454  6.465  6.242  6.356  6.492  6.404  6.384  6.497  6.484  6.401  6.578  6.292  6.079  6.417  6.491  6.342  6.288  6.178  6.174  6.265  6.227  6.235  6.256  6.163  5.937  6.040  6.151  5.992  6.213  6.243  6.155  6.385  6.312  6.431  6.290  6.324  6.208  6.317
4.885  4.896  4.500  4.615  4.990  4.836  4.916  4.727  4.905  4.852  5.011  4.956  4.977  4.894  5.043  4.754  4.625  4.787  4.796  4.673  5.032  4.883  4.852  5.004  4.820  4.858  4.762  4.635  4.516  4.543  4.585  4.564  4.762  4.745  4.796  4.970  4.771  4.796  4.890  4.730  4.477  4.820
4.909  5.030  4.777  4.984  5.318  5.193  5.024  4.956  4.997  5.056  5.077  5.124  5.235  5.142  5.303  4.947  4.839  4.934  5.293  4.836  5.226  4.844  5.004  5.061  4.856  4.844  4.727  4.663  4.466  4.703  4.718  4.671  4.858  4.984  4.844  4.990  4.984  4.977  4.875  4.779  4.920  4.794
3.912  3.951  3.882  4.007  3.850  3.951  3.912  3.738  3.938  4.078  3.784  4.060  4.078  4.060  4.315  3.951  3.932  3.871  3.989  4.043  4.025  3.989  3.871  4.190  3.750  3.784  3.892  3.902  3.761  3.709  3.877  3.908  3.850  3.807  3.871  3.951  3.807  3.664  3.784  3.784  3.757  3.757
5.421  5.112  5.318  5.236  5.317  5.324  5.313  5.293  5.393  5.389  5.288  5.384  5.580  5.244  5.602  5.218  5.075  5.272  5.464  5.420  5.263  5.165  5.118  5.231  5.298  5.433  5.298  5.081  5.011  5.106  5.050  5.011  5.323  5.425  5.342  5.425  5.361  5.278  5.081  5.222  5.268  5.313
4.174  4.025  4.060  4.094  4.094  4.007  4.060  4.091  4.094  4.174  4.331  4.159  4.297  4.304  4.234  4.057  4.238  3.951  4.227  4.331  4.434  4.043  4.124  4.277  4.190  4.078  4.078  3.932  3.829  4.127  4.086  3.912  4.159  4.277  4.234  4.127  4.086  4.094  4.043  4.025  4.094  4.043
