4.431  4.190  4.205  4.111  4.148  4.238  4.380  4.212  4.407  4.443  4.202  4.205  4.386  4.127  4.419  4.127  4.308  4.159  4.248  4.373  4.277  4.357  4.127  4.317  4.466  4.217  4.277  4.394  4.489  4.700  4.094  4.043  4.290  4.256  4.407  4.143  4.263  4.007  4.078  4.091  4.078  4.241
3.850  3.892  3.689  3.738  3.611  3.664  3.970  3.846  3.807  3.912  3.738  3.689  3.961  3.882  4.078  3.807  3.877  3.658  3.871  4.094  3.882  3.892  3.807  3.871  3.761  3.745  3.684  3.624  3.714  3.807  3.638  3.738  3.829  3.773  4.060  3.780  3.738  3.738  3.638  3.689  3.951  3.818
5.004  4.875  4.804  4.836  4.970  5.030  4.762  4.977  4.963  5.106  5.017  4.913  4.963  4.852  5.063  4.811  4.700  4.839  4.972  4.927  4.970  4.871  4.844  4.875  4.771  4.875  4.775  4.951  4.554  4.860  4.956  4.913  4.942  5.075  5.043  5.170  4.890  4.796  4.828  4.752  4.860  4.786
4.848  4.522  4.710  4.691  4.824  4.889  4.680  4.827  4.820  4.860  4.875  4.820  4.852  4.762  4.820  4.687  4.771  4.739  4.752  4.585  4.868  4.605  4.605  4.812  4.718  4.443  4.691  4.514  4.449  4.357  4.779  4.477  4.428  4.533  4.836  4.760  4.820  4.644  4.691  4.718  4.595  4.808
4.220  4.127  4.277  4.190  4.317  4.127  4.135  4.159  4.277  4.317  4.143  4.369  4.431  4.407  4.357  4.205  4.205  4.190  4.388  4.304  4.392  4.164  4.151  4.331  4.078  4.025  4.025  4.111  3.961  4.022  4.205  4.127  4.060  4.060  4.311  4.209  4.111  4.205  4.078  4.111  3.989  4.159
4.143  4.025  4.124  4.111  4.091  4.025  4.094  4.124  4.277  4.263  4.174  4.234  4.304  4.331  4.357  4.156  4.094  4.159  4.148  4.205  4.344  4.174  4.217  4.025  3.932  3.932  4.231  4.108  3.989  3.961  4.094  4.086  4.111  4.111  4.212  4.025  4.220  3.989  3.912  4.078  3.892  3.932
5.094  4.949  4.898  5.011  4.927  4.844  5.030  5.016  5.004  5.283  5.037  4.934  5.165  5.093  5.106  4.990  4.905  4.858  5.142  4.977  5.136  5.142  4.942  4.994  4.754  4.927  5.011  4.852  4.745  4.844  4.927  4.929  4.996  4.987  5.124  5.075  4.924  4.860  5.050  4.840  4.804  4.804
4.401  4.344  4.344  4.382  4.159  4.234  4.331  4.428  4.231  4.554  4.361  4.344  4.431  4.234  4.344  4.369  4.277  4.357  4.350  4.796  4.331  4.452  4.159  4.344  4.108  4.094  4.127  4.205  4.140  4.190  4.143  4.238  4.348  4.248  4.369  4.344  4.052  4.217  4.394  4.127  4.234  4.416
4.290  4.078  3.947  4.248  4.040  4.007  4.220  4.111  4.140  4.248  4.159  4.103  4.078  4.227  4.224  4.060  4.111  4.091  4.220  4.078  4.143  4.060  4.094  4.094  4.060  3.970  3.912  3.892  3.689  3.932  4.060  4.140  3.867  4.078  4.060  3.970  3.961  3.967  3.928  3.846  4.022  3.912
4.554  4.477  4.477  4.580  4.633  4.477  4.615  4.564  4.464  4.708  4.796  4.718  4.657  4.598  4.836  4.494  4.585  4.522  4.673  4.644  4.543  4.649  4.511  4.554  4.454  4.477  4.431  4.369  4.382  4.357  4.615  4.564  4.443  4.635  4.644  4.489  4.505  4.543  4.562  4.431  4.382  4.419
5.231  5.153  5.201  5.293  5.242  5.250  5.288  5.257  5.204  5.886  5.687  5.692  6.153  6.082  6.221  6.524  6.461  6.570  5.323  5.313  5.226  5.214  5.118  5.361  5.069  5.050  5.170  5.056  4.927  4.949  5.081  5.097  5.130  5.159  5.056  5.124  5.085  5.088  5.091  5.027  5.159  5.140
4.762  4.642  4.847  4.828  4.718  4.836  4.710  4.771  4.615  4.831  4.827  4.779  4.898  4.762  4.852  4.700  4.775  4.898  4.802  4.875  4.812  4.766  4.812  4.883  4.804  4.800  4.583  4.575  4.407  4.585  4.690  4.718  4.736  4.705  4.705  4.654  4.644  4.691  4.605  4.700  4.691  4.710
4.111  4.248  3.951  4.159  3.970  4.127  4.060  4.060  3.951  4.022  3.807  4.022  4.094  4.220  4.369  4.124  4.127  3.871  4.060  4.156  4.127  4.317  4.205  4.263  4.043  3.951  4.078  3.784  3.850  3.761  4.060  4.159  3.951  4.043  3.989  4.127  4.016  3.967  3.757  4.127  3.761  4.025
4.043  3.970  4.220  4.025  4.143  4.127  4.043  4.060  3.985  4.174  4.007  4.078  4.263  4.290  4.256  3.932  4.190  4.043  4.248  4.263  4.304  4.234  4.078  4.143  4.060  4.078  3.989  3.892  3.829  3.951  3.932  4.091  3.967  4.159  4.007  4.174  4.159  4.190  4.111  3.932  3.951  4.205
4.533  4.543  4.304  4.477  4.466  4.500  4.369  4.511  4.443  4.712  4.605  4.554  4.710  4.635  4.605  4.500  4.428  4.481  4.543  4.677  4.625  4.635  4.554  4.663  4.382  4.382  4.382  4.369  4.317  4.380  4.477  4.663  4.511  4.475  4.500  4.522  4.466  4.486  4.477  4.331  4.263  4.422
4.913  4.963  4.913  4.970  4.898  4.812  4.765  4.836  4.804  5.016  5.029  4.951  5.050  5.004  5.075  4.779  4.871  4.852  4.860  5.055  5.063  5.017  4.920  5.043  4.673  4.745  4.754  4.605  4.745  4.828  4.860  4.828  4.937  4.852  5.011  4.905  4.956  4.721  4.920  4.787  4.673  4.787
4.331  4.290  4.419  4.369  4.382  4.317  4.304  4.290  4.317  4.419  4.274  4.394  4.562  4.407  4.635  4.263  4.341  4.552  4.758  4.676  4.682  4.407  4.234  4.500  4.174  4.290  4.288  4.248  4.007  4.234  4.315  4.344  4.267  4.248  4.248  4.277  4.311  4.419  4.190  4.274  4.234  4.159
4.820  4.771  4.779  4.779  4.786  4.796  4.754  4.754  4.779  5.165  4.844  4.836  5.050  4.902  5.069  4.820  4.820  5.004  5.063  4.934  5.118  4.866  4.871  5.081  4.454  4.649  4.831  4.682  4.511  4.718  4.745  4.734  4.847  4.852  4.828  4.787  4.771  4.796  4.710  4.712  4.605  4.677
4.431  4.335  4.344  4.492  4.500  4.407  4.344  4.394  4.331  4.564  4.394  4.464  4.533  4.350  4.691  4.290  4.315  4.472  4.500  4.585  4.585  4.460  4.452  4.575  4.190  4.205  4.197  4.248  4.187  4.248  4.277  4.369  4.410  4.392  4.394  4.431  4.248  4.290  4.337  4.277  4.394  4.263
4.407  4.344  4.174  4.304  4.477  4.382  4.454  4.205  4.187  4.458  4.143  4.341  4.500  4.543  4.564  4.328  4.348  4.335  4.394  4.431  4.434  4.573  4.369  4.394  4.277  4.190  4.194  4.171  4.078  4.234  4.094  4.419  4.331  4.190  4.295  4.394  4.197  4.460  4.394  4.454  4.174  4.369
5.308  5.282  5.257  5.273  5.318  5.288  5.303  5.298  5.323  5.389  5.236  5.421  5.521  5.455  5.602  5.379  5.308  5.187  5.425  5.497  5.403  5.347  5.303  5.413  5.226  5.366  5.330  5.198  5.118  5.242  5.380  5.170  5.347  5.468  5.333  5.361  5.268  5.308  5.114  5.030  5.220  5.288
4.663  4.580  4.633  4.644  4.635  4.500  4.585  4.605  4.554  4.696  4.727  4.613  4.812  4.743  4.762  4.605  4.554  4.533  4.595  4.844  4.605  4.787  4.533  4.787  4.575  4.500  4.564  4.533  4.277  4.369  4.564  4.894  4.595  4.585  4.570  4.625  4.500  4.552  4.625  4.522  4.431  4.533
