5.507  5.152  5.201  5.170  5.231  5.529  5.356  5.173  5.439  5.564  5.380  5.476  5.446  5.478  5.365  5.305  4.635  5.335  5.001  5.193  5.231  5.143  5.198  5.152  5.204  5.268  5.247  5.236  4.875  5.040  4.942  5.037  5.099  5.303  5.215  5.231  5.342  5.329  5.226  5.269  5.234  5.118
4.004  3.829  3.701  3.951  3.714  3.784  3.951  3.497  4.074  4.004  4.159  4.091  4.159  4.025  3.947  3.709  3.434  3.850  3.726  3.784  3.871  3.638  3.850  3.850  3.733  3.892  3.888  3.689  3.638  3.709  3.638  3.738  3.761  3.824  3.761  3.912  3.850  3.714  3.850  3.726  3.733  3.550
3.658  3.638  3.611  3.497  3.638  3.434  3.584  3.526  3.555  3.689  3.638  3.638  3.638  3.664  3.871  3.611  3.526  3.714  3.701  3.784  3.638  3.526  3.714  3.578  3.367  3.526  3.497  3.578  3.550  3.497  3.555  3.526  3.434  3.466  3.434  3.481  3.401  3.664  3.497  3.714  3.497  3.555
3.466  3.490  3.535  3.466  3.497  3.296  3.367  3.497  3.434  3.550  3.219  3.434  3.434  3.689  3.689  3.466  3.497  3.401  3.684  3.520  3.664  3.520  3.434  3.611  3.584  3.526  3.555  3.466  3.401  3.434  3.459  3.401  3.466  3.497  3.434  3.466  3.401  3.367  3.497  3.434  3.367  3.367
4.852  4.394  4.546  4.382  4.585  4.522  4.446  4.625  4.564  4.727  4.625  4.796  4.727  4.700  4.700  4.583  4.159  4.779  4.718  4.649  4.382  4.324  4.394  4.407  4.382  4.509  4.454  4.443  3.989  4.190  4.394  4.263  4.407  4.472  4.454  4.454  4.263  4.489  4.392  4.562  4.263  4.562
3.367  3.664  3.689  3.401  3.807  3.555  3.624  3.689  3.761  3.784  3.624  3.664  3.689  3.638  3.802  3.664  3.584  3.676  3.738  3.807  3.738  3.714  3.611  3.714  3.689  3.555  3.664  3.605  3.738  3.395  3.497  3.526  3.611  3.676  3.497  3.555  3.555  3.584  3.664  3.497  3.466  3.584
5.231  5.136  4.940  4.913  5.136  5.071  5.135  5.059  5.195  5.165  5.130  5.293  5.155  5.198  5.247  5.100  5.032  5.198  5.165  4.949  5.066  5.011  5.142  4.963  4.977  5.123  5.019  5.017  5.024  4.894  5.176  5.004  5.004  5.138  5.036  5.142  5.030  4.997  4.956  5.030  4.970  5.100
4.419  4.205  4.311  4.466  4.290  4.317  4.331  4.431  4.277  4.511  4.564  4.489  4.477  4.357  4.500  4.369  4.317  4.248  4.290  4.367  4.419  4.344  4.363  4.454  4.256  4.331  4.212  4.205  4.143  4.274  4.367  4.443  4.078  4.331  4.295  4.443  4.260  4.263  4.205  4.179  4.174  4.263
4.419  4.111  4.143  4.094  4.248  4.331  4.315  4.197  4.220  4.543  4.311  4.404  4.419  4.443  4.416  4.234  4.220  4.159  4.357  4.431  4.392  4.369  4.263  4.220  4.060  4.328  4.043  4.025  3.932  4.060  4.111  4.220  4.060  4.174  4.220  4.304  4.190  4.159  4.060  4.111  4.205  4.111
3.664  3.638  3.611  3.684  3.871  3.761  3.611  3.689  3.709  3.714  3.632  3.664  3.714  3.664  3.942  3.497  3.784  3.526  3.733  3.850  3.871  3.676  3.932  3.638  3.676  3.807  3.632  3.497  3.526  3.632  3.664  3.738  3.664  3.611  3.526  3.664  3.526  3.807  3.638  3.555  3.664  3.684
5.697  5.576  5.497  5.541  5.663  5.704  5.572  5.695  5.591  5.805  5.717  5.673  5.782  5.737  5.724  5.635  5.380  5.631  5.617  5.529  5.628  5.500  5.606  5.591  5.505  5.517  5.464  5.541  5.460  5.384  5.710  5.375  5.541  5.562  5.463  5.513  5.656  5.565  5.598  5.583  5.407  5.580
4.663  4.820  4.575  4.635  4.640  4.727  4.613  4.756  4.718  4.820  4.603  4.836  4.820  4.736  4.883  4.734  4.477  4.754  4.762  4.745  4.730  4.615  4.700  4.710  4.605  4.575  4.570  4.394  4.575  4.431  4.635  4.564  4.489  4.615  4.691  4.712  4.500  4.700  4.585  4.564  4.615  4.605
4.623  4.127  4.663  4.367  4.543  4.422  4.263  4.431  4.344  4.554  4.344  4.522  4.522  4.605  4.654  4.443  4.190  4.407  4.559  4.543  4.477  4.281  4.460  4.263  4.344  4.328  4.277  4.190  3.861  4.234  4.111  4.159  4.718  4.443  4.260  4.108  4.111  4.317  4.119  4.288  4.344  4.301
3.784  3.807  3.784  3.761  3.807  3.733  3.738  3.989  3.892  3.761  3.584  3.689  3.871  3.928  4.043  3.867  3.714  3.738  3.951  3.912  3.967  3.908  3.829  3.829  3.807  3.784  3.689  3.689  3.611  3.807  3.611  3.871  3.807  3.714  3.638  3.738  3.664  3.714  3.434  3.784  3.761  3.761
4.380  4.094  4.304  4.094  4.246  4.220  4.060  4.277  4.382  4.357  4.263  4.416  4.419  4.220  4.341  4.103  4.060  4.220  4.344  4.341  4.143  3.967  4.234  4.078  3.967  4.290  4.290  4.094  4.074  3.824  4.057  3.892  4.241  4.248  4.220  4.190  4.143  4.119  4.190  4.099  4.043  4.277
3.850  3.714  3.526  3.497  3.795  3.738  3.555  3.689  3.850  3.807  3.605  3.871  3.829  3.761  3.829  3.638  3.714  3.555  3.867  3.784  3.892  3.738  3.611  3.714  3.714  3.638  3.738  3.829  3.555  3.584  3.526  3.578  3.714  3.784  3.709  3.882  3.664  3.497  3.555  3.584  3.466  3.807
4.394  3.951  4.317  4.127  4.277  4.111  3.871  4.248  4.111  4.443  4.376  4.143  4.466  4.331  4.477  4.197  4.007  4.407  4.205  4.376  3.942  4.060  4.127  3.947  3.912  4.074  4.007  4.060  3.738  3.928  3.912  3.584  4.060  4.140  3.871  4.159  3.947  4.043  4.094  4.060  3.989  4.025
3.401  3.459  3.434  3.219  3.367  3.332  3.434  3.367  3.466  3.434  3.258  3.466  3.638  3.619  3.555  3.434  3.497  3.296  3.638  3.526  3.584  3.401  3.555  3.434  3.611  3.434  3.434  3.360  3.258  3.343  3.367  3.401  3.367  3.367  3.332  3.332  3.296  3.367  3.219  3.288  3.466  3.401
5.218  5.043  5.063  5.111  5.197  5.152  5.081  5.088  5.045  5.100  5.138  5.209  5.347  5.215  5.252  5.088  5.027  5.204  5.298  5.182  5.187  5.136  5.357  5.277  4.977  5.118  5.039  5.120  4.907  4.990  5.024  5.078  5.088  5.050  5.118  5.100  5.132  5.075  5.170  5.231  4.990  5.130
3.738  3.745  3.684  3.795  3.664  3.555  3.632  3.689  3.611  3.829  3.714  3.757  3.912  3.784  3.922  3.638  3.638  3.829  3.689  4.048  3.807  3.638  3.807  3.835  3.611  3.871  3.638  3.701  3.611  3.584  3.611  3.664  3.738  3.466  3.689  3.676  3.555  3.784  3.714  3.689  3.466  3.658
5.472  5.361  5.342  5.321  5.493  5.434  5.371  5.421  5.497  5.583  5.521  5.521  5.606  5.529  5.576  5.568  5.318  5.501  5.493  5.472  5.517  5.424  5.491  5.553  5.420  5.361  5.323  5.380  5.283  5.333  5.394  5.283  5.472  5.499  5.442  5.442  5.380  5.476  5.366  5.366  5.278  5.394
3.807  3.951  3.912  3.761  3.714  3.714  3.892  3.761  4.132  3.989  3.850  3.989  4.194  4.007  4.263  4.127  4.111  4.159  4.007  4.025  4.007  3.846  3.829  3.989  4.022  3.861  3.638  3.664  3.714  3.850  3.824  3.638  3.761  3.761  3.850  3.784  3.750  3.807  3.738  3.578  3.829  3.714
