6.096  5.866  6.047  5.938  6.027  6.090  6.029  5.944  6.001  6.163  6.057  6.052  6.014  5.956  6.011  5.986  5.864  5.838  5.943  5.883  5.961  6.084  5.881  5.914  5.920  5.846  5.697  5.666  5.731  5.765  5.787  5.878  5.861  6.023  5.864  6.011  6.084  5.883  5.749  5.835  5.811  5.941
5.941  5.823  5.823  5.795  5.768  6.009  6.009  5.746  5.915  5.996  5.981  5.930  5.916  5.743  5.886  5.781  5.874  5.707  5.843  5.787  5.799  5.927  5.793  5.996  5.864  5.730  5.595  5.744  5.662  5.826  5.737  5.746  5.805  5.805  5.829  5.868  6.006  5.802  5.714  5.826  5.730  5.895
5.670  5.451  5.609  5.517  5.583  5.684  5.521  5.551  5.613  5.707  5.583  5.705  5.683  5.697  5.787  5.576  5.542  5.606  5.710  5.690  5.742  5.527  5.545  5.537  5.459  5.427  5.447  5.449  5.293  5.489  5.480  5.437  5.509  5.638  5.490  5.545  5.525  5.642  5.434  5.464  5.434  5.595
5.236  5.147  5.130  5.347  5.153  5.252  5.208  5.164  5.242  5.328  5.181  5.347  5.342  5.338  5.384  5.225  5.124  5.159  5.318  5.318  5.361  5.198  5.069  5.147  5.072  5.127  5.056  5.063  4.913  5.017  5.124  5.011  5.152  5.088  5.100  5.187  5.209  5.159  5.136  5.056  5.011  5.260
4.595  4.625  4.625  4.543  4.605  4.554  4.630  4.608  4.700  4.718  4.783  4.691  4.931  4.718  4.794  4.630  4.562  4.585  4.736  4.743  4.762  4.700  4.654  4.615  4.500  4.600  4.543  4.595  4.317  4.554  4.503  4.431  4.554  4.514  4.595  4.477  4.466  4.564  4.635  4.564  4.428  4.615
4.263  4.324  4.331  4.394  4.344  4.263  4.344  4.277  4.520  4.500  4.394  4.464  4.500  4.234  4.489  4.344  4.234  4.159  4.522  4.344  4.440  4.335  4.263  4.295  4.388  4.248  4.337  4.143  4.127  4.277  4.277  4.220  4.290  4.425  4.392  4.344  4.140  4.179  4.202  3.970  4.317  4.290
4.127  4.159  3.892  3.951  4.094  4.007  4.111  3.912  3.912  4.174  4.197  4.205  4.205  4.111  4.224  4.124  4.111  4.140  3.932  4.190  4.171  4.159  4.135  4.094  4.007  3.932  4.159  4.074  3.871  3.912  3.951  4.094  4.220  4.043  4.078  4.007  4.025  4.043  4.004  3.922  4.127  3.888
4.331  4.511  4.328  4.380  4.511  4.288  4.443  4.277  4.357  4.522  4.234  4.511  4.511  4.483  4.522  4.394  4.369  4.419  4.443  4.500  4.610  4.554  4.489  4.543  4.341  4.143  4.263  4.234  4.434  4.277  4.500  4.357  4.315  4.301  4.454  4.498  4.443  4.344  4.401  4.328  4.205  4.159
3.989  3.892  4.034  3.967  4.007  4.174  3.888  3.912  3.871  4.234  3.871  4.111  4.159  4.007  4.159  3.951  4.007  4.025  4.060  4.025  4.043  3.850  3.829  4.060  3.970  3.951  3.892  3.850  3.714  3.611  3.784  3.835  3.951  3.807  3.912  3.850  3.632  3.824  3.892  3.714  3.912  3.912
3.332  3.611  3.526  3.526  3.466  3.497  3.592  3.555  3.578  3.497  3.428  3.506  3.555  3.555  3.761  3.360  3.584  3.497  3.658  3.784  3.611  3.584  3.497  3.584  3.497  3.428  3.555  3.367  3.332  3.401  3.611  3.555  3.555  3.367  3.401  3.466  3.367  3.497  3.490  3.434  3.434  3.367
5.817  5.595  5.694  5.717  5.628  5.545  5.561  5.583  5.662  5.749  5.583  5.781  5.784  5.621  5.776  5.493  5.624  5.497  5.799  5.814  5.617  5.663  5.459  5.656  5.517  5.523  5.537  5.398  5.388  5.405  5.531  5.525  5.609  5.556  5.591  5.638  5.557  5.720  5.501  5.455  5.630  5.487
6.098  5.799  6.005  6.074  5.994  5.958  5.872  5.979  5.866  6.068  5.990  6.215  6.119  5.908  6.116  5.790  5.895  5.799  6.118  6.066  5.984  5.922  5.849  5.892  5.762  5.886  5.663  5.680  5.598  5.557  5.635  5.694  5.976  5.866  5.881  5.881  5.765  5.971  5.802  5.762  5.860  5.900
4.997  4.997  5.106  5.219  4.934  5.093  4.977  5.043  4.949  5.118  5.159  5.050  5.220  5.043  5.283  4.942  4.836  4.994  5.175  5.288  5.100  4.927  4.927  4.956  4.883  4.911  4.860  4.984  4.745  4.828  4.854  4.956  4.992  4.977  5.017  4.885  4.977  5.043  5.247  5.094  5.050  5.069
3.980  4.108  4.127  4.143  4.159  4.007  3.908  4.004  3.970  4.143  4.078  4.094  4.040  4.143  4.304  4.078  4.127  4.034  4.234  4.220  4.284  4.025  4.007  4.174  3.970  3.970  3.951  3.892  3.912  3.784  4.007  3.892  3.970  4.159  3.998  4.078  3.932  4.151  3.989  3.928  3.928  3.892
5.283  5.118  5.136  5.126  5.182  5.219  5.124  5.220  5.034  5.222  5.063  5.235  5.366  5.204  5.347  5.140  5.106  5.130  5.226  5.268  5.215  5.187  5.112  5.176  5.091  5.176  5.169  5.023  4.949  5.011  5.011  5.050  5.088  5.182  5.165  5.204  5.215  5.147  4.996  5.136  5.024  5.124
4.990  4.533  4.794  4.868  4.812  4.654  4.787  4.700  4.736  4.868  4.786  4.913  4.815  4.644  4.926  4.623  4.800  4.812  4.952  4.898  4.883  4.745  4.644  4.787  4.673  4.613  4.680  4.564  4.475  4.585  4.585  4.920  4.806  4.710  4.796  4.875  4.520  4.628  4.647  4.595  4.638  4.673
4.025  4.007  4.108  4.140  4.111  4.167  4.057  4.066  4.108  4.094  3.951  4.127  4.111  4.174  4.388  3.829  3.970  4.174  4.227  4.324  4.187  4.094  3.932  4.069  4.025  4.052  3.829  4.060  4.159  4.103  3.871  4.124  4.060  3.951  4.127  3.970  3.989  4.057  3.871  4.043  3.998  3.951
3.757  3.714  3.839  3.773  3.829  3.791  3.689  3.709  3.980  3.802  3.738  3.829  3.784  3.714  3.942  3.689  3.784  3.784  3.967  4.078  3.867  3.928  3.714  3.871  3.850  3.807  3.664  3.738  3.761  3.780  3.526  3.684  3.850  3.664  3.813  3.638  3.738  3.611  3.434  3.611  3.709  3.497
5.460  5.416  5.342  5.318  5.412  5.529  5.375  5.425  5.342  5.549  5.509  5.380  5.529  5.529  5.635  5.431  5.308  5.583  5.470  5.425  5.533  5.398  5.442  5.576  5.064  5.236  5.342  5.421  5.204  5.298  5.390  5.168  5.338  5.318  5.389  5.464  5.460  5.371  5.472  5.357  5.292  5.231
6.357  6.331  6.153  6.293  6.295  6.317  6.240  6.219  6.254  6.409  6.373  6.263  6.375  6.380  6.425  6.278  6.238  6.323  6.299  6.321  6.298  6.189  6.265  6.450  6.157  6.118  6.149  6.232  6.075  6.172  6.263  6.051  6.295  6.236  6.244  6.250  6.148  6.261  6.302  6.203  6.116  6.136
4.736  4.500  4.727  4.754  4.820  4.890  5.106  5.333  5.273  4.635  4.511  4.682  4.687  4.605  4.673  4.431  4.575  4.369  4.754  4.595  4.673  4.600  4.398  4.564  4.583  4.663  4.344  4.274  4.317  4.174  4.335  4.394  4.605  4.564  4.585  4.543  4.422  4.533  4.392  4.407  4.575  4.615
5.421  5.231  5.273  5.407  5.247  5.252  5.347  5.366  5.375  5.313  5.416  5.338  5.366  5.347  5.442  5.338  5.416  5.398  5.374  5.425  5.403  5.440  5.217  5.252  5.327  5.333  5.220  5.165  5.017  5.118  5.273  5.204  5.384  5.425  5.357  5.268  5.170  5.257  5.263  5.135  5.380  5.384
