6.534  6.399  6.459  6.438  6.494  6.479  6.503  6.479  6.585  6.659  6.598  6.612  6.590  6.483  6.657  6.521  6.412  6.495  6.542  6.405  6.537  6.463  6.447  6.557  6.321  6.326  6.380  6.370  6.213  6.284  6.457  6.284  6.310  6.444  6.436  6.463  6.439  6.431  6.458  6.419  6.284  6.420
6.091  5.878  5.905  5.866  5.924  5.911  6.090  5.958  6.030  6.113  6.001  6.136  6.118  5.971  6.109  5.897  5.908  5.914  5.995  5.969  6.111  5.961  5.903  5.916  5.793  5.717  5.875  5.841  5.772  5.793  5.919  5.768  5.799  5.930  5.885  5.916  6.010  5.858  5.820  5.841  5.733  5.899
5.292  5.187  5.342  4.963  5.226  5.354  5.204  5.100  5.182  5.361  5.323  5.298  5.260  5.170  5.288  5.189  5.019  5.176  5.263  5.050  5.366  5.136  5.247  5.182  5.069  5.124  5.050  5.206  5.037  5.043  5.215  5.003  4.956  5.130  5.106  5.176  5.165  5.165  5.278  5.130  4.890  5.096
3.829  3.871  3.912  3.829  3.738  3.850  3.761  3.928  3.807  3.871  3.908  3.784  3.951  3.970  4.025  3.714  3.714  3.714  3.850  3.871  3.807  3.638  3.761  3.892  3.555  3.738  3.850  3.709  3.714  3.818  3.784  3.761  3.757  3.555  3.738  3.829  3.701  3.664  3.846  3.689  3.689  3.638
5.136  5.011  5.100  5.149  5.100  5.088  5.088  5.159  4.913  5.189  5.200  5.130  5.153  5.056  5.312  4.942  4.951  5.099  5.136  5.118  5.056  4.984  5.063  5.069  4.963  5.011  4.927  5.111  4.920  4.956  4.949  4.951  5.004  5.088  5.085  4.920  4.905  5.030  5.043  5.075  5.068  4.970
5.935  5.759  5.892  5.891  5.778  5.908  5.832  5.811  5.829  5.930  5.820  5.835  5.820  5.799  5.869  5.525  5.748  5.617  5.883  5.883  5.897  5.715  5.765  5.855  5.652  5.700  5.670  5.670  5.529  5.720  5.796  5.677  5.749  5.733  5.750  5.694  5.717  5.730  5.673  5.659  5.796  5.784
5.844  5.645  5.827  5.791  5.757  5.762  5.733  5.548  5.690  6.001  5.829  5.940  5.883  5.771  5.932  5.652  5.666  5.680  5.866  5.833  5.730  5.687  5.686  5.677  5.607  5.583  5.568  5.609  5.482  5.469  5.565  5.553  5.749  5.659  5.737  5.659  5.583  5.738  5.687  5.580  5.666  5.690
5.566  5.459  5.449  5.502  5.553  5.525  5.447  5.352  5.583  5.684  5.617  5.638  5.565  5.521  5.649  5.407  5.398  5.403  5.583  5.403  5.561  5.565  5.481  5.533  5.263  5.384  5.372  5.318  5.236  5.280  5.351  5.257  5.357  5.333  5.451  5.436  5.371  5.384  5.389  5.412  5.293  5.415
6.782  6.301  6.640  6.601  6.567  6.657  6.479  6.579  6.605  6.867  6.681  6.688  6.692  6.503  6.662  6.416  6.357  6.599  6.646  6.623  6.544  6.443  6.332  6.439  6.413  6.464  6.413  6.507  6.229  6.344  6.367  6.373  6.503  6.513  6.569  6.526  6.436  6.646  6.603  6.504  6.491  6.461
6.891  6.474  6.757  6.650  6.714  6.783  6.767  6.673  6.844  6.976  6.774  6.986  6.954  6.611  6.842  6.739  6.624  6.706  6.871  6.765  6.748  6.691  6.551  6.693  6.548  6.529  6.608  6.630  6.357  6.516  6.592  6.628  6.608  6.601  6.783  6.645  6.864  6.678  6.717  6.693  6.551  6.553
5.521  5.247  5.412  5.375  5.421  5.378  5.303  5.347  5.257  5.598  5.433  5.497  5.566  5.360  5.509  5.317  5.193  5.500  5.493  5.356  5.451  5.215  5.313  5.193  5.293  5.371  5.361  5.308  4.997  5.147  5.268  5.193  5.242  5.360  5.303  5.190  5.352  5.347  5.222  5.347  5.189  5.373
3.807  3.738  3.871  3.761  3.871  3.784  3.714  3.784  3.989  3.829  3.757  3.829  3.951  3.932  4.143  3.780  3.761  3.689  3.829  4.069  4.025  3.784  3.829  3.998  3.784  3.784  3.676  3.689  3.664  3.761  3.761  3.902  3.738  3.850  3.761  3.829  3.684  3.689  3.761  3.714  3.611  3.761
6.329  6.074  6.052  6.078  6.196  6.157  6.040  6.061  6.094  6.127  6.074  6.087  6.229  6.167  6.227  6.107  6.043  6.232  6.190  6.116  6.100  5.966  6.100  6.040  6.061  6.174  6.094  6.084  5.953  6.033  6.025  5.952  6.075  6.236  6.129  6.091  6.223  6.174  6.142  6.157  6.059  6.172
4.794  4.644  4.835  4.718  4.663  4.682  4.644  4.721  4.700  4.820  4.718  4.644  4.771  4.771  4.843  4.812  4.635  4.756  4.625  4.913  4.647  4.543  4.727  4.673  4.554  4.605  4.564  4.357  4.394  4.304  4.605  4.407  4.554  4.559  4.700  4.682  4.533  4.691  4.647  4.520  4.554  4.676
5.953  5.702  5.749  5.799  5.869  5.838  5.741  5.754  5.754  5.844  5.872  5.892  6.038  5.844  6.016  5.697  5.580  5.916  5.956  5.775  5.825  5.784  5.673  5.733  5.785  5.717  5.625  5.642  5.447  5.634  5.756  5.533  5.753  5.733  5.568  5.697  5.690  5.768  5.733  5.793  5.497  5.720
4.454  4.466  4.472  4.394  4.380  4.443  4.357  4.217  4.382  4.543  4.407  4.357  4.647  4.625  4.659  4.357  4.248  4.380  4.419  4.290  4.290  4.431  4.407  4.344  4.143  4.284  4.290  4.234  4.060  4.227  4.217  4.159  4.174  4.477  4.143  4.357  4.315  4.407  4.357  4.190  4.344  4.344
5.366  5.198  5.147  5.438  5.357  5.308  5.220  5.388  5.328  5.433  5.226  5.333  5.472  5.333  5.513  5.138  5.341  5.263  5.591  5.521  5.592  5.375  5.185  5.323  5.303  5.303  5.123  5.093  5.004  5.024  5.089  5.147  5.468  5.268  5.337  5.356  5.153  5.081  5.115  5.215  5.226  5.333
5.823  5.609  5.790  5.855  5.820  5.786  5.826  5.776  5.841  5.811  5.787  5.904  5.832  5.700  5.984  5.676  5.740  5.829  5.988  5.899  6.063  5.781  5.696  5.762  5.733  5.705  5.645  5.572  5.384  5.606  5.585  5.714  5.775  5.808  5.822  5.785  5.737  5.694  5.684  5.606  5.768  5.778
6.198  6.045  6.148  6.157  6.142  6.151  6.111  6.100  6.056  6.257  6.091  6.087  6.234  6.116  6.225  6.052  6.054  6.021  6.190  6.141  6.159  6.263  6.144  6.168  6.028  6.031  5.976  5.902  5.953  5.888  5.903  6.014  5.966  6.059  6.026  6.100  6.091  6.054  6.014  5.938  5.989  6.033
5.220  5.187  5.164  5.170  5.215  5.081  5.123  5.056  5.037  5.231  5.081  5.208  5.303  5.159  5.235  5.050  5.088  5.053  5.164  5.052  5.293  5.263  5.170  5.155  5.069  5.011  5.037  4.970  4.868  4.875  4.984  5.017  5.037  5.111  5.081  5.130  4.990  5.068  5.063  5.140  4.927  5.075
5.050  4.938  4.958  4.984  5.017  5.009  4.913  5.017  4.905  5.094  5.056  5.081  5.164  4.916  5.080  5.030  4.905  5.097  5.075  5.094  5.050  5.011  5.017  5.055  4.997  5.100  4.883  5.088  4.868  4.787  4.949  4.920  5.004  5.030  4.975  5.030  4.890  4.875  4.852  4.984  4.875  5.043
4.048  3.989  4.078  3.912  4.108  4.190  3.989  4.174  4.143  4.174  3.989  4.234  4.301  4.091  4.331  4.025  4.174  4.025  4.078  4.354  4.205  4.224  4.060  4.174  4.220  4.256  4.025  4.091  3.951  3.989  4.007  4.060  4.220  4.171  4.357  4.025  3.912  4.078  4.007  4.127  4.099  4.220
