5.700  5.426  5.418  5.442  5.558  5.591  5.606  5.583  5.606  5.743  5.625  5.652  5.656  5.649  5.690  5.652  5.444  5.649  5.702  5.553  5.620  5.628  5.576  5.424  5.677  5.642  5.587  5.617  5.557  5.564  5.583  5.409  5.447  5.649  5.533  5.595  5.565  5.557  5.545  5.565  5.485  5.579
4.564  4.477  4.357  4.477  4.500  4.498  4.685  4.618  4.625  4.710  4.595  4.644  4.699  4.663  4.533  4.511  4.460  4.477  4.635  4.595  4.644  4.710  4.522  4.454  4.525  4.369  4.595  4.277  4.248  4.317  4.350  4.357  4.466  4.367  4.369  4.567  4.407  4.443  4.394  4.317  4.369  4.382
5.447  5.313  5.391  5.352  5.242  5.384  5.361  5.357  5.357  5.416  5.407  5.389  5.489  5.361  5.436  5.349  5.159  5.327  5.494  5.370  5.347  5.293  5.236  5.416  5.263  5.179  5.159  5.268  5.050  5.106  5.400  5.112  5.262  5.268  5.288  5.361  5.380  5.335  5.190  5.288  5.318  5.313
5.945  5.700  5.838  5.858  5.747  5.901  5.911  5.855  5.817  5.857  5.960  5.930  5.872  5.765  5.979  5.775  5.750  5.783  5.823  5.841  5.956  5.855  5.851  5.850  5.642  5.649  5.673  5.606  5.557  5.628  5.778  5.746  5.681  5.710  5.775  5.768  5.811  5.756  5.756  5.743  5.673  5.820
6.342  6.286  6.308  6.269  6.330  6.366  6.256  6.329  6.321  6.422  6.313  6.425  6.397  6.246  6.315  6.258  6.217  6.279  6.375  6.246  6.332  6.147  6.229  6.170  6.273  6.312  6.232  6.209  6.120  6.219  6.258  6.170  6.234  6.301  6.332  6.292  6.234  6.295  6.190  6.284  6.082  6.326
4.682  4.605  4.543  4.500  4.625  4.533  4.635  4.633  4.593  4.828  4.595  4.691  4.745  4.691  4.708  4.608  4.682  4.564  4.663  4.890  4.625  4.595  4.543  4.466  4.443  4.477  4.557  4.511  4.392  4.466  4.454  4.511  4.475  4.511  4.585  4.500  4.431  4.533  4.625  4.407  4.398  4.483
5.695  5.624  5.586  5.607  5.634  5.606  5.595  5.561  5.572  5.781  5.635  5.743  5.793  5.652  5.778  5.602  5.405  5.677  5.811  5.624  5.649  5.618  5.576  5.624  5.541  5.597  5.490  5.481  5.268  5.438  5.501  5.347  5.361  5.635  5.549  5.472  5.631  5.434  5.247  5.537  5.460  5.572
5.531  5.511  5.361  5.372  5.481  5.454  5.447  5.398  5.467  5.595  5.464  5.620  5.525  5.303  5.533  5.268  5.251  5.333  5.600  5.375  5.570  5.429  5.380  5.421  5.231  5.262  5.172  5.130  5.081  5.318  5.206  5.069  5.226  5.287  5.244  5.347  5.226  5.333  5.226  5.273  5.208  5.323
5.513  5.204  5.494  5.330  5.576  5.453  5.366  5.525  5.568  5.613  5.549  5.613  5.572  5.468  5.499  5.407  5.150  5.471  5.561  5.421  5.466  5.118  5.234  5.268  5.338  5.471  5.290  5.342  4.980  5.220  5.353  5.133  5.250  5.380  5.367  5.323  5.357  5.357  5.398  5.451  5.209  5.328
4.248  4.127  4.111  3.932  4.043  4.369  4.143  4.127  4.290  4.260  4.174  4.205  4.270  4.344  4.419  4.317  4.025  4.205  4.174  4.248  4.190  3.871  4.143  4.182  4.007  3.989  3.947  3.970  3.846  3.912  4.311  3.989  4.127  4.025  4.231  4.060  3.932  3.932  4.111  3.932  3.784  4.094
5.357  5.187  5.278  4.630  5.425  5.371  5.209  5.238  5.247  5.236  4.977  5.198  5.416  5.313  5.455  5.094  4.905  5.308  5.325  5.159  5.220  4.975  5.193  5.099  5.068  5.192  5.152  5.226  4.727  5.075  5.170  4.984  4.913  5.145  5.050  5.075  5.193  5.142  5.024  5.298  5.112  5.247
4.179  4.174  4.256  3.912  4.369  4.317  4.376  4.281  4.331  4.248  4.025  4.171  4.428  4.315  4.443  4.317  4.159  4.159  4.348  4.344  4.344  4.111  4.394  4.290  4.187  4.151  4.174  4.111  3.951  4.043  4.111  4.274  4.220  4.043  4.331  4.274  4.234  4.159  4.025  4.111  4.094  4.341
6.230  6.103  6.221  6.061  6.240  6.280  6.230  6.267  6.180  6.395  6.178  6.360  6.312  6.288  6.287  6.079  6.129  6.145  6.290  6.168  6.194  6.037  6.047  6.165  6.219  6.240  6.086  6.163  6.016  6.068  6.159  6.011  6.105  6.271  6.192  6.174  6.196  6.084  6.159  6.120  6.073  6.116
5.808  5.533  5.707  5.580  5.652  5.645  5.714  5.666  5.727  5.964  5.815  5.796  5.869  5.749  5.802  5.541  5.652  5.565  5.889  5.814  5.731  5.635  5.717  5.738  5.509  5.638  5.464  5.513  5.428  5.497  5.501  5.533  5.635  5.768  5.673  5.680  5.572  5.680  5.663  5.572  5.481  5.509
5.349  5.037  5.147  5.176  5.226  5.231  4.963  5.215  5.011  5.323  5.182  5.293  5.247  5.050  5.247  5.024  4.820  5.170  5.226  5.193  5.075  4.934  4.883  4.868  5.078  5.071  4.963  4.959  4.804  4.754  4.940  4.844  5.100  5.081  4.931  4.942  4.997  5.100  5.083  5.081  5.050  5.283
5.136  4.868  4.933  4.963  5.094  4.984  4.920  4.984  4.920  5.147  5.176  5.056  5.126  5.063  5.165  4.905  4.911  5.037  5.011  5.037  5.170  5.056  5.011  5.105  4.890  4.858  4.860  4.836  4.796  4.654  5.024  5.030  4.913  5.009  4.996  4.887  4.949  4.920  4.963  4.956  4.820  4.894
4.277  4.174  4.043  4.119  4.234  4.288  4.174  4.267  4.234  4.477  4.220  4.466  4.511  4.331  4.394  4.205  3.829  4.357  4.382  4.234  4.205  3.989  4.140  4.304  3.892  4.220  3.989  4.052  4.060  3.908  3.985  3.951  3.989  4.205  4.111  4.078  4.270  4.127  4.124  4.220  4.094  4.317
3.611  3.605  3.459  3.434  3.555  3.466  3.550  3.506  3.714  3.555  3.497  3.401  3.714  3.490  3.584  3.584  3.611  3.638  3.638  3.638  3.638  3.605  3.555  3.526  3.401  3.497  3.526  3.526  3.497  3.332  3.466  3.497  3.434  3.401  3.401  3.555  3.475  3.367  3.434  3.611  3.332  3.367
4.595  4.454  4.489  4.477  4.404  4.522  4.466  4.466  4.443  4.546  4.466  4.509  4.625  4.477  4.691  4.554  4.477  4.466  4.554  4.585  4.575  4.477  4.466  4.625  4.419  4.466  4.277  4.179  4.238  4.290  4.382  4.431  4.585  4.543  4.522  4.477  4.369  4.392  4.454  4.317  4.500  4.516
3.466  3.584  3.611  3.761  3.658  3.497  3.466  3.555  3.584  3.555  3.296  3.584  3.584  3.709  3.555  3.555  3.584  3.664  3.526  3.829  3.738  3.584  3.555  3.611  3.689  3.526  3.605  3.258  3.296  3.578  3.664  3.638  3.497  3.701  3.497  3.584  3.555  3.497  3.555  3.367  3.466  3.605
5.142  4.920  5.088  5.165  5.153  5.278  4.879  5.209  5.215  5.318  5.142  5.308  5.316  5.118  5.252  4.997  4.812  5.158  5.366  5.357  5.037  5.081  4.856  4.927  5.069  5.146  4.990  4.942  4.771  4.852  4.920  4.644  5.231  5.123  4.913  5.182  4.898  5.159  5.106  5.068  5.193  5.283
3.738  3.664  3.807  3.738  3.892  3.745  3.611  3.784  3.638  3.761  3.784  3.738  3.761  3.892  3.989  3.638  3.664  3.780  3.932  3.871  3.871  3.839  3.555  3.807  3.802  3.892  3.791  3.611  3.526  3.611  3.638  3.664  3.791  3.611  3.738  3.714  3.526  3.721  3.605  3.555  3.689  3.638
