5.227  4.860  5.103  5.030  5.165  5.056  5.050  5.226  5.155  5.187  5.063  5.263  5.112  5.037  5.075  4.920  4.852  4.977  4.860  5.081  5.226  5.024  4.812  4.860  4.926  4.963  4.771  4.787  4.654  4.652  4.828  4.956  5.050  4.956  4.913  5.004  4.926  5.063  4.896  4.860  4.909  5.130
4.997  4.608  4.794  4.794  4.771  4.779  4.673  4.828  4.779  4.905  4.854  4.924  4.771  4.745  4.896  4.727  4.533  4.745  4.700  4.828  4.644  4.673  4.585  4.812  4.466  4.489  4.500  4.500  4.431  4.498  4.575  4.382  4.593  4.585  4.605  4.585  4.710  4.652  4.786  4.712  4.527  4.710
4.159  3.867  4.108  3.970  4.174  4.007  3.970  4.111  3.970  4.159  3.892  4.004  4.220  4.159  4.190  3.928  3.835  4.043  4.094  4.220  4.007  3.912  4.094  4.078  3.768  3.970  3.989  3.970  3.773  3.784  4.025  3.867  3.807  3.980  3.807  3.989  3.932  4.007  3.989  3.912  3.807  4.007
4.440  4.277  4.127  4.156  4.159  4.220  4.205  4.190  4.205  4.443  4.295  4.290  4.509  4.573  4.500  4.344  3.970  4.301  4.263  4.290  4.246  3.970  4.248  4.231  4.043  4.060  4.007  4.304  4.060  4.025  4.317  3.998  4.074  4.025  4.174  4.205  4.025  3.871  4.025  4.094  3.951  4.140
4.369  4.344  4.094  4.190  4.234  4.301  4.288  4.159  4.127  4.220  4.290  4.376  4.277  4.431  4.443  4.263  4.205  4.277  4.159  4.205  4.369  4.317  4.290  4.505  4.094  4.078  4.034  4.174  4.143  4.060  4.277  4.220  4.111  4.234  4.304  4.315  4.174  4.248  4.078  4.174  4.174  4.234
3.967  4.043  3.850  3.871  3.928  3.846  4.103  3.850  3.892  3.871  3.871  4.060  4.143  3.850  4.094  3.912  4.205  3.689  4.007  3.989  4.111  4.159  3.989  3.970  3.850  3.714  3.857  3.611  3.714  3.761  3.829  3.829  3.689  3.951  3.932  3.829  3.850  3.850  3.784  3.676  3.689  3.829
5.094  5.011  4.812  4.984  5.100  5.159  4.889  4.984  4.931  5.142  4.975  5.017  4.779  5.075  4.996  5.013  4.649  4.949  4.949  4.977  5.006  4.796  5.074  5.159  4.804  4.796  4.848  4.881  4.783  4.779  4.913  4.710  4.828  4.852  4.727  4.852  4.828  5.004  4.984  4.771  4.734  4.956
5.380  5.236  5.147  5.219  5.226  5.352  5.093  5.165  5.175  5.412  5.339  5.307  5.099  5.361  5.364  5.285  5.001  5.252  5.268  5.285  5.198  5.106  5.357  5.298  5.001  5.004  5.147  5.124  5.053  4.963  5.298  5.215  5.118  5.042  5.112  5.088  5.112  5.204  5.365  5.094  5.043  5.017
5.435  5.106  5.371  5.318  5.370  5.409  5.541  5.323  5.464  5.684  5.517  5.509  5.583  5.472  5.476  5.230  5.276  5.247  5.493  5.434  5.457  5.282  5.236  5.186  5.273  5.375  5.207  5.159  5.089  5.242  5.283  5.252  5.236  5.323  5.328  5.263  5.328  5.247  5.375  5.209  5.187  5.308
4.982  4.673  4.883  4.766  4.663  4.745  4.934  4.874  4.812  5.088  4.927  5.017  5.069  4.963  5.030  4.820  4.898  4.820  4.913  4.963  5.100  4.879  4.718  4.984  4.890  4.771  4.762  4.657  4.593  4.654  4.771  4.812  4.710  4.905  4.812  4.875  4.836  4.773  4.820  4.736  4.682  4.635
3.497  3.584  3.526  3.584  3.555  3.584  3.638  3.466  3.664  3.611  3.466  3.584  3.490  3.689  3.714  3.459  3.555  3.611  3.611  3.892  3.632  3.638  3.526  3.709  3.584  3.434  3.638  3.526  3.714  3.555  3.526  3.829  3.520  3.651  3.584  3.434  3.541  3.401  3.466  3.434  3.555  3.526
3.761  3.701  3.829  3.689  3.768  3.761  3.664  3.829  3.689  3.611  3.401  3.857  3.850  3.761  3.761  3.671  3.714  3.611  3.835  3.902  3.738  3.738  3.689  3.807  3.584  3.624  3.689  3.714  3.497  3.526  3.689  3.761  3.714  3.761  3.611  3.584  3.584  3.645  3.466  3.466  3.497  3.611
3.761  3.714  3.922  3.738  3.671  3.689  3.761  3.867  3.835  3.839  3.689  3.928  3.871  3.784  3.829  3.807  3.888  3.638  4.111  4.143  3.951  3.871  3.638  3.813  3.761  3.784  3.714  3.750  3.555  3.684  3.664  3.871  3.892  3.638  3.714  3.761  3.780  3.824  3.689  3.761  3.611  3.784
3.611  3.526  3.570  3.721  3.555  3.526  3.466  3.714  3.761  3.829  3.434  3.761  3.664  3.664  3.689  3.497  3.638  3.497  3.584  3.829  3.664  3.638  3.664  3.761  3.526  3.434  3.497  3.550  3.434  3.578  3.497  3.611  3.738  3.584  3.714  3.689  3.624  3.671  3.526  3.401  3.541  3.497
4.662  4.595  4.644  4.828  4.682  4.710  4.593  4.680  4.727  4.762  4.682  4.682  4.868  4.820  4.920  4.477  4.477  4.466  4.794  5.017  4.700  4.552  4.654  4.676  4.543  4.520  4.533  4.564  4.416  4.419  4.580  4.557  4.762  4.615  4.477  4.762  4.522  4.585  4.541  4.663  4.595  4.635
4.431  4.143  4.344  4.425  4.234  4.317  4.317  4.357  4.369  4.443  4.407  4.382  4.522  4.489  4.682  4.274  4.288  4.404  4.595  4.615  4.489  4.277  4.190  4.404  4.419  4.256  4.174  4.277  4.127  4.078  4.220  4.202  4.281  4.357  4.263  4.190  4.220  4.380  4.331  4.357  4.234  4.304
4.718  4.644  4.492  4.790  4.578  4.549  4.673  4.562  4.654  4.583  4.511  4.691  4.727  4.843  4.820  4.546  4.736  4.605  4.812  4.942  4.749  4.730  4.682  4.762  4.443  4.489  4.483  4.564  4.304  4.516  4.511  4.615  4.673  4.644  4.652  4.595  4.489  4.671  4.673  4.477  4.605  4.595
4.187  4.060  4.217  4.182  4.388  4.052  4.304  4.182  4.317  4.344  4.127  4.220  4.304  4.413  4.466  4.267  4.290  4.277  4.466  4.522  4.419  4.260  4.304  4.357  4.277  4.111  4.127  4.060  3.967  3.947  4.174  4.248  4.248  4.220  4.159  4.159  4.078  4.263  4.205  4.156  4.263  4.078
4.263  4.174  4.248  3.912  3.970  4.263  4.143  4.111  4.043  4.234  4.220  4.174  4.394  4.317  4.382  4.094  4.143  4.190  4.263  4.190  4.205  4.263  4.159  4.234  4.132  4.190  4.256  4.382  4.111  4.060  4.217  4.127  4.025  4.140  4.094  4.231  4.043  4.094  3.932  4.159  3.850  4.277
4.156  4.174  4.007  4.007  4.174  4.025  3.985  4.159  4.234  4.127  4.317  4.078  4.369  4.357  4.174  3.989  4.159  4.111  4.220  4.205  4.295  4.111  4.248  4.143  4.069  4.174  4.099  4.078  4.022  4.078  4.171  4.043  3.932  4.069  4.190  4.174  4.127  4.025  3.892  3.932  3.989  3.989
4.815  4.652  4.726  4.736  4.760  4.727  4.477  4.663  4.644  4.890  4.736  4.663  5.004  4.779  4.771  4.654  4.605  4.860  4.823  5.011  4.828  4.625  4.752  4.736  4.511  4.575  4.605  4.494  4.464  4.363  4.575  4.595  4.745  4.710  4.585  4.700  4.625  4.710  4.852  4.654  4.575  4.583
4.527  4.394  4.425  4.522  4.382  4.554  4.231  4.392  4.363  4.595  4.585  4.290  4.552  4.516  4.509  4.344  4.234  4.522  4.454  4.625  4.431  4.382  4.241  4.431  4.277  4.205  4.290  4.290  4.143  4.040  4.256  4.248  4.431  4.344  4.394  4.344  4.190  4.394  4.357  4.431  4.234  4.419
