6.004  5.656  5.894  5.633  5.976  6.068  5.820  5.996  5.922  6.006  5.808  5.897  6.096  5.894  5.966  5.872  5.624  5.903  5.897  5.846  5.700  5.670  5.638  5.689  5.553  5.778  5.746  5.817  5.590  5.793  5.704  5.481  5.673  5.820  5.624  5.829  5.932  5.875  5.793  5.945  5.557  5.875
5.112  4.804  4.956  4.812  5.024  4.984  5.004  4.986  5.159  5.142  4.896  5.075  5.170  5.094  5.088  4.927  4.649  5.043  5.106  4.926  5.130  4.954  4.844  4.961  4.836  5.004  4.852  4.779  4.905  4.820  4.787  4.714  4.896  4.994  4.820  5.085  5.093  5.050  4.875  4.875  4.828  4.965
6.658  6.405  6.637  6.373  6.619  6.685  6.672  6.647  6.693  6.847  6.641  6.764  6.768  6.627  6.704  6.572  6.378  6.535  6.809  6.486  6.623  6.492  6.484  6.417  6.664  6.640  6.558  6.483  6.275  6.535  6.485  6.347  6.462  6.653  6.680  6.588  6.544  6.497  6.443  6.558  6.445  6.719
5.088  4.924  4.963  4.769  4.885  4.929  5.112  4.954  5.097  5.297  5.043  5.236  5.124  5.150  5.196  4.984  4.947  4.836  5.176  4.898  5.074  5.021  4.956  5.017  5.037  5.004  4.958  4.754  4.673  4.890  4.949  4.949  4.691  5.187  5.136  5.147  4.907  4.844  4.804  4.824  4.749  4.977
6.528  6.356  6.353  6.353  6.443  6.494  6.425  6.404  6.438  6.588  6.576  6.519  6.540  6.433  6.564  6.358  6.144  6.513  6.516  6.337  6.492  6.352  6.457  6.323  6.228  6.332  6.238  6.303  6.159  6.172  6.404  6.244  6.232  6.349  6.328  6.281  6.333  6.342  6.335  6.454  6.229  8.937
4.956  4.922  4.682  4.727  4.844  4.989  5.075  4.898  5.024  5.088  4.997  4.990  4.984  4.984  5.037  4.726  4.754  4.860  4.836  4.690  4.934  4.819  4.920  4.963  4.754  4.752  4.605  4.777  4.489  4.771  4.691  4.717  4.743  4.796  4.745  4.828  4.890  4.736  4.771  4.771  4.625  4.727
6.012  5.869  5.832  5.924  5.930  5.898  5.894  5.838  5.863  6.023  5.875  5.932  5.994  5.823  5.958  5.745  5.787  5.724  5.932  5.805  5.914  5.953  5.825  5.905  5.838  5.817  5.806  5.791  5.637  5.808  5.862  5.878  5.846  5.984  6.023  5.943  5.858  5.889  5.734  5.796  5.823  5.911
4.982  4.984  4.827  4.949  5.001  4.828  4.956  4.990  4.883  5.088  4.977  5.037  5.024  4.883  5.069  4.843  5.043  4.787  4.700  5.081  5.056  5.094  4.933  5.037  4.997  4.875  4.734  4.705  4.691  4.736  4.864  4.905  4.844  4.890  5.037  4.927  4.937  4.828  4.808  4.649  4.820  4.787
7.385  7.072  7.236  7.161  7.085  7.292  7.153  7.194  7.070  7.300  7.240  7.313  7.320  7.185  7.246  7.092  7.014  7.302  7.309  7.213  7.038  7.093  7.215  7.172  7.172  7.390  7.203  7.233  7.093  7.101  6.832  6.934  6.715  7.196  7.102  7.206  7.225  7.229  7.097  7.265  7.118  7.241
5.960  5.835  5.981  5.805  5.557  6.021  5.834  5.979  5.733  6.094  6.037  6.118  6.165  6.020  6.063  5.761  5.724  5.935  5.956  5.882  5.881  5.885  5.790  5.762  5.775  5.942  5.908  5.808  5.649  5.710  5.170  5.600  4.890  5.811  5.805  5.771  5.828  5.697  5.666  5.765  5.695  5.680
7.112  6.807  6.930  6.849  6.952  6.965  6.859  6.900  6.922  7.002  6.911  6.996  7.151  6.951  7.004  6.832  6.839  6.879  7.032  7.054  6.847  6.755  6.868  6.916  6.832  7.070  6.842  6.792  6.889  6.810  6.860  6.658  6.848  6.854  6.815  6.900  6.835  6.951  6.846  6.941  6.794  6.925
7.469  7.230  7.302  7.272  7.297  7.335  7.239  7.306  7.344  7.375  7.309  7.355  7.553  7.276  7.419  7.229  7.368  7.356  7.415  7.594  7.348  7.139  7.244  7.306  7.249  7.488  7.227  7.141  7.294  7.155  7.171  7.068  7.209  7.320  7.276  7.283  7.296  7.272  7.167  7.277  7.150  7.281
6.303  6.137  6.075  6.151  6.328  6.254  6.145  6.136  6.176  6.290  6.306  6.207  6.321  6.258  6.326  6.122  5.911  6.342  6.194  6.084  6.133  6.054  6.194  6.098  6.063  6.091  6.038  6.068  5.897  5.916  6.111  6.021  6.033  6.176  6.047  6.192  6.060  6.165  6.194  6.209  5.948  6.133
5.283  5.460  5.287  5.321  5.366  5.361  5.356  5.375  5.328  5.485  5.384  5.442  5.537  5.407  5.690  5.247  5.207  5.303  5.375  5.361  5.403  5.308  5.415  5.476  5.236  5.147  5.170  5.217  5.075  5.158  5.193  5.192  5.153  5.352  5.247  5.360  5.074  5.263  5.333  5.231  5.088  5.223
6.186  6.129  6.082  6.075  6.125  6.225  5.999  6.094  6.045  6.114  6.107  6.198  6.146  6.038  6.229  5.989  5.991  6.136  6.096  5.968  6.075  5.976  6.033  6.100  5.974  6.014  5.919  6.118  5.826  5.841  5.948  5.817  5.932  5.956  5.959  6.059  6.043  6.018  6.016  6.061  5.900  6.049
5.940  5.685  5.799  5.764  5.784  5.864  5.740  5.710  5.771  5.903  5.883  5.885  5.903  5.743  5.869  5.720  5.697  5.924  5.903  5.862  5.733  5.679  5.704  5.758  5.690  5.749  5.786  5.784  5.670  5.659  5.740  5.598  5.684  5.757  5.707  5.817  5.778  5.829  5.791  5.877  5.620  5.805
5.037  4.812  4.920  4.844  4.860  4.933  4.796  4.868  4.909  4.956  5.011  4.970  4.977  5.017  5.103  4.836  4.844  4.984  5.153  4.850  5.109  4.868  4.938  4.956  4.920  4.890  4.907  4.736  4.727  4.700  4.820  4.718  4.754  4.852  4.963  4.828  4.827  4.820  4.819  5.056  4.864  4.868
5.278  5.074  5.088  5.094  5.112  5.231  5.100  5.007  5.133  5.220  5.283  5.106  5.409  5.132  5.318  5.091  5.040  5.176  5.206  5.263  5.257  5.142  5.165  5.252  5.081  5.075  5.077  4.970  4.835  5.069  5.112  4.883  5.011  5.193  5.094  5.193  5.176  5.142  5.118  5.094  4.949  5.056
6.593  6.312  6.589  6.507  6.644  6.643  6.392  6.567  6.594  6.719  6.566  6.698  6.702  6.690  6.718  6.477  6.263  6.682  6.711  6.550  6.504  6.312  6.407  6.471  6.535  6.507  6.533  6.558  6.109  6.269  6.319  6.130  6.528  6.434  6.420  6.409  6.248  6.524  6.319  6.438  6.486  6.511
4.174  4.174  4.078  3.892  3.976  3.861  3.750  3.850  4.190  3.912  4.108  4.234  4.060  4.344  4.205  4.004  4.043  4.025  4.078  4.007  4.174  3.807  3.829  4.127  3.867  3.912  3.829  3.807  3.932  3.658  3.850  3.951  3.970  3.829  3.871  4.078  3.784  3.784  3.980  3.928  3.761  3.951
5.795  5.638  5.707  5.759  5.687  5.727  5.485  5.602  5.680  5.845  5.684  5.795  5.771  5.595  5.793  5.583  5.438  5.635  5.846  5.700  5.624  5.525  5.775  5.743  5.533  5.624  5.529  5.529  5.170  5.330  5.545  5.325  5.580  5.724  5.580  5.663  5.521  5.630  5.617  5.787  5.564  5.762
4.871  4.860  4.771  4.868  4.949  4.836  4.718  4.748  4.840  4.961  4.890  4.933  4.954  4.934  4.945  4.890  4.662  4.938  4.984  4.827  5.004  4.820  4.949  4.949  4.804  4.734  4.615  4.514  4.522  4.628  4.605  4.446  4.726  4.868  4.673  4.922  4.652  4.718  4.691  4.812  4.583  4.860
