5.940  7.754  5.778  5.872  5.802  5.966  6.011  5.894  5.986  6.011  5.966  6.004  6.098  6.061  6.035  5.983  5.945  5.935  5.966  5.866  5.981  5.943  5.864  6.011  5.878  5.924  5.841  5.847  5.844  5.881  5.930  5.838  5.817  5.962  6.019  5.919  6.001  5.858  5.759  5.849  5.781  5.892
5.656  5.572  5.313  5.513  5.595  5.537  5.690  5.617  5.606  5.743  5.501  5.576  5.642  5.595  5.631  5.541  5.565  5.375  5.541  5.525  5.664  5.647  5.527  5.694  5.568  5.497  5.440  5.416  5.394  5.412  5.529  5.469  5.400  5.493  5.694  5.613  5.485  5.481  5.386  5.338  5.370  5.541
6.031  5.816  6.014  5.855  6.001  6.133  5.986  6.073  6.062  6.085  6.019  6.125  6.188  6.111  6.091  5.967  5.762  6.116  6.105  5.946  6.000  5.874  5.929  5.900  5.948  5.990  5.955  5.979  5.704  5.846  5.847  5.710  5.795  5.985  5.901  5.878  6.016  6.016  5.971  5.969  5.861  6.045
4.779  4.819  4.779  4.754  4.844  4.875  4.977  4.762  4.956  4.970  4.864  5.013  5.081  4.984  4.913  4.942  4.710  4.966  5.024  4.898  4.898  4.835  4.794  4.890  4.769  4.915  4.828  4.804  4.625  4.700  4.625  4.745  4.736  4.847  4.868  4.905  4.913  4.844  5.130  4.868  4.625  4.804
5.743  5.328  5.517  5.337  5.511  5.622  5.525  5.598  5.472  5.733  5.587  5.697  5.663  5.700  5.704  5.529  5.257  5.655  5.523  5.541  5.425  5.375  5.407  5.403  5.421  5.541  5.476  5.505  5.242  5.288  5.357  5.226  5.372  5.464  5.525  5.375  5.434  5.549  5.553  5.574  5.361  5.561
4.564  4.419  4.369  4.248  4.428  4.422  4.522  4.543  4.562  4.500  4.277  4.554  4.575  4.593  4.682  4.407  4.281  4.509  4.443  4.443  4.642  4.290  4.357  4.533  4.357  4.382  4.344  4.394  4.159  4.331  4.304  4.304  4.341  4.443  4.500  4.315  4.344  4.454  4.357  4.380  4.344  4.477
6.168  5.942  6.096  6.118  6.145  6.122  6.116  6.134  6.161  6.286  6.240  6.263  6.159  6.043  6.188  6.043  5.930  5.966  6.219  6.126  6.218  6.050  5.945  5.932  6.084  6.014  6.009  5.994  5.857  5.859  5.974  6.045  6.014  6.052  6.121  6.059  6.014  6.103  6.043  5.949  6.082  6.043
6.280  6.172  6.135  6.170  6.159  6.250  6.275  6.184  6.265  6.372  6.354  6.303  6.254  6.217  6.340  6.116  6.132  6.126  6.229  6.138  6.332  6.236  6.248  6.170  6.101  6.025  6.061  6.091  5.875  6.007  6.129  6.108  6.101  6.196  6.222  6.157  6.215  6.125  6.109  6.019  6.080  6.021
6.715  6.592  6.681  6.682  6.701  6.866  6.763  6.736  6.733  6.833  6.779  6.840  6.800  6.718  6.899  6.727  6.657  6.676  6.778  6.652  6.748  6.664  6.599  6.629  6.675  6.686  6.589  6.529  6.372  6.509  6.661  6.526  6.628  6.725  6.648  6.594  6.720  6.709  6.636  6.540  6.575  6.680
5.971  5.657  5.778  5.817  5.771  5.848  5.756  5.690  5.690  5.945  5.881  5.883  5.884  5.823  5.979  5.707  5.523  5.743  5.740  5.838  5.690  5.628  5.727  5.759  5.638  5.707  5.624  5.620  5.598  5.491  5.697  5.455  5.762  5.817  5.665  5.629  5.626  5.784  5.678  5.781  5.743  5.720
6.080  6.068  6.105  6.138  6.040  6.219  6.254  6.114  6.244  6.315  6.153  6.368  6.260  6.161  6.299  6.133  6.223  6.033  6.235  6.066  6.405  6.165  6.212  6.299  6.098  6.059  6.061  5.855  5.844  6.043  6.192  6.066  6.117  6.196  6.256  6.131  6.207  6.083  5.924  5.869  6.078  6.075
5.886  5.720  5.778  5.908  5.837  5.771  5.796  5.823  5.782  6.004  5.823  5.941  5.894  5.790  5.958  5.790  5.628  5.700  5.903  5.811  5.838  5.852  5.814  5.775  5.710  5.668  5.717  5.500  5.485  5.547  5.786  5.630  5.705  5.766  5.766  5.793  5.740  5.781  5.583  5.714  5.677  5.717
5.196  5.096  5.136  5.030  5.208  5.209  5.145  5.161  5.239  5.384  5.288  5.242  5.342  5.204  5.236  5.058  5.042  5.197  5.247  5.247  5.176  5.056  4.999  5.094  5.050  5.252  5.176  5.139  4.836  4.898  4.890  4.779  4.894  4.975  5.037  5.112  5.075  5.050  4.989  5.187  4.954  5.088
4.477  4.304  4.344  4.234  4.331  4.277  4.171  4.434  4.363  4.394  4.357  4.413  4.434  4.277  4.392  4.248  4.431  4.277  4.500  4.489  4.466  4.315  4.290  4.388  4.127  4.369  4.205  4.078  4.220  4.078  4.094  4.234  4.394  4.190  4.248  4.220  4.220  4.108  4.174  4.094  4.156  4.341
4.904  4.559  4.600  4.828  4.727  4.779  4.654  4.796  4.820  4.796  4.727  4.970  4.927  4.864  4.947  4.640  4.736  4.811  4.812  4.911  4.827  4.541  4.477  4.454  4.603  4.644  4.649  4.676  4.605  4.585  4.533  4.522  4.700  4.718  4.673  4.796  4.585  4.820  4.905  4.787  4.736  4.812
4.190  4.108  4.060  4.205  4.127  4.159  3.970  4.111  4.143  4.111  4.202  4.220  4.304  4.159  4.382  4.022  4.091  4.220  4.174  4.354  4.290  4.174  4.025  4.060  4.205  4.078  4.111  4.025  3.942  3.912  3.967  4.057  4.263  4.078  4.159  4.060  4.127  4.094  4.234  4.127  4.007  4.025
6.875  6.822  6.817  6.676  6.909  6.965  6.395  6.758  6.919  6.890  6.873  7.006  7.037  7.003  6.978  6.832  6.410  7.019  6.969  6.864  6.775  6.739  6.797  6.862  6.687  6.742  6.772  6.798  6.558  6.693  6.780  6.572  6.675  6.821  6.694  6.822  6.773  6.864  6.751  6.908  6.611  6.788
5.371  5.682  5.537  5.219  5.489  5.697  4.820  5.352  5.620  5.572  5.509  5.693  5.758  5.823  5.778  5.497  5.190  5.670  5.724  5.687  5.565  5.672  5.717  5.811  5.352  5.527  5.537  5.561  5.247  5.366  5.424  5.303  5.421  5.649  5.468  5.680  5.682  5.666  5.618  5.690  5.318  5.613
5.941  5.847  5.788  5.775  5.924  5.943  5.727  5.875  5.817  5.956  5.899  5.938  5.954  5.940  5.900  5.659  5.600  5.911  5.859  5.829  5.701  5.568  5.805  5.704  5.749  5.779  5.624  5.771  5.521  5.525  5.720  5.540  5.670  5.793  5.628  5.753  5.654  5.894  5.828  5.778  5.624  5.799
4.850  4.868  4.852  4.727  4.920  4.963  4.847  4.970  4.926  5.043  4.890  5.045  5.004  5.075  5.081  4.852  4.862  5.030  4.890  4.898  5.036  4.773  4.927  5.009  4.881  4.890  4.796  4.835  4.762  4.796  4.700  4.668  4.644  4.875  4.792  5.037  4.754  4.804  4.852  4.812  4.564  4.844
5.293  5.124  5.226  5.283  5.220  5.273  5.102  5.198  5.124  5.361  5.247  5.308  5.308  5.303  5.293  5.165  5.069  5.278  5.263  5.215  5.242  5.069  5.198  5.236  5.030  5.136  5.100  5.193  5.030  5.024  5.170  5.034  5.165  5.118  5.170  5.286  5.086  5.118  5.198  5.303  5.063  5.247
4.927  5.050  4.927  4.977  5.042  5.075  4.996  4.990  5.100  5.106  5.193  5.086  5.182  5.017  5.259  5.074  5.024  5.088  5.004  5.069  5.143  5.088  4.984  5.189  4.942  5.004  5.068  5.069  4.828  5.004  5.096  4.954  4.984  5.004  5.017  5.115  5.003  4.919  4.890  5.011  4.905  4.997
