4.043  4.111  3.932  3.871  3.970  3.970  4.174  4.205  4.174  4.190  4.007  4.220  4.357  4.135  4.277  3.989  3.892  4.111  4.159  4.094  4.159  4.174  3.951  4.111  4.060  3.970  3.892  3.784  3.784  3.951  3.877  4.007  4.007  4.190  4.094  3.970  3.912  3.867  3.892  4.078  3.784  3.951
3.850  3.908  3.824  3.989  3.892  3.908  4.025  3.871  3.912  4.016  3.738  4.108  4.060  3.892  4.190  4.094  3.928  3.807  3.892  4.007  3.951  3.912  3.871  3.902  3.839  3.871  3.850  3.676  3.611  3.664  3.867  3.850  3.784  3.839  4.043  3.850  3.871  3.638  3.761  3.871  3.784  3.912
4.357  4.454  4.304  4.263  4.234  4.382  4.394  4.297  4.452  4.454  4.382  4.437  4.543  4.443  4.554  4.304  4.248  4.234  4.511  4.344  4.443  4.248  4.304  4.398  4.217  4.317  4.205  4.174  4.159  4.078  4.248  4.263  4.111  4.297  4.369  4.241  4.190  4.317  4.234  4.179  4.174  4.205
4.159  4.317  4.127  4.124  4.217  4.078  4.304  4.263  4.263  4.220  4.143  4.190  4.234  4.369  4.407  4.174  4.190  4.263  4.124  4.205  4.382  4.127  4.220  4.443  4.086  4.159  4.127  3.761  3.850  3.892  4.060  4.174  3.871  4.078  4.140  4.132  4.140  3.871  3.892  3.784  3.932  4.091
6.118  5.855  6.045  5.996  5.883  6.078  5.995  5.969  6.031  6.387  6.016  6.071  6.172  5.976  6.205  6.045  5.918  5.943  6.078  5.938  6.023  5.979  5.975  6.175  5.694  5.753  5.916  5.784  5.832  5.911  5.940  5.805  5.946  5.855  5.983  5.866  5.969  5.802  5.881  5.756  5.680  5.811
6.558  6.317  6.354  6.384  6.370  6.604  6.433  6.352  6.497  6.614  6.531  6.541  6.474  6.387  6.482  6.333  6.315  6.292  6.447  6.306  6.495  6.555  6.292  6.439  6.284  6.225  6.240  6.242  6.192  6.267  6.370  6.284  6.244  6.273  6.330  6.384  6.376  6.336  6.423  6.198  6.265  6.395
5.094  5.029  5.030  5.045  5.058  4.934  5.063  4.977  4.996  5.273  4.977  5.024  5.147  5.017  5.126  4.942  4.963  5.004  5.011  5.017  5.011  5.047  4.890  5.069  4.927  4.787  4.977  4.904  4.927  4.820  5.003  5.024  4.990  5.034  5.030  5.068  5.009  4.933  4.898  4.982  4.927  5.023
6.299  6.109  6.176  6.248  6.248  6.227  6.129  6.067  6.101  6.347  6.330  6.192  6.242  6.029  6.179  6.071  6.026  6.103  6.148  6.109  6.168  6.114  6.146  6.180  5.930  5.918  6.019  6.074  5.855  5.996  6.125  5.945  5.964  6.035  6.182  6.163  6.073  6.094  6.067  6.073  6.021  5.971
4.295  4.143  4.394  4.220  4.392  4.043  4.190  4.143  4.324  4.575  4.220  4.256  4.234  4.354  4.317  4.304  4.094  4.290  4.331  4.443  4.304  4.143  4.317  4.388  4.140  4.159  3.980  4.174  4.060  4.103  4.143  4.174  4.205  3.970  4.111  4.197  4.127  4.094  3.970  4.007  4.078  4.094
4.999  4.942  4.868  4.883  4.745  4.718  4.889  4.868  4.779  5.030  4.926  4.812  5.050  4.913  5.016  4.682  4.762  4.840  4.836  4.844  4.920  4.828  4.852  4.920  4.644  4.710  4.618  4.787  4.575  4.625  4.727  4.727  4.564  4.700  4.787  4.771  4.745  4.749  4.710  4.691  4.605  4.700
4.220  4.220  4.277  4.217  4.277  4.304  4.419  4.443  4.220  4.369  4.369  4.344  4.437  4.256  4.431  4.328  4.179  4.277  4.277  4.331  4.331  4.205  4.043  4.205  4.317  4.220  4.234  4.159  4.043  4.124  4.304  4.248  4.212  4.260  4.290  4.317  4.277  4.234  4.190  4.220  4.156  4.234
4.382  4.234  4.489  4.335  4.489  4.369  4.533  4.530  4.357  4.477  4.407  4.541  4.511  4.615  4.483  4.290  4.348  4.431  4.472  4.357  4.419  4.522  4.174  4.317  4.260  4.324  4.205  4.205  4.238  4.190  4.205  4.394  4.248  4.234  4.443  4.290  4.392  4.234  4.234  4.263  4.205  4.304
4.260  4.317  4.274  4.620  4.234  4.520  4.369  4.290  4.509  4.440  4.425  4.248  4.511  4.407  4.419  4.234  4.394  4.301  4.543  4.419  4.460  4.341  4.205  4.344  4.392  4.315  4.394  4.248  4.263  4.248  4.324  4.143  4.357  4.248  4.543  4.304  4.248  4.043  4.241  4.043  4.388  4.205
4.466  4.331  4.304  4.263  4.234  4.875  4.290  4.174  4.466  4.489  4.234  4.394  4.382  4.416  4.525  4.171  4.127  4.301  4.431  4.554  4.344  4.231  4.394  4.454  4.277  4.311  4.060  4.234  4.382  4.111  4.331  4.248  4.404  4.094  4.304  4.350  4.094  4.094  4.331  4.304  4.297  4.220
4.736  4.533  4.595  4.673  4.700  4.489  4.663  4.564  4.543  4.754  4.564  4.673  4.860  4.804  4.717  4.564  4.605  4.511  4.804  4.786  4.644  4.605  4.644  4.723  4.541  4.522  4.522  4.522  4.407  4.428  4.554  4.489  4.404  4.530  4.522  4.595  4.543  4.575  4.466  4.533  4.663  4.585
3.912  3.807  4.025  3.689  3.908  3.871  3.850  3.829  3.912  3.850  3.932  3.989  4.143  4.091  4.111  3.918  3.970  3.807  3.947  4.156  3.892  3.912  3.989  4.016  3.912  3.970  4.060  3.871  3.912  3.761  3.761  3.850  3.912  3.850  3.912  4.108  3.714  3.714  3.882  3.791  3.970  3.908
5.587  5.447  5.453  5.509  5.545  5.481  5.460  5.513  5.421  6.103  6.066  6.023  6.365  6.303  6.400  6.841  6.567  7.044  5.313  5.485  5.447  5.338  5.371  5.454  5.129  5.094  5.231  5.207  5.156  5.118  5.247  5.193  5.247  5.081  5.247  5.323  5.357  5.346  5.353  5.313  5.094  5.214
5.030  5.081  5.004  5.176  4.956  5.077  5.069  5.024  4.934  5.286  5.257  5.263  5.434  5.451  5.442  5.548  5.476  5.844  5.056  4.977  5.069  4.956  5.011  5.096  4.787  4.812  4.844  4.924  4.718  4.839  4.913  4.860  5.019  4.963  4.889  4.961  4.924  4.883  5.011  4.997  4.862  4.990
3.942  3.807  3.689  3.888  3.689  3.829  3.738  3.664  3.892  3.970  3.733  3.807  3.871  3.932  3.970  3.784  3.784  3.761  3.932  3.932  3.932  3.795  3.850  3.807  3.850  3.761  4.025  3.714  3.664  3.664  3.733  3.780  3.761  3.784  3.689  3.807  3.714  3.714  3.761  3.638  3.784  3.676
3.745  3.664  3.645  3.658  3.497  3.555  3.689  3.784  3.807  3.932  3.584  3.638  3.892  3.829  3.918  3.611  3.829  3.696  3.611  3.761  3.784  3.824  3.584  3.892  3.578  3.526  3.802  3.664  3.689  3.761  3.611  3.714  3.689  3.638  3.664  3.555  3.555  3.714  3.555  3.526  3.584  3.757
4.875  4.934  4.920  5.106  5.081  4.874  4.890  4.883  4.963  4.952  4.836  4.920  5.088  4.890  5.004  4.913  4.868  4.966  4.989  4.956  4.909  4.848  4.898  4.905  4.714  4.682  4.743  4.673  4.615  4.657  4.816  4.745  4.961  4.883  4.874  4.736  4.771  5.075  4.963  4.852  4.890  4.970
5.198  5.255  5.342  5.361  5.287  5.384  5.153  5.303  5.403  5.371  5.311  5.414  5.423  5.242  5.486  5.243  5.147  5.189  5.463  5.366  5.403  5.173  5.247  5.207  5.288  5.069  5.024  4.997  5.069  4.997  5.126  5.170  5.270  5.234  5.209  5.183  5.153  5.308  5.037  5.159  5.176  5.308
