3.714  3.550  3.761  3.829  3.738  3.684  3.584  3.738  3.761  3.871  3.550  3.761  3.784  3.761  3.714  3.761  3.584  3.584  3.761  3.985  3.802  4.007  3.689  3.892  3.638  3.829  3.638  3.611  3.497  3.638  3.541  3.611  3.584  3.332  3.555  3.466  3.584  3.555  3.664  3.584  3.584  3.611
3.584  3.555  3.738  3.497  3.584  3.526  3.296  3.714  3.466  3.401  3.332  3.611  3.638  3.638  3.638  3.689  3.611  3.619  3.676  3.829  3.689  3.401  3.526  3.584  3.497  3.555  3.497  3.367  3.367  3.466  3.555  3.689  3.605  3.526  3.497  3.497  3.466  3.526  3.434  3.638  3.395  3.555
4.527  4.852  4.533  4.595  4.920  4.760  4.511  4.673  4.710  4.754  4.654  4.868  4.174  4.489  4.585  4.682  4.025  4.773  4.811  4.562  4.771  4.369  4.828  4.615  4.357  4.580  4.700  4.662  4.369  4.543  4.710  4.317  4.516  4.654  4.615  4.756  4.644  4.575  4.489  4.557  4.425  4.533
4.696  5.075  4.575  4.779  4.820  4.787  4.605  4.745  4.663  4.734  4.585  5.030  4.174  4.317  4.595  4.875  4.248  4.700  4.913  4.673  4.890  4.575  4.852  4.727  4.615  4.605  4.554  4.635  4.431  4.595  4.779  4.413  4.640  4.583  4.603  4.752  4.736  4.687  4.635  4.509  4.443  4.727
3.738  3.829  3.888  3.850  3.784  3.701  3.784  3.850  3.829  3.932  3.928  3.784  3.989  3.871  3.951  3.807  3.829  3.780  3.714  3.857  4.132  3.908  3.664  4.043  3.807  3.689  3.689  3.664  3.638  3.795  3.807  3.813  4.025  3.871  3.761  3.807  3.807  3.738  3.555  3.714  3.638  3.709
3.932  3.714  3.861  3.892  3.892  3.951  3.871  3.738  3.829  3.989  3.784  3.738  3.989  3.761  3.850  3.761  3.947  3.584  3.961  3.967  3.802  3.912  3.824  3.784  3.871  3.664  3.658  3.761  3.632  3.733  3.738  3.912  3.985  3.807  3.829  3.829  3.689  3.526  3.738  3.526  3.738  3.658
3.584  3.497  3.871  3.466  3.459  3.611  3.367  3.605  3.726  3.584  3.555  3.555  3.611  3.605  3.757  3.555  3.497  3.871  3.850  3.829  3.773  3.555  3.696  3.784  3.555  3.258  3.611  3.689  3.367  3.714  3.434  3.555  3.714  3.367  3.367  3.497  3.638  3.325  3.638  3.401  3.481  3.555
3.481  3.401  3.434  3.332  3.367  3.367  3.367  3.360  3.578  3.555  3.418  3.526  3.466  3.497  3.632  3.466  3.401  3.497  3.526  3.526  3.434  3.367  3.466  3.578  3.401  3.367  3.497  3.401  3.325  3.360  3.325  3.466  3.332  3.367  3.434  3.401  3.367  3.296  3.332  3.367  3.395  3.395
3.288  3.401  3.434  3.288  3.526  3.401  3.296  3.395  3.367  3.611  3.219  3.497  3.684  3.611  3.497  3.466  3.434  3.466  3.664  3.428  3.555  3.367  3.428  3.584  3.466  3.497  3.434  3.367  3.367  3.466  3.434  3.434  3.512  3.401  3.490  3.332  3.367  3.360  3.296  3.219  3.395  3.401
3.219  3.332  3.605  3.332  3.367  3.367  3.401  3.555  3.497  3.367  3.497  3.466  3.664  3.584  3.555  3.401  3.296  3.466  3.434  3.714  3.638  3.367  3.619  3.497  3.428  3.360  3.459  3.434  3.367  3.555  3.459  3.434  3.497  3.401  3.367  3.367  3.384  3.401  3.332  3.332  3.434  3.526
4.363  4.369  4.477  4.615  4.443  4.344  4.357  4.489  4.431  4.331  4.290  4.344  4.543  4.511  4.644  4.143  4.290  4.328  4.580  4.625  4.472  4.443  4.386  4.543  4.277  4.231  4.127  4.205  3.989  4.127  4.317  4.407  4.317  4.407  4.234  4.419  4.263  4.304  4.231  4.301  4.227  4.277
4.074  4.007  3.932  4.025  4.111  4.174  4.074  3.932  4.025  4.124  4.060  4.111  4.357  4.174  4.263  3.951  4.094  3.970  4.143  4.111  4.367  4.060  4.025  4.094  4.078  4.111  3.951  3.951  3.761  3.829  4.043  4.060  3.970  4.078  4.040  4.190  4.007  4.174  4.124  4.025  3.970  4.013
4.483  4.407  4.404  4.522  4.407  4.143  4.277  4.256  4.635  4.477  4.274  4.234  4.554  4.605  4.787  4.304  4.277  4.419  4.673  4.431  4.522  4.394  4.382  4.710  4.205  4.220  4.220  4.220  4.227  4.304  4.205  4.317  4.500  4.263  4.205  4.308  4.304  4.248  4.331  4.277  4.234  4.187
3.664  3.867  3.784  3.942  3.850  3.995  3.807  3.951  3.780  3.850  3.761  3.738  4.025  4.140  4.187  3.784  4.078  3.951  3.989  3.807  4.007  3.989  3.802  3.892  3.738  3.829  3.829  3.784  3.689  3.932  3.951  4.094  4.091  3.912  3.892  3.892  3.738  3.784  3.714  3.784  3.888  3.664
3.867  3.829  4.007  3.951  3.689  4.025  3.761  3.829  3.888  3.829  3.892  3.970  3.970  4.025  4.108  3.738  3.807  3.888  4.111  4.025  3.998  4.060  3.951  4.074  3.918  3.861  3.714  3.784  3.871  3.807  3.989  4.094  3.947  4.031  3.912  3.829  3.761  3.761  3.689  3.871  3.850  3.846
3.892  3.738  3.807  3.689  3.780  3.689  3.611  3.850  3.807  3.892  3.784  3.871  3.989  3.871  3.871  3.738  3.738  4.022  3.908  3.824  3.951  3.871  3.850  3.970  3.861  3.807  3.714  3.733  3.738  3.807  3.791  3.807  3.932  3.829  3.714  3.912  3.738  3.784  3.689  3.638  3.892  3.761
4.718  4.585  4.682  4.644  4.633  4.662  4.613  4.605  4.654  4.745  4.748  4.771  4.804  4.754  4.804  4.593  4.779  4.673  4.745  4.812  4.852  4.691  4.605  4.898  4.552  4.605  4.575  4.554  4.407  4.443  4.613  4.525  4.595  4.605  4.727  4.638  4.700  4.575  4.554  4.489  4.644  4.663
4.956  4.700  4.875  5.111  4.836  4.931  4.915  4.893  4.819  4.875  4.800  4.949  5.050  4.736  5.100  4.718  4.852  4.708  5.100  5.112  5.007  4.905  4.756  5.011  4.819  4.804  4.647  4.736  4.580  4.635  4.756  4.802  5.011  4.927  4.836  4.927  4.844  4.779  4.727  4.739  4.836  4.913
3.824  3.611  3.738  3.784  3.912  3.638  3.689  3.932  3.738  3.738  3.784  3.892  3.850  3.784  3.970  3.684  3.829  3.714  3.908  4.025  4.060  3.989  3.738  3.829  3.807  3.761  3.689  3.761  3.757  3.605  3.761  3.784  3.664  3.829  3.824  3.689  3.638  3.738  3.738  3.709  3.714  3.784
4.564  4.543  4.564  4.500  4.500  4.605  4.575  4.554  4.464  4.708  4.500  4.500  4.710  4.564  4.745  4.449  4.682  4.552  4.680  4.710  4.694  4.736  4.554  4.691  4.564  4.557  4.401  4.382  4.248  4.431  4.498  4.511  4.595  4.598  4.699  4.554  4.533  4.394  4.533  4.401  4.454  4.575
4.625  4.820  4.754  5.004  4.790  4.812  4.700  4.812  4.828  4.710  4.699  4.796  4.881  4.852  5.094  4.771  4.718  4.644  5.069  4.963  5.078  4.894  4.635  4.828  4.754  4.828  4.677  4.554  4.489  4.564  4.644  4.794  4.920  4.913  4.920  4.913  4.796  4.875  4.638  4.718  4.952  4.762
5.001  4.934  4.990  5.366  4.987  5.063  4.905  5.004  5.094  5.069  4.956  5.182  5.030  4.984  5.209  4.844  5.140  4.956  5.187  5.283  5.209  5.061  4.934  5.043  5.075  4.927  4.745  4.905  4.736  4.828  4.883  4.934  5.305  5.063  5.147  5.043  4.933  5.011  5.056  4.977  5.130  5.100
