6.658  6.382  6.425  6.426  6.554  6.623  6.528  6.612  6.581  6.664  6.537  6.590  6.617  6.589  6.617  6.586  6.323  6.616  6.702  6.435  6.439  6.471  6.503  6.412  6.478  6.550  6.531  6.560  6.360  6.449  6.488  6.360  6.446  6.435  6.583  6.524  6.426  6.524  6.509  6.544  6.307  6.564
5.469  5.069  5.282  5.215  5.325  5.312  5.489  5.442  5.497  5.699  5.438  5.493  5.425  5.513  5.509  5.317  5.124  5.159  5.356  5.215  5.307  5.322  5.437  5.416  5.280  5.429  5.176  5.231  5.053  5.153  5.198  5.050  5.088  5.159  5.434  5.328  5.204  5.209  5.204  5.159  5.182  5.252
5.680  5.569  5.429  5.468  5.406  5.438  5.652  5.553  5.577  5.684  5.537  5.576  5.598  5.673  5.707  5.513  5.497  5.403  5.509  5.525  5.720  5.557  5.481  5.572  5.429  5.252  5.384  5.278  5.297  5.445  5.545  5.335  5.325  5.481  5.435  5.468  5.645  5.455  5.407  5.384  5.338  5.451
4.635  4.673  4.522  4.419  4.431  4.554  4.745  4.585  4.682  4.718  4.552  4.625  4.794  4.732  4.840  4.554  4.431  4.354  4.804  4.659  4.890  4.633  4.718  4.745  4.585  4.613  4.460  4.477  4.443  4.477  4.486  4.466  4.527  4.600  4.443  4.554  4.625  4.564  4.543  4.559  4.382  4.489
4.394  4.135  4.284  4.394  4.290  4.277  4.143  4.290  4.357  4.174  4.331  4.290  4.564  4.357  4.344  4.159  4.248  4.394  4.331  4.454  4.220  4.304  4.290  4.431  4.174  4.234  4.094  4.263  4.127  4.127  4.277  4.290  4.238  4.220  4.205  4.174  4.220  4.234  4.220  4.151  4.143  4.277
4.331  4.248  4.407  4.454  4.060  4.060  4.111  4.248  4.263  4.317  4.317  4.234  4.331  4.344  4.369  4.174  4.078  4.350  4.270  4.344  4.367  4.057  4.304  4.094  4.111  4.078  4.022  4.119  4.022  4.078  4.248  4.159  4.231  4.094  4.007  4.263  4.007  4.205  4.078  4.159  4.043  4.159
6.678  6.567  6.518  6.309  6.582  6.607  6.541  6.534  6.574  6.771  6.611  6.650  6.636  6.594  6.628  6.511  6.399  6.624  6.597  6.506  6.538  6.545  6.517  6.512  6.436  6.479  6.471  6.487  6.336  6.461  6.447  6.443  6.438  6.620  6.510  6.537  6.587  6.533  6.495  6.624  6.438  6.540
5.830  5.832  5.852  5.521  5.790  5.737  5.851  5.863  5.733  5.958  5.881  5.838  5.815  5.905  5.874  5.709  5.666  5.727  5.797  5.858  5.866  5.733  5.749  5.829  5.595  5.707  5.591  5.579  5.561  5.580  5.717  5.703  5.642  5.787  5.772  5.631  5.613  5.704  5.561  5.707  5.645  5.618
6.686  6.608  6.594  6.516  6.600  6.677  6.706  6.659  6.673  6.754  6.736  6.721  6.793  6.721  6.729  6.575  6.663  6.526  6.682  6.635  6.737  6.659  6.711  6.669  6.628  6.666  6.649  6.639  6.585  6.640  6.633  6.598  6.504  6.765  6.713  6.696  6.727  6.657  6.557  6.601  6.507  6.555
5.357  5.442  5.235  5.231  5.296  5.328  5.545  5.220  5.444  5.403  5.398  5.371  5.476  5.380  5.498  5.318  5.468  5.043  5.523  5.263  5.572  5.635  5.403  5.398  5.252  5.418  5.353  5.091  5.347  5.357  5.384  5.375  5.149  5.460  5.652  5.372  5.436  5.226  5.231  5.198  5.230  5.189
5.407  5.185  5.159  5.226  5.356  5.178  5.089  5.278  5.231  5.352  5.357  5.278  5.357  5.344  5.464  5.136  4.904  5.313  5.375  5.252  5.136  5.100  5.288  5.147  5.100  5.176  5.139  5.288  5.011  5.075  5.273  4.990  5.121  5.037  5.147  5.273  5.147  5.347  5.352  5.268  5.011  5.236
3.689  3.658  3.689  3.802  3.490  3.689  3.638  3.584  3.714  3.638  3.784  3.664  3.795  3.802  3.714  3.784  3.721  3.584  3.555  3.802  3.714  3.871  3.638  3.584  3.526  3.638  3.597  3.584  3.550  3.497  3.611  3.611  3.689  3.664  3.689  3.611  3.497  3.605  3.466  3.367  3.664  3.497
5.442  5.209  5.388  5.366  5.445  5.357  5.263  5.464  5.303  5.476  5.360  5.394  5.333  5.342  5.384  5.112  5.209  5.476  5.371  5.317  5.434  5.247  5.218  5.283  5.407  5.397  5.257  5.323  5.112  5.106  5.132  5.142  5.263  5.263  5.328  5.323  5.263  5.361  5.283  5.333  5.335  5.394
4.644  4.500  4.673  4.522  4.663  4.605  4.736  4.575  4.486  4.710  4.828  4.700  4.796  4.691  4.787  4.635  4.663  4.635  4.762  4.585  4.721  4.717  4.718  4.615  4.649  4.615  4.477  4.605  4.425  4.443  4.460  4.511  4.500  4.605  4.615  4.543  4.644  4.477  4.469  4.394  4.564  4.573
4.500  4.416  4.419  4.585  4.595  4.543  4.331  4.477  4.304  4.654  4.344  4.605  4.635  4.690  4.673  4.369  4.357  4.380  4.543  4.700  4.522  4.500  4.477  4.437  4.263  4.290  4.434  4.220  4.288  4.263  4.394  4.382  4.419  4.315  4.248  4.466  4.344  4.489  4.407  4.452  4.500  4.331
3.714  3.738  3.807  3.871  3.714  3.714  3.638  3.761  3.892  3.780  3.555  3.784  4.025  3.829  4.040  3.714  3.802  3.745  3.807  3.932  3.829  3.761  3.892  3.784  3.714  3.784  3.733  3.761  3.526  3.664  3.714  3.638  3.888  3.638  3.784  3.784  3.780  3.780  3.689  3.802  3.611  3.932
4.317  4.357  4.234  4.354  4.290  4.231  4.127  4.321  4.190  4.407  4.344  4.369  4.317  4.401  4.533  4.277  4.220  4.205  4.407  4.431  4.392  4.220  4.277  4.308  4.060  4.127  4.238  4.143  3.912  4.111  4.263  4.304  4.489  4.174  4.174  4.382  4.263  4.369  4.212  4.288  4.277  4.277
4.182  4.127  4.274  4.317  4.270  4.220  3.970  4.111  4.190  4.190  4.022  4.111  4.357  4.179  4.357  4.111  4.111  4.111  4.369  4.344  4.174  4.231  3.951  4.205  3.932  4.060  3.989  3.989  4.043  3.970  4.043  4.060  4.290  4.182  4.094  4.060  3.970  4.317  4.331  4.048  4.281  4.290
5.846  5.649  5.811  5.649  5.886  5.861  5.638  5.808  5.799  5.849  5.724  5.820  5.861  5.753  5.872  5.652  5.451  5.868  5.811  5.835  5.663  5.636  5.670  5.611  5.743  5.673  5.677  5.721  5.460  5.513  5.549  5.687  5.762  5.760  5.704  5.707  5.697  5.875  5.820  5.798  5.784  5.861
6.927  6.741  6.807  6.841  6.999  6.915  6.801  6.908  6.915  6.930  6.958  6.940  7.014  6.930  7.021  6.793  6.628  6.900  6.954  6.934  6.843  6.773  6.829  6.832  6.810  6.813  6.789  6.859  6.571  6.685  6.841  6.703  6.835  6.842  6.818  6.855  6.758  6.936  6.883  6.886  6.827  6.841
5.118  4.889  5.106  5.130  5.094  5.112  4.984  5.075  5.081  5.247  5.159  5.100  5.242  5.226  5.434  4.986  4.956  5.252  5.247  5.198  5.219  5.159  5.147  5.156  4.956  5.014  4.949  4.970  4.710  4.860  5.009  4.905  5.075  5.024  5.055  5.011  4.938  5.118  5.056  5.102  5.088  5.159
5.263  5.118  5.198  5.273  5.220  5.303  5.201  5.189  5.278  5.403  5.273  5.209  5.525  5.298  5.442  5.153  5.124  5.215  5.471  5.298  5.425  5.347  5.193  5.359  5.272  5.215  5.175  5.147  5.043  5.043  5.129  5.130  5.215  5.226  5.367  5.313  5.298  5.231  5.153  5.112  5.170  5.204
