5.793  5.529  5.737  5.517  5.814  5.808  5.476  5.883  5.771  6.004  5.881  5.878  5.930  5.823  5.922  5.724  5.215  5.852  5.892  5.613  5.549  5.318  5.582  5.297  5.549  5.733  5.694  5.762  5.366  5.620  5.493  5.215  5.549  5.638  5.606  5.656  5.403  5.677  5.749  5.811  5.476  5.606
4.159  4.357  4.263  4.575  4.304  4.394  4.357  4.190  4.317  4.419  4.190  4.234  4.317  4.159  4.290  4.321  4.205  4.174  4.263  4.394  4.143  4.337  4.174  4.143  4.248  4.190  4.094  3.989  4.078  4.094  4.060  4.043  4.190  4.234  4.111  4.043  4.025  3.970  4.220  4.025  3.970  4.205
6.109  5.919  5.961  5.945  6.064  6.038  6.011  6.087  6.103  6.234  5.966  6.194  6.086  6.023  6.089  6.004  5.891  6.084  6.161  5.927  6.043  5.890  5.854  5.828  5.999  6.043  5.934  5.849  5.557  5.875  5.778  5.835  5.922  5.990  5.962  5.971  5.855  5.837  5.765  5.975  5.768  5.937
4.248  4.260  4.220  4.248  4.220  4.290  4.317  4.205  4.220  4.394  4.234  4.317  4.419  4.248  4.407  4.124  4.277  4.143  4.277  4.344  4.344  4.290  4.205  4.234  4.143  4.357  4.135  4.111  4.007  4.277  4.078  4.127  4.111  4.143  4.182  4.205  4.127  3.850  4.060  3.932  4.094  4.094
6.358  6.362  6.400  6.326  6.446  6.579  6.440  6.397  6.585  6.447  6.422  6.116  6.585  6.531  6.706  6.420  6.356  6.228  6.506  6.324  6.479  6.441  6.450  6.433  6.423  6.403  6.365  6.280  6.219  6.263  6.384  6.312  6.215  6.500  6.428  6.504  6.483  6.312  6.205  6.304  6.244  6.315
4.721  4.916  4.779  5.063  4.779  5.037  5.056  4.890  4.977  4.883  4.898  4.317  5.220  4.942  5.112  4.997  5.094  4.745  5.078  4.754  5.081  5.204  5.030  5.136  4.911  5.024  4.812  4.779  4.949  4.990  4.854  4.836  4.743  5.100  4.997  4.945  5.219  4.727  4.562  4.913  4.710  4.959
6.471  6.280  6.393  6.120  6.489  6.545  6.174  6.466  6.362  6.400  6.321  6.487  6.520  6.510  6.488  6.310  5.978  6.512  6.435  6.351  6.148  6.146  6.301  6.184  6.172  6.263  6.319  6.339  5.823  6.074  6.131  5.938  6.252  6.168  6.104  6.244  6.249  6.333  6.171  6.486  6.180  6.363
4.860  4.860  4.883  4.758  4.905  4.984  3.497  4.898  5.081  4.954  4.828  5.103  5.147  5.193  5.142  4.820  4.644  4.934  4.911  4.913  4.959  4.984  5.096  4.989  4.710  4.898  5.017  4.875  4.654  4.708  4.890  4.511  4.691  4.820  4.771  4.984  4.836  4.760  4.466  4.828  4.663  4.844
6.673  6.306  6.561  6.555  6.515  6.617  6.399  6.480  6.513  6.600  6.604  6.645  6.629  6.452  6.568  6.332  6.354  6.630  6.609  6.512  6.441  6.355  6.515  6.372  6.424  6.568  6.439  6.480  6.319  6.337  6.347  6.332  6.332  6.443  6.488  6.478  6.399  6.542  6.526  6.574  6.468  6.590
4.898  4.691  4.615  4.543  4.758  4.836  4.736  4.771  4.673  4.762  4.762  4.890  4.868  4.745  4.844  4.595  4.673  4.575  4.794  4.741  4.832  4.677  4.727  4.699  4.836  4.710  4.585  4.344  4.554  4.625  4.394  4.580  4.231  4.736  4.682  4.762  4.464  4.543  4.543  4.765  4.771  4.477
5.590  5.192  5.398  5.421  5.434  5.566  5.303  5.394  5.380  5.451  5.447  5.617  5.561  5.511  5.628  5.342  4.927  5.442  5.474  5.308  5.124  5.059  5.293  5.239  5.127  5.307  5.340  5.389  5.037  5.075  5.234  5.037  5.124  5.255  5.257  5.346  5.209  5.429  5.425  5.493  5.219  5.313
5.263  5.143  5.100  5.206  5.288  5.263  5.159  5.165  5.298  5.296  5.112  5.293  5.436  5.333  5.561  5.043  4.811  5.043  5.370  5.193  5.204  5.260  5.176  5.268  5.096  5.145  5.075  5.074  4.883  4.787  5.011  5.075  5.056  5.037  5.112  5.203  5.268  5.285  5.198  5.118  5.088  5.136
6.866  6.567  6.629  6.582  6.578  6.843  6.715  6.683  6.848  6.909  6.853  6.906  7.022  6.888  6.903  6.746  6.596  6.723  6.896  6.715  6.584  6.486  6.702  6.637  6.641  6.909  6.731  6.693  6.582  6.607  6.676  6.363  6.541  6.772  6.626  6.773  6.746  6.713  6.650  6.696  6.625  6.768
5.338  5.100  5.142  5.249  4.927  5.142  5.049  5.069  5.142  5.303  5.342  5.215  5.328  5.286  5.293  5.011  5.209  5.147  5.250  5.139  5.267  4.990  5.114  5.111  5.106  5.075  5.043  4.913  4.890  4.860  5.037  4.919  5.040  5.075  4.942  5.068  5.036  5.050  5.147  4.913  5.056  4.942
6.510  6.129  6.354  6.394  6.365  6.407  6.190  6.346  6.384  6.461  6.315  6.458  6.524  6.240  6.405  6.232  6.052  6.223  6.413  6.417  6.219  6.120  6.157  6.181  6.292  6.420  6.143  6.148  5.846  6.047  6.125  5.986  6.339  6.323  6.276  6.335  6.116  6.273  6.184  6.290  6.198  6.264
3.784  3.761  3.714  3.784  4.094  3.892  3.784  3.912  3.998  4.091  3.912  3.961  4.060  3.892  3.967  3.773  3.807  3.738  3.780  4.078  4.182  3.892  3.714  3.861  3.676  3.784  3.761  3.714  3.689  3.555  3.733  3.912  3.784  3.932  3.807  3.689  3.584  3.676  3.584  3.466  3.664  3.784
6.481  6.261  6.488  6.259  6.495  6.483  6.196  6.367  6.423  6.510  6.426  6.540  6.515  6.390  6.609  6.260  6.031  6.454  6.521  6.356  6.205  6.196  6.280  6.252  6.286  6.252  6.073  6.115  5.852  6.014  6.089  5.915  6.232  6.198  6.144  6.199  6.234  6.358  6.243  6.331  6.229  6.270
4.466  4.509  4.543  4.354  4.511  4.585  4.454  4.407  4.756  4.615  4.533  4.727  4.898  4.635  4.931  4.472  4.543  4.652  4.868  4.625  4.680  4.605  4.700  4.654  4.331  4.554  4.416  4.078  4.174  4.369  4.369  4.078  4.527  4.394  4.394  4.575  4.522  4.509  4.344  4.536  4.431  4.263
6.217  5.826  6.068  6.054  6.159  6.125  5.950  6.109  5.994  6.252  6.118  6.163  6.242  6.066  6.271  5.973  5.927  6.227  6.209  6.031  6.015  5.823  5.935  5.940  6.011  5.951  5.956  6.089  5.817  5.832  5.820  5.798  6.009  5.994  6.006  5.966  5.996  6.066  6.084  6.149  5.861  6.078
5.714  5.409  5.753  5.624  5.765  5.691  5.687  5.755  5.759  6.087  5.759  5.816  5.786  5.611  6.006  5.547  5.409  6.188  5.924  5.568  5.727  5.460  5.569  5.606  5.687  5.454  5.523  5.677  5.308  5.591  5.412  5.468  5.775  5.638  5.568  5.521  5.462  5.602  5.429  5.666  5.509  5.547
6.628  6.356  6.440  6.443  6.485  6.483  6.267  6.491  6.485  6.506  6.474  6.541  6.581  6.412  6.460  6.337  6.240  6.582  6.495  6.496  6.280  6.267  6.321  6.332  6.380  6.608  6.351  6.431  6.201  6.301  6.349  6.146  6.409  6.418  6.372  6.312  6.330  6.511  6.443  6.518  6.347  6.516
4.595  4.605  4.500  4.475  4.554  4.443  4.564  4.419  4.509  4.583  4.673  4.425  4.635  4.575  4.416  4.404  4.575  4.431  4.595  4.533  4.575  4.443  4.454  4.413  4.585  4.511  4.454  4.238  4.348  4.533  4.248  4.407  4.331  4.511  4.498  4.443  4.331  4.477  4.344  4.277  4.431  4.454
