5.130  5.081  4.820  5.099  4.970  5.215  5.187  4.927  5.176  5.231  5.118  5.170  5.142  5.024  5.106  5.175  5.056  4.927  5.077  4.905  5.142  5.112  4.952  5.043  5.106  5.050  5.037  4.982  4.934  4.963  5.016  4.920  5.100  5.024  5.170  5.063  5.112  5.037  4.942  4.920  4.963  4.762
4.727  4.836  4.654  4.673  4.625  4.635  4.836  4.718  4.745  4.982  4.796  5.059  4.905  4.771  4.934  4.754  4.595  4.663  4.790  4.745  4.727  4.819  4.705  4.844  4.754  4.718  4.779  4.685  4.615  4.663  4.752  4.700  4.682  4.630  4.762  4.796  4.615  4.691  4.489  4.605  4.475  4.605
6.150  5.762  5.911  5.886  5.944  6.125  5.875  5.867  5.996  6.118  6.232  5.961  5.976  6.040  5.945  5.844  5.645  5.966  5.911  5.951  6.016  5.796  5.852  5.803  5.850  5.820  5.858  5.826  5.478  5.678  5.854  5.713  5.714  5.916  5.756  5.900  5.949  5.916  5.990  5.900  5.727  5.958
5.680  5.485  5.598  5.464  5.398  5.638  5.600  5.464  5.568  5.753  5.727  5.583  5.663  5.541  5.656  5.472  5.425  5.515  5.509  5.501  5.673  5.462  5.623  5.565  5.483  5.338  5.359  5.333  5.247  5.375  5.541  5.409  5.434  5.493  5.485  5.513  5.542  5.371  5.398  5.263  5.366  5.493
6.159  5.930  6.118  6.103  6.118  6.332  6.096  6.238  6.142  6.296  6.295  6.236  6.271  6.194  6.190  6.196  5.958  6.071  6.227  6.153  6.262  6.146  6.170  6.156  6.175  6.038  6.314  6.016  5.795  6.043  6.358  5.943  6.057  6.057  6.047  6.118  6.120  6.274  6.058  5.994  6.263  6.094
5.259  5.187  5.081  5.147  4.997  5.142  5.220  5.220  5.165  5.363  5.313  5.198  5.105  5.215  5.298  5.118  4.984  5.153  5.252  5.182  5.111  5.112  5.094  5.162  5.069  4.984  4.956  5.024  4.868  5.088  5.059  4.996  4.970  5.068  5.100  4.963  5.136  4.942  5.088  4.956  5.019  5.142
7.049  7.008  6.935  6.946  6.983  7.281  7.200  7.109  7.119  7.184  7.246  7.154  7.182  7.137  7.204  7.164  7.074  6.925  7.237  7.104  7.407  7.385  7.356  7.355  7.615  7.559  7.588  7.042  6.943  7.036  7.272  7.010  6.925  7.143  7.115  7.146  7.266  7.018  6.944  6.918  7.102  6.965
4.443  4.564  4.489  4.494  4.554  4.605  4.898  4.712  4.543  4.790  4.466  4.754  4.682  4.605  4.575  4.736  4.466  4.489  4.771  4.489  4.511  4.431  4.570  4.509  4.344  4.277  4.407  4.407  4.174  4.331  4.533  4.654  4.369  4.388  4.564  4.394  4.331  4.520  4.331  4.317  4.290  4.220
5.341  5.215  5.323  5.223  5.249  5.139  5.209  5.306  5.193  5.449  5.211  5.303  5.380  5.186  5.242  5.182  5.024  5.198  5.438  5.338  5.228  5.147  5.251  5.056  5.220  5.257  5.214  5.077  4.977  5.112  5.142  5.052  5.187  5.231  5.247  5.118  5.094  5.273  5.150  5.069  5.130  5.293
4.779  4.564  4.796  4.699  4.668  4.585  4.727  4.734  4.762  4.927  4.820  4.754  4.883  4.771  4.898  4.700  4.564  4.754  4.762  4.913  4.691  4.613  4.779  4.700  4.588  4.652  4.595  4.500  4.344  4.649  4.454  4.533  4.635  4.500  4.787  4.717  4.564  4.671  4.644  4.407  4.509  4.717
4.654  4.511  4.605  4.386  4.564  4.605  4.477  4.647  4.595  4.647  4.407  4.477  4.644  4.644  4.777  4.466  4.382  4.477  4.598  4.625  4.541  4.500  4.407  4.554  4.401  4.466  4.437  4.344  4.317  4.290  4.419  4.331  4.331  4.489  4.407  4.477  4.331  4.477  4.357  4.407  4.284  4.575
4.779  4.625  4.730  4.520  4.564  4.605  4.642  4.549  4.618  4.718  4.671  4.635  4.898  4.796  4.816  4.575  4.382  4.625  4.730  4.633  4.564  4.466  4.575  4.718  4.477  4.425  4.466  4.511  4.277  4.392  4.498  4.443  4.475  4.477  4.454  4.477  4.511  4.394  4.552  4.431  4.304  4.595
4.500  4.454  4.344  4.324  4.382  4.301  4.466  4.431  4.419  4.533  4.304  4.625  4.590  4.437  4.595  4.407  4.331  4.431  4.575  4.489  4.543  4.367  4.443  4.466  4.304  4.466  4.357  4.350  4.263  4.248  4.428  4.382  4.500  4.416  4.615  4.543  4.533  4.564  4.500  4.460  4.458  4.605
4.533  4.464  4.454  4.573  4.492  4.159  4.543  4.443  4.533  4.533  4.543  4.543  4.673  4.398  4.595  4.407  4.394  4.443  4.644  4.727  4.625  4.522  4.549  4.605  4.543  4.454  4.466  4.263  4.394  4.331  4.460  4.543  4.585  4.605  4.554  4.625  4.779  4.605  4.533  4.248  4.369  4.489
4.511  4.401  4.533  4.443  4.522  4.357  4.315  4.369  4.454  4.573  4.388  4.419  4.509  4.460  4.644  4.477  4.407  4.489  4.605  4.546  4.595  4.394  4.511  4.407  4.369  4.552  4.477  4.369  4.174  4.511  4.317  4.205  4.382  4.404  4.595  4.644  4.274  4.543  4.543  4.369  4.315  4.533
3.976  3.989  3.970  3.932  3.807  3.829  4.060  4.007  4.078  4.043  3.932  3.967  4.331  4.111  4.043  3.989  4.078  3.761  4.263  4.174  4.135  4.022  4.025  3.970  3.970  4.060  3.902  3.850  3.780  3.850  4.007  4.066  3.850  4.025  3.871  3.908  4.103  3.784  3.951  3.932  3.912  3.871
5.127  5.298  5.112  5.204  5.273  5.130  5.063  5.278  5.159  5.303  5.241  5.176  5.316  5.198  5.268  5.153  5.050  5.318  5.257  5.278  5.231  5.220  5.242  5.308  4.970  5.118  5.030  5.169  4.977  5.069  5.193  5.118  5.222  5.187  5.112  5.252  5.106  5.231  5.201  5.147  4.949  5.114
4.820  4.840  4.712  4.819  4.787  4.771  4.765  4.613  4.745  4.942  4.843  4.875  4.904  4.790  4.883  4.552  4.754  4.682  4.786  4.736  4.771  4.718  4.811  4.828  4.585  4.477  4.663  4.654  4.644  4.691  4.762  4.511  4.727  4.673  4.736  4.727  4.663  4.844  4.771  4.771  4.703  4.696
5.727  5.677  5.694  5.704  5.704  5.753  5.727  5.631  5.638  5.784  5.749  5.740  5.875  5.756  5.919  5.645  5.507  5.595  5.844  5.793  5.762  5.656  5.666  5.799  5.533  5.659  5.609  5.578  5.465  5.539  5.576  5.525  5.638  5.694  5.694  5.760  5.664  5.645  5.617  5.576  5.606  5.647
4.304  4.159  4.248  4.443  4.369  4.317  4.398  4.270  4.190  4.290  4.220  4.331  4.331  4.234  4.454  4.290  4.369  4.205  4.509  4.443  4.489  4.290  4.143  4.277  4.331  4.263  4.127  4.111  4.127  4.043  4.190  4.248  4.290  4.274  4.202  4.202  4.217  4.246  4.159  4.190  4.190  4.246
4.394  4.386  4.369  4.422  4.394  4.317  4.466  4.533  4.533  4.554  4.344  4.382  4.511  4.344  4.543  4.234  4.344  4.394  4.543  4.477  4.489  4.394  4.256  4.410  4.267  4.369  4.431  4.205  4.078  4.277  4.284  4.317  3.178  4.543  4.357  4.466  4.304  4.331  4.290  4.394  4.290  4.419
4.060  4.025  3.970  4.241  3.970  3.784  3.784  4.007  3.892  3.912  3.892  3.871  3.970  4.143  4.094  3.745  4.043  3.932  4.025  4.190  4.091  3.947  3.970  3.947  4.060  3.871  3.985  3.807  3.638  3.664  3.908  3.970  3.258  4.007  3.871  3.761  3.951  3.951  3.784  4.022  3.892  4.060
