6.720  6.267  6.571  6.509  6.574  6.733  6.487  6.681  6.571  6.714  6.755  6.646  6.531  6.510  6.576  6.412  6.258  6.456  6.632  6.522  6.578  6.337  6.370  6.321  6.405  6.363  6.390  6.431  6.063  6.275  6.407  6.321  6.366  6.423  6.339  6.463  6.486  6.628  6.611  6.500  6.458  6.463
7.147  6.854  7.088  7.027  7.134  7.259  7.005  7.106  7.039  7.207  7.313  7.141  7.128  7.044  7.120  7.026  6.818  6.997  7.102  7.065  7.151  6.963  6.987  7.001  7.021  7.060  7.039  7.273  7.086  7.132  7.063  6.758  6.854  6.927  6.946  6.993  7.071  7.093  7.010  6.999  7.037  6.966
4.440  4.256  4.111  4.277  4.344  4.263  4.248  4.190  4.331  4.317  4.290  4.369  4.443  4.357  4.369  4.164  4.205  4.367  4.205  4.464  4.394  4.290  4.260  4.248  4.171  4.078  4.143  4.205  4.007  4.159  4.290  4.143  4.290  4.231  4.116  4.304  4.190  4.369  4.248  4.135  4.190  4.111
5.094  4.942  4.996  4.997  4.980  4.828  4.811  4.952  4.890  4.949  5.037  5.011  4.954  4.956  5.193  4.773  4.812  5.081  4.913  4.812  4.934  4.911  4.883  4.997  4.745  4.736  4.633  4.647  4.673  4.682  4.762  4.682  4.583  4.883  4.792  4.852  4.710  4.890  4.804  4.796  4.754  4.920
5.903  5.753  5.771  5.829  5.802  5.783  5.878  5.858  5.775  6.094  5.897  6.019  5.935  5.814  5.823  5.762  5.750  5.727  6.031  5.844  5.844  5.908  5.811  5.897  5.649  5.700  5.753  5.760  5.568  5.707  5.793  5.631  5.529  5.784  5.833  5.866  5.714  5.864  5.846  5.753  5.649  5.868
6.416  6.314  6.321  6.317  6.397  6.361  6.588  6.418  6.363  6.789  6.469  6.521  6.510  6.287  6.480  6.320  6.521  6.288  6.592  6.390  6.541  6.573  6.498  6.517  6.337  6.288  6.213  6.271  6.129  6.310  6.380  6.400  6.203  6.461  6.468  6.447  6.420  6.290  6.337  6.252  6.289  6.351
5.753  5.784  5.663  5.743  5.737  5.784  6.021  5.652  5.799  5.904  5.844  5.846  5.911  5.938  5.927  5.835  5.866  5.680  5.875  5.751  6.043  5.934  5.828  5.949  5.710  5.590  5.645  5.513  5.561  5.670  5.666  5.826  5.561  5.835  5.890  5.799  5.844  5.730  5.737  5.749  5.613  5.649
5.165  5.193  5.094  5.136  5.142  4.977  5.223  5.068  5.112  5.328  5.236  5.220  5.371  5.187  5.159  5.112  5.142  5.069  5.106  5.100  5.293  5.225  5.133  5.293  4.883  5.004  4.984  4.860  4.898  4.934  4.977  5.052  4.949  5.124  5.187  4.984  5.071  5.176  5.050  5.030  5.045  5.124
4.477  4.419  4.511  4.538  4.392  4.317  4.382  4.466  4.511  4.575  4.446  4.635  4.603  4.564  4.633  4.392  4.419  4.486  4.585  4.754  4.466  4.317  4.304  4.248  4.489  4.431  4.344  4.407  4.248  4.357  4.277  4.224  4.331  4.344  4.174  4.274  4.376  4.466  4.331  4.382  4.443  4.419
4.234  4.094  4.263  4.174  4.007  4.248  4.127  4.317  4.159  4.174  4.260  4.290  4.401  4.179  4.190  4.143  4.127  4.127  4.143  4.344  4.369  4.382  4.174  4.111  4.060  4.143  4.127  3.989  4.025  3.970  4.127  4.040  4.091  4.043  4.069  4.124  3.867  4.078  3.829  3.989  4.094  4.060
4.806  4.852  4.762  4.982  4.905  4.787  4.900  4.787  4.875  4.984  4.890  5.043  5.056  4.913  4.997  4.739  4.635  4.864  5.017  4.920  4.796  4.787  4.762  4.963  4.860  4.718  4.812  4.663  4.633  4.585  4.736  4.743  4.929  4.766  4.605  4.748  4.771  4.840  4.652  4.727  4.727  4.562
4.007  4.040  4.094  4.174  4.078  4.060  4.263  4.174  3.970  4.016  3.995  4.143  4.263  4.143  4.159  3.892  4.043  3.922  4.357  4.231  4.174  4.043  4.007  4.078  3.989  4.057  4.078  3.850  3.611  3.761  4.190  3.951  4.052  4.190  4.007  3.989  3.967  4.025  3.861  4.111  3.932  3.892
5.170  5.136  5.099  5.077  5.106  5.176  5.204  5.036  5.176  5.089  5.198  5.105  5.235  5.106  5.464  4.984  4.990  4.927  5.198  5.136  5.252  5.094  5.050  5.182  5.043  5.027  5.086  5.011  4.824  4.963  4.952  5.069  4.942  5.130  5.093  5.153  5.052  5.182  4.963  5.011  5.050  5.056
5.017  4.868  4.905  4.973  5.037  5.050  4.835  5.014  4.927  5.069  4.977  4.934  5.121  4.984  5.357  4.927  4.820  4.836  5.075  4.919  5.024  5.037  4.875  5.069  4.970  4.870  4.907  4.942  4.754  4.644  4.883  4.898  4.920  4.994  4.836  4.926  4.858  5.069  4.868  4.820  4.934  4.840
5.313  5.193  5.215  5.226  5.313  5.298  5.136  5.242  5.352  5.481  5.361  5.361  5.642  5.628  5.598  5.407  5.094  5.407  5.464  5.342  5.375  5.308  5.342  5.447  5.106  5.170  5.252  5.338  5.209  5.263  5.371  5.112  5.193  5.220  5.147  5.236  5.296  5.313  5.170  5.356  5.078  5.352
5.842  5.771  5.883  5.740  5.838  5.996  5.897  5.782  5.878  5.999  5.969  5.924  6.163  6.011  6.122  5.914  5.694  5.951  5.966  5.908  5.966  5.849  5.964  6.045  5.756  5.737  5.823  5.761  5.617  5.790  5.787  5.529  5.694  5.802  5.781  5.938  5.814  5.778  5.724  5.834  5.587  5.707
4.511  4.382  4.357  4.516  4.533  4.522  4.618  4.585  4.595  4.595  4.583  4.635  4.635  4.762  4.718  4.454  4.489  4.489  4.564  4.615  4.615  4.477  4.500  4.522  4.382  4.304  4.263  4.357  4.174  4.317  4.407  4.431  4.419  4.605  4.489  4.466  4.533  4.454  4.234  4.440  4.489  4.466
4.174  4.174  4.220  4.187  4.143  4.127  4.171  4.220  4.159  4.220  4.315  4.234  4.382  4.394  4.304  4.260  4.220  4.190  4.190  4.317  4.304  4.094  4.182  4.469  4.108  4.007  4.127  4.094  3.871  4.127  4.171  4.205  4.078  4.290  4.248  4.248  4.078  4.111  4.094  4.074  4.078  4.078
5.485  5.404  5.366  5.438  5.380  5.535  5.476  5.433  5.460  5.550  5.509  5.487  5.695  5.429  5.602  5.403  5.394  5.497  5.517  5.451  5.533  5.566  5.472  5.460  5.352  5.460  5.352  5.380  5.231  5.313  5.352  5.352  5.341  5.490  5.505  5.442  5.481  5.402  5.406  5.371  5.283  5.451
5.921  5.753  5.799  5.749  5.799  5.829  5.700  5.765  5.799  5.983  5.878  5.913  5.956  5.905  5.981  5.743  5.854  5.932  5.932  5.878  5.883  5.841  5.784  5.805  5.583  5.638  5.675  5.572  5.507  5.606  5.717  5.661  5.694  5.820  5.759  5.743  5.690  5.852  5.881  5.778  5.557  5.781
4.466  4.500  4.452  4.431  4.454  4.486  4.443  4.443  4.337  4.511  4.449  4.466  4.511  4.536  4.546  4.407  4.382  4.422  4.464  4.525  4.682  4.369  4.344  4.663  4.234  4.386  4.454  4.437  4.220  4.428  4.277  4.290  4.304  4.231  4.263  4.357  4.143  4.466  4.443  4.205  4.267  4.407
4.043  3.932  3.912  4.022  4.057  3.892  3.867  3.912  4.040  3.912  3.813  3.912  4.025  4.043  3.998  3.784  3.951  3.846  3.970  4.202  3.985  3.829  3.989  3.892  3.989  3.757  3.846  3.829  3.689  3.780  3.892  3.846  3.888  3.850  3.871  3.871  3.761  3.892  3.850  3.689  3.846  3.850
