4.205  4.248  4.297  4.220  4.407  4.369  4.263  4.331  4.187  4.554  4.434  4.277  4.331  4.344  4.382  4.315  4.078  4.290  4.127  4.344  4.197  4.127  4.344  4.500  4.022  4.025  4.043  4.007  3.912  3.892  4.174  3.970  4.043  4.127  4.025  4.078  3.989  4.159  4.143  4.159  4.127  3.912
4.277  3.951  4.205  4.308  4.159  4.043  3.947  4.078  4.060  4.205  4.086  4.043  4.159  4.241  4.190  3.922  3.807  4.060  4.094  4.143  4.078  3.989  4.007  3.912  4.159  3.761  3.970  3.951  3.664  3.757  3.912  4.016  3.850  3.829  4.025  3.961  3.850  3.912  4.025  3.951  3.761  3.892
4.477  4.127  4.159  4.127  4.394  4.344  4.331  4.394  4.331  4.404  4.290  4.369  4.489  4.443  4.500  3.989  4.234  4.344  4.382  4.454  4.331  4.034  4.127  4.277  4.094  4.224  4.060  4.288  3.985  4.091  4.174  4.127  4.182  4.263  4.174  4.069  4.174  4.331  4.202  4.369  4.025  4.220
3.892  3.807  3.850  3.850  3.784  3.829  3.638  3.689  3.850  3.850  3.664  3.871  4.025  3.714  4.043  3.584  3.829  3.689  3.807  4.007  3.912  3.784  3.738  3.970  3.802  3.807  3.638  3.664  3.689  3.584  3.738  3.611  3.664  3.829  3.689  3.757  3.738  3.584  3.689  3.714  3.584  3.664
4.171  3.871  4.078  4.022  3.912  4.111  3.970  4.025  3.951  4.127  4.052  4.234  4.143  4.091  4.116  4.060  3.985  3.980  4.190  4.060  4.025  3.989  3.951  4.052  3.892  3.829  3.951  3.970  3.829  3.738  3.989  3.989  3.932  4.143  4.043  4.060  3.932  3.932  3.970  3.807  3.850  3.961
3.611  3.638  3.802  3.701  3.689  3.768  3.526  3.802  3.689  3.871  3.664  3.726  3.761  3.824  3.871  3.512  3.795  3.466  3.714  3.892  3.714  3.689  3.584  3.584  3.526  3.784  3.689  3.466  3.611  3.714  3.689  3.757  3.761  3.584  3.757  3.555  3.689  3.597  3.332  3.526  3.555  3.497
5.603  5.438  5.561  5.226  5.618  5.587  5.236  5.464  5.551  5.533  5.505  5.541  5.645  5.613  5.761  5.471  5.424  5.434  5.635  5.495  5.635  5.541  5.617  5.565  5.403  5.293  5.338  5.481  5.292  5.209  5.403  5.283  5.472  5.313  5.447  5.455  5.391  5.561  5.292  5.283  5.407  5.425
4.898  4.860  4.823  4.977  5.017  4.970  4.832  4.980  4.915  4.990  4.890  5.074  5.193  5.069  5.159  4.920  4.812  5.043  4.997  4.898  4.961  4.760  4.852  4.874  4.804  4.839  4.848  4.934  4.682  4.575  4.654  4.812  4.883  4.860  4.850  4.933  4.828  4.748  4.860  5.063  4.635  4.868
6.258  6.234  6.310  6.116  6.279  6.310  5.989  6.295  6.357  6.347  6.312  6.370  6.339  6.349  6.465  6.196  6.189  6.209  6.468  6.335  6.472  6.342  6.238  6.317  6.250  6.186  6.066  6.118  5.894  5.897  6.061  6.180  6.184  6.216  6.313  6.284  6.171  6.304  6.290  6.206  6.144  6.207
3.846  4.007  3.714  3.802  3.871  3.829  3.951  3.714  3.761  3.761  3.912  3.892  4.022  4.078  4.190  3.871  3.714  3.871  3.951  3.989  4.060  3.970  3.871  3.892  3.757  3.761  3.714  3.871  3.850  3.689  3.912  3.829  3.738  3.850  3.807  4.034  3.951  3.714  3.738  3.689  3.497  3.726
4.234  4.078  4.111  4.174  4.304  4.290  4.111  4.159  4.111  4.277  4.194  4.205  4.419  4.511  4.382  4.220  4.143  4.317  4.315  4.248  4.331  4.159  4.220  4.159  4.234  4.156  4.094  4.344  4.111  3.989  4.205  4.148  4.304  4.143  4.234  4.124  4.331  4.357  4.304  4.234  4.091  4.124
4.016  3.850  4.234  3.951  4.007  3.908  3.701  3.912  4.060  4.094  3.951  3.951  4.324  4.143  4.159  3.892  3.871  3.951  3.951  4.078  4.111  3.932  4.043  3.989  3.932  3.850  3.829  3.871  3.829  3.829  3.867  3.784  4.111  4.031  4.007  4.060  3.871  3.912  4.025  3.850  3.850  3.807
4.934  4.741  4.852  4.820  4.585  4.754  4.727  4.615  4.748  4.990  4.638  4.727  4.963  4.828  4.762  4.605  4.691  4.907  4.832  4.898  4.816  4.500  4.710  4.771  4.691  4.775  4.583  4.682  4.644  4.522  4.625  4.615  4.644  4.615  4.671  4.804  4.844  4.677  4.718  4.628  4.575  4.741
4.205  4.288  4.220  4.288  4.260  4.205  4.274  4.171  4.263  4.317  4.267  4.382  4.331  4.431  4.419  4.369  4.205  4.446  4.331  4.127  4.369  4.277  4.174  4.304  4.220  4.363  4.331  4.248  4.127  4.234  4.277  4.143  4.143  4.277  4.274  4.337  4.205  4.078  4.111  4.217  4.220  4.297
5.728  5.517  5.543  5.447  5.591  5.572  5.384  5.481  5.464  5.697  5.596  5.537  5.642  5.568  5.649  5.505  5.303  5.541  5.557  5.707  5.451  5.429  5.468  5.493  5.327  5.423  5.308  5.328  5.242  5.220  5.434  5.434  5.357  5.366  5.447  5.480  5.298  5.566  5.521  5.525  5.357  5.529
5.400  5.209  5.263  5.371  5.347  5.358  5.242  5.278  5.198  5.581  5.342  5.453  5.529  5.366  5.403  5.247  5.234  5.303  5.384  5.412  5.278  5.278  5.287  5.434  5.198  5.161  5.231  5.124  4.934  5.094  5.278  5.153  5.207  5.165  5.262  5.226  5.166  5.352  5.247  5.236  5.257  5.147
3.829  3.795  3.871  3.932  4.007  3.892  3.689  3.829  3.689  3.932  3.611  3.932  4.043  4.043  4.127  3.871  3.932  3.947  3.857  3.871  3.761  3.807  3.632  3.714  3.757  3.664  3.784  3.761  3.611  3.632  3.784  3.714  3.768  3.738  3.829  3.784  3.807  3.912  3.497  3.850  3.761  3.714
3.684  3.658  3.638  3.892  3.689  3.714  3.584  3.714  4.043  3.784  3.584  3.761  3.967  3.850  3.970  3.738  3.912  3.701  3.989  3.989  3.892  3.824  3.684  3.807  3.784  3.570  3.584  3.684  3.638  3.497  3.611  3.664  3.818  3.664  3.638  3.824  3.664  3.584  3.658  3.584  3.664  3.611
4.205  4.007  4.094  4.159  4.234  4.277  4.060  4.127  4.151  4.234  4.127  4.159  4.382  4.290  4.357  4.111  4.111  4.238  4.248  4.171  4.156  4.108  4.099  4.263  3.892  3.902  4.167  4.143  3.912  4.025  4.060  4.174  4.086  4.108  3.967  4.094  4.078  4.078  4.094  3.970  4.159  3.970
3.401  3.497  3.664  3.689  3.584  3.466  3.592  3.632  3.434  3.638  3.459  3.584  3.611  3.714  3.829  3.466  3.526  3.813  3.807  3.829  3.638  3.578  3.434  3.664  3.714  3.550  3.611  3.761  3.178  3.555  3.526  3.555  3.757  3.481  3.526  3.434  3.526  3.584  3.401  3.401  3.367  3.526
4.820  4.705  4.615  4.796  4.567  4.700  4.575  4.745  4.554  4.796  4.605  4.736  4.804  4.779  4.736  4.673  4.509  4.771  4.902  4.820  4.779  4.736  4.628  4.691  4.598  4.615  4.615  4.649  4.369  4.382  4.600  4.625  4.727  4.676  4.615  4.652  4.690  4.779  4.787  4.673  4.585  4.856
3.738  3.605  3.714  3.684  3.689  3.638  3.738  3.638  3.709  3.632  3.466  3.714  3.714  3.951  3.784  3.555  3.807  3.807  3.738  3.951  3.829  3.738  3.664  3.761  3.807  3.892  3.714  3.689  3.638  3.597  3.526  3.689  3.638  3.664  3.829  3.584  3.555  3.750  4.025  3.584  3.738  3.684
