5.864  5.442  5.663  5.460  5.652  5.753  5.550  5.649  5.823  5.746  5.801  5.852  5.771  5.756  5.811  5.645  5.472  5.754  5.726  5.609  5.730  5.476  5.501  5.509  5.609  5.684  5.609  5.680  5.405  5.557  5.641  5.384  5.537  5.793  5.554  5.670  5.690  5.694  5.666  5.642  5.673  5.704
4.710  4.585  4.511  4.635  4.564  4.635  4.752  4.718  4.779  4.654  4.727  4.699  4.769  4.905  4.828  4.769  4.559  4.745  4.691  4.500  4.787  4.700  4.682  4.691  4.533  4.543  4.628  4.644  4.503  4.554  4.654  4.585  4.477  4.741  4.543  4.682  4.718  4.489  4.663  4.585  4.494  4.564
5.908  5.738  5.844  5.849  5.922  5.947  5.864  5.951  5.945  6.129  5.951  6.008  6.016  5.901  5.981  5.857  5.720  5.967  6.034  5.927  5.844  5.796  5.801  5.811  5.820  5.979  5.897  5.976  5.663  5.823  5.771  5.728  5.775  5.802  5.925  5.849  5.795  5.916  5.787  5.872  5.663  6.008
5.278  5.108  5.159  4.984  5.283  5.193  5.233  5.257  5.278  5.434  5.434  5.303  5.384  5.323  5.416  5.209  5.024  5.187  5.298  5.187  5.215  5.328  5.182  5.269  5.056  5.176  5.246  5.130  5.024  5.176  5.192  4.949  5.017  5.190  5.130  5.239  5.145  5.181  5.247  5.226  4.977  5.130
5.927  5.866  5.704  5.659  5.919  5.956  5.864  5.811  5.855  6.107  6.136  5.984  6.232  6.236  6.153  6.469  6.075  6.522  5.817  5.630  5.749  5.571  5.951  5.878  5.496  5.634  5.811  5.844  5.694  5.727  5.861  5.481  5.565  5.680  5.714  5.760  5.787  5.838  5.762  5.841  5.468  5.720
5.553  5.440  5.366  5.468  5.553  5.565  5.407  5.402  5.352  5.841  5.838  5.583  5.976  5.883  5.782  6.265  5.849  6.205  5.357  5.303  5.337  5.323  5.447  5.394  5.124  5.088  5.225  5.136  5.094  5.193  5.455  5.187  5.242  5.165  5.226  5.329  5.342  5.438  5.472  5.318  5.162  5.247
5.024  5.037  5.017  4.904  4.844  5.017  4.970  4.893  4.970  5.029  4.898  5.071  5.030  4.958  5.011  4.963  4.848  4.956  4.970  4.977  5.043  4.890  4.986  4.997  4.820  4.844  4.883  4.852  4.654  4.883  4.847  4.913  4.868  4.938  4.927  4.875  4.850  4.840  4.920  4.933  4.771  4.771
4.543  4.644  4.635  4.382  4.464  4.654  4.443  4.407  4.554  4.595  4.575  4.682  4.700  4.541  4.605  4.407  4.304  4.489  4.475  4.585  4.554  4.543  4.527  4.625  4.454  4.475  4.431  4.431  4.234  4.407  4.437  4.454  4.477  4.466  4.431  4.350  4.407  4.308  4.331  4.422  4.419  4.404
5.878  5.731  5.766  5.760  5.768  5.792  5.659  5.778  5.680  5.964  5.805  5.918  5.855  5.775  5.869  5.743  5.553  5.684  5.911  5.834  5.716  5.596  5.612  5.740  5.635  5.537  5.606  5.519  5.255  5.460  5.620  5.517  5.609  5.677  5.687  5.749  5.652  5.650  5.591  5.704  5.509  5.659
4.836  4.796  4.864  4.836  4.727  4.812  4.875  4.847  4.852  5.050  4.913  5.069  5.011  4.868  4.990  4.812  4.787  4.835  4.965  4.929  4.771  4.860  4.866  4.836  4.762  4.682  4.691  4.554  4.546  4.575  4.700  4.682  4.605  4.852  4.828  4.736  4.652  4.796  4.477  4.585  4.564  4.633
5.468  5.313  5.505  5.313  5.442  5.313  5.425  5.447  5.332  5.472  5.541  5.565  5.476  5.345  5.535  5.328  5.295  5.298  5.561  5.278  5.416  5.283  5.416  5.338  5.286  5.303  5.333  5.398  5.147  5.226  5.268  5.342  5.264  5.380  5.374  5.357  5.215  5.283  5.288  5.352  5.136  5.275
4.883  4.804  4.745  4.883  4.663  4.663  4.970  4.779  4.760  4.934  4.736  4.913  5.004  4.893  5.021  4.736  4.663  4.827  4.970  4.771  4.977  4.745  4.823  4.864  4.717  4.718  4.787  4.610  4.511  4.745  4.736  4.868  4.828  4.828  4.754  4.811  4.595  4.625  4.739  4.682  4.700  4.700
5.787  5.407  5.505  5.439  5.677  5.640  5.457  5.495  5.673  5.803  5.606  5.645  5.724  5.659  5.704  5.537  5.494  5.583  5.666  5.493  5.580  5.464  5.649  5.449  5.611  5.640  5.485  5.565  5.412  5.429  5.298  5.481  5.468  5.545  5.575  5.549  5.583  5.609  5.533  5.580  5.425  5.659
4.174  4.043  3.932  4.094  4.007  4.043  3.938  4.220  4.094  4.205  4.060  4.205  4.174  4.094  4.174  3.829  4.069  3.928  4.253  4.127  4.324  4.025  4.007  3.989  3.871  3.995  4.007  3.970  3.970  4.007  3.871  4.091  3.961  4.025  4.060  4.007  3.912  3.932  3.689  3.829  3.761  3.951
5.226  5.069  4.984  4.762  5.209  5.209  5.024  5.153  5.159  4.890  5.159  5.091  5.268  5.250  5.226  4.909  4.852  5.257  5.153  5.055  5.043  4.811  5.147  4.956  4.727  4.820  4.894  4.968  4.595  4.754  5.043  4.727  4.898  5.063  4.997  4.927  4.858  5.081  4.710  5.006  4.595  5.030
4.464  4.431  4.431  4.398  4.394  4.603  4.431  4.357  4.464  4.304  4.419  4.489  4.710  4.605  4.743  4.238  4.407  4.440  4.605  4.454  4.500  4.466  4.603  4.625  4.171  4.369  4.317  4.290  4.511  4.043  4.475  4.290  4.344  4.498  4.454  4.431  4.477  4.263  4.205  4.500  4.111  4.477
4.997  4.771  4.963  4.682  4.944  4.942  4.868  4.783  4.890  5.011  4.864  4.890  5.011  4.984  4.980  4.762  4.779  4.756  4.881  4.852  4.860  4.727  4.673  4.787  4.745  4.804  4.787  4.775  4.623  4.745  4.691  4.727  4.644  4.804  4.796  5.004  4.839  4.749  4.875  4.806  4.868  4.771
4.620  4.458  4.605  4.472  4.541  4.407  4.357  4.301  4.419  4.522  4.500  4.477  4.625  4.575  4.543  4.419  4.248  4.407  4.554  4.431  4.662  4.489  4.500  4.522  4.290  4.127  4.295  4.317  4.132  4.290  4.357  4.277  4.174  4.260  4.344  4.431  4.301  4.344  4.344  4.220  4.060  4.419
5.756  5.288  5.629  5.659  5.700  5.641  5.412  5.521  5.545  5.725  5.606  5.756  5.841  5.647  5.768  5.449  5.288  5.756  5.720  5.714  5.537  5.412  5.416  5.533  5.533  5.394  5.461  5.609  5.204  5.250  5.360  5.189  5.481  5.489  5.300  5.469  5.384  5.712  5.586  5.617  5.371  5.476
4.625  4.443  4.585  4.573  4.514  4.603  4.304  4.575  4.598  4.654  4.477  4.644  4.754  4.527  4.864  4.475  4.466  4.570  4.615  4.559  4.710  4.392  4.554  4.615  4.460  4.380  4.394  4.407  4.205  4.407  4.382  4.369  4.443  4.416  4.522  4.605  4.394  4.543  4.477  4.630  4.419  4.431
5.288  5.165  5.268  5.236  5.398  5.257  5.156  5.162  5.242  5.387  5.236  5.416  5.269  5.182  5.352  5.247  5.099  5.416  5.283  5.291  5.187  5.262  5.215  5.263  5.230  5.105  5.193  5.159  5.063  5.193  5.147  5.132  5.241  5.303  5.165  5.214  5.204  5.247  5.273  5.243  5.106  5.273
4.812  4.710  4.600  4.754  4.564  4.727  4.691  4.691  4.745  4.828  4.754  4.714  4.843  4.691  4.804  4.595  4.635  4.710  4.787  4.779  4.860  4.730  4.787  4.745  4.618  4.635  4.699  4.522  4.585  4.635  4.659  4.489  4.779  4.710  4.710  4.644  4.559  4.585  4.680  4.663  4.489  4.595
