6.746  6.439  6.592  6.474  6.648  6.757  6.684  6.645  6.713  6.795  6.621  6.778  6.736  6.629  6.775  6.500  6.447  6.553  6.708  6.485  6.580  6.559  6.512  6.509  6.574  6.505  6.569  6.542  6.354  6.491  6.562  6.386  6.447  6.649  6.580  6.535  6.617  6.434  6.405  6.567  6.385  6.567
4.700  4.509  4.554  4.546  4.583  4.673  4.870  4.659  4.727  4.779  4.673  4.745  4.779  4.595  4.762  4.489  4.477  4.466  4.635  4.554  4.595  4.590  4.477  4.595  4.543  4.419  4.554  4.304  4.348  4.290  4.416  4.290  4.489  4.714  4.635  4.578  4.509  4.431  4.367  4.388  4.416  4.492
5.994  5.784  5.826  5.727  5.969  6.103  5.805  5.961  6.001  6.001  6.031  6.157  6.116  6.094  6.057  6.005  5.631  6.011  5.916  5.883  5.912  5.777  5.886  5.916  5.798  5.988  5.971  5.886  5.602  5.770  6.003  5.606  5.743  5.905  5.903  5.989  5.989  5.986  5.864  5.753  5.878  5.914
5.371  5.220  5.310  5.268  5.293  5.412  5.288  5.365  5.421  5.451  5.398  5.537  5.525  5.485  5.545  5.308  5.226  5.293  5.509  5.398  5.434  5.268  5.384  5.416  5.075  5.238  5.150  5.140  4.990  5.226  5.278  5.130  5.226  5.226  5.204  5.371  5.338  5.380  5.273  5.075  5.215  5.268
6.246  5.694  6.091  5.945  6.252  6.279  5.986  6.144  6.207  6.360  6.241  6.342  6.221  6.050  6.317  5.927  5.700  6.159  6.260  6.038  6.096  5.821  5.858  5.749  5.897  6.057  5.886  6.023  5.620  5.835  5.930  5.694  5.916  6.071  5.945  5.994  5.924  6.133  5.999  6.052  5.798  6.144
4.167  4.094  4.127  4.043  4.344  4.357  4.220  4.341  4.190  4.263  4.369  4.220  4.382  4.331  4.454  4.357  4.111  4.205  4.190  4.094  4.304  4.078  4.127  4.241  3.951  4.111  4.078  3.989  3.912  3.912  3.970  4.007  3.871  4.143  4.156  4.143  4.025  4.174  4.040  4.060  4.043  4.060
7.275  6.922  7.210  7.076  7.206  7.206  7.036  7.155  7.203  7.379  7.251  7.272  7.285  7.193  7.191  7.052  6.831  7.208  7.271  7.130  6.951  6.900  6.994  6.919  7.078  7.157  6.985  7.114  6.820  6.952  6.995  6.859  7.044  7.090  6.987  7.068  6.981  7.164  7.116  7.171  6.979  7.144
6.516  6.225  6.366  6.299  6.415  6.356  6.277  6.430  6.461  6.621  6.495  6.487  6.646  6.458  6.496  6.380  6.176  6.380  6.425  6.383  6.140  6.214  6.260  6.303  6.129  6.370  6.163  6.187  5.981  6.190  6.171  5.916  6.091  6.232  6.205  6.306  6.265  6.263  6.209  6.282  6.100  6.353
4.883  4.673  4.806  4.263  4.812  4.836  4.575  4.630  4.836  4.654  4.331  4.942  4.994  5.011  4.942  4.618  4.557  4.927  4.942  4.710  4.769  4.564  4.533  4.640  4.760  4.718  4.623  4.691  4.317  4.583  4.494  4.443  4.564  4.827  4.620  4.745  4.754  4.727  4.605  4.625  4.605  4.868
4.190  4.007  4.124  3.761  4.159  4.159  4.086  4.060  4.111  4.094  3.738  4.111  4.419  4.317  4.190  4.060  3.892  4.159  4.190  4.220  4.419  4.159  4.099  4.234  3.912  3.892  3.871  4.007  3.802  3.985  4.119  4.040  4.031  4.060  4.148  4.034  4.043  3.761  3.932  4.060  3.912  4.159
5.979  5.811  6.011  5.886  5.971  5.953  5.724  6.050  5.864  6.034  5.930  6.063  5.991  5.932  6.013  5.826  5.704  5.933  6.038  5.927  5.838  5.892  5.866  5.986  5.738  5.793  5.837  5.804  5.705  5.717  5.717  5.700  5.864  5.892  5.900  5.871  5.835  5.924  5.859  5.969  5.839  5.886
5.537  5.490  5.521  5.455  5.523  5.513  5.429  5.429  5.569  5.543  5.609  5.612  5.533  5.579  5.591  5.505  5.416  5.529  5.645  5.623  5.547  5.613  5.703  5.705  5.464  5.438  5.421  5.545  5.407  5.432  5.347  5.499  5.468  5.505  5.602  5.389  5.328  5.497  5.480  5.426  5.379  5.459
6.288  6.238  6.211  6.151  6.295  6.319  6.215  6.184  6.229  6.461  6.288  6.365  6.385  6.291  6.412  6.297  6.227  6.339  6.491  6.270  6.378  6.198  6.263  6.288  6.254  6.175  6.174  6.284  6.157  6.137  6.127  6.197  6.232  6.274  6.221  6.235  6.306  6.335  6.261  6.314  6.115  6.162
5.403  5.288  5.313  5.303  5.338  5.342  5.283  5.328  5.293  5.407  5.293  5.384  5.409  5.347  5.476  5.296  5.262  5.318  5.471  5.352  5.442  5.364  5.252  5.403  5.283  4.997  5.193  5.055  5.050  5.142  5.222  5.338  5.278  5.257  5.323  5.308  5.220  5.403  5.361  5.204  5.176  5.236
6.332  5.880  6.078  5.964  6.122  6.172  5.832  6.001  6.039  6.267  6.182  6.243  6.412  6.192  6.261  5.954  5.756  6.166  6.196  6.170  5.899  5.717  5.961  5.857  5.919  6.098  5.950  6.127  5.778  5.694  5.976  5.626  6.053  6.049  5.866  5.998  5.908  6.112  5.996  6.144  5.893  6.106
3.912  3.807  3.846  4.048  4.007  3.932  3.861  3.938  3.970  4.127  4.007  4.127  4.159  4.025  4.078  3.932  3.726  3.761  4.127  4.025  4.078  3.912  3.829  3.951  4.007  4.174  3.892  3.829  3.526  3.714  3.638  3.784  3.829  3.871  3.932  3.850  3.714  3.807  3.912  3.892  3.664  3.829
5.919  5.576  5.737  5.752  5.756  5.846  5.746  5.817  5.872  5.930  5.743  5.911  5.901  5.835  5.798  5.656  5.595  5.855  5.927  5.845  5.710  5.737  5.727  5.615  5.852  5.900  5.680  5.781  5.398  5.656  5.720  5.620  5.775  5.922  5.700  5.714  5.778  5.737  5.673  5.793  5.749  5.883
4.691  4.635  4.605  4.533  4.718  4.796  4.654  4.511  4.743  4.875  4.682  4.710  4.804  4.762  4.773  4.663  4.644  4.771  4.828  4.802  4.787  4.573  4.743  4.682  4.654  4.585  4.673  4.492  4.344  4.564  4.615  4.431  4.522  4.779  4.585  4.625  4.575  4.522  4.373  4.580  4.615  4.625
4.304  4.290  4.304  4.369  4.331  4.331  4.248  4.174  4.344  4.382  4.331  4.341  4.369  4.419  4.543  4.159  4.231  4.357  4.449  4.410  4.554  4.248  4.337  4.220  4.344  4.140  4.344  4.369  4.103  4.078  4.270  4.202  4.454  4.263  4.290  4.328  4.094  4.124  4.159  4.234  4.190  4.284
3.824  3.850  4.078  3.908  3.871  3.951  3.932  4.007  3.989  4.034  3.912  4.022  4.007  3.989  4.111  3.738  3.871  4.094  4.111  4.060  4.127  3.985  3.947  4.060  3.932  3.829  4.007  4.025  3.951  3.912  3.892  3.951  3.912  3.951  4.007  4.127  3.932  3.998  3.892  3.967  3.892  3.850
4.927  4.489  4.663  4.575  4.754  4.663  4.277  4.745  4.635  4.977  4.700  4.836  4.787  4.710  4.779  4.635  4.220  4.710  4.718  4.564  4.357  4.190  4.588  4.554  4.407  4.477  4.477  4.638  4.159  4.277  4.454  4.202  4.552  4.489  4.489  4.575  4.317  4.673  4.605  4.659  4.509  4.654
4.111  3.932  4.025  4.159  4.025  4.043  3.912  4.057  4.078  4.091  4.111  4.127  4.174  4.190  4.234  4.060  4.111  4.078  4.205  4.111  3.871  4.151  4.007  4.111  3.998  3.761  4.043  3.928  3.892  3.951  3.989  4.043  3.989  4.007  4.127  3.989  3.912  3.967  4.078  3.932  3.970  4.043
