9.186  9.017  9.115  9.121  9.105  9.135  9.160  9.162  9.175  9.243  9.176  9.230  9.154  9.080  9.158  9.094  8.838  9.084  9.068  9.106  9.151  9.110  9.098  9.043  9.256  9.224  9.075  9.069  8.931  8.992  9.043  8.996  9.101  9.271  9.210  9.151  9.153  9.128  9.031  9.119  9.132  9.141
8.526  8.447  8.371  8.348  8.375  8.483  8.597  8.465  8.577  8.663  8.533  8.589  8.515  8.464  8.565  8.485  8.107  8.399  8.293  8.302  8.604  8.550  8.523  8.497  8.560  8.579  8.426  8.272  8.218  8.291  8.374  8.330  8.332  8.648  8.568  8.531  8.531  8.250  8.294  8.310  8.365  8.429
9.295  9.206  9.242  9.190  9.278  9.329  9.304  9.310  9.353  9.419  9.326  9.342  9.353  9.349  9.321  9.300  9.220  9.264  9.401  9.244  9.244  9.241  9.280  9.190  9.341  9.381  9.284  9.260  9.190  9.277  9.270  9.190  9.213  9.405  9.420  9.340  9.314  9.252  9.178  9.281  9.251  9.309
7.916  8.008  7.879  7.760  7.874  8.036  8.153  7.952  8.151  8.127  8.041  8.096  8.100  8.094  8.126  8.046  7.941  7.796  8.137  7.844  7.994  8.015  8.063  7.956  8.040  8.099  7.983  7.849  7.903  8.068  7.988  7.877  7.824  8.200  8.191  8.106  8.100  7.782  7.764  7.773  7.879  7.955
9.344  10.986  9.285  9.240  9.312  9.329  9.328  9.364  9.378  9.444  9.329  9.393  9.390  9.306  9.344  9.289  9.243  9.228  9.443  9.292  9.315  9.246  9.273  9.159  9.446  9.460  9.325  9.307  9.188  9.270  9.259  9.225  9.303  9.458  9.450  9.340  9.314  9.301  9.215  9.305  9.323  9.343
8.186  8.912  8.119  8.102  8.189  8.257  8.437  8.293  8.436  8.468  8.297  8.367  8.383  8.333  8.385  8.315  8.310  8.048  8.375  8.103  8.411  8.346  8.248  8.156  8.417  8.388  8.301  8.060  8.062  8.169  8.134  8.201  8.120  8.482  8.481  8.344  8.275  8.040  8.056  8.094  8.115  8.172
9.136  8.977  9.120  9.052  9.130  9.148  9.078  9.115  9.150  9.117  8.897  9.073  9.139  9.147  9.149  9.086  8.987  9.112  9.194  9.116  9.111  9.038  9.053  8.979  9.231  9.246  9.056  9.144  8.946  8.978  9.078  9.079  9.088  9.229  9.138  9.101  9.136  9.142  9.052  9.158  9.161  9.141
8.007  8.007  7.990  7.839  7.991  8.101  8.117  7.962  8.160  7.950  7.498  7.837  8.138  8.154  8.138  8.056  7.975  8.029  8.143  7.928  8.180  8.053  8.059  8.056  8.232  8.237  8.066  7.992  7.850  7.937  8.032  8.075  7.947  8.247  8.156  8.127  8.167  7.948  7.946  8.026  8.083  8.010
9.081  8.883  9.012  9.056  9.025  9.031  8.981  9.030  9.031  9.103  8.976  9.082  9.102  9.019  9.077  8.949  8.959  8.948  9.166  9.110  9.042  8.949  8.951  8.932  9.170  9.173  8.941  8.973  8.878  8.864  8.901  8.954  9.055  9.130  9.081  8.997  9.003  9.028  8.871  9.011  9.092  9.037
7.790  7.769  7.712  7.791  7.771  7.857  7.898  7.787  7.960  7.946  7.770  7.974  8.036  7.871  8.002  7.729  7.902  7.622  8.028  7.894  8.073  7.874  7.808  7.786  7.966  8.037  7.638  7.478  7.602  7.635  7.488  7.761  7.754  7.981  7.942  7.853  7.788  7.526  7.449  7.626  7.810  7.679
9.113  8.885  9.133  9.154  9.179  9.196  8.999  9.166  9.136  9.049  9.075  9.194  9.129  9.146  9.181  9.012  8.813  9.164  9.269  9.147  9.048  8.924  8.987  8.943  9.167  9.210  9.016  9.084  8.839  8.922  8.931  8.961  9.148  9.176  9.029  9.033  9.041  9.173  9.020  9.159  9.167  9.153
7.324  7.202  7.275  7.331  7.286  7.456  7.347  7.248  7.492  7.062  7.215  7.513  7.524  7.507  7.574  7.311  7.151  7.302  7.628  7.209  7.530  7.290  7.374  7.358  7.469  7.658  7.293  7.179  7.063  7.188  7.183  7.258  7.321  7.484  7.327  7.385  7.340  7.293  7.066  7.281  7.408  7.318
9.080  8.895  9.051  9.086  9.079  9.063  9.044  9.080  9.082  9.184  9.037  9.146  9.117  9.008  9.157  8.965  8.946  8.997  9.204  9.104  9.084  8.969  8.971  8.941  9.157  9.163  8.975  8.984  8.866  8.881  8.849  8.927  9.051  9.121  9.057  9.031  9.042  9.079  8.865  9.025  9.093  9.087
8.382  8.375  8.322  8.401  8.401  8.480  8.575  8.403  8.536  8.574  8.471  8.565  8.560  8.436  8.648  8.386  8.474  8.357  8.572  8.402  8.659  8.499  8.449  8.438  8.601  8.598  8.400  8.304  8.316  8.343  8.201  8.421  8.347  8.620  8.564  8.522  8.535  8.294  8.137  8.316  8.447  8.371
9.412  9.249  9.336  9.397  9.372  9.360  9.319  9.383  9.370  9.409  9.342  9.414  9.435  9.406  9.380  9.302  9.301  9.315  9.456  9.445  9.342  9.309  9.323  9.296  9.510  9.556  9.334  9.364  9.282  9.250  9.308  9.293  9.407  9.458  9.419  9.356  9.341  9.365  9.245  9.381  9.450  9.408
8.730  8.667  8.616  8.664  8.696  8.720  8.755  8.684  8.800  8.764  8.716  8.748  8.851  8.796  8.782  8.677  8.736  8.641  8.799  8.760  8.793  8.710  8.741  8.714  8.880  8.971  8.701  8.653  8.669  8.649  8.606  8.671  8.678  8.877  8.809  8.737  8.733  8.629  8.463  8.625  8.778  8.674
9.027  8.869  8.985  9.017  9.041  9.021  8.941  9.033  9.025  9.061  8.992  9.052  9.046  8.986  9.100  8.905  8.850  8.987  9.135  9.041  8.980  8.868  8.857  8.867  8.996  9.011  8.824  8.885  8.687  8.750  8.738  8.788  8.959  9.027  8.928  8.932  8.876  8.951  8.806  8.918  8.980  8.872
7.666  7.581  7.695  7.664  7.755  7.821  7.789  7.761  7.939  7.851  7.670  7.849  7.864  7.710  8.060  7.601  7.725  7.619  7.975  7.819  8.001  7.748  7.623  7.704  7.775  7.825  7.546  7.476  7.293  7.441  7.430  7.586  7.613  7.910  7.792  7.775  7.649  7.654  7.398  7.487  7.695  7.448
9.307  9.143  9.296  9.324  9.318  9.301  9.287  9.356  9.354  9.357  9.288  9.377  9.323  9.295  9.363  9.221  9.223  9.264  9.431  9.355  9.335  9.252  9.224  9.223  9.439  9.450  9.240  9.316  9.189  9.195  9.171  9.264  9.337  9.425  9.377  9.293  9.280  9.339  9.181  9.259  9.387  9.342
7.908  7.952  7.911  7.961  7.968  8.057  8.282  8.023  8.242  8.122  8.038  8.226  8.114  8.060  8.222  7.918  8.124  7.761  8.293  7.927  8.312  8.124  8.016  8.060  8.298  8.372  8.010  7.970  7.902  8.014  7.773  8.096  7.935  8.339  8.268  8.131  8.087  7.853  7.639  7.915  8.193  7.972
9.356  9.219  9.334  9.378  9.367  9.343  9.298  9.371  9.344  9.362  9.315  9.373  9.348  9.331  9.373  9.246  9.277  9.315  9.435  9.386  9.353  9.240  9.209  9.222  9.376  9.378  9.193  9.267  9.124  9.164  9.171  9.246  9.331  9.371  9.334  9.261  9.278  9.314  9.176  9.263  9.335  9.312
8.095  8.012  8.112  8.091  8.109  8.168  8.257  8.103  8.229  8.119  8.092  8.274  8.153  8.122  8.264  8.047  8.193  7.988  8.286  8.053  8.507  8.129  8.094  8.087  8.139  8.120  7.967  7.934  7.812  7.931  7.886  8.106  8.077  8.265  8.168  8.135  8.037  7.918  8.035  7.955  8.136  8.049
