5.961  5.771  6.021  5.900  5.982  6.014  5.989  6.091  6.089  6.333  6.109  6.232  6.194  6.087  5.938  6.038  5.813  5.910  6.244  5.969  5.932  5.785  5.858  5.820  5.966  5.900  5.932  5.781  5.561  5.919  5.953  5.651  5.822  6.001  6.014  5.945  5.822  5.953  5.861  5.932  5.852  6.004
4.078  4.127  4.043  3.932  4.094  4.022  4.127  4.277  4.111  4.241  4.220  4.234  4.234  4.171  4.205  4.263  4.127  3.908  4.248  4.288  4.260  4.234  4.132  4.190  4.331  4.205  4.167  3.850  3.989  4.043  4.078  3.995  3.871  4.127  4.094  3.985  4.066  3.951  4.043  4.078  3.989  4.078
5.565  5.375  5.370  5.338  5.476  5.461  5.493  5.347  5.425  5.614  5.576  5.609  5.578  5.509  5.539  5.389  5.357  5.447  5.468  5.476  5.544  5.357  5.431  5.464  5.308  5.425  5.337  5.447  5.236  5.283  5.398  5.414  5.345  5.449  5.498  5.533  5.412  5.602  5.489  5.372  5.273  5.187
4.718  4.635  4.691  4.691  4.654  4.530  4.743  4.585  4.663  4.754  4.875  4.710  4.860  4.779  4.812  4.868  4.600  4.644  4.700  4.812  4.682  4.844  4.500  4.819  4.663  4.691  4.595  4.615  4.718  4.583  4.827  4.668  4.585  4.824  4.700  4.745  4.798  4.963  4.963  4.410  4.520  4.642
5.153  5.267  5.252  5.380  5.262  5.247  5.209  5.193  5.259  5.328  5.249  5.328  5.447  5.280  5.446  5.209  5.204  5.272  5.400  5.380  5.407  5.204  5.186  5.318  5.112  5.231  5.136  5.088  5.037  5.063  5.187  5.204  5.183  5.268  5.257  5.268  5.272  5.187  5.059  5.185  5.176  5.182
4.977  4.868  4.820  4.963  4.984  4.883  4.883  4.874  4.852  4.787  5.056  4.927  4.949  4.844  5.069  4.812  4.812  4.727  5.040  5.024  5.220  5.170  4.820  5.004  4.806  4.787  4.663  4.673  4.671  4.605  4.779  4.762  4.920  4.868  4.852  4.787  4.804  4.852  4.752  4.635  4.852  4.949
4.812  4.777  4.997  4.835  4.942  4.883  4.727  4.898  4.736  4.927  4.944  4.927  4.987  4.850  5.112  4.828  4.443  4.796  4.942  4.860  4.787  4.754  4.812  4.700  4.718  4.573  4.575  4.623  4.454  4.454  4.644  4.533  4.824  4.663  4.787  4.745  4.673  4.883  4.710  4.717  4.654  4.787
4.246  4.143  4.431  4.317  4.263  4.174  4.127  4.127  4.238  4.331  4.277  4.159  4.344  4.248  4.615  4.094  4.043  4.220  4.331  4.344  4.317  4.187  4.263  4.357  3.970  4.004  4.043  4.007  3.807  4.078  4.220  4.143  4.094  4.025  4.159  4.190  4.007  4.220  4.220  4.151  3.989  4.190
5.464  5.341  5.329  5.402  5.451  5.468  5.176  5.347  5.193  5.485  5.346  5.366  5.468  5.361  5.572  5.247  4.999  5.317  5.445  5.219  5.247  5.295  5.247  5.231  5.247  5.168  5.204  5.218  4.933  5.117  5.204  4.977  5.053  5.231  5.100  5.223  5.172  5.273  5.231  5.259  5.100  5.272
4.500  4.522  4.503  4.522  4.454  4.431  4.564  4.419  4.533  4.644  4.564  4.663  4.700  4.530  4.710  4.431  4.357  4.394  4.585  4.554  4.682  4.575  4.598  4.727  4.407  4.443  4.575  4.315  4.308  4.527  4.536  4.304  4.492  4.443  4.419  4.500  4.413  4.394  4.369  4.425  4.477  4.263
5.004  4.956  4.958  4.883  5.112  5.124  4.868  4.963  5.011  5.004  5.030  4.963  5.075  4.904  5.069  4.920  4.860  5.024  5.017  4.970  5.105  4.874  4.952  5.094  4.727  4.812  4.844  4.786  4.543  4.730  4.762  4.992  4.927  4.812  4.966  4.956  4.844  4.913  4.996  4.754  4.710  4.927
4.431  4.749  4.392  4.541  4.635  4.603  4.460  4.413  4.640  4.575  4.663  4.598  4.615  4.564  4.844  4.522  4.605  4.727  4.543  4.554  4.796  4.714  4.712  4.913  4.344  4.564  4.605  4.382  4.454  4.422  4.440  4.644  4.575  4.419  4.477  4.654  4.369  4.290  4.564  4.317  4.248  4.317
4.522  4.477  4.394  4.277  4.603  4.625  4.369  4.557  4.466  4.509  4.500  4.546  4.533  4.466  4.554  4.127  4.025  4.511  4.593  4.575  4.437  4.369  4.500  4.489  4.143  4.304  4.350  4.533  4.127  4.290  4.328  4.263  4.248  4.394  4.227  4.443  4.324  4.777  4.615  4.543  4.220  4.431
3.638  3.555  3.526  3.584  3.611  3.584  3.584  3.714  3.684  3.611  3.726  3.888  3.871  3.908  3.802  3.664  3.584  3.701  3.829  3.689  3.888  3.664  3.784  3.829  3.664  3.714  3.664  3.928  3.611  3.555  3.584  3.555  3.638  3.714  3.526  3.761  3.526  3.584  3.761  3.434  3.611  3.664
4.848  4.595  4.840  4.820  5.071  4.949  4.804  4.852  4.854  5.106  4.975  5.037  5.043  5.003  5.214  4.868  4.654  4.977  5.088  4.931  4.890  4.673  4.779  4.796  4.875  5.053  4.927  4.996  4.509  4.659  4.920  4.745  4.883  4.835  4.727  4.890  4.820  4.949  4.804  4.898  4.820  4.934
3.829  3.932  3.824  4.331  3.871  3.951  3.932  3.951  4.016  4.078  3.850  3.951  4.277  4.277  4.127  3.985  3.912  3.942  4.043  4.007  4.116  4.078  3.912  3.980  4.040  4.060  3.807  3.892  3.850  3.908  3.714  3.761  3.932  3.976  3.738  3.970  3.784  3.951  3.850  3.807  3.861  3.970
5.268  4.933  5.124  5.329  5.318  5.412  5.153  5.159  5.242  5.283  5.342  5.333  5.231  5.407  5.451  5.158  5.069  5.278  5.447  5.403  5.371  5.176  5.156  5.234  5.161  5.215  5.176  5.164  5.030  5.069  5.150  5.112  5.375  5.242  5.257  5.226  5.187  5.278  5.220  5.158  5.147  5.318
5.476  4.977  5.296  5.333  5.489  5.387  5.262  5.427  5.437  6.040  5.871  5.881  6.202  6.234  6.336  6.655  6.499  6.728  5.361  5.310  5.112  5.050  5.169  5.130  5.193  5.011  5.147  5.061  4.875  4.924  4.875  4.920  5.172  5.252  5.147  5.153  5.050  5.263  5.252  5.121  5.139  5.252
6.182  5.971  5.943  6.219  6.215  6.148  5.905  6.057  6.190  6.209  6.223  6.184  6.188  6.217  6.306  6.071  5.924  6.136  6.277  6.308  6.232  6.068  6.087  6.163  5.946  5.945  5.953  6.194  5.807  5.864  6.063  6.053  6.165  6.047  6.096  6.019  5.916  6.219  6.163  6.111  6.011  6.079
4.174  4.060  4.179  4.007  4.111  4.043  4.057  4.025  4.111  4.304  4.361  4.288  4.543  4.552  4.605  4.663  4.600  4.736  4.220  4.174  4.108  4.094  4.007  4.290  3.951  3.867  3.912  3.989  4.043  3.951  3.957  3.989  4.103  4.040  4.060  4.004  3.961  4.143  3.989  3.947  4.025  4.156
5.547  5.505  5.553  5.684  5.525  5.468  5.501  5.455  5.521  5.740  5.583  5.638  5.635  5.521  5.624  5.416  5.557  5.425  5.707  5.613  5.633  5.565  5.557  5.680  5.598  5.545  5.568  5.502  5.438  5.497  5.497  5.464  5.609  5.513  5.609  5.645  5.537  5.509  5.513  5.365  5.447  5.576
4.804  4.879  4.883  4.927  4.868  4.890  4.836  4.868  4.963  4.931  4.890  4.956  5.099  4.905  5.088  4.771  4.975  4.796  5.056  4.963  5.029  5.088  4.942  5.050  4.827  4.812  4.934  4.642  4.659  4.787  4.852  4.779  5.011  4.986  4.966  4.942  4.920  4.905  4.745  4.741  4.779  4.927
