6.466  6.336  6.352  6.292  6.426  6.485  6.449  6.292  6.436  6.612  6.382  6.600  6.450  6.434  6.417  6.491  5.689  6.465  6.179  6.238  6.382  6.310  6.333  6.241  6.378  6.334  6.240  6.339  6.188  6.232  6.248  6.135  6.282  6.461  6.350  6.363  6.444  6.404  6.314  6.363  6.293  6.394
5.011  4.682  4.663  4.790  4.963  5.003  4.904  4.890  4.890  5.056  5.069  5.004  5.024  4.864  5.016  4.942  4.060  4.916  4.533  4.714  5.017  4.883  4.754  4.843  4.860  4.890  4.734  4.844  4.481  4.682  4.666  4.533  4.605  5.026  4.802  4.883  4.860  4.812  4.673  4.762  4.754  4.787
5.905  5.784  5.825  5.680  5.765  5.872  5.750  5.805  5.866  5.935  5.784  5.951  5.926  5.820  5.881  5.743  5.442  5.746  5.673  5.687  5.745  5.645  5.746  5.666  5.700  5.740  5.737  5.756  5.455  5.572  5.770  5.460  5.609  5.730  5.705  5.737  5.826  5.670  5.595  5.775  5.553  5.659
5.050  4.999  5.043  4.905  4.944  4.972  5.006  4.929  5.056  5.147  5.030  5.088  5.136  4.958  5.075  4.927  4.796  4.920  4.828  4.787  5.024  4.913  4.883  5.069  4.860  4.933  4.889  4.804  4.640  4.779  4.911  4.828  4.745  4.945  4.913  5.043  4.844  4.762  4.682  4.745  4.654  4.905
6.280  6.082  6.198  5.964  6.184  6.261  6.172  6.165  6.292  6.203  6.186  6.259  6.271  6.037  6.155  6.050  5.989  6.039  6.279  6.006  6.252  6.114  6.096  6.023  6.143  6.003  6.096  5.855  5.865  6.078  6.022  5.924  5.897  6.142  6.184  6.105  6.111  6.042  5.986  6.107  5.974  6.174
5.298  5.273  5.273  5.170  5.242  5.303  5.384  5.318  5.493  5.513  5.231  5.407  5.549  5.303  5.389  5.318  5.293  5.042  5.407  5.270  5.371  5.318  5.211  5.349  5.185  5.187  5.209  4.956  5.089  5.204  5.130  5.069  5.181  5.158  5.389  5.268  5.308  5.176  5.247  5.204  5.143  5.236
6.518  6.236  6.280  6.444  6.433  6.369  6.340  6.407  6.362  6.534  6.330  6.434  6.501  6.371  6.466  6.339  5.991  6.402  6.532  6.305  6.301  6.252  6.252  6.252  6.337  6.360  6.274  6.347  6.079  6.180  6.316  6.107  6.308  6.384  6.322  6.290  6.342  6.215  6.220  6.349  6.140  6.435
6.023  5.919  5.951  5.948  5.969  5.849  6.028  5.945  6.019  6.217  6.080  6.120  6.138  6.116  6.194  5.984  5.859  5.908  6.170  5.814  6.078  5.976  5.878  5.953  5.829  5.908  5.755  5.787  5.557  5.645  5.956  5.787  5.823  5.984  5.958  5.858  5.932  5.712  5.844  5.820  5.714  5.787
5.756  5.613  5.697  5.858  6.028  5.927  5.793  5.924  5.934  5.964  5.957  5.991  5.952  5.844  6.016  5.861  5.642  5.940  5.956  5.799  5.951  5.725  5.826  5.732  5.829  5.805  5.778  5.775  5.613  5.521  5.775  5.666  5.709  5.863  5.746  5.697  5.681  5.875  5.749  5.817  5.476  5.771
4.543  4.509  4.454  4.489  4.605  4.620  4.431  4.564  4.543  4.736  4.642  4.564  4.705  4.699  4.721  4.394  4.369  4.564  4.635  4.530  4.754  4.644  4.710  4.682  4.590  4.511  4.554  4.407  4.304  4.277  4.369  4.431  4.454  4.464  4.595  4.623  4.410  4.466  4.486  4.290  4.382  4.549
6.492  6.100  6.284  6.276  6.402  6.378  6.118  6.306  6.298  6.399  6.388  6.398  6.343  6.334  6.390  6.206  6.018  6.380  6.387  6.299  6.263  5.976  6.074  6.252  6.142  6.186  6.098  6.234  5.927  5.967  6.080  5.969  6.148  6.198  6.026  6.153  6.227  6.290  6.310  6.308  6.087  6.215
4.585  4.354  4.394  4.369  4.525  4.615  4.382  4.419  4.277  4.492  4.671  4.635  4.743  4.708  4.654  4.317  4.605  4.401  4.431  4.527  4.401  4.205  4.392  4.522  4.248  4.304  4.464  4.248  4.043  4.111  4.401  4.164  4.174  4.458  4.354  4.431  4.431  4.190  4.475  4.367  4.143  4.205
5.866  5.620  5.714  5.569  5.767  5.791  5.765  5.729  5.799  5.869  5.762  5.897  5.945  5.714  5.828  5.568  5.533  5.577  5.858  5.765  5.785  5.679  5.639  5.700  5.771  5.889  5.714  5.713  5.515  5.549  5.642  5.597  5.622  5.697  5.631  5.756  5.726  5.737  5.549  5.758  5.665  5.778
4.796  4.682  4.575  4.652  4.840  4.700  4.779  4.890  4.783  4.862  4.736  4.812  4.823  4.905  4.975  4.727  4.700  4.663  4.920  4.909  4.898  4.691  4.812  4.796  4.796  4.832  4.762  4.498  4.554  4.647  4.654  4.605  4.593  4.663  4.752  4.654  4.628  4.454  4.520  4.428  4.680  4.654
6.061  5.595  5.826  5.820  5.784  5.956  5.553  5.900  5.839  5.974  6.023  5.911  5.976  5.849  5.841  5.707  5.509  5.855  5.927  5.835  5.741  5.565  5.680  5.557  5.762  5.855  5.547  5.839  5.595  5.513  5.704  5.545  5.717  5.785  5.529  5.694  5.609  5.883  5.823  5.905  5.714  5.915
4.263  4.159  4.394  4.127  4.220  4.394  4.284  4.263  4.159  4.477  4.425  4.311  4.489  4.477  4.454  4.164  4.234  4.277  4.317  4.263  4.369  4.167  4.317  4.205  4.143  4.174  4.277  4.248  3.761  4.246  4.290  3.970  4.159  4.143  4.174  4.277  4.159  4.231  4.277  4.190  4.143  4.205
7.072  6.845  6.928  6.943  6.952  6.985  6.935  6.940  7.046  7.058  6.930  7.038  7.142  6.963  7.020  6.782  6.810  6.848  7.020  7.005  6.995  6.889  6.926  6.917  6.962  7.074  6.929  6.913  6.841  6.815  6.910  6.859  6.974  6.987  6.954  6.943  6.907  6.878  6.815  6.915  6.905  6.885
6.061  5.886  5.974  6.012  6.011  6.026  6.038  5.900  6.128  6.116  6.052  6.148  6.228  6.073  6.173  5.881  6.076  5.832  6.115  6.165  6.116  6.047  5.922  6.045  5.981  6.142  5.932  5.690  5.817  5.796  5.800  5.833  6.001  6.021  6.020  5.935  5.913  5.897  5.768  5.817  5.928  5.856
6.282  5.905  6.087  6.103  6.260  6.241  6.094  6.108  6.301  6.240  6.084  6.262  6.291  6.131  6.190  6.006  6.026  6.190  6.209  6.188  6.091  5.940  6.104  5.996  6.257  6.230  6.129  6.084  6.006  5.990  6.019  5.943  6.234  6.174  6.199  6.075  6.093  6.079  6.021  6.225  6.176  6.179
5.637  5.489  5.513  5.460  5.645  5.606  5.553  5.519  5.690  5.683  5.628  5.662  5.805  5.649  5.668  5.525  5.663  5.636  5.602  5.700  5.649  5.566  5.468  5.541  5.600  5.643  5.499  5.371  5.366  5.333  5.390  5.397  5.557  5.517  5.591  5.497  5.580  5.415  5.455  5.472  5.461  5.474
5.447  5.282  5.302  5.351  5.465  5.389  5.322  5.429  5.328  5.505  5.356  5.554  5.529  5.437  5.541  5.338  5.313  5.389  5.354  5.451  5.393  5.275  5.333  5.293  5.405  5.303  5.324  5.328  5.252  5.302  5.357  5.100  5.380  5.338  5.352  5.364  5.366  5.366  5.233  5.509  5.257  5.438
4.317  4.419  4.392  4.331  4.489  4.357  4.357  4.407  4.454  4.477  4.428  4.394  4.585  4.533  4.511  4.369  4.419  4.382  4.489  4.454  4.386  4.407  4.533  4.394  4.386  4.344  4.369  4.398  4.234  4.431  4.369  4.248  4.357  4.511  4.394  4.500  4.500  4.511  4.317  4.394  4.466  4.404
