6.232  6.170  6.084  5.903  6.010  6.031  6.084  6.014  6.082  6.229  6.195  6.144  6.082  6.103  6.157  6.121  5.830  6.073  5.890  5.945  6.142  5.991  6.136  6.093  5.889  5.966  5.905  5.908  5.824  5.956  6.017  5.875  5.872  5.975  5.927  6.011  6.127  5.996  5.996  5.965  5.846  5.981
5.170  4.949  4.997  4.870  4.836  4.952  4.970  5.088  5.069  5.088  5.133  5.075  5.165  5.088  5.004  5.059  4.920  4.844  4.840  5.011  5.143  5.032  4.934  4.999  4.942  4.871  4.905  4.868  4.745  4.812  4.984  4.804  4.970  4.836  5.024  4.963  5.043  4.890  4.852  4.824  4.736  4.868
5.175  4.868  4.984  5.017  4.956  4.926  4.963  4.970  5.004  5.215  4.997  5.081  5.047  5.043  5.136  4.875  4.682  4.942  5.100  5.017  4.883  5.004  4.717  4.823  4.868  4.754  4.677  4.752  4.511  4.844  4.820  4.726  4.771  4.875  4.762  4.913  4.934  4.949  4.745  4.958  4.727  4.890
4.800  4.489  4.868  4.691  4.677  4.585  4.736  4.710  4.804  4.977  4.775  4.890  4.854  4.691  4.736  4.500  4.691  4.595  4.812  4.898  4.796  4.710  4.575  4.575  4.644  4.533  4.380  4.394  4.317  4.263  4.585  4.585  4.762  4.625  4.486  4.615  4.533  4.644  4.615  4.575  4.615  4.625
4.682  4.654  4.663  4.522  4.786  4.769  4.700  4.745  4.820  4.682  4.595  4.860  4.868  4.815  4.875  4.554  4.466  4.836  4.760  4.812  4.779  4.615  4.644  4.533  4.676  4.575  4.663  4.605  4.489  4.575  4.673  4.754  4.564  4.708  4.682  4.727  4.652  4.554  4.543  4.875  4.382  4.771
3.850  3.807  4.025  3.714  4.119  4.119  3.850  3.912  4.078  3.829  3.738  3.892  4.248  4.143  4.022  3.951  3.932  3.807  4.124  4.057  4.078  3.970  3.892  4.234  3.888  3.912  3.829  3.861  3.714  3.951  3.892  3.807  3.912  4.025  3.951  4.007  3.932  3.951  3.714  3.807  3.807  3.928
5.347  5.398  5.176  5.257  5.247  5.242  5.158  5.172  5.187  5.347  5.323  5.438  5.411  5.323  5.394  5.268  5.147  5.283  5.361  5.176  5.324  5.094  5.170  5.236  5.037  5.100  5.074  5.198  5.017  4.990  5.126  5.011  5.112  5.100  5.187  5.037  5.166  5.204  5.050  5.208  5.097  5.170
4.718  4.605  4.543  4.714  4.590  4.605  4.564  4.625  4.644  4.623  4.868  4.796  4.773  4.585  4.727  4.718  4.603  4.595  4.486  4.710  4.727  4.647  4.657  4.605  4.511  4.511  4.511  4.489  4.489  4.317  4.687  4.644  4.489  4.644  4.503  4.489  4.562  4.394  4.466  4.317  4.369  4.477
5.361  5.543  5.403  5.263  5.662  5.778  5.489  5.541  5.638  5.533  5.400  5.609  5.674  5.687  5.720  5.561  5.324  5.743  5.727  5.606  5.566  5.493  5.556  5.425  5.403  5.576  5.533  5.501  5.100  5.380  5.613  5.342  5.427  5.509  5.446  5.548  5.591  5.507  5.288  5.561  5.412  5.551
4.652  4.727  4.682  4.419  4.787  4.804  4.745  4.710  4.820  4.676  4.477  4.708  4.990  4.883  4.956  4.718  4.690  4.883  4.883  4.777  4.839  4.804  4.860  4.977  4.605  4.811  4.905  4.705  4.554  4.625  4.663  4.533  4.585  4.736  4.649  4.700  4.804  4.562  4.623  4.796  4.615  4.633
4.984  4.852  4.900  4.860  4.836  4.890  4.852  4.868  4.754  5.004  5.004  4.864  5.017  4.920  4.984  4.828  4.804  4.905  4.997  4.929  4.868  4.710  4.934  4.796  4.726  4.836  4.787  4.828  4.779  4.663  4.575  4.625  4.787  4.875  4.815  4.852  4.844  4.828  4.762  4.927  4.691  4.762
4.554  4.190  4.361  4.277  4.220  4.277  4.263  4.357  4.317  4.382  4.431  4.413  4.605  4.522  4.454  4.311  4.394  4.288  4.256  4.554  4.407  4.317  4.357  4.394  4.022  4.248  4.281  4.304  3.932  4.194  4.094  4.190  4.263  4.431  4.331  4.205  4.248  4.416  4.277  4.060  4.234  4.344
5.624  5.384  5.505  5.642  5.749  5.620  5.521  5.663  5.581  5.714  5.579  5.727  5.639  5.576  5.765  5.378  5.537  5.575  5.710  5.645  5.595  5.537  5.451  5.476  5.541  5.525  5.442  5.525  5.173  5.389  5.288  5.442  5.565  5.598  5.525  5.478  5.468  5.649  5.529  5.587  5.572  5.568
4.464  4.554  4.605  4.477  4.595  4.625  4.511  4.511  4.489  4.640  4.635  4.644  4.699  4.585  4.727  4.407  4.585  4.431  4.644  4.567  4.883  4.635  4.527  4.575  4.466  4.552  4.475  4.357  4.111  4.382  4.431  4.615  4.520  4.511  4.573  4.630  4.454  4.475  4.431  4.564  4.344  4.543
4.710  4.443  4.605  4.635  4.659  4.644  4.644  4.691  4.543  4.754  4.754  4.714  4.663  4.663  4.762  4.625  4.559  4.682  4.673  4.804  4.682  4.603  4.543  4.718  4.605  4.595  4.466  4.635  4.407  4.500  4.564  4.541  4.644  4.680  4.654  4.717  4.489  4.769  4.500  4.559  4.762  4.727
4.852  4.585  4.745  4.745  4.893  4.663  4.443  4.727  4.500  4.866  4.771  4.760  4.828  4.671  4.771  4.598  4.543  4.762  4.673  4.875  4.673  4.595  4.585  4.522  4.500  4.431  4.564  4.691  4.428  4.431  4.625  4.543  4.680  4.575  4.554  4.682  4.663  4.708  4.762  4.700  4.533  4.736
5.455  5.220  5.283  5.346  5.406  5.403  5.088  5.347  5.318  5.464  5.354  5.372  5.447  5.308  5.642  5.230  5.106  5.517  5.403  5.451  5.243  5.204  5.198  5.193  5.193  5.088  5.114  5.226  5.056  4.934  5.246  5.147  5.147  5.228  5.147  5.283  5.198  5.269  5.425  5.366  5.094  5.313
4.708  4.575  4.511  4.543  4.625  4.522  4.489  4.533  4.564  4.771  4.564  4.635  4.635  4.625  4.898  4.419  4.489  4.700  4.570  4.543  4.615  4.605  4.644  4.541  4.277  4.543  4.344  4.369  4.248  4.304  4.407  4.554  4.419  4.344  4.543  4.489  4.472  4.554  4.477  4.500  4.428  4.407
4.949  4.718  4.844  4.905  4.844  4.919  4.760  4.831  4.997  4.920  4.905  4.913  5.080  4.920  4.890  4.779  4.808  4.875  5.063  4.997  4.860  4.736  4.856  4.898  4.860  4.771  4.875  4.942  4.644  4.682  4.850  4.649  4.898  4.820  4.898  4.762  4.723  4.836  4.685  4.868  4.844  4.883
4.159  4.159  4.190  4.174  4.159  4.040  4.205  4.182  4.094  4.111  4.007  4.234  4.348  4.357  4.290  4.025  4.127  4.143  4.394  4.190  4.369  4.220  4.260  4.103  4.220  4.078  4.248  4.190  3.932  3.892  3.998  3.970  4.043  4.190  4.060  4.043  3.932  4.159  4.182  4.174  3.970  4.159
5.298  4.875  5.170  5.050  5.136  5.164  5.001  5.124  5.150  5.322  5.231  5.187  5.366  5.136  5.259  5.004  4.956  5.332  5.226  5.147  4.934  5.099  5.121  4.970  4.970  5.135  5.056  5.024  4.856  4.828  5.097  4.883  5.236  5.124  4.970  4.984  4.997  5.246  5.161  5.075  5.081  5.170
6.759  6.498  6.593  6.628  6.739  6.757  6.533  6.672  6.737  6.862  6.819  6.777  6.875  6.797  6.848  6.570  6.522  6.718  6.778  6.687  6.538  6.568  6.638  6.522  6.588  6.737  6.691  6.727  6.409  6.506  6.600  6.288  6.704  6.715  6.605  6.713  6.560  6.739  6.599  6.649  6.639  6.703
