5.352  5.130  5.130  5.063  5.220  5.375  5.203  5.126  5.209  5.352  5.313  5.293  5.313  5.268  5.198  5.193  5.050  5.231  5.231  5.170  5.165  5.147  5.118  5.242  4.927  5.130  5.193  5.130  5.040  5.075  5.198  4.990  5.056  5.176  5.219  5.165  5.263  5.231  5.153  5.164  4.956  5.106
5.094  4.927  4.913  4.889  4.890  4.875  5.013  4.890  4.812  5.056  5.136  5.023  4.913  4.984  5.030  4.883  4.796  4.898  4.828  5.011  4.970  4.975  4.966  4.997  4.913  4.796  4.828  4.836  4.705  4.811  4.898  4.745  4.745  4.812  4.710  4.820  4.982  4.828  4.905  4.710  4.796  4.883
5.080  4.828  5.050  4.828  5.050  5.198  4.977  5.053  4.945  5.142  4.977  5.204  5.263  5.187  5.252  5.043  4.718  5.129  5.004  4.944  4.836  4.890  4.942  4.934  4.894  5.004  4.970  4.875  4.564  4.754  5.037  4.663  4.812  4.949  4.898  4.970  5.024  5.118  4.883  4.920  4.734  5.069
3.784  3.714  3.850  3.784  3.638  3.807  3.555  3.738  3.861  3.738  3.584  3.829  3.871  3.908  3.757  3.892  3.714  3.738  3.898  3.813  3.951  3.689  3.829  3.738  3.611  3.664  3.611  3.664  3.658  3.882  3.611  3.611  3.689  3.829  3.638  3.664  3.638  3.684  5.384  3.611  3.795  3.871
6.153  5.932  6.098  6.133  6.144  6.197  6.068  6.104  6.211  6.286  6.050  6.180  6.265  5.999  6.111  6.025  5.996  6.087  6.182  6.193  6.049  5.974  6.011  5.922  6.180  6.230  6.136  6.061  5.826  5.976  5.966  5.791  6.039  6.184  6.066  6.075  6.184  6.061  6.094  6.078  5.976  6.180
4.883  5.004  5.055  4.904  5.040  5.081  5.063  4.954  5.081  5.198  4.970  5.142  5.130  5.004  5.063  4.970  4.860  4.956  5.142  4.994  5.121  4.963  4.980  4.852  5.017  5.030  4.956  4.877  4.736  4.890  4.787  4.644  4.852  4.990  4.762  4.990  4.804  4.860  4.782  4.775  4.852  4.844
4.913  4.796  4.982  4.736  4.879  4.812  4.615  4.762  4.850  4.913  4.779  4.942  4.828  4.990  5.047  4.554  4.369  4.852  4.890  4.691  4.736  4.543  4.736  4.663  4.500  4.477  4.543  4.522  3.932  4.407  4.466  4.263  4.657  4.522  4.382  4.635  4.625  4.595  4.533  4.564  4.625  4.727
4.248  3.951  3.850  4.043  4.119  3.951  3.829  3.850  3.938  4.111  3.912  4.025  4.127  4.231  4.246  3.912  3.829  4.031  4.066  3.932  4.094  3.807  4.025  3.829  3.761  3.784  3.664  3.761  3.466  3.689  3.733  3.807  3.709  3.850  3.784  4.143  3.802  4.004  3.664  3.784  3.584  3.908
5.209  4.934  5.231  5.069  5.037  5.037  4.970  5.094  5.192  5.375  5.153  5.293  5.366  5.159  5.204  4.956  4.762  4.990  5.169  5.371  5.063  4.680  5.029  4.890  5.030  5.127  4.977  5.027  4.898  4.942  4.949  4.787  4.913  5.091  4.905  4.938  4.977  4.956  4.911  4.963  4.956  5.047
3.784  3.989  3.871  3.689  3.829  3.726  3.985  3.989  4.025  3.951  3.802  3.985  4.078  4.205  3.989  3.850  3.850  3.664  3.951  3.970  4.007  3.892  3.951  4.078  3.807  4.025  4.022  3.733  3.829  3.807  3.829  3.871  3.932  3.871  3.829  3.850  3.850  3.824  3.714  3.611  3.689  3.795
5.295  5.094  5.247  5.347  5.173  5.313  5.204  5.252  5.380  5.493  5.323  5.412  5.366  5.263  5.403  5.220  5.236  5.252  5.497  5.333  5.312  5.220  5.242  5.235  5.254  5.407  5.283  5.231  5.081  5.136  5.201  5.193  5.170  5.333  5.242  5.361  5.298  5.236  5.215  5.313  5.273  5.298
4.975  4.736  4.898  4.836  4.564  4.927  4.868  4.942  4.868  4.905  4.956  4.718  4.920  4.866  5.142  4.685  4.787  4.920  4.938  4.904  5.093  4.887  5.055  4.875  4.696  4.777  4.812  4.690  4.575  4.654  4.654  4.836  4.477  4.786  4.802  4.890  4.844  4.736  4.844  4.573  4.773  4.752
4.691  4.635  4.718  4.613  4.710  4.769  4.605  4.727  4.831  4.848  4.700  4.919  4.905  4.717  4.850  4.575  4.419  4.771  4.875  4.860  4.736  4.533  4.522  4.625  4.762  4.595  4.533  4.682  4.466  4.466  4.575  4.494  4.673  4.832  4.511  4.734  4.511  4.734  4.694  4.654  4.649  4.633
4.277  4.007  4.304  4.295  4.159  4.086  4.231  4.083  4.398  4.127  4.078  4.277  4.174  4.220  4.369  4.004  4.094  4.190  4.500  4.425  4.159  4.143  4.091  4.317  4.060  4.034  3.947  4.074  3.689  4.078  3.951  3.912  4.234  4.132  3.932  3.932  4.043  3.998  4.654  4.060  4.167  4.007
6.528  6.001  6.287  6.217  6.354  6.314  6.122  6.347  6.290  6.438  6.314  6.346  6.455  6.340  6.326  5.991  5.953  6.246  6.277  6.294  6.043  5.858  5.961  5.849  6.136  6.284  6.050  6.221  5.864  5.786  6.004  5.795  6.182  6.159  6.019  6.182  6.071  6.351  6.317  6.308  6.138  6.234
5.165  4.963  4.783  5.037  5.011  4.942  4.820  4.920  4.787  5.081  5.136  4.990  5.140  5.123  5.011  4.820  5.068  5.037  4.963  5.159  4.984  4.898  5.004  4.970  4.890  4.956  4.787  4.952  4.718  4.714  4.934  4.710  4.771  4.904  4.887  4.875  4.860  4.890  5.130  4.852  4.812  4.663
6.283  6.176  6.163  6.237  6.315  6.310  6.161  6.114  6.232  6.284  6.258  6.319  6.297  6.236  6.431  5.989  5.981  6.131  6.280  6.142  6.097  5.897  6.009  6.045  6.096  6.079  6.006  5.989  5.866  5.829  6.043  5.957  6.020  6.196  6.061  6.122  6.089  6.170  6.136  6.141  5.976  6.109
4.699  4.820  4.466  4.500  4.745  4.588  4.654  4.477  4.595  4.712  4.615  4.635  4.858  4.671  4.898  4.394  4.489  4.673  4.635  4.489  4.714  4.585  4.369  4.454  4.543  4.509  4.489  4.454  4.135  4.469  4.419  4.394  4.127  4.533  4.527  4.486  4.419  4.500  4.673  4.443  4.277  4.357
5.546  5.328  5.394  5.472  5.533  5.627  5.338  5.509  5.415  5.425  5.576  5.631  5.509  5.509  5.686  5.328  4.963  5.576  5.598  5.455  5.409  5.204  5.455  5.273  5.318  5.394  5.311  5.425  4.949  5.176  5.094  5.136  5.394  5.268  5.342  5.283  5.338  5.416  5.407  5.476  5.318  5.429
4.052  4.078  4.007  4.190  4.143  4.174  4.060  3.980  4.025  4.022  4.187  4.078  4.256  4.212  4.190  4.007  3.967  4.111  4.220  4.022  4.174  4.057  3.989  4.220  3.970  4.013  3.892  3.892  3.807  3.807  3.871  3.951  3.951  3.989  3.932  4.060  3.829  3.932  4.111  3.970  4.007  3.839
5.624  5.288  5.497  5.464  5.485  5.553  5.268  5.513  5.353  5.497  5.352  5.576  5.591  5.481  5.539  5.147  5.217  5.583  5.568  5.595  5.384  5.328  5.298  5.317  5.468  5.541  5.308  5.429  5.081  5.142  5.222  5.250  5.591  5.533  5.328  5.442  5.311  5.464  5.366  5.460  5.407  5.595
4.489  4.382  4.331  4.190  4.466  4.543  4.407  4.533  4.541  4.557  4.477  4.509  4.691  4.564  4.605  4.124  4.344  4.575  4.437  4.671  4.452  4.205  4.143  4.304  4.277  4.357  4.443  4.404  4.025  4.119  4.234  4.190  4.344  4.369  4.337  4.295  4.212  4.290  4.382  4.234  4.331  4.220
