6.949  5.852  4.682  6.221  5.858  6.225  6.400  5.215  6.724  7.080  7.086  6.488  4.997  6.412  6.098  6.409  4.369  6.387  4.317  5.758  5.438  5.738  6.219  6.515  5.756  4.694  3.818  5.293  4.111  4.304  4.394  5.434  4.745  5.153  5.823  5.715  6.159  6.356  5.943  6.107  4.205  6.197
4.344  3.784  3.466  4.043  3.802  3.942  4.052  3.520  4.317  4.554  4.344  3.951  3.689  3.989  3.784  3.970  3.401  4.025  3.526  3.951  3.942  3.850  3.985  4.460  3.684  3.367  3.367  3.584  3.526  3.434  3.497  3.638  3.526  3.367  3.689  3.611  3.738  3.970  3.664  3.761  3.497  3.638
6.232  5.694  5.736  5.707  6.021  6.170  5.854  5.471  6.147  6.507  6.354  6.310  6.133  6.188  6.137  5.940  3.871  6.061  4.644  5.642  5.656  5.481  5.778  5.677  5.434  5.501  5.591  5.852  4.942  5.320  5.405  5.063  5.445  5.591  5.500  5.872  5.497  5.673  5.811  5.838  5.459  5.613
3.658  3.912  3.632  3.497  3.784  3.761  3.888  3.611  3.780  4.060  3.784  3.957  3.951  3.850  3.951  3.970  3.584  3.733  3.466  3.738  3.932  3.871  3.738  3.871  3.892  3.611  3.638  3.611  3.664  3.757  3.611  3.555  3.818  3.638  3.611  3.738  3.664  3.490  3.761  3.555  3.632  3.497
7.712  7.440  7.536  7.328  7.557  7.725  7.623  7.609  7.705  7.845  7.790  7.766  7.745  7.675  7.707  7.642  6.310  7.573  7.051  7.392  7.509  7.363  7.450  7.384  7.448  7.486  7.443  7.405  7.083  7.285  7.342  7.039  7.333  7.525  7.441  7.584  7.468  7.418  7.422  7.488  7.341  7.491
6.377  6.354  6.103  5.996  6.186  6.375  6.500  6.198  6.571  6.676  6.662  6.519  6.480  6.529  6.463  6.448  4.852  6.246  5.241  5.841  6.394  6.253  6.340  6.342  6.004  5.961  6.057  5.905  5.704  5.945  6.035  5.626  6.026  6.131  6.045  6.341  6.172  5.799  6.035  5.854  5.814  5.951
6.635  6.510  6.491  6.447  6.588  6.590  6.567  6.534  6.625  6.731  6.545  6.594  6.607  6.624  6.635  6.550  6.430  6.615  6.672  6.469  6.544  6.469  6.465  6.454  6.454  6.597  6.516  6.532  6.431  6.458  6.516  6.411  6.385  6.627  6.567  6.518  6.619  6.464  6.431  6.594  6.399  6.555
5.220  5.142  5.159  5.136  5.220  5.120  5.288  5.136  5.375  5.366  5.298  5.308  5.425  5.242  5.403  5.273  5.124  5.263  5.278  5.195  5.375  5.120  5.209  5.313  5.081  5.273  5.254  5.106  5.124  5.209  5.242  5.118  5.147  5.341  5.203  5.263  5.318  5.056  4.934  4.961  5.165  5.198
7.771  7.305  7.570  7.560  7.716  7.682  7.427  7.611  7.424  7.753  7.732  7.733  7.761  7.644  7.714  7.435  7.188  7.637  7.689  7.607  7.345  7.272  7.360  7.373  7.305  7.489  7.364  7.439  7.089  7.118  7.337  6.979  7.448  7.361  7.300  7.467  7.373  7.532  7.496  7.591  7.311  7.480
5.759  5.485  5.577  5.723  5.702  5.704  5.583  5.580  5.591  5.890  5.730  5.981  6.016  5.787  5.979  5.557  5.403  5.334  5.746  5.665  5.663  5.549  5.527  5.687  5.505  5.641  5.389  5.273  5.226  5.204  5.484  5.100  5.353  5.598  5.398  5.762  5.342  5.523  5.333  5.572  5.429  5.481
6.457  5.852  6.248  6.045  5.559  6.310  6.082  6.277  6.295  6.554  6.368  6.489  6.519  6.314  6.397  6.033  5.919  6.144  6.306  6.144  6.178  5.894  6.075  5.930  5.802  6.118  5.916  5.900  5.563  5.662  5.892  5.680  4.752  6.033  5.910  6.026  5.969  6.105  6.116  6.066  5.886  5.955
3.689  3.738  3.871  3.733  3.555  3.555  3.638  3.714  3.850  3.892  3.850  3.807  3.784  3.761  4.466  3.555  3.555  3.578  3.664  3.902  3.807  3.738  3.892  3.714  3.714  3.714  3.664  3.555  3.497  3.780  3.497  3.401  3.401  3.638  3.714  3.689  3.714  3.526  3.638  3.466  3.701  3.664
7.155  6.900  7.147  6.971  7.294  7.289  7.039  7.224  7.197  7.236  7.182  7.303  7.311  7.156  7.300  7.061  6.617  7.196  7.360  7.104  7.090  6.976  7.085  7.026  7.131  7.100  6.999  7.044  6.733  6.868  6.815  6.809  7.058  7.072  7.018  7.098  7.046  7.141  7.048  7.150  6.935  7.088
5.403  5.264  5.112  5.219  5.340  5.429  5.292  5.142  5.377  5.368  5.437  5.353  5.513  5.361  5.559  5.308  4.820  5.263  5.438  5.243  5.624  5.315  5.394  5.537  5.100  5.303  5.226  5.187  4.890  5.209  5.069  5.094  5.158  5.252  5.246  5.298  5.438  5.135  5.204  5.187  5.003  5.231
6.188  5.994  6.080  5.986  6.225  6.184  6.019  6.107  6.163  6.050  6.122  6.139  6.205  6.221  6.234  6.034  5.775  6.215  6.139  5.826  5.964  5.945  6.107  6.039  5.959  6.028  6.066  6.111  5.910  5.969  5.892  5.892  5.989  6.040  5.943  6.075  6.136  6.178  6.047  6.188  5.974  6.105
4.663  4.419  4.454  4.700  4.595  4.564  4.554  4.419  4.559  4.304  4.489  4.635  4.663  4.771  4.835  4.520  4.290  4.671  4.663  4.159  4.644  4.500  4.745  4.477  4.321  4.477  4.520  4.404  4.394  4.454  4.533  4.382  4.489  4.454  4.419  4.575  4.466  4.419  4.642  4.554  4.277  4.511
7.999  7.712  7.960  8.081  7.959  7.842  7.856  7.896  8.054  7.999  7.854  8.077  8.001  7.892  7.981  7.795  7.869  7.920  8.147  8.123  8.092  7.859  7.812  7.818  8.123  8.113  7.823  7.831  7.588  7.688  7.764  7.935  8.095  8.107  8.055  7.891  7.801  7.904  7.783  7.888  8.109  8.141
6.637  6.347  6.698  6.743  6.708  6.755  6.582  6.659  6.810  6.695  6.468  6.805  6.672  6.540  6.755  6.345  6.540  6.495  6.913  6.832  6.838  6.477  6.360  6.415  6.752  6.788  6.471  6.253  6.116  6.277  6.244  6.416  6.703  6.760  6.623  6.525  6.367  6.447  6.272  6.370  6.659  6.697
6.721  6.279  6.637  6.541  6.698  6.661  6.436  6.649  6.609  6.784  6.594  6.758  6.650  6.655  6.742  6.437  6.297  6.682  6.721  6.571  6.402  6.347  6.284  6.402  6.620  6.555  6.494  6.718  6.183  6.377  6.393  6.138  6.586  6.616  6.382  6.526  6.415  6.671  6.531  6.575  6.454  6.635
4.685  4.263  4.638  4.500  4.790  4.633  4.331  4.431  4.554  4.615  4.527  4.699  4.771  4.635  4.796  4.593  4.682  4.489  4.748  4.779  4.771  4.500  4.564  4.691  4.477  4.663  4.583  4.691  4.238  4.350  4.190  4.234  4.564  4.454  4.543  4.489  4.554  4.454  4.585  4.407  4.486  4.625
8.054  7.734  8.012  7.978  8.027  8.014  7.759  8.044  7.933  8.014  7.979  8.010  8.040  7.976  7.994  7.819  7.689  7.994  8.093  8.042  7.841  7.767  7.859  7.840  7.923  7.969  7.851  7.952  7.584  7.634  7.783  7.581  7.921  7.990  7.864  7.877  7.740  8.022  7.879  7.983  7.862  8.033
6.963  6.739  6.956  6.845  6.950  6.972  6.692  6.920  6.931  6.965  6.891  6.949  6.988  6.890  6.977  6.777  6.645  6.912  6.984  6.971  6.888  6.765  6.801  6.806  6.852  6.871  6.754  6.696  6.346  6.526  6.711  6.421  6.805  6.923  6.768  6.850  6.682  6.786  6.657  6.760  6.816  6.955
