4.407  3.807  4.060  3.989  4.143  4.281  3.892  4.190  4.174  4.466  4.321  4.288  4.304  4.431  4.357  4.205  3.807  4.290  3.807  4.174  3.912  3.980  3.892  4.140  3.912  3.892  4.143  4.025  3.807  3.892  3.970  3.689  4.078  3.942  4.060  4.025  3.942  4.007  4.094  4.094  4.013  3.714
3.367  3.401  3.401  3.367  3.395  3.428  3.434  3.434  3.434  3.401  3.288  3.526  3.555  3.428  3.638  3.497  3.526  3.258  3.367  3.714  3.434  3.434  3.367  3.401  3.401  3.497  3.497  3.434  3.332  3.367  3.178  3.378  3.638  3.401  3.367  3.367  3.550  3.367  3.367  3.459  3.434  3.332
6.855  6.640  6.708  6.481  6.806  6.965  6.640  6.629  6.792  6.721  6.970  6.695  6.801  6.813  6.413  6.713  6.372  6.702  6.735  6.628  6.676  6.478  6.732  6.604  6.431  6.467  6.519  6.460  6.159  6.349  6.524  6.159  6.430  6.627  6.219  6.664  6.759  6.666  6.395  6.662  6.450  6.592
4.595  4.663  4.543  4.511  4.530  4.718  4.819  4.522  4.820  4.369  4.736  4.522  4.644  4.595  4.174  4.605  4.500  4.434  4.615  4.394  4.736  4.573  4.608  4.752  4.281  4.277  4.466  4.290  4.060  4.317  4.357  4.246  4.202  4.489  4.007  4.564  4.583  4.357  4.220  4.234  4.248  4.263
5.702  5.688  5.553  5.509  5.710  5.700  5.509  5.659  5.753  5.807  5.733  5.775  5.771  5.700  5.740  5.727  5.421  5.743  5.796  5.591  5.714  5.580  5.737  5.620  5.700  5.737  5.629  5.790  5.513  5.656  5.587  5.434  5.602  5.717  5.738  5.687  5.642  5.638  5.628  5.645  5.434  5.680
4.511  4.564  4.357  4.644  4.466  4.585  4.477  4.682  4.691  4.608  4.522  4.743  4.682  4.511  4.543  4.552  4.407  4.500  4.787  4.625  4.615  4.500  4.554  4.522  4.613  4.522  4.511  4.475  4.344  4.431  4.472  4.522  4.644  4.625  4.615  4.585  4.472  4.541  4.357  4.277  4.511  4.585
6.510  6.304  6.443  6.261  6.375  6.528  6.474  6.384  6.482  6.616  6.504  6.519  6.528  6.482  6.494  6.404  6.196  6.447  6.486  6.240  6.404  6.304  6.384  6.319  6.395  6.353  6.378  6.306  6.144  6.254  6.441  6.236  6.157  6.403  6.385  6.399  6.387  6.297  6.220  6.465  6.217  6.426
5.001  4.771  4.905  4.832  4.875  4.963  5.043  4.879  4.913  5.081  4.970  4.990  5.017  5.030  5.063  5.011  4.820  4.787  4.989  4.820  4.997  4.779  4.812  4.883  4.828  4.881  4.654  4.779  4.642  4.682  4.749  4.613  4.564  4.889  4.820  4.883  4.852  4.726  4.654  4.663  4.673  4.820
5.306  4.982  5.094  5.181  5.228  5.380  5.298  5.323  5.416  5.389  5.243  5.434  5.476  5.268  5.478  5.182  4.977  5.014  5.628  5.212  5.257  5.112  5.081  5.130  5.081  5.252  5.011  5.050  4.890  4.973  5.061  5.050  4.927  5.257  5.212  5.187  5.165  5.124  4.889  5.115  5.030  5.236
3.624  3.466  3.434  3.434  3.605  3.638  3.497  3.497  3.638  3.584  3.367  3.689  3.689  3.611  3.714  3.555  3.664  3.584  5.147  3.738  3.807  3.555  3.584  3.611  3.611  3.611  3.611  3.611  3.497  3.332  3.512  3.555  3.619  3.526  3.526  3.526  3.490  3.664  3.401  3.332  3.555  3.526
6.446  6.300  6.297  6.140  6.368  6.380  6.303  6.236  6.252  6.351  6.332  6.286  6.418  6.335  6.358  6.317  6.078  6.361  6.296  6.215  6.265  6.218  6.335  6.168  6.190  6.194  6.247  6.263  6.185  6.203  6.335  6.168  6.021  6.225  6.254  6.299  6.242  6.196  6.293  6.297  6.029  6.208
5.081  4.828  4.852  4.691  4.804  4.844  4.898  4.787  4.796  5.016  4.956  4.787  4.970  4.913  4.977  4.920  4.771  4.816  4.754  4.905  4.852  4.812  4.990  4.820  4.625  4.802  4.844  4.796  4.745  4.913  4.920  4.718  4.691  4.804  4.870  4.844  4.839  4.736  4.844  4.898  4.522  4.663
5.617  5.330  5.480  5.468  5.576  5.487  5.429  5.481  5.549  5.652  5.561  5.617  5.690  5.535  5.645  5.440  5.187  5.606  5.521  5.501  5.492  5.283  5.447  5.323  5.416  5.519  5.433  5.529  5.165  5.468  5.318  5.243  5.394  5.529  5.354  5.375  5.416  5.476  5.403  5.549  5.421  5.485
4.779  4.654  4.682  4.595  4.580  4.812  4.783  4.754  4.933  4.898  4.844  4.890  4.990  4.852  4.920  4.754  4.605  4.736  4.836  4.820  4.977  4.710  4.762  4.852  4.644  4.682  4.605  4.610  4.419  4.595  4.615  4.633  4.673  4.745  4.708  4.718  4.635  4.564  4.533  4.680  4.682  4.691
5.916  5.784  5.693  5.636  5.930  5.858  5.659  5.749  5.759  5.919  5.924  5.892  5.946  5.826  5.945  5.685  5.553  5.746  5.882  5.727  5.733  5.614  5.793  5.635  5.561  5.680  5.624  5.580  5.366  5.568  5.680  5.412  5.652  5.661  5.608  5.756  5.673  5.656  5.687  5.811  5.609  5.765
4.127  4.025  4.007  3.882  4.069  4.007  3.932  4.025  3.932  4.159  3.976  4.040  4.119  4.111  4.159  4.016  3.989  3.989  4.094  4.060  4.174  3.961  4.179  4.174  3.918  3.970  3.951  3.738  3.850  3.664  3.912  3.807  3.761  3.912  3.714  3.892  4.078  4.016  3.932  3.912  3.664  3.976
5.454  5.117  5.491  5.406  5.287  5.496  5.313  5.303  5.497  5.485  5.308  5.407  5.529  5.476  5.434  5.185  5.185  5.455  5.561  5.347  5.209  5.165  5.198  5.162  5.246  5.333  5.106  5.120  4.875  4.977  5.159  4.984  5.099  5.342  5.169  5.220  5.323  5.187  5.165  5.130  5.211  5.208
4.078  3.912  3.888  3.892  3.761  4.040  3.892  3.951  3.932  4.007  4.127  4.078  4.159  4.108  4.143  3.738  3.892  3.871  3.970  4.091  4.187  3.871  3.761  3.951  3.932  3.871  3.980  3.795  3.738  3.632  3.658  3.761  3.951  3.912  4.034  3.970  3.850  3.807  3.807  3.871  3.871  3.829
3.951  3.938  3.970  4.078  3.738  3.998  4.025  3.951  4.043  3.970  3.985  4.111  4.111  4.025  4.004  3.951  3.989  3.951  4.111  4.022  4.043  4.159  3.970  3.951  4.043  3.947  3.912  3.892  3.857  3.970  3.761  3.970  3.989  4.025  4.025  3.951  4.022  4.007  3.824  3.932  3.989  4.078
4.025  3.970  3.850  4.040  3.829  3.888  3.970  3.850  3.871  4.007  3.689  4.078  3.970  4.007  3.970  3.761  3.932  3.761  4.111  4.111  3.967  3.912  3.892  3.947  3.961  3.807  3.846  3.761  3.738  3.850  3.761  4.143  3.942  3.882  3.850  3.882  3.784  3.714  3.761  3.658  3.689  3.829
5.124  4.800  5.094  5.011  5.220  5.268  4.811  5.124  5.187  5.278  5.207  5.170  5.342  5.124  5.521  5.168  4.691  5.181  5.412  5.106  5.037  4.758  5.043  5.050  4.883  4.890  4.820  4.815  4.554  4.682  4.875  4.699  4.883  4.970  4.820  5.077  4.820  4.942  5.103  5.063  4.844  5.138
3.689  3.638  3.726  3.714  3.526  3.750  3.520  3.738  3.638  3.807  3.824  3.780  3.871  3.784  3.892  3.714  3.738  3.738  3.912  3.738  3.951  3.714  3.676  3.892  3.550  3.714  3.714  3.611  3.434  3.684  3.555  3.714  3.638  3.638  3.584  3.829  3.714  3.807  3.714  3.526  3.466  3.466
