5.631  5.407  5.493  5.236  5.466  5.608  5.464  5.513  5.568  5.587  5.442  5.525  5.453  5.485  5.505  5.497  5.228  5.476  5.409  5.288  5.438  5.133  5.223  5.268  5.286  5.389  5.493  5.384  5.288  5.298  5.493  5.093  5.273  5.412  5.396  5.455  5.394  5.394  5.220  5.444  5.342  5.407
4.394  4.398  4.248  4.127  4.301  4.253  4.344  4.277  4.344  4.489  4.382  4.466  4.466  4.522  4.615  4.331  4.094  4.331  4.324  4.277  4.578  4.246  4.331  4.431  4.111  4.234  4.317  4.284  4.159  4.419  4.304  4.234  4.187  4.304  4.274  4.344  4.174  4.057  4.234  4.234  4.241  4.231
6.614  6.599  6.474  6.480  6.627  6.624  6.623  6.635  6.685  6.755  6.560  6.733  6.719  6.624  6.690  6.581  6.479  6.636  6.700  6.474  6.658  6.584  6.659  6.606  6.616  6.612  6.678  6.510  6.565  6.545  6.596  6.436  6.545  6.646  6.680  6.655  6.632  6.525  6.443  6.562  6.410  6.633
6.378  6.437  6.418  6.303  6.457  6.431  6.520  6.420  6.504  6.664  6.455  6.596  6.561  6.555  6.547  6.439  6.426  6.382  6.470  6.375  6.477  6.489  6.532  6.522  6.340  6.351  6.464  6.271  6.229  6.339  6.424  6.211  6.202  6.471  6.514  6.481  6.449  6.293  6.250  6.376  6.226  6.301
5.313  5.072  4.956  5.097  5.147  5.193  5.043  5.150  4.990  5.244  5.226  5.288  5.384  5.220  5.263  5.130  4.844  5.208  5.242  5.220  5.142  4.934  5.094  5.118  5.047  5.093  5.100  5.209  4.889  5.094  5.204  4.898  5.039  5.081  5.068  4.942  5.088  5.226  5.100  5.030  4.844  4.970
5.450  5.313  5.361  5.324  5.412  5.485  5.356  5.374  5.416  5.513  5.505  5.529  5.468  5.451  5.613  5.278  5.094  5.342  5.525  5.425  5.389  5.226  5.387  5.357  5.158  5.147  5.263  5.159  5.081  5.247  5.342  5.159  5.340  5.308  5.342  5.296  5.242  5.384  5.303  5.227  5.081  5.292
5.438  5.352  5.437  5.394  5.384  5.442  5.697  5.434  5.509  5.529  5.429  5.642  5.525  5.454  5.645  5.357  5.442  5.576  5.529  5.339  5.521  5.442  5.460  5.366  5.446  5.593  5.448  5.373  5.368  5.427  5.476  5.403  5.406  5.594  5.519  5.525  5.565  5.337  5.318  5.339  5.403  5.497
4.820  4.583  4.748  4.712  4.787  4.605  4.625  4.726  4.673  4.883  4.828  4.663  4.860  4.762  4.794  4.588  4.533  4.739  4.717  4.654  4.718  4.654  4.771  4.682  4.644  4.605  4.452  4.615  4.522  4.475  4.754  4.564  4.575  4.779  4.700  4.500  4.605  4.710  4.787  4.625  4.498  4.727
6.748  6.637  6.557  6.649  6.653  6.709  6.784  6.709  6.846  6.906  6.766  6.836  6.876  6.792  6.890  6.706  6.725  6.623  6.879  6.695  6.804  6.763  6.811  6.733  6.792  6.849  6.766  6.759  6.696  6.754  6.718  6.657  6.731  6.887  6.808  6.742  6.867  6.631  6.571  6.662  6.624  6.751
6.016  6.004  5.852  5.909  5.862  5.969  6.111  6.023  6.094  6.283  6.078  6.073  6.178  6.071  6.155  6.006  6.047  5.914  6.147  5.981  6.174  6.096  6.077  6.113  6.003  5.981  6.004  5.883  5.939  5.944  5.994  5.991  5.980  6.047  6.113  6.047  6.109  5.943  5.872  5.886  5.948  5.990
6.136  6.082  5.973  5.966  6.028  6.174  6.186  6.133  6.258  6.377  6.051  6.267  6.312  6.180  6.251  6.168  6.120  6.071  6.295  6.075  6.081  6.084  6.180  6.096  6.165  6.199  6.198  6.098  6.030  6.138  6.190  5.938  6.061  6.203  6.178  6.213  6.096  6.107  5.833  6.073  5.886  6.163
5.094  5.017  5.006  4.836  4.970  5.056  5.218  5.147  5.278  5.344  5.189  5.313  5.595  5.379  5.602  5.136  5.168  4.898  5.206  5.056  5.166  5.111  5.236  5.136  5.112  5.165  5.142  5.040  4.905  5.036  5.080  4.934  4.965  5.011  5.099  5.085  4.984  4.956  4.726  4.836  4.913  4.944
6.178  5.910  6.127  6.072  6.109  6.031  6.079  6.108  6.129  6.158  6.168  6.185  6.201  6.155  6.323  5.976  6.016  6.147  6.150  6.104  6.098  6.006  6.004  5.990  6.014  6.040  5.934  6.033  5.897  5.916  5.989  5.953  6.059  6.103  6.157  6.023  6.125  6.037  6.001  6.068  6.052  6.057
5.236  4.911  5.142  5.159  5.165  5.036  4.990  5.050  4.984  5.281  5.004  5.152  5.328  5.230  5.313  4.970  4.992  5.112  5.182  5.130  5.182  5.063  5.043  4.977  5.089  5.056  5.003  4.934  4.836  4.827  4.794  4.844  5.066  5.075  5.088  5.142  5.043  5.007  4.997  5.081  4.970  5.030
5.956  5.781  5.817  5.742  5.874  5.814  5.798  5.858  5.872  6.027  5.945  5.963  6.054  5.918  6.011  5.881  5.805  5.808  5.974  5.949  5.835  5.710  5.826  5.802  5.765  5.948  5.841  5.768  5.688  5.645  5.690  5.784  5.753  5.911  5.841  5.792  5.814  5.833  5.775  5.741  5.796  5.761
4.382  4.413  4.263  4.205  4.324  4.290  4.246  4.477  4.290  4.514  4.489  4.335  4.543  4.382  4.489  4.263  4.277  4.248  4.428  4.525  4.443  4.220  4.344  4.407  4.290  4.466  4.331  4.078  4.187  4.140  4.220  4.094  4.220  4.263  4.382  4.357  4.143  4.367  4.248  4.205  4.263  4.220
6.961  6.781  6.869  6.874  6.957  6.912  6.681  6.790  6.832  6.948  6.896  6.954  6.970  6.896  6.937  6.812  6.644  6.981  6.929  6.863  6.760  6.718  6.836  6.851  6.708  6.830  6.827  6.830  6.636  6.704  6.790  6.657  6.800  6.824  6.767  6.799  6.781  6.918  6.864  6.894  6.787  6.884
5.328  5.361  5.242  5.293  5.298  5.209  5.252  5.278  5.341  5.352  5.421  5.481  5.513  5.347  5.545  5.247  5.283  5.349  5.468  5.361  5.505  5.384  5.371  5.476  5.153  5.335  5.303  5.118  5.118  5.215  5.189  5.081  5.186  5.334  5.273  5.424  5.328  5.318  5.209  5.226  5.226  5.280
6.529  6.372  6.343  6.409  6.507  6.557  6.397  6.412  6.492  6.512  6.454  6.485  6.440  6.444  6.585  6.384  6.346  6.540  6.587  6.491  6.413  6.397  6.397  6.390  6.310  6.392  6.351  6.402  6.201  6.274  6.307  6.292  6.397  6.494  6.420  6.394  6.382  6.516  6.417  6.389  6.342  6.381
6.353  6.161  6.172  6.299  6.314  6.310  6.185  6.288  6.331  6.323  6.302  6.324  6.365  6.380  6.447  6.194  6.225  6.240  6.356  6.399  6.366  6.339  6.275  6.304  6.186  6.144  6.144  6.146  5.969  6.129  6.163  6.173  6.138  6.286  6.275  6.253  6.154  6.324  6.216  6.159  6.203  6.192
4.812  4.673  4.635  4.654  4.913  4.732  4.663  4.804  4.699  4.868  4.477  4.754  4.852  4.804  4.777  4.522  4.564  4.942  4.718  4.708  4.554  4.388  4.668  4.522  4.419  4.771  4.654  4.745  4.605  4.500  4.625  4.595  4.595  4.588  4.595  4.642  4.541  4.736  4.673  4.828  4.543  4.727
4.094  3.871  4.078  4.007  4.025  4.060  3.951  4.025  4.052  4.159  3.908  4.111  4.127  4.143  4.143  3.989  3.951  4.317  4.108  4.111  4.103  4.013  3.989  4.263  3.970  3.951  3.951  4.043  3.912  3.951  3.829  3.807  3.871  3.850  3.761  4.052  3.970  4.143  4.004  4.052  3.989  4.004
