5.100  4.984  4.990  4.812  4.898  4.942  5.037  4.905  5.050  5.077  5.011  5.061  5.112  5.030  5.081  4.990  4.893  4.997  5.081  4.963  4.922  4.979  4.961  5.112  4.984  4.970  5.003  4.782  4.796  4.990  4.927  4.844  4.836  4.997  5.146  5.106  4.961  4.893  4.970  4.905  4.820  5.037
4.288  4.277  4.111  4.127  4.060  4.246  4.290  4.220  4.205  4.328  4.159  4.164  4.212  4.274  4.431  4.234  4.074  4.159  4.263  4.174  4.231  4.094  4.209  4.304  4.263  4.190  4.174  4.025  3.967  4.060  4.174  4.205  4.111  4.174  4.078  4.078  4.127  4.094  4.040  4.127  3.892  4.174
5.628  5.497  5.566  5.778  5.724  5.587  5.954  5.899  5.994  6.594  6.422  6.494  5.697  5.529  5.628  5.389  5.402  5.455  5.642  5.457  5.595  5.464  5.342  5.342  5.460  5.511  5.352  5.283  5.165  5.252  5.352  5.439  5.467  5.553  5.585  5.568  5.455  5.447  5.329  5.323  5.429  5.442
6.468  6.203  6.295  6.356  6.332  6.295  6.344  6.335  6.351  6.531  6.426  6.405  6.436  6.301  6.368  6.225  6.284  6.240  6.439  6.392  6.365  6.405  6.326  6.486  6.245  6.293  6.207  6.324  6.213  6.337  6.219  6.146  6.244  6.324  6.283  6.194  6.221  6.288  6.209  6.164  6.254  6.221
5.986  5.832  5.844  5.845  5.897  5.910  5.919  6.050  6.004  6.210  6.045  6.061  6.033  5.950  6.100  5.971  5.856  5.981  6.143  5.953  5.996  6.039  6.001  6.011  5.685  5.805  5.816  5.833  5.710  5.740  5.875  5.732  5.861  5.775  5.974  5.915  5.822  5.856  5.930  5.827  5.561  5.851
5.996  5.900  5.914  5.869  6.014  5.966  6.023  5.969  6.136  6.341  6.159  6.091  6.045  6.054  6.085  5.999  6.011  6.014  6.073  5.958  6.071  6.077  6.151  6.186  5.749  5.875  5.943  5.872  5.765  5.900  5.981  5.817  5.897  5.849  6.026  6.016  5.844  5.870  6.009  5.822  5.838  5.914
5.802  5.583  5.537  5.707  5.595  5.740  5.572  5.575  5.609  5.765  5.883  5.727  5.700  5.553  5.780  5.620  5.541  5.537  5.613  5.579  5.706  5.561  5.633  5.617  5.483  5.525  5.438  5.384  5.464  5.481  5.783  5.775  5.720  5.476  5.517  5.566  5.557  5.617  5.591  5.517  5.471  5.505
5.093  5.198  5.204  5.112  5.056  5.170  5.303  5.081  5.242  5.375  5.159  5.209  5.328  5.226  5.442  5.263  5.100  5.050  5.263  5.030  5.273  5.176  5.283  5.242  5.055  5.081  5.011  4.940  5.096  4.949  5.313  5.178  4.963  5.130  5.193  5.170  5.201  5.056  4.963  4.963  5.176  5.043
4.827  4.663  4.605  4.460  4.615  4.654  4.552  4.644  4.615  4.745  4.585  4.663  4.868  4.595  4.787  4.520  4.489  4.710  4.771  4.700  4.727  4.536  4.613  4.736  4.431  4.541  4.466  4.522  4.357  4.489  4.562  4.382  4.514  4.477  4.443  4.649  4.543  4.522  4.595  4.419  4.533  4.533
4.736  4.605  4.691  4.625  4.745  4.668  4.666  4.635  4.595  4.860  4.730  4.585  4.736  4.691  4.771  4.564  4.575  4.700  4.852  4.828  4.745  4.710  4.741  4.736  4.477  4.481  4.575  4.454  4.304  4.520  4.628  4.557  4.554  4.554  4.758  4.635  4.554  4.618  4.533  4.630  4.533  4.543
4.290  4.263  4.290  4.174  4.288  4.159  4.290  4.290  4.078  4.205  4.357  4.344  4.489  4.344  4.369  4.248  4.127  4.263  4.369  4.263  4.376  4.194  4.159  4.205  4.174  4.304  4.094  4.205  3.912  4.156  4.124  4.127  4.159  4.205  4.202  4.260  4.127  4.220  4.159  4.171  4.111  4.167
3.784  3.714  3.892  3.802  3.850  3.967  3.850  3.761  3.714  3.714  3.784  3.871  4.007  4.111  4.094  3.784  3.871  3.784  4.143  3.976  3.912  3.807  3.850  3.738  3.784  3.802  3.714  3.555  3.605  3.761  3.761  3.784  3.689  3.871  3.802  3.807  3.555  3.784  3.871  3.846  3.850  3.871
5.176  4.970  5.123  5.081  5.112  5.118  5.094  5.094  5.147  5.136  5.158  5.099  5.170  5.112  5.214  4.843  4.944  5.132  5.242  5.069  5.069  5.024  5.004  5.004  5.030  5.106  4.984  4.905  4.913  4.824  4.860  4.911  5.030  5.050  5.039  5.024  4.890  5.088  4.875  5.043  4.934  5.081
4.220  4.304  4.270  4.277  4.187  4.174  4.174  4.078  4.143  4.174  4.111  4.205  4.277  4.317  4.248  4.143  4.074  4.043  4.159  4.263  4.220  4.143  4.205  4.284  4.159  4.007  4.220  3.989  3.892  3.970  4.078  3.998  4.108  3.989  4.135  4.248  4.159  3.970  4.025  4.143  4.094  4.043
5.283  5.064  5.264  5.267  5.347  5.316  5.468  5.511  5.451  6.001  5.911  5.896  5.278  5.357  5.313  5.088  5.152  5.231  5.338  5.342  5.268  5.100  5.069  5.136  5.176  5.268  5.009  4.977  4.977  5.069  5.030  5.083  5.318  5.149  5.303  5.303  5.147  5.288  5.069  5.029  5.106  5.220
4.600  4.419  4.605  4.595  4.710  4.663  4.585  4.638  4.605  4.676  4.585  4.598  4.710  4.769  4.898  4.492  4.511  4.595  4.633  4.762  4.699  4.511  4.575  4.554  4.598  4.511  4.443  4.477  4.419  4.533  4.369  4.543  4.605  4.691  4.554  4.511  4.520  4.489  4.625  4.477  4.543  4.511
5.130  5.050  5.049  5.063  5.165  5.142  5.063  4.990  5.091  5.147  5.147  5.100  5.185  5.318  5.303  5.129  4.949  5.136  5.109  5.081  5.056  4.956  4.997  5.111  4.956  4.848  4.898  5.049  4.718  4.896  5.023  4.927  4.963  4.970  5.142  5.004  5.011  5.100  5.050  5.056  4.839  5.004
4.025  4.167  3.985  4.025  3.928  3.998  3.947  4.060  3.980  4.111  4.004  4.060  4.143  4.234  4.341  4.094  4.007  4.043  4.174  4.234  4.277  4.007  4.174  4.108  4.078  3.871  4.043  3.932  3.807  4.022  4.007  3.970  4.043  3.912  4.007  4.007  3.932  3.932  4.025  4.007  4.078  4.007
5.976  5.817  5.966  5.997  5.943  6.074  5.935  5.966  6.040  6.068  6.043  6.047  6.017  6.052  6.250  5.903  5.966  6.009  6.186  6.054  6.217  5.922  6.028  6.056  5.983  6.021  5.883  6.073  5.740  5.832  5.930  5.855  6.064  6.031  6.026  6.013  5.861  5.835  5.724  5.730  5.953  5.830
5.793  5.489  5.680  5.763  5.627  5.814  5.724  5.635  5.817  5.781  5.746  5.763  5.729  5.751  5.775  5.497  5.720  5.838  5.821  5.765  5.999  5.638  5.710  5.808  5.737  5.687  5.587  5.700  5.371  5.505  5.476  5.571  5.667  5.784  5.656  5.742  5.521  5.572  5.560  5.468  5.602  5.601
5.106  4.927  5.068  5.135  5.086  5.187  4.934  4.990  5.061  5.209  5.127  5.158  5.182  5.117  5.295  4.997  4.905  5.066  5.094  5.147  5.142  5.094  5.056  5.100  4.913  4.963  4.942  5.024  4.804  4.860  4.898  4.727  5.056  5.043  5.011  5.081  4.949  5.170  4.852  4.911  4.927  5.030
5.814  5.549  5.684  5.666  5.740  5.717  5.722  5.717  5.746  5.927  6.004  5.903  5.820  5.714  5.787  5.553  5.642  5.756  5.753  5.749  5.753  5.659  5.606  5.687  5.595  5.684  5.606  5.657  5.485  5.489  5.620  5.481  5.687  5.684  5.656  5.762  5.613  5.631  5.696  5.476  5.529  5.670
