6.242  6.019  6.125  6.041  6.052  6.059  6.033  6.178  6.094  6.218  6.164  6.129  6.073  6.040  6.153  6.054  5.919  6.063  6.078  6.021  6.129  5.991  5.922  6.004  5.914  5.852  5.897  5.832  5.670  5.789  5.948  5.870  5.939  5.986  5.978  5.981  5.866  5.989  6.023  5.948  5.832  5.981
5.595  5.308  5.468  5.420  5.403  5.380  5.366  5.525  5.467  5.591  5.501  5.545  5.474  5.472  5.521  5.298  5.281  5.442  5.288  5.425  5.366  5.367  5.342  5.403  5.273  5.263  5.297  5.183  5.138  5.094  5.303  5.063  5.255  5.303  5.272  5.342  5.288  5.313  5.341  5.233  5.173  5.278
5.094  4.868  4.883  5.021  4.905  4.963  5.056  4.977  5.056  5.024  5.077  5.011  5.074  4.963  5.088  4.984  4.736  4.898  5.017  4.920  4.956  4.875  4.905  4.951  4.997  4.949  4.913  4.832  4.762  4.827  4.997  4.852  4.777  4.875  4.927  4.898  4.942  4.812  4.860  4.879  4.848  4.898
4.127  4.127  4.111  4.253  4.159  4.094  4.234  4.143  4.331  4.369  4.234  4.328  4.477  4.344  4.413  4.091  4.127  4.111  4.317  4.290  4.290  4.260  4.043  4.317  4.220  4.007  4.159  4.040  4.043  4.043  4.174  4.143  4.143  4.127  4.288  4.277  4.234  3.951  4.094  3.908  4.132  4.205
3.689  3.738  3.714  3.658  3.850  3.611  3.761  3.761  3.912  3.829  3.638  3.850  3.733  3.807  3.912  3.638  3.761  3.689  3.912  3.928  3.761  3.807  3.689  3.784  3.664  3.632  3.689  3.555  3.434  3.555  3.632  3.714  3.664  3.638  3.584  3.638  3.773  3.584  3.497  3.481  3.555  3.689
3.829  3.689  3.611  3.632  3.611  3.761  3.689  3.871  3.689  3.829  3.555  3.761  4.025  3.714  3.871  3.689  3.829  3.664  3.829  3.829  4.220  3.714  3.738  3.846  3.829  3.689  3.784  3.638  3.611  3.555  3.664  3.738  3.761  3.605  3.738  3.714  3.784  3.584  3.497  3.520  3.555  3.761
4.875  4.585  4.836  4.663  4.727  4.745  4.635  4.736  4.710  4.963  4.860  4.852  4.949  4.779  4.820  4.654  4.595  4.642  4.804  4.866  4.575  4.694  4.595  4.595  4.554  4.546  4.522  4.691  4.443  4.443  4.662  4.625  4.613  4.543  4.533  4.754  4.575  4.680  4.727  4.710  4.595  4.431
4.919  4.762  4.843  4.977  4.858  4.765  4.836  4.754  4.760  5.032  4.990  4.956  4.977  4.920  4.898  4.727  4.691  4.700  4.875  4.844  4.828  4.736  4.595  4.787  4.635  4.564  4.668  4.511  4.290  4.564  4.721  4.585  4.779  4.654  4.649  4.828  4.760  4.820  4.779  4.700  4.682  4.644
4.625  4.578  4.705  4.644  4.654  4.466  4.644  4.595  4.682  4.575  4.585  4.765  4.691  4.605  4.700  4.331  4.466  4.477  4.654  4.794  4.771  4.663  4.554  4.533  4.625  4.615  4.486  4.431  4.419  4.428  4.331  4.575  4.663  4.477  4.543  4.564  4.477  4.552  4.477  4.382  4.663  4.682
4.431  4.205  4.231  4.304  4.434  4.290  4.357  4.304  4.331  4.437  4.274  4.527  4.489  4.483  4.483  4.127  4.357  4.197  4.489  4.394  4.530  4.344  4.174  4.159  4.369  4.174  4.288  4.263  3.951  4.111  4.190  4.290  4.407  4.234  4.304  4.344  4.127  4.263  4.220  4.060  4.190  4.315
3.555  3.638  3.709  3.726  3.689  3.738  3.611  3.738  3.638  3.714  3.638  3.658  3.757  3.611  3.951  3.584  3.555  3.611  3.738  3.738  3.689  3.689  3.664  3.664  3.638  3.726  3.526  3.555  3.401  3.526  3.526  3.638  3.555  3.555  3.714  3.738  3.526  3.497  3.434  3.526  3.584  3.434
4.060  3.912  4.190  3.985  4.331  4.060  3.871  4.013  3.850  4.057  4.007  3.985  4.143  3.942  4.234  3.829  3.861  3.989  4.025  4.124  3.970  3.829  3.912  3.970  3.780  3.882  3.850  3.877  3.733  3.829  3.829  3.970  3.989  3.802  3.829  3.871  3.738  3.912  3.761  3.813  3.714  3.850
4.700  4.640  4.705  4.860  4.500  4.812  4.727  4.585  4.836  4.727  4.779  4.635  4.673  4.668  4.779  4.583  4.673  4.583  4.736  4.644  4.694  4.570  4.575  4.779  4.564  4.511  4.454  4.489  4.382  4.449  4.559  4.620  4.628  4.710  4.682  4.585  4.585  4.595  4.541  4.533  4.443  4.543
4.357  4.290  4.401  4.443  4.205  4.404  4.304  4.357  4.394  4.477  4.317  4.466  4.376  4.392  4.533  4.277  4.407  4.449  4.344  4.428  4.543  4.407  4.328  4.443  4.246  4.174  4.297  4.234  4.124  4.108  4.288  4.174  4.337  4.205  4.220  4.344  4.132  4.234  4.263  4.304  4.159  4.486
6.611  6.425  6.561  6.666  6.625  6.623  6.565  6.608  6.616  6.733  6.579  6.717  6.649  6.542  6.709  6.494  6.514  6.389  6.736  6.669  6.675  6.580  6.469  6.558  6.604  6.590  6.471  6.395  6.295  6.282  6.431  6.522  6.616  6.597  6.667  6.581  6.542  6.554  6.423  6.457  6.541  6.491
5.511  5.455  5.357  5.545  5.403  5.460  5.468  5.416  5.489  5.505  5.424  5.497  5.521  5.468  5.631  5.402  5.476  5.308  5.533  5.438  5.596  5.476  5.384  5.488  5.318  5.373  5.318  5.106  5.226  5.268  5.342  5.398  5.421  5.523  5.489  5.432  5.447  5.361  5.236  5.252  5.292  5.313
3.689  4.078  3.951  3.714  3.829  4.060  3.850  4.025  3.761  4.025  3.738  3.970  4.025  4.078  4.094  3.846  3.761  3.807  3.850  4.043  3.912  3.829  3.850  3.835  3.761  3.638  3.807  3.795  3.638  3.807  3.892  3.882  3.871  3.807  3.951  3.829  3.584  3.829  3.802  3.773  3.761  3.871
4.124  4.066  4.127  4.057  4.094  4.111  3.928  4.171  4.057  4.190  4.159  3.989  4.290  4.234  4.369  3.970  4.007  4.159  4.094  4.248  4.248  4.217  4.060  4.234  3.888  4.078  4.007  3.892  4.007  4.025  4.174  4.094  4.127  4.043  4.025  3.912  4.060  4.174  3.932  4.156  3.932  4.060
5.733  5.568  5.687  5.690  5.678  5.595  5.595  5.557  5.583  5.740  5.572  5.730  5.832  5.559  5.710  5.550  5.656  5.620  5.710  5.861  5.762  5.602  5.541  5.704  5.474  5.595  5.481  5.421  5.412  5.374  5.542  5.541  5.617  5.572  5.570  5.605  5.537  5.620  5.533  5.620  5.549  5.649
5.193  4.984  5.074  5.088  5.147  5.043  4.883  4.977  5.058  5.069  5.170  5.075  5.215  5.064  5.112  4.898  4.920  4.977  5.081  5.323  5.118  4.956  4.909  5.037  4.896  4.949  4.990  4.927  4.898  4.862  4.898  4.820  5.017  5.011  4.920  5.024  4.977  5.147  5.043  5.124  5.036  5.091
4.187  4.263  4.386  4.234  4.248  4.304  4.127  4.277  4.248  4.466  4.174  4.460  4.344  4.297  4.382  4.190  4.159  4.263  4.190  4.431  4.331  4.234  4.331  4.159  4.220  4.060  4.234  4.248  4.043  4.074  4.171  4.127  4.220  4.217  4.248  4.190  4.197  4.369  4.127  4.140  4.111  4.159
4.416  4.034  4.367  4.394  4.277  4.394  4.246  4.246  4.174  4.575  4.263  4.220  4.357  4.224  4.304  4.143  4.234  4.205  4.284  4.369  4.290  4.111  4.190  4.220  4.060  4.159  4.025  4.159  4.116  4.197  4.108  4.094  4.315  4.234  4.220  4.094  4.234  4.344  4.190  4.220  4.060  4.205
