4.357  4.446  4.344  4.277  4.452  4.394  4.428  4.475  4.394  4.466  4.344  4.511  4.331  4.248  4.509  4.361  4.357  4.380  4.460  4.419  4.605  4.357  4.263  4.500  4.304  4.174  4.231  4.143  4.091  4.159  4.394  4.277  4.290  4.301  4.263  4.394  4.290  4.394  4.127  4.220  4.140  4.281
4.691  4.543  4.754  4.691  4.754  4.835  4.762  4.820  4.673  4.883  4.690  4.736  4.682  4.736  4.736  4.703  4.543  4.595  4.760  4.771  4.836  4.754  4.644  4.717  4.511  4.533  4.369  4.466  4.190  4.357  4.662  4.640  4.677  4.633  4.644  4.623  4.613  4.575  4.431  4.652  4.663  4.644
3.761  3.714  3.892  3.761  3.802  3.829  3.902  3.807  3.912  3.871  3.807  3.784  4.078  3.951  4.074  3.892  3.738  3.829  3.970  3.961  3.784  3.892  3.780  3.829  3.970  3.807  3.807  3.689  3.714  3.807  3.912  3.689  3.780  3.970  3.750  3.624  3.738  3.871  3.784  3.871  3.714  3.807
4.304  4.143  4.007  3.970  4.220  4.074  3.951  4.263  4.159  4.159  3.980  4.111  4.205  4.159  4.190  4.127  4.220  4.159  4.331  4.357  4.205  4.078  3.970  4.111  3.989  4.060  4.094  3.951  3.989  3.912  4.078  4.043  3.967  4.174  3.989  4.007  4.007  4.094  3.989  3.829  3.989  4.043
3.466  3.526  3.466  3.434  3.401  3.418  3.466  3.584  3.401  3.709  3.466  3.555  3.584  3.651  3.638  3.738  3.555  3.632  3.555  3.584  3.714  3.535  3.466  3.658  3.526  3.555  3.624  3.459  3.497  3.367  3.555  3.664  3.520  3.466  3.490  3.466  3.738  3.466  3.434  3.401  3.296  3.466
3.850  3.584  3.689  3.664  3.584  3.664  3.638  3.689  3.638  3.912  3.584  3.738  3.807  3.871  3.932  3.714  3.709  3.689  3.761  3.846  3.761  3.738  3.738  3.829  3.578  3.611  3.738  3.761  3.714  3.526  3.738  3.611  3.664  3.638  3.611  3.689  3.761  3.784  3.784  3.638  3.428  3.584
4.511  4.431  4.500  4.554  4.552  4.575  4.559  4.583  4.625  4.700  4.431  4.635  4.644  4.331  4.564  4.522  4.575  4.344  4.554  4.554  4.874  4.812  4.552  4.605  4.541  4.527  4.394  4.369  4.394  4.394  4.394  4.533  4.543  4.595  4.580  4.564  4.585  4.431  4.394  4.431  4.464  4.522
4.350  4.078  4.357  4.443  4.290  4.328  4.290  4.369  4.350  4.369  4.171  4.382  4.394  4.190  4.494  4.331  4.205  4.220  4.357  4.454  4.454  4.401  4.182  4.357  3.932  4.057  4.187  4.135  4.007  3.989  4.094  4.337  4.357  4.151  4.277  4.187  4.231  4.127  4.263  4.174  4.174  4.311
3.892  3.871  4.224  4.135  4.013  4.124  3.928  3.912  4.331  4.212  3.888  4.227  4.190  4.025  4.174  4.227  4.025  3.989  4.260  4.357  4.231  4.111  3.932  4.060  3.892  3.738  3.912  3.761  3.951  4.025  3.892  4.108  3.970  3.802  3.932  3.802  3.989  3.989  4.016  3.784  4.007  3.892
3.932  3.664  4.025  3.829  3.813  3.942  3.892  3.807  3.850  3.738  3.761  3.850  3.912  3.714  4.111  3.807  3.761  3.829  3.761  3.970  4.263  3.807  3.818  3.850  3.664  3.795  3.784  3.611  3.684  3.761  3.829  3.912  4.007  3.714  3.726  3.638  3.738  3.584  3.689  3.761  3.912  3.664
5.024  5.118  5.050  5.081  5.142  5.187  5.118  5.231  5.017  5.187  5.153  5.313  4.804  5.011  5.069  5.069  4.745  5.069  5.252  5.198  5.208  5.024  5.152  5.176  4.860  4.913  5.109  4.890  4.762  4.920  5.007  4.812  5.043  5.112  5.118  5.100  4.990  5.165  5.011  5.063  4.898  4.970
4.934  4.708  4.924  4.889  4.956  4.949  4.913  4.938  4.860  4.890  4.890  5.120  4.595  4.804  4.905  4.959  4.595  4.796  4.852  4.963  4.868  4.754  4.905  4.883  4.654  4.718  4.820  4.727  4.654  4.633  4.820  4.796  4.836  4.773  4.779  4.860  4.754  4.934  4.745  4.927  4.844  4.870
6.816  6.683  6.851  6.703  6.802  6.910  6.640  6.755  6.869  6.909  6.904  6.876  6.870  6.701  6.773  6.700  6.491  6.711  6.877  6.852  6.715  6.663  6.739  6.733  6.558  6.642  6.682  6.714  6.504  6.667  6.704  6.596  6.802  6.659  6.685  6.662  6.601  6.704  6.729  6.632  6.649  6.583
6.874  6.820  6.733  6.752  6.851  6.840  6.901  6.755  6.879  7.077  6.913  6.988  6.929  6.735  6.927  6.783  6.714  6.820  6.850  6.860  6.918  6.844  6.929  6.956  6.671  6.755  6.891  6.755  6.666  6.812  6.847  6.796  6.743  6.808  6.918  6.864  6.823  6.757  6.724  6.672  6.727  6.613
5.159  4.786  4.970  5.139  5.030  4.890  4.824  4.896  4.913  5.124  4.970  5.260  5.094  5.094  4.984  4.927  4.852  4.949  4.999  5.146  5.069  4.949  4.905  4.836  4.779  4.808  4.710  4.635  4.500  4.543  4.852  4.920  5.007  4.815  4.836  4.883  4.883  4.868  4.956  4.682  4.796  4.860
5.429  5.189  5.389  5.539  5.347  5.307  5.162  5.283  5.168  5.568  5.421  5.438  5.501  5.323  5.464  5.193  5.081  5.236  5.370  5.354  5.333  5.293  5.300  5.159  4.959  5.142  5.105  4.949  4.734  4.868  5.004  5.204  5.236  5.235  5.176  5.182  5.047  5.158  5.352  5.004  5.143  5.106
3.761  3.761  3.846  3.664  3.658  3.497  3.733  3.738  3.664  3.807  3.638  3.892  3.714  3.611  3.761  3.605  3.761  3.638  3.761  3.835  3.807  3.638  3.611  3.795  3.584  3.664  3.611  3.584  3.555  3.611  3.555  3.761  3.761  3.829  3.689  3.784  3.714  3.714  3.434  3.526  3.714  3.555
3.490  3.664  3.611  3.332  3.434  3.526  3.367  3.541  3.541  3.497  3.584  3.526  3.497  3.526  3.664  3.526  3.689  3.466  3.638  3.738  3.555  3.738  3.497  3.638  3.497  3.401  3.367  3.367  3.434  3.584  3.578  3.584  3.578  3.466  3.466  3.466  3.332  3.401  3.550  3.434  3.332  3.658
4.605  4.489  4.666  4.511  4.492  4.382  4.369  4.234  4.828  4.777  4.489  4.615  4.654  4.382  4.820  4.469  4.511  4.394  4.615  4.595  4.431  4.454  4.466  4.564  4.525  4.190  4.263  4.174  4.111  4.380  4.407  4.466  4.503  4.428  4.324  4.533  4.304  4.350  4.361  4.464  4.454  4.231
4.760  4.769  4.836  4.804  4.911  4.710  4.633  4.654  4.682  5.024  4.754  4.769  4.890  4.727  4.905  4.745  4.522  4.635  4.984  4.922  4.875  4.699  4.575  4.836  4.812  4.380  4.525  4.466  4.331  4.407  4.690  4.625  4.615  4.745  4.663  4.590  4.585  4.635  4.718  4.663  4.615  4.710
3.714  3.839  3.738  3.784  3.638  3.638  3.664  3.829  3.761  3.780  3.714  3.738  4.043  3.970  3.970  3.850  3.689  3.829  3.829  3.892  3.989  3.761  3.807  3.738  3.664  3.664  3.738  3.664  3.701  3.584  3.624  3.745  3.761  3.651  3.761  3.824  3.689  3.701  3.850  3.773  3.434  3.733
4.016  4.078  3.970  3.871  3.947  4.190  3.932  3.989  3.989  3.951  3.829  3.912  4.078  4.043  4.078  3.850  3.892  4.111  3.970  4.234  4.043  3.961  3.912  3.951  3.784  3.892  3.871  3.757  3.714  3.888  3.850  3.784  4.007  3.892  4.043  4.078  3.970  4.025  3.951  3.761  3.689  3.807
