6.014  6.026  5.951  5.883  5.979  6.104  6.151  5.969  6.095  6.176  6.108  6.045  6.103  6.047  6.117  6.006  5.974  6.174  6.045  5.945  6.153  5.956  6.105  5.999  5.973  5.968  6.059  5.919  5.861  5.792  5.961  5.922  5.813  5.962  5.989  5.958  6.151  6.009  5.826  6.031  5.930  5.994
4.979  4.875  4.890  4.871  4.771  5.030  5.030  4.852  5.103  5.037  5.004  4.970  4.956  4.984  5.078  5.075  4.934  4.864  4.990  4.894  5.176  5.001  4.977  5.118  4.804  4.847  5.004  4.779  4.804  4.723  5.024  5.030  5.024  5.129  5.147  5.159  5.380  5.338  5.094  5.587  5.583  5.606
4.883  4.762  4.828  4.718  4.827  4.868  4.777  4.819  4.654  4.898  4.868  4.883  4.828  4.783  4.934  4.691  4.489  4.828  4.727  4.736  4.779  4.708  4.593  4.511  4.635  4.522  4.598  4.718  4.419  4.554  4.663  4.500  4.554  4.700  4.575  4.721  4.644  4.765  4.588  4.605  4.500  4.730
6.046  5.979  5.961  5.813  5.941  6.016  5.864  5.958  5.987  6.111  6.075  6.114  6.052  6.120  6.111  6.138  5.829  6.269  5.916  5.904  5.826  5.730  5.919  5.991  5.762  5.919  5.846  5.924  5.697  5.740  5.881  5.673  5.704  5.799  5.802  5.869  5.901  5.964  5.900  6.033  5.826  5.858
4.595  4.514  4.727  4.644  4.500  4.486  4.564  4.588  4.533  4.762  4.691  4.736  4.802  4.700  4.787  4.522  4.466  4.500  4.673  4.710  4.828  4.554  4.575  4.625  4.392  4.511  4.394  4.431  4.419  4.304  4.625  4.454  4.500  4.543  4.533  4.511  4.511  4.564  4.407  4.443  4.277  4.489
5.666  5.613  5.568  5.449  5.612  5.598  5.380  5.513  5.460  5.638  5.557  5.622  5.761  5.733  5.704  5.796  5.545  5.866  5.409  5.435  5.497  5.368  5.396  5.591  5.220  5.388  5.394  5.338  5.353  5.364  5.517  5.226  5.176  5.378  5.220  5.464  5.380  5.361  5.402  5.481  5.220  5.421
5.366  5.056  5.037  4.934  5.283  5.334  5.247  5.136  5.165  5.464  5.231  5.375  5.447  5.303  5.209  5.112  4.913  5.352  5.252  5.056  5.114  4.951  5.050  4.956  5.037  5.069  5.081  5.252  4.812  5.027  5.123  4.944  4.956  5.176  5.024  5.170  5.069  5.142  5.043  5.209  4.992  5.097
4.007  3.892  3.871  3.611  3.689  3.867  3.951  3.871  3.850  4.066  3.892  3.951  4.043  3.888  3.892  3.738  3.784  3.850  3.922  3.947  3.967  3.892  3.807  3.714  3.784  3.835  3.632  3.784  3.784  3.738  3.829  3.867  3.802  3.807  3.835  3.989  3.867  3.738  3.738  3.664  3.555  3.638
6.949  6.752  6.799  6.829  6.976  6.919  6.815  6.824  6.864  6.958  7.018  6.988  6.959  6.837  6.947  6.784  6.585  6.903  6.941  6.830  6.818  6.737  6.691  6.697  6.860  6.825  6.726  6.816  6.565  6.683  6.685  6.633  6.754  6.832  6.804  6.777  6.870  6.854  6.708  6.808  6.709  6.863
5.118  5.075  4.997  5.004  5.159  4.963  5.004  4.977  5.001  5.283  5.273  5.209  5.226  5.204  5.204  4.984  4.870  4.942  5.153  4.915  5.006  5.037  4.920  4.982  4.963  4.984  4.860  4.963  4.635  4.836  4.868  4.804  4.752  4.911  4.898  4.984  4.920  4.984  5.004  5.004  4.754  5.011
6.832  6.320  6.741  6.657  6.790  6.736  6.352  6.606  6.574  6.749  6.753  6.818  6.783  6.593  6.743  6.505  6.078  6.740  6.771  6.656  6.399  6.297  6.363  6.330  6.352  6.471  6.467  6.632  6.198  6.223  6.351  6.071  6.510  6.472  6.269  6.450  6.506  6.805  6.685  6.697  6.426  6.644
5.230  5.135  5.056  5.357  5.223  5.220  5.159  5.182  5.209  5.323  5.293  5.303  5.382  5.293  5.407  5.080  5.138  5.081  5.288  5.283  5.308  5.278  5.182  5.361  5.017  5.170  5.156  5.136  5.185  5.050  5.030  4.997  5.050  5.130  5.081  5.225  5.056  5.170  5.170  5.094  5.004  4.966
6.317  6.221  6.252  6.286  6.330  6.312  6.129  6.211  6.171  6.370  6.316  6.314  6.363  6.257  6.475  6.142  5.991  6.370  6.261  6.198  6.157  6.125  6.186  6.120  6.170  6.082  6.140  6.238  5.974  5.935  6.080  6.033  6.060  6.155  6.075  6.155  6.136  6.418  6.319  6.332  6.031  6.163
4.866  4.874  4.710  4.860  4.804  4.956  4.717  4.718  4.691  4.927  4.754  4.942  4.927  4.977  4.982  4.779  4.625  4.902  4.927  4.860  4.848  4.779  4.860  4.762  4.700  4.790  4.835  4.796  4.543  4.644  4.663  4.666  4.477  4.745  4.654  4.779  4.654  4.727  4.913  4.796  4.543  4.575
5.623  5.429  5.468  5.472  5.557  5.533  5.317  5.545  5.283  5.613  5.615  5.620  5.549  5.513  5.680  5.421  5.193  5.617  5.460  5.447  5.246  5.257  5.371  5.342  5.215  5.204  5.231  5.455  5.030  5.037  5.337  5.242  5.242  5.187  5.218  5.384  5.236  5.620  5.429  5.533  5.263  5.489
4.911  4.890  4.836  4.913  4.949  4.956  4.769  4.852  4.889  5.088  4.896  5.030  5.081  4.942  5.118  4.779  4.625  4.984  4.934  4.963  4.933  4.794  4.949  4.956  4.598  4.734  4.727  4.984  4.765  4.745  4.796  4.762  4.827  4.812  4.642  4.934  4.844  4.828  5.513  4.820  4.700  4.868
4.074  3.892  3.951  3.738  4.007  4.043  3.791  4.103  3.932  4.060  3.888  3.951  4.190  4.190  4.190  4.022  3.951  4.078  4.159  4.263  4.143  3.871  4.043  4.190  3.912  4.190  4.007  4.143  3.761  3.957  3.912  3.871  4.007  3.892  3.912  3.970  4.007  3.951  4.078  3.871  3.871  4.060
3.714  3.611  3.676  3.714  3.714  3.632  3.611  3.676  3.807  3.784  3.676  3.942  3.951  3.664  3.850  3.684  3.714  3.664  3.733  3.829  3.850  3.689  3.684  3.714  3.526  3.584  3.466  3.638  3.497  3.738  3.584  3.689  3.664  3.638  3.664  3.738  3.611  3.638  3.555  3.611  3.497  3.611
6.158  5.869  6.021  6.114  6.061  6.109  5.978  6.091  6.080  6.163  5.980  6.192  6.217  6.073  6.234  5.940  5.883  6.073  6.180  6.153  6.058  5.855  5.916  5.908  6.033  6.016  5.881  5.916  5.645  5.763  5.727  5.759  6.021  6.039  6.001  5.994  5.892  6.174  5.953  5.945  5.922  6.096
5.106  5.088  5.170  5.288  5.170  5.112  5.075  5.127  5.278  5.159  5.130  5.303  5.380  5.187  5.447  5.017  5.069  5.037  5.303  5.361  5.186  5.088  5.112  5.136  5.024  5.153  5.024  4.954  4.754  5.017  4.787  4.940  5.182  5.114  5.093  5.187  4.984  5.182  5.118  4.937  5.088  5.016
6.314  6.016  6.098  6.100  6.212  6.254  5.976  6.144  6.064  6.242  6.283  6.217  6.258  6.188  6.232  6.157  5.894  6.319  6.190  6.229  6.116  5.989  6.053  6.140  5.951  6.047  6.026  6.176  5.894  5.969  6.105  5.922  6.109  6.040  6.050  6.136  6.109  6.234  6.178  6.194  6.038  6.080
6.091  5.966  5.930  6.001  6.047  6.016  5.835  5.903  5.986  6.082  5.994  6.057  5.932  6.050  6.190  5.919  5.753  6.035  6.029  6.040  5.991  5.874  5.905  5.932  5.835  5.858  5.793  5.894  5.663  5.793  5.866  5.787  5.979  5.795  5.924  5.905  5.861  6.038  5.999  5.943  5.916  5.892
