5.682  5.303  5.460  5.476  5.412  5.323  5.403  5.352  5.371  5.455  5.380  5.451  5.557  5.389  5.485  5.323  5.342  5.432  5.505  5.533  5.400  5.352  5.409  5.460  5.321  5.231  5.356  5.394  5.219  5.242  5.677  5.588  5.779  5.313  5.278  5.272  5.193  5.283  5.390  5.298  5.153  5.310
6.136  5.875  5.984  5.940  5.935  5.922  5.931  5.919  5.996  6.168  6.006  6.045  5.996  5.938  5.984  5.922  5.762  6.034  6.045  6.100  5.974  5.934  5.910  6.021  5.893  5.765  5.823  5.916  5.753  5.736  5.916  5.862  6.034  5.805  5.740  5.914  5.828  5.969  5.914  5.883  5.707  5.991
5.088  5.043  5.037  4.951  4.977  4.963  5.017  5.081  5.056  5.305  5.159  5.106  5.165  5.049  5.056  5.081  4.836  5.105  5.187  5.021  4.820  4.745  4.852  4.890  4.883  4.723  4.883  5.024  4.673  4.796  4.898  4.913  4.922  4.860  4.947  4.885  4.796  5.106  5.069  5.030  4.754  5.063
5.731  5.438  5.502  5.503  5.509  5.602  5.425  5.593  5.680  5.737  5.690  5.677  5.602  5.583  5.638  5.493  5.403  5.557  5.727  5.531  5.442  5.416  5.493  5.460  5.442  5.375  5.434  5.434  5.252  5.375  5.451  5.347  5.476  5.525  5.509  5.557  5.361  5.592  5.537  5.464  5.416  5.545
3.995  3.932  3.985  4.007  3.733  3.951  3.908  3.922  3.850  3.871  3.689  4.111  4.078  3.951  4.094  3.850  3.761  3.912  3.892  4.069  4.190  3.989  3.689  4.031  3.918  3.714  3.850  3.761  3.761  4.143  3.738  3.892  4.060  3.807  3.850  3.850  3.714  3.807  3.780  3.520  3.807  3.824
4.304  4.317  4.481  4.344  4.174  4.234  4.159  4.297  4.159  4.419  4.127  4.248  4.331  4.190  4.290  4.190  4.190  4.111  4.263  4.277  4.328  4.270  4.220  4.425  4.083  4.205  4.060  4.025  3.871  4.127  4.094  4.205  4.331  4.263  3.932  4.127  3.912  4.127  4.057  4.025  4.094  4.171
4.605  4.454  4.575  4.543  4.419  4.500  4.472  4.575  4.494  4.554  4.392  4.543  4.754  4.673  4.824  4.635  4.554  4.533  4.520  4.699  4.760  4.585  4.605  4.564  4.394  4.357  4.500  4.290  4.357  4.394  4.466  4.382  4.527  4.431  4.509  4.369  4.454  4.543  4.498  4.585  4.234  4.454
5.257  5.075  5.145  5.203  5.283  5.306  4.990  4.963  4.920  5.106  5.063  5.063  5.130  5.193  5.182  5.001  4.836  5.118  5.080  5.034  5.204  4.963  4.860  4.942  4.956  4.883  4.844  4.852  4.727  4.771  4.963  4.934  4.836  4.883  4.949  4.890  4.836  5.050  4.927  5.004  4.875  4.963
3.850  3.850  3.761  3.908  3.871  3.784  3.850  3.807  3.850  3.882  3.784  3.970  4.043  4.025  3.892  3.784  4.060  3.733  3.829  4.007  3.912  4.034  3.714  3.951  3.850  3.738  3.908  3.850  3.761  3.892  3.850  3.738  3.912  3.784  3.824  3.932  3.802  3.733  3.807  3.850  3.784  3.638
3.829  3.807  3.871  3.584  3.829  3.689  3.989  3.871  3.761  3.951  3.807  3.892  4.007  3.850  3.912  3.918  3.850  3.824  3.892  3.985  3.980  3.912  3.784  3.784  3.784  3.824  3.898  3.892  3.829  3.738  3.824  3.932  3.761  3.892  3.846  3.908  3.714  3.757  3.850  3.689  3.689  3.829
5.375  5.257  5.384  5.442  5.366  5.378  5.198  5.389  5.434  5.434  5.468  5.476  5.545  5.407  5.513  5.384  5.288  5.170  5.521  5.342  5.471  5.375  5.283  5.333  5.329  5.283  5.308  5.170  5.094  5.198  5.204  5.263  5.209  5.357  5.481  5.403  5.333  5.366  5.301  5.352  5.398  5.313
5.720  5.555  5.565  5.617  5.635  5.663  5.642  5.572  5.572  5.787  5.756  5.686  5.778  5.675  5.762  5.543  5.663  5.509  5.743  5.694  5.768  5.724  5.613  5.710  5.583  5.545  5.565  5.663  5.529  5.549  5.459  5.609  5.587  5.704  5.631  5.698  5.569  5.637  5.568  5.501  5.407  5.560
4.091  3.871  3.957  4.241  4.007  3.951  3.861  3.892  3.902  4.111  3.850  4.025  4.074  4.127  4.190  3.807  3.829  3.892  3.970  4.248  3.970  3.989  3.871  3.912  3.932  3.784  3.912  4.007  3.611  3.689  4.016  3.951  4.022  4.007  3.970  3.714  3.980  3.951  3.932  3.928  3.882  3.871
3.912  3.947  3.912  4.066  3.951  3.871  3.912  4.078  4.074  4.043  3.584  4.151  4.040  4.043  4.094  3.951  4.007  3.795  4.025  4.025  4.220  4.111  3.871  3.871  3.912  3.807  3.871  3.768  3.689  3.611  3.664  4.007  4.043  3.989  3.908  3.824  3.850  4.119  3.877  3.818  3.898  3.846
4.844  4.970  4.812  4.902  4.804  4.787  4.754  4.754  4.796  4.894  4.883  4.866  4.986  5.024  5.118  4.812  4.890  4.786  5.004  4.875  4.949  4.820  4.940  4.890  4.700  4.605  4.754  4.700  4.500  4.710  4.844  4.762  4.721  4.687  4.804  4.875  4.787  4.727  4.575  4.727  4.871  4.741
4.341  4.263  4.369  4.337  4.277  4.511  4.477  4.304  4.443  4.522  4.234  4.413  4.663  4.564  4.605  4.263  4.466  4.419  4.546  4.477  4.543  4.437  4.394  4.500  4.431  4.317  4.357  4.174  4.202  4.317  4.263  4.466  4.475  4.304  4.407  4.443  4.190  4.315  4.331  4.143  4.248  4.354
4.094  4.074  4.004  4.007  4.060  3.850  3.928  3.951  3.989  4.007  3.912  4.167  4.190  3.761  4.317  3.850  3.970  4.094  4.078  4.344  4.270  4.159  4.025  4.060  3.970  3.951  3.784  3.829  4.007  3.761  3.912  3.807  3.951  4.007  3.908  3.970  3.850  3.970  4.043  3.932  3.807  3.829
4.060  3.932  3.829  4.060  4.043  3.846  3.877  3.829  3.912  4.143  4.007  4.007  4.202  4.043  4.220  4.007  4.043  3.892  3.912  4.052  4.094  4.007  3.912  4.159  3.807  3.908  3.932  4.043  3.807  3.835  3.970  3.912  3.932  3.761  3.912  3.989  3.892  3.892  4.007  3.726  3.807  3.846
7.106  6.920  7.026  7.162  7.057  7.064  6.820  7.013  6.987  7.140  7.101  7.099  7.166  7.032  7.208  6.896  6.809  7.100  7.066  7.127  7.095  7.028  7.042  7.094  6.842  6.761  6.845  6.872  6.663  6.790  6.876  6.956  7.142  6.942  6.894  7.077  6.853  7.190  7.281  6.932  6.893  6.942
7.098  6.992  6.986  7.143  7.094  7.103  6.888  7.021  6.992  7.180  7.197  7.085  7.163  7.128  7.282  6.945  6.854  7.114  7.058  7.149  7.130  7.012  7.072  7.155  6.847  6.781  6.916  6.903  6.760  6.856  6.894  7.005  7.130  6.950  7.003  7.080  6.954  7.198  7.269  7.004  6.925  7.022
4.078  4.078  4.143  4.263  4.025  4.143  3.871  4.111  4.111  4.220  3.989  4.043  4.246  4.205  4.238  4.022  4.074  3.951  4.220  4.263  4.174  4.151  4.094  4.263  4.127  4.016  4.078  4.013  3.850  3.871  4.069  4.078  4.197  4.202  4.060  4.187  3.970  3.912  3.912  3.807  4.060  4.007
4.290  4.304  4.382  4.190  4.159  4.263  4.205  4.220  4.443  4.407  4.205  4.369  4.443  4.431  4.382  4.025  4.382  4.234  4.297  4.357  4.533  4.500  4.263  4.466  4.369  4.284  4.151  4.220  4.007  4.174  4.477  4.344  4.288  4.380  4.290  4.317  4.094  4.174  4.094  4.094  4.174  4.290
