5.007  4.816  4.321  4.727  5.063  4.997  5.118  4.984  5.146  5.220  5.030  5.118  5.247  4.965  5.072  4.970  4.860  4.920  4.874  4.812  4.949  4.977  4.844  4.812  4.811  4.860  4.905  4.796  4.466  4.752  4.745  4.466  4.812  4.832  5.017  4.956  4.782  4.811  4.843  4.866  4.635  4.949
3.738  3.761  3.584  3.871  3.738  3.664  3.761  3.738  3.761  3.908  3.908  3.850  3.850  3.912  3.989  3.651  3.714  3.611  3.861  3.738  3.757  3.638  3.664  3.784  3.791  3.829  3.584  3.871  3.671  3.738  3.611  3.526  3.638  3.784  3.664  3.638  3.526  3.651  3.526  3.526  3.497  3.784
4.425  4.337  4.290  4.111  4.407  4.575  4.376  4.382  4.533  4.533  4.682  4.500  4.552  4.454  4.522  4.458  4.392  4.407  4.394  4.304  4.605  4.304  4.290  4.304  4.182  4.304  4.315  4.431  4.234  4.091  4.431  4.205  4.127  4.277  4.202  4.290  4.466  4.277  4.263  4.256  4.143  4.369
3.526  3.638  3.401  3.555  3.466  3.490  3.466  3.784  3.555  3.611  3.738  3.555  3.784  3.757  3.850  3.761  3.611  3.714  3.658  3.829  3.738  3.584  3.578  3.738  3.490  3.555  3.550  3.784  3.466  3.555  3.632  3.638  3.611  3.526  3.709  3.550  3.738  3.520  3.611  3.584  3.555  3.466
4.804  4.500  4.699  4.533  4.625  4.691  4.522  4.868  4.749  4.963  4.765  4.905  4.956  4.682  4.860  4.554  4.509  4.625  4.856  4.682  4.736  4.625  4.605  4.575  4.407  4.477  4.443  4.419  4.159  4.404  4.369  4.301  4.691  4.486  4.511  4.585  4.554  4.663  4.500  4.595  4.369  4.836
3.497  3.555  3.506  3.401  3.526  3.466  3.360  3.550  3.526  3.807  3.296  3.434  3.584  3.714  3.638  3.555  3.526  3.332  3.584  3.638  3.664  3.526  3.684  3.526  3.611  3.497  3.401  3.367  3.367  3.350  3.384  3.332  3.526  3.384  3.434  3.434  3.526  3.401  3.401  3.325  3.401  3.526
5.083  4.828  4.875  4.942  4.954  5.165  4.762  5.030  5.017  5.124  4.942  5.308  4.682  5.159  5.106  4.956  4.220  5.017  5.176  4.996  4.860  4.694  4.828  4.836  4.862  4.968  4.754  4.905  4.509  4.663  4.836  4.585  4.868  4.898  4.682  4.913  4.875  4.997  4.940  4.808  4.657  5.030
3.850  3.871  3.829  3.761  3.912  3.976  3.912  3.829  3.947  3.892  3.871  4.007  3.871  4.274  4.094  4.124  3.696  3.850  3.951  3.932  4.078  3.985  3.951  4.094  3.922  3.912  3.850  3.733  3.738  3.829  3.985  3.892  3.638  3.761  4.111  3.892  4.094  3.892  4.852  3.784  3.738  3.871
5.864  5.505  5.600  5.572  5.624  5.720  5.583  5.587  5.642  5.826  5.631  5.730  5.814  5.746  5.684  5.659  5.394  5.695  5.716  5.631  5.568  5.472  5.618  5.561  5.587  5.606  5.620  5.652  5.403  5.472  5.517  5.303  5.557  5.591  5.412  5.613  5.677  5.606  5.670  5.591  5.476  5.684
4.227  4.231  4.304  4.277  4.190  4.227  4.220  4.394  4.443  4.454  4.428  4.477  4.511  4.454  4.369  4.220  4.205  4.159  4.404  4.500  4.454  4.277  4.220  4.277  4.290  4.205  4.341  4.143  4.060  3.850  4.078  4.043  4.234  4.174  4.190  4.159  4.094  4.369  4.197  4.248  4.007  4.190
4.717  4.804  4.787  4.700  4.564  4.762  4.844  4.779  4.625  4.984  4.691  4.844  4.942  4.905  4.875  4.533  4.745  4.836  4.673  4.727  4.710  4.699  4.654  4.680  4.575  4.828  4.635  4.605  4.615  4.682  4.511  4.644  4.331  4.718  4.700  4.745  4.718  4.585  4.477  4.554  4.625  4.868
4.004  4.143  3.912  3.850  3.784  4.074  4.007  3.908  3.871  4.127  3.829  4.040  4.248  4.263  4.260  4.043  4.078  4.040  4.078  4.248  4.256  3.951  4.127  4.103  3.871  3.932  4.094  3.871  3.871  3.967  3.850  3.951  3.861  4.057  3.932  3.985  4.234  3.989  3.967  4.111  4.111  4.227
4.890  4.595  4.868  4.736  4.754  4.883  4.635  4.827  4.968  4.919  4.836  4.961  5.147  4.927  4.961  4.779  4.860  4.754  4.794  4.860  4.773  4.714  4.820  4.832  4.890  4.913  4.745  4.605  4.554  4.533  4.663  4.533  4.956  4.949  4.804  4.902  4.754  4.699  4.682  4.756  4.595  4.769
3.689  3.611  3.611  3.584  3.651  3.578  3.526  3.638  3.709  3.761  3.638  3.632  3.738  3.761  3.850  3.689  3.638  3.555  3.611  3.761  3.611  3.761  3.526  3.638  3.497  3.611  3.733  3.434  3.520  3.497  3.689  3.584  3.664  3.671  3.611  3.526  3.526  3.651  3.578  3.555  3.526  3.584
4.913  4.635  4.726  4.745  4.635  4.824  4.543  4.812  4.654  4.890  4.673  4.771  4.860  4.828  4.812  4.543  4.554  4.696  4.905  4.796  4.696  4.543  4.718  4.663  4.633  4.700  4.543  4.590  4.407  4.367  4.718  4.297  4.644  4.585  4.564  4.625  4.663  4.575  4.564  4.615  4.425  4.708
3.829  3.761  3.942  3.912  3.957  3.912  3.761  3.807  3.970  3.989  3.761  3.892  3.850  3.932  4.111  3.932  3.813  3.784  3.932  3.989  4.025  4.043  3.738  3.970  3.784  3.761  3.807  3.795  3.611  3.867  3.761  3.980  3.850  3.784  3.892  3.951  3.850  3.807  3.784  3.898  3.912  3.664
4.758  4.357  4.705  4.492  4.741  4.673  4.350  4.580  4.543  4.749  4.762  4.727  4.883  4.671  4.710  4.564  4.443  4.820  4.860  4.625  4.477  4.394  4.554  4.541  4.394  4.533  4.541  4.585  4.078  4.284  4.443  4.290  4.718  4.575  4.174  4.511  4.466  4.618  4.500  4.585  4.277  4.779
3.611  3.664  3.757  3.664  3.689  3.784  3.497  3.584  3.738  3.773  3.584  3.658  3.989  3.761  3.835  3.664  3.638  3.807  3.784  3.871  3.714  3.664  3.611  3.638  3.689  3.526  3.555  3.689  3.497  3.550  3.664  3.638  3.750  3.664  3.738  3.902  3.611  3.745  3.466  3.555  3.506  3.689
4.984  4.836  4.860  4.736  4.949  5.081  4.710  4.963  4.977  5.204  5.063  5.063  5.050  5.215  5.209  4.913  5.094  5.017  5.029  5.011  4.927  4.816  4.927  5.024  4.682  4.796  4.804  5.231  4.533  4.860  4.820  4.710  4.868  4.860  4.727  4.977  4.762  5.182  5.011  5.081  4.710  4.890
4.202  3.850  4.140  4.174  4.167  4.290  4.143  4.220  4.190  4.335  4.190  4.156  4.317  4.440  4.337  4.127  4.025  4.159  4.248  4.174  4.220  4.159  4.094  4.094  4.078  4.159  4.091  4.103  4.040  3.985  4.060  4.025  4.127  4.127  4.060  4.263  4.043  4.013  4.007  4.007  4.108  4.143
4.654  4.625  4.543  4.682  4.511  4.625  4.575  4.644  4.564  4.691  4.836  4.533  4.718  4.804  4.844  4.593  4.554  4.644  4.786  4.754  4.787  4.613  4.736  4.771  4.554  4.500  4.466  4.673  4.382  4.317  4.700  4.454  4.585  4.431  4.564  4.654  4.554  4.745  4.710  4.671  4.331  4.533
3.829  3.761  3.942  3.829  3.684  3.784  3.526  3.638  3.738  3.850  3.714  3.892  3.850  3.738  3.985  3.714  3.761  3.757  3.967  3.980  3.892  3.784  3.664  3.738  3.709  3.689  3.738  3.780  3.611  3.526  3.689  3.584  3.773  3.773  3.807  3.689  3.689  3.784  3.684  3.638  3.892  3.892
