4.304  4.234  4.344  4.341  4.317  4.522  4.190  4.344  4.452  4.357  4.060  4.466  4.613  4.369  4.533  4.382  4.260  4.331  4.498  4.454  4.533  4.357  4.190  4.367  4.270  4.187  4.205  4.083  4.060  4.190  4.111  4.108  4.331  4.419  4.205  4.069  4.301  4.277  4.074  4.190  4.043  4.174
4.543  4.263  4.431  4.500  4.344  4.575  4.543  4.248  4.673  4.477  3.892  4.443  4.527  4.466  4.538  4.382  4.354  4.437  4.509  4.500  4.754  4.564  4.301  4.454  4.394  4.205  4.220  4.277  3.951  4.025  4.143  4.315  4.419  4.317  4.234  4.464  4.174  4.277  4.288  4.205  4.159  4.382
4.511  4.522  4.486  4.392  4.500  4.509  4.522  4.407  4.530  4.654  4.522  4.543  4.647  4.642  4.615  4.440  4.382  4.477  4.585  4.477  4.654  4.407  4.530  4.522  4.454  4.344  4.454  4.477  4.331  4.464  4.452  4.357  4.304  4.477  4.477  4.522  4.410  4.382  4.369  4.564  4.159  4.443
3.871  3.892  3.761  3.780  3.892  3.761  3.807  3.829  3.967  4.007  3.829  3.970  4.060  3.985  4.022  3.871  3.738  3.892  4.052  3.829  3.970  3.871  3.912  3.961  3.829  3.807  3.807  3.738  3.664  3.578  3.761  3.689  3.584  3.829  3.829  3.818  3.714  3.689  3.689  3.867  3.632  4.025
6.371  5.941  6.176  6.180  6.223  6.297  6.282  6.311  6.254  6.468  6.233  6.315  6.349  6.246  6.347  6.209  6.127  6.147  6.323  6.265  6.256  6.084  6.090  6.006  6.192  6.271  6.098  6.124  5.889  6.059  6.087  6.016  6.121  6.242  6.288  6.120  6.118  6.213  6.242  6.192  6.182  6.186
4.217  4.234  4.274  4.304  4.205  4.127  4.205  4.311  4.304  4.331  4.311  4.205  4.407  4.248  4.344  4.234  4.078  4.190  4.220  4.202  4.331  4.248  4.224  4.248  4.227  4.174  4.202  4.156  3.970  4.263  4.143  4.190  4.078  4.220  4.220  4.007  4.043  4.174  4.124  4.304  4.078  4.241
5.251  4.942  5.043  5.053  5.236  5.093  5.142  5.165  5.231  5.338  5.183  5.267  5.176  5.094  5.384  5.069  4.868  5.136  5.159  5.130  5.088  4.942  4.945  4.927  4.997  4.890  4.956  5.112  4.771  4.796  4.956  4.644  4.977  4.984  4.844  5.136  4.961  5.034  5.017  5.061  4.804  5.124
4.580  4.369  4.369  4.369  4.477  4.407  4.317  4.234  4.317  4.605  4.500  4.673  4.549  4.466  4.527  4.615  4.357  4.277  4.469  4.477  4.466  4.317  4.290  4.431  4.304  4.331  4.331  4.174  4.078  4.220  4.304  4.308  4.357  4.304  4.304  4.394  4.407  4.263  4.111  4.220  4.335  4.331
5.793  5.214  5.722  5.525  5.759  5.727  5.476  5.749  5.645  5.924  5.864  5.855  5.889  5.743  5.844  5.476  5.196  5.707  5.771  5.587  5.515  5.236  5.476  5.273  5.428  5.472  5.380  5.507  4.858  5.211  5.296  5.085  5.423  5.480  5.416  5.447  5.472  5.541  5.591  5.515  5.398  5.568
3.526  3.761  3.638  3.578  3.555  3.584  3.570  3.714  3.555  3.611  3.481  3.638  3.714  3.555  3.638  3.597  3.490  3.526  3.664  3.709  3.780  3.658  3.761  3.611  3.624  3.611  3.611  3.658  3.658  3.526  3.638  3.520  3.401  3.664  3.638  3.497  3.434  3.611  3.401  3.434  3.526  3.428
5.165  5.024  4.949  4.654  5.147  5.220  5.100  4.942  5.170  5.050  5.257  5.153  5.308  5.298  5.118  4.997  4.804  5.268  5.215  5.063  4.868  5.050  5.130  5.037  4.745  4.956  4.913  5.111  4.676  4.820  4.934  4.700  4.682  4.812  4.745  5.094  5.013  4.970  5.021  4.997  4.663  4.883
3.497  3.466  3.611  3.584  3.497  3.384  3.611  3.526  3.768  3.584  3.526  3.497  3.611  3.664  3.807  3.611  3.611  3.689  3.584  4.575  3.664  3.466  3.658  3.714  3.360  3.466  3.401  3.434  3.367  3.526  3.490  3.434  3.526  3.526  3.526  3.497  3.689  3.296  3.296  3.434  3.466  3.555
6.012  5.583  5.901  5.787  5.927  6.033  5.759  6.019  5.768  5.949  5.784  6.063  5.990  5.883  5.930  5.783  5.707  5.945  6.043  6.048  5.969  5.704  5.743  5.661  5.911  6.054  5.777  5.863  5.643  5.659  5.513  5.587  5.705  5.920  5.846  5.804  5.875  5.964  5.835  5.892  5.817  5.985
5.011  4.605  5.043  4.973  4.804  4.934  4.800  5.016  4.714  4.779  5.006  5.036  5.063  4.920  5.088  4.856  4.866  4.934  5.124  5.081  5.011  4.777  4.804  4.752  4.883  5.045  4.710  4.710  4.593  4.718  4.654  4.710  4.633  4.820  4.816  4.844  4.734  4.786  4.710  4.771  4.820  4.860
6.816  6.654  6.704  6.715  6.869  6.863  6.691  6.788  6.739  6.810  6.778  6.849  6.830  6.757  6.876  6.636  6.502  6.775  6.844  6.683  6.710  6.569  6.606  6.613  6.765  6.708  6.597  6.688  6.382  6.361  6.558  6.561  6.605  6.635  6.607  6.704  6.589  6.773  6.657  6.681  6.576  6.736
5.720  5.690  5.762  5.824  5.787  5.701  5.561  5.733  5.740  5.869  5.700  5.849  5.743  5.773  6.016  5.472  5.460  5.611  5.897  5.756  5.841  5.714  5.580  5.700  5.602  5.620  5.371  5.403  5.215  5.231  5.466  5.598  5.707  5.670  5.598  5.677  5.549  5.835  5.714  5.521  5.604  5.642
3.932  3.714  3.807  3.784  3.947  3.912  3.689  3.850  3.714  3.989  3.664  4.025  4.043  4.025  3.989  3.555  3.664  3.951  3.932  3.951  3.989  3.892  3.824  3.584  3.584  3.892  3.714  3.714  3.466  3.714  3.664  3.738  3.611  3.664  3.714  3.738  3.611  3.689  3.611  3.578  3.807  3.638
3.401  3.296  3.638  3.434  3.367  3.332  3.367  3.466  3.689  3.434  3.258  3.497  3.658  3.475  3.584  3.332  3.401  3.611  3.689  3.658  3.497  3.434  3.526  3.497  3.332  3.497  3.332  3.395  3.258  3.434  3.466  3.434  3.296  3.401  3.401  3.325  3.258  3.367  3.490  3.296  3.296  3.367
5.169  4.905  5.086  4.533  5.081  5.170  4.984  5.081  5.293  5.029  4.961  5.257  5.347  5.251  5.425  4.963  4.927  4.984  5.327  5.063  4.963  5.011  5.063  5.091  4.741  4.905  4.890  5.094  4.205  4.723  4.779  4.543  4.905  4.996  4.877  5.056  4.828  4.904  4.977  4.970  4.644  4.831
3.850  3.888  3.773  3.664  3.871  3.761  3.761  3.989  3.871  3.664  3.726  3.871  3.970  3.970  4.127  3.829  4.007  3.689  4.127  3.892  3.892  3.780  3.871  3.829  3.714  3.829  3.689  3.555  3.401  3.584  3.584  3.714  3.784  3.738  3.892  3.807  3.611  3.664  3.932  3.733  3.584  3.632
6.358  6.045  6.238  6.124  6.340  6.360  6.011  6.260  6.164  6.375  6.284  6.277  6.317  6.261  6.291  6.115  5.930  6.301  6.308  6.238  5.984  6.045  6.131  6.164  6.045  6.163  6.078  6.234  5.864  6.006  6.073  5.799  6.128  6.091  5.966  6.168  6.125  6.278  6.203  6.290  5.939  6.265
4.382  4.419  4.466  4.477  4.635  4.407  4.274  4.205  4.460  4.585  4.522  4.673  4.522  4.644  4.552  4.407  4.317  4.357  4.554  4.489  4.407  4.263  4.419  4.489  4.317  4.328  4.369  4.357  3.989  4.277  4.317  4.074  4.446  4.301  4.234  4.431  4.159  4.205  4.288  4.407  4.348  4.425
