5.855  5.826  5.822  5.814  5.771  5.994  5.969  5.855  5.956  5.979  6.063  5.981  5.864  5.894  5.912  5.876  5.969  5.695  5.940  5.824  6.201  5.882  5.849  5.894  5.835  5.773  5.624  5.684  5.620  5.717  5.691  5.881  5.823  5.924  5.951  5.945  5.971  5.775  5.775  5.721  5.793  5.894
4.304  4.328  4.331  4.380  4.290  4.159  4.344  4.248  4.357  4.663  4.369  4.290  4.382  4.246  4.344  4.407  4.394  4.205  4.382  4.428  4.419  4.331  4.317  4.477  4.301  4.205  4.043  4.078  4.156  4.190  4.187  4.217  4.431  4.274  4.357  4.263  4.407  4.234  4.220  4.277  4.277  4.248
5.257  5.182  5.236  5.140  5.342  5.403  5.273  5.347  5.268  5.384  5.447  5.308  5.357  5.313  5.366  5.293  5.088  5.273  5.357  5.352  5.403  5.176  5.242  5.179  5.069  5.198  5.234  5.231  5.056  5.318  5.236  5.117  5.159  5.193  5.117  5.227  5.357  5.201  5.204  5.176  5.247  5.269
5.182  4.937  5.182  5.198  5.147  5.173  5.106  5.078  5.215  5.198  5.109  5.176  5.140  5.193  5.293  5.220  5.013  5.081  5.247  5.212  5.247  5.081  5.112  5.236  5.081  5.074  4.994  4.898  4.700  4.977  5.030  4.898  4.986  5.081  4.858  5.176  5.081  5.030  4.934  5.021  4.997  5.100
5.509  5.378  5.262  5.252  5.425  5.364  5.339  5.318  5.347  5.493  5.455  5.323  5.468  5.425  5.455  5.322  5.208  5.416  5.421  5.303  5.460  5.377  5.361  5.489  5.197  5.215  5.187  5.227  5.187  5.273  5.416  5.182  5.215  5.361  5.233  5.389  5.263  5.278  5.442  5.323  5.139  5.268
4.595  4.369  4.533  4.263  4.525  4.486  4.509  4.466  4.263  4.644  4.585  4.440  4.454  4.543  4.543  4.595  4.290  4.511  4.407  4.466  4.454  4.500  4.369  4.509  4.227  4.159  4.231  4.394  4.311  4.248  4.290  4.376  4.190  4.277  4.159  4.263  4.394  4.317  4.290  4.317  4.382  4.317
4.804  4.585  4.700  4.564  4.623  4.727  4.787  4.868  4.700  4.934  4.796  4.787  4.890  4.741  4.883  4.635  4.779  4.726  4.745  4.700  4.804  4.828  4.654  4.754  4.635  4.680  4.633  4.615  4.625  4.644  4.727  4.625  4.642  4.745  4.808  4.718  4.644  4.710  4.575  4.663  4.745  4.787
4.127  3.932  4.143  4.127  4.025  3.912  4.248  4.111  4.263  4.159  4.078  4.111  4.344  4.143  4.277  4.174  4.174  4.103  4.127  4.205  4.190  4.205  4.143  4.111  4.057  4.031  3.998  3.871  3.912  3.989  3.976  4.304  4.016  4.094  4.124  4.103  4.043  3.970  4.043  3.892  4.190  4.007
5.953  5.811  5.754  5.570  5.887  6.014  5.813  5.914  5.889  5.918  5.915  5.957  6.031  6.047  6.064  5.871  5.647  5.964  5.919  5.867  5.760  5.777  5.765  5.808  5.740  5.712  5.749  5.710  5.485  5.681  5.746  5.707  5.738  5.762  5.785  5.755  5.840  5.791  5.765  5.849  5.706  5.838
5.130  5.100  5.139  5.204  5.176  5.247  5.124  5.170  5.193  5.159  5.136  5.412  5.283  5.407  5.394  5.112  5.030  5.209  5.298  5.252  5.313  5.159  5.209  5.193  4.926  5.036  4.984  5.043  4.700  4.896  5.204  5.153  5.081  5.130  5.030  5.069  5.142  5.231  5.147  5.209  4.875  5.161
5.268  5.354  5.268  5.307  5.263  5.226  5.187  5.215  5.193  5.357  5.268  5.176  5.318  5.252  5.416  5.069  5.252  5.236  5.290  5.278  5.352  5.211  5.165  5.297  5.069  4.977  5.099  5.075  4.913  5.037  5.212  5.094  5.214  5.094  5.303  5.142  5.153  5.220  5.315  5.178  5.142  5.069
4.511  4.277  4.277  4.511  4.500  4.277  4.248  4.290  4.369  4.500  4.407  4.344  4.466  4.443  4.595  4.290  4.369  4.344  4.691  4.613  4.575  4.505  4.190  4.454  4.344  4.190  4.217  4.263  4.159  4.174  4.234  4.394  4.466  4.407  4.443  4.357  4.220  4.407  4.290  4.260  4.392  4.328
4.025  4.124  4.025  4.127  4.159  4.277  4.140  4.304  4.248  4.220  4.263  4.263  4.331  4.301  4.357  4.007  4.094  4.335  4.533  4.277  4.253  4.159  4.111  4.205  3.967  3.970  4.022  4.111  3.912  3.989  4.078  3.892  4.086  4.143  4.034  4.220  3.989  4.127  4.025  4.094  4.025  4.007
3.745  3.757  3.714  3.989  3.961  3.871  3.932  3.807  3.850  3.989  3.638  3.932  4.190  4.069  4.111  3.892  3.892  3.867  4.022  3.970  4.040  3.892  3.829  4.043  3.813  3.761  3.871  3.726  3.689  3.555  3.684  3.871  4.025  3.846  3.689  3.738  3.714  3.850  3.611  3.829  3.584  3.714
4.078  4.060  4.040  4.025  4.132  4.135  4.091  3.989  4.127  4.060  4.111  4.234  4.143  3.985  4.111  3.932  4.025  4.025  4.190  4.182  4.263  3.951  3.932  4.025  4.007  4.344  3.989  4.043  3.912  3.892  3.970  3.871  4.159  4.078  4.078  4.143  3.912  4.127  3.892  4.086  3.989  4.205
3.332  3.466  3.475  3.714  3.761  3.584  3.526  3.584  3.638  3.611  3.578  3.611  3.738  3.709  3.850  3.497  3.638  3.611  3.757  3.871  3.791  3.584  3.466  3.638  3.689  3.611  3.611  3.526  3.526  3.555  3.466  3.611  3.689  3.555  3.850  3.555  3.497  3.401  3.367  3.645  3.611  3.784
5.257  4.927  4.997  5.165  5.112  5.165  4.970  5.011  5.069  5.215  5.075  5.123  5.165  5.129  5.130  5.043  4.920  5.103  5.257  5.139  5.103  5.100  5.023  5.069  4.972  5.003  4.942  4.973  4.836  4.977  4.927  4.786  5.109  4.989  5.063  5.027  5.037  5.268  5.149  5.085  5.027  5.164
3.970  3.761  4.094  4.127  4.025  4.043  3.888  3.998  3.970  4.007  3.892  4.094  4.103  4.094  4.135  4.043  4.007  3.928  4.174  4.217  4.043  4.057  3.951  3.951  3.985  4.086  3.951  3.912  3.784  3.850  3.850  3.892  4.007  3.928  3.970  3.970  4.116  4.025  4.057  3.942  3.867  3.989
3.611  3.497  3.689  3.664  3.632  3.555  3.651  3.733  3.664  3.605  3.696  3.689  3.980  3.829  3.784  3.689  3.664  3.784  3.807  3.912  3.892  3.611  3.605  3.714  3.638  3.664  3.555  3.689  3.401  3.611  3.611  3.664  3.738  3.555  3.592  3.714  3.664  3.611  3.497  3.434  3.584  3.689
3.689  3.526  3.689  3.689  3.689  3.611  3.632  3.584  3.584  3.689  3.714  3.784  3.784  3.850  3.850  3.555  3.951  3.638  3.807  3.850  3.807  3.714  3.738  3.584  3.638  3.638  3.526  3.638  3.332  3.584  3.611  3.466  3.709  3.638  3.611  3.584  3.584  3.761  3.555  3.584  3.526  3.584
4.973  4.762  4.937  4.931  4.997  4.881  4.699  4.913  4.972  5.030  4.959  5.127  4.963  4.904  5.014  4.696  4.741  5.102  4.973  4.961  4.796  4.949  4.802  4.927  4.766  4.831  4.832  4.987  4.625  4.769  4.705  4.654  4.771  4.850  4.771  4.766  4.723  4.909  4.827  4.718  4.777  4.727
3.912  3.818  3.824  4.212  3.951  4.025  3.980  3.807  3.861  3.888  3.961  3.867  3.892  3.957  4.040  3.807  3.922  3.892  3.882  3.976  4.004  3.846  3.818  3.922  3.932  3.857  3.938  3.780  3.555  3.757  3.689  4.007  3.908  4.034  3.871  3.846  3.850  3.850  3.714  3.784  3.750  3.745
