6.607  6.407  6.418  6.337  6.366  6.553  6.537  6.581  6.581  6.682  6.641  6.655  6.592  6.542  6.627  6.574  6.144  6.680  6.546  6.503  6.599  6.339  6.441  6.454  6.558  6.583  6.484  6.509  6.333  6.388  6.454  6.363  6.463  6.579  6.475  6.506  6.578  6.544  6.423  6.455  6.318  6.535
4.881  4.682  4.605  4.600  4.522  4.691  4.990  4.920  5.086  5.037  4.990  5.080  5.124  4.883  4.963  4.875  4.094  4.934  4.883  4.796  4.879  4.663  4.787  4.718  4.875  4.990  4.860  4.804  4.644  4.752  4.723  4.511  4.663  4.898  4.745  4.860  4.860  4.615  4.868  4.804  4.573  4.663
5.069  4.997  5.017  4.990  5.024  5.112  5.049  5.106  5.100  5.124  5.050  4.990  5.182  4.977  5.204  5.017  4.984  4.986  5.263  4.911  5.056  5.061  5.111  5.063  4.934  5.132  4.977  4.970  4.898  4.963  4.836  5.043  4.894  5.136  5.050  5.017  4.963  4.875  4.860  5.004  4.860  4.963
4.673  4.554  4.710  4.585  4.654  4.543  4.595  4.654  4.663  4.913  4.663  4.682  4.836  4.700  4.883  4.682  4.554  4.638  4.762  4.823  4.779  4.808  4.583  4.718  4.708  4.677  4.575  4.522  4.635  4.673  4.530  4.644  4.610  4.652  4.771  4.654  4.615  4.615  4.575  4.625  4.511  4.644
6.685  6.441  6.609  6.482  6.551  6.635  6.604  6.629  6.645  6.767  6.713  6.681  6.691  6.580  6.662  6.593  6.319  6.519  6.592  6.503  6.479  6.392  6.486  6.395  6.444  6.507  6.494  6.489  6.248  6.310  6.477  6.269  6.447  6.525  6.522  6.506  6.463  6.455  6.468  6.461  6.361  6.537
4.963  4.754  4.796  4.762  4.682  4.739  4.771  4.800  4.844  4.990  4.963  4.927  4.868  4.860  4.883  4.792  4.700  4.605  4.874  4.748  5.017  4.844  4.812  4.787  4.691  4.691  4.595  4.543  4.543  4.489  4.804  4.727  4.625  4.552  4.812  4.710  4.760  4.570  4.644  4.585  4.682  4.541
5.481  5.323  5.235  5.007  5.406  5.394  5.293  5.159  5.328  5.451  5.347  5.377  5.447  5.361  5.434  5.373  5.081  5.533  5.468  5.106  5.150  5.068  5.235  5.204  5.030  5.165  5.273  5.268  4.894  5.193  5.211  5.030  4.934  5.165  5.077  5.333  5.278  5.308  5.182  5.357  4.956  5.375
4.331  4.407  4.220  4.086  4.311  4.159  4.231  4.025  4.205  4.256  4.263  4.241  4.466  4.369  4.344  4.382  4.094  4.263  4.407  4.174  4.311  4.078  4.357  4.344  4.034  4.143  4.151  4.159  3.970  4.007  4.111  4.078  4.043  4.111  3.912  4.078  4.407  4.151  3.970  3.970  3.951  4.220
4.413  4.331  4.369  4.500  4.431  4.317  4.466  4.466  4.357  4.500  4.489  4.477  4.543  4.536  4.673  4.489  4.575  4.404  4.511  4.673  4.677  4.543  4.483  4.489  4.466  4.344  4.483  4.401  4.382  4.344  4.437  4.564  4.500  4.552  4.511  4.511  4.505  4.416  4.234  4.452  4.394  4.344
5.078  5.037  5.011  4.982  4.984  5.011  5.308  5.050  5.106  5.075  5.204  5.170  5.106  5.063  5.153  5.004  5.165  5.198  5.088  5.037  5.338  5.159  5.068  5.097  4.990  5.037  4.977  4.927  4.904  5.081  5.142  4.934  5.043  5.088  5.198  5.083  5.063  4.875  5.118  5.004  5.034  5.100
4.357  4.143  4.171  4.267  4.277  4.220  4.290  4.284  4.190  4.419  4.171  4.290  4.443  4.376  4.357  4.179  4.209  4.369  4.419  4.454  4.419  4.220  4.094  4.174  4.127  4.159  4.220  4.135  4.094  4.256  4.369  4.159  4.060  4.171  4.205  4.290  4.220  4.331  4.078  4.190  4.143  4.234
4.443  4.489  4.413  4.552  4.464  4.431  4.644  4.452  4.583  4.625  4.454  4.489  4.595  4.654  4.533  4.628  4.317  4.413  4.475  4.392  4.454  4.431  4.475  4.530  4.202  4.419  4.290  4.315  4.382  4.270  4.466  4.394  4.489  4.369  4.425  4.431  4.469  4.348  4.354  4.317  4.248  4.344
5.869  5.704  5.753  5.753  5.743  5.849  5.740  5.808  5.656  5.820  5.793  5.583  5.883  5.838  5.787  5.724  5.529  5.814  5.767  5.709  5.744  5.606  5.817  5.756  5.638  5.642  5.632  5.753  5.509  5.493  5.704  5.517  5.583  5.720  5.628  5.633  5.768  5.841  5.775  5.717  5.638  5.712
6.599  6.444  6.505  6.538  6.516  6.542  6.504  6.512  6.495  6.600  6.625  6.330  6.637  6.461  6.649  6.621  6.351  6.492  6.629  6.560  6.450  6.431  6.513  6.762  6.297  6.333  6.427  6.438  6.182  6.271  6.466  6.306  6.284  6.351  6.370  6.483  6.477  6.479  6.512  6.457  6.373  6.426
5.187  4.866  5.192  4.868  5.136  5.318  5.047  5.100  5.209  5.226  5.037  5.298  5.318  5.269  5.303  5.027  4.942  5.159  5.220  5.147  5.124  5.152  5.120  5.085  5.011  4.997  5.004  5.204  4.828  5.045  4.902  4.745  4.927  4.963  4.966  5.075  5.063  5.097  5.075  5.172  4.875  5.037
4.949  4.963  5.120  4.762  4.942  4.989  4.975  5.112  5.112  5.094  4.787  5.081  5.187  5.037  5.283  4.913  4.934  4.927  5.165  5.069  5.159  5.043  5.130  5.121  4.890  5.050  4.890  4.804  4.736  4.850  4.898  4.879  4.828  4.920  5.100  5.096  5.037  4.949  4.804  4.905  4.956  4.913
5.176  5.056  5.204  5.100  5.069  5.094  5.136  5.136  5.176  5.233  5.120  5.136  5.308  5.063  5.225  5.004  5.136  5.142  5.198  5.176  5.136  5.075  5.139  5.136  4.963  5.162  5.088  4.904  4.890  5.050  5.069  4.956  5.140  5.193  5.081  4.963  5.055  5.009  4.844  4.956  4.956  5.050
5.146  5.077  5.093  5.147  4.984  4.940  4.996  5.080  5.136  5.117  5.106  5.118  5.173  5.075  5.187  4.860  4.990  5.072  5.165  5.209  5.201  5.118  5.024  5.165  4.913  4.907  5.017  4.779  4.812  4.860  5.100  4.890  5.032  4.977  5.043  4.987  4.987  4.913  4.956  4.787  4.844  4.905
6.328  6.142  6.181  6.115  6.284  6.300  6.096  6.213  6.225  6.260  6.207  6.250  6.363  6.225  6.304  6.111  6.061  6.288  6.268  6.082  6.033  5.979  6.098  6.068  6.170  6.194  6.127  6.125  6.043  6.092  6.176  6.004  6.054  6.213  6.052  6.091  6.244  6.286  6.184  6.287  6.073  6.168
5.838  5.664  5.696  5.659  5.749  5.762  5.663  5.673  5.778  5.838  5.730  5.787  5.905  5.780  5.855  5.670  5.509  5.781  5.796  5.649  5.714  5.541  5.613  5.690  5.746  5.628  5.585  5.628  5.460  5.521  5.513  5.553  5.631  5.677  5.658  5.666  5.651  5.745  5.700  5.678  5.591  5.620
4.934  4.673  4.860  4.933  4.883  4.883  4.879  4.832  4.808  4.866  4.777  4.898  5.106  4.893  4.961  4.894  4.890  4.875  5.003  4.986  4.868  4.815  4.691  4.820  4.860  4.896  4.718  4.727  4.635  4.710  4.790  4.856  4.812  4.945  5.004  4.812  4.766  4.804  4.804  4.700  4.823  4.977
4.094  4.143  4.111  4.246  4.277  4.127  4.190  4.143  4.263  4.277  4.143  4.304  4.443  4.290  4.369  4.078  4.159  4.094  4.159  4.380  4.290  4.248  4.007  4.369  4.605  4.205  4.205  4.143  4.043  4.060  4.078  4.431  4.127  4.317  4.234  4.060  3.912  3.970  4.143  3.998  4.111  4.174
