4.644  4.564  4.557  4.475  4.454  4.533  4.564  4.454  4.477  4.595  4.511  4.575  4.682  4.625  4.691  4.522  4.514  4.685  4.419  4.745  4.543  4.564  4.575  4.732  4.511  4.277  4.443  4.593  4.304  4.361  4.575  4.394  4.452  4.331  4.511  4.543  4.477  4.443  4.304  4.394  4.344  4.489
4.585  4.575  4.522  4.419  4.357  4.380  4.500  4.394  4.477  4.564  4.511  4.533  4.564  4.564  4.745  4.394  4.337  4.533  4.443  4.564  4.564  4.522  4.466  4.673  4.174  4.315  4.443  4.321  4.454  4.407  4.331  4.446  4.425  4.466  4.404  4.575  4.443  4.331  4.419  4.331  4.407  4.466
5.112  4.787  5.024  4.883  4.875  4.944  4.700  4.820  4.890  4.920  4.673  4.700  4.997  4.796  5.029  4.700  4.700  4.890  4.949  4.852  4.871  4.787  4.802  4.860  4.654  4.625  4.635  4.615  4.533  4.585  4.522  4.575  4.858  4.726  4.687  4.605  4.752  4.819  4.714  4.710  4.771  5.030
5.338  5.215  5.434  5.215  5.415  5.429  5.327  5.306  5.124  5.460  5.425  5.193  5.546  5.338  5.338  5.328  5.136  5.452  5.407  5.209  5.209  5.238  5.273  5.455  5.075  4.963  5.182  5.328  4.644  5.517  5.063  4.977  5.394  5.288  5.394  5.124  5.215  5.050  5.225  5.197  5.371  5.226
4.454  4.209  4.369  4.331  4.419  4.277  4.263  4.394  4.466  4.541  4.344  4.525  4.557  4.431  4.477  4.171  4.290  4.277  4.419  4.511  4.620  4.419  4.331  4.304  4.407  4.394  4.410  4.361  4.174  4.234  4.308  4.263  4.363  4.454  4.315  4.290  4.248  4.167  4.369  4.220  4.190  4.248
4.357  4.331  4.454  4.443  4.290  4.331  4.357  4.369  4.443  4.546  4.357  4.671  4.472  4.380  4.530  4.234  4.466  4.224  4.419  4.564  4.644  4.562  4.277  4.575  4.431  4.458  4.443  4.290  4.205  4.407  4.337  4.304  4.434  4.248  4.369  4.369  4.382  4.407  4.304  4.241  4.407  4.382
3.807  3.638  3.726  3.757  3.871  3.555  3.757  3.658  3.784  3.846  3.761  3.761  3.761  3.892  3.850  3.761  3.714  3.761  4.031  3.970  3.867  3.714  3.714  3.726  3.689  3.871  3.671  3.638  3.714  3.676  3.689  3.807  3.867  3.932  3.912  4.007  4.043  4.246  4.220  3.555  3.738  3.689
3.850  3.912  3.829  3.902  3.664  3.761  3.664  3.638  3.807  3.857  3.664  3.867  3.932  3.970  3.850  3.664  3.784  3.664  3.892  3.989  3.664  3.689  3.638  3.761  3.714  3.807  3.664  3.611  3.738  3.555  3.651  3.818  3.714  3.664  3.784  3.780  3.611  3.526  3.892  3.605  3.829  3.829
4.127  4.159  4.127  4.074  4.143  4.060  4.060  4.127  3.932  4.290  4.060  4.167  4.159  4.086  4.344  4.025  4.159  4.127  4.025  4.083  4.159  3.951  4.205  4.344  3.850  3.850  4.007  4.004  3.932  3.951  4.025  3.892  3.989  3.967  3.951  4.111  4.111  4.007  3.989  3.951  3.989  4.025
4.007  4.043  3.951  3.989  3.829  4.016  3.829  3.871  3.892  4.022  3.871  3.989  4.043  3.932  4.111  3.829  3.829  4.007  4.004  4.099  3.985  3.989  3.989  3.892  3.807  3.709  3.861  3.784  3.761  3.871  3.829  3.850  3.892  3.807  3.846  3.850  3.689  3.871  3.761  3.761  3.638  3.970
3.902  3.970  3.951  4.007  3.989  3.928  3.932  3.784  3.846  4.119  4.143  4.127  4.025  4.094  4.091  4.016  4.025  3.850  4.111  4.124  4.127  4.074  4.007  4.043  3.761  4.074  3.989  3.938  3.780  3.850  3.892  3.989  3.850  3.947  4.057  4.116  3.871  3.912  4.007  3.888  3.938  3.938
4.190  4.078  3.892  4.111  3.951  4.111  4.217  3.970  3.784  4.159  3.932  4.025  4.263  4.205  4.304  4.171  4.108  3.970  4.419  4.174  4.194  4.205  4.263  4.159  4.174  3.912  4.111  3.846  3.871  3.829  4.190  4.205  4.143  4.007  4.143  4.007  3.989  4.127  3.932  4.127  4.052  4.159
5.869  5.633  5.677  5.887  5.814  5.905  5.635  5.720  5.658  5.916  5.802  5.857  5.799  5.666  5.916  5.565  5.598  5.734  5.846  5.768  5.731  5.680  5.690  5.717  5.658  5.434  5.521  5.672  5.394  5.501  5.493  5.595  5.811  5.521  5.557  5.620  5.583  5.899  5.924  5.666  5.602  5.602
5.553  5.549  5.533  5.561  5.541  5.552  5.455  5.476  5.565  5.628  5.565  5.580  5.652  5.529  5.787  5.434  5.460  5.521  5.565  5.572  5.634  5.509  5.541  5.557  5.481  5.283  5.397  5.372  5.197  5.333  5.312  5.429  5.481  5.472  5.468  5.479  5.409  5.586  5.597  5.389  5.396  5.374
4.714  4.500  4.625  4.680  4.700  4.615  4.516  4.663  4.736  4.673  4.779  4.714  4.804  4.794  4.927  4.710  4.718  4.905  4.754  4.787  4.727  4.615  4.595  4.727  4.573  4.361  4.489  4.454  4.205  4.434  4.419  4.699  4.554  4.644  4.625  4.466  4.511  4.710  4.710  4.652  4.533  4.428
4.769  4.868  4.836  4.885  4.920  4.800  4.723  4.691  4.710  5.050  4.959  4.890  5.146  5.077  5.165  4.990  4.856  5.004  4.828  4.924  5.011  4.968  4.823  4.868  4.654  4.557  4.615  4.804  4.431  4.431  4.700  4.564  4.654  4.635  4.673  4.787  4.771  4.868  4.868  4.783  4.666  4.769
5.976  5.953  5.974  6.223  6.064  6.045  5.973  6.033  6.054  6.222  6.192  6.096  6.314  6.360  6.433  6.372  6.172  6.402  6.043  6.096  5.900  5.749  5.811  5.927  5.781  5.753  5.743  5.787  5.513  5.645  5.810  5.737  5.908  5.714  5.866  5.852  5.718  6.013  6.103  5.889  5.846  5.892
5.451  5.429  5.453  5.595  5.352  5.442  5.257  5.347  5.403  5.497  5.447  5.561  5.557  5.568  5.872  5.529  5.525  5.594  5.447  5.505  5.434  5.333  5.317  5.432  5.476  5.288  5.273  5.198  5.063  5.193  5.249  5.298  5.388  5.389  5.384  5.375  5.200  5.416  5.509  5.312  5.403  5.333
3.892  3.932  4.007  4.078  3.912  3.951  4.004  3.928  3.932  4.111  4.148  4.086  4.119  4.043  4.078  3.871  3.976  3.892  4.116  4.187  4.007  3.761  3.932  4.802  3.780  3.857  4.043  3.908  3.761  3.738  3.942  3.892  4.043  3.912  4.007  3.871  3.773  3.980  3.902  3.892  3.970  3.989
3.761  3.664  3.466  3.555  3.638  3.526  3.555  3.689  3.689  3.605  3.638  3.570  3.738  3.784  3.761  3.526  3.632  3.497  3.684  3.867  3.689  3.658  3.497  3.689  3.605  3.584  3.696  3.401  3.555  3.466  3.658  3.638  3.784  3.526  3.570  3.526  3.434  3.434  3.466  3.526  3.584  3.638
4.588  4.564  4.394  4.509  4.331  4.454  4.431  4.554  4.530  4.603  4.673  4.588  4.762  4.595  4.663  4.500  4.486  4.428  4.575  4.700  4.625  4.538  4.610  4.654  4.543  4.552  4.543  4.344  4.369  4.369  4.522  4.516  4.489  4.431  4.522  4.575  4.585  4.477  4.407  4.407  4.522  4.357
4.205  4.190  4.078  4.337  4.205  4.143  4.190  4.159  4.174  4.078  4.025  4.241  4.277  3.970  4.197  3.932  4.140  3.980  4.040  4.143  4.304  4.156  4.209  4.143  4.060  4.190  4.111  4.043  3.932  4.143  3.989  4.159  3.989  4.108  4.143  4.078  4.007  4.094  4.025  3.829  3.867  4.094
