3.367  3.490  3.497  3.367  3.520  3.401  3.526  3.645  3.526  3.578  3.258  3.761  3.714  3.555  3.689  3.555  3.611  3.367  3.466  3.784  3.584  3.526  3.497  3.497  3.555  3.434  3.526  3.401  3.497  3.360  3.459  3.401  3.526  3.401  3.638  3.466  3.520  3.401  3.296  3.578  3.258  3.526
3.584  3.497  3.526  3.526  3.296  3.526  3.434  3.578  3.411  3.584  3.475  3.466  3.526  3.605  3.757  3.434  3.497  3.555  3.466  3.738  3.584  3.434  3.434  3.555  3.367  3.434  3.401  3.296  3.466  3.401  3.490  3.555  3.434  3.578  3.497  3.434  3.296  3.434  3.367  3.395  3.411  3.555
3.784  3.664  3.738  3.684  3.829  3.597  3.638  3.784  3.632  3.761  3.664  3.912  3.850  3.761  3.784  3.584  3.714  3.761  3.850  3.738  3.871  3.784  3.714  3.709  3.611  3.684  3.714  3.611  3.490  3.584  3.850  3.555  3.584  3.638  3.619  3.867  3.611  3.555  3.605  3.526  3.714  3.807
3.611  3.638  3.611  3.584  3.611  3.550  3.584  3.738  3.689  3.871  3.555  3.689  3.970  3.784  3.714  3.611  3.611  3.578  3.714  3.807  3.784  3.611  3.689  3.611  3.584  3.526  3.555  3.578  3.671  3.296  3.714  3.714  3.709  3.526  3.584  3.520  3.550  3.526  3.428  3.555  3.664  3.497
4.533  4.369  4.489  4.682  4.477  4.466  4.446  4.516  4.369  4.820  4.500  4.610  4.663  4.710  4.710  4.394  4.344  4.623  4.600  4.673  4.673  4.466  4.546  4.552  4.369  4.317  4.489  4.564  4.190  4.304  4.554  4.361  4.486  4.452  4.407  4.554  4.407  4.520  4.564  4.431  4.331  4.489
4.990  4.630  4.804  4.850  4.769  4.754  4.615  4.787  4.691  4.804  4.754  4.898  4.920  4.890  4.898  4.625  4.615  4.771  4.812  4.965  4.852  4.554  4.638  4.625  4.682  4.610  4.727  4.543  4.369  4.394  4.520  4.511  4.620  4.638  4.483  4.615  4.595  4.654  4.575  4.736  4.466  4.682
5.424  5.074  5.391  5.431  5.389  5.416  5.265  5.278  5.298  5.361  5.308  5.421  5.485  5.209  5.499  5.231  5.308  5.345  5.517  5.602  5.544  5.259  5.176  5.250  4.990  5.081  5.027  5.030  4.858  4.977  5.100  5.152  5.203  5.209  5.204  5.136  5.094  5.257  5.472  5.136  5.106  5.268
5.841  5.426  5.553  5.677  5.778  5.645  5.442  5.606  5.568  5.841  5.724  5.723  5.709  5.620  5.720  5.509  5.467  5.643  5.685  5.764  5.613  5.460  5.460  5.541  5.396  5.283  5.293  5.403  5.045  5.153  5.375  5.332  5.422  5.413  5.455  5.460  5.375  5.697  5.673  5.568  5.442  5.509
3.658  3.689  3.611  3.684  3.689  3.714  3.611  3.761  3.738  3.664  3.664  3.714  3.784  3.829  3.850  3.807  3.459  3.970  3.829  3.761  3.807  3.850  3.738  3.497  3.664  3.555  3.701  3.684  3.584  3.638  3.714  3.584  3.714  3.611  3.714  3.584  3.584  3.784  5.464  3.850  3.638  3.761
3.466  3.296  3.709  3.526  3.555  3.611  3.459  3.632  3.709  3.434  3.466  3.367  3.850  3.902  3.761  3.658  3.526  3.466  3.466  3.761  3.689  3.541  3.664  3.638  3.497  3.434  3.638  3.434  3.378  3.434  3.332  3.526  3.401  3.520  3.638  3.466  3.367  3.466  3.466  3.466  3.466  3.497
4.773  4.431  4.836  4.431  4.635  4.710  4.394  4.605  5.109  4.804  4.649  4.663  4.691  4.633  4.875  4.344  4.466  4.663  4.690  4.860  4.564  4.443  4.416  4.538  4.511  4.489  4.443  4.677  4.443  4.525  4.431  4.477  4.543  4.483  4.727  4.552  4.511  4.564  4.585  4.673  4.685  4.673
4.460  4.443  4.538  4.419  4.477  4.354  4.308  4.419  4.357  4.477  4.536  4.511  4.511  4.443  4.605  4.357  4.263  4.394  4.554  4.489  4.466  4.407  4.263  4.543  4.143  4.205  4.290  4.324  4.143  4.220  4.143  4.277  4.520  4.231  4.401  4.341  4.205  4.317  4.449  4.205  4.111  4.304
3.773  3.584  4.069  3.584  3.761  3.951  3.434  3.829  3.871  3.846  3.912  3.970  3.951  3.951  4.007  3.829  3.738  3.967  4.060  4.078  4.043  3.912  3.795  3.951  3.761  3.689  3.761  3.829  3.664  4.034  3.664  3.761  3.912  3.784  3.780  3.932  3.846  3.780  3.584  3.892  3.689  3.738
3.912  3.850  4.066  3.750  3.829  3.989  3.761  3.871  3.951  3.951  3.714  3.961  4.094  4.078  3.970  3.807  3.871  3.898  4.111  4.127  4.094  4.025  3.802  4.111  3.784  3.761  3.871  3.714  3.689  3.733  3.784  3.850  3.970  3.768  3.951  3.970  3.664  3.664  3.871  3.829  3.714  3.714
4.344  4.331  4.440  4.382  4.344  4.248  4.344  4.331  4.337  4.386  4.248  4.220  4.466  4.554  4.516  4.331  4.220  4.394  4.419  4.466  4.489  4.304  4.290  4.428  4.205  4.220  4.234  4.277  4.124  4.140  4.111  4.174  4.248  4.159  4.404  4.277  4.127  4.354  4.217  4.074  4.187  4.143
4.654  4.717  4.615  4.820  4.691  4.762  4.605  4.682  4.691  4.595  4.635  4.820  4.760  4.913  4.885  4.710  4.705  4.762  4.771  4.862  4.796  4.754  4.663  4.796  4.466  4.644  4.615  4.595  4.394  4.652  4.654  4.615  4.727  4.500  4.771  4.676  4.613  4.828  4.585  4.625  4.613  4.682
3.807  3.689  3.738  3.638  3.714  3.738  3.714  3.664  3.632  3.871  3.689  3.892  3.989  3.892  3.857  3.611  3.850  3.898  3.761  3.898  3.871  3.689  3.689  3.850  3.664  3.780  3.951  3.738  3.526  3.584  3.714  3.738  3.807  3.738  3.784  3.757  3.584  3.611  3.664  3.689  3.701  3.784
3.526  3.497  3.367  3.784  3.584  3.466  3.584  3.434  3.638  3.526  3.401  3.555  3.611  3.584  3.795  3.434  3.497  3.578  3.738  3.824  3.784  3.526  3.466  3.611  3.466  3.584  3.434  3.401  3.497  3.401  3.434  3.555  3.733  3.512  3.555  3.401  3.434  3.434  3.434  3.360  3.632  3.611
4.754  4.762  4.836  4.970  4.820  4.949  4.700  4.804  4.893  4.875  4.745  4.787  4.836  4.934  4.889  4.868  4.844  4.734  4.844  4.854  4.868  4.663  4.745  4.990  4.718  4.782  4.745  4.771  4.533  4.723  4.840  4.794  4.783  4.782  4.726  4.815  4.682  4.890  4.920  4.677  4.610  4.595
4.533  4.585  4.554  4.452  4.644  4.700  4.786  4.454  4.773  4.595  4.477  4.585  4.812  4.644  4.804  4.615  4.682  4.267  4.812  4.618  4.677  4.812  4.564  4.749  4.705  4.590  4.511  4.500  4.489  4.564  4.443  4.682  4.585  4.615  4.714  4.691  4.554  4.654  4.380  4.341  4.489  4.595
4.394  4.263  4.369  4.317  4.335  4.394  4.290  4.454  4.431  4.382  4.263  4.522  4.494  4.466  4.500  4.143  4.382  4.290  4.428  4.511  4.419  4.388  4.290  4.477  4.248  4.419  4.127  4.234  3.932  4.007  4.078  4.159  4.284  4.394  4.304  4.220  4.234  4.357  4.256  3.951  4.179  4.248
3.684  3.714  3.912  3.784  3.882  3.584  3.871  3.829  3.807  4.043  3.689  3.850  4.022  3.951  4.094  3.829  3.892  3.829  4.143  4.078  4.040  3.871  3.784  3.970  3.846  3.761  3.888  3.773  3.555  3.768  3.638  3.807  3.932  3.871  3.807  3.784  3.638  3.932  3.733  3.714  3.807  3.970
