8.259  8.092  8.210  8.019  8.177  8.295  8.247  8.083  8.245  8.130  8.197  8.104  8.151  8.156  8.107  8.121  8.014  8.179  8.151  7.994  8.119  8.144  8.106  8.070  8.115  8.098  8.067  8.148  7.923  7.967  8.004  7.997  8.025  8.224  8.105  8.167  8.274  8.171  7.985  8.156  7.995  8.174
7.340  7.111  7.178  6.965  7.192  7.342  7.296  7.063  7.345  7.169  7.280  7.135  7.205  7.242  7.081  7.163  7.051  7.243  7.206  6.948  7.184  7.294  7.126  7.189  7.092  7.039  6.998  7.151  6.828  6.968  6.912  6.995  7.030  7.307  7.047  7.233  7.308  7.143  6.999  7.200  6.888  7.147
7.446  7.348  7.334  7.189  7.366  7.421  7.417  7.341  7.388  7.449  7.436  7.458  7.421  7.348  7.440  7.439  7.251  7.429  7.404  7.237  7.404  7.313  7.342  7.346  7.289  7.296  7.280  7.313  7.160  7.181  7.322  7.161  7.161  7.354  7.317  7.369  7.402  7.287  7.286  7.327  7.152  7.289
7.487  7.189  7.342  7.250  7.470  7.458  7.352  7.460  7.490  7.662  7.449  7.586  7.533  7.379  7.475  7.322  7.082  7.461  7.493  7.288  7.235  7.264  7.237  7.200  7.350  7.421  7.291  7.322  6.955  7.162  7.251  6.983  7.200  7.360  7.319  7.341  7.306  7.321  7.336  7.376  7.135  7.405
6.075  6.126  5.938  5.971  5.927  6.047  6.121  5.914  6.085  6.102  6.158  6.103  6.205  6.068  6.229  6.121  5.966  6.087  6.125  5.920  6.252  6.174  6.153  6.269  5.905  5.969  5.965  5.903  5.919  5.905  6.079  5.948  5.924  6.052  6.065  6.157  6.225  5.948  5.886  5.924  5.746  5.924
6.310  6.080  6.153  5.948  6.267  6.370  6.354  6.421  6.400  6.673  6.428  6.444  6.454  6.400  6.407  6.232  6.063  6.286  6.354  5.872  6.133  6.142  6.210  6.192  6.006  6.161  6.138  5.945  5.656  5.951  6.098  5.775  5.863  6.163  6.153  6.188  6.089  5.984  6.011  6.129  5.802  6.014
7.114  6.887  6.878  6.766  7.024  7.080  6.997  6.918  7.072  7.238  7.148  7.110  7.227  7.166  7.199  7.081  6.821  7.018  7.081  6.817  6.929  6.864  6.978  6.937  6.854  7.020  7.026  6.954  6.745  6.847  6.971  6.782  6.775  7.022  6.931  6.980  6.933  6.876  6.867  6.908  6.717  6.923
4.887  4.920  4.575  4.486  4.762  4.881  4.844  4.710  4.875  5.043  5.017  4.881  5.118  5.017  5.127  4.963  4.779  4.835  4.787  4.727  4.736  4.868  4.920  4.890  4.811  4.771  4.828  4.718  4.677  4.745  4.898  4.573  4.419  4.835  4.836  4.868  4.630  4.663  4.727  4.605  4.357  4.522
7.905  7.676  7.792  7.778  7.857  7.858  7.798  7.728  7.783  7.816  7.875  7.844  7.911  7.818  7.892  7.742  7.609  7.849  7.857  7.754  7.768  7.643  7.759  7.715  7.765  7.751  7.674  7.659  7.434  7.494  7.695  7.606  7.631  7.747  7.712  7.627  7.741  7.735  7.715  7.782  7.615  7.730
5.545  5.502  5.352  5.368  5.465  5.464  5.324  5.371  5.323  5.242  5.500  5.442  5.521  5.527  5.690  5.371  5.252  5.603  5.406  5.365  5.434  5.352  5.580  5.455  5.056  5.081  5.209  4.860  4.836  5.050  5.220  5.234  5.117  5.321  5.124  5.257  5.193  5.257  5.283  5.283  5.037  5.293
7.432  7.351  7.322  7.381  7.363  7.447  7.249  7.279  7.358  7.514  7.402  7.475  7.500  7.398  7.487  7.307  7.159  7.480  7.418  7.263  7.238  7.231  7.258  7.263  7.298  7.301  7.229  7.359  7.048  7.118  7.290  7.183  7.165  7.338  7.204  7.279  7.321  7.399  7.316  7.366  7.078  7.262
6.488  6.608  6.335  6.486  6.469  6.532  6.347  6.361  6.453  6.566  6.557  6.486  6.601  6.540  6.813  6.449  6.261  6.418  6.479  6.348  6.335  6.314  6.490  6.478  6.363  6.304  6.213  6.353  6.146  6.221  6.367  6.278  6.180  6.449  6.415  6.471  6.392  6.443  6.330  6.358  6.159  6.217
7.445  7.239  7.350  7.376  7.483  7.464  7.341  7.399  7.362  7.323  7.373  7.432  7.438  7.390  7.456  7.326  7.209  7.430  7.456  7.430  7.344  7.323  7.294  7.248  7.283  7.347  7.275  7.270  7.208  7.224  7.191  7.311  7.345  7.349  7.334  7.289  7.354  7.445  7.309  7.437  7.259  7.362
7.840  7.694  7.731  7.851  7.845  7.872  7.724  7.804  7.745  7.732  7.806  7.888  7.904  7.876  7.937  7.825  7.666  7.893  7.856  7.815  7.819  7.798  7.818  7.849  7.639  7.675  7.856  7.751  7.581  7.653  7.697  7.717  7.764  7.757  7.729  7.801  7.763  7.889  7.889  7.822  7.656  7.736
7.720  7.444  7.631  7.609  7.669  7.665  7.508  7.641  7.569  7.636  7.580  7.693  7.668  7.573  7.661  7.438  7.443  7.711  7.654  7.690  7.486  7.471  7.445  7.456  7.567  7.710  7.560  7.608  7.460  7.489  7.415  7.404  7.645  7.663  7.553  7.575  7.520  7.693  7.585  7.652  7.599  7.700
6.407  6.157  6.323  6.354  6.431  6.372  6.252  6.361  6.295  6.474  6.384  6.410  6.519  6.561  6.390  6.199  6.114  6.387  6.405  6.452  6.203  6.254  6.318  6.366  6.308  6.454  6.261  6.261  6.091  6.232  6.207  6.021  6.269  6.328  6.258  6.354  6.221  6.377  6.209  6.255  6.240  6.359
7.767  7.676  7.712  7.735  7.800  7.769  7.597  7.691  7.704  7.742  7.644  7.742  7.711  7.688  7.696  7.608  7.533  7.787  7.730  7.711  7.634  7.633  7.627  7.663  7.711  7.753  7.652  7.716  7.554  7.593  7.626  7.471  7.699  7.730  7.638  7.632  7.670  7.769  7.654  7.733  7.578  7.683
6.703  6.585  6.653  6.588  6.685  6.615  6.509  6.632  6.612  6.518  6.560  6.683  6.585  6.581  6.686  6.469  6.562  6.668  6.620  6.563  6.593  6.658  6.615  6.644  6.691  6.696  6.690  6.720  6.502  6.680  6.414  6.399  6.585  6.603  6.544  6.583  6.544  6.657  6.540  6.633  6.481  6.615
6.930  6.594  6.718  6.743  6.902  6.867  6.693  6.877  6.875  6.914  6.838  6.975  6.932  6.867  6.884  6.703  6.607  6.888  6.909  6.816  6.726  6.597  6.707  6.615  6.784  6.912  6.795  6.798  6.572  6.668  6.672  6.587  6.792  6.825  6.745  6.786  6.714  6.888  6.762  6.796  6.703  6.906
6.599  6.259  6.431  6.366  6.547  6.588  6.366  6.509  6.558  6.641  6.493  6.569  6.696  6.607  6.683  6.458  6.207  6.498  6.562  6.562  6.342  6.254  6.373  6.370  6.402  6.575  6.444  6.449  6.186  6.353  6.289  6.096  6.418  6.428  6.358  6.506  6.400  6.509  6.376  6.378  6.358  6.553
7.917  7.724  7.833  7.827  7.921  7.901  7.720  7.812  7.867  7.972  7.888  7.916  7.869  7.883  7.932  7.805  7.604  7.953  7.898  7.863  7.795  7.669  7.774  7.784  7.749  7.811  7.777  7.850  7.560  7.668  7.805  7.653  7.780  7.788  7.748  7.832  7.770  7.923  7.865  7.872  7.746  7.856
6.579  6.454  6.417  6.368  6.509  6.455  6.346  6.387  6.423  6.485  6.538  6.592  6.444  6.489  6.497  6.370  6.009  6.593  6.461  6.428  6.430  6.251  6.436  6.394  6.163  6.201  6.213  6.328  6.068  6.176  6.265  6.114  6.297  6.282  6.201  6.399  6.184  6.475  6.399  6.394  6.272  6.304
