3.807  3.795  3.689  3.738  3.807  3.689  3.985  3.738  3.784  3.892  3.664  3.850  3.807  3.738  3.912  3.761  3.738  3.784  3.738  3.989  3.932  3.807  3.761  3.967  3.689  3.689  3.850  3.658  3.584  3.497  3.584  3.605  3.714  3.664  3.807  3.664  3.689  3.761  3.761  3.709  3.664  3.714
4.357  4.341  4.331  4.315  4.263  4.234  4.315  4.317  4.394  4.585  4.143  4.369  4.419  4.454  4.331  4.331  4.159  4.248  4.382  4.460  4.419  4.190  4.143  4.376  4.124  4.135  4.111  4.052  4.007  4.007  4.234  4.263  4.127  4.174  4.263  4.060  4.344  4.111  4.078  4.253  4.263  4.290
5.935  5.857  5.918  5.869  5.854  6.047  6.064  5.860  5.889  6.089  5.959  6.100  6.000  6.047  6.059  5.964  5.913  5.808  6.009  5.887  6.107  6.021  6.023  6.038  5.832  5.846  5.961  5.807  5.790  5.846  6.039  5.919  5.791  5.967  6.035  5.958  6.086  5.930  5.909  5.790  5.830  5.796
5.112  5.204  5.023  4.997  5.136  5.241  5.236  5.124  5.117  5.236  5.142  5.147  5.311  5.142  5.303  5.278  5.230  5.011  5.226  5.063  5.472  5.209  5.263  5.407  5.265  5.088  5.142  5.118  5.075  5.086  5.489  5.236  5.100  5.278  5.357  5.252  5.388  5.257  5.252  5.088  4.961  5.088
5.583  5.438  5.328  5.308  5.371  5.318  5.464  5.505  5.357  5.694  5.387  5.521  5.561  5.357  5.450  5.447  5.425  5.256  5.549  5.412  5.447  5.290  5.352  5.308  5.298  5.352  5.247  5.241  4.990  5.338  5.342  5.288  5.081  5.375  5.352  5.339  5.342  5.352  5.193  5.398  5.252  5.380
6.583  6.392  6.426  6.489  6.440  6.545  6.635  6.603  6.537  6.757  6.470  6.666  6.599  6.475  6.489  6.465  6.486  6.361  6.675  6.515  6.619  6.498  6.412  6.404  6.579  6.560  6.395  6.409  6.283  6.402  6.390  6.418  6.131  6.625  6.561  6.510  6.426  6.452  6.360  6.458  6.454  6.527
4.477  4.331  4.477  4.331  4.382  4.361  4.443  4.394  4.159  4.595  4.533  4.543  4.682  4.543  4.533  4.394  4.382  4.489  4.380  4.608  4.492  4.543  4.317  4.443  4.454  4.263  4.367  4.290  4.060  4.304  4.344  4.382  4.159  4.274  4.500  4.337  4.392  4.190  4.290  4.190  4.202  4.431
4.174  4.078  4.094  4.060  4.094  4.094  4.231  4.111  4.094  4.263  4.234  4.124  4.281  4.091  4.297  4.060  4.277  4.094  4.227  4.143  4.248  4.234  4.060  4.220  4.143  4.007  4.094  3.912  3.850  3.908  3.912  4.159  3.951  4.111  4.094  4.119  4.013  4.135  4.078  4.078  3.932  4.060
5.140  5.069  5.056  5.043  5.124  4.860  4.982  4.965  4.868  5.236  5.055  5.215  5.204  5.037  5.117  4.990  4.942  5.063  5.143  5.118  5.075  4.996  5.139  5.143  4.743  4.787  4.828  4.796  4.710  4.718  4.956  4.860  4.984  4.905  5.004  4.868  4.984  4.836  4.913  4.927  4.811  4.860
4.771  4.575  4.654  4.736  4.673  4.718  4.511  4.644  4.419  4.984  4.802  4.687  4.927  4.745  4.754  4.443  4.554  4.769  4.730  4.836  4.682  4.682  4.557  4.703  4.440  4.564  4.511  4.443  4.522  4.382  4.595  4.509  4.654  4.570  4.564  4.644  4.466  4.642  4.663  4.543  4.475  4.489
4.885  4.844  4.710  4.812  4.828  4.745  4.625  4.762  4.783  5.030  4.812  4.762  4.934  4.836  4.835  4.771  4.691  4.786  4.748  4.796  4.806  4.671  4.708  4.920  4.595  4.500  4.567  4.369  4.404  4.489  4.541  4.564  4.690  4.749  4.691  4.562  4.585  4.635  4.705  4.736  4.466  4.522
4.454  4.543  4.522  4.466  4.466  4.428  4.317  4.382  4.350  4.511  4.437  4.533  4.543  4.554  4.595  4.511  4.357  4.392  4.530  4.593  4.564  4.466  4.464  4.690  4.205  4.119  4.290  4.263  4.078  4.143  4.477  4.394  4.422  4.407  4.344  4.475  4.304  4.248  4.281  4.248  4.246  4.263
7.264  6.939  7.282  7.298  7.082  7.155  6.976  7.040  6.964  7.196  7.366  7.102  7.148  7.116  7.315  6.970  6.860  7.169  7.171  7.092  6.903  6.947  6.917  7.066  7.004  6.930  6.921  6.904  6.781  6.886  6.918  6.956  7.062  6.936  6.925  6.990  6.906  7.298  7.191  7.078  6.911  6.973
7.287  7.053  7.246  7.272  7.103  7.139  7.050  7.079  7.040  7.260  7.249  7.187  7.160  7.163  7.327  7.095  6.928  7.120  7.116  7.165  7.018  7.045  7.006  7.246  7.051  6.993  6.945  6.976  6.825  6.919  6.991  7.045  7.155  7.051  7.111  7.091  7.042  7.336  7.241  7.068  6.994  7.028
4.703  4.691  4.644  4.756  4.787  4.718  4.802  4.762  4.866  4.913  4.915  4.868  4.934  4.913  5.161  4.671  4.605  4.762  4.890  4.937  4.820  4.718  4.762  4.890  4.700  4.585  4.595  4.663  4.443  4.554  4.673  4.530  4.700  4.682  4.585  4.754  4.625  4.812  4.796  4.554  4.730  4.644
4.533  4.654  4.419  4.489  4.454  4.511  4.527  4.454  4.638  4.585  4.475  4.454  4.691  4.500  4.806  4.425  4.301  4.452  4.605  4.603  4.595  4.533  4.543  4.644  4.386  4.159  4.337  4.263  4.277  4.317  4.369  4.369  4.382  4.454  4.477  4.431  4.428  4.464  4.344  4.234  4.337  4.454
5.193  5.193  5.204  5.295  5.250  5.187  5.263  5.047  5.193  5.328  5.187  5.226  5.361  5.323  5.405  5.242  5.228  5.193  5.398  5.285  5.429  5.397  5.323  5.293  5.011  5.045  5.094  5.130  5.081  5.176  5.449  5.468  5.517  5.183  5.288  5.288  5.069  5.242  5.170  5.011  5.130  4.990
4.779  4.522  4.649  4.808  4.676  4.511  4.736  4.654  4.718  4.762  4.691  4.762  4.625  4.736  4.860  4.585  4.736  4.554  4.852  4.866  4.836  4.820  4.710  4.920  4.549  4.511  4.644  4.331  4.543  4.598  4.663  4.625  4.543  4.585  4.554  4.691  4.583  4.419  4.605  4.659  4.500  4.477
6.277  6.016  6.213  6.104  6.207  6.196  6.075  6.170  6.196  6.387  6.330  6.252  6.387  6.277  6.384  6.178  6.114  6.387  6.306  6.284  6.227  6.082  6.084  6.120  6.021  6.084  6.131  6.061  5.777  5.961  6.148  5.852  6.168  6.121  6.045  6.082  5.981  6.147  7.121  6.163  6.023  6.125
5.932  5.799  5.965  5.889  5.955  5.971  5.914  5.948  5.872  6.136  5.991  6.135  6.146  6.046  5.956  5.960  5.878  5.956  5.999  5.961  5.924  5.894  5.927  5.861  5.787  5.820  5.805  5.730  5.568  5.720  5.805  5.661  5.919  5.889  5.817  5.920  5.756  5.913  5.796  5.762  5.787  5.849
4.407  4.369  4.419  4.663  4.511  4.431  4.344  4.489  4.500  4.454  4.419  4.511  4.659  4.564  4.718  4.357  4.431  4.431  4.852  4.554  4.615  4.543  4.552  4.625  4.431  4.263  4.477  4.419  4.220  4.443  4.454  4.603  4.554  4.554  4.489  4.392  4.369  4.477  4.407  4.369  4.477  4.437
5.081  4.920  4.852  4.990  4.933  4.920  4.902  4.913  5.017  4.963  5.032  5.004  5.130  5.247  5.088  4.896  4.996  4.990  5.147  5.130  5.242  5.024  4.984  5.153  4.934  4.927  4.875  4.945  4.828  4.984  4.883  5.004  5.004  4.949  5.088  4.926  4.877  5.043  4.987  4.942  4.890  4.920
