7.420  7.573  7.593  7.391  7.712  7.809  7.704  7.643  7.794  7.931  7.811  7.805  7.807  7.751  7.775  7.733  7.445  7.707  7.750  7.477  7.601  7.614  7.624  7.583  7.584  7.622  7.682  7.651  7.458  7.674  7.568  7.375  7.502  7.689  7.780  7.726  7.765  7.649  7.596  7.607  7.510  7.588
5.572  5.849  5.690  5.451  5.808  5.897  6.116  5.849  6.129  6.131  6.107  6.050  5.995  6.021  5.994  5.979  5.771  5.759  5.897  5.539  5.943  5.984  5.856  5.994  5.591  5.728  5.958  5.697  5.694  5.971  5.821  5.541  5.533  5.909  5.953  5.955  5.938  5.580  5.762  5.638  5.613  5.652
7.300  6.929  7.194  7.058  7.207  7.241  7.180  7.285  7.293  7.427  7.241  7.369  7.300  7.176  7.276  7.156  6.989  7.205  7.504  7.179  7.176  7.020  7.087  6.930  7.345  7.401  7.113  7.137  6.876  7.111  6.956  6.961  7.169  7.363  7.301  7.155  7.134  7.165  7.035  7.159  7.162  7.308
5.714  5.423  5.525  5.226  5.606  5.537  5.787  5.724  5.785  5.808  5.598  5.838  5.749  5.547  5.688  5.525  5.438  5.624  5.784  5.394  5.846  5.572  5.513  5.513  5.710  5.642  5.556  5.354  5.247  5.318  5.374  5.252  5.333  5.763  5.684  5.611  5.537  5.438  5.242  5.352  5.380  5.542
7.796  7.602  7.811  7.679  7.796  7.852  7.830  7.864  7.816  7.937  7.803  7.965  7.853  7.796  7.851  7.695  7.551  7.680  7.920  7.737  7.809  7.628  7.619  7.634  7.806  7.854  7.638  7.630  7.429  7.604  7.607  7.569  7.670  7.836  7.802  7.752  7.730  7.643  7.515  7.583  7.660  7.810
7.337  7.208  7.262  7.096  7.242  7.330  7.277  7.332  7.351  7.428  7.292  7.465  7.402  7.330  7.377  7.324  7.146  7.351  7.441  7.281  7.310  7.261  7.307  7.238  7.376  7.434  7.332  7.248  7.227  7.300  7.226  7.148  7.213  7.448  7.357  7.310  7.337  7.313  7.163  7.297  7.183  7.369
6.451  6.404  6.421  6.326  6.357  6.537  6.608  6.625  6.678  6.655  6.492  6.701  6.607  6.491  6.670  6.463  6.390  6.225  6.642  6.315  6.646  6.467  6.400  6.479  6.497  6.515  6.335  6.165  6.172  6.277  6.288  6.282  6.227  6.568  6.591  6.562  6.558  6.059  6.040  6.184  6.242  6.367
6.138  5.975  6.014  5.835  6.066  6.150  6.217  6.047  6.277  6.365  6.163  6.329  6.368  6.165  6.282  6.114  6.144  6.221  6.288  6.050  6.195  6.142  6.094  6.064  6.270  6.349  6.203  6.045  6.014  6.142  6.025  6.016  6.023  6.334  6.346  6.234  6.219  6.012  5.994  6.035  6.061  6.114
7.277  7.254  7.126  6.917  7.236  7.310  7.201  7.182  7.266  7.324  7.364  7.278  7.332  7.326  7.295  7.285  6.916  7.332  7.222  7.071  7.138  7.099  7.296  7.196  7.172  7.182  7.165  7.247  7.078  7.145  7.298  6.842  6.957  7.235  7.094  7.115  7.292  7.171  7.136  7.261  7.080  7.092
5.844  5.932  5.631  5.501  5.733  5.875  5.943  5.787  5.886  5.991  5.938  5.875  5.917  5.984  5.948  5.905  5.585  5.872  5.771  5.576  5.892  5.749  5.881  5.897  5.620  5.878  5.672  5.784  5.704  5.781  5.900  5.505  5.525  5.687  5.746  5.753  5.927  5.635  5.737  5.716  5.606  5.710
6.129  5.938  6.004  5.539  6.161  6.303  6.107  5.894  6.176  6.299  6.299  6.329  6.332  6.356  6.389  6.184  5.620  6.114  6.144  5.778  6.054  5.874  6.100  6.084  5.581  5.805  6.061  5.911  5.352  5.740  6.000  5.505  5.720  5.790  5.765  5.976  6.009  6.061  5.984  5.837  5.591  5.838
3.638  3.466  3.555  3.506  3.784  3.526  3.584  3.584  3.611  3.689  3.638  3.784  3.738  4.025  3.689  3.664  3.611  3.638  3.850  3.807  3.689  3.684  3.714  3.689  3.611  3.605  3.611  3.520  3.434  3.638  3.555  3.689  3.584  3.664  3.611  3.664  3.824  3.526  3.466  3.526  3.367  3.526
6.886  6.526  6.712  6.637  6.811  6.914  6.762  6.845  6.823  6.925  6.782  7.022  6.589  6.870  6.804  6.770  6.390  6.808  6.817  6.622  6.671  6.594  6.699  6.611  6.657  6.816  6.768  6.734  6.418  6.643  6.611  6.479  6.607  6.738  6.654  6.763  6.828  6.565  6.658  6.702  6.598  6.780
5.176  5.204  4.990  5.081  5.298  5.226  5.333  5.100  5.313  5.313  5.328  5.442  4.883  5.342  5.204  5.303  4.934  5.176  5.252  5.071  5.335  5.129  5.293  5.143  4.905  5.069  5.235  4.966  5.011  5.226  5.124  4.942  5.100  5.159  5.075  5.308  5.407  5.094  5.004  5.030  4.963  5.088
6.157  5.553  6.025  5.811  6.014  6.076  5.971  6.163  5.663  5.628  6.084  6.364  6.265  5.991  6.124  5.945  5.680  5.953  6.351  5.996  6.019  5.710  5.694  5.595  6.047  6.142  5.849  5.875  5.176  5.656  5.545  5.243  5.257  6.025  5.875  5.845  5.645  5.753  5.881  5.802  5.819  6.059
4.025  3.912  4.263  3.611  4.143  4.007  4.043  4.060  3.908  3.932  3.970  4.274  4.317  4.220  4.094  3.761  3.912  3.714  4.094  3.970  4.094  3.807  3.957  3.989  3.967  4.143  3.912  3.761  3.638  3.807  3.802  3.611  3.638  3.951  3.947  3.829  3.912  3.761  3.761  3.795  3.761  3.638
7.474  7.317  7.289  7.224  7.373  7.334  7.202  7.242  7.270  7.406  7.398  7.399  7.469  7.343  7.366  7.288  7.191  7.370  7.353  7.252  7.227  7.199  7.349  7.231  7.157  7.335  7.280  7.256  7.128  7.135  7.191  7.105  7.098  7.205  7.193  7.236  7.298  7.324  7.325  7.369  7.109  7.264
5.775  5.521  5.480  5.553  5.690  5.521  5.513  5.485  5.412  5.775  5.709  5.595  5.781  5.611  5.710  5.585  5.521  5.515  5.619  5.497  5.455  5.617  5.572  5.527  5.293  5.409  5.549  5.347  5.402  5.380  5.303  5.341  5.238  5.398  5.429  5.509  5.366  5.541  5.513  5.439  5.298  5.384
7.849  7.554  7.665  7.657  7.767  7.812  7.487  7.722  7.632  7.660  7.743  7.797  7.870  7.687  7.762  7.605  7.373  7.801  7.757  7.742  7.458  7.390  7.610  7.595  7.603  7.764  7.617  7.695  7.411  7.493  7.586  7.278  7.644  7.680  7.468  7.628  7.587  7.680  7.625  7.770  7.578  7.712
6.950  6.862  6.763  6.861  6.897  6.985  6.846  6.961  6.979  6.919  6.821  7.009  7.129  6.929  7.007  6.822  6.801  6.923  6.917  6.862  6.872  6.735  6.945  6.882  6.788  6.894  6.749  6.708  6.727  6.688  6.699  6.516  6.726  6.897  6.780  6.939  6.882  6.711  6.589  6.671  6.658  6.749
7.849  7.539  7.718  7.655  7.804  7.795  7.453  7.705  7.608  7.761  7.814  7.820  7.828  7.691  7.739  7.618  7.293  7.906  7.760  7.702  7.512  7.428  7.685  7.612  7.537  7.626  7.586  7.712  7.334  7.453  7.574  7.277  7.619  7.585  7.496  7.614  7.570  7.718  7.757  7.841  7.449  7.683
6.542  6.540  6.431  6.446  6.516  6.540  6.344  6.441  6.370  6.692  6.655  6.568  6.625  6.609  6.597  6.349  6.266  6.690  6.550  6.501  6.472  6.354  6.588  6.599  6.213  6.261  6.351  6.277  6.017  6.221  6.379  5.983  6.319  6.370  6.331  6.458  6.311  6.351  6.444  6.475  6.148  6.349
