6.465  6.348  6.436  6.246  6.387  6.548  6.407  6.288  6.526  6.399  6.446  6.269  6.360  6.431  6.249  6.395  6.277  6.411  6.461  6.255  6.354  6.319  6.321  6.315  6.294  6.310  6.301  6.353  6.138  6.151  6.242  6.190  6.273  6.417  6.299  6.375  6.463  6.330  6.230  6.394  6.198  5.922
5.193  5.006  5.100  4.905  5.063  5.328  5.252  4.942  5.165  4.977  4.868  4.875  5.030  5.043  4.890  5.283  4.927  5.081  5.081  4.927  5.050  5.088  5.075  5.094  4.952  4.970  4.977  4.997  4.787  4.796  4.883  4.898  5.100  5.136  4.890  5.204  5.170  5.050  4.990  4.779  4.866  4.804
6.215  6.063  6.111  5.943  6.198  6.173  6.040  6.091  6.154  6.198  6.192  6.227  6.181  6.146  6.098  6.037  5.768  6.091  6.159  6.084  5.986  5.814  5.886  5.888  5.988  5.914  5.948  6.038  5.817  5.866  5.971  5.826  5.936  6.023  5.962  5.974  5.966  5.961  5.935  6.019  5.842  6.064
5.775  5.582  5.659  5.537  5.593  5.645  5.568  5.693  5.583  5.811  5.805  5.753  5.714  5.600  5.733  5.547  5.333  5.694  5.638  5.697  5.694  5.484  5.429  5.529  5.492  5.361  5.595  5.509  5.268  5.323  5.425  5.288  5.384  5.491  5.465  5.535  5.509  5.535  5.398  5.549  5.318  5.480
5.684  5.371  5.380  5.316  5.467  5.606  5.305  5.412  5.423  5.600  5.468  5.515  5.509  5.561  5.630  5.489  4.990  5.549  5.455  5.400  5.329  5.215  5.327  5.268  5.282  5.242  5.247  5.460  4.883  5.069  5.357  4.968  5.094  5.333  5.222  5.328  5.215  5.341  5.337  5.460  5.200  5.333
5.193  5.009  5.004  5.024  5.094  5.147  4.970  5.130  4.984  5.252  5.093  5.081  5.252  5.130  5.247  5.017  4.920  5.063  4.997  5.172  5.036  4.977  5.056  5.198  4.843  5.100  4.804  4.977  4.431  4.663  4.927  4.786  4.752  4.920  4.762  5.004  4.942  4.913  4.963  4.875  4.844  5.069
4.431  4.477  4.331  4.407  4.407  4.290  4.344  4.407  4.454  4.475  4.382  4.489  4.603  4.469  4.514  4.308  4.127  4.492  4.567  4.431  4.394  4.348  4.357  4.466  4.174  4.220  4.277  4.341  4.143  4.263  4.382  4.248  4.394  4.290  4.248  4.234  4.304  4.317  4.234  4.357  4.094  4.288
4.304  4.074  4.220  4.174  3.989  4.205  4.060  4.156  3.989  4.477  3.989  4.246  4.341  4.290  4.234  4.119  4.111  4.167  4.190  4.220  4.419  4.205  4.205  4.304  4.031  3.784  3.985  4.043  3.942  3.970  3.989  4.091  4.007  4.007  4.007  4.140  3.932  3.951  4.043  4.143  3.846  4.069
5.359  5.150  5.225  5.081  5.231  5.215  5.091  5.227  5.043  5.416  5.298  5.226  5.293  5.283  5.273  5.063  5.024  5.242  5.094  5.231  5.186  4.927  5.153  5.147  5.056  4.898  5.170  5.164  4.777  4.933  5.078  4.990  4.949  5.080  4.977  5.130  4.990  5.215  5.182  5.159  4.949  5.081
5.366  5.075  5.207  5.187  5.226  5.242  5.045  5.170  5.124  5.389  5.252  5.176  5.288  5.176  5.451  5.069  5.050  5.236  5.187  5.268  5.197  5.123  5.135  5.192  4.868  4.984  5.124  5.037  4.779  4.966  5.208  4.990  5.069  5.150  5.136  5.078  5.069  5.371  5.308  5.043  4.875  5.024
4.644  4.304  4.543  4.494  4.533  4.662  4.344  4.575  4.509  4.736  4.583  4.554  4.787  4.638  4.654  4.500  4.511  4.466  4.554  4.573  4.500  4.304  4.344  4.443  4.419  4.585  4.382  4.419  4.190  4.304  4.234  4.248  4.511  4.509  4.413  4.361  4.419  4.466  4.477  4.498  4.454  4.503
3.584  3.466  3.807  3.611  3.584  3.526  3.526  3.709  3.664  3.689  3.632  3.784  3.664  3.689  3.689  3.584  3.664  3.526  3.807  3.908  3.829  3.714  3.466  3.689  3.638  3.584  3.578  3.490  3.497  3.497  3.367  3.664  3.605  3.664  3.584  3.434  3.526  3.526  3.526  3.466  3.714  3.638
6.500  6.246  6.380  6.256  6.373  6.402  6.329  6.418  6.335  6.503  6.389  6.457  6.503  6.426  6.426  6.292  6.153  6.397  6.356  6.308  6.304  6.282  6.275  6.303  6.159  6.326  6.336  6.358  6.064  6.210  6.267  6.138  6.208  6.349  6.173  6.344  6.283  6.256  6.293  6.351  6.100  6.351
5.308  5.152  5.252  5.247  5.288  5.268  5.230  5.182  5.361  5.384  5.288  5.374  5.395  5.283  5.273  5.075  5.196  5.218  5.292  5.293  5.357  5.247  5.257  5.291  5.175  5.124  5.170  4.973  4.990  5.030  5.075  5.136  5.185  5.206  5.198  5.220  5.161  5.168  5.100  5.118  5.037  5.109
5.740  5.247  5.515  5.517  5.539  5.553  5.462  5.580  5.476  5.652  5.606  5.541  5.684  5.575  5.717  5.394  5.182  5.553  5.557  5.521  5.398  5.293  5.357  5.371  5.438  5.505  5.439  5.568  5.241  5.292  5.342  5.043  5.298  5.384  5.286  5.406  5.429  5.587  5.451  5.380  5.394  5.576
4.819  4.760  4.730  4.875  4.673  4.745  4.726  4.736  4.736  4.905  4.635  4.843  4.970  4.949  4.905  4.610  4.828  4.700  4.852  4.860  4.844  4.769  4.635  4.699  4.654  4.819  4.623  4.682  4.511  4.554  4.625  4.734  4.762  4.844  4.605  4.687  4.718  4.726  4.615  4.554  4.752  4.796
5.999  5.541  5.872  5.759  5.914  5.945  5.573  5.799  5.802  5.924  5.844  5.958  5.903  5.814  5.844  5.659  5.375  5.883  5.883  5.823  5.587  5.446  5.775  5.525  5.576  5.799  5.656  5.730  5.247  5.442  5.583  5.464  5.614  5.684  5.580  5.662  5.631  5.919  5.771  5.875  5.581  5.727
5.004  4.848  4.958  4.898  5.043  5.094  4.769  5.043  4.989  5.017  5.152  5.100  5.204  5.081  5.223  4.944  4.754  5.006  5.124  4.977  5.075  4.835  5.017  4.905  4.866  4.868  5.011  4.890  4.663  4.741  4.852  4.727  4.913  4.852  4.804  5.030  4.802  5.106  5.011  4.977  4.700  4.877
5.628  5.333  5.485  5.513  5.447  5.535  5.425  5.391  5.607  5.572  5.492  5.595  5.609  5.533  5.561  5.423  5.263  5.557  5.645  5.656  5.603  5.293  5.407  5.342  5.537  5.509  5.287  5.328  5.153  5.323  5.236  5.328  5.513  5.576  5.460  5.460  5.371  5.357  5.391  5.417  5.400  5.566
5.322  5.072  5.227  5.211  5.313  5.293  5.176  5.124  5.437  5.323  5.226  5.371  5.357  5.247  5.386  4.990  5.247  5.136  5.447  5.366  5.421  5.263  5.193  5.270  5.236  5.165  5.017  5.106  5.037  5.124  4.984  5.036  5.209  5.197  5.288  5.170  5.209  4.997  5.017  5.043  5.142  5.175
4.736  4.652  4.779  4.714  4.710  4.796  4.710  4.754  4.723  4.898  4.812  4.771  4.727  4.762  4.798  4.663  4.585  4.938  4.754  4.779  4.710  4.736  4.522  4.726  4.541  4.710  4.673  4.696  4.554  4.682  4.585  4.557  4.700  4.787  4.844  4.783  4.605  4.844  4.741  4.668  4.552  4.717
4.290  4.290  4.344  4.308  4.248  4.419  4.344  4.263  4.443  4.394  4.407  4.466  4.380  4.443  4.494  4.369  4.437  4.392  4.454  4.410  4.394  4.382  4.363  4.469  4.288  4.464  4.290  4.407  4.297  4.543  4.260  4.419  4.328  4.419  4.419  4.382  4.443  4.263  4.331  4.159  4.135  4.369
