6.234  6.066  6.144  6.033  6.267  6.344  6.261  6.180  6.248  6.311  6.217  6.240  6.297  6.229  6.151  6.242  5.958  6.314  6.288  6.124  6.160  6.061  6.064  6.117  6.097  6.161  6.136  6.165  6.004  6.105  5.991  5.959  6.094  6.182  5.930  6.100  6.165  6.168  6.043  6.198  6.043  6.122
5.790  5.760  5.583  5.583  5.652  5.835  5.808  5.557  5.779  5.798  5.743  5.683  5.916  5.720  5.671  5.756  5.606  5.749  5.765  5.505  5.808  5.656  5.737  5.676  5.635  5.654  5.666  5.606  5.519  5.631  5.513  5.557  5.517  5.733  5.472  5.753  5.837  5.540  5.540  5.602  5.513  5.525
6.487  6.240  6.394  6.209  6.417  6.499  6.469  6.460  6.530  6.653  6.482  6.500  6.512  6.483  6.526  6.465  6.205  6.477  6.603  6.346  6.392  6.296  6.413  6.308  6.426  6.457  6.406  6.395  6.295  6.355  6.286  6.087  6.271  6.444  6.453  6.422  6.392  6.483  6.335  6.465  6.205  6.463
4.595  4.431  4.603  4.431  4.382  4.543  4.615  4.754  4.663  4.920  4.673  4.820  4.779  4.771  4.844  4.718  4.477  4.682  4.654  4.486  4.700  4.554  4.727  4.691  4.673  4.749  4.723  4.331  4.486  4.489  4.460  4.382  4.344  4.554  4.657  4.690  4.700  4.369  4.452  4.494  4.190  4.392
4.877  4.575  4.852  4.727  4.898  4.875  4.765  4.844  4.990  5.085  4.844  5.069  5.011  4.804  4.984  4.694  4.522  4.710  4.952  4.677  4.585  4.511  4.562  4.605  4.635  4.696  4.625  4.745  4.407  4.477  4.615  4.354  4.595  4.690  4.696  4.787  4.454  4.736  4.585  4.879  4.605  4.835
3.867  4.025  3.850  3.888  3.807  4.094  3.857  3.989  4.127  4.007  3.970  4.140  4.143  4.025  4.231  4.040  3.989  3.839  4.174  3.970  4.025  3.824  3.846  4.004  3.807  3.807  3.918  3.807  3.761  3.947  3.892  3.738  3.807  4.007  3.951  3.761  3.757  3.689  3.757  3.689  3.714  3.791
5.139  4.575  5.043  4.734  4.934  4.787  4.710  5.142  5.106  5.268  5.064  5.234  5.121  4.836  5.187  4.812  4.600  5.094  5.103  4.905  4.860  4.647  4.812  4.625  4.956  4.900  4.699  4.879  4.564  4.615  4.682  4.682  4.820  4.771  4.723  4.881  4.710  4.927  4.868  5.029  4.820  4.975
3.802  3.664  3.689  3.611  3.638  3.584  3.664  3.761  3.871  3.951  3.807  3.871  3.850  3.738  3.846  3.714  3.584  3.638  3.738  3.850  3.689  3.714  3.584  3.892  3.578  3.555  3.466  3.689  3.434  3.526  3.611  3.584  3.738  3.526  3.611  3.526  3.684  3.726  3.689  3.584  3.367  3.664
5.561  5.273  5.403  5.287  5.449  5.476  5.273  5.412  5.338  5.468  5.469  5.511  5.525  5.356  5.476  5.268  4.982  5.442  5.485  5.476  5.247  5.069  5.429  5.318  5.147  5.153  5.283  5.268  4.883  5.069  5.209  4.820  5.158  5.293  5.130  5.193  5.278  5.493  5.281  5.313  5.153  5.333
4.603  4.615  4.682  4.543  4.593  4.887  4.605  4.635  4.489  4.754  4.615  4.927  4.864  4.760  4.796  4.663  4.380  4.575  4.554  4.700  4.673  4.511  4.595  4.710  4.564  4.419  4.304  4.630  4.341  4.522  4.552  4.290  4.522  4.369  4.511  4.585  4.388  4.357  4.511  4.533  4.498  4.407
5.591  5.380  5.517  5.663  5.565  5.652  5.565  5.537  5.513  5.651  5.539  5.663  5.694  5.541  5.556  5.439  5.327  5.529  5.624  5.617  5.420  5.417  5.476  5.485  5.499  5.394  5.303  5.407  5.123  5.282  5.371  5.451  5.517  5.545  5.515  5.352  5.481  5.509  5.425  5.545  5.451  5.509
5.877  5.727  5.877  5.922  5.846  5.829  5.914  5.870  5.793  6.006  5.940  6.064  6.070  5.894  5.976  5.671  5.752  5.811  6.064  6.021  5.966  5.899  5.787  5.844  5.804  5.823  5.684  5.708  5.583  5.656  5.861  5.808  5.855  5.883  5.892  5.844  5.704  5.832  5.787  5.733  5.720  5.795
6.176  5.969  6.136  6.070  5.924  5.981  6.046  5.994  6.144  6.127  6.018  6.182  6.240  6.153  6.161  5.948  6.011  6.127  6.113  6.140  6.079  5.927  6.094  6.078  6.118  6.188  6.034  5.971  5.914  5.961  6.009  6.050  6.094  6.180  6.131  6.068  6.146  6.148  6.016  6.009  6.073  6.103
5.900  5.635  5.697  5.761  5.583  5.687  5.718  5.739  5.793  5.903  5.652  5.785  5.835  5.778  5.784  5.541  5.635  5.778  5.761  5.900  5.726  5.602  5.700  5.673  5.720  5.730  5.673  5.673  5.630  5.637  5.572  5.513  5.673  5.673  5.673  5.673  5.645  5.677  5.628  5.608  5.591  5.707
5.531  5.416  5.323  5.366  5.476  5.442  5.412  5.398  5.425  5.553  5.380  5.501  5.472  5.387  5.513  5.278  5.219  5.481  5.521  5.645  5.412  5.241  5.389  5.357  5.293  5.485  5.252  5.283  5.165  5.158  5.176  5.215  5.278  5.247  5.198  5.333  5.273  5.273  5.298  5.242  5.236  5.303
4.492  4.575  4.419  4.419  4.600  4.369  4.500  4.454  4.527  4.511  4.595  4.543  4.708  4.489  4.727  4.331  4.469  4.443  4.477  4.605  4.509  4.654  4.585  4.511  4.369  4.543  4.440  4.331  4.277  4.317  4.428  4.472  4.511  4.552  4.357  4.635  4.443  4.159  4.341  4.500  4.369  4.454
6.224  6.148  6.031  5.921  6.256  6.299  5.948  6.161  6.192  6.286  6.317  6.286  6.309  6.315  6.510  6.132  5.810  6.261  6.227  6.133  5.892  5.974  6.062  6.111  6.068  5.961  5.984  6.192  5.823  5.966  6.161  5.808  5.993  6.025  5.924  6.163  6.066  6.185  6.286  6.340  5.858  6.023
4.094  4.288  4.174  4.111  4.190  4.304  4.217  4.202  4.477  4.328  4.489  4.217  4.585  4.367  4.533  4.086  4.078  4.190  4.205  4.357  4.277  4.205  4.434  4.407  3.928  3.970  4.174  4.103  4.007  3.892  4.253  3.989  4.108  4.190  4.060  4.234  4.016  4.380  4.317  4.331  3.871  3.970
6.658  6.538  6.621  6.588  6.659  6.658  6.488  6.657  6.633  6.701  6.642  6.729  6.779  6.609  6.708  6.530  6.326  6.618  6.695  6.666  6.507  6.438  6.541  6.623  6.587  6.662  6.538  6.538  6.293  6.412  6.550  6.230  6.561  6.653  6.544  6.574  6.588  6.560  6.488  6.609  6.571  6.724
4.771  4.840  4.835  4.931  4.852  4.984  4.970  4.868  5.193  5.147  4.956  5.142  5.069  5.075  5.106  4.748  4.820  4.827  5.075  5.081  5.120  4.927  4.812  5.068  4.970  4.954  4.902  4.868  4.522  4.828  4.745  4.682  4.794  4.997  4.920  4.868  4.736  4.754  4.543  4.625  4.934  4.836
4.635  4.475  4.673  4.739  4.615  4.718  4.407  4.710  4.605  4.804  4.615  4.644  4.673  4.668  4.771  4.546  4.663  4.718  4.668  4.710  4.773  4.583  4.533  4.635  4.500  4.595  4.500  4.673  4.363  4.466  4.562  4.500  4.603  4.477  4.477  4.727  4.673  4.554  4.498  4.554  4.533  4.745
3.989  3.932  3.761  3.829  3.784  3.882  3.784  3.807  3.871  3.951  3.829  3.951  4.043  4.043  3.912  3.892  3.970  3.829  4.094  4.074  4.159  3.970  3.850  4.043  3.871  3.928  3.829  3.807  3.784  3.784  3.850  3.912  4.007  3.970  3.871  3.951  3.850  3.850  3.871  3.871  3.738  4.078
