5.864  5.600  5.697  5.620  5.626  5.772  5.710  5.497  5.673  5.694  5.832  5.704  5.682  5.681  5.635  5.652  5.485  5.673  5.727  5.666  5.808  5.638  5.714  5.557  5.645  5.525  5.451  5.565  5.460  5.489  5.472  5.485  5.576  5.707  5.606  5.609  5.634  5.689  5.499  5.636  5.533  5.666
4.771  4.475  4.705  4.718  4.585  4.691  4.700  4.625  4.575  4.736  4.717  4.654  4.718  4.700  4.682  4.718  4.762  4.680  4.787  4.844  5.063  5.112  4.977  5.086  4.583  4.475  4.511  4.431  4.419  4.575  4.654  4.511  4.554  4.543  4.554  4.613  4.585  4.654  4.554  4.543  4.615  4.588
5.509  5.004  5.313  5.193  5.263  5.280  5.263  5.273  5.278  5.421  5.187  5.313  5.352  5.278  5.384  5.246  5.039  5.323  5.328  5.357  5.308  5.170  5.187  5.106  5.182  5.165  5.283  5.197  5.024  5.063  4.710  5.100  5.293  5.212  5.288  5.156  5.159  5.323  5.118  5.204  5.192  5.310
5.024  4.883  4.820  4.828  4.860  4.905  4.997  4.956  4.956  5.069  4.875  5.037  4.877  4.934  5.056  4.786  4.827  4.796  4.762  4.883  5.017  4.905  4.771  4.796  4.700  4.762  4.736  4.509  4.500  4.625  4.500  4.644  4.682  4.792  4.812  4.732  4.836  4.727  4.710  4.654  4.615  4.856
5.075  4.990  4.920  4.927  4.904  4.954  5.124  4.916  5.030  5.043  4.956  5.066  5.138  5.043  5.182  4.812  4.994  4.663  4.933  5.017  5.075  5.231  5.017  5.001  4.796  4.934  5.024  4.685  4.997  4.881  4.952  4.905  4.883  4.927  5.176  5.118  5.021  4.827  4.615  4.710  4.745  4.796
4.942  4.844  4.615  4.949  4.777  4.762  4.700  4.727  4.804  4.885  4.844  4.890  4.762  4.721  4.854  4.511  4.718  4.618  4.605  4.745  4.754  4.743  4.585  4.828  4.595  4.522  4.489  4.536  4.520  4.454  4.585  4.804  4.663  4.625  4.736  4.727  4.844  4.652  4.595  4.745  4.633  4.691
6.168  6.117  6.023  5.996  6.137  6.109  6.138  6.151  6.083  6.269  6.203  6.127  6.211  6.071  6.197  6.087  5.971  5.930  6.096  5.976  6.052  6.080  6.082  6.120  5.889  6.043  6.100  6.082  5.892  5.981  6.283  6.170  6.129  6.509  6.497  6.503  6.087  6.058  5.945  5.960  5.942  6.038
6.397  6.480  6.265  6.347  6.269  6.400  6.461  6.361  6.399  6.520  6.492  6.408  6.525  6.349  6.507  6.397  6.373  6.240  6.215  6.310  6.444  6.550  6.430  6.555  6.265  6.296  6.402  6.292  6.225  6.280  6.428  6.453  6.211  6.410  6.509  6.455  6.444  6.348  6.290  6.252  6.236  6.234
4.691  4.475  4.680  4.575  4.416  4.466  4.673  4.575  4.620  4.671  4.615  4.573  4.771  4.585  4.754  4.564  4.575  4.625  4.736  4.625  4.635  4.543  4.500  4.682  4.677  4.511  4.511  4.431  4.382  4.419  4.489  4.466  4.466  4.583  4.554  4.511  4.554  4.357  4.516  4.419  4.344  4.625
4.500  4.554  4.290  4.458  4.324  4.419  4.369  4.407  4.407  4.567  4.386  4.454  4.635  4.489  4.567  4.354  4.394  4.416  4.466  4.477  4.625  4.382  4.369  4.494  4.419  4.500  4.431  4.277  4.248  4.394  4.317  4.394  4.419  4.277  4.382  4.431  4.263  4.290  4.197  4.328  4.363  4.394
5.647  5.576  5.609  5.572  5.589  5.663  5.650  5.597  5.595  5.829  5.793  5.762  5.795  5.697  5.799  5.656  5.423  5.598  5.690  5.561  5.645  5.673  5.778  5.687  5.558  5.481  5.597  5.541  5.421  5.565  5.700  5.447  5.525  5.586  5.613  5.606  5.533  5.489  5.519  5.553  5.472  5.464
6.299  6.248  6.213  6.248  6.208  6.201  6.320  6.186  6.290  6.521  6.412  6.375  6.418  6.245  6.415  6.260  6.213  6.258  6.407  6.288  6.392  6.465  6.510  6.507  6.140  6.054  6.142  6.130  6.118  6.148  6.248  6.096  6.180  6.174  6.209  6.263  6.349  6.215  6.217  6.205  6.163  6.140
6.334  6.127  6.258  6.291  6.190  6.261  6.212  6.229  6.247  6.422  6.211  6.308  6.277  6.221  6.301  6.176  5.976  6.105  6.275  6.265  6.271  6.190  6.180  6.144  6.146  6.170  5.994  6.133  5.846  5.930  6.133  6.091  6.240  6.155  6.138  6.050  6.035  6.184  6.078  6.111  6.064  6.153
6.377  6.172  6.275  6.343  6.275  6.306  6.368  6.261  6.248  6.384  6.273  6.412  6.411  6.234  6.451  6.133  6.180  6.014  6.425  6.319  6.454  6.271  6.228  6.323  6.304  6.284  6.125  6.156  5.960  6.198  6.206  6.209  6.261  6.246  6.323  6.142  6.158  6.125  6.084  6.052  6.231  6.252
6.142  6.033  6.057  6.230  6.129  6.232  5.999  6.142  6.014  6.244  6.181  6.279  6.246  6.135  6.349  6.037  6.026  6.082  6.191  6.049  6.038  6.024  6.035  6.054  6.064  5.940  5.943  6.061  5.886  5.826  5.903  6.131  6.089  6.096  6.074  6.066  5.936  6.198  6.140  6.047  6.040  6.052
4.804  4.824  4.748  4.942  4.874  4.883  4.771  4.819  4.860  4.919  4.860  4.968  5.089  5.014  4.956  4.812  4.858  4.852  4.879  4.956  5.042  4.942  4.771  4.927  4.673  4.663  4.816  4.699  4.575  4.699  4.890  4.787  4.934  4.934  4.879  4.812  4.766  4.972  4.890  4.760  4.898  4.745
4.736  4.593  4.498  4.608  4.779  4.625  4.564  4.615  4.564  4.543  4.494  4.644  4.710  4.752  4.787  4.605  4.454  4.654  4.640  4.595  4.691  4.559  4.595  4.635  4.522  4.416  4.489  4.554  4.367  4.317  4.605  4.516  4.331  4.564  4.559  4.489  4.575  4.615  4.511  4.638  4.543  4.431
5.185  5.176  5.049  5.310  5.170  4.973  5.149  4.977  5.081  5.263  5.183  5.138  5.372  5.135  5.278  5.142  5.152  5.198  5.187  5.242  5.226  5.159  5.227  5.193  4.904  4.984  4.990  4.840  4.926  5.032  5.063  5.019  4.956  5.100  5.123  5.182  5.075  5.215  5.094  5.078  4.990  5.075
6.054  5.980  6.019  5.852  6.005  6.023  5.875  6.021  5.951  6.078  6.052  6.075  6.136  6.057  6.089  5.888  5.749  6.127  6.089  6.080  6.066  5.915  6.059  6.057  5.849  5.930  5.951  5.986  5.746  5.840  5.846  5.727  5.934  5.942  5.892  5.908  5.886  6.094  6.019  5.978  5.852  5.958
5.872  5.759  5.936  5.790  5.798  5.811  5.742  5.779  5.890  5.826  5.922  5.849  5.799  5.765  5.958  5.663  5.609  6.000  5.892  5.852  5.881  5.827  5.903  5.945  5.624  5.694  5.697  5.717  5.598  5.656  5.687  5.628  5.800  5.770  5.638  5.786  5.661  5.717  5.733  5.819  5.670  5.659
5.389  5.049  5.055  5.111  5.220  5.204  5.074  5.170  5.168  5.328  5.155  5.223  5.270  5.298  5.297  5.118  5.071  5.220  5.247  5.085  5.130  5.106  5.192  5.247  5.023  4.931  5.043  5.106  4.860  4.919  5.063  5.159  5.106  5.136  5.118  5.140  5.197  5.106  5.170  5.089  4.944  5.165
4.277  4.043  4.127  4.148  4.190  4.248  4.148  3.970  4.060  4.443  4.151  4.248  4.253  4.277  4.431  4.234  4.234  4.317  4.277  4.119  4.304  4.143  4.241  4.205  3.850  4.078  3.912  3.970  3.932  3.989  3.989  3.970  4.007  4.078  4.159  4.156  4.078  4.159  3.947  4.103  4.048  3.989
