5.072  4.533  4.668  4.543  4.889  5.021  4.820  4.700  4.890  5.153  4.970  4.905  4.858  4.824  4.956  4.745  4.404  4.871  4.263  4.860  4.828  4.762  4.682  4.812  4.419  4.443  4.234  4.605  4.234  4.317  4.317  4.159  4.527  4.663  4.691  4.605  4.700  4.769  4.691  4.844  4.492  4.736
4.419  4.248  4.004  4.094  4.205  4.357  4.317  4.190  4.317  4.331  4.290  4.205  4.220  4.190  4.380  4.127  4.127  4.043  4.007  4.205  4.248  4.263  4.174  4.248  3.892  3.829  4.025  3.784  3.784  3.989  3.951  4.124  3.989  4.127  4.060  4.143  4.220  4.043  4.043  4.007  4.052  4.094
3.951  3.835  3.829  3.795  3.970  3.871  3.784  4.025  3.989  4.078  3.951  4.007  4.111  4.025  4.022  3.902  3.970  4.040  4.004  4.066  3.829  3.985  3.867  3.932  3.947  3.985  3.912  3.918  3.638  3.824  3.784  3.829  4.060  3.892  3.912  3.912  3.970  3.892  3.932  3.829  3.912  3.714
4.234  4.143  4.392  4.143  4.004  4.143  4.052  4.174  4.094  4.304  4.190  4.159  4.369  4.174  4.331  4.190  4.007  4.205  4.164  4.231  4.224  4.007  3.970  4.174  3.928  3.871  4.108  3.989  3.912  3.951  4.202  4.094  4.094  4.094  4.127  4.057  4.094  4.143  4.025  3.980  3.976  4.217
5.468  5.434  5.421  5.081  5.334  5.498  5.318  5.429  5.390  5.447  5.537  5.493  5.460  5.501  5.531  5.402  5.333  5.529  5.421  5.365  5.208  5.170  5.454  5.333  5.132  5.347  5.321  5.378  5.037  5.269  5.325  5.081  5.142  5.257  5.247  5.263  5.489  5.398  5.357  5.474  5.106  5.263
4.883  4.890  5.083  4.875  4.916  4.975  4.956  4.898  5.026  5.011  4.852  5.093  4.956  4.977  5.061  4.977  4.820  4.844  4.949  4.982  5.075  4.898  4.934  4.990  4.700  4.844  4.883  4.806  4.585  4.796  4.924  4.745  4.860  4.804  4.828  4.883  4.836  4.970  4.927  4.633  4.934  4.866
3.989  3.989  4.143  4.220  4.094  3.951  4.043  4.127  4.220  4.234  3.989  4.143  3.967  4.052  4.156  3.784  3.784  4.022  4.140  4.057  4.159  4.025  3.989  3.850  4.094  3.951  3.784  3.807  3.611  3.738  3.892  3.807  3.892  3.867  4.094  3.951  3.912  3.989  3.912  3.871  3.761  4.043
3.219  3.434  3.367  3.466  3.401  3.332  3.332  3.434  3.497  3.497  3.434  3.332  3.584  3.401  3.526  3.401  3.738  3.332  3.434  3.550  3.526  3.434  3.401  3.481  3.466  3.434  3.367  3.367  3.178  3.178  3.428  3.466  3.490  3.401  3.401  3.555  3.401  3.444  3.401  3.367  3.296  3.497
4.248  4.231  4.205  4.094  4.234  4.388  4.174  4.078  4.127  4.407  4.304  4.357  4.533  4.344  4.554  4.344  4.220  4.317  4.205  4.304  4.248  4.234  4.174  4.234  4.205  4.007  4.127  4.094  3.989  4.060  4.205  3.932  3.912  4.454  4.187  4.127  4.234  4.094  4.078  4.241  3.932  4.159
3.555  3.526  3.714  3.664  3.664  3.555  3.526  3.526  3.520  3.784  3.578  3.689  3.850  3.738  3.850  3.714  3.738  3.466  3.611  3.932  3.689  3.784  3.784  3.738  3.555  3.578  3.512  3.638  3.497  3.584  3.584  3.434  3.526  3.497  3.689  3.684  3.555  3.664  3.296  3.526  3.497  3.584
5.412  4.787  5.220  5.036  4.970  5.027  5.043  4.949  5.024  5.303  5.130  5.182  5.276  5.069  5.273  4.790  4.870  5.204  5.263  5.196  5.037  4.836  4.911  4.966  5.017  5.308  4.852  4.896  4.615  4.554  4.732  4.710  4.804  5.011  4.990  5.011  4.787  5.011  5.056  4.890  5.063  5.106
3.401  3.497  3.466  3.401  3.434  3.288  3.367  3.490  3.466  3.434  3.296  3.367  3.466  3.638  3.597  3.332  3.434  3.434  3.459  3.526  3.526  3.434  3.434  3.434  3.296  3.466  3.526  3.178  3.219  3.332  3.296  3.325  3.434  3.258  3.332  3.367  3.367  3.367  3.434  3.395  3.497  3.258
5.730  5.323  5.591  5.684  5.694  5.635  5.375  5.620  5.357  5.710  5.598  5.624  5.746  5.503  5.743  5.485  5.204  5.694  5.678  5.561  5.352  5.185  5.412  5.425  5.283  5.338  5.303  5.357  4.944  4.862  5.257  5.155  5.553  5.307  5.166  5.386  5.246  5.492  5.481  5.541  5.342  5.583
4.143  3.951  4.127  4.025  4.016  3.912  3.784  4.174  4.099  4.108  3.989  4.220  4.344  4.040  4.151  3.892  3.892  3.932  4.094  4.248  4.263  3.892  4.083  4.025  3.989  3.989  3.738  3.861  3.738  3.807  3.824  3.867  4.043  3.980  4.043  4.007  3.989  3.807  3.961  3.871  3.829  3.850
5.124  4.699  4.977  4.762  5.075  4.889  4.717  4.927  4.836  4.934  4.970  4.963  5.081  4.927  5.204  4.718  4.388  5.100  4.828  4.754  4.546  4.533  4.703  4.682  4.489  4.727  4.654  4.844  4.511  4.554  4.691  4.270  4.654  4.575  4.562  4.779  4.598  4.883  4.984  4.852  4.654  4.762
4.159  4.202  4.253  3.928  4.202  4.143  3.967  4.234  4.094  4.277  4.407  4.190  4.369  4.227  4.331  4.094  3.902  4.127  4.190  4.159  4.127  3.951  4.060  3.947  3.871  3.989  3.912  4.078  3.761  3.998  3.951  3.951  4.007  3.951  4.007  4.060  3.967  3.951  4.040  4.025  4.060  4.060
5.805  5.642  5.697  5.745  5.793  5.775  5.697  5.743  5.743  5.849  5.571  5.835  5.937  5.838  5.844  5.687  5.620  5.869  5.832  5.817  5.909  5.709  5.727  5.778  5.687  5.557  5.697  5.707  5.460  5.568  5.778  5.509  5.672  5.850  5.703  5.687  5.756  5.673  5.743  5.759  5.613  5.746
5.553  5.451  5.384  5.384  5.585  5.568  5.513  5.434  5.390  5.572  5.517  5.529  5.635  5.566  5.582  5.425  5.389  5.537  5.580  5.509  5.628  5.490  5.542  5.542  5.416  5.434  5.333  5.429  5.277  5.446  5.389  5.361  5.398  5.438  5.476  5.529  5.529  5.442  5.455  5.464  5.483  5.386
4.736  4.575  4.700  4.380  4.682  4.654  4.454  4.771  4.511  4.874  4.796  4.718  4.836  4.615  4.890  4.703  4.231  4.623  4.754  4.771  4.564  4.443  4.644  4.367  4.290  4.477  4.509  4.407  4.234  4.190  4.407  4.290  4.677  4.394  4.407  4.615  4.369  4.749  4.527  4.583  4.159  4.682
3.466  3.526  3.434  3.506  3.535  3.401  3.434  3.638  3.526  3.526  3.434  3.541  3.584  3.512  3.497  3.459  3.367  3.434  3.466  3.584  3.738  3.638  3.526  3.611  3.497  3.526  3.401  3.332  3.466  3.332  3.296  3.401  3.367  3.401  3.555  3.466  3.367  3.401  3.296  3.428  3.459  3.367
5.153  4.860  5.130  5.043  5.263  5.186  4.868  5.204  5.063  5.176  5.097  5.165  5.273  5.124  5.333  4.963  4.790  5.209  5.182  5.075  4.966  4.883  4.963  4.949  4.963  5.011  4.905  5.004  4.644  4.745  4.779  4.644  4.997  4.927  4.937  5.112  4.982  4.984  5.165  5.130  4.787  5.088
3.638  3.689  3.761  3.829  3.871  3.638  3.714  3.818  3.784  3.638  3.497  3.738  3.829  3.871  3.951  3.605  3.701  3.584  3.892  3.932  3.829  3.835  3.871  3.829  3.664  3.714  3.871  3.526  3.497  3.807  3.664  3.638  3.733  3.664  3.658  3.714  3.555  3.709  3.714  3.466  3.584  3.664
