6.119  5.795  5.998  5.971  5.971  5.974  5.966  5.986  6.026  6.059  6.050  6.073  6.064  5.945  6.107  5.924  5.892  6.031  5.991  5.945  5.961  5.826  5.841  5.908  5.945  5.903  5.853  5.826  5.666  5.751  5.782  5.753  5.854  5.927  5.963  5.796  5.908  5.858  5.869  5.930  5.881  5.974
6.207  6.009  6.116  5.916  6.021  6.146  6.012  6.097  6.165  6.248  6.157  6.080  6.194  6.126  6.132  5.991  5.966  6.111  6.130  5.986  6.094  5.938  5.989  6.006  5.969  5.994  5.911  5.881  5.720  5.841  5.901  5.714  5.872  5.948  5.922  5.958  5.966  5.930  5.984  5.948  5.832  5.956
5.521  5.346  5.347  5.403  5.303  5.236  5.432  5.437  5.525  5.583  5.553  5.462  5.505  5.400  5.476  5.371  5.264  5.407  5.468  5.303  5.442  5.416  5.429  5.525  5.252  5.352  5.416  5.323  5.204  5.236  5.460  5.236  5.252  5.380  5.380  5.357  5.384  5.320  5.380  5.425  5.069  5.323
5.397  5.374  5.159  5.208  5.218  5.252  5.273  5.288  5.351  5.529  5.455  5.327  5.476  5.242  5.366  5.328  5.231  5.220  5.425  5.215  5.445  5.451  5.282  5.403  5.209  4.992  5.283  5.193  4.997  5.050  5.400  5.330  5.164  5.298  5.375  5.215  5.344  5.159  5.247  5.187  5.037  5.100
5.663  5.357  5.485  5.337  5.561  5.398  5.485  5.442  5.500  5.704  5.460  5.673  5.645  5.460  5.500  5.420  5.381  5.513  5.595  5.553  5.545  5.501  5.498  5.505  5.338  5.416  5.333  5.442  5.209  5.338  5.352  5.373  5.434  5.485  5.442  5.416  5.434  5.416  5.481  5.460  5.342  5.398
4.477  4.369  4.407  4.256  4.369  4.454  4.394  4.431  4.489  4.654  4.509  4.419  4.489  4.382  4.552  4.205  4.466  4.304  4.500  4.554  4.615  4.483  4.431  4.533  4.369  4.331  4.331  4.159  4.111  4.297  4.248  4.220  4.380  4.304  4.425  4.369  4.248  4.357  4.248  4.317  4.263  4.369
6.865  6.782  6.818  6.859  6.804  6.858  6.796  6.823  6.870  7.076  6.891  6.986  6.953  6.847  6.817  6.715  6.662  6.697  6.981  6.985  6.889  6.838  6.850  6.904  6.787  6.833  6.752  6.709  6.661  6.727  6.767  6.636  6.801  6.862  6.795  6.755  6.778  6.774  6.806  6.845  6.726  6.753
6.513  6.417  6.454  6.472  6.495  6.660  6.549  6.446  6.592  6.690  6.603  6.780  6.564  6.479  6.526  6.454  6.455  6.324  6.673  6.629  6.662  6.581  6.580  6.640  6.479  6.497  6.452  6.347  6.490  6.422  6.390  6.438  6.454  6.586  6.675  6.485  6.497  6.357  6.374  6.357  6.431  6.335
6.241  6.004  6.140  6.165  6.105  6.244  6.016  6.096  6.084  6.365  6.131  6.159  6.190  5.959  6.116  5.975  5.900  6.118  6.205  6.119  6.075  5.962  5.979  5.971  6.103  6.120  5.969  6.151  5.875  5.940  5.958  5.835  6.105  6.150  6.089  6.059  6.061  6.151  6.071  6.119  5.985  6.171
5.124  5.069  5.004  4.997  4.898  4.933  5.063  5.075  5.226  5.088  5.142  5.106  5.182  5.069  5.165  4.871  5.063  5.050  5.118  5.096  5.153  5.140  5.132  4.890  4.942  5.176  4.915  4.920  4.836  4.754  4.956  4.727  4.898  5.161  5.124  5.161  5.088  4.984  4.990  4.954  4.942  4.904
5.545  5.344  5.447  5.303  5.559  5.572  5.371  5.537  5.379  5.472  5.384  5.371  5.583  5.501  5.517  5.391  5.313  5.611  5.468  5.407  5.421  5.183  5.352  5.268  5.353  5.438  5.434  5.442  5.086  5.429  5.352  5.324  5.303  5.394  5.308  5.316  5.361  5.553  5.328  5.629  5.323  5.411
4.890  4.745  4.771  4.717  4.898  4.934  4.605  4.984  4.779  4.905  5.063  4.898  4.997  5.043  4.804  4.677  4.475  4.913  5.024  4.820  4.762  4.554  4.762  4.835  4.824  4.812  4.718  4.779  4.407  4.500  4.769  4.466  4.804  4.605  4.543  4.773  4.779  4.860  4.682  4.860  4.543  4.820
4.875  4.718  4.927  4.902  4.905  4.956  4.931  4.913  4.949  5.034  4.860  5.064  4.977  4.875  4.931  4.700  4.736  4.831  4.990  4.913  4.913  4.868  4.771  4.687  4.812  4.843  4.811  4.644  4.700  4.796  4.844  4.668  4.787  4.927  4.843  4.875  4.831  4.920  4.754  4.860  4.890  4.875
4.663  4.486  4.431  4.585  4.498  4.466  4.530  4.575  4.489  4.703  4.575  4.699  4.700  4.694  4.663  4.543  4.489  4.536  4.533  4.710  4.585  4.625  4.635  4.554  4.357  4.440  4.382  4.317  4.443  4.407  4.564  4.541  4.469  4.543  4.401  4.367  4.562  4.603  4.477  4.407  4.500  4.500
5.717  5.595  5.690  5.572  5.733  5.666  5.468  5.613  5.519  5.697  5.609  5.638  5.805  5.687  5.707  5.457  5.375  5.736  5.611  5.591  5.426  5.537  5.412  5.561  5.389  5.361  5.498  5.598  5.328  5.273  5.432  5.416  5.489  5.384  5.398  5.485  5.501  5.663  5.756  5.576  5.278  5.638
4.736  4.564  4.736  4.654  4.760  4.691  4.527  4.554  4.623  4.654  4.732  4.710  4.786  4.635  4.890  4.344  4.583  4.585  4.714  4.723  4.736  4.598  4.635  4.640  4.431  4.407  4.452  4.552  4.317  4.500  4.449  4.522  4.718  4.533  4.466  4.554  4.522  4.595  4.663  4.511  4.440  4.489
5.866  5.684  5.749  5.787  5.875  5.808  5.749  5.765  5.846  5.814  5.793  5.859  5.916  5.740  5.808  5.652  5.628  5.883  5.924  5.768  5.744  5.673  5.710  5.663  5.749  5.715  5.735  5.791  5.606  5.716  5.697  5.613  5.677  5.717  5.760  5.707  5.802  5.830  5.765  5.812  5.737  5.754
5.302  5.112  5.260  5.231  5.204  5.263  5.252  5.166  5.190  5.360  5.298  5.367  5.328  5.323  5.447  5.142  5.187  5.217  5.429  5.333  5.293  5.198  5.198  5.247  5.037  5.181  5.133  5.109  5.094  5.308  4.963  5.034  5.220  5.197  5.136  5.236  5.165  5.247  5.231  5.169  5.043  5.313
5.352  5.011  5.324  5.438  5.215  5.293  5.375  5.380  5.242  5.421  5.264  5.529  5.607  5.328  5.549  5.486  5.505  5.557  5.360  5.509  5.267  5.282  5.063  5.308  5.328  5.347  5.147  5.097  5.176  5.063  5.318  5.288  5.303  5.352  5.288  5.251  5.218  5.242  5.236  5.204  5.159  5.452
5.088  4.927  5.023  5.142  5.069  5.136  5.011  5.100  5.117  5.187  5.130  5.111  5.215  5.138  5.118  5.186  5.226  5.338  5.130  5.247  5.220  5.037  5.064  5.142  4.984  5.024  5.081  4.905  4.934  4.808  4.913  4.934  4.997  5.136  5.043  5.004  4.984  4.927  5.011  4.970  4.890  4.977
6.822  6.528  6.540  6.581  6.633  6.649  6.676  6.662  6.661  6.735  6.652  6.729  6.858  6.644  6.748  6.583  6.626  6.578  6.613  6.683  6.515  6.561  6.559  6.678  6.463  6.589  6.513  6.531  6.624  6.514  6.562  6.410  6.568  6.662  6.625  6.620  6.597  6.619  6.526  6.616  6.433  6.669
8.005  7.839  7.813  7.813  7.917  7.881  7.884  7.897  7.905  7.958  7.877  7.941  8.074  7.865  7.982  7.868  7.914  7.875  7.910  7.968  7.871  7.888  7.895  7.912  7.838  7.999  7.909  7.771  7.879  7.814  7.863  7.758  7.851  7.941  7.914  7.967  7.897  7.892  7.816  7.876  7.789  7.886
