5.398  5.075  5.293  5.112  5.198  5.412  5.257  5.288  5.268  5.318  5.338  5.308  5.416  5.371  5.347  5.361  4.927  5.428  5.281  5.136  5.303  5.147  5.187  5.047  5.088  5.197  5.182  5.278  4.771  5.017  5.195  4.927  5.050  5.182  5.024  5.220  5.208  5.231  5.172  5.361  5.106  5.288
4.777  4.583  4.554  4.559  4.663  4.771  4.718  4.595  4.796  4.779  4.673  4.673  4.866  4.727  4.673  4.754  4.533  4.663  4.745  4.673  4.710  4.431  4.610  4.657  4.440  4.466  4.605  4.700  4.297  4.511  4.475  4.511  4.533  4.564  4.511  4.605  4.543  4.522  4.654  4.585  4.350  4.583
5.714  5.664  5.740  5.507  5.622  5.781  5.631  5.620  5.746  5.727  5.613  5.787  5.697  5.609  5.775  5.605  5.394  5.774  5.720  5.613  5.641  5.549  5.549  5.609  5.576  5.680  5.606  5.590  5.381  5.561  5.733  5.509  5.505  5.730  5.756  5.634  5.666  5.652  5.464  5.673  5.562  5.638
4.779  4.712  4.710  4.771  4.828  4.877  4.911  4.710  4.883  4.828  4.802  4.883  4.852  4.710  4.836  4.883  4.762  4.682  4.819  4.682  4.942  4.800  4.860  4.852  4.673  4.820  4.644  4.564  4.635  4.615  4.677  4.734  4.691  4.820  4.754  4.787  4.796  4.727  4.543  4.734  4.635  4.718
6.308  6.188  6.250  6.220  6.317  6.454  6.337  6.263  6.326  6.353  6.382  6.443  6.317  6.281  6.373  6.324  6.163  6.380  6.282  6.196  6.289  6.292  6.255  6.236  6.212  6.213  6.315  6.271  6.129  6.227  6.366  6.064  6.163  6.244  6.209  6.246  6.404  6.265  6.192  6.261  6.211  6.225
5.120  5.170  4.844  4.771  5.019  5.081  5.021  5.039  5.182  5.100  5.215  5.030  5.106  5.034  5.124  5.118  4.898  5.142  5.043  4.844  5.118  5.118  5.132  5.150  4.870  5.004  5.004  5.011  4.977  4.997  5.078  4.717  4.828  5.011  4.949  4.990  5.143  4.852  4.889  4.944  4.852  4.868
6.168  5.927  6.050  6.031  6.059  6.038  6.125  6.023  6.076  6.087  5.964  6.144  6.006  6.025  6.098  5.983  5.955  6.006  6.131  6.027  6.229  6.009  5.966  5.922  6.054  6.056  5.940  5.858  5.843  5.897  5.905  6.021  5.958  6.043  6.066  6.094  6.052  5.914  5.872  6.035  5.979  6.014
5.198  5.130  5.124  5.075  5.074  5.088  5.086  5.056  5.244  5.142  5.088  5.204  5.088  5.118  5.204  4.992  5.050  5.094  5.089  5.069  5.231  5.218  5.075  5.170  4.956  4.949  4.990  5.050  4.875  4.860  4.919  5.039  5.011  5.011  5.118  5.088  5.100  5.050  4.868  5.165  4.916  5.081
6.091  5.861  5.980  5.948  6.045  6.089  6.033  5.894  5.948  6.146  6.166  6.004  6.084  6.045  6.122  5.890  5.808  6.023  5.999  5.791  6.011  5.905  5.894  5.805  5.817  5.902  6.004  6.028  5.714  5.939  5.900  5.844  5.802  5.958  6.014  5.881  5.881  5.940  5.874  6.066  5.858  5.963
4.533  4.477  4.321  4.419  4.344  4.443  4.533  4.466  4.290  4.654  4.500  4.382  4.654  4.440  4.739  4.388  4.331  4.373  4.344  4.350  4.483  4.407  4.443  4.458  4.357  4.407  4.315  4.407  4.171  4.260  4.466  4.290  4.344  4.344  4.392  4.477  4.431  4.472  4.308  4.277  4.317  4.202
6.491  6.324  6.381  6.463  6.426  6.403  6.511  6.380  6.495  6.722  6.472  6.565  6.550  6.422  6.544  6.461  6.365  6.519  6.652  6.479  6.510  6.518  6.475  6.494  6.494  6.537  6.346  6.400  6.226  6.258  6.394  6.392  6.480  6.565  6.504  6.397  6.540  6.382  6.312  6.420  6.354  6.498
4.317  4.260  4.143  4.094  4.234  4.099  4.277  4.277  4.419  4.344  4.431  4.466  4.407  4.315  4.382  4.190  4.357  4.449  4.331  4.274  4.331  4.304  4.159  4.143  4.344  4.290  4.127  4.025  3.951  4.174  4.317  4.277  4.159  4.369  4.331  4.108  4.127  4.111  4.304  4.174  3.951  4.277
6.812  6.711  6.718  6.705  6.810  6.738  6.719  6.791  6.733  6.854  6.861  6.876  6.888  6.868  6.805  6.775  6.569  6.784  6.856  6.735  6.701  6.601  6.744  6.700  6.672  6.752  6.640  6.661  6.512  6.568  6.715  6.510  6.678  6.739  6.657  6.649  6.649  6.675  6.678  6.688  6.664  6.668
5.598  5.472  5.440  5.572  5.568  5.505  5.481  5.561  5.451  5.595  5.617  5.600  5.642  5.609  5.638  5.442  5.455  5.342  5.647  5.537  5.583  5.553  5.515  5.529  5.442  5.489  5.412  5.318  5.242  5.311  5.298  5.293  5.442  5.361  5.455  5.497  5.412  5.537  5.463  5.308  5.436  5.357
5.706  5.497  5.775  5.700  5.685  5.771  5.720  5.743  5.680  5.802  5.689  5.746  5.697  5.642  5.805  5.557  5.464  5.724  5.811  5.759  5.739  5.642  5.720  5.540  5.738  5.799  5.628  5.606  5.580  5.525  5.619  5.537  5.673  5.624  5.624  5.675  5.720  5.690  5.549  5.642  5.659  5.741
4.477  4.522  4.466  4.533  4.246  4.570  4.466  4.344  4.369  4.477  4.452  4.638  4.486  4.644  4.644  4.111  4.382  4.500  4.613  4.477  4.663  4.452  4.454  4.437  4.404  4.419  4.248  4.317  4.205  4.335  4.290  4.234  4.263  4.369  4.407  4.382  4.234  4.373  4.394  4.344  4.217  4.357
7.170  6.995  7.093  7.117  7.030  7.102  7.143  7.118  7.174  7.172  7.162  7.154  7.253  7.171  7.175  7.096  7.078  7.140  7.253  7.133  7.167  7.117  7.167  7.104  7.288  7.307  7.124  7.133  7.048  7.048  7.109  7.139  7.058  7.229  7.175  7.131  7.208  7.205  7.057  7.241  7.197  7.212
6.388  6.377  6.265  6.261  6.183  6.394  6.420  6.353  6.449  6.420  6.516  6.415  6.600  6.528  6.535  6.417  6.404  6.319  6.480  6.380  6.471  6.354  6.508  6.415  6.370  6.452  6.373  6.299  6.234  6.337  6.217  6.180  6.033  6.418  6.258  6.275  6.385  6.157  6.127  6.198  6.252  6.231
6.569  6.389  6.463  6.415  6.548  6.465  6.453  6.462  6.516  6.628  6.521  4.263  6.592  6.494  6.553  6.475  6.425  6.539  6.497  6.483  6.582  6.444  6.414  6.463  6.512  6.560  6.461  6.460  6.346  6.407  6.422  6.430  6.344  6.529  6.525  6.480  6.527  6.503  6.382  6.463  6.347  6.479
5.775  5.682  5.673  5.645  5.549  5.663  5.583  5.652  5.730  5.799  5.733  3.807  5.697  5.635  5.841  5.553  5.709  5.677  5.835  5.830  5.990  5.971  5.884  6.064  6.178  6.178  6.035  5.533  5.511  5.663  5.606  5.493  5.572  5.642  5.759  5.707  5.629  5.617  5.664  5.533  5.541  5.525
5.846  5.699  5.737  5.776  5.859  5.749  5.704  5.817  5.787  5.924  5.897  5.974  5.881  5.838  5.935  5.717  5.601  5.846  5.846  5.720  5.749  5.737  5.666  5.787  5.704  5.645  5.700  5.784  5.549  5.649  5.635  5.529  5.612  5.835  5.731  5.757  5.738  5.940  5.762  5.707  5.680  5.707
4.635  4.575  4.691  4.673  4.696  4.543  4.710  4.700  4.881  4.700  4.718  4.860  4.856  4.745  4.868  4.583  4.732  4.870  4.673  4.852  4.973  4.743  4.605  4.804  4.762  4.635  4.635  4.585  4.533  4.700  4.443  4.554  4.554  4.691  4.543  4.603  4.676  4.691  4.575  4.654  4.575  4.585
