5.220  4.989  5.165  5.004  5.056  5.011  5.011  4.896  5.017  5.081  5.030  5.220  5.109  5.100  5.147  5.030  4.868  5.124  4.933  5.182  5.081  5.088  4.942  4.997  5.043  4.868  4.952  5.017  4.879  4.852  5.063  4.956  5.011  5.081  4.975  4.963  4.956  4.856  4.949  5.043  4.890  5.030
5.106  4.844  5.042  5.153  4.989  5.136  5.047  4.937  5.069  5.088  4.970  5.056  5.063  4.959  5.118  4.994  4.898  4.970  4.947  5.075  5.165  4.933  4.860  4.949  4.898  5.075  4.920  4.812  4.673  4.727  4.889  4.673  4.868  4.860  4.885  5.011  4.949  4.977  4.787  4.866  4.819  5.078
5.056  4.732  4.777  4.554  5.024  4.896  4.828  4.816  4.769  5.100  5.037  5.043  5.004  4.990  4.933  4.812  4.718  4.990  4.942  4.852  4.844  4.663  4.847  4.858  4.762  4.804  4.779  4.820  4.564  4.654  4.736  4.500  4.543  4.844  4.727  4.812  4.754  4.883  4.754  4.898  4.613  4.762
4.060  4.094  4.040  3.898  3.970  4.043  4.190  4.043  4.246  4.174  3.912  4.159  4.205  4.263  4.344  4.086  4.007  4.094  4.182  4.111  4.127  4.007  4.004  4.060  3.932  4.078  4.143  4.043  3.951  3.902  4.022  3.871  3.829  3.989  3.871  4.004  4.127  4.094  3.989  3.989  3.807  3.947
5.323  4.997  5.223  5.011  5.268  5.470  5.310  5.209  5.489  5.525  5.407  5.598  5.442  5.460  5.670  5.230  4.942  5.165  5.488  5.263  5.394  5.100  5.195  5.043  4.994  5.124  5.043  5.112  4.498  4.956  5.093  4.860  4.949  5.153  5.004  5.293  5.283  5.263  4.934  4.898  5.056  5.181
3.632  3.709  3.733  3.466  3.584  3.497  3.578  3.526  3.555  3.638  3.367  3.795  3.784  3.714  3.738  3.784  3.689  3.638  3.784  3.829  3.850  3.761  3.689  3.714  3.497  3.638  3.555  3.434  3.367  3.791  3.689  3.466  3.497  3.555  3.555  3.584  3.555  3.584  3.434  3.401  3.434  3.584
5.948  5.858  5.870  5.866  5.886  5.858  5.932  5.999  5.940  6.127  5.934  6.061  6.100  5.872  5.996  5.826  5.911  5.891  6.012  5.877  5.985  5.883  5.864  5.835  5.908  5.896  5.919  5.798  5.714  5.765  5.838  5.826  5.807  5.927  5.966  5.881  5.844  5.889  5.821  5.872  5.762  5.900
6.071  5.922  5.949  5.878  5.951  5.902  6.050  5.986  6.009  6.198  6.103  6.080  6.035  6.100  6.038  5.999  5.868  5.972  6.064  5.905  6.087  6.075  5.976  6.031  5.978  5.932  6.033  5.888  5.758  5.878  5.938  5.833  5.835  5.975  5.986  5.966  5.981  5.916  5.960  5.875  5.841  5.961
7.148  6.839  6.966  6.795  7.077  7.007  6.972  6.966  6.990  7.186  7.071  7.077  7.119  7.012  7.125  6.925  6.806  7.038  7.059  6.944  6.843  6.902  6.862  6.898  6.832  6.970  6.958  6.983  6.828  6.851  7.034  6.816  6.910  6.913  6.931  6.932  6.936  6.963  6.899  7.018  6.782  6.940
5.571  5.501  5.533  5.438  5.500  5.455  5.576  5.375  5.609  5.670  5.652  5.603  5.677  5.568  5.708  5.515  5.394  5.511  5.572  5.442  5.501  5.460  5.485  5.375  5.440  5.476  5.541  5.263  5.257  5.298  5.438  5.357  5.407  5.527  5.416  5.561  5.485  5.476  5.293  5.400  5.263  5.434
5.694  5.561  5.617  5.666  5.638  5.670  5.638  5.652  5.521  5.790  5.740  5.746  5.814  5.785  5.861  5.677  5.704  5.743  5.888  5.900  6.064  6.413  6.431  6.450  5.521  5.501  5.500  5.468  5.447  5.384  5.553  5.476  5.529  5.497  5.620  5.493  5.489  5.586  5.583  5.464  5.425  5.472
4.858  4.771  4.890  4.717  4.771  4.828  4.700  4.787  4.677  4.871  4.673  4.820  4.898  4.883  4.836  4.682  4.595  4.787  4.836  4.963  4.905  4.905  4.875  4.898  4.710  4.673  4.913  4.623  4.605  4.654  4.663  4.673  4.754  4.787  4.635  4.786  4.700  4.718  4.595  4.663  4.552  4.754
4.533  4.546  4.673  4.516  4.580  4.533  4.500  4.543  4.452  4.644  4.533  4.691  4.800  4.736  4.633  4.407  4.401  4.718  4.673  4.652  4.758  4.644  4.419  4.575  4.443  4.382  4.489  4.477  4.388  4.477  4.533  4.382  4.610  4.522  4.533  4.585  4.583  4.511  4.615  4.522  4.452  4.564
4.543  4.511  4.522  4.511  4.458  4.489  4.431  4.369  4.503  4.575  4.489  4.673  4.745  4.644  4.745  4.357  4.543  4.580  4.635  4.593  4.666  4.525  4.522  4.682  4.407  4.344  4.500  4.277  4.344  4.443  4.500  4.466  4.454  4.454  4.380  4.595  4.428  4.477  4.533  4.407  4.446  4.419
5.740  5.308  5.591  5.553  5.390  5.597  5.489  5.517  5.697  5.694  5.459  5.659  5.720  5.429  5.704  5.440  5.476  5.578  5.553  5.775  5.568  5.425  5.447  5.407  5.505  5.513  5.407  5.384  5.293  5.292  5.255  5.384  5.572  5.529  5.472  5.553  5.425  5.466  5.476  5.580  5.421  5.568
4.898  4.700  4.787  4.663  4.514  4.625  4.779  4.718  4.860  4.864  4.802  4.745  4.984  4.748  4.890  4.520  4.749  4.652  4.771  4.883  4.710  4.811  4.649  4.745  4.575  4.654  4.718  4.554  4.564  4.625  4.541  4.533  4.736  4.754  4.588  4.736  4.595  4.710  4.673  4.588  4.585  4.663
5.700  5.521  5.541  5.642  5.513  5.591  5.545  5.557  5.533  5.595  5.612  5.659  5.620  5.507  5.645  5.397  5.421  5.602  5.663  5.740  5.598  5.565  5.583  5.631  5.541  5.609  5.505  5.433  5.328  5.381  5.412  5.455  5.583  5.590  5.529  5.455  5.497  5.403  5.425  5.384  5.489  5.557
5.407  5.257  5.252  5.342  5.215  5.247  5.217  5.238  5.170  5.338  5.361  5.338  5.341  5.308  5.417  5.112  5.273  5.373  5.273  5.361  5.442  5.288  5.318  5.472  5.198  5.094  5.153  5.083  4.942  5.050  5.147  5.142  5.273  5.327  5.220  5.308  5.182  5.130  5.170  5.100  5.118  5.226
6.452  6.310  6.393  6.378  6.435  6.500  6.307  6.454  6.447  6.479  6.460  6.475  6.585  6.535  6.605  6.377  6.252  6.485  6.377  6.413  6.397  6.233  6.269  6.349  6.273  6.384  6.337  6.384  6.033  6.248  6.279  6.129  6.303  6.380  6.288  6.356  6.254  6.413  6.299  6.272  6.269  6.321
5.236  5.147  5.106  5.182  5.209  5.220  5.234  5.142  5.302  5.257  5.267  5.384  5.412  5.342  5.454  5.236  5.182  5.323  5.318  5.241  5.375  5.283  5.263  5.327  5.187  5.226  5.338  5.324  4.990  5.088  5.283  5.112  5.063  5.252  5.165  5.273  5.242  5.308  5.209  5.142  5.192  5.037
5.525  5.303  5.380  5.394  5.485  5.557  5.366  5.429  5.283  5.497  5.361  5.438  5.575  5.455  5.553  5.354  5.244  5.416  5.435  5.521  5.327  5.293  5.329  5.460  5.176  5.464  5.187  5.337  5.088  5.153  5.275  5.037  5.308  5.328  5.371  5.398  5.298  5.398  5.405  5.366  5.204  5.375
4.477  4.466  4.382  4.533  4.498  4.394  4.489  4.344  4.483  4.431  4.628  4.443  4.615  4.663  4.564  4.344  4.431  4.477  4.613  4.585  4.554  4.317  4.477  4.710  4.401  4.554  4.290  4.341  4.344  4.331  4.394  4.437  4.443  4.428  4.357  4.477  4.311  4.754  4.369  4.246  4.422  4.277
