7.075  6.692  6.880  6.866  6.957  7.077  6.876  6.935  6.967  7.087  7.049  7.052  7.088  7.054  7.015  6.966  6.616  7.026  7.059  6.838  6.922  6.744  6.856  6.763  6.844  6.965  6.830  6.933  6.662  6.745  6.891  6.562  6.781  6.897  6.763  6.819  6.920  6.968  6.778  6.916  6.767  6.838
6.234  6.035  5.996  6.011  6.165  6.353  6.227  6.203  6.228  6.312  6.319  6.223  6.213  6.219  6.251  6.219  5.935  6.188  6.227  6.153  6.198  6.171  6.161  6.168  6.081  6.133  6.148  6.103  5.901  6.052  6.151  5.985  6.021  6.128  6.047  6.189  6.256  6.136  6.023  6.054  6.077  6.107
6.370  6.171  6.188  6.045  6.236  6.319  6.250  6.237  6.283  6.412  6.384  6.344  6.344  6.330  6.282  6.217  6.057  6.332  6.199  6.136  6.210  6.172  6.242  6.218  6.051  6.151  6.232  6.236  6.001  6.045  6.227  5.958  6.047  6.171  6.168  6.229  6.264  6.301  6.170  6.310  6.052  6.082
4.700  4.500  4.673  4.530  4.625  4.756  4.736  4.552  4.673  4.736  4.828  4.615  4.779  4.762  4.832  4.771  4.625  4.522  4.749  4.625  4.762  4.654  4.575  4.687  4.585  4.522  4.407  4.590  4.428  4.575  4.489  4.494  4.635  4.552  4.585  4.564  4.680  4.554  4.481  4.578  4.475  4.477
6.658  6.385  6.445  6.320  6.579  6.596  6.425  6.528  6.506  6.667  6.574  6.607  6.554  6.524  6.561  6.463  6.215  6.618  6.452  6.412  6.371  6.375  6.438  6.409  6.321  6.400  6.468  6.554  6.347  6.356  6.372  6.174  6.240  6.435  6.317  6.457  6.448  6.525  6.433  6.519  6.282  6.419
5.081  4.958  5.063  4.836  5.182  5.215  5.043  5.074  5.118  5.252  5.147  5.147  5.263  5.278  5.226  5.050  4.913  5.155  5.161  5.056  4.913  5.017  5.106  5.075  4.898  4.956  4.984  5.263  4.902  4.949  4.990  4.771  4.835  4.905  4.927  4.949  4.934  5.118  5.088  5.059  4.756  4.927
6.279  5.932  6.100  6.174  6.124  6.213  6.233  6.142  6.219  6.330  6.201  6.236  6.292  6.165  6.282  6.105  6.079  6.138  6.205  6.165  6.308  6.190  6.152  6.157  6.089  6.120  6.001  6.047  5.893  6.054  6.176  6.111  6.103  6.170  6.142  6.159  6.148  6.154  6.083  6.136  6.001  6.120
4.700  4.603  4.700  4.736  4.522  4.564  4.662  4.654  4.564  4.760  4.736  4.690  4.852  4.796  4.736  4.644  4.477  4.615  4.673  4.635  4.779  4.605  4.691  4.732  4.585  4.541  4.431  4.543  4.460  4.522  4.615  4.615  4.511  4.595  4.615  4.564  4.600  4.570  4.598  4.644  4.585  4.454
6.328  6.279  6.203  6.104  6.292  6.238  6.119  6.175  6.242  6.317  6.240  6.278  6.366  6.265  6.290  6.271  5.994  6.397  6.301  6.122  6.162  6.136  6.310  6.172  6.175  6.286  6.273  6.219  6.155  6.186  6.215  6.073  6.141  6.206  6.213  6.161  6.198  6.091  6.040  6.301  6.031  6.145
5.397  5.425  5.056  5.136  5.260  5.263  5.308  5.094  5.193  5.318  5.337  5.204  5.338  5.283  5.373  5.283  5.190  5.241  5.153  5.242  5.391  5.313  5.300  5.347  5.197  5.273  5.231  5.187  5.263  5.268  5.287  5.170  4.963  5.318  5.278  5.193  5.182  5.075  5.030  5.094  5.024  4.990
5.733  5.631  5.690  5.501  5.811  5.714  5.481  5.687  5.591  5.790  5.754  5.793  5.729  5.814  5.841  5.549  5.429  5.756  5.617  5.533  5.652  5.446  5.568  5.457  5.521  5.533  5.545  5.412  5.263  5.344  5.521  5.361  5.447  5.509  5.464  5.557  5.498  5.580  5.583  5.602  5.361  5.602
4.926  4.927  4.881  4.844  4.913  4.977  4.860  4.934  4.836  5.153  4.913  5.063  5.102  4.990  5.132  4.881  4.775  5.003  4.922  4.890  5.004  4.898  4.929  4.958  4.654  4.673  4.779  4.615  4.538  4.732  4.868  4.644  4.752  4.860  4.794  4.963  4.787  4.852  4.858  4.739  4.673  4.828
6.959  6.827  6.842  6.918  6.954  6.989  6.887  6.911  6.947  7.066  6.958  7.033  7.008  6.939  7.048  6.888  6.786  6.931  7.001  6.920  6.895  6.730  6.860  6.792  6.834  6.923  6.837  6.871  6.730  6.733  6.807  6.742  6.821  6.891  6.905  6.871  6.910  6.911  6.886  6.874  6.806  6.855
4.820  4.860  4.605  4.585  4.823  4.727  4.682  4.668  4.905  4.949  4.997  4.990  4.970  4.796  4.927  4.727  4.700  4.804  4.771  4.673  4.883  4.787  4.820  4.820  4.718  4.984  4.727  4.828  4.522  4.666  4.543  4.500  4.644  4.635  4.726  4.893  4.743  4.554  4.779  4.756  4.691  4.736
7.174  6.843  6.948  7.013  7.070  7.079  6.927  7.023  7.005  7.042  6.972  7.117  7.052  7.009  7.028  6.892  6.891  7.026  7.054  7.019  6.967  6.919  6.896  6.874  7.087  7.111  6.924  6.983  6.889  6.902  6.886  6.862  6.957  7.060  6.935  6.926  7.015  7.048  6.908  7.059  6.960  7.018
6.482  6.267  6.292  6.392  6.353  6.353  6.413  6.330  6.384  6.436  6.422  6.413  6.551  6.354  6.497  6.332  6.354  6.375  6.461  6.462  6.537  6.354  6.384  6.396  6.324  6.422  6.382  6.256  6.304  6.331  6.295  6.320  6.337  6.433  6.412  6.407  6.346  6.426  6.413  6.339  6.288  6.346
6.921  6.748  6.778  6.798  6.884  6.884  6.702  6.861  6.792  7.031  6.987  6.942  7.021  7.016  6.969  6.922  6.727  7.083  6.993  6.940  6.724  6.869  7.034  7.017  7.154  7.201  7.183  7.587  7.370  7.398  7.924  7.711  7.815  6.865  6.769  6.800  6.747  6.925  6.930  6.903  6.711  6.808
5.892  5.861  5.756  5.855  5.899  5.808  5.790  5.829  5.793  6.016  6.028  5.945  6.004  5.981  5.991  5.872  5.814  5.872  5.953  5.892  5.976  5.916  5.905  5.922  5.941  5.924  5.826  5.892  5.823  5.783  5.937  5.889  5.844  5.945  5.793  5.930  5.819  5.903  5.961  5.847  5.733  5.778
5.624  5.447  5.529  5.438  5.583  5.633  5.373  5.542  5.434  5.674  5.559  5.541  5.724  5.595  5.659  5.525  5.288  5.724  5.517  5.598  5.468  5.273  5.515  5.447  5.308  5.525  5.517  5.609  5.234  5.361  5.398  5.182  5.371  5.375  5.411  5.412  5.434  5.626  5.529  5.539  5.323  5.485
4.699  4.605  4.844  4.736  4.625  4.717  4.712  4.786  4.705  4.727  4.721  4.745  4.875  4.920  4.881  4.682  4.673  4.835  4.868  4.909  4.699  4.615  4.734  4.831  4.673  4.804  4.754  4.710  4.500  4.575  4.652  4.605  4.663  4.605  4.575  4.787  4.615  4.585  4.615  4.663  4.554  4.682
6.615  6.394  6.489  6.452  6.541  6.534  6.483  6.579  6.483  6.578  6.548  6.565  6.554  6.495  6.575  6.382  6.385  6.588  6.607  6.455  6.506  6.384  6.499  6.452  6.518  6.581  6.482  6.497  6.324  6.466  6.399  6.351  6.390  6.543  6.474  6.460  6.482  6.503  6.404  6.426  6.394  6.515
6.354  6.205  6.238  6.267  6.230  6.332  6.280  6.279  6.324  6.359  6.392  6.358  6.335  6.365  6.360  6.193  6.174  6.335  6.371  6.326  6.267  6.256  6.317  6.326  6.251  6.330  6.229  6.314  6.033  6.109  6.181  6.133  6.184  6.295  6.212  6.280  6.207  6.180  6.163  6.188  6.144  6.248
