5.808  5.521  5.753  5.485  5.881  5.817  5.799  5.881  5.886  6.045  5.781  5.961  5.953  5.762  5.717  5.635  5.231  5.762  5.921  5.555  5.762  5.602  5.693  5.652  5.762  5.864  5.513  5.659  5.403  5.680  5.517  5.466  5.617  5.916  5.823  5.802  5.657  5.659  5.666  5.704  5.529  5.861
3.850  4.127  3.892  4.094  3.871  3.951  3.970  3.761  4.060  3.976  3.951  4.025  4.290  4.048  4.094  4.119  3.784  3.912  4.174  4.040  4.060  3.970  3.951  3.912  3.942  3.829  3.611  3.738  3.850  3.829  3.961  3.761  3.932  3.829  3.980  3.951  3.902  3.871  3.709  3.802  3.738  3.970
5.638  5.318  5.476  5.361  5.659  5.572  5.268  5.545  5.396  5.606  5.481  5.602  5.697  5.714  5.652  5.387  5.220  5.544  5.468  5.468  5.375  5.230  5.346  5.313  5.228  5.481  5.357  5.434  5.204  5.378  5.321  5.097  5.198  5.416  5.293  5.468  5.489  5.485  5.333  5.628  5.231  5.341
4.304  4.220  4.277  4.248  4.344  4.277  4.212  4.209  4.304  4.394  4.159  4.477  4.668  4.595  4.700  4.380  4.452  4.466  4.718  4.605  4.708  4.127  4.297  4.331  4.197  4.277  4.171  4.171  3.976  4.143  4.344  4.043  4.304  4.190  4.205  4.419  4.234  4.174  4.025  4.382  4.174  4.205
7.060  6.428  6.922  6.875  6.998  7.002  6.685  6.875  6.779  7.067  7.028  7.008  7.083  6.957  6.991  6.760  6.425  7.085  7.038  6.952  6.712  6.557  6.750  6.629  6.692  6.743  6.718  6.916  6.326  6.385  6.620  6.314  6.760  6.740  6.562  6.733  6.693  6.987  6.906  6.841  6.557  6.677
4.804  4.394  4.691  4.745  4.673  4.489  4.593  4.642  4.530  4.787  4.694  4.762  4.762  4.700  4.947  4.673  4.419  4.712  4.812  4.786  4.700  4.806  4.615  4.673  4.554  4.605  4.554  4.416  4.263  4.477  4.583  4.554  4.511  4.522  4.554  4.630  4.443  4.635  4.530  4.477  4.341  4.454
6.194  6.078  6.142  6.001  6.308  6.311  6.142  6.182  6.289  6.059  6.131  6.271  6.384  6.286  6.333  6.096  5.827  6.248  6.330  6.165  6.045  6.066  6.107  6.021  6.111  6.103  6.104  6.134  5.842  5.849  6.122  5.859  5.935  6.096  5.989  6.161  6.170  6.064  6.107  6.132  5.961  6.161
7.420  7.157  7.351  7.278  7.366  7.364  7.237  7.321  7.309  7.403  7.348  7.456  7.419  7.322  7.428  7.255  7.168  7.370  7.433  7.353  7.147  7.159  7.248  7.191  7.307  7.311  7.319  7.348  7.201  7.176  7.268  7.078  7.270  7.331  7.269  7.336  7.297  7.430  7.228  7.318  7.131  7.272
4.500  4.620  4.263  4.533  4.394  4.588  4.481  4.205  4.407  3.970  4.344  4.477  4.654  4.605  4.543  4.394  4.127  4.419  4.454  4.304  4.431  4.522  4.477  4.446  4.344  4.394  4.246  4.253  4.094  4.159  4.205  4.267  4.205  4.407  4.277  4.419  4.443  4.159  4.331  4.304  4.143  4.220
5.958  5.746  5.680  5.677  5.883  5.799  5.830  5.775  5.864  6.011  5.994  5.852  6.052  6.026  6.032  5.832  5.717  5.828  5.808  5.869  5.849  5.759  5.808  5.808  5.663  5.773  5.796  5.924  5.698  5.796  5.813  5.583  5.627  5.881  5.849  6.001  5.691  5.793  5.940  5.806  5.485  5.670
6.011  5.808  5.793  5.823  5.835  5.912  5.727  5.778  5.849  5.872  5.864  5.930  6.001  5.953  5.964  5.836  5.652  5.908  5.966  5.838  5.820  5.747  5.846  5.744  5.761  5.765  5.787  5.953  5.628  5.668  5.666  5.604  5.733  5.820  5.790  5.829  5.814  5.922  5.861  5.888  5.727  5.733
4.970  4.956  4.963  5.017  5.047  5.017  4.804  4.956  5.017  4.984  4.875  5.153  5.094  5.182  5.263  4.997  4.956  4.997  5.056  4.866  5.030  5.011  4.893  5.026  5.004  4.986  4.905  4.905  4.771  4.812  4.868  4.949  4.852  5.100  5.142  5.257  5.030  5.075  4.890  5.017  4.787  4.835
6.538  6.295  6.345  6.424  6.521  6.572  6.265  6.447  6.438  6.607  6.562  6.554  6.643  6.471  6.631  6.403  6.083  6.541  6.521  6.342  6.229  6.133  6.295  6.244  6.367  6.410  6.365  6.447  6.089  6.217  6.337  6.061  6.243  6.354  6.256  6.353  6.302  6.526  6.342  6.449  6.225  6.409
4.552  4.428  4.380  4.543  4.625  4.477  4.410  4.394  4.466  4.477  4.357  4.543  4.588  4.564  4.705  4.317  4.304  4.367  4.608  4.564  4.564  4.541  4.511  4.522  4.304  4.654  4.220  4.263  4.060  4.231  4.290  4.419  4.248  4.500  4.290  4.613  4.475  4.234  4.348  4.290  4.277  4.337
6.207  5.645  5.914  5.776  5.988  6.101  5.878  6.120  5.989  6.126  6.033  6.229  6.330  6.006  6.105  5.905  6.043  5.939  6.038  6.163  5.808  5.768  5.759  5.841  5.958  6.185  5.938  5.883  5.861  5.808  5.805  5.690  5.958  6.059  5.846  5.944  5.909  6.087  5.737  6.040  5.924  6.114
5.628  5.251  5.389  5.364  5.342  5.367  5.425  5.364  5.525  5.568  5.409  5.697  5.866  5.529  5.690  5.568  5.753  5.551  5.442  5.525  5.361  5.357  5.283  5.347  5.288  5.623  5.170  5.204  5.293  5.242  5.165  5.153  5.302  5.403  5.333  5.365  5.366  5.328  5.176  5.226  5.153  5.263
7.284  6.993  7.116  7.109  7.162  7.221  6.999  7.172  7.146  7.249  7.176  7.233  7.316  7.204  7.240  7.123  6.985  7.264  7.253  7.176  6.946  7.000  7.076  7.039  7.151  7.208  7.192  7.246  6.993  6.981  7.055  6.911  7.142  7.160  7.036  7.122  7.090  7.212  7.125  7.191  6.954  7.059
6.188  5.979  6.082  6.028  6.151  6.265  6.125  6.148  6.131  6.182  6.176  6.252  6.354  6.185  6.351  6.087  6.031  6.157  6.267  6.227  6.159  6.172  6.118  6.094  6.117  6.188  6.191  6.087  6.033  6.022  6.066  5.942  6.080  6.226  6.192  6.215  6.105  6.120  6.014  6.119  6.004  6.052
6.047  5.864  5.916  5.957  5.940  6.066  5.894  5.940  6.010  6.107  6.031  5.969  6.026  5.976  6.059  5.971  5.914  6.045  6.067  5.935  5.916  5.860  5.849  5.964  6.040  5.958  6.006  6.052  5.784  5.894  5.861  5.670  5.864  6.014  5.991  6.021  5.922  5.956  5.904  5.986  5.834  5.951
5.429  5.333  5.397  5.439  5.413  5.308  5.361  5.231  5.302  5.423  5.407  5.497  5.457  5.434  5.479  5.236  5.181  5.511  5.384  5.453  5.438  5.389  5.318  5.405  5.204  5.288  5.407  5.212  5.257  5.278  5.123  4.911  5.338  5.273  5.153  5.338  5.239  5.263  5.347  5.159  5.074  5.257
5.829  5.509  5.666  5.537  5.713  5.780  5.704  5.790  5.771  5.768  5.692  5.908  5.796  5.713  5.796  5.665  5.407  5.914  5.903  5.630  5.654  5.609  5.652  5.645  5.673  5.729  5.684  5.866  5.303  5.598  5.560  5.497  5.609  5.761  5.651  5.737  5.659  5.791  5.642  5.710  5.725  5.733
4.852  4.796  4.779  4.682  4.796  4.771  4.734  4.727  4.990  4.920  4.800  4.868  4.984  4.920  4.949  4.718  4.585  4.875  4.868  4.883  4.874  4.595  4.836  4.812  4.792  4.879  4.824  4.638  4.575  4.663  4.682  4.635  4.610  4.870  4.736  4.836  4.500  4.804  4.762  4.796  4.635  4.828
