5.598  5.476  5.429  5.313  5.460  5.468  5.442  5.455  5.537  5.484  5.557  5.501  5.436  5.420  5.501  5.382  5.209  5.421  5.377  5.346  5.394  5.389  5.442  5.476  5.349  5.282  5.394  5.346  5.338  5.407  5.442  5.187  5.136  5.323  5.283  5.404  5.434  5.384  5.236  5.354  5.081  5.333
4.986  4.883  4.804  4.663  4.769  4.790  4.835  4.816  4.804  4.977  4.942  4.832  4.802  4.881  4.811  4.769  4.654  4.743  4.530  4.714  4.796  4.663  4.736  4.875  4.625  4.623  4.543  4.570  4.615  4.590  4.673  4.554  4.625  4.699  4.727  4.864  4.673  4.691  4.575  4.635  4.522  4.745
5.204  5.088  5.198  5.088  5.100  5.126  5.209  5.100  5.208  5.252  5.115  5.189  5.165  5.165  5.252  5.175  5.024  5.176  5.226  5.247  5.262  5.147  5.030  5.100  5.182  5.136  5.100  5.147  4.942  4.999  4.997  5.114  5.004  5.215  5.147  5.241  5.112  5.100  5.075  5.043  5.004  5.158
4.466  4.419  4.533  4.357  4.559  4.575  4.654  4.554  4.605  4.628  4.454  4.505  4.585  4.633  4.802  4.511  4.500  4.533  4.564  4.680  4.657  4.613  4.500  4.585  4.489  4.428  4.367  4.511  4.263  4.344  4.357  4.511  4.290  4.475  4.454  4.440  4.466  4.416  4.522  4.431  4.304  4.357
5.081  5.004  4.992  5.009  4.947  5.030  5.042  4.970  5.050  5.069  4.990  5.069  5.050  4.956  5.043  4.804  4.820  4.949  5.106  5.053  5.009  4.792  5.037  4.933  4.883  4.913  4.790  4.700  4.585  4.734  5.050  4.662  4.754  5.024  4.977  4.856  4.956  4.796  4.860  4.796  4.718  4.977
5.030  4.905  4.885  4.919  4.963  4.977  4.898  4.905  4.942  5.011  4.920  5.053  5.063  4.970  5.165  4.927  4.787  4.796  4.970  4.949  5.069  4.898  4.984  5.017  4.700  4.721  4.844  4.771  4.554  4.754  4.812  4.694  4.949  4.727  4.852  4.915  4.877  4.898  4.754  4.741  4.762  4.868
5.594  5.396  5.598  5.631  5.598  5.509  5.497  5.497  5.591  5.694  5.531  5.649  5.606  5.583  5.645  5.384  5.435  5.533  5.677  5.613  5.607  5.539  5.434  5.521  5.550  5.451  5.429  5.416  5.198  5.407  5.421  5.537  5.509  5.598  5.635  5.451  5.438  5.464  5.403  5.478  5.468  5.472
4.771  4.787  4.758  4.718  4.754  4.760  4.745  4.812  4.779  4.934  4.766  4.898  5.009  4.754  5.032  4.654  4.847  4.798  4.898  4.828  4.980  4.920  4.806  4.828  4.680  4.625  4.710  4.575  4.644  4.662  4.564  4.927  4.718  4.749  4.896  4.754  4.754  4.727  4.590  4.533  4.762  4.570
5.293  5.011  5.037  5.080  5.170  5.105  5.088  5.161  5.118  5.147  5.153  5.223  5.209  5.169  5.308  5.050  5.052  5.193  4.994  5.094  5.088  5.045  5.037  5.088  4.949  5.093  5.106  5.153  4.860  4.956  5.118  4.992  5.152  5.102  5.075  5.130  5.088  5.105  5.049  5.063  5.050  5.130
4.625  4.536  4.431  4.736  4.564  4.605  4.525  4.625  4.489  4.721  4.564  4.690  4.754  4.771  4.736  4.554  4.659  4.736  4.727  4.605  4.673  4.585  4.633  4.718  4.736  4.603  4.615  4.533  4.422  4.354  4.663  4.428  4.682  4.615  4.575  4.635  4.530  4.588  4.585  4.595  4.522  4.543
5.377  5.170  5.283  5.318  5.398  5.298  5.257  5.313  5.109  5.415  5.313  5.278  5.375  5.342  5.316  5.268  5.106  5.338  5.338  5.193  5.247  5.118  5.182  5.285  5.179  5.142  5.231  5.209  5.056  4.984  5.109  5.081  5.247  5.187  5.147  5.179  5.159  5.380  5.335  5.208  5.085  5.186
5.313  5.227  5.220  5.402  5.357  5.198  5.118  5.257  5.112  5.342  5.251  5.220  5.347  5.226  5.372  5.198  5.069  5.100  5.308  5.298  5.310  5.182  5.106  5.198  5.040  5.193  5.043  5.069  4.883  5.017  5.093  5.106  5.187  5.281  5.236  5.152  5.081  5.303  5.147  5.056  5.017  5.170
5.580  5.476  5.513  5.398  5.580  5.464  5.403  5.455  5.545  5.638  5.649  5.663  5.613  5.572  5.642  5.398  5.242  5.537  5.434  5.375  5.548  5.283  5.333  5.476  5.288  5.220  5.398  5.398  5.247  5.287  5.394  5.190  5.358  5.347  5.407  5.501  5.373  5.468  5.418  5.505  5.268  5.361
5.011  4.875  4.860  4.977  4.986  4.909  4.920  4.828  4.947  4.907  4.868  5.145  5.011  4.883  5.094  4.811  4.860  5.004  4.934  4.890  5.024  4.909  4.949  5.050  4.804  4.727  4.874  4.779  4.771  4.779  4.920  4.934  4.890  4.860  4.924  4.977  4.783  4.860  4.852  4.905  4.790  4.920
5.438  5.366  5.293  5.434  5.411  5.366  5.268  5.361  5.296  5.460  5.318  5.472  5.451  5.365  5.517  5.398  5.112  5.398  5.429  5.412  5.293  5.226  5.447  5.236  5.209  5.328  5.208  5.352  5.052  5.094  5.190  5.106  5.303  5.242  5.153  5.303  5.142  5.375  5.371  5.347  5.182  5.288
4.874  4.654  4.836  4.798  4.771  4.775  4.787  4.812  4.673  4.828  4.771  4.844  4.890  4.963  4.887  4.727  4.635  4.896  4.680  4.700  4.905  4.887  4.828  4.754  4.615  4.554  4.635  4.635  4.466  4.543  4.562  4.691  4.710  4.625  4.682  4.815  4.694  4.682  4.573  4.775  4.564  4.783
5.716  5.541  5.480  5.501  5.468  5.585  5.472  5.460  5.482  5.642  5.549  5.617  5.649  5.638  5.609  5.464  5.517  5.565  5.762  5.617  5.587  5.614  5.472  5.572  5.493  5.568  5.415  5.403  5.346  5.366  5.481  5.340  5.406  5.544  5.403  5.485  5.434  5.442  5.497  5.480  5.481  5.497
5.293  4.942  5.268  5.170  5.112  5.030  4.997  5.094  5.100  5.236  5.252  5.169  5.242  5.176  5.286  4.913  5.100  5.190  5.262  5.394  5.176  5.030  5.185  5.147  4.977  5.069  4.896  4.796  4.762  4.762  4.881  4.883  5.176  4.956  5.011  4.958  4.919  5.152  5.069  4.934  5.011  5.130
5.811  5.620  5.700  5.775  5.743  5.768  5.638  5.704  5.735  5.771  5.749  5.784  5.927  5.628  5.743  5.654  5.517  5.742  5.743  5.759  5.670  5.598  5.568  5.654  5.591  5.656  5.624  5.557  5.505  5.545  5.513  5.483  5.628  5.638  5.659  5.642  5.687  5.647  5.673  5.710  5.614  5.652
4.905  4.934  4.956  4.986  4.949  5.004  4.856  4.977  4.852  5.003  4.920  4.959  5.081  4.997  5.124  4.931  4.905  4.875  4.990  4.940  5.011  4.920  4.787  4.931  4.856  4.954  4.997  4.654  4.625  4.673  4.700  4.676  4.875  4.875  4.987  4.890  4.934  4.812  4.682  4.802  4.820  4.844
4.982  4.904  4.796  4.796  4.942  4.883  4.890  4.875  4.905  4.989  4.883  4.977  5.088  5.063  5.215  4.942  4.762  4.868  4.905  4.868  4.836  5.043  4.852  4.990  4.840  4.898  5.004  4.977  4.828  4.828  4.820  4.790  4.754  4.970  4.956  4.973  4.984  4.968  4.874  4.860  4.682  4.881
4.022  4.171  3.912  4.043  4.205  4.043  4.159  4.094  4.127  4.234  4.060  4.220  4.143  4.382  4.382  4.060  4.116  4.159  4.174  4.234  4.220  4.234  4.304  4.331  4.094  4.263  4.174  3.932  4.007  4.086  4.074  4.043  4.025  4.143  4.231  4.220  3.970  4.094  4.127  4.043  4.007  4.043
