7.230  6.978  7.122  6.983  7.078  7.317  7.249  7.022  7.194  7.093  7.149  7.135  7.167  7.096  7.106  7.168  7.053  7.160  7.172  7.032  7.098  7.106  7.036  7.058  7.159  7.114  7.009  7.155  6.872  7.042  7.056  7.079  7.050  7.273  7.041  7.132  7.306  7.126  6.957  7.072  6.919  6.554
6.347  6.081  6.209  6.089  6.080  6.361  6.303  6.105  6.251  6.120  6.257  6.207  6.155  6.175  6.131  6.271  6.059  6.157  6.240  6.088  6.159  6.230  6.109  6.189  6.163  6.084  5.914  6.087  5.823  5.958  6.071  6.052  6.087  6.171  6.143  6.246  6.370  6.109  6.023  5.999  5.894  5.674
7.630  7.399  7.523  7.379  7.557  7.580  7.394  7.416  7.516  7.590  7.502  7.596  7.581  7.473  7.496  7.460  7.328  7.553  7.532  7.459  7.450  7.342  7.432  7.395  7.332  7.404  7.356  7.436  7.264  7.302  7.357  7.300  7.312  7.381  7.399  7.401  7.456  7.470  7.348  7.517  7.289  7.449
6.306  6.009  6.080  6.129  6.127  6.247  6.127  6.066  6.297  6.315  6.226  6.310  6.326  6.223  6.293  6.205  5.951  6.178  6.176  6.103  6.223  6.142  6.222  6.178  5.960  6.073  6.059  6.040  5.945  6.082  6.129  5.940  5.940  6.114  6.073  6.227  6.275  6.148  6.133  6.045  5.976  6.098
7.253  7.146  7.224  7.084  7.305  7.434  7.373  7.337  7.386  7.417  7.351  7.411  7.356  7.300  7.386  7.259  7.145  7.276  7.365  7.195  7.336  7.236  7.255  7.252  7.251  7.329  7.225  7.233  7.191  7.201  7.273  7.136  7.146  7.347  7.287  7.323  7.404  7.223  7.143  7.230  7.283  7.292
5.852  5.714  5.743  5.777  5.771  5.855  5.872  5.796  5.943  5.869  5.817  5.749  5.846  5.787  5.892  5.651  5.631  5.615  5.829  5.778  5.861  5.808  5.872  5.918  5.529  5.645  5.631  5.647  5.552  5.737  5.805  5.645  5.718  5.684  5.724  5.768  5.820  5.673  5.743  5.638  5.687  5.724
7.776  7.603  7.672  7.596  7.669  7.705  7.645  7.643  7.705  7.799  7.722  7.702  7.785  7.705  7.742  7.647  7.466  7.698  7.695  7.561  7.594  7.542  7.634  7.625  7.635  7.677  7.646  7.748  7.584  7.653  7.788  7.575  7.608  7.638  7.678  7.645  7.693  7.642  7.608  7.711  7.564  7.696
6.564  6.524  6.455  6.303  6.383  6.567  6.562  6.466  6.560  6.649  6.646  6.534  6.600  6.605  6.635  6.583  6.460  6.428  6.654  6.439  6.603  6.720  6.753  6.727  6.846  6.894  6.892  7.186  7.109  7.203  6.508  6.360  6.290  6.441  6.534  6.505  6.495  6.360  6.372  6.368  6.335  6.386
6.538  6.315  6.361  6.306  6.447  6.532  6.449  6.443  6.497  6.512  6.501  6.561  6.242  6.444  6.504  6.479  6.229  6.482  6.488  6.354  6.545  6.382  6.477  6.385  6.438  6.449  6.385  6.497  6.245  6.308  6.351  6.339  6.291  6.439  6.498  6.417  6.489  6.436  6.333  6.367  6.299  6.360
5.287  5.176  5.075  4.942  5.303  5.398  5.293  5.112  5.252  5.231  5.204  5.293  4.920  5.323  5.209  5.247  5.037  5.203  5.263  5.124  5.361  5.204  5.298  5.338  5.123  5.187  5.223  5.147  5.039  5.136  5.231  5.094  5.086  5.256  5.043  5.288  5.352  5.187  5.011  5.130  4.970  5.187
6.883  6.609  6.686  6.544  6.816  6.902  6.810  6.795  6.913  6.889  6.868  6.951  6.964  6.878  7.016  6.780  6.627  6.826  6.940  6.667  6.883  6.777  6.742  6.615  6.777  6.782  6.721  6.879  6.494  6.695  6.752  6.531  6.618  6.837  6.732  6.804  6.888  6.717  6.583  6.731  6.661  6.724
4.762  4.595  4.564  4.522  4.642  4.554  4.745  4.522  4.804  4.905  4.727  4.654  4.875  4.868  4.898  4.673  4.575  4.618  4.663  4.754  4.771  4.754  4.595  4.625  4.509  4.625  4.644  4.562  4.475  4.644  4.554  4.489  4.505  4.585  4.644  4.696  4.710  4.654  4.595  4.428  4.511  4.595
7.380  7.076  7.194  6.876  7.233  7.240  7.252  7.253  7.293  7.416  7.337  7.405  7.398  7.296  7.377  7.227  7.144  7.388  7.385  7.241  7.278  7.176  7.181  7.148  7.250  7.269  7.221  7.270  7.070  7.145  7.198  7.102  7.180  7.323  7.241  7.158  7.233  7.283  7.181  7.297  7.073  7.290
5.890  5.652  5.756  5.485  5.841  5.728  5.846  5.768  5.771  6.045  5.958  6.021  5.986  5.951  5.919  5.814  5.703  5.872  5.927  5.753  5.869  5.741  5.714  5.756  5.624  5.781  5.729  5.814  5.613  5.694  5.659  5.568  5.609  5.788  5.737  5.762  5.726  5.725  5.707  5.704  5.587  5.826
6.524  6.260  6.344  6.410  6.471  6.439  6.423  6.465  6.400  6.582  6.415  6.547  6.590  6.525  6.557  6.363  6.359  6.347  6.535  6.537  6.410  6.323  6.354  6.277  6.434  6.569  6.389  6.389  6.257  6.248  6.275  6.221  6.377  6.477  6.468  6.399  6.455  6.399  6.272  6.358  6.377  6.378
5.164  5.273  5.288  5.278  5.278  5.209  5.259  5.161  5.381  5.341  5.214  5.491  5.293  5.308  5.545  5.162  5.288  5.226  5.342  5.447  5.353  5.215  5.263  5.183  5.276  5.257  5.182  5.088  4.963  5.056  5.153  5.019  5.215  5.297  5.267  5.308  5.130  5.236  4.997  5.252  5.130  5.170
6.553  6.188  6.590  6.581  6.627  6.639  6.457  6.576  6.619  6.750  6.460  6.629  6.665  6.500  6.690  6.349  6.267  6.452  6.712  6.662  6.458  6.280  6.266  6.390  6.443  6.521  6.360  6.310  6.111  6.213  6.196  6.059  6.532  6.452  6.395  6.412  6.340  6.454  6.271  6.446  6.463  6.636
4.682  4.714  4.904  4.844  4.812  4.668  4.522  4.708  4.828  4.766  4.647  4.832  4.931  4.726  4.977  4.500  4.654  4.541  4.844  4.812  4.905  4.700  4.691  4.680  4.682  4.654  4.663  4.419  4.331  4.317  4.525  4.394  4.466  4.745  4.623  4.734  4.644  4.522  4.718  4.431  4.654  4.649
6.847  6.698  6.784  6.765  6.810  6.900  6.770  6.789  6.880  6.932  6.789  6.876  6.918  6.890  6.945  6.732  6.594  6.831  6.884  6.690  6.792  6.637  6.730  6.684  6.669  6.826  6.767  6.772  6.633  6.704  6.704  6.581  6.731  6.829  6.793  6.881  6.880  6.862  6.671  6.789  6.658  6.771
4.533  4.628  4.431  4.573  4.522  4.503  4.663  4.407  4.522  4.407  4.489  4.554  4.588  4.640  4.710  4.315  4.466  4.394  4.625  4.443  4.585  4.344  4.590  4.492  4.394  4.394  4.460  4.407  4.234  4.454  4.500  4.234  4.380  4.344  4.477  4.431  4.431  4.431  4.341  4.382  4.511  4.380
5.489  5.212  5.381  5.338  5.347  5.533  5.298  5.452  5.493  5.616  5.451  5.533  5.570  5.509  5.595  5.394  5.206  5.421  5.517  5.470  5.366  5.236  5.196  5.328  5.368  5.521  5.352  5.380  5.204  5.268  5.366  5.215  5.318  5.371  5.356  5.541  5.252  5.397  5.169  5.293  5.366  5.455
4.762  4.736  4.804  4.820  4.890  4.779  4.871  4.854  4.875  4.984  5.043  5.040  4.970  4.990  4.956  4.820  4.796  4.745  4.984  4.835  5.024  4.836  4.792  4.934  4.754  4.682  4.710  4.700  4.530  4.663  4.710  4.727  4.812  4.940  4.828  4.875  4.765  4.836  4.635  4.828  4.832  4.771
