6.190  5.958  6.045  5.924  6.064  6.103  5.916  6.011  6.078  6.221  6.066  6.098  6.155  6.066  6.011  6.050  5.886  6.047  6.168  5.962  6.026  5.986  5.924  5.904  6.038  6.038  6.011  5.992  5.645  5.994  5.869  5.916  5.901  6.030  6.138  6.021  6.011  6.014  6.043  6.103  5.969  6.215
5.303  5.075  5.204  5.153  5.165  5.136  5.170  5.187  5.287  5.407  5.384  5.318  5.333  5.143  5.176  5.236  4.977  5.114  5.278  5.152  5.328  5.165  5.187  5.124  5.136  4.938  5.030  4.836  4.885  4.942  5.050  4.913  5.007  5.165  5.209  5.056  4.990  5.037  5.124  5.056  5.077  5.118
6.124  6.047  6.064  6.092  5.976  6.122  6.040  6.091  6.118  6.236  6.141  6.125  6.100  6.073  6.174  6.059  5.861  6.001  6.080  5.943  6.043  5.914  6.073  6.050  6.009  6.011  5.953  5.924  5.832  5.978  6.005  5.826  5.994  6.045  6.035  6.045  6.151  6.026  5.958  5.986  5.924  6.000
6.518  6.314  6.375  6.323  6.381  6.486  6.457  6.443  6.444  6.665  6.659  6.533  6.538  6.410  6.557  6.399  6.265  6.293  6.459  6.361  6.517  6.420  6.373  6.441  6.286  6.284  6.244  6.236  6.008  6.200  6.399  6.250  6.314  6.323  6.373  6.368  6.420  6.351  6.340  6.280  6.250  6.300
5.124  5.099  5.209  4.963  5.220  5.165  5.124  5.072  5.147  5.187  5.231  5.111  5.231  5.024  5.239  5.011  4.927  5.124  5.170  5.056  5.159  5.024  5.030  5.063  4.843  5.142  4.984  5.030  4.786  4.934  5.040  4.860  4.904  4.997  5.024  5.136  5.017  5.075  5.037  4.970  4.982  4.984
4.179  4.060  4.043  3.951  4.116  4.159  4.007  4.043  4.111  4.078  4.295  4.127  4.159  4.171  4.344  4.127  3.970  4.025  4.127  4.190  4.248  4.043  4.174  4.190  4.025  3.951  4.025  4.025  3.938  3.912  4.108  3.951  4.034  4.187  4.025  4.086  4.025  4.143  4.094  4.007  3.761  4.025
5.872  5.663  5.908  5.823  5.787  5.852  5.677  5.724  5.819  5.775  5.889  5.903  5.784  5.753  5.858  5.671  5.553  5.765  5.863  5.852  5.820  5.743  5.700  5.805  5.659  5.572  5.525  5.609  5.394  5.565  5.677  5.620  5.743  5.645  5.697  5.685  5.598  5.670  5.762  5.628  5.654  5.714
4.682  4.220  4.654  4.419  4.341  4.466  4.357  4.234  4.431  4.625  4.428  4.522  4.595  4.369  4.559  4.277  4.369  4.466  4.600  4.573  4.575  4.394  4.331  4.644  4.304  4.174  4.290  4.124  4.197  4.605  4.234  4.205  4.431  4.354  4.392  4.413  4.425  4.290  4.331  4.274  4.174  4.263
4.787  4.536  4.635  4.613  4.754  4.443  4.727  4.682  4.605  4.663  4.682  4.712  4.787  4.727  4.771  4.489  4.511  4.635  4.623  4.766  4.673  4.640  4.605  4.644  4.419  4.541  4.511  4.615  4.511  4.376  4.633  4.554  4.654  4.771  4.564  4.633  4.440  4.486  4.454  4.615  4.585  4.673
3.951  3.784  3.976  3.829  4.022  3.829  3.807  3.951  3.857  3.961  3.932  3.892  3.970  4.094  4.078  3.912  3.951  3.871  4.025  4.159  4.143  4.057  4.007  3.989  4.111  4.190  3.932  4.344  4.256  4.431  4.945  5.094  5.198  5.707  5.726  5.700  3.761  3.908  3.892  3.932  3.689  3.807
5.922  5.816  5.883  5.787  5.930  5.900  5.866  5.849  5.808  6.043  5.954  5.981  6.003  5.948  6.031  5.748  5.749  5.793  5.864  5.871  5.829  5.765  5.793  5.872  5.740  5.818  5.802  5.746  5.684  5.690  5.765  5.727  5.765  5.820  5.787  5.894  5.917  5.817  5.790  5.805  5.714  5.743
5.593  5.531  5.684  5.645  5.476  5.533  5.606  5.438  5.582  5.658  5.511  5.717  5.635  5.598  5.684  5.468  5.591  5.357  5.749  5.855  5.733  5.700  5.366  5.673  5.541  5.442  5.384  5.371  5.347  5.425  5.432  5.545  5.649  5.662  5.678  5.583  5.491  5.464  5.407  5.338  5.572  5.436
5.357  4.913  5.243  5.226  5.333  5.118  4.787  5.118  5.014  5.226  5.181  5.247  5.283  5.333  5.285  4.956  4.727  5.255  5.308  5.298  5.043  4.875  4.858  4.963  4.977  5.017  4.997  5.096  4.464  4.580  4.913  4.718  4.970  4.942  4.745  5.011  4.931  5.242  5.303  5.282  4.820  5.081
4.500  4.578  4.386  4.466  4.595  4.663  4.394  4.331  4.575  4.691  4.673  4.533  4.883  4.654  4.836  4.263  4.419  4.344  4.635  4.575  4.489  4.331  4.564  4.522  4.483  4.220  4.311  4.437  4.040  4.159  4.357  4.344  4.477  4.394  4.317  4.443  4.511  4.511  4.538  4.454  4.290  4.494
5.063  4.902  4.828  4.927  5.024  5.186  4.654  4.828  4.836  5.063  5.063  5.176  5.112  5.050  5.318  4.827  4.644  5.069  5.118  5.021  4.657  4.700  4.913  4.762  4.654  4.605  4.708  4.820  4.522  4.635  4.682  4.369  4.727  4.700  4.754  4.875  4.836  4.875  4.963  4.944  4.700  4.890
3.689  3.664  3.714  3.611  3.611  3.714  3.757  3.605  3.689  3.784  3.497  3.757  3.892  3.689  4.007  3.784  3.526  3.584  3.850  3.892  3.784  3.714  3.689  3.638  3.526  3.664  3.526  3.497  3.714  3.434  3.651  3.550  3.638  3.689  3.555  3.714  3.738  3.689  3.638  3.550  3.584  3.861
4.234  3.951  3.871  3.892  4.043  3.892  3.892  4.004  3.784  4.143  4.151  4.083  4.248  4.143  4.220  4.007  3.871  4.043  4.094  4.135  4.025  3.970  4.043  3.951  3.951  3.892  3.850  3.892  3.922  3.912  3.871  3.761  3.892  3.850  3.989  3.980  4.025  3.951  3.985  3.882  3.912  3.892
3.401  3.611  3.332  3.395  3.584  3.367  3.401  3.395  3.497  3.434  3.401  3.434  3.611  3.638  3.714  3.332  3.555  3.401  3.689  3.497  3.555  3.555  3.664  3.466  3.367  3.497  3.520  3.401  3.497  3.296  3.466  3.526  3.466  3.360  3.497  3.466  3.434  3.401  3.526  3.401  3.258  3.367
5.457  5.118  5.366  5.322  5.391  5.428  5.242  5.425  5.364  5.375  5.308  5.375  5.497  5.367  5.414  5.323  5.236  5.449  5.545  5.393  5.372  5.242  5.226  5.283  5.293  5.328  5.249  5.394  4.980  5.182  5.179  4.934  5.529  5.476  5.313  5.247  5.357  5.438  5.328  5.328  5.268  5.416
4.224  4.331  4.341  4.234  4.317  4.407  4.159  4.234  4.344  4.489  4.315  4.500  4.369  4.331  4.570  4.407  4.428  4.344  4.533  4.341  4.407  4.290  4.443  4.274  4.277  4.277  4.331  4.220  4.043  4.267  4.159  4.143  4.248  4.220  4.369  4.331  4.290  4.382  4.369  4.111  4.187  4.277
5.204  4.860  5.123  5.182  5.153  5.209  5.016  5.259  5.298  5.278  5.215  5.276  5.231  5.241  5.204  5.036  4.927  5.357  5.215  5.283  5.075  5.050  5.263  5.069  5.094  5.075  5.030  5.204  4.868  5.024  5.030  5.017  5.193  5.142  5.050  5.182  4.942  5.278  5.170  5.094  5.112  5.112
4.277  4.174  4.331  4.270  4.401  4.304  4.025  4.290  4.290  4.394  4.234  4.290  4.350  4.304  4.443  3.951  4.164  4.263  4.331  4.290  4.304  4.331  4.078  4.354  4.143  4.043  4.159  4.111  3.908  4.111  3.932  4.040  4.205  4.369  4.260  4.290  4.025  4.575  4.361  4.315  4.091  4.060
