4.477  4.382  4.477  4.220  4.248  4.317  4.431  4.382  4.357  4.559  4.394  4.500  4.466  4.477  4.419  4.367  4.234  4.469  4.434  4.419  4.454  4.357  4.331  4.394  4.290  4.190  4.190  4.248  4.078  4.205  4.407  4.290  4.267  4.277  4.284  4.304  4.246  4.290  4.220  4.398  4.159  4.220
4.748  4.673  4.754  4.739  4.718  4.564  4.700  4.754  4.754  4.875  4.762  4.887  4.796  4.762  4.796  4.625  4.522  4.752  4.690  4.775  4.796  4.642  4.700  4.754  4.691  4.583  4.552  4.673  4.522  4.630  4.743  4.564  4.630  4.585  4.657  4.605  4.575  4.615  4.623  4.644  4.443  4.615
4.308  4.220  4.464  4.428  4.357  4.234  4.111  4.174  4.394  4.466  4.256  4.454  4.317  4.369  4.361  4.143  4.202  4.324  4.311  4.369  4.354  4.277  4.190  4.290  3.970  4.297  4.190  4.205  3.912  4.060  4.074  4.234  4.477  4.127  4.025  4.043  4.190  4.263  4.304  4.317  4.357  4.078
3.757  3.912  3.932  3.829  3.871  3.942  3.829  3.784  3.970  3.850  3.689  3.970  3.892  4.057  4.111  3.638  3.773  3.761  3.807  3.871  3.912  3.850  3.761  3.998  3.829  3.738  3.664  3.689  3.784  3.638  3.784  3.807  3.761  3.714  3.714  3.738  4.025  3.829  3.829  3.807  3.829  3.761
6.021  5.714  5.841  5.725  5.852  5.720  5.675  5.724  5.835  5.916  5.781  5.900  5.840  5.792  5.951  5.613  5.609  5.779  5.725  5.733  5.823  5.663  5.759  5.802  5.553  5.635  5.604  5.598  5.375  5.505  5.666  5.606  5.788  5.680  5.659  5.790  5.670  5.652  5.817  5.670  5.521  5.690
5.749  5.684  5.656  5.624  5.666  5.651  5.729  5.736  5.624  5.846  5.759  5.746  5.740  5.811  5.841  5.631  5.697  5.734  5.750  5.704  5.765  5.733  5.717  5.730  5.589  5.598  5.539  5.668  5.529  5.513  5.537  5.617  5.618  5.700  5.721  5.656  5.596  5.425  5.643  5.580  5.476  5.602
4.997  4.913  4.927  4.934  4.970  4.777  4.762  4.812  4.700  5.142  4.898  4.883  4.963  4.977  4.997  4.700  4.796  4.736  5.049  4.956  4.836  4.997  4.836  4.794  4.839  4.730  4.787  4.808  4.673  4.605  4.723  4.718  4.766  4.787  4.890  4.860  4.852  4.927  4.796  4.727  4.844  4.654
4.143  4.078  3.932  4.127  3.989  4.040  3.967  4.078  3.989  4.043  4.025  4.127  4.078  4.034  4.159  3.908  3.829  3.932  4.171  4.159  4.156  4.127  4.025  4.127  3.871  3.957  3.807  4.025  3.807  3.784  3.908  3.861  3.829  3.970  4.060  3.850  3.892  4.078  3.932  3.892  4.078  3.912
4.304  4.331  4.443  4.407  4.304  4.311  4.394  4.431  4.543  4.466  4.466  4.263  4.443  4.530  4.575  4.394  4.304  4.369  4.625  4.486  4.635  4.431  4.382  4.492  4.277  4.248  4.288  4.354  4.094  4.281  4.043  4.301  4.331  4.344  4.143  4.431  4.331  3.989  4.416  4.143  4.304  4.263
4.248  4.277  4.511  4.394  4.344  4.446  4.394  4.284  4.382  4.543  4.443  4.489  4.443  4.536  4.511  4.357  4.190  4.344  4.564  4.443  4.522  4.419  4.159  4.317  4.220  4.234  4.190  4.263  4.060  4.304  4.248  4.277  4.394  4.217  4.304  4.288  4.301  4.234  4.344  4.078  4.094  4.284
4.270  4.419  4.194  4.217  4.407  4.331  4.248  4.246  4.357  4.407  4.369  4.454  4.416  4.543  4.585  4.357  4.241  4.248  4.431  4.481  4.522  4.431  4.440  4.277  4.328  4.317  4.419  4.253  4.190  4.248  4.394  4.108  4.217  4.431  4.304  4.331  4.143  4.248  4.140  4.127  4.290  4.194
4.466  4.543  4.431  4.522  4.454  4.511  4.454  4.369  4.407  4.419  4.477  4.625  4.654  4.489  4.595  4.304  4.357  4.533  4.489  4.514  4.615  4.564  4.428  4.575  4.274  4.380  4.369  4.350  4.304  4.357  4.317  4.475  4.511  4.344  4.382  4.443  4.376  4.392  4.454  4.380  4.190  4.367
5.193  5.102  5.130  5.029  5.203  5.147  5.182  5.088  5.236  5.118  4.997  5.226  5.375  5.176  5.288  4.942  5.187  5.004  5.100  5.217  5.220  5.268  5.056  5.242  5.089  5.182  4.990  4.909  5.099  4.905  4.970  5.114  5.142  5.100  5.170  5.159  5.056  4.973  5.017  4.933  4.970  4.982
4.787  4.583  4.771  4.777  4.710  4.718  4.603  4.673  4.717  4.812  4.682  4.836  4.890  4.700  4.820  4.477  4.615  4.852  4.710  4.777  4.727  4.736  4.625  4.682  4.431  4.575  4.585  4.635  4.500  4.559  4.530  4.554  4.700  4.663  4.511  4.710  4.595  4.564  4.644  4.554  4.407  4.727
4.004  3.918  3.892  4.007  4.074  3.892  3.738  3.932  4.007  3.829  3.989  4.007  4.304  4.231  4.263  3.888  3.951  4.078  4.043  4.143  4.187  3.951  4.007  3.932  3.829  3.970  3.912  3.892  3.714  3.871  3.892  3.912  4.007  3.970  3.918  4.043  3.951  3.829  3.871  3.807  3.932  3.850
4.394  4.190  4.317  4.190  4.317  4.304  4.078  4.344  4.167  4.331  4.174  4.277  4.533  4.464  4.610  4.174  4.148  4.135  4.304  4.520  4.321  4.174  4.143  4.331  4.040  4.143  4.248  4.111  3.951  3.922  4.083  4.111  4.220  4.143  4.217  4.174  4.013  4.304  4.190  4.094  4.025  4.159
4.431  4.549  4.564  4.431  4.511  4.593  4.511  4.475  4.654  4.466  4.341  4.682  4.522  4.625  4.727  4.466  4.682  4.477  4.771  4.691  4.708  4.654  4.428  4.585  4.585  4.489  4.454  4.234  4.288  4.394  4.533  4.654  4.489  4.754  4.736  4.533  4.454  4.344  4.407  4.190  4.543  4.644
5.170  4.920  5.142  5.165  4.898  5.127  5.182  5.111  5.124  5.244  5.074  5.175  5.366  5.187  5.342  4.997  5.231  5.118  5.308  5.403  5.254  5.209  4.919  5.170  5.153  5.147  5.108  4.934  4.860  5.075  4.956  5.056  5.165  5.242  5.252  5.153  5.112  5.061  4.956  4.990  5.075  5.118
4.595  4.317  4.557  4.382  4.270  4.220  4.220  4.277  4.190  4.267  4.263  4.324  4.382  4.369  4.443  4.171  4.248  4.344  4.350  4.605  4.382  4.382  4.205  4.234  4.304  4.078  4.190  4.190  4.094  4.205  4.094  4.171  4.277  4.344  4.156  4.335  4.174  4.202  4.190  4.209  4.190  4.354
4.806  4.630  4.736  4.727  4.613  4.682  4.516  4.771  4.666  4.745  4.671  4.860  4.860  4.741  4.868  4.654  4.575  4.635  4.811  5.198  4.727  4.682  4.741  4.787  4.635  4.585  4.644  4.580  4.428  4.552  4.554  4.500  4.787  4.718  4.691  4.710  4.663  4.595  4.779  4.552  4.595  4.575
4.205  4.234  4.111  4.220  4.248  4.331  4.127  4.234  4.202  4.304  4.277  4.317  4.452  4.394  4.440  4.143  4.369  4.328  4.454  4.392  4.419  4.263  4.220  4.394  4.220  4.094  4.205  4.179  3.985  4.174  4.277  4.246  4.277  4.174  4.304  4.190  4.078  4.277  4.324  4.143  4.220  4.190
3.970  4.052  3.892  3.957  3.871  3.850  3.912  3.951  3.912  3.932  3.970  3.970  4.224  4.174  4.234  4.022  3.861  3.807  4.094  4.060  4.143  3.892  3.989  4.048  3.714  3.807  3.761  3.795  3.592  3.757  3.664  3.967  4.111  3.912  3.784  3.970  3.757  3.989  3.738  3.738  3.928  3.829
