6.725  6.524  6.588  6.190  6.612  6.886  6.632  6.692  6.742  6.932  6.895  6.860  6.916  6.920  6.919  6.815  6.170  6.689  6.777  6.477  6.605  6.315  6.609  6.524  6.387  6.560  6.557  6.672  6.227  6.413  6.636  6.180  6.364  6.524  6.330  6.701  6.741  6.583  6.637  6.688  6.372  6.553
3.784  3.951  3.892  3.761  3.638  3.951  3.861  4.078  3.989  3.892  3.970  3.761  4.277  4.304  4.205  4.025  3.951  4.103  4.025  3.970  4.043  3.922  3.807  4.143  3.714  3.912  3.638  3.839  3.638  3.871  3.738  3.738  3.773  3.689  3.664  4.263  4.159  3.738  3.714  3.714  3.664  3.829
7.562  7.421  7.377  7.301  7.525  7.545  7.499  7.500  7.586  7.711  7.601  7.658  7.677  7.627  7.614  7.378  7.265  7.466  7.630  7.286  7.359  7.377  7.499  7.393  7.490  7.559  7.531  7.488  7.295  7.435  7.442  7.161  7.380  7.515  7.475  7.512  7.454  7.388  7.332  7.459  7.243  7.481
6.043  6.259  5.945  5.805  6.040  6.182  6.377  6.045  6.377  6.308  6.344  6.394  6.356  6.280  6.344  6.260  6.114  6.120  6.338  5.826  6.217  6.163  6.299  6.335  6.168  6.273  6.215  6.041  6.040  6.192  6.218  5.892  5.841  6.282  6.080  6.181  6.174  5.827  5.818  5.989  5.875  5.969
6.157  5.892  5.981  5.898  6.114  6.045  5.901  5.886  5.976  6.105  6.171  6.019  6.118  6.127  6.129  5.919  5.849  6.134  6.035  5.903  5.852  5.889  5.916  5.855  5.808  5.956  5.951  6.096  5.720  5.858  5.864  5.727  5.777  5.893  5.853  5.927  5.981  6.084  6.059  6.035  5.737  5.927
4.956  4.820  4.796  4.808  4.875  4.927  4.871  4.787  4.868  4.970  5.094  5.030  5.043  4.963  5.094  4.913  4.691  5.100  4.920  4.762  4.754  4.812  4.958  4.754  4.676  4.673  4.654  4.754  4.635  4.625  4.828  4.538  4.583  4.673  4.673  4.828  4.796  4.812  4.934  4.890  4.541  4.710
6.672  6.111  6.505  6.399  6.465  6.498  6.319  6.486  6.525  6.644  6.554  6.609  6.612  6.398  6.576  6.279  6.139  6.560  6.525  6.453  6.356  6.196  6.261  6.229  6.342  6.457  6.331  6.407  5.974  6.215  6.225  6.035  6.328  6.431  6.346  6.315  6.368  6.466  6.382  6.460  6.297  6.463
4.779  4.615  4.717  4.839  4.710  4.736  4.736  4.754  4.802  4.898  4.984  4.956  4.890  4.687  5.030  4.595  4.762  4.804  4.881  4.862  4.710  4.771  4.690  4.649  4.700  4.850  4.718  4.615  4.585  4.494  4.595  4.605  4.663  4.718  4.844  4.625  4.605  4.773  4.564  4.673  4.575  4.685
7.205  7.008  7.066  7.010  7.145  7.236  6.934  7.073  7.112  7.247  7.179  7.163  7.275  7.140  7.326  7.060  6.657  7.194  7.146  6.969  6.820  6.829  6.968  6.905  6.880  6.934  6.927  7.083  6.659  6.787  6.830  6.583  6.801  6.992  6.781  6.977  6.929  7.116  7.060  7.155  6.765  6.958
5.489  5.421  5.242  5.391  5.513  5.557  5.429  5.323  5.502  5.580  5.416  5.527  5.663  5.557  5.733  5.380  5.187  5.472  5.451  5.203  5.252  5.303  5.572  5.497  5.182  5.409  5.342  5.468  5.142  5.305  5.278  5.017  5.075  5.371  5.268  5.505  5.568  5.356  5.288  5.356  5.093  5.236
7.827  7.537  7.672  7.683  7.709  7.751  7.579  7.672  7.675  7.742  7.640  7.716  7.826  7.645  7.710  7.531  7.586  7.712  7.731  7.770  7.533  7.529  7.607  7.556  7.684  7.801  7.561  7.661  7.505  7.500  7.513  7.497  7.640  7.676  7.621  7.663  7.609  7.710  7.622  7.756  7.607  7.731
6.382  6.114  6.246  6.266  6.375  6.342  6.223  6.234  6.393  6.415  6.310  6.423  6.574  6.369  6.443  6.180  6.213  6.135  6.304  6.340  6.322  6.074  6.254  6.229  6.211  6.346  6.146  6.153  6.009  6.052  6.066  5.961  6.198  6.303  6.136  6.303  6.176  6.073  6.035  6.122  6.125  6.192
7.153  6.943  7.068  6.995  7.195  7.153  6.995  7.149  7.077  7.234  7.197  7.253  7.244  7.186  7.262  7.060  6.883  7.174  7.135  7.054  7.021  6.879  7.043  7.011  7.019  7.075  7.020  7.135  6.906  6.955  6.995  6.799  6.988  7.120  6.994  7.093  7.074  7.116  7.006  7.134  6.924  6.993
5.836  6.035  5.847  5.823  5.903  6.021  6.023  5.881  5.958  6.096  6.033  6.123  6.074  6.125  6.196  5.993  5.932  5.945  6.035  5.872  6.041  5.916  6.168  6.172  5.737  5.823  5.932  5.892  5.759  5.833  5.935  5.695  5.817  6.031  5.943  6.004  5.942  5.956  5.749  5.853  5.727  5.762
6.746  6.085  6.585  6.547  6.548  6.679  6.356  6.580  6.636  6.639  6.515  6.741  6.753  6.514  6.691  6.229  6.202  6.553  6.780  6.741  6.295  6.245  6.335  6.314  6.483  6.619  6.323  6.395  5.996  6.184  6.240  6.017  6.568  6.604  6.357  6.504  6.244  6.554  6.427  6.371  6.518  6.687
5.242  4.979  5.242  5.323  5.198  5.438  5.204  5.257  5.515  5.425  5.293  5.407  5.407  5.313  5.560  5.118  5.124  5.112  5.465  5.496  5.165  5.100  4.938  5.187  5.173  5.365  5.106  5.006  4.736  4.745  4.942  4.708  5.204  5.252  5.030  5.308  5.142  5.100  5.061  4.996  5.208  5.394
7.313  7.053  7.244  7.247  7.335  7.341  7.038  7.238  7.128  7.315  7.285  7.308  7.334  7.207  7.258  7.129  6.831  7.325  7.311  7.281  7.069  6.989  7.151  7.085  7.130  7.242  7.091  7.224  6.970  6.992  7.093  6.882  7.233  7.198  7.032  7.135  7.147  7.255  7.174  7.272  7.130  7.297
6.331  6.133  6.276  6.352  6.394  6.435  6.267  6.319  6.373  6.339  6.314  6.347  6.360  6.352  6.380  6.256  6.029  6.430  6.402  6.346  6.186  6.174  6.260  6.336  6.192  6.339  6.236  6.252  5.996  6.202  6.284  5.976  6.321  6.273  6.215  6.236  6.265  6.316  6.201  6.252  6.236  6.330
6.190  5.652  6.077  5.878  6.260  6.223  5.820  6.082  6.100  6.285  6.198  6.219  6.199  6.198  6.306  5.984  5.643  6.256  6.260  6.151  5.986  5.674  5.796  5.832  6.009  6.021  5.867  6.091  5.476  5.708  5.765  5.673  5.989  6.009  5.799  5.969  5.717  6.271  6.129  6.095  5.985  6.111
3.721  4.043  3.773  3.922  4.127  3.761  3.664  3.912  3.938  4.007  3.912  4.116  3.850  4.031  4.016  3.912  3.714  3.761  3.951  3.912  3.867  3.632  3.850  3.807  3.989  3.807  3.733  3.850  3.664  3.709  3.807  3.664  3.784  3.784  3.780  3.912  3.526  3.658  3.892  3.824  3.721  3.584
7.415  7.173  7.274  7.303  7.356  7.390  7.161  7.317  7.292  7.430  7.401  7.401  7.476  7.321  7.398  7.276  7.075  7.437  7.392  7.319  7.084  7.134  7.319  7.256  7.212  7.299  7.292  7.325  7.079  7.212  7.211  6.955  7.274  7.352  7.210  7.317  7.188  7.307  7.248  7.194  7.160  7.334
6.180  6.151  6.111  6.107  6.224  6.198  6.157  6.146  6.238  6.361  6.275  6.328  6.295  6.320  6.394  6.143  5.943  6.209  6.252  6.227  6.186  6.084  6.363  6.273  6.057  6.205  6.184  6.223  5.883  6.105  6.146  5.786  6.101  6.227  6.182  6.238  6.159  6.209  5.995  5.811  6.021  6.084
