4.344  5.278  5.375  5.517  5.677  5.635  5.606  5.565  5.737  5.858  5.632  5.808  5.758  5.694  5.659  5.391  5.196  5.565  5.544  5.553  5.587  5.380  5.375  5.252  5.447  5.635  5.371  5.550  5.124  5.303  5.338  5.147  5.418  5.505  5.635  5.545  5.434  5.537  5.429  5.438  5.298  5.219
3.611  3.709  3.750  4.025  4.007  3.951  3.970  3.912  3.871  4.248  3.951  4.078  4.143  4.108  4.328  3.932  3.989  3.892  3.892  4.078  3.912  4.094  3.829  3.757  3.784  4.004  3.850  3.938  3.784  3.807  3.761  3.784  4.025  3.807  3.829  3.829  3.912  3.861  3.932  3.957  3.714  3.714
5.829  5.781  5.730  5.568  5.620  5.649  5.820  5.778  5.881  5.948  5.790  5.791  5.930  5.745  5.914  5.757  5.652  5.792  5.908  5.727  5.720  5.687  5.805  5.793  5.748  5.858  5.841  5.753  5.535  5.613  5.727  5.577  5.680  5.765  5.727  5.690  5.714  5.753  5.644  5.768  5.489  5.710
4.419  4.290  4.304  4.127  4.078  4.111  4.431  4.234  4.231  4.382  4.369  4.344  4.460  4.398  4.489  4.231  4.295  4.217  4.489  4.248  4.419  4.317  4.394  4.344  4.234  4.277  4.159  4.284  4.290  4.143  4.174  4.119  4.057  4.217  4.143  4.190  4.151  4.004  4.140  4.078  4.060  3.922
5.365  5.236  5.357  5.246  5.330  5.457  5.310  5.252  5.273  5.405  5.412  5.505  5.493  5.340  5.560  5.412  5.159  5.322  5.407  5.451  5.357  5.371  5.595  5.476  5.068  5.263  5.200  5.209  5.075  5.214  5.318  4.977  5.193  5.147  5.166  5.231  5.283  5.346  5.278  5.297  5.088  5.278
4.836  4.860  4.887  4.736  4.887  4.832  4.844  4.771  4.875  5.030  4.758  5.023  4.963  5.011  4.990  4.890  4.913  4.970  5.017  5.011  5.085  5.118  5.156  5.308  4.700  4.771  4.820  4.691  4.779  4.718  4.844  4.779  4.654  4.691  4.700  4.913  4.913  4.787  4.718  4.902  4.875  4.844
7.007  6.792  6.905  7.016  6.945  7.030  6.905  6.931  6.962  7.169  7.154  7.108  6.995  6.953  7.092  6.925  6.824  6.916  7.097  7.068  7.104  7.097  7.172  7.155  6.844  6.822  6.868  6.992  6.780  6.891  6.901  6.701  6.918  6.866  6.873  6.948  6.888  7.017  6.992  6.904  6.887  6.874
5.756  5.714  5.678  5.869  5.768  5.832  5.717  5.746  5.759  5.943  6.040  5.846  5.932  5.925  5.945  5.749  5.666  5.548  5.838  5.784  5.900  5.775  5.884  5.886  5.706  5.602  5.695  5.775  5.663  5.657  5.865  5.667  5.739  5.749  5.817  5.846  5.697  5.792  5.724  5.659  5.737  5.687
5.158  5.050  5.159  5.198  4.954  5.106  5.011  4.977  4.949  5.247  5.147  5.204  5.275  5.094  5.187  5.024  4.804  5.056  5.236  5.030  5.050  5.136  4.970  5.069  4.963  4.879  4.984  4.898  4.663  4.779  4.828  4.827  4.905  4.942  4.970  4.905  4.934  5.024  5.017  4.942  4.883  5.007
5.620  5.398  5.389  5.442  5.509  5.472  5.412  5.460  5.345  5.755  5.645  5.635  5.583  5.517  5.590  5.421  5.333  5.447  5.509  5.529  5.403  5.380  5.451  5.497  5.193  5.236  5.317  5.268  5.112  5.124  5.329  5.293  5.328  5.352  5.406  5.403  5.335  5.371  5.308  5.236  5.228  5.325
4.541  4.111  4.394  4.290  4.234  4.503  4.205  4.394  4.317  4.290  4.344  4.443  4.554  4.575  4.434  4.290  3.989  4.483  4.443  4.394  4.234  4.248  4.290  4.317  4.234  4.022  4.234  4.267  3.932  4.094  4.174  4.119  4.174  4.143  4.127  4.357  4.174  4.317  4.290  4.304  4.174  4.304
3.871  3.807  3.892  3.908  3.867  3.761  3.773  3.818  3.829  3.829  3.638  3.850  3.989  4.043  4.043  3.807  3.784  3.850  4.013  4.190  3.829  3.892  3.871  3.761  3.807  3.757  3.871  3.784  3.850  3.664  3.638  3.684  3.738  4.007  3.784  3.829  3.761  3.829  3.738  3.807  3.664  3.738
7.040  6.832  6.922  6.913  6.990  7.003  6.875  6.944  6.923  7.120  7.062  7.038  7.125  7.019  7.119  7.005  6.974  7.109  7.165  7.168  7.106  7.354  7.351  7.419  7.641  7.735  7.634  7.929  7.868  7.892  6.793  6.767  6.852  6.850  6.837  6.891  6.821  6.984  6.989  6.964  6.703  6.868
7.132  6.957  6.971  7.011  7.072  7.049  7.007  6.991  7.022  7.221  7.169  7.089  7.206  7.111  7.201  7.060  7.054  7.088  7.193  7.231  7.239  7.390  7.358  7.436  7.562  7.621  7.567  7.735  7.755  7.778  6.879  6.893  6.964  6.940  7.002  7.014  6.926  7.040  7.065  6.968  6.852  6.943
6.223  5.922  6.033  6.003  6.117  6.107  5.966  6.107  6.075  6.192  6.066  6.133  6.229  5.984  6.147  5.976  5.958  6.078  6.192  6.082  6.047  5.969  5.969  5.876  6.103  6.100  5.869  6.019  5.852  5.771  5.886  6.001  6.098  6.122  6.033  6.045  5.971  6.130  6.086  6.040  6.006  6.033
5.037  4.856  4.949  4.984  4.997  4.977  4.963  5.011  4.990  5.097  5.056  5.112  5.118  5.011  5.106  4.828  4.949  4.890  5.081  5.068  5.043  4.905  4.977  4.800  4.860  4.913  4.875  4.898  4.673  4.890  4.819  4.812  4.883  4.835  4.823  4.860  4.883  4.745  4.911  4.902  4.866  4.883
6.105  5.598  5.805  5.680  5.592  5.976  5.746  5.841  5.617  6.004  5.940  5.903  5.991  5.891  5.890  5.770  5.513  5.936  5.908  5.808  5.733  5.700  5.745  5.447  5.710  5.884  5.790  5.861  5.558  5.602  5.246  5.561  5.138  5.694  5.680  5.740  5.690  5.924  5.762  5.920  5.635  5.851
5.220  4.836  4.889  4.864  4.633  5.124  4.875  5.198  4.585  5.225  4.913  5.118  5.153  4.940  5.056  4.913  4.804  5.027  4.963  4.934  4.934  4.804  4.779  4.796  4.844  4.965  4.844  4.836  4.466  4.727  4.443  4.654  4.205  4.920  4.786  4.920  4.804  4.860  4.835  4.879  4.644  4.820
5.333  5.242  5.347  5.323  5.438  5.361  5.209  5.226  5.339  5.338  5.298  5.338  5.389  5.215  5.416  5.182  5.182  5.328  5.464  5.308  5.347  5.278  5.252  5.328  5.112  5.094  5.241  5.176  5.017  5.063  5.176  5.268  5.247  5.333  5.361  5.346  5.187  5.257  5.244  5.311  5.056  5.118
5.069  4.927  4.956  5.135  4.977  5.081  5.030  5.004  5.136  5.193  5.112  5.029  5.124  5.130  5.495  4.984  5.075  5.040  5.226  5.176  5.236  5.088  4.977  5.106  4.836  4.721  4.868  4.875  4.732  4.920  4.920  5.105  5.112  5.050  5.106  5.011  4.828  5.080  5.024  4.984  4.905  4.913
6.159  5.887  6.087  5.996  6.016  6.133  5.926  6.064  6.064  6.082  5.976  6.196  6.140  6.006  6.159  6.033  5.920  6.157  6.118  6.127  6.014  5.855  5.994  5.938  6.008  5.991  6.001  5.986  5.793  5.943  5.879  5.832  6.006  6.027  6.016  6.011  5.965  6.033  5.956  6.050  5.956  6.114
4.905  4.762  4.883  4.938  4.990  4.913  4.893  4.883  5.004  5.085  4.777  4.889  4.961  5.024  4.984  4.875  4.779  4.820  4.949  4.956  4.970  4.874  4.913  4.904  4.898  4.868  4.836  4.811  4.860  4.828  4.836  4.828  4.907  4.980  4.977  4.970  4.762  4.966  4.654  4.868  4.913  4.804
