4.796  4.732  4.844  4.836  4.907  4.749  4.875  4.984  4.868  4.700  4.771  4.913  4.883  4.836  4.947  4.786  4.595  4.815  4.970  4.850  4.844  4.804  4.787  4.691  4.787  4.754  4.844  4.779  4.595  4.644  4.682  4.682  4.749  4.771  4.820  4.682  4.739  4.718  4.615  4.819  4.727  4.787
4.094  3.850  4.025  3.985  4.187  4.004  4.143  3.932  4.234  3.989  3.807  4.159  4.127  3.957  4.060  3.989  4.094  3.871  4.143  3.970  4.253  3.970  4.078  4.234  3.970  3.951  3.932  3.976  3.829  4.007  3.932  3.932  3.867  4.094  4.111  4.111  4.043  3.824  3.871  3.829  3.951  3.951
5.784  5.429  5.620  5.642  5.613  5.574  5.687  5.613  5.609  5.829  5.670  5.733  5.737  5.587  5.743  5.537  5.533  5.549  5.662  5.720  5.710  5.687  5.591  5.609  5.740  5.677  5.663  5.795  5.525  5.656  6.087  6.076  6.165  5.594  5.631  5.521  5.563  5.635  5.545  5.572  5.464  5.557
5.342  5.147  5.170  5.169  5.176  5.147  5.302  5.293  5.333  5.434  5.352  5.384  5.394  5.247  5.386  5.147  5.252  5.094  5.323  5.352  5.375  5.268  5.198  5.181  5.236  5.220  5.209  5.096  5.043  5.088  5.190  5.152  5.231  5.252  5.351  5.242  5.169  5.147  5.068  5.159  5.124  5.030
5.595  5.352  5.445  5.687  5.710  5.677  6.045  6.050  6.033  5.394  5.303  5.268  5.347  5.142  5.380  5.181  5.094  5.153  5.347  5.142  5.252  5.231  5.209  5.278  5.142  5.075  5.204  5.106  4.907  4.997  5.153  5.146  5.251  5.138  5.187  5.209  5.198  5.130  5.159  5.182  5.181  5.298
5.624  5.454  5.455  6.084  6.124  6.073  6.927  6.872  6.884  4.317  4.043  4.108  4.248  4.111  4.111  4.127  4.078  4.007  4.143  4.127  4.220  4.187  4.159  4.179  4.099  4.043  4.094  4.156  3.970  3.989  4.111  4.357  4.190  4.373  4.277  4.344  4.290  4.369  4.304  4.489  4.673  4.727
4.999  4.952  4.961  4.890  5.011  5.004  4.868  4.984  4.947  5.172  4.954  5.118  5.162  5.136  5.043  4.905  4.779  4.970  5.196  5.047  4.913  4.864  4.984  4.997  4.970  4.868  4.754  4.927  4.700  4.804  4.844  4.885  4.905  4.816  4.828  4.956  4.956  4.854  4.836  4.963  4.860  5.011
4.043  4.227  4.091  4.025  4.220  4.091  4.043  4.060  4.174  4.241  4.234  4.246  4.394  4.277  4.248  4.190  4.127  4.127  4.091  4.159  4.274  4.190  4.277  4.159  4.007  3.951  4.040  3.970  3.989  3.967  4.025  3.980  4.025  4.197  3.947  4.094  4.022  3.970  4.025  3.912  3.912  4.025
5.176  5.123  5.283  5.231  5.130  5.220  5.204  5.204  5.323  5.352  5.204  5.374  5.347  5.147  5.357  5.182  5.176  5.106  5.380  5.278  5.278  5.256  5.159  5.252  5.235  5.159  5.196  5.088  5.069  5.162  5.037  5.106  5.043  5.247  5.333  5.112  5.130  5.029  5.088  4.984  5.088  5.226
4.635  4.595  4.718  4.710  4.663  4.718  4.727  4.595  4.804  4.828  4.718  4.828  4.860  4.745  4.907  4.564  4.710  4.644  4.828  4.860  4.875  4.787  4.600  4.700  4.741  4.635  4.762  4.605  4.652  4.511  4.533  4.779  4.666  4.804  4.868  4.796  4.779  4.564  4.543  4.615  4.522  4.625
4.341  4.094  4.388  4.419  4.234  4.511  4.248  4.328  4.428  4.419  4.357  4.477  4.317  4.464  4.522  4.171  4.281  4.321  4.407  4.500  4.369  4.248  4.394  4.369  4.234  4.094  4.190  4.179  4.094  4.205  4.331  4.315  4.331  4.248  4.369  4.407  4.277  4.190  4.277  4.263  4.260  4.281
4.290  4.190  4.431  4.443  4.500  4.410  4.354  4.301  4.394  4.564  4.304  4.331  4.419  4.369  4.673  4.301  4.202  4.308  4.388  4.382  4.454  4.431  4.224  4.477  4.220  4.159  4.256  4.060  4.078  4.317  4.174  4.248  4.367  4.290  4.317  4.290  4.344  4.277  4.290  4.143  4.171  4.288
4.431  4.428  4.483  4.367  4.522  4.357  4.522  4.398  4.454  4.663  4.431  4.543  4.489  4.460  4.691  4.511  4.431  4.407  4.543  4.585  4.595  4.419  4.407  4.477  4.369  4.317  4.376  4.277  4.297  4.367  4.466  4.431  4.575  4.454  4.500  4.407  4.382  4.407  4.431  4.357  4.369  4.407
4.860  4.860  4.712  4.898  4.554  4.736  4.745  4.760  4.745  4.844  4.889  4.942  4.954  4.718  4.949  4.654  4.644  4.700  4.949  4.779  4.977  4.787  4.762  4.820  4.635  4.618  4.509  4.625  4.344  4.520  4.654  4.745  4.635  4.828  4.710  4.727  4.623  4.700  4.573  4.575  4.554  4.700
4.963  4.844  4.820  4.771  4.934  4.920  4.718  4.949  4.777  4.911  4.898  4.875  5.043  5.083  5.190  4.898  4.625  4.990  4.844  4.848  4.820  4.860  4.844  4.844  4.575  4.595  4.828  4.743  4.575  4.575  4.812  4.682  4.754  4.699  4.615  4.802  4.796  4.816  4.754  4.868  4.546  4.864
4.159  4.078  4.234  3.989  4.159  4.171  4.111  4.043  4.091  3.989  3.970  4.094  4.301  4.094  4.315  4.159  4.057  4.220  4.234  4.270  4.317  4.111  4.025  4.317  3.829  4.127  3.908  3.912  3.784  3.932  4.069  4.022  3.970  4.127  4.159  4.060  4.078  3.951  4.111  4.446  4.078  4.007
4.615  4.533  4.625  4.708  4.618  4.527  4.546  4.595  4.562  4.696  4.533  4.644  4.787  4.754  4.628  4.543  4.543  4.564  4.771  4.741  4.691  4.673  4.615  4.564  4.595  4.443  4.522  4.522  4.304  4.407  4.590  4.500  4.700  4.543  4.486  4.554  4.533  4.585  4.466  4.511  4.394  4.595
4.277  4.174  4.174  4.331  4.376  4.263  4.174  4.159  4.127  4.277  4.171  4.159  4.369  4.431  4.503  4.143  4.317  4.331  4.489  4.388  4.317  4.127  4.205  4.317  4.060  4.127  4.078  4.143  3.951  4.060  4.174  4.220  4.260  4.174  4.205  4.407  4.205  4.304  4.290  4.317  4.043  4.277
5.598  5.384  5.476  5.553  5.476  5.474  5.209  5.542  5.444  5.553  5.537  5.545  5.677  5.493  5.637  5.429  5.442  5.398  5.595  5.631  5.576  5.517  5.380  5.398  5.416  5.323  5.352  5.429  5.236  5.278  5.375  5.307  5.476  5.472  5.476  5.489  5.375  5.541  5.493  5.493  5.505  5.481
4.575  4.419  4.654  4.691  4.489  4.419  4.472  4.525  4.446  4.635  4.554  4.625  4.575  4.522  4.754  4.382  4.486  4.533  4.644  4.673  4.511  4.466  4.407  4.419  4.431  4.288  4.317  4.205  4.220  4.394  4.277  4.425  4.525  4.382  4.416  4.475  4.317  4.573  4.511  4.477  4.315  4.401
4.754  4.654  4.700  4.522  4.756  4.812  4.700  4.745  4.787  4.812  4.736  4.779  4.868  4.812  4.913  4.762  4.654  4.794  4.831  4.883  4.860  4.890  4.682  4.635  4.663  4.771  4.682  4.630  4.546  4.682  4.745  4.812  4.685  4.820  4.694  4.714  4.663  4.762  4.644  4.654  4.673  4.802
4.290  4.190  4.025  3.932  4.190  4.369  4.094  4.143  4.205  4.238  4.205  4.248  4.317  4.304  4.511  4.248  4.205  4.277  4.234  4.304  4.416  4.190  4.304  4.190  4.220  4.220  4.190  4.156  3.989  4.174  4.159  4.143  4.143  4.127  4.234  4.143  4.159  4.103  4.143  4.220  4.205  4.234
