4.174  4.159  4.111  4.212  4.205  4.143  4.043  4.248  4.304  4.159  3.970  4.466  4.394  4.369  4.369  4.331  4.234  4.304  4.344  4.267  4.263  4.167  4.078  4.205  4.190  4.148  4.078  3.989  3.912  4.043  4.127  4.057  4.078  4.159  4.248  4.159  4.127  4.043  3.932  4.234  3.980  4.111
4.060  3.829  3.932  3.932  3.824  3.967  4.007  3.871  4.057  3.784  3.902  4.043  4.190  4.043  4.220  3.892  3.912  4.022  4.031  4.094  4.111  4.091  3.888  4.052  3.892  3.807  3.738  3.784  3.829  3.807  3.932  3.892  3.912  3.829  3.970  3.850  3.932  3.829  3.761  3.761  3.714  3.784
4.654  4.500  4.466  4.407  4.543  4.500  4.437  4.500  4.500  4.564  4.437  4.549  4.644  4.466  4.652  4.404  4.304  4.373  4.554  4.533  4.543  4.331  4.509  4.489  4.369  4.394  4.331  4.248  4.124  4.431  4.344  4.331  4.256  4.394  4.331  4.416  4.605  4.394  4.369  4.304  4.234  4.443
4.344  4.205  4.143  4.111  4.111  4.274  4.248  4.111  4.124  4.263  4.304  4.078  4.143  4.234  4.475  4.205  4.248  4.127  4.190  4.174  4.344  4.212  4.143  4.288  4.043  3.892  4.111  3.970  3.970  4.078  4.111  4.167  4.143  4.187  4.127  4.159  4.234  3.932  4.111  4.043  3.892  4.111
5.288  4.937  5.030  5.187  5.142  5.146  4.898  5.069  5.030  5.081  5.088  5.193  5.235  4.984  5.176  4.959  4.898  5.094  5.118  5.024  4.977  4.898  4.890  4.823  5.043  4.975  4.942  4.977  4.754  4.990  4.997  4.787  4.871  4.898  4.970  4.934  4.920  5.127  4.843  4.942  4.977  5.130
4.745  4.449  4.796  4.663  4.500  4.593  4.522  4.466  4.498  4.682  4.511  4.710  4.659  4.585  4.673  4.554  4.394  4.673  4.663  4.585  4.552  4.410  4.511  4.564  4.477  4.419  4.431  4.489  4.297  4.431  4.543  4.536  4.357  4.564  4.477  4.407  4.554  4.575  4.454  4.431  4.500  4.533
5.043  4.852  5.004  4.949  4.968  4.883  4.831  4.931  4.970  5.147  5.056  5.017  5.075  4.875  4.984  4.956  4.745  4.990  4.890  4.920  4.868  4.852  4.804  4.996  4.812  4.890  4.771  4.890  4.662  4.792  4.836  4.652  4.812  4.727  4.754  4.787  4.748  4.927  4.860  4.691  4.682  4.787
5.165  5.024  5.053  5.159  5.063  5.118  5.081  5.152  5.094  5.203  5.217  5.153  5.182  5.043  5.094  5.027  5.112  4.990  5.288  5.136  5.270  5.112  4.984  5.036  5.069  5.112  4.820  4.949  4.905  4.875  4.913  5.220  4.977  5.162  5.164  4.997  4.986  5.153  5.040  4.898  5.085  5.105
3.951  3.807  3.689  3.861  3.850  3.738  3.980  3.908  3.970  3.882  3.824  4.007  3.892  3.970  3.932  3.871  3.912  3.867  3.867  4.043  3.932  3.802  3.761  3.850  3.892  3.802  3.807  3.658  3.761  3.738  3.780  3.867  3.928  3.761  3.871  3.807  3.861  3.807  3.632  3.784  3.784  3.807
3.867  3.892  3.761  3.850  3.807  3.850  3.714  3.829  4.078  3.714  3.638  3.912  3.989  3.867  3.846  3.818  3.689  3.709  3.839  4.094  4.043  3.970  3.807  3.892  3.761  3.684  3.829  3.714  3.867  3.761  3.638  3.928  3.932  3.784  3.829  3.721  3.850  3.761  3.738  3.689  3.689  3.584
5.328  5.142  5.139  5.281  5.283  5.193  5.080  5.226  5.298  5.318  5.323  5.268  5.397  5.262  5.446  5.136  5.074  5.176  5.421  5.328  5.236  5.136  5.244  5.176  5.136  5.032  5.145  5.100  4.885  4.937  5.124  4.999  5.083  5.192  5.159  5.153  5.242  5.176  5.182  5.220  5.124  5.176
4.762  4.754  4.739  4.852  4.736  4.625  4.736  4.726  4.754  4.736  4.769  4.771  4.977  5.024  4.898  4.754  4.736  4.673  4.920  4.934  4.883  4.860  4.787  4.754  4.600  4.699  4.699  4.682  4.369  4.605  4.685  4.554  4.595  4.860  4.718  4.812  4.754  4.690  4.657  4.673  4.820  4.852
5.684  5.517  5.656  5.645  5.684  5.587  5.426  5.555  5.561  5.707  5.583  5.647  5.697  5.549  5.707  5.529  5.455  5.677  5.704  5.707  5.728  5.561  5.493  5.521  5.497  5.468  5.468  5.493  5.357  5.442  5.460  5.442  5.659  5.565  5.697  5.628  5.505  5.645  5.533  5.525  5.489  5.659
4.787  4.588  4.718  4.804  4.543  4.644  4.654  4.564  4.633  4.723  4.663  4.663  4.771  4.758  4.898  4.595  4.635  4.543  4.852  4.905  4.848  4.727  4.543  4.443  4.673  4.654  4.605  4.489  4.304  4.443  4.625  4.477  4.585  4.554  4.694  4.771  4.605  4.710  4.615  4.466  4.522  4.745
5.075  4.883  5.024  4.934  5.100  4.970  4.942  5.050  5.114  5.075  5.004  5.088  5.165  5.106  5.169  4.898  4.844  5.043  5.112  4.999  4.920  4.977  4.913  5.056  4.824  4.929  5.063  4.942  4.718  4.956  4.883  4.754  4.844  4.956  4.883  5.024  4.934  5.124  4.990  4.913  4.831  4.905
3.902  3.761  3.850  3.989  3.892  3.738  3.689  3.932  3.867  3.871  3.638  3.871  3.989  4.124  4.040  3.738  3.714  3.761  3.912  3.892  3.908  3.932  3.780  3.867  3.829  3.829  3.714  3.658  3.526  3.689  3.761  3.761  3.829  3.714  3.807  3.888  3.714  3.795  3.829  3.761  3.802  3.733
5.513  5.472  5.513  5.491  5.493  5.521  5.442  5.481  5.497  5.617  5.517  5.517  5.638  5.585  5.677  5.485  5.425  5.591  5.533  5.545  5.489  5.525  5.476  5.497  5.464  5.442  5.421  5.403  5.303  5.509  5.470  5.398  5.521  5.509  5.494  5.525  5.421  5.493  5.384  5.366  5.328  5.517
4.407  4.344  4.234  4.331  4.341  4.382  4.277  4.277  4.357  4.277  4.231  4.431  4.477  4.394  4.466  4.159  4.357  4.361  4.394  4.315  4.469  4.394  4.248  4.419  4.277  4.354  4.344  4.290  4.151  4.234  4.127  4.174  4.205  4.357  4.428  4.260  4.304  4.443  4.190  4.187  4.094  4.431
4.007  3.970  4.182  3.912  4.007  3.912  4.043  4.127  4.078  4.246  4.159  4.057  4.078  4.331  4.380  4.078  3.951  4.159  4.503  4.069  4.159  4.022  4.111  4.159  4.007  4.034  4.057  4.060  3.922  4.069  3.957  3.970  4.124  3.871  4.078  3.892  3.892  4.004  3.951  3.807  4.091  4.078
4.187  4.111  4.241  4.277  4.174  4.094  4.086  4.227  4.246  4.267  4.127  4.171  4.304  4.241  4.311  4.060  4.143  4.231  4.422  4.304  4.190  4.190  4.151  4.190  4.060  4.197  4.108  4.078  3.922  4.159  4.174  4.234  4.209  4.091  4.151  4.234  4.277  4.099  4.190  3.989  4.048  3.951
4.048  4.182  4.124  4.140  4.060  4.060  3.970  4.234  4.007  4.140  4.043  4.066  4.217  4.190  4.209  3.957  4.246  4.248  4.190  4.143  4.263  3.970  4.143  4.234  4.151  4.060  4.187  3.989  4.091  3.932  4.111  3.912  3.932  4.060  4.060  4.060  4.140  4.040  4.111  3.784  3.877  4.094
3.332  3.584  3.611  3.611  3.497  3.497  3.434  3.605  3.490  3.434  3.395  3.466  3.664  3.535  3.745  3.401  3.555  3.401  3.638  3.791  3.807  3.584  3.584  3.526  3.444  3.367  3.611  3.288  3.367  3.550  3.395  3.466  3.689  3.466  3.497  3.434  3.555  3.459  3.434  3.434  3.360  3.526
