4.875  4.727  4.771  4.682  4.794  4.682  4.771  4.745  4.721  4.804  4.862  4.836  4.898  4.736  4.890  4.779  4.635  4.710  4.836  4.771  4.889  4.663  4.575  4.883  4.691  4.673  4.511  4.595  4.477  4.625  4.762  4.605  4.630  4.762  4.745  4.710  4.694  4.625  4.600  4.585  4.620  4.748
4.043  3.738  4.078  4.159  4.004  4.060  3.892  4.025  3.985  4.111  3.824  4.127  3.989  3.871  4.007  3.888  4.025  3.951  4.060  4.190  4.220  3.932  3.967  4.057  4.043  4.007  3.871  3.784  3.850  3.738  3.892  3.892  3.989  3.912  3.871  4.025  3.784  3.951  3.871  3.850  3.888  4.060
5.323  5.262  5.323  5.251  5.273  5.398  5.308  5.338  5.285  5.338  5.281  5.397  5.340  5.338  5.282  5.298  5.156  5.080  5.257  5.293  5.338  5.288  5.318  5.323  5.056  5.165  5.132  4.982  4.866  4.934  5.198  5.080  5.198  5.226  5.204  5.182  5.106  5.220  5.283  5.080  5.089  5.112
4.344  4.466  4.331  4.315  4.398  4.382  4.422  4.416  4.394  4.407  4.413  4.394  4.440  4.357  4.595  4.331  4.341  4.419  4.472  4.533  4.511  4.357  4.443  4.344  4.094  4.317  4.317  4.091  4.119  4.234  4.159  4.274  4.331  4.290  4.159  4.394  4.190  4.290  4.078  4.159  4.369  4.174
4.852  4.812  4.710  4.557  4.754  4.804  4.718  4.990  4.734  4.779  4.575  4.718  4.934  4.920  5.019  4.718  4.635  4.907  4.881  4.852  4.942  4.868  4.736  4.812  4.673  4.585  4.730  4.625  4.454  4.673  4.727  4.691  4.673  4.691  4.802  4.691  4.792  4.762  4.779  4.671  4.605  4.773
5.283  5.421  5.215  5.136  5.273  5.425  5.328  5.333  5.407  5.580  5.198  5.318  5.606  5.429  5.509  5.262  5.220  5.380  5.393  5.384  5.451  5.313  5.347  5.489  5.278  5.142  5.147  5.094  5.118  5.214  5.360  5.187  5.236  5.268  5.328  5.384  5.293  5.361  5.298  5.407  5.106  5.219
5.147  4.836  5.106  5.117  4.942  5.037  5.004  5.017  4.956  5.192  5.004  4.987  5.124  4.968  5.030  4.828  4.736  4.999  5.030  5.097  5.017  4.883  4.999  4.977  4.691  4.890  4.762  4.835  4.727  4.973  4.856  4.927  5.040  5.024  4.984  4.990  4.870  4.911  4.905  4.883  4.852  4.999
5.485  4.949  5.481  5.352  5.323  5.352  5.153  5.293  5.204  5.537  5.438  5.397  5.341  5.268  5.337  5.124  4.934  5.256  5.269  5.546  5.298  5.193  5.185  5.268  5.170  5.182  5.088  4.956  4.905  5.088  5.085  4.949  5.332  5.142  5.118  5.165  5.108  5.252  5.283  5.121  4.996  5.175
4.205  3.970  4.111  3.989  4.007  4.043  4.057  4.060  4.277  4.234  3.970  4.127  4.205  3.989  4.317  3.980  4.094  4.156  4.443  4.234  4.127  4.043  4.078  3.989  3.867  4.111  4.057  3.989  3.871  3.912  3.942  3.839  3.957  4.025  3.951  4.043  3.970  3.932  3.985  3.912  3.807  4.007
3.584  3.761  3.497  3.671  3.555  3.605  3.632  3.526  3.846  3.738  3.497  3.733  3.638  3.714  3.932  3.555  3.638  3.584  3.658  3.780  3.850  3.611  3.555  3.676  3.664  3.584  3.638  3.520  3.550  3.761  3.434  3.664  3.664  3.689  3.807  3.584  3.497  3.520  3.555  3.434  3.584  3.658
3.947  3.802  3.912  3.985  4.143  4.043  3.951  4.025  4.004  4.111  3.967  4.043  4.231  3.912  4.220  4.127  3.892  4.025  4.174  4.143  4.016  3.761  3.784  3.871  3.850  3.850  3.888  4.025  3.738  3.932  3.761  3.871  4.007  4.025  3.714  3.877  3.829  4.060  3.807  3.932  3.761  4.116
3.520  3.526  3.584  3.332  3.512  3.689  3.401  3.526  3.497  3.611  3.520  3.611  3.850  3.829  3.761  3.497  3.555  3.638  3.611  3.784  3.807  3.584  3.550  3.638  3.466  3.584  3.497  3.578  3.466  3.520  3.490  3.689  3.714  3.434  3.761  3.520  3.434  3.526  3.434  3.535  3.434  3.638
4.736  4.682  4.644  4.671  4.691  4.680  4.543  4.700  4.615  4.717  4.714  4.828  4.745  4.663  4.743  4.431  4.605  4.633  4.710  4.718  4.736  4.522  4.625  4.787  4.489  4.489  4.533  4.486  4.392  4.431  4.466  4.419  4.635  4.533  4.564  4.552  4.380  4.477  4.549  4.564  4.344  4.635
4.992  4.812  4.875  4.796  4.836  4.926  4.718  4.710  4.710  5.004  4.997  4.997  5.050  4.956  4.990  4.699  4.745  4.920  4.875  4.968  4.990  4.887  4.893  4.883  4.654  4.662  4.727  4.585  4.500  4.673  4.736  4.710  4.804  4.654  4.654  4.736  4.635  4.771  4.682  4.691  4.762  4.710
4.520  4.304  4.304  4.344  4.407  4.486  4.357  4.386  4.357  4.585  4.443  4.466  4.564  4.475  4.700  4.419  4.274  4.477  4.522  4.595  4.382  4.274  4.363  4.234  4.407  4.443  4.277  4.317  4.190  3.995  4.382  4.382  4.564  4.466  4.369  4.428  4.357  4.575  4.522  4.431  4.454  4.533
4.025  4.159  4.159  4.143  4.220  3.989  4.025  4.078  4.043  4.043  4.043  4.127  4.174  4.220  4.331  4.094  4.025  3.989  4.124  4.190  4.007  4.078  4.159  4.043  3.892  4.127  3.829  4.025  4.007  3.932  4.007  3.989  4.143  4.111  3.989  3.932  3.846  4.060  3.951  3.784  3.947  4.086
4.605  4.489  4.419  4.522  4.466  4.533  4.454  4.543  4.663  4.564  4.533  4.605  4.605  4.673  4.625  4.369  4.500  4.554  4.644  4.625  4.554  4.538  4.503  4.615  4.500  4.454  4.454  4.443  4.489  4.533  4.585  4.533  4.443  4.605  4.522  4.635  4.304  4.394  4.394  4.248  4.263  4.394
4.025  4.143  4.234  4.190  4.290  4.220  4.143  4.094  4.190  4.190  4.159  4.263  4.220  4.369  4.394  4.159  4.190  4.317  4.317  4.290  4.382  4.357  4.197  4.220  4.143  4.248  4.263  4.140  4.234  4.159  4.127  4.202  4.043  4.304  4.357  4.187  4.344  4.043  3.970  4.190  4.127  4.182
5.153  5.075  5.236  5.252  5.106  5.187  5.043  5.142  5.187  5.371  5.147  5.268  5.296  5.288  5.412  5.123  4.987  5.231  5.333  5.288  5.153  5.192  5.153  5.142  5.215  5.112  5.091  5.211  4.933  5.011  5.130  5.024  5.153  5.246  5.252  5.142  5.030  5.153  5.075  5.106  5.043  5.226
4.522  4.392  4.710  4.500  4.317  4.344  4.489  4.533  4.564  4.613  4.477  4.554  4.771  4.564  4.691  4.454  4.466  4.394  4.615  4.500  4.615  4.443  4.546  4.466  4.533  4.394  4.407  4.522  4.277  4.394  4.443  4.673  4.600  4.344  4.613  4.454  4.419  4.301  4.440  4.449  4.394  4.489
4.127  4.159  4.205  4.060  4.227  4.253  3.932  4.304  4.234  4.260  4.108  4.304  4.111  4.220  4.419  4.127  4.127  4.127  4.174  4.290  4.094  4.022  3.951  4.143  4.111  4.078  4.060  4.025  3.802  3.967  4.111  4.078  4.234  4.159  4.108  4.220  4.007  4.234  4.060  4.078  4.094  4.007
3.434  3.555  3.526  3.584  3.807  3.497  3.434  3.555  3.466  3.584  3.526  3.526  3.584  3.664  3.757  3.466  3.714  3.550  3.689  3.738  3.664  3.664  3.638  3.584  3.497  3.526  3.434  3.459  3.466  3.296  3.611  3.584  3.584  3.689  3.584  3.466  3.332  3.526  3.520  3.434  3.555  3.555
