3.912  3.871  3.970  3.761  3.970  3.892  3.928  3.951  4.025  3.989  3.784  4.127  4.190  4.127  4.205  4.094  3.932  3.989  3.989  3.892  4.060  3.932  3.714  3.970  3.871  3.951  3.985  3.970  3.664  3.761  3.871  3.824  3.829  3.761  3.850  4.007  3.892  3.784  4.025  3.784  3.829  3.951
3.807  3.861  3.829  3.738  3.807  3.738  3.857  3.689  3.850  3.912  3.733  3.892  4.048  3.995  4.004  3.714  3.795  3.938  3.738  3.908  3.714  3.892  3.721  3.784  3.664  3.791  3.824  3.638  3.714  3.638  3.709  3.664  3.877  3.761  3.850  3.738  3.664  3.584  3.611  3.555  3.738  3.714
4.354  4.167  4.220  4.217  4.231  4.205  4.143  4.159  4.094  4.248  4.263  4.205  4.174  4.295  4.263  4.182  4.094  4.277  4.174  4.248  4.263  4.234  4.234  4.256  4.078  4.151  4.007  4.108  3.932  4.174  4.159  4.190  4.025  4.220  4.234  4.143  4.174  4.094  4.094  4.111  4.060  4.086
4.135  4.025  4.127  4.108  4.220  4.143  4.140  4.174  4.190  4.194  4.194  4.220  4.220  4.156  4.220  4.174  4.159  4.143  4.205  4.174  4.369  4.260  4.174  4.277  3.850  4.069  4.078  4.043  4.043  3.947  4.127  4.159  3.961  3.912  4.094  4.174  3.947  4.060  3.970  4.025  4.043  4.127
4.078  3.807  3.932  3.846  3.912  3.912  3.932  3.784  4.190  3.892  3.871  4.025  4.174  4.127  4.248  3.738  3.947  4.025  4.043  4.220  4.007  3.829  3.892  4.111  3.738  3.850  3.892  4.025  3.888  3.892  3.850  3.951  4.060  4.007  3.912  3.892  3.912  4.060  3.932  3.738  3.888  4.111
3.645  3.611  3.611  3.611  3.664  3.829  3.466  3.664  3.466  3.555  3.638  3.555  3.912  3.989  3.807  3.714  3.664  3.638  3.829  3.784  3.871  3.638  3.689  3.664  3.638  3.611  3.709  3.761  3.555  3.434  3.555  3.584  3.584  3.638  3.664  3.526  3.611  3.526  3.497  3.466  3.555  3.555
4.143  3.892  4.159  4.022  4.220  4.111  4.022  4.140  4.007  3.985  4.025  4.187  4.311  4.190  4.263  4.025  3.912  4.159  4.220  4.263  4.111  4.094  3.951  4.143  4.052  4.190  4.043  4.078  3.850  3.912  3.951  3.871  4.060  4.043  3.888  4.057  4.007  4.143  4.164  3.989  4.043  4.099
5.106  4.949  4.970  4.972  5.043  5.030  4.986  4.850  4.836  5.129  4.989  5.112  5.106  5.112  5.165  4.898  4.820  4.949  4.977  4.984  5.106  5.063  4.977  5.118  4.787  4.690  4.787  4.828  4.726  4.682  4.860  4.812  4.820  4.875  4.883  4.970  4.990  4.915  5.053  4.883  4.796  4.905
3.684  3.466  3.611  3.584  3.689  3.611  3.497  3.689  3.684  3.689  3.611  3.664  3.829  3.850  4.040  3.638  3.664  3.638  3.689  3.761  3.638  3.709  3.664  3.584  3.555  3.714  3.611  3.611  3.367  3.526  3.526  3.624  3.638  3.466  3.497  3.664  3.526  3.526  3.584  3.676  3.475  3.584
3.466  3.526  3.555  3.584  3.550  3.490  3.459  3.526  3.550  3.689  3.497  3.611  3.714  3.555  3.846  3.434  3.584  3.689  3.701  3.761  3.605  3.638  3.619  3.584  3.555  3.401  3.651  3.497  3.512  3.466  3.367  3.611  3.638  3.434  3.526  3.584  3.434  3.714  3.526  3.497  3.428  3.466
3.761  3.584  3.658  3.584  3.714  3.784  3.611  3.846  3.689  3.761  3.401  3.846  3.784  3.871  3.761  3.932  3.689  3.709  3.892  3.877  3.829  3.689  3.689  3.951  3.784  3.701  3.584  3.526  3.512  3.761  3.584  3.726  3.867  3.671  3.757  3.714  3.784  3.555  3.611  3.638  3.807  3.611
3.714  3.555  3.638  3.611  3.709  3.738  3.611  3.466  3.738  3.818  3.497  3.671  3.829  3.761  3.989  3.632  3.664  3.784  3.892  3.850  3.980  3.689  3.738  3.726  3.942  3.738  3.714  3.611  3.466  3.555  3.638  3.738  3.757  3.605  3.584  3.689  3.526  3.611  3.497  3.638  3.664  3.520
3.829  3.791  3.611  3.638  3.912  3.761  3.714  3.871  3.738  3.757  3.784  3.850  4.043  3.850  4.094  3.738  3.784  3.813  3.807  3.807  3.738  3.951  3.738  3.871  3.714  3.761  3.611  3.892  3.638  3.664  3.761  3.784  3.829  3.689  3.638  3.738  3.605  3.780  3.658  3.829  3.638  3.714
3.714  3.555  3.829  3.738  3.714  3.761  3.850  3.714  3.761  3.877  3.761  3.807  3.912  3.932  3.888  3.555  3.784  3.761  3.807  3.888  3.871  3.689  3.611  3.689  3.584  3.701  3.584  3.450  3.555  3.555  3.714  3.658  3.611  3.658  3.829  3.829  3.689  3.768  3.638  3.664  3.605  3.512
4.933  4.710  4.850  4.890  4.883  4.866  4.745  4.736  4.905  5.024  4.875  4.883  5.011  4.956  4.990  4.927  4.654  5.024  5.078  4.997  4.745  4.787  4.852  4.913  4.663  4.745  4.890  4.990  4.677  4.864  4.771  4.812  4.820  4.860  4.754  4.942  4.875  4.920  4.970  4.905  4.745  4.794
4.234  4.263  4.388  4.159  4.220  4.458  4.234  4.394  4.344  4.392  4.466  4.344  4.522  4.431  4.511  4.220  4.304  4.304  4.498  4.304  4.525  4.431  4.394  4.575  4.304  4.190  4.354  4.182  3.970  4.297  4.209  4.277  4.394  4.331  4.190  4.143  4.174  4.220  4.127  4.190  4.304  4.231
4.369  4.324  4.357  4.466  4.398  4.263  4.304  4.357  4.394  4.380  4.290  4.401  4.522  4.373  4.543  4.304  4.369  4.382  4.369  4.407  4.466  4.369  4.489  4.454  4.301  4.190  4.382  4.260  4.060  4.127  4.234  4.431  4.437  4.407  4.354  4.533  4.304  4.472  4.431  4.159  4.248  4.263
3.942  3.892  3.951  3.689  3.912  4.043  3.892  3.989  4.086  3.998  3.892  3.824  4.043  3.989  4.209  3.928  4.016  4.040  4.074  4.022  4.124  4.043  3.892  3.951  3.967  3.795  3.871  3.970  3.761  3.829  3.961  4.060  3.892  3.967  4.074  3.871  3.709  4.007  3.871  3.829  3.912  3.784
5.050  5.081  4.942  5.100  5.106  5.106  4.868  5.100  5.003  5.030  5.043  5.043  5.220  5.136  5.103  4.933  4.783  4.911  5.123  5.124  5.100  5.037  5.004  5.112  4.890  5.024  4.913  5.036  4.860  4.883  4.952  5.081  5.075  5.050  4.942  4.920  4.966  5.165  5.043  4.990  4.860  5.088
5.457  5.106  5.338  5.273  5.442  5.384  5.236  5.308  5.333  5.398  5.375  5.394  5.375  5.460  5.591  5.255  5.100  5.460  5.533  5.505  5.455  5.292  5.264  5.398  5.200  5.142  5.146  5.165  4.984  5.218  5.093  5.226  5.347  5.394  5.236  5.278  5.136  5.442  5.380  5.176  5.325  5.226
5.545  5.398  5.513  5.497  5.394  5.476  5.394  5.553  5.455  5.621  5.460  5.553  5.642  5.635  5.677  5.394  5.545  5.523  5.589  5.595  5.609  5.509  5.371  5.652  5.629  5.560  5.537  5.347  5.368  5.318  5.429  5.298  5.338  5.468  5.529  5.489  5.464  5.476  5.460  5.481  5.398  5.489
5.866  5.727  5.768  5.765  5.673  5.805  5.662  5.771  5.799  5.914  5.841  5.778  5.966  5.802  5.914  5.746  5.673  5.894  5.849  5.883  5.849  5.846  5.740  5.838  5.733  5.687  5.802  5.753  5.631  5.737  5.663  5.640  5.753  5.762  5.784  5.802  5.717  5.808  5.778  5.733  5.572  5.707
