5.318  5.100  5.153  5.130  5.220  5.170  5.220  5.215  5.268  5.288  5.209  5.366  5.338  5.161  5.242  5.198  4.754  5.273  5.056  5.159  5.298  5.009  5.112  5.132  5.100  5.069  5.053  5.176  4.990  4.898  4.883  5.030  5.088  5.130  5.011  5.204  5.142  5.081  5.242  5.100  5.056  5.081
4.898  4.736  4.745  4.794  4.812  4.898  4.898  4.812  4.956  4.970  4.977  4.990  4.942  4.758  5.011  4.868  4.331  4.718  4.691  4.726  4.927  4.605  4.787  4.893  4.736  4.522  4.726  4.736  4.489  4.635  4.522  4.595  4.762  4.736  4.726  4.804  4.663  4.700  4.710  4.754  4.625  4.644
5.790  5.537  5.702  5.541  5.544  5.642  5.784  5.587  5.699  5.802  5.652  5.774  5.790  5.597  5.765  5.565  5.553  5.765  5.659  5.598  5.631  5.572  5.476  5.591  5.517  5.476  5.485  5.489  5.333  5.464  5.525  5.464  5.541  5.573  5.600  5.554  5.576  5.613  5.540  5.549  5.489  5.614
4.796  4.710  4.466  4.394  4.431  4.676  4.635  4.585  4.644  4.585  4.820  4.625  4.745  4.663  4.820  4.691  4.522  4.575  4.700  4.580  4.779  4.673  4.691  4.779  4.511  4.509  4.583  4.615  4.382  4.452  4.673  4.511  4.419  4.489  4.475  4.443  4.557  4.452  4.498  4.564  4.407  4.477
5.756  5.587  5.605  5.519  5.727  5.743  5.479  5.565  5.613  5.720  5.572  5.717  5.600  5.628  5.628  5.628  5.352  5.673  5.749  5.576  5.529  5.464  5.565  5.513  5.509  5.576  5.468  5.481  5.273  5.345  5.609  5.429  5.460  5.529  5.398  5.553  5.515  5.613  5.521  5.606  5.384  5.635
4.489  4.344  4.234  4.369  4.290  4.440  4.248  4.248  4.394  4.575  4.103  4.500  4.407  4.500  4.500  4.263  4.187  4.304  4.522  4.419  4.394  4.392  4.331  4.466  4.443  4.315  4.466  4.317  4.043  4.324  4.419  4.248  4.135  4.094  4.277  4.394  4.437  4.382  4.205  4.277  4.263  4.248
5.236  5.047  5.094  5.112  5.112  5.030  5.136  5.068  5.136  5.268  5.260  5.242  5.220  5.159  5.159  5.049  4.852  5.220  5.063  5.182  5.100  4.852  5.055  5.050  5.030  4.883  4.934  5.100  4.787  4.828  4.977  4.920  4.907  4.982  5.094  5.096  5.081  5.094  4.997  5.063  4.949  4.989
4.824  4.779  4.700  4.820  4.779  4.820  4.752  4.712  4.726  4.868  4.890  4.852  5.011  4.883  4.844  4.739  4.691  4.796  4.868  4.783  4.812  4.848  4.745  4.808  4.663  4.671  4.671  4.752  4.533  4.595  4.804  4.700  4.745  4.796  4.726  4.710  4.673  4.700  4.752  4.623  4.564  4.663
6.472  6.269  6.405  6.256  6.400  6.529  6.420  6.396  6.451  6.373  6.196  6.525  6.595  6.460  6.515  6.288  6.221  6.475  6.458  6.397  6.426  6.390  6.388  6.244  6.342  6.333  6.314  6.423  6.014  6.163  6.297  6.107  6.290  6.351  6.336  6.299  6.394  6.363  6.157  6.405  6.267  6.400
5.298  5.100  5.124  5.176  5.198  5.342  5.236  5.183  5.226  5.037  4.934  5.218  5.463  5.318  5.361  5.069  4.989  5.088  5.226  5.303  5.345  5.315  5.165  5.147  5.124  5.075  5.118  5.069  4.883  4.913  5.050  4.958  5.069  5.170  5.042  5.265  5.209  5.187  4.940  5.209  5.063  5.158
6.332  6.246  6.421  6.361  6.354  6.295  6.332  6.303  6.352  6.410  6.209  6.428  6.449  6.283  6.387  6.160  6.192  6.242  6.438  6.321  6.313  6.265  6.312  6.291  6.405  6.363  6.268  6.319  6.259  6.270  6.226  6.170  6.330  6.372  6.342  6.333  6.308  6.328  6.161  6.267  6.266  6.428
5.808  5.613  5.666  5.631  5.628  5.740  5.680  5.509  5.673  5.846  5.672  5.707  5.838  5.670  5.749  5.609  5.617  5.580  5.756  5.624  5.771  5.756  5.604  5.644  5.645  5.614  5.497  5.529  5.511  5.525  5.537  5.416  5.509  5.680  5.762  5.606  5.635  5.464  5.609  5.537  5.434  5.537
5.468  5.429  5.384  5.361  5.434  5.513  5.338  5.345  5.375  5.561  5.466  5.561  5.602  5.479  5.557  5.412  5.481  5.409  5.375  5.505  5.566  5.407  5.357  5.493  5.268  5.396  5.407  5.338  5.142  5.324  5.265  5.295  5.398  5.497  5.513  5.431  5.412  5.460  5.357  5.293  5.267  5.301
4.644  4.564  4.647  4.511  4.633  4.575  4.642  4.341  4.564  4.754  4.718  4.615  4.736  4.585  4.787  4.585  4.625  4.585  4.522  4.691  4.766  4.615  4.431  4.756  4.477  4.443  4.443  4.466  4.344  4.454  4.578  4.625  4.671  4.677  4.554  4.554  4.605  4.543  4.663  4.454  4.443  4.466
5.753  5.664  5.571  5.513  5.775  5.694  5.677  5.790  5.680  5.913  5.994  5.855  5.991  5.793  5.897  5.684  5.476  5.883  5.791  5.640  5.790  5.565  5.620  5.609  5.609  5.635  5.568  5.784  5.384  5.485  5.673  5.495  5.684  5.609  5.637  5.687  5.642  5.746  5.759  5.900  5.380  5.704
3.584  3.947  3.638  3.761  3.807  3.824  3.784  3.664  3.773  3.689  3.584  3.857  3.961  3.932  3.835  3.733  3.750  3.638  3.791  3.802  3.829  3.807  3.867  3.892  3.584  3.664  3.526  3.664  3.714  3.750  3.807  3.584  3.638  3.664  3.807  3.871  3.784  3.611  3.761  3.784  3.450  3.638
6.246  6.118  6.131  6.230  6.203  6.172  6.158  6.157  6.195  6.232  6.262  6.225  6.321  6.242  6.391  6.193  6.185  6.249  6.275  6.203  6.138  6.127  6.203  6.201  6.065  6.098  6.040  6.001  5.958  6.057  6.135  6.098  6.174  6.168  6.153  6.157  6.229  6.248  6.140  6.218  6.153  6.221
5.247  5.257  5.142  5.231  5.273  5.118  5.195  5.109  5.170  5.292  5.373  5.333  5.342  5.323  5.451  5.330  5.246  5.081  5.357  5.145  5.272  5.269  5.242  5.371  5.181  5.089  5.061  5.159  4.990  5.043  5.069  5.147  5.094  5.172  5.036  5.175  5.197  5.223  5.195  5.023  5.003  5.100
4.812  4.557  4.787  4.777  4.741  4.635  4.533  4.718  4.585  4.700  4.745  4.762  4.927  4.812  4.984  4.682  4.657  4.762  4.754  4.852  4.762  4.868  4.745  4.779  4.615  4.736  4.644  4.700  4.615  4.585  4.431  4.520  4.727  4.727  4.717  4.533  4.595  4.718  4.615  4.644  4.533  4.727
4.605  4.615  4.541  4.454  4.779  4.575  4.573  4.663  4.557  4.771  4.828  4.700  4.949  4.883  4.942  4.690  4.649  4.956  4.977  4.977  4.970  5.283  5.247  5.313  4.407  4.477  4.564  4.522  4.443  4.533  4.477  4.369  4.567  4.431  4.541  4.635  4.431  4.538  4.663  4.564  4.431  4.509
5.989  5.991  5.999  6.109  5.927  6.054  6.060  5.981  6.045  6.094  5.864  6.116  6.194  6.026  6.166  5.966  6.057  6.005  6.191  6.038  6.288  6.138  6.023  6.133  6.064  5.961  5.958  5.841  5.861  5.938  5.978  6.108  6.033  6.146  6.211  6.140  6.043  5.922  5.784  5.872  6.061  6.087
6.526  6.457  6.524  6.669  6.532  6.512  6.575  6.515  6.554  6.535  6.510  6.632  6.619  6.529  6.706  6.498  6.538  6.522  6.642  6.744  6.824  6.583  6.537  6.535  6.612  6.504  6.418  6.437  6.380  6.472  6.423  6.555  6.652  6.717  6.662  6.565  6.597  6.509  6.511  6.510  6.589  6.553
