3.466  4.585  4.570  4.533  4.564  4.718  4.898  4.700  4.802  4.718  4.625  4.691  4.844  4.718  4.828  4.745  4.575  4.673  4.727  4.663  4.745  4.489  4.541  4.620  4.673  4.860  4.691  4.549  4.644  4.543  4.575  4.564  4.635  4.700  4.727  4.588  4.663  4.575  4.691  4.736  4.663  4.708
3.401  4.413  4.357  4.625  4.277  4.466  4.394  4.511  4.407  4.575  4.344  4.564  4.452  4.533  4.511  4.344  4.297  4.220  4.344  4.466  4.500  4.348  4.288  4.220  4.477  4.369  4.277  4.187  4.007  4.227  4.205  4.277  4.317  4.369  4.277  4.234  4.290  4.331  4.443  4.202  4.369  4.290
5.265  5.123  5.247  5.182  5.055  5.118  5.118  4.864  5.142  4.913  4.927  4.860  4.982  5.155  4.700  5.024  4.980  5.075  5.024  5.106  5.298  5.030  4.942  5.220  4.898  4.898  4.890  4.949  4.745  4.835  4.615  4.812  5.094  4.990  4.685  5.156  4.949  4.956  4.796  5.027  4.852  5.036
5.425  5.227  5.384  5.352  5.347  5.364  5.004  4.868  5.198  5.176  5.347  5.081  5.093  5.097  5.063  5.009  5.061  5.193  4.970  5.283  5.257  5.130  5.056  5.347  5.043  5.209  5.049  5.056  4.956  5.056  4.745  4.954  5.120  5.075  4.913  5.265  5.043  5.074  4.949  5.135  4.927  5.220
5.561  5.476  5.434  5.338  5.322  5.580  5.583  5.425  5.485  5.727  5.645  5.565  5.710  5.620  5.666  5.521  5.442  5.425  5.572  5.423  5.420  5.509  5.537  5.572  5.438  5.521  5.575  5.328  5.412  5.537  5.577  5.328  5.283  5.568  5.642  5.503  5.565  5.371  5.396  5.421  5.366  5.403
3.850  3.951  3.850  3.780  3.714  3.784  3.807  3.989  3.850  3.989  4.025  3.871  3.967  3.951  3.784  3.761  3.867  3.684  3.784  3.932  3.871  3.970  3.912  3.912  3.689  3.761  3.850  3.784  3.738  3.738  3.664  3.807  3.784  3.807  3.912  3.888  3.932  3.611  3.839  3.912  3.761  3.714
5.338  5.288  5.283  5.281  5.267  5.187  5.357  5.357  5.313  5.471  5.352  5.442  5.438  5.257  5.360  5.283  5.263  5.341  5.488  5.283  5.308  5.323  5.263  5.231  5.273  5.215  5.231  5.130  4.990  5.037  5.123  5.170  5.182  5.242  5.303  5.263  5.209  5.238  5.190  5.283  5.081  5.313
5.434  5.263  5.375  5.256  5.193  5.285  5.357  5.352  5.288  5.566  5.380  5.433  5.384  5.407  5.489  5.247  5.447  5.288  5.656  5.525  5.694  5.371  5.214  5.252  5.142  5.112  5.075  5.001  4.868  5.094  5.133  5.220  5.124  5.282  5.342  5.222  5.273  5.179  5.225  5.043  5.004  5.193
5.717  5.561  5.580  5.481  5.713  5.614  5.529  5.609  5.509  5.277  5.753  5.707  5.739  5.687  5.784  5.568  5.298  5.576  5.707  5.425  5.656  5.460  5.602  5.517  5.434  5.407  5.437  5.425  5.106  5.182  5.485  5.142  5.288  5.525  5.431  5.307  5.576  5.471  5.447  5.521  5.323  5.580
5.009  4.949  4.754  4.934  5.034  4.933  4.920  4.942  4.905  4.779  4.984  4.844  5.118  4.997  5.136  4.945  4.762  4.852  4.977  4.844  4.905  4.997  5.017  5.078  4.736  4.787  4.727  4.605  4.443  4.533  4.787  4.710  4.595  4.890  4.787  4.732  4.898  4.812  4.913  4.844  4.710  4.844
5.710  5.505  5.493  5.553  5.576  5.620  5.583  5.576  5.557  5.649  5.690  5.694  5.746  5.635  5.606  5.460  5.579  5.460  5.566  5.649  5.635  5.613  5.561  5.666  5.468  5.582  5.438  5.493  5.429  5.407  5.501  5.561  5.437  5.545  5.573  5.591  5.658  5.602  5.541  5.587  5.501  5.587
5.100  4.844  4.890  4.883  4.970  4.949  4.875  4.956  4.812  5.040  4.890  4.999  5.043  4.868  4.970  4.956  4.860  4.836  4.934  5.017  5.004  5.011  4.963  4.989  4.682  4.779  4.885  4.852  4.883  4.949  4.796  4.890  4.898  4.850  4.868  4.927  4.875  4.913  4.860  4.883  4.860  4.844
5.136  5.024  5.004  5.036  5.069  5.175  4.860  5.037  5.004  5.043  5.069  5.106  5.016  5.085  5.094  4.922  4.905  5.158  5.043  5.124  5.130  5.042  5.165  5.136  4.856  5.030  4.828  4.934  4.787  4.942  4.868  4.787  4.987  5.030  5.017  5.088  4.956  5.037  5.024  4.927  4.860  4.990
5.165  5.105  5.249  5.124  5.138  5.292  5.112  5.231  5.182  5.182  5.220  5.263  5.175  5.234  5.394  5.127  5.100  5.368  5.165  5.252  5.209  5.297  5.313  5.333  5.052  5.187  5.165  5.081  5.043  5.093  5.069  5.075  5.127  5.123  4.984  5.170  5.081  5.153  5.198  5.112  4.997  5.100
4.156  3.824  4.078  4.205  4.238  4.143  3.892  4.234  4.074  4.419  3.967  4.363  4.234  4.174  4.304  3.998  4.094  4.143  4.382  4.290  4.156  3.898  3.867  3.892  3.892  3.970  3.807  3.757  3.555  3.761  3.871  3.850  4.190  3.970  3.871  4.043  3.892  4.034  4.078  4.078  3.970  4.078
3.497  3.526  3.555  3.497  3.714  3.611  3.401  3.466  3.401  3.684  3.325  3.578  3.584  3.584  3.584  3.258  3.490  3.466  3.466  3.671  3.584  3.611  3.296  3.497  3.401  3.497  3.466  3.332  3.367  3.434  3.584  3.570  3.466  3.332  3.401  3.434  3.350  3.526  3.401  3.178  3.367  3.332
4.920  4.905  4.898  4.949  4.949  4.779  4.836  4.927  4.920  5.030  4.890  4.940  5.081  4.890  4.980  4.852  4.963  4.954  4.999  5.164  4.898  4.890  4.866  4.920  4.875  5.124  4.896  4.836  4.820  4.718  4.800  4.868  4.984  4.977  4.990  4.959  4.866  4.890  4.777  4.927  4.922  4.956
4.682  4.615  4.708  4.754  4.710  4.727  4.644  4.736  4.644  4.717  4.710  4.796  4.907  4.754  4.796  4.663  4.748  4.736  4.710  4.871  4.802  4.654  4.691  4.875  4.732  4.623  4.647  4.500  4.585  4.635  4.633  4.543  4.860  4.736  4.654  4.668  4.590  4.575  4.533  4.575  4.625  4.718
4.947  4.804  4.898  4.913  4.984  4.944  4.905  4.986  4.852  5.086  4.956  4.963  5.017  4.927  5.056  4.820  4.820  4.990  5.024  4.911  5.024  4.824  4.836  4.866  4.900  4.919  4.787  4.836  4.663  4.828  4.916  5.075  5.081  5.024  5.050  4.905  4.812  4.894  4.860  4.836  4.890  4.942
4.373  4.060  4.094  4.111  4.119  4.034  4.317  4.022  3.989  4.380  4.238  4.159  4.304  4.263  4.431  4.078  4.205  4.060  4.127  4.331  4.263  4.078  4.159  4.263  3.985  4.143  4.111  3.989  3.912  3.850  4.159  3.985  4.234  4.111  4.234  4.127  4.111  4.040  4.078  4.159  3.951  4.217
4.911  4.543  4.804  4.804  4.905  4.820  4.671  4.802  4.682  4.736  4.727  4.775  4.787  4.657  4.741  4.369  4.263  4.494  4.984  4.792  4.860  4.745  4.827  4.787  4.682  4.831  4.700  4.769  4.477  4.754  4.700  4.263  4.743  5.024  4.754  4.844  4.605  4.905  4.654  4.875  4.723  5.011
4.007  3.932  4.094  4.111  3.829  3.850  3.871  3.970  3.867  3.970  3.850  3.989  4.091  4.057  4.119  3.871  3.912  3.912  4.143  4.108  4.143  3.951  3.951  4.111  4.007  4.034  3.829  3.738  3.761  4.007  3.850  3.784  4.078  3.938  4.007  4.025  3.932  4.025  3.989  3.846  3.846  3.980
