3.664  3.434  3.526  3.367  3.555  3.664  3.550  3.466  3.658  3.584  3.555  3.555  3.709  3.555  3.611  3.611  3.360  3.434  3.638  3.526  3.689  3.584  3.638  3.664  3.497  3.466  3.555  3.689  3.555  3.497  3.497  3.401  3.490  3.434  3.689  3.332  3.466  3.584  3.434  3.526  3.555  3.401
3.578  3.611  3.597  3.466  3.597  3.584  3.526  3.611  3.605  3.506  3.466  3.592  3.664  3.701  3.714  3.795  3.497  3.658  3.689  3.664  3.490  3.555  3.497  3.526  3.401  3.526  3.497  3.434  3.258  3.497  3.714  3.497  3.459  3.466  3.664  3.395  3.332  3.584  3.555  3.434  3.466  3.658
3.784  3.676  3.584  3.490  3.584  4.094  3.611  3.584  3.829  3.773  3.714  3.671  3.985  3.632  3.807  3.497  3.738  3.757  3.761  3.908  3.714  3.664  3.671  3.761  3.664  3.761  3.738  3.658  3.555  3.638  3.689  3.550  3.578  3.658  3.638  3.784  3.497  3.520  3.632  3.611  3.434  3.638
3.526  3.714  3.466  3.428  3.332  3.367  3.332  3.555  3.434  3.497  3.367  3.481  3.520  3.555  3.689  3.611  3.526  3.428  3.638  3.709  3.578  3.555  3.550  3.434  3.555  3.367  3.367  3.526  3.466  3.367  3.497  3.526  3.332  3.555  3.497  3.466  3.296  3.434  3.466  3.367  3.367  3.434
5.296  5.328  5.346  5.252  5.373  5.327  5.359  5.257  5.434  5.398  5.338  5.505  5.442  5.394  5.481  5.293  5.147  5.268  5.453  5.298  5.389  5.268  5.124  5.257  5.313  5.394  5.219  5.168  5.069  5.146  5.230  5.130  5.292  5.254  5.231  5.226  5.318  5.293  5.165  5.218  5.328  5.338
4.234  4.116  4.205  4.159  4.140  4.202  4.357  4.317  4.248  4.143  4.127  4.317  4.301  4.156  4.431  3.932  4.083  3.970  4.431  4.494  4.394  4.263  4.127  4.094  4.194  4.290  4.143  3.932  3.871  3.918  4.007  3.995  4.190  4.159  4.190  4.248  3.951  4.212  4.159  3.967  4.205  4.127
5.772  5.371  5.656  5.598  5.623  5.642  5.403  5.656  5.606  5.897  5.714  5.718  5.680  5.539  5.617  5.472  5.342  5.580  5.717  5.572  5.533  5.397  5.384  5.394  5.434  5.472  5.352  5.421  5.142  5.288  5.421  5.384  5.517  5.464  5.360  5.384  5.283  5.476  5.598  5.447  5.412  5.549
4.915  4.595  4.875  4.820  4.771  4.769  4.644  4.920  4.663  4.997  4.920  4.898  4.944  4.804  4.787  4.862  4.575  4.844  4.836  4.898  4.762  4.654  4.585  4.575  4.625  4.654  4.344  4.620  4.344  4.489  4.595  4.477  4.663  4.620  4.557  4.573  4.443  4.760  4.820  4.649  4.564  4.760
5.293  5.165  5.219  5.257  5.170  5.220  4.924  5.106  5.093  5.136  5.124  5.075  5.338  5.231  5.251  5.069  4.828  5.218  5.124  5.247  4.977  4.954  5.153  5.059  5.043  4.987  5.118  5.030  4.762  4.871  4.937  4.787  4.947  5.050  5.011  5.049  4.956  5.236  5.288  5.204  4.949  5.069
4.920  4.700  4.640  4.718  4.820  4.771  4.642  4.745  4.745  4.754  4.824  4.812  5.004  4.887  5.043  4.644  4.562  4.605  4.625  4.736  4.874  4.816  4.804  4.794  4.603  4.673  4.595  4.762  4.443  4.500  4.823  4.635  4.595  5.024  5.030  5.169  4.673  4.835  4.970  4.682  4.431  4.663
4.357  4.290  4.500  4.369  4.575  4.489  4.220  4.344  4.344  4.281  4.564  4.588  4.489  4.460  4.575  4.443  4.263  4.564  4.541  4.489  4.552  4.284  4.575  4.489  4.190  4.217  4.369  4.205  4.263  4.159  4.274  4.174  4.466  4.344  4.446  4.431  4.431  4.449  4.454  4.331  4.190  4.248
4.522  4.489  4.477  4.477  4.263  4.357  4.369  4.477  4.357  4.443  4.477  4.464  4.489  4.522  4.407  4.394  4.248  4.511  4.748  4.357  4.593  4.431  4.500  4.635  4.382  4.212  4.304  4.263  4.159  4.190  4.382  4.246  4.605  4.344  4.425  4.344  4.263  4.533  4.344  4.274  4.290  4.156
5.542  5.278  5.442  5.537  5.664  5.566  5.384  5.608  5.565  5.659  5.468  5.753  5.771  5.521  5.638  5.375  5.460  5.452  5.505  5.753  5.371  5.509  5.434  5.464  5.464  5.550  5.367  5.342  5.352  5.318  5.380  5.220  5.415  5.455  5.472  5.461  5.501  5.389  5.384  5.412  5.303  5.444
3.888  3.738  3.757  4.004  3.892  3.714  3.761  3.928  3.850  3.989  3.888  3.970  4.078  4.094  4.043  3.761  3.932  3.807  3.970  4.190  4.007  3.932  3.861  3.871  3.784  3.908  3.714  3.807  3.638  3.989  3.714  3.892  3.846  3.829  3.829  3.761  3.738  4.007  3.738  3.664  3.932  3.761
5.552  5.333  5.416  5.464  5.447  5.342  5.226  5.395  5.374  5.396  5.442  5.375  5.580  5.342  5.447  5.344  5.412  5.474  5.466  5.546  5.412  5.333  5.318  5.333  5.187  5.219  5.357  5.231  5.093  5.130  5.247  5.214  5.495  5.451  5.328  5.434  5.361  5.386  5.288  5.371  5.301  5.557
4.533  4.477  4.525  4.500  4.522  4.328  4.419  4.449  4.425  4.595  4.394  4.588  4.699  4.489  4.668  4.522  4.522  4.431  4.771  4.605  4.615  4.595  4.382  4.682  4.317  4.382  4.331  4.344  4.394  4.290  4.392  4.649  4.454  4.543  4.452  4.714  4.486  4.443  4.331  4.369  4.317  4.452
4.277  4.007  4.159  4.060  4.248  4.234  4.060  4.277  4.111  4.220  4.143  4.190  4.466  4.369  4.304  4.078  3.989  4.043  4.290  4.190  4.143  4.238  4.094  4.127  3.871  4.187  4.025  4.159  3.807  3.970  3.912  3.951  4.025  4.174  4.220  4.143  3.829  4.159  4.263  4.057  4.025  4.007
3.434  3.401  3.664  3.466  3.611  3.434  3.466  3.689  3.481  3.611  3.401  3.709  3.850  3.689  3.780  3.526  3.584  3.578  3.709  3.638  3.738  3.689  3.497  3.555  3.611  3.555  3.611  3.584  3.332  3.459  3.497  3.555  3.497  3.638  3.584  3.434  3.584  3.466  3.395  3.434  3.555  3.466
3.434  3.296  3.434  3.466  3.466  3.258  3.466  3.497  3.497  3.526  3.401  3.564  3.526  3.638  3.638  3.367  3.555  3.367  3.638  3.761  3.638  3.450  3.401  3.466  3.401  3.459  3.434  3.497  3.332  3.434  3.332  3.664  3.401  3.497  3.296  3.466  3.497  3.258  3.296  3.314  3.367  3.367
3.401  3.466  3.395  3.497  3.434  3.384  3.466  3.459  3.490  3.689  3.434  3.526  3.689  3.638  3.721  3.258  3.555  3.466  3.597  3.605  3.584  3.605  3.611  3.611  3.401  3.578  3.497  3.367  3.332  3.450  3.526  3.555  3.526  3.555  3.526  3.689  3.497  3.526  3.332  3.434  3.428  3.466
4.357  4.111  4.094  3.989  4.369  4.220  4.159  4.212  4.174  4.407  4.248  4.234  4.357  4.234  4.533  4.190  3.829  4.382  4.369  4.331  4.052  3.850  3.928  4.205  3.989  4.043  4.022  4.394  3.714  3.970  4.078  3.664  4.174  3.970  3.970  4.205  4.043  4.290  4.171  4.143  4.052  4.174
3.401  3.466  3.296  3.584  3.434  3.434  3.332  3.564  3.434  3.664  3.401  3.466  3.584  3.526  3.526  3.497  3.550  3.434  3.664  3.664  3.664  3.526  3.332  3.714  3.466  3.584  3.434  3.638  3.219  3.555  3.367  3.367  3.497  3.497  3.555  3.411  3.555  3.332  3.526  3.434  3.332  3.466
