7.472  7.258  7.340  7.331  7.413  7.355  7.305  7.409  7.461  7.608  7.499  7.514  7.405  7.347  7.353  7.328  7.118  7.403  7.629  7.288  7.332  7.284  7.307  7.279  7.391  7.344  7.276  7.360  7.101  7.369  7.338  7.137  7.388  7.358  7.479  7.347  7.284  7.404  7.421  7.405  7.319  7.511
7.396  7.340  6.985  7.322  7.372  7.413  7.382  7.422  7.464  7.596  7.527  7.491  7.470  7.437  7.378  7.414  7.226  7.366  7.619  7.312  7.349  7.333  7.393  7.413  7.368  7.370  7.292  7.366  7.219  7.435  7.417  7.217  7.326  7.381  7.508  7.409  7.310  7.369  7.338  7.451  7.331  7.465
6.106  5.787  5.857  5.774  5.820  5.989  5.715  5.956  5.922  6.089  5.969  6.028  5.857  5.889  5.864  5.756  5.474  5.951  5.935  5.788  5.864  5.602  5.684  5.730  5.568  5.663  5.740  5.793  5.313  5.517  5.754  5.489  5.720  5.652  5.606  5.704  5.775  5.894  5.881  5.846  5.684  5.814
5.161  4.927  5.024  4.796  5.127  5.075  5.011  5.112  5.069  5.262  5.220  5.247  5.088  4.913  5.206  4.947  4.736  4.942  5.043  5.170  5.030  4.890  4.992  5.072  4.904  4.708  4.844  4.828  4.564  4.769  4.889  4.605  4.875  4.819  4.787  5.056  4.927  4.868  4.963  4.811  4.718  4.920
4.369  4.290  4.416  4.304  4.472  4.644  4.274  4.277  4.416  4.691  4.443  4.615  4.640  4.615  4.562  4.394  4.301  4.454  4.564  4.344  4.635  4.361  4.443  4.277  4.205  4.288  4.361  4.382  4.043  4.317  4.288  4.007  4.190  4.392  4.543  4.477  4.466  4.304  4.246  4.382  4.231  4.290
3.555  3.526  3.807  3.497  3.664  3.578  3.584  3.584  3.757  3.664  3.555  3.638  3.638  3.689  3.664  3.664  3.664  3.638  3.664  3.664  3.584  3.555  3.526  3.757  3.570  3.584  3.526  3.526  3.555  3.638  3.638  3.555  3.632  3.434  3.555  3.555  3.611  3.258  3.497  3.401  3.466  3.401
4.094  3.932  3.951  4.004  4.007  3.892  3.912  4.069  4.127  4.179  3.888  4.078  4.159  4.078  4.143  3.829  3.892  3.932  3.947  4.007  3.850  3.932  4.078  3.912  3.738  4.078  3.871  3.942  3.784  3.807  3.850  4.094  3.908  3.912  3.902  3.951  3.738  3.912  3.989  4.078  3.912  3.912
3.638  3.584  3.689  3.497  3.605  3.611  3.605  3.645  3.761  3.912  3.780  3.846  3.850  3.761  4.025  3.664  3.584  3.850  3.632  3.738  3.784  3.839  3.912  3.714  3.829  3.714  3.638  3.497  3.584  3.584  3.611  3.632  3.638  3.676  3.761  3.555  3.696  3.658  3.638  3.738  3.550  3.721
5.075  4.804  5.011  4.754  4.920  5.004  4.804  4.924  4.794  5.102  5.226  5.049  5.204  4.956  5.055  4.949  4.454  4.890  4.913  4.691  4.919  4.700  4.828  4.682  4.682  4.718  4.828  4.970  4.489  4.699  4.940  4.477  4.718  4.754  4.762  4.839  4.796  4.894  4.779  4.905  4.741  4.835
3.951  3.970  3.912  3.850  3.908  4.043  4.140  3.898  3.985  3.970  3.989  4.094  4.174  4.143  4.248  3.970  3.784  3.850  3.951  4.043  4.004  4.060  4.094  4.007  3.857  3.846  3.951  3.871  3.733  3.664  4.007  3.638  3.784  3.932  4.022  4.043  4.111  3.773  3.951  3.784  3.846  4.060
5.011  4.887  4.864  4.927  5.024  5.009  5.069  5.043  5.147  4.662  5.043  4.677  5.236  5.061  5.165  4.951  4.883  4.949  5.153  5.014  5.043  5.037  4.924  5.017  4.831  4.890  4.732  4.736  4.392  4.710  4.828  4.779  4.787  4.852  4.904  4.929  4.905  4.727  4.700  4.852  4.905  4.889
3.714  3.689  3.664  3.738  3.611  3.714  3.714  3.761  3.985  3.555  3.689  3.638  3.932  3.912  3.829  3.807  3.714  3.850  3.871  3.829  3.951  3.947  3.750  4.127  3.709  3.664  3.632  3.701  3.497  3.850  3.664  3.784  3.738  3.882  3.738  3.784  3.761  3.526  3.555  3.824  3.738  3.761
5.153  4.654  4.996  5.043  4.929  5.056  4.840  5.030  5.126  5.312  4.984  5.220  5.223  5.109  5.106  4.585  4.700  4.942  5.303  5.159  4.812  4.754  4.710  4.745  4.682  4.958  4.564  4.800  4.466  4.530  4.673  4.511  4.956  4.920  4.745  4.771  4.605  4.934  4.844  4.765  4.844  4.905
3.689  3.466  3.550  3.466  3.550  3.497  3.367  3.584  3.434  3.497  3.490  3.714  3.689  3.671  3.738  3.584  3.466  3.555  3.829  3.738  3.738  3.611  3.535  3.638  3.555  3.605  3.689  3.332  3.497  3.526  3.466  3.638  3.434  3.611  3.526  3.466  3.526  3.401  3.584  3.296  3.466  3.526
6.240  6.109  6.064  5.975  6.152  6.144  5.859  6.019  5.883  5.938  5.874  6.011  5.912  5.808  5.951  5.994  5.916  6.201  6.170  6.091  6.084  5.921  6.035  6.091  5.729  5.944  5.938  6.050  5.659  5.740  5.864  5.727  5.854  5.935  5.888  5.974  5.882  5.988  6.012  5.952  5.789  5.964
4.902  4.769  4.779  4.575  4.779  4.718  4.533  4.625  4.564  4.554  4.710  4.682  4.583  4.559  4.700  4.727  4.823  4.762  4.726  4.860  4.787  4.828  5.017  4.934  4.635  4.762  4.754  4.745  4.500  4.635  4.696  4.575  4.779  4.796  4.779  4.836  4.595  4.745  4.694  4.883  4.595  4.787
5.659  5.354  5.609  5.494  5.523  5.533  5.347  5.472  5.447  5.602  5.543  5.566  5.635  5.460  5.666  5.388  5.318  5.570  5.574  5.598  5.476  5.451  5.468  5.416  5.533  5.366  5.361  5.464  5.198  5.273  5.366  5.318  5.517  5.455  5.425  5.468  5.468  5.529  5.576  5.583  5.293  5.497
5.649  5.303  5.620  5.659  5.595  5.549  5.447  5.517  5.447  5.677  5.521  5.517  5.697  5.609  5.620  5.328  5.366  5.619  5.659  5.680  5.601  5.579  5.380  5.505  5.442  5.409  5.377  5.429  5.130  5.215  5.394  5.231  5.659  5.535  5.533  5.404  5.398  5.677  5.580  5.533  5.403  5.545
3.807  3.689  3.784  3.871  3.761  3.780  3.664  3.928  3.784  3.850  3.611  3.829  3.932  3.829  4.127  3.784  3.807  3.829  3.912  4.034  3.976  3.761  3.714  3.780  3.807  3.867  3.611  3.970  3.784  3.664  3.761  3.807  4.074  3.714  3.795  3.871  3.611  3.638  3.784  3.733  3.807  3.867
3.932  3.802  3.784  4.078  4.111  4.025  3.807  3.898  3.970  4.043  3.714  3.985  3.985  3.892  4.078  3.932  3.922  3.829  4.143  4.159  4.013  4.078  3.824  3.932  3.892  3.871  3.932  3.850  3.761  3.689  3.807  4.060  4.127  4.174  4.022  3.985  3.892  3.912  3.638  3.738  3.807  4.022
5.100  4.673  5.030  4.980  5.158  5.006  4.934  5.030  4.820  5.147  4.879  5.004  5.193  4.997  5.187  4.769  4.691  5.017  5.130  5.024  4.812  4.663  4.794  4.727  4.949  4.997  4.852  4.844  4.404  4.575  4.804  4.554  4.942  4.963  4.875  4.754  4.836  4.828  4.973  4.875  4.754  5.099
3.664  3.664  3.807  3.757  3.584  3.689  3.611  3.807  3.664  3.664  3.584  3.738  3.970  3.892  3.807  3.714  3.689  3.638  3.829  3.829  3.780  3.784  3.638  3.780  3.714  3.807  3.664  3.638  3.466  3.611  3.526  3.664  3.638  3.714  3.829  3.664  3.714  3.664  3.555  3.526  3.578  3.871
