5.883  5.835  5.730  5.753  5.881  5.894  5.814  5.838  5.743  5.886  5.919  5.855  6.014  5.935  5.565  5.883  5.635  5.958  5.951  5.805  5.811  5.645  5.823  5.817  5.714  5.835  5.805  5.787  5.606  5.680  5.908  5.687  5.663  5.829  5.617  5.883  5.858  5.940  5.720  5.914  5.710  5.808
3.871  4.182  3.932  3.807  3.970  3.912  4.007  4.007  4.043  4.127  4.007  4.111  4.111  4.304  4.159  4.205  4.025  4.127  4.060  4.220  4.159  4.025  4.094  4.007  4.078  4.043  4.043  4.127  3.902  3.871  4.111  3.970  4.025  4.060  3.912  4.127  4.159  4.025  4.025  3.850  3.871  4.007
5.743  5.428  5.695  5.356  5.561  5.680  5.517  5.679  5.649  5.771  5.652  5.680  5.680  5.529  5.680  5.521  5.165  5.497  5.479  5.549  5.468  5.379  5.451  5.407  5.485  5.521  5.334  5.420  5.029  5.283  5.462  5.077  5.421  5.425  5.389  5.481  5.493  5.521  5.576  5.464  5.204  5.583
4.500  3.967  4.220  4.263  4.078  4.328  4.290  4.231  4.205  4.431  4.094  4.290  4.357  4.260  4.331  4.159  4.025  4.078  4.248  4.341  4.234  4.174  4.127  4.190  3.989  4.156  4.057  3.951  3.970  3.989  4.124  4.078  4.290  4.187  4.022  4.143  4.220  4.007  4.220  4.159  4.007  4.190
6.227  5.919  6.075  5.940  6.107  6.078  6.016  6.031  6.118  6.217  6.046  6.203  6.182  6.116  6.165  6.004  5.808  6.216  6.105  6.023  6.038  5.864  6.094  5.974  5.852  5.974  5.976  6.022  5.673  5.829  5.950  5.618  5.778  5.989  5.829  5.987  5.965  6.114  5.924  6.100  5.861  6.021
4.489  4.407  4.290  4.317  4.394  4.394  4.477  4.466  4.466  4.527  4.398  4.543  4.562  4.520  4.500  4.331  4.295  4.419  4.394  4.454  4.382  4.290  4.486  4.522  4.304  4.248  4.277  4.256  4.159  4.256  4.437  4.007  4.159  4.500  4.174  4.543  4.443  4.315  4.260  4.369  4.190  4.443
4.970  4.811  4.804  4.913  5.004  4.844  4.992  5.093  4.972  5.075  4.883  5.081  5.040  4.913  5.143  4.949  4.866  4.977  5.043  4.875  5.170  5.004  4.748  5.056  4.736  4.828  4.913  4.682  4.754  4.710  4.875  4.902  4.860  4.905  4.970  4.777  4.956  4.866  4.804  4.927  4.823  4.898
4.625  4.477  4.564  4.516  4.460  4.511  4.557  4.394  4.603  4.710  4.500  4.454  4.511  4.522  4.583  4.466  4.394  4.419  4.585  4.633  4.640  4.489  4.425  4.407  4.304  4.354  4.317  4.263  4.341  4.382  4.486  4.357  4.407  4.407  4.248  4.382  4.489  4.443  4.407  4.220  4.304  4.357
6.696  6.390  6.555  6.490  6.631  6.549  6.554  6.557  6.662  6.640  6.498  6.659  6.639  6.588  6.614  6.404  6.477  6.584  6.630  6.555  6.535  6.502  6.482  6.417  6.531  6.669  6.360  6.513  6.293  6.435  6.412  6.407  6.454  6.557  6.524  6.524  6.521  6.547  6.464  6.540  6.407  6.555
4.970  4.682  4.913  4.828  4.779  4.907  4.883  4.954  5.043  5.136  4.860  5.061  4.997  4.984  5.100  4.913  4.927  4.682  5.064  4.997  5.112  4.990  4.883  4.860  4.893  5.043  4.804  4.779  4.787  4.844  4.727  4.844  4.811  4.949  4.926  4.771  4.852  4.827  4.633  4.787  4.804  4.796
5.273  5.136  5.238  5.264  5.273  5.231  5.159  5.176  5.170  5.361  5.303  5.178  5.361  5.257  5.412  5.159  5.024  5.352  5.225  5.197  5.247  4.984  5.303  5.193  5.109  5.102  5.169  5.049  4.977  4.839  5.130  5.050  5.136  5.142  5.056  5.217  5.088  5.214  5.078  5.242  5.024  5.075
4.288  4.290  4.386  4.407  4.407  4.290  4.304  4.290  4.295  4.593  4.483  4.246  4.554  4.533  4.564  4.159  4.234  4.443  4.317  4.454  4.277  4.297  4.277  4.431  4.301  4.357  4.127  4.187  4.124  4.190  4.317  4.143  4.407  4.419  4.248  4.354  4.220  4.263  4.217  4.263  4.094  4.190
4.736  4.691  4.736  4.605  4.771  4.783  4.575  4.682  4.760  4.949  4.745  4.852  4.844  4.812  4.990  4.771  4.663  4.773  4.775  4.905  4.691  4.620  4.717  4.804  4.652  4.635  4.700  4.694  4.489  4.554  4.575  4.691  4.663  4.552  4.727  4.769  4.700  4.804  4.745  4.745  4.575  4.673
4.382  4.443  4.509  4.248  4.404  4.549  4.234  4.331  4.369  4.533  4.357  4.477  4.564  4.477  4.654  4.431  4.324  4.472  4.575  4.554  4.595  4.231  4.407  4.407  4.301  4.174  4.404  4.363  4.060  4.238  4.369  4.304  4.308  4.256  4.500  4.466  4.344  4.431  4.382  4.369  4.331  4.331
6.071  5.760  5.956  5.981  6.014  5.996  5.878  6.011  5.981  5.998  5.914  5.980  6.035  5.938  6.010  5.796  5.708  6.045  5.991  5.984  5.903  5.737  5.830  5.727  5.966  5.911  5.790  5.897  5.587  5.645  5.806  5.649  5.841  5.981  5.849  5.940  5.826  5.976  5.960  5.976  5.846  5.971
4.852  4.554  4.682  4.754  4.600  4.654  4.475  4.657  4.605  4.700  4.644  4.736  4.796  4.852  4.844  4.554  4.522  4.754  4.783  4.691  4.736  4.522  4.585  4.618  4.625  4.635  4.511  4.625  4.304  4.382  4.446  4.344  4.469  4.745  4.500  4.615  4.525  4.595  4.652  4.603  4.492  4.511
5.081  4.625  4.929  4.977  5.088  5.017  4.804  4.934  4.804  5.011  4.852  5.014  5.024  4.868  5.100  4.718  4.718  4.934  4.997  5.142  4.913  4.687  4.836  4.844  4.736  4.963  4.828  4.812  4.605  4.714  4.754  4.605  4.804  4.942  4.887  4.804  4.804  4.927  4.836  4.779  4.700  4.905
4.025  4.025  4.108  4.094  4.202  4.205  4.094  4.220  4.171  4.205  4.159  4.248  4.380  4.304  4.394  3.970  4.156  4.060  4.263  4.190  4.401  4.174  4.025  4.143  4.304  4.234  4.224  4.060  4.069  4.043  4.094  3.989  4.111  4.156  4.224  4.234  4.171  4.190  4.078  4.143  4.074  4.248
4.870  4.804  4.625  4.828  4.860  4.875  4.700  4.922  4.762  5.032  4.913  4.920  4.927  4.963  4.984  4.765  4.760  4.896  4.949  4.958  4.779  4.956  4.642  4.769  4.644  4.762  4.836  5.004  4.477  4.644  4.727  4.605  4.916  4.762  4.769  4.836  4.771  4.779  4.862  4.827  4.522  4.739
4.610  4.543  4.419  4.344  4.477  4.492  4.466  4.475  4.466  4.595  4.663  4.536  4.562  4.625  4.700  4.407  4.454  4.527  4.623  4.644  4.615  4.522  4.431  4.522  4.443  4.410  4.440  4.341  4.159  4.190  4.277  4.357  4.246  4.522  4.443  4.454  4.466  4.443  4.522  4.489  4.190  4.248
5.638  5.429  5.486  5.521  5.529  5.440  5.455  5.476  5.476  5.672  5.468  5.598  5.631  5.572  5.649  5.416  5.365  5.537  5.608  5.545  5.389  5.411  5.485  5.529  5.463  5.529  5.464  5.438  5.455  5.429  5.489  5.357  5.435  5.517  5.513  5.570  5.398  5.531  5.389  5.442  5.357  5.523
5.176  5.251  5.017  5.112  5.109  5.152  5.030  5.086  5.257  5.135  5.165  5.296  5.338  5.313  5.193  5.063  5.257  5.136  5.252  5.124  5.278  5.265  5.333  5.220  5.075  5.281  5.127  5.147  5.220  5.100  5.185  5.069  5.030  5.130  5.195  5.136  5.170  4.966  4.984  4.997  5.043  5.036
