6.541  6.653  6.570  6.290  6.592  6.678  6.588  6.562  6.534  6.643  6.621  6.593  6.599  6.686  6.611  6.613  6.395  6.745  6.575  6.447  6.540  6.567  6.578  6.646  6.417  6.409  6.555  6.551  6.466  6.398  6.548  6.347  6.353  6.415  6.433  6.499  6.619  6.548  6.439  6.574  6.288  6.478
4.710  4.890  4.883  4.654  4.718  4.875  4.997  4.798  4.913  4.787  4.812  4.787  5.049  4.828  4.905  4.970  4.745  4.852  4.996  4.691  5.072  4.898  4.956  4.997  4.564  4.605  4.652  4.615  4.533  4.605  4.615  4.552  4.595  4.836  4.543  4.902  4.771  4.673  4.927  4.562  4.564  4.806
5.197  4.875  5.094  4.920  5.030  5.037  5.112  5.106  5.063  5.142  5.147  5.193  5.249  5.142  5.168  4.984  4.836  5.146  5.201  5.161  5.136  4.894  5.142  5.075  4.942  4.937  5.130  4.986  4.796  4.915  5.029  4.977  5.024  5.030  5.100  5.009  5.069  5.081  5.017  5.004  4.913  5.024
6.298  6.168  6.243  6.153  6.236  6.317  6.318  6.297  6.292  6.387  6.377  6.365  6.339  6.209  6.405  6.140  6.183  6.279  6.370  6.278  6.436  6.223  6.269  6.306  6.186  6.265  6.144  6.211  6.054  6.037  6.361  6.208  6.267  6.337  6.323  6.313  6.279  6.346  6.159  6.109  6.142  6.211
6.363  6.190  6.159  6.103  6.261  6.304  6.273  6.227  6.265  6.361  6.279  6.335  6.351  6.180  6.324  6.146  6.096  6.290  6.304  6.125  6.303  6.165  6.207  6.203  6.079  6.122  6.178  6.121  5.991  6.061  6.151  6.089  6.105  6.114  6.198  6.123  6.186  6.198  6.094  6.153  6.069  6.248
5.953  5.841  5.875  5.839  5.832  5.971  5.976  5.799  5.969  6.168  5.894  6.059  5.894  5.799  6.009  5.652  5.798  5.727  6.030  5.849  6.146  5.943  5.703  5.908  5.768  5.720  5.714  5.609  5.620  5.720  5.678  5.700  5.700  5.922  5.855  5.792  5.730  5.778  5.759  5.710  5.714  5.720
6.286  6.211  6.242  6.242  6.242  6.282  6.250  6.275  6.284  6.418  6.238  6.277  6.318  6.170  6.387  6.144  6.026  6.118  6.288  6.308  6.315  6.125  6.180  6.159  6.180  6.163  6.123  6.057  5.971  6.053  6.146  6.109  6.122  6.133  6.246  6.168  6.306  6.211  6.129  6.184  6.094  6.129
4.942  4.682  4.868  4.934  4.736  4.710  4.677  4.766  4.654  4.934  4.673  4.828  4.890  4.754  4.894  4.573  4.595  4.798  4.920  4.968  4.984  4.745  4.718  4.734  4.820  4.654  4.682  4.625  4.437  4.466  4.585  4.644  4.717  4.787  4.804  4.727  4.696  4.690  4.771  4.673  4.699  4.736
6.513  6.205  6.346  6.330  6.526  6.407  6.177  6.325  6.293  6.387  6.407  6.472  6.531  6.354  6.443  6.217  6.161  6.423  6.449  6.453  6.203  6.223  6.321  6.349  6.215  6.358  6.335  6.349  6.068  6.203  6.279  6.009  6.232  6.344  6.284  6.382  6.317  6.349  6.314  6.392  6.293  6.482
6.091  5.787  5.849  5.775  5.989  5.957  5.805  5.805  5.796  6.084  6.069  5.924  6.144  6.039  5.991  5.775  5.790  5.964  6.062  6.006  5.922  5.756  5.892  5.940  5.791  5.849  5.819  5.737  5.624  5.662  5.825  5.583  5.761  5.860  5.838  5.948  5.841  5.941  5.961  5.919  5.808  5.852
6.447  6.379  6.250  6.315  6.458  6.422  6.358  6.392  6.310  6.542  6.458  6.446  6.575  6.468  6.586  6.420  6.327  6.463  6.392  6.315  6.452  6.409  6.397  6.510  6.323  6.125  6.397  6.295  6.142  6.240  6.354  6.357  6.324  6.356  6.400  6.416  6.454  6.603  6.477  6.493  6.153  6.264
6.544  6.452  6.300  6.504  6.535  6.489  6.408  6.392  6.450  6.550  6.435  6.556  6.582  6.436  6.724  6.409  6.298  6.397  6.503  6.382  6.389  6.397  6.502  6.515  6.405  6.300  6.366  6.279  6.214  6.319  6.324  6.365  6.425  6.456  6.405  6.409  6.389  6.567  6.553  6.398  6.273  6.277
5.859  5.787  5.638  5.762  5.817  5.762  5.617  5.727  5.753  5.897  5.771  5.900  5.964  5.808  5.922  5.768  5.537  5.935  5.855  5.684  5.697  5.670  5.725  5.714  5.642  5.645  5.663  5.746  5.601  5.549  5.694  5.656  5.753  5.841  5.802  5.802  5.772  5.784  5.771  5.894  5.638  5.642
4.564  4.718  4.431  4.663  4.654  4.673  4.623  4.500  4.736  4.866  4.875  4.820  4.844  4.866  4.990  4.727  4.595  4.762  4.654  4.700  4.787  4.710  4.787  4.927  4.466  4.812  4.615  4.625  4.431  4.710  4.644  4.580  4.538  4.595  4.613  4.730  4.771  4.705  4.762  4.644  4.498  4.469
6.756  6.565  6.668  6.771  6.736  6.735  6.540  6.593  6.622  6.710  6.613  6.680  6.672  6.608  6.716  6.348  6.349  6.444  6.755  6.741  6.682  6.673  6.631  6.661  6.600  6.673  6.603  6.548  6.446  6.484  6.495  6.550  6.666  6.644  6.617  6.680  6.617  6.752  6.732  6.732  6.579  6.654
5.375  5.334  5.429  5.417  5.357  5.252  5.136  5.231  5.384  5.342  5.220  5.352  5.347  5.293  5.465  5.176  5.251  5.252  5.531  5.474  5.464  5.357  5.318  5.549  5.427  5.268  5.220  5.118  5.182  5.124  5.075  5.242  5.312  5.288  5.273  5.447  5.204  5.288  5.273  5.220  5.442  5.257
5.687  5.659  5.631  5.650  5.832  5.700  5.719  5.659  5.866  5.841  5.775  5.820  5.784  5.826  5.838  5.741  5.472  5.827  5.871  5.746  5.746  5.505  5.680  5.704  5.652  5.727  5.591  5.737  5.493  5.628  5.762  5.586  5.638  5.738  5.628  5.725  5.737  5.704  5.729  5.697  5.670  5.709
5.106  5.196  5.080  5.193  5.133  5.198  5.176  5.215  5.377  5.231  5.275  5.345  5.308  5.273  5.353  5.158  5.179  5.203  5.416  5.328  5.485  5.063  5.257  5.263  5.236  5.255  5.056  5.094  5.081  5.061  5.231  5.231  5.208  5.308  5.209  5.142  5.209  5.313  5.187  5.226  5.103  5.182
5.517  5.313  5.511  5.481  5.464  5.580  5.434  5.481  5.467  5.539  5.545  5.547  5.606  5.542  5.594  5.425  5.338  5.535  5.572  5.583  5.540  5.521  5.398  5.525  5.412  5.347  5.226  5.308  5.088  5.207  5.380  5.333  5.425  5.468  5.341  5.389  5.323  5.445  5.251  5.374  5.298  5.412
4.241  4.220  4.281  4.321  4.277  4.290  4.159  4.111  4.404  4.382  4.234  4.388  4.489  4.315  4.536  4.331  4.344  4.382  4.410  4.419  4.541  4.317  4.220  4.317  4.174  4.369  4.143  4.205  4.094  4.164  4.043  4.407  4.205  4.205  4.341  4.190  4.127  4.248  5.024  4.159  4.174  4.220
6.156  5.838  6.004  5.944  6.115  5.976  5.778  6.021  5.829  6.100  6.066  6.031  6.116  5.974  6.028  5.825  5.707  6.165  6.075  6.054  5.846  5.834  6.040  5.952  5.940  6.057  6.001  6.045  5.793  5.796  6.007  5.635  5.998  6.021  5.892  6.045  5.875  6.142  6.109  6.054  5.881  6.120
5.323  5.328  5.283  5.187  5.307  5.230  4.956  5.209  5.165  5.333  5.366  5.204  5.340  5.293  5.333  5.126  5.017  5.288  5.353  5.403  5.238  5.112  5.293  5.293  5.198  5.268  5.176  5.247  4.883  4.997  5.222  4.927  5.226  5.176  5.147  5.236  5.093  5.416  5.168  5.236  5.105  5.268
