5.252  5.039  4.997  4.860  5.017  4.990  5.004  5.109  5.056  5.226  4.977  5.130  5.091  5.072  5.165  4.990  4.800  5.069  4.920  4.977  5.159  4.956  5.004  5.056  4.898  4.820  4.754  4.844  4.836  4.796  4.942  4.956  4.844  4.920  4.775  5.004  4.949  4.963  4.984  4.852  4.718  4.997
4.078  4.078  4.091  4.007  4.111  4.179  3.922  4.148  4.025  4.111  4.111  4.174  4.187  4.007  4.304  4.263  4.043  3.951  4.043  4.078  4.205  4.007  4.094  4.220  4.094  4.043  3.928  4.007  3.989  3.871  4.007  3.989  4.060  3.932  4.052  3.947  4.078  4.174  3.989  3.912  3.989  4.052
4.025  4.043  4.057  3.922  3.850  3.850  3.970  3.989  3.989  4.078  4.016  3.989  4.043  3.850  4.151  3.942  3.892  3.970  4.043  4.025  4.043  3.951  3.912  3.932  3.784  3.947  3.871  3.908  3.829  3.947  3.912  4.156  3.902  3.757  3.970  3.892  3.861  3.932  3.829  3.658  3.807  3.850
4.060  4.127  4.078  4.111  3.961  3.932  4.099  4.034  3.850  4.025  3.932  3.932  4.060  4.078  4.078  3.970  3.871  3.970  4.078  4.263  4.127  4.034  3.912  4.094  3.912  3.942  3.892  3.938  3.912  3.912  4.016  3.871  3.888  3.871  4.057  3.877  3.824  3.912  3.912  3.912  3.829  3.980
5.872  5.635  5.878  5.862  5.746  5.778  5.733  5.777  5.826  6.068  5.765  5.976  5.872  5.768  5.866  5.670  5.476  5.676  5.940  5.875  5.832  5.627  5.600  5.591  5.733  5.732  5.613  5.606  5.313  5.565  5.583  5.476  5.661  5.781  5.799  5.729  5.609  5.746  5.730  5.690  5.609  5.765
5.069  4.934  5.037  4.970  5.004  5.004  4.844  5.056  5.061  5.094  4.875  5.027  5.013  4.804  5.004  4.852  4.902  4.896  5.071  5.176  5.011  4.920  4.959  4.890  4.898  4.890  4.787  4.745  4.635  4.745  4.754  4.970  4.961  4.949  4.949  4.812  4.844  4.819  5.004  4.745  4.835  4.949
5.890  5.474  5.784  5.652  5.889  5.913  5.580  5.832  5.749  5.855  5.858  5.926  5.912  5.803  5.883  5.645  5.197  5.684  5.908  5.746  5.591  5.356  5.509  5.418  5.548  5.645  5.559  5.521  5.081  5.252  5.341  5.209  5.394  5.613  5.442  5.481  5.438  5.712  5.751  5.733  5.509  5.762
4.260  4.341  4.094  4.174  4.304  4.301  4.369  4.466  4.382  4.382  4.369  4.174  4.522  4.357  4.564  4.304  4.190  4.277  4.443  4.407  4.407  4.205  4.407  4.167  4.234  4.277  4.091  4.143  3.829  4.151  4.159  4.094  3.912  4.290  4.224  4.344  4.234  4.159  4.127  4.127  4.127  4.290
5.889  5.846  5.743  5.754  5.894  5.849  5.717  5.838  5.841  6.031  5.922  5.958  5.966  5.956  6.078  5.687  5.509  5.826  5.852  5.768  5.738  5.724  5.846  5.790  5.612  5.700  5.596  5.677  5.460  5.323  5.666  5.613  5.525  5.642  5.716  5.802  5.756  5.814  5.782  5.829  5.537  5.627
4.718  4.727  4.652  4.796  4.682  4.585  4.492  4.583  4.736  4.736  4.564  4.575  4.820  4.804  4.890  4.522  4.394  4.595  4.736  4.762  4.732  4.717  4.605  4.682  4.570  4.575  4.382  4.407  4.220  4.263  4.543  4.431  4.522  4.475  4.549  4.564  4.500  4.700  4.615  4.357  4.394  4.564
5.984  5.136  5.680  5.588  5.638  5.683  5.236  5.714  5.525  5.771  5.587  5.773  5.761  5.549  5.620  5.204  5.127  5.738  5.793  5.779  5.220  5.011  5.147  5.235  5.247  5.576  5.375  5.606  5.176  5.313  5.233  4.956  5.552  5.375  5.153  5.334  5.153  5.688  5.651  5.631  5.533  5.714
4.771  4.407  4.673  4.792  4.654  4.635  4.466  4.680  4.844  4.866  4.736  4.762  4.860  4.787  4.820  4.543  4.511  4.662  4.913  4.913  4.585  4.600  4.543  4.575  4.357  4.771  4.595  4.605  4.290  4.328  4.564  4.317  4.727  4.618  4.440  4.642  4.541  4.700  4.644  4.554  4.585  4.659
6.594  6.373  6.534  6.455  6.567  6.449  6.361  6.484  6.431  6.612  6.545  6.571  6.598  6.439  6.574  6.347  6.336  6.548  6.445  6.500  6.389  6.331  6.351  6.293  6.259  6.327  6.361  6.328  6.094  6.246  6.316  6.250  6.473  6.449  6.435  6.407  6.330  6.568  6.568  6.521  6.269  6.477
5.030  5.037  5.056  5.153  5.124  4.949  4.949  4.987  4.997  5.100  5.118  5.063  5.204  4.990  5.159  5.056  5.017  5.007  5.043  5.124  5.192  5.105  4.963  5.145  4.870  5.042  4.961  4.883  4.812  4.868  4.862  4.949  5.016  4.828  4.942  5.037  4.970  5.056  5.059  4.844  4.934  4.970
5.273  5.147  5.100  5.136  5.273  5.256  5.111  5.187  5.075  5.278  5.100  5.187  5.225  5.219  5.338  5.043  4.868  5.357  5.124  5.187  5.011  4.875  5.124  5.100  5.136  5.050  5.024  5.093  4.934  4.890  5.106  4.812  4.984  5.069  4.973  5.142  4.997  5.347  5.288  5.231  4.913  5.099
4.758  4.613  4.710  4.625  4.615  4.543  4.567  4.754  4.749  4.875  4.677  4.754  4.898  4.758  4.820  4.588  4.575  4.760  4.603  4.710  4.673  4.644  4.635  4.736  4.543  4.654  4.625  4.685  4.477  4.564  4.598  4.554  4.595  4.654  4.543  4.710  4.549  4.625  4.745  4.663  4.477  4.575
5.784  5.375  5.397  5.597  5.687  5.677  5.268  5.560  5.505  5.696  5.595  5.697  5.690  5.683  5.696  5.412  5.242  5.662  5.568  5.525  5.346  5.249  5.361  5.425  5.214  5.380  5.352  5.553  5.226  5.260  5.412  5.468  5.421  5.554  5.272  5.565  5.460  5.699  5.521  5.746  5.375  5.455
4.663  4.357  4.520  4.603  4.769  4.649  4.520  4.575  4.554  4.605  4.710  4.700  4.942  4.771  4.927  4.525  4.304  4.585  4.775  4.691  4.638  4.369  4.466  4.511  4.407  4.331  4.573  4.644  4.511  4.443  4.454  4.552  4.595  4.500  4.440  4.652  4.585  4.754  4.682  4.585  4.477  4.511
5.327  5.139  5.273  5.198  5.303  5.252  5.165  5.236  5.124  5.288  5.268  5.380  5.464  5.242  5.308  5.159  4.927  5.215  5.263  5.263  5.215  5.159  5.118  5.288  5.056  5.069  5.052  5.056  5.043  5.056  5.112  5.072  5.088  5.037  5.170  5.182  5.231  5.318  5.215  5.185  5.112  5.149
4.094  4.094  4.143  4.263  4.043  4.060  4.171  4.190  4.174  4.263  4.135  4.040  4.440  4.367  4.500  4.220  4.263  4.277  4.317  4.357  4.382  4.159  4.060  4.419  4.074  4.174  3.951  3.989  4.111  3.912  4.016  3.961  4.111  4.190  4.205  4.060  3.989  4.119  4.078  4.094  4.127  4.167
5.595  5.472  5.434  5.416  5.557  5.525  5.303  5.447  5.429  5.628  5.537  5.568  5.591  5.602  5.790  5.351  5.257  5.624  5.602  5.509  5.493  5.303  5.438  5.435  5.318  5.412  5.268  5.521  5.283  5.317  5.464  5.244  5.366  5.455  5.545  5.511  5.468  5.568  5.583  5.460  5.316  5.374
4.800  4.477  4.708  4.804  4.554  4.625  4.533  4.595  4.564  4.682  4.663  4.718  4.794  4.714  4.804  4.554  4.464  4.654  4.868  4.796  4.635  4.615  4.615  4.575  4.331  4.585  4.380  4.673  4.394  4.522  4.633  4.443  4.605  4.585  4.654  4.635  4.452  4.736  4.654  4.595  4.533  4.443
