4.007  4.094  3.989  4.007  4.159  4.094  4.060  4.248  4.111  4.277  3.951  4.159  4.220  4.234  4.234  4.248  3.951  4.007  4.277  3.970  4.094  4.078  4.220  4.143  4.220  4.043  4.174  4.190  4.025  4.202  4.094  3.829  4.060  4.007  4.078  4.043  4.060  4.060  3.861  4.043  3.961  4.043
4.890  4.538  4.754  4.682  4.898  4.844  4.787  4.875  4.771  5.004  4.868  4.875  4.956  4.934  4.762  4.977  4.595  4.844  4.970  4.854  4.875  4.779  4.771  4.663  4.745  4.812  4.736  4.783  4.533  4.511  4.727  4.718  4.718  4.875  4.828  4.743  4.635  4.984  4.852  4.718  4.654  4.874
4.615  4.263  4.615  4.443  4.304  4.642  4.511  4.475  4.500  4.625  4.533  4.663  4.477  4.635  4.635  4.454  4.190  4.575  4.511  4.522  4.554  4.094  4.380  4.357  4.295  4.277  4.304  4.277  4.025  4.277  4.094  4.127  4.202  4.248  4.304  4.401  4.413  4.357  4.428  4.369  4.220  4.443
3.908  3.638  3.892  3.738  3.807  3.970  3.761  3.951  3.818  3.902  3.784  3.871  3.985  4.103  3.985  3.932  3.947  3.928  4.127  3.970  4.111  4.007  3.867  3.850  3.773  3.780  3.714  3.714  3.761  3.784  3.829  3.714  3.807  3.892  3.807  3.932  3.932  3.632  3.684  3.912  3.611  3.888
5.086  4.868  4.954  4.963  4.994  5.226  5.112  5.037  5.050  5.192  5.301  5.283  5.517  5.451  5.357  4.942  4.718  4.927  5.056  5.056  5.162  4.820  4.970  4.860  4.844  4.820  4.836  4.875  4.500  4.741  4.844  4.779  4.760  4.771  4.796  4.898  5.009  4.931  4.858  4.875  4.754  4.927
5.146  5.003  5.155  5.182  5.056  5.412  5.288  5.308  5.375  5.323  5.318  5.278  5.476  5.394  5.226  5.050  4.984  5.050  5.106  4.927  5.236  4.990  4.984  5.056  4.875  4.823  4.836  4.864  4.663  4.783  4.990  4.875  4.905  4.942  4.890  5.030  5.112  5.089  4.934  4.927  4.944  5.063
4.603  4.419  4.382  4.304  4.562  4.564  4.357  4.449  4.500  4.477  4.489  4.605  4.595  4.644  4.615  4.428  4.357  4.575  4.500  4.443  4.357  4.392  4.419  4.288  4.304  4.443  4.443  4.431  4.205  4.174  4.382  4.357  4.454  4.354  4.234  4.369  4.500  4.407  4.407  4.477  4.317  4.357
3.689  3.738  3.638  3.584  3.555  3.664  3.658  3.714  3.555  3.664  3.578  3.761  3.795  3.932  3.912  3.555  3.541  3.611  3.709  3.733  3.784  3.550  3.714  3.738  3.526  3.584  3.367  3.578  3.638  3.738  3.638  3.709  3.664  3.624  3.497  3.689  3.638  3.526  3.689  3.555  3.466  3.624
4.644  4.673  4.654  4.605  4.762  4.691  4.673  4.700  4.644  4.635  4.673  4.787  4.860  4.779  4.890  4.562  4.718  4.654  4.836  4.699  4.668  4.691  4.700  4.736  4.454  4.559  4.522  4.564  4.394  4.477  4.595  4.554  4.603  4.663  4.595  4.691  4.554  4.625  4.562  4.694  4.454  4.673
4.454  4.344  4.304  4.321  4.382  4.190  4.382  4.290  4.297  4.466  4.143  4.431  4.477  4.357  4.489  4.212  4.304  4.205  4.369  4.248  4.394  4.344  4.220  4.562  4.317  4.143  4.454  4.220  4.143  4.140  4.248  4.263  4.078  4.159  4.231  4.284  4.220  4.094  4.127  4.202  4.060  4.074
4.554  4.407  4.583  4.585  4.477  4.443  4.431  4.625  4.443  4.663  4.625  4.700  4.673  4.595  4.615  4.431  4.369  4.394  4.595  4.615  4.449  4.500  4.419  4.489  4.357  4.431  4.489  4.335  4.331  4.284  4.344  4.263  4.290  4.419  4.394  4.431  4.477  4.533  4.494  4.505  4.344  4.394
3.829  3.912  3.807  4.007  3.807  3.807  3.664  3.807  3.912  4.007  3.689  4.007  3.942  3.995  3.989  3.932  3.871  3.761  3.932  3.951  3.967  3.892  3.784  3.871  3.802  3.696  3.761  3.784  3.611  3.829  3.784  3.850  3.951  3.709  3.850  3.857  3.738  3.951  3.871  3.592  3.932  3.829
4.662  4.369  4.477  4.522  4.460  4.691  4.382  4.554  4.635  4.564  4.654  4.654  4.585  4.564  4.511  4.357  4.331  4.828  4.691  4.691  4.431  4.304  4.530  4.543  4.615  4.317  4.419  4.585  4.151  4.382  4.277  4.328  4.633  4.335  4.538  4.500  4.394  4.407  4.304  4.344  4.431  4.595
3.850  3.738  4.007  4.111  3.850  3.813  3.795  3.802  4.022  3.714  3.807  3.892  3.970  3.912  4.205  3.829  3.882  3.846  4.094  4.086  4.007  3.928  4.007  4.190  3.888  3.780  3.807  3.638  3.709  3.638  3.689  3.658  3.850  3.829  3.871  3.784  3.738  3.738  3.829  3.807  3.908  3.780
4.635  4.522  4.527  4.522  4.613  4.623  4.564  4.511  4.575  4.710  4.682  4.625  4.796  4.690  4.673  4.605  4.564  4.588  4.585  4.533  4.486  4.511  4.475  4.527  4.263  4.416  4.564  4.460  4.220  4.428  4.533  4.234  4.477  4.454  4.522  4.511  4.486  4.477  4.466  4.416  4.231  4.443
3.714  3.714  3.784  3.714  3.714  3.605  3.611  3.761  3.664  3.892  3.555  3.684  3.761  3.989  3.932  3.757  3.611  3.664  3.912  4.007  3.888  3.871  3.611  3.611  4.004  3.632  3.638  3.638  3.632  3.526  3.584  3.738  3.850  3.638  3.611  3.761  3.761  3.664  3.584  3.714  3.738  3.738
4.234  4.217  4.025  4.167  4.263  4.263  4.043  4.217  4.205  4.304  4.174  4.331  4.231  4.344  4.428  4.108  4.025  4.187  4.205  4.301  4.119  4.074  4.274  4.127  4.205  4.220  4.124  4.304  3.871  3.892  4.074  4.078  4.094  4.111  4.007  4.034  4.174  4.220  4.078  4.094  4.174  4.094
3.434  3.367  3.296  3.401  3.428  3.497  3.332  3.434  3.434  3.526  3.332  3.332  3.584  3.651  3.611  3.466  3.664  3.497  3.497  3.664  3.611  3.497  3.466  3.466  3.367  3.401  3.584  3.332  3.401  3.428  3.401  3.434  3.526  3.434  3.367  3.411  3.497  3.367  3.367  3.258  3.367  3.332
4.828  4.771  5.011  4.860  4.898  4.898  4.699  4.915  4.852  4.931  4.852  4.913  4.963  4.898  4.860  4.754  4.663  4.868  4.866  5.030  4.762  4.804  4.828  4.823  4.605  4.635  4.727  4.663  4.625  4.500  4.663  4.710  4.883  4.654  4.710  4.870  4.673  4.866  4.836  4.743  4.708  4.691
4.127  3.928  4.143  4.091  4.111  4.111  3.970  4.127  3.989  4.304  4.078  4.124  4.311  4.220  4.234  3.985  4.124  4.060  4.078  4.205  4.220  4.007  4.190  4.263  3.989  3.871  3.989  4.007  3.807  4.007  4.140  4.007  3.912  4.025  4.060  4.209  3.908  4.111  4.159  3.998  4.025  4.013
4.635  4.205  4.511  4.564  4.407  4.514  4.386  4.466  4.481  4.575  4.452  4.554  4.477  4.585  4.625  4.416  4.094  4.511  4.477  4.404  4.357  4.331  4.331  4.317  4.248  4.341  4.290  4.407  4.060  4.159  4.357  4.344  4.489  4.367  4.277  4.212  4.159  4.522  4.575  4.443  4.234  4.392
3.784  3.738  3.892  3.892  3.709  3.773  3.738  3.807  3.738  4.111  3.684  3.850  4.025  3.850  3.970  3.850  3.829  3.807  4.057  3.932  3.932  3.846  3.714  3.761  3.829  4.007  3.784  3.664  3.714  3.738  3.714  3.951  3.871  3.761  4.007  4.078  3.829  3.892  3.709  3.664  3.780  3.738
