4.394  4.248  4.466  4.363  4.466  4.369  4.357  4.344  4.407  4.277  4.369  4.522  4.533  4.514  4.452  4.290  4.382  4.434  4.443  4.489  4.382  4.317  4.317  4.500  4.304  4.419  4.277  4.386  4.205  4.205  4.394  4.124  4.341  4.205  4.248  4.357  4.277  4.369  4.357  4.398  4.304  4.331
4.522  4.382  4.394  4.489  4.248  4.394  4.331  4.431  4.422  4.583  4.295  4.454  4.615  4.404  4.580  4.277  4.111  4.575  4.454  4.477  4.498  4.382  4.234  4.434  4.422  4.431  4.367  4.190  4.111  4.190  4.174  4.190  4.431  4.217  4.428  4.321  4.290  4.317  4.248  4.369  4.171  4.274
6.397  6.304  6.238  6.321  6.373  6.415  6.444  6.439  6.404  6.567  6.465  6.443  6.528  6.319  6.485  6.264  6.343  6.284  6.458  6.284  6.479  6.361  6.274  6.290  6.323  6.351  6.280  6.263  6.140  6.280  6.320  6.297  6.301  6.366  6.479  6.389  6.319  6.273  6.295  6.257  6.207  6.304
5.347  5.321  5.192  5.100  5.293  5.069  5.469  5.273  5.288  5.595  5.330  5.354  5.429  5.252  5.501  5.293  5.272  5.112  5.288  5.252  5.357  5.318  5.313  5.380  5.187  5.100  5.236  4.951  5.030  5.049  5.298  5.147  5.088  5.263  5.361  5.209  5.170  5.045  5.037  4.997  5.068  5.257
5.768  5.787  5.737  5.733  5.808  5.773  5.771  5.768  5.738  5.832  5.771  5.894  5.945  5.768  5.905  5.737  5.647  5.786  5.779  5.697  5.814  5.795  5.704  5.793  5.760  5.781  5.727  5.746  5.743  5.677  5.724  5.670  5.715  5.740  5.781  5.737  5.787  5.801  5.598  5.765  5.659  5.793
4.938  4.913  4.934  4.959  4.913  4.754  4.980  4.972  4.984  5.056  4.860  5.075  5.011  5.050  5.078  4.811  4.844  4.959  5.030  5.017  5.081  5.078  4.956  4.920  4.907  4.875  4.745  5.004  4.762  4.745  4.796  4.905  4.885  4.875  4.924  4.875  4.937  4.812  4.868  4.718  4.848  4.913
6.124  5.802  5.927  5.778  6.120  6.182  5.811  5.957  5.934  6.292  6.219  6.155  6.273  6.159  6.246  5.981  5.429  6.125  5.953  5.799  5.685  5.720  5.886  5.697  5.808  5.829  5.817  5.966  5.549  5.720  5.778  5.417  5.645  5.790  5.606  5.832  5.829  5.981  5.999  6.068  5.579  5.897
3.947  3.892  3.871  3.850  3.857  3.829  3.757  3.942  3.861  4.060  3.932  3.807  4.227  3.932  4.220  3.892  3.745  3.888  3.970  4.094  3.892  3.807  4.025  4.025  3.750  3.664  3.733  3.850  3.584  3.738  3.714  3.829  3.967  3.850  3.892  3.970  3.807  3.784  3.871  3.664  3.850  3.738
5.023  4.956  4.975  4.970  4.883  5.043  4.922  4.945  4.997  5.147  5.055  5.074  5.049  5.045  5.063  4.879  4.804  5.100  4.990  4.975  5.037  4.927  4.949  4.913  4.952  4.929  4.942  4.949  4.736  4.762  4.898  4.762  4.812  4.922  4.980  4.963  4.777  4.812  5.024  4.870  4.874  4.864
4.860  4.762  4.605  4.710  4.718  4.671  4.543  4.663  4.690  4.762  4.682  4.794  4.828  4.819  4.844  4.522  4.598  4.682  4.787  4.710  4.771  4.758  4.642  4.691  4.585  4.543  4.687  4.543  4.452  4.431  4.575  4.554  4.635  4.727  4.642  4.585  4.564  4.595  4.671  4.564  4.466  4.633
6.557  6.447  6.390  6.455  6.564  6.487  6.382  6.484  6.430  6.461  6.495  6.555  6.575  6.366  6.560  6.358  6.336  6.426  6.553  6.435  6.290  6.376  6.482  6.412  6.521  6.555  6.454  6.417  6.404  6.342  6.471  6.215  6.368  6.486  6.340  6.433  6.494  6.431  6.364  6.433  6.353  6.474
5.017  5.024  4.856  4.866  5.037  4.926  4.942  4.927  4.954  4.820  4.843  5.004  5.011  4.924  4.977  4.734  4.977  4.868  4.963  4.979  4.990  4.836  5.043  4.963  4.868  5.016  4.927  4.804  4.875  4.877  4.754  4.812  4.654  4.982  4.771  4.850  4.828  4.796  4.787  4.691  4.890  4.874
5.826  5.643  5.679  5.622  5.787  5.659  5.587  5.697  5.493  5.775  5.775  5.733  5.652  5.674  5.820  5.525  5.429  5.799  5.663  5.628  5.552  5.438  5.595  5.494  5.537  5.645  5.576  5.553  5.318  5.377  5.576  5.259  5.549  5.608  5.493  5.557  5.580  5.694  5.659  5.668  5.501  5.654
5.288  5.165  5.156  5.170  5.333  5.176  5.118  5.162  5.061  5.333  5.247  5.268  5.349  5.217  5.493  5.102  5.043  5.252  5.277  5.209  5.268  5.124  5.198  5.281  5.024  5.252  5.139  4.997  5.063  5.078  5.050  4.812  5.072  5.155  5.129  5.273  5.106  5.063  5.182  5.220  4.862  5.123
7.033  6.868  6.826  6.846  6.950  6.993  6.870  6.887  6.804  7.024  6.890  6.974  7.090  6.853  7.022  6.830  6.893  6.905  6.933  7.023  6.861  6.861  6.900  6.887  6.868  7.033  6.879  6.886  6.875  6.770  6.893  6.809  6.881  6.929  6.914  6.936  6.923  6.910  6.822  6.948  6.831  6.929
6.192  6.109  5.940  6.050  6.138  6.148  5.991  6.180  6.091  6.140  6.110  6.141  6.216  6.033  6.205  5.979  6.047  6.004  5.994  6.180  6.084  5.992  6.050  6.165  5.937  6.040  5.935  5.894  5.905  5.951  5.951  5.852  5.948  6.021  6.021  6.082  5.951  6.086  5.894  5.922  5.823  6.031
6.878  6.501  6.762  6.705  6.816  6.782  6.578  6.742  6.709  6.851  6.844  6.810  6.862  6.759  6.830  6.603  6.531  6.871  6.780  6.789  6.641  6.532  6.631  6.558  6.557  6.703  6.655  6.740  6.382  6.428  6.571  6.431  6.641  6.659  6.605  6.654  6.615  6.812  6.739  6.778  6.518  6.739
5.680  5.307  5.447  5.497  5.513  5.527  5.434  5.451  5.371  5.662  5.606  5.564  5.704  5.609  5.693  5.351  5.425  5.416  5.497  5.583  5.434  5.389  5.455  5.375  5.308  5.359  5.273  5.281  5.004  5.193  5.193  5.204  5.378  5.342  5.375  5.523  5.226  5.484  5.409  5.424  5.236  5.438
7.271  6.980  7.161  7.113  7.255  7.230  6.926  7.185  7.099  7.277  7.202  7.166  7.244  7.098  7.244  7.027  6.756  7.255  7.197  7.256  6.915  6.828  7.006  6.996  6.983  7.029  6.951  7.073  6.719  6.886  6.959  6.722  7.045  7.027  6.900  7.109  6.949  7.232  7.151  7.196  6.989  7.158
4.533  4.567  4.454  4.541  4.520  4.522  4.443  4.419  4.454  4.691  4.585  4.466  4.605  4.605  4.718  4.520  4.431  4.431  4.511  5.587  4.466  4.407  4.407  4.489  4.317  4.422  4.443  4.522  4.357  4.304  4.477  4.159  4.357  4.277  4.234  4.369  4.407  4.511  4.407  4.317  4.143  4.369
5.652  5.242  5.407  5.371  5.601  5.568  5.247  5.553  5.455  5.580  5.509  5.561  5.559  5.513  5.649  5.338  5.262  5.624  5.642  5.497  5.438  5.290  5.263  5.200  5.242  5.323  5.328  5.338  5.066  5.142  5.190  5.049  5.352  5.521  5.357  5.338  5.225  5.380  5.412  5.537  5.247  5.438
4.787  4.700  4.726  4.804  4.864  4.860  4.745  4.718  4.875  4.905  4.820  4.856  4.911  4.979  5.004  4.779  4.718  4.949  4.942  5.011  4.927  4.754  4.762  4.828  4.682  4.644  4.691  4.575  4.511  4.654  4.554  4.527  4.745  4.771  4.852  4.787  4.564  4.828  4.798  4.710  4.595  4.771
