3.714  3.689  3.611  3.611  3.497  3.555  3.664  3.597  3.619  3.638  3.584  3.664  3.892  3.871  3.791  3.733  3.714  3.738  3.850  3.761  3.784  3.761  3.714  3.738  3.689  3.664  3.745  3.497  3.497  3.645  3.578  3.584  3.584  3.689  3.526  3.584  3.584  3.912  3.689  3.555  3.526  3.497
3.664  3.611  3.928  3.784  3.761  3.664  3.689  3.985  3.689  3.738  3.526  3.850  3.932  3.829  4.007  3.951  3.584  3.689  3.807  3.912  3.892  3.664  3.738  3.689  3.761  3.689  3.738  3.605  3.638  3.709  3.555  3.761  3.584  3.761  3.638  3.584  3.526  3.714  3.714  3.555  3.638  3.584
5.106  4.911  5.121  5.021  4.913  4.977  4.927  5.050  5.004  5.118  4.874  5.050  5.118  5.096  5.112  4.909  4.889  4.796  5.024  5.080  5.215  4.933  4.856  4.883  4.860  4.875  4.828  4.682  4.593  4.779  4.938  4.874  4.883  4.836  4.927  4.898  4.875  4.922  5.013  4.762  4.718  4.949
4.942  4.835  4.875  4.898  4.806  4.868  4.938  4.787  4.860  4.893  4.806  4.875  4.819  4.927  4.990  4.804  4.727  4.779  4.820  4.868  4.820  4.812  4.734  4.816  4.708  4.787  4.812  4.625  4.466  4.570  4.663  4.671  4.700  4.680  4.743  4.682  4.754  4.762  4.682  4.783  4.754  4.727
5.948  5.630  5.724  5.956  5.814  5.737  5.979  5.790  5.846  6.283  6.188  6.269  5.845  5.771  5.849  5.613  5.578  5.644  5.771  5.814  5.811  5.737  5.613  5.768  5.568  5.545  5.557  5.557  5.555  5.509  5.739  5.628  5.671  5.666  5.691  5.687  5.749  5.814  5.749  5.819  5.714  5.835
4.108  4.094  4.127  4.277  4.043  4.159  4.220  4.174  4.060  4.585  4.241  4.159  4.295  4.190  4.277  4.159  4.116  4.143  4.337  4.248  4.290  4.277  4.111  4.253  4.007  4.007  4.111  4.043  3.951  4.060  4.394  4.290  4.288  4.060  4.348  4.159  4.328  4.143  4.025  4.094  4.304  4.143
4.025  3.970  4.025  4.074  4.007  3.932  4.159  3.807  3.912  3.951  3.989  4.060  4.060  4.007  4.190  3.912  3.970  3.807  4.022  4.143  4.248  4.094  4.174  4.140  3.892  3.970  3.970  3.807  3.892  3.970  3.947  3.970  4.025  4.007  3.912  3.912  3.989  3.989  3.807  3.761  3.850  3.829
4.533  4.350  4.533  4.736  4.514  4.522  4.260  4.367  4.489  4.431  4.187  4.431  4.644  4.443  4.454  4.317  4.363  4.111  4.625  4.828  4.700  4.554  4.407  4.580  4.489  4.363  4.277  4.148  4.143  4.290  4.260  4.475  4.654  4.466  4.511  4.404  4.489  4.419  4.357  4.220  4.419  4.410
3.258  3.555  3.535  3.428  3.459  3.459  3.466  3.466  3.490  3.466  3.296  3.332  3.526  3.714  3.676  3.434  3.555  3.367  3.550  3.497  3.550  3.401  3.611  3.434  3.296  3.367  3.497  3.459  3.332  3.332  3.497  3.434  3.526  3.497  3.434  3.807  3.332  3.466  3.584  3.497  3.296  3.526
3.296  3.526  3.258  3.401  3.512  3.450  3.332  3.466  3.350  3.296  3.178  3.367  3.459  3.367  3.490  3.428  3.497  3.367  3.401  3.497  3.434  3.466  3.466  3.466  3.526  3.401  3.466  3.367  3.332  3.367  3.401  3.466  3.258  3.401  3.325  3.401  3.314  3.466  3.258  3.332  3.360  3.332
3.555  3.714  3.757  3.466  3.605  3.526  3.807  3.526  3.714  3.664  3.555  3.638  3.733  3.757  3.738  3.611  3.761  3.584  3.664  3.738  3.871  3.664  3.807  3.807  3.664  3.605  3.584  3.526  3.584  3.645  3.526  3.714  3.784  3.745  3.611  3.664  3.584  3.689  3.466  3.611  3.578  3.761
3.526  3.526  3.520  3.555  3.611  3.401  3.367  3.597  3.434  3.497  3.401  3.526  3.632  3.684  3.555  3.584  3.611  3.526  3.466  3.664  3.664  3.619  3.497  3.611  3.555  3.584  3.555  3.466  3.401  3.490  3.611  3.497  3.526  3.512  3.526  3.550  3.434  3.555  3.526  3.611  3.367  3.638
3.497  3.738  3.664  3.578  3.714  3.638  3.555  3.780  3.638  3.807  3.526  3.750  3.850  3.714  3.850  3.664  3.784  3.638  3.912  3.850  3.761  3.892  3.714  3.714  3.497  3.784  3.689  3.689  3.584  3.592  3.584  3.555  3.714  3.689  3.664  3.651  3.611  3.497  3.578  3.434  3.605  3.638
3.658  3.784  4.078  4.060  4.025  3.892  3.807  3.871  3.951  4.127  4.066  3.829  3.989  3.892  4.127  3.829  3.951  4.007  3.989  4.025  4.025  4.025  4.016  4.043  3.709  3.611  3.807  3.689  3.807  3.985  3.689  3.738  3.892  3.761  3.912  3.784  3.961  3.850  3.738  3.784  3.951  3.714
3.466  3.611  3.638  3.584  3.555  3.638  3.466  3.555  3.638  3.584  3.592  3.611  3.664  3.664  3.714  3.497  3.526  3.526  3.807  3.689  3.745  3.555  3.584  3.664  3.466  3.497  3.555  3.555  3.395  3.434  3.367  3.401  3.784  3.434  3.611  3.497  3.367  3.466  3.611  3.401  3.434  4.263
3.466  3.619  3.689  3.555  3.434  3.638  3.497  3.638  4.174  3.689  3.555  3.584  3.802  3.664  3.892  3.497  3.689  3.850  3.638  3.892  3.807  3.689  3.555  3.892  3.664  3.466  3.497  3.638  3.497  3.367  3.584  3.497  3.689  3.555  3.664  3.584  3.466  3.611  3.638  3.638  3.434  3.882
3.684  3.664  3.784  3.689  3.768  3.738  3.829  3.689  3.892  3.638  3.664  3.932  3.912  3.892  4.007  3.689  3.970  3.850  3.829  3.951  4.025  3.714  3.892  3.829  3.664  3.664  3.738  3.638  3.497  3.807  3.664  3.638  3.912  3.689  3.912  3.726  3.714  3.850  3.714  3.584  3.638  3.784
3.584  3.807  3.611  3.434  3.709  3.584  3.638  3.526  3.664  3.802  3.738  3.584  3.871  3.714  3.784  3.664  3.651  3.597  3.807  3.638  3.807  3.850  3.638  3.970  3.689  3.714  3.689  3.497  3.526  3.689  3.584  3.638  3.850  3.638  3.466  3.689  3.555  3.584  3.497  3.401  3.584  3.714
3.526  3.555  3.497  3.555  3.367  3.475  3.526  3.584  3.638  3.784  3.367  3.466  3.892  3.850  3.738  3.584  3.638  3.584  3.761  3.829  3.784  3.829  3.605  3.761  3.555  3.611  3.592  3.584  3.555  3.497  3.434  3.611  3.714  3.367  3.526  3.584  3.526  3.526  3.526  3.466  3.367  3.638
3.332  3.466  3.555  3.555  3.434  3.459  3.466  3.689  3.466  3.584  3.555  3.526  3.784  3.638  3.807  3.512  3.738  3.367  3.497  3.761  3.784  3.466  3.506  3.611  3.611  3.526  3.520  3.497  3.418  3.428  3.497  3.497  3.611  3.611  3.526  3.466  3.401  3.466  3.367  3.219  3.332  3.434
3.638  3.709  3.664  3.714  3.584  3.784  3.611  3.738  3.871  3.871  3.638  3.714  3.892  3.761  3.807  3.664  3.829  3.829  3.850  4.007  3.970  3.714  3.780  3.784  3.802  3.784  3.526  3.807  3.526  3.526  3.780  3.784  3.871  3.738  3.807  3.526  3.738  3.611  3.584  3.555  3.689  3.611
3.951  3.850  3.892  3.989  3.850  3.807  3.807  3.989  3.932  3.951  3.829  3.807  3.970  3.951  4.111  3.802  3.912  3.829  4.022  4.025  4.025  3.932  3.738  3.989  3.932  3.871  3.892  3.912  3.664  3.738  3.802  3.784  4.060  3.761  3.761  3.714  3.689  3.784  3.807  3.761  3.689  3.871
