4.248  4.127  4.159  4.231  4.174  4.205  4.174  4.234  4.205  4.369  4.263  4.354  4.443  4.248  4.407  4.304  4.094  4.025  4.304  4.348  4.376  3.970  4.060  4.156  4.159  4.140  4.094  3.970  3.970  4.111  4.060  4.022  4.174  4.111  4.205  4.231  4.174  4.060  4.124  4.043  4.022  4.231
4.248  4.263  4.174  4.174  4.220  4.220  4.304  4.174  4.290  4.382  4.234  4.328  4.382  4.277  4.304  4.220  4.127  4.074  4.434  4.317  4.373  4.159  4.135  4.331  4.159  4.159  4.094  3.932  3.807  3.970  4.043  3.989  4.094  4.234  4.159  4.217  4.179  4.094  4.194  4.091  4.094  4.317
5.192  5.100  5.100  5.064  5.193  5.176  5.147  5.187  5.182  5.303  5.352  5.242  5.394  5.220  5.357  5.170  4.997  5.179  5.093  5.118  5.272  5.208  5.176  5.226  4.934  4.942  5.036  4.977  4.904  4.963  5.075  4.866  4.926  5.226  5.043  5.164  5.075  5.094  5.198  5.097  4.970  4.913
5.127  4.942  4.920  4.848  4.919  4.868  4.883  4.887  4.984  5.176  4.820  4.963  5.165  5.037  5.099  5.004  4.836  5.007  5.124  4.836  4.913  4.956  4.852  4.844  4.920  4.836  4.963  4.920  4.682  4.762  4.898  4.777  4.562  4.905  4.804  5.094  4.824  4.920  4.970  4.905  4.710  4.927
4.677  4.714  4.543  4.583  4.727  4.710  4.811  4.708  4.820  4.779  4.860  4.710  4.812  4.836  4.963  4.717  4.595  4.623  4.727  4.654  4.828  4.771  4.812  4.812  4.543  4.595  4.575  4.541  4.477  4.595  4.804  4.585  4.486  4.605  4.564  4.748  4.671  4.671  4.673  4.394  4.443  4.575
4.416  4.394  4.498  4.472  4.344  4.344  4.443  4.644  4.500  4.635  4.344  4.522  4.615  4.605  4.554  4.477  4.466  4.509  4.522  4.290  4.543  4.376  4.317  4.382  4.317  4.238  4.127  4.304  4.127  4.127  4.369  4.288  3.912  4.419  4.263  4.373  4.212  4.304  4.241  4.256  4.220  4.328
4.736  4.554  4.691  4.431  4.615  4.394  4.516  4.498  4.564  4.717  4.500  4.625  4.541  4.546  4.615  4.466  4.538  4.543  4.615  4.743  4.511  4.554  4.511  4.431  4.595  4.428  4.466  4.419  4.419  4.382  4.369  4.527  4.111  4.477  4.588  4.543  4.348  4.489  4.407  4.324  4.380  4.533
4.034  4.174  4.575  3.912  4.057  3.932  4.111  4.094  4.111  4.159  4.022  4.187  4.357  4.234  4.167  3.951  4.127  4.004  4.111  4.263  4.156  4.182  4.007  3.932  3.989  4.111  4.043  4.025  3.951  4.060  4.094  4.007  3.714  3.892  4.407  3.989  4.007  3.908  3.970  3.942  3.951  4.043
5.434  5.265  5.394  5.220  5.269  5.308  5.317  5.363  5.347  5.573  5.460  5.442  5.429  5.288  5.517  5.263  5.298  5.220  5.513  5.485  5.495  5.565  5.451  5.568  4.984  5.081  5.165  5.227  5.043  5.118  5.198  5.204  5.333  5.193  5.276  5.293  5.242  5.193  5.192  5.145  5.257  5.233
5.846  5.707  5.830  5.606  5.764  5.617  5.778  5.721  5.766  6.125  5.858  5.836  5.787  5.724  5.962  5.624  5.710  5.631  5.971  5.724  5.924  5.829  5.677  5.905  5.651  5.591  5.620  5.482  5.469  5.794  5.746  5.707  5.717  5.527  5.852  5.800  5.591  5.594  5.535  5.662  5.639  5.533
4.466  4.290  4.428  4.344  4.382  4.419  4.443  4.407  4.363  4.585  4.522  4.489  4.640  4.520  4.644  4.344  4.394  4.511  4.454  4.533  4.585  4.431  4.328  4.394  4.392  4.335  4.331  4.220  4.277  4.301  4.407  4.094  4.460  4.357  4.466  4.440  4.290  4.407  4.489  4.197  4.234  4.644
4.942  4.623  4.766  4.533  4.663  4.736  4.625  4.796  4.700  4.875  4.883  4.736  5.004  4.756  4.970  4.736  4.578  4.710  4.949  4.779  4.700  4.812  4.682  4.812  4.625  4.644  4.615  4.745  4.511  4.527  4.730  4.736  4.736  4.852  4.754  4.615  4.668  4.787  4.828  4.718  4.522  4.533
4.787  4.710  4.620  4.605  4.633  4.538  4.477  4.595  4.585  4.595  4.489  4.489  4.710  4.804  4.844  4.585  4.605  4.663  4.663  4.615  4.787  4.595  4.736  4.736  4.466  4.407  4.382  4.466  4.263  4.511  4.522  4.511  4.595  4.522  4.625  4.585  4.663  4.654  5.509  4.554  4.369  4.635
4.060  4.248  4.220  4.111  4.127  4.202  4.078  4.143  4.187  4.174  4.220  3.951  4.388  4.304  4.475  4.111  4.108  4.143  4.263  4.143  4.407  4.304  4.127  4.357  4.103  4.127  4.060  4.074  3.951  3.989  4.111  4.025  3.951  4.256  4.094  4.187  4.234  4.108  4.127  4.025  4.127  4.127
4.734  4.564  4.796  4.682  4.723  4.682  4.554  4.779  4.802  4.959  4.812  4.727  4.760  4.820  4.919  4.696  4.779  4.700  4.727  4.905  4.787  4.625  4.522  4.787  4.633  4.543  4.554  4.615  4.419  4.500  4.552  4.538  4.654  4.615  4.682  4.662  4.739  4.489  4.673  4.477  4.543  4.812
4.511  4.190  4.288  4.143  4.388  4.331  4.304  4.357  4.443  4.500  4.416  4.357  4.472  4.443  4.520  4.277  4.304  4.386  4.331  4.477  4.514  4.317  4.392  4.394  4.194  4.190  4.304  4.277  4.274  4.290  4.416  4.277  4.344  4.290  4.234  4.187  4.328  4.263  4.317  4.234  4.288  4.290
4.190  4.290  4.234  4.007  4.246  4.212  4.159  4.466  4.220  4.394  4.234  4.454  4.367  4.564  4.304  4.007  4.263  4.159  4.190  4.248  4.248  4.263  4.248  4.344  4.127  4.220  4.234  4.248  4.156  4.205  4.111  4.159  4.234  4.205  4.094  4.263  3.970  4.043  4.187  4.143  4.190  4.156
4.407  4.234  4.248  4.304  4.297  4.344  4.407  4.304  4.290  4.454  4.241  4.394  4.477  4.536  4.454  4.263  4.443  4.331  4.357  4.440  4.394  4.344  4.290  4.190  4.190  4.164  4.295  3.989  4.220  4.111  4.290  4.263  4.386  4.331  4.369  4.290  4.443  4.190  4.274  4.127  4.357  4.190
4.966  4.816  4.920  4.905  4.836  4.944  4.754  4.779  4.828  4.898  4.836  4.959  4.968  4.875  5.004  4.699  4.762  4.874  4.944  5.004  4.844  4.812  4.894  4.852  4.680  4.677  4.700  4.552  4.489  4.564  4.682  4.700  4.832  4.710  4.700  4.850  4.779  4.913  4.754  4.745  4.718  4.820
5.270  5.182  5.187  5.270  5.338  5.106  5.136  5.227  5.165  5.366  5.170  5.283  5.339  5.096  5.313  5.056  5.088  5.153  5.209  5.338  5.360  5.198  5.182  5.290  4.949  5.011  5.037  4.898  4.852  4.905  4.934  5.024  5.111  5.124  5.198  5.143  5.252  4.997  5.114  5.124  5.043  5.075
5.298  5.182  5.340  5.293  5.425  5.533  5.231  5.384  5.288  5.585  5.328  5.488  5.541  5.501  5.583  5.352  4.990  5.438  5.489  5.489  5.278  5.179  5.176  5.176  5.043  5.204  5.024  5.182  4.787  4.996  5.236  5.252  5.352  5.187  5.182  5.198  5.011  5.347  5.394  5.259  5.190  5.215
4.794  4.700  4.828  5.063  4.997  4.883  4.710  4.898  4.852  5.009  4.779  4.862  4.975  4.898  5.069  4.700  4.828  4.804  5.037  5.118  5.011  4.836  4.739  4.913  4.779  4.710  4.691  4.640  4.625  4.682  4.654  4.779  4.927  4.673  4.860  4.887  4.736  4.997  4.796  4.927  4.691  4.844
