4.317  4.187  3.829  4.140  4.263  4.290  4.472  4.317  4.489  4.533  4.344  4.575  4.530  4.369  4.361  4.263  3.989  4.034  4.407  4.171  4.140  4.290  4.057  4.094  4.174  4.190  4.217  4.190  3.807  4.043  4.205  3.871  3.989  3.932  4.212  4.274  4.143  4.159  3.989  4.143  4.043  4.361
3.434  3.401  3.258  3.526  3.555  3.584  3.605  3.526  3.401  3.497  3.258  3.526  3.664  3.450  3.664  3.466  3.555  3.367  3.761  3.584  3.584  3.526  3.401  3.555  3.584  3.332  3.520  3.367  3.497  3.401  3.555  3.332  3.401  3.466  3.497  3.428  3.555  3.434  3.434  3.466  3.434  3.395
4.984  5.032  4.942  4.828  4.920  5.050  5.094  4.890  4.982  5.124  4.954  5.037  5.100  5.064  5.081  5.004  4.290  4.898  4.554  4.875  4.997  4.949  4.907  4.881  4.800  4.858  4.852  4.816  4.552  4.718  4.760  4.777  4.654  4.979  5.043  4.860  4.905  4.754  4.762  4.875  4.585  4.812
4.635  4.585  4.498  4.613  4.477  4.533  4.752  4.682  4.663  4.868  4.585  4.585  4.754  4.673  4.682  4.673  4.422  4.554  4.440  4.525  4.605  4.564  4.505  4.452  4.625  4.392  4.354  4.382  4.341  4.382  4.452  4.443  4.454  4.500  4.727  4.419  4.575  4.416  4.431  4.407  4.533  4.489
4.771  4.595  4.477  4.691  4.538  4.708  4.625  4.654  4.623  4.727  4.663  4.836  4.804  4.700  4.804  4.754  4.575  4.608  4.963  4.997  4.804  4.860  4.868  5.004  4.613  4.727  4.530  4.489  4.416  4.477  4.595  4.369  4.494  4.754  4.642  4.625  4.443  4.511  4.564  4.477  4.419  4.635
4.060  4.025  4.034  4.220  4.205  4.159  4.344  4.111  4.341  4.205  4.078  4.263  4.489  4.290  4.335  4.290  4.248  4.205  4.615  4.828  4.522  4.820  4.875  4.913  4.159  4.220  4.040  3.989  3.892  3.976  3.989  4.060  4.091  4.060  4.111  3.970  4.174  4.078  4.025  3.932  3.951  4.277
6.182  5.969  6.068  6.023  6.114  6.118  6.082  6.244  6.105  6.397  6.170  6.138  6.258  6.089  6.152  6.103  5.991  6.089  6.277  6.069  6.121  6.004  6.019  6.120  5.979  5.979  6.066  6.023  5.830  5.950  6.100  5.941  5.969  5.991  6.079  6.009  6.022  6.109  6.081  5.958  5.943  6.075
5.568  5.489  5.342  5.315  5.375  5.447  5.515  5.545  5.525  5.684  5.752  5.619  5.541  5.451  5.553  5.460  5.416  5.513  5.481  5.341  5.556  5.366  5.438  5.635  5.333  5.347  5.447  5.525  5.303  5.252  5.609  5.333  5.320  5.472  5.598  5.403  5.505  5.489  5.407  5.329  5.416  5.384
6.238  5.999  6.075  6.006  6.188  6.290  6.083  6.091  6.194  6.211  6.242  6.267  6.218  6.065  6.148  6.098  5.954  6.157  6.192  6.006  6.199  5.881  6.021  5.971  5.927  6.140  5.956  6.038  5.919  5.958  6.087  5.864  5.974  6.136  6.026  6.006  6.186  6.181  6.019  6.073  6.064  6.011
5.999  5.844  5.805  5.876  5.805  6.025  5.852  5.984  5.995  5.951  6.100  6.005  5.922  5.841  6.001  5.874  5.649  5.826  5.958  5.876  6.026  5.956  5.835  5.938  5.740  5.797  5.802  5.816  5.529  5.617  5.979  5.649  5.771  5.805  5.796  5.914  5.922  5.892  5.866  5.802  5.817  5.820
4.511  4.394  4.522  4.311  4.394  4.431  4.425  4.505  4.511  4.615  4.452  4.533  4.530  4.475  4.644  4.431  4.304  4.564  4.657  4.533  4.511  4.357  4.363  4.382  4.392  4.369  4.369  4.419  4.111  4.274  4.394  4.205  4.328  4.466  4.277  4.419  4.477  4.382  4.382  4.331  4.369  4.466
3.932  3.892  3.951  3.761  3.882  3.951  3.784  3.951  4.025  3.970  3.888  3.989  4.127  4.013  4.078  4.111  3.928  3.807  3.989  4.025  4.108  3.784  3.850  3.807  3.829  3.829  3.850  3.846  3.714  3.714  3.689  3.976  3.861  3.892  3.829  3.714  3.738  3.761  3.761  3.664  3.829  3.807
3.932  3.638  4.025  3.898  3.871  4.127  3.871  4.040  3.932  3.912  3.829  4.060  4.111  4.025  4.025  3.951  3.871  3.892  3.970  3.857  4.043  3.850  3.846  3.892  3.807  3.846  3.829  3.714  3.611  3.892  3.714  3.807  4.007  3.912  3.807  3.850  3.850  3.871  3.714  3.807  3.846  3.976
3.638  3.526  3.638  3.709  3.526  3.584  3.555  3.638  3.658  3.497  3.555  3.555  3.714  3.689  3.684  3.526  3.497  3.555  3.738  3.714  3.664  3.611  3.555  3.638  3.466  3.738  3.584  3.526  3.360  3.611  3.466  3.638  3.466  3.584  3.466  3.638  3.497  3.584  3.367  3.466  3.401  3.434
3.434  3.401  3.367  3.296  3.555  3.526  3.434  3.784  3.481  3.434  3.332  3.526  3.689  3.584  3.689  3.497  3.584  3.490  3.526  4.304  3.555  3.434  3.332  3.555  3.332  3.367  3.332  3.434  3.296  3.332  3.367  3.367  3.466  3.434  3.401  3.490  3.367  3.401  3.434  3.584  3.395  3.219
3.367  3.367  3.520  3.526  3.428  3.434  3.497  3.497  3.434  3.555  3.428  3.332  3.434  3.584  3.671  3.466  3.367  3.459  3.738  4.234  3.526  3.526  3.497  3.497  3.296  3.434  3.466  3.466  3.332  3.401  3.401  3.466  3.550  3.395  3.360  3.459  3.434  3.526  3.360  3.258  3.526  3.401
5.628  5.451  5.620  5.682  5.572  5.691  5.687  5.620  5.746  5.715  5.537  5.629  5.659  5.598  5.842  5.501  5.641  5.434  5.733  5.781  5.733  5.670  5.533  5.781  5.717  5.481  5.505  5.293  5.403  5.468  5.334  5.565  5.561  5.572  5.561  5.537  5.549  5.467  5.505  5.394  5.594  5.278
5.732  5.609  5.659  5.752  5.727  5.702  5.652  5.654  5.673  5.865  5.652  5.853  5.762  5.613  5.869  5.644  5.638  5.694  5.878  5.932  5.765  5.732  5.561  5.858  5.591  5.561  5.602  5.455  5.545  5.513  5.576  5.659  5.631  5.644  5.656  5.635  5.591  5.634  5.565  5.545  5.662  5.576
4.111  3.989  4.043  4.034  4.078  4.040  3.807  4.007  3.932  4.060  4.060  4.159  4.190  4.078  4.234  3.807  3.967  4.127  4.159  3.989  3.989  3.892  3.989  4.143  3.714  3.829  4.025  3.835  3.638  3.701  3.850  3.733  3.951  3.871  3.912  4.004  3.689  3.951  3.989  3.970  3.892  3.951
3.401  3.497  3.490  3.497  3.526  3.367  3.434  3.497  3.497  3.526  3.401  3.497  3.761  3.689  3.689  3.497  3.434  3.360  3.555  3.611  3.611  3.689  3.555  3.526  3.367  3.367  3.434  3.296  3.367  3.360  3.367  3.584  3.428  3.367  3.466  3.526  3.401  3.434  3.497  3.526  3.401  3.466
4.710  4.595  4.828  4.500  4.771  4.934  4.630  4.685  4.659  4.820  4.710  4.883  5.032  4.844  4.862  4.585  4.543  4.942  4.984  4.673  4.721  4.511  4.682  4.828  4.525  4.754  4.745  4.717  4.615  4.509  4.567  4.248  4.615  4.623  4.419  4.633  4.644  4.625  4.663  4.668  4.554  4.875
4.069  4.127  4.043  3.951  4.094  3.989  3.989  4.174  4.013  3.970  4.094  4.060  4.369  4.431  4.354  3.970  4.127  4.127  4.304  4.094  4.127  4.143  4.190  4.205  4.025  4.078  4.007  3.989  3.871  3.714  3.970  3.835  4.057  3.989  3.932  4.094  3.912  4.060  4.022  3.871  4.022  4.111
