4.331  4.140  4.187  4.078  4.159  4.290  4.043  4.277  4.290  4.344  4.304  4.413  4.533  4.386  4.443  4.156  4.290  4.317  4.410  4.190  4.331  4.263  4.277  4.220  4.111  4.187  4.004  3.989  4.007  4.099  4.220  4.103  4.197  4.182  4.202  4.205  4.099  4.127  4.043  4.234  4.094  4.159
4.489  4.350  4.277  4.419  4.317  4.277  4.440  4.373  4.431  4.500  4.357  4.394  4.443  4.407  4.404  4.248  4.263  4.190  4.454  4.331  4.489  4.394  4.263  4.304  4.234  4.304  4.270  4.174  4.164  4.022  4.248  4.324  4.248  4.373  4.376  4.248  4.301  4.344  4.202  4.227  4.159  4.277
5.743  5.517  5.629  5.580  5.642  5.705  5.564  5.659  5.565  5.814  5.784  5.714  5.545  5.666  5.727  5.673  5.328  5.460  5.743  5.663  5.697  5.496  5.591  5.609  5.318  5.416  5.513  5.444  5.308  5.337  5.588  5.425  5.485  5.429  5.472  5.498  5.583  5.583  5.601  5.455  5.403  5.505
6.045  5.961  5.986  5.900  5.924  5.996  5.997  6.035  5.948  6.047  6.096  6.107  6.068  6.051  6.094  5.991  5.856  5.861  6.019  5.953  6.009  5.969  6.001  5.981  5.753  5.808  5.790  5.749  5.631  5.802  6.036  5.817  5.835  5.846  5.883  5.902  5.935  5.993  5.932  5.817  5.911  5.796
4.143  4.171  4.174  4.060  4.159  4.007  4.248  4.025  4.007  4.111  4.220  4.263  4.454  4.094  4.367  4.187  3.951  4.060  4.111  4.174  4.443  4.174  4.205  4.197  4.094  4.094  4.111  4.143  4.025  3.912  4.127  4.174  4.151  4.281  4.331  4.103  4.111  3.970  4.078  4.143  3.989  4.111
4.094  3.888  3.951  3.892  3.912  3.761  3.951  3.970  3.829  4.108  4.043  4.007  4.111  4.190  4.111  3.807  3.932  4.043  3.989  4.127  4.007  3.829  4.025  3.829  3.807  3.850  3.951  3.714  3.584  3.738  4.043  3.829  3.932  3.846  3.951  3.784  3.850  3.714  3.989  4.025  3.802  3.807
6.344  6.180  6.161  6.244  6.282  6.237  6.297  6.199  6.277  6.426  6.321  6.420  6.387  6.301  6.410  6.261  6.184  6.217  6.344  6.258  6.246  6.284  6.321  6.410  6.178  6.057  6.153  6.009  5.932  6.058  6.190  6.103  6.047  6.155  6.201  6.213  6.223  6.122  6.089  6.136  5.994  6.227
6.418  6.380  6.402  6.418  6.349  6.361  6.516  6.340  6.405  6.589  6.439  6.544  6.504  6.412  6.569  6.448  6.332  6.413  6.534  6.441  6.553  6.428  6.436  6.502  6.275  6.301  6.306  6.216  6.066  6.205  6.285  6.234  6.268  6.444  6.361  6.362  6.344  6.245  6.175  6.242  6.192  6.345
4.277  4.220  4.500  4.328  4.324  4.331  4.174  4.317  4.615  4.425  4.270  4.466  4.522  4.407  4.832  4.440  4.324  4.277  4.489  4.369  4.625  4.369  4.331  4.277  4.410  4.357  4.315  4.246  4.143  4.190  4.127  4.317  4.331  4.174  4.578  4.304  4.290  4.007  4.174  4.263  4.156  4.382
5.198  5.069  5.100  5.049  4.958  5.050  5.170  5.165  5.066  5.268  5.132  5.100  5.192  5.077  5.246  5.055  5.126  4.990  5.252  5.153  5.280  5.075  5.056  5.030  5.030  4.905  4.831  4.961  4.779  4.963  5.150  5.004  4.940  4.977  5.143  5.209  5.061  4.942  4.913  4.949  4.911  5.094
5.236  5.017  5.142  5.226  5.228  5.262  4.963  5.187  5.112  5.130  5.268  5.159  5.268  5.204  5.215  5.043  4.812  5.153  5.143  5.120  5.198  4.890  5.050  5.050  4.913  4.860  4.977  4.920  4.710  4.840  5.140  5.100  5.078  5.412  5.557  5.429  4.970  5.185  5.328  5.017  4.890  5.081
5.642  5.617  5.561  5.546  5.561  5.553  5.606  5.565  5.545  5.717  5.704  5.620  5.680  5.645  5.765  5.484  5.537  5.525  5.724  5.589  5.663  5.505  5.472  5.580  5.541  5.382  5.455  5.403  5.371  5.303  5.521  5.403  5.560  5.447  5.557  5.505  5.531  5.472  5.406  5.378  5.398  5.501
4.779  4.762  4.700  4.844  4.808  5.017  4.727  4.682  4.875  4.984  4.836  4.856  4.879  4.883  5.017  4.847  4.777  4.710  4.934  4.937  4.945  4.883  4.875  4.970  4.879  4.796  4.920  4.911  4.796  4.890  5.649  5.472  5.453  6.480  6.433  6.438  4.828  4.682  4.804  4.787  4.595  4.710
5.112  5.011  4.980  5.056  5.142  5.056  5.017  5.040  5.032  5.105  5.187  5.187  5.198  4.970  5.252  5.021  4.934  5.009  5.165  5.130  5.088  5.011  5.068  5.153  4.843  4.754  4.898  4.828  4.691  4.913  5.024  4.970  4.975  4.977  4.934  5.075  5.017  5.140  5.003  5.032  4.963  5.017
4.404  4.304  4.477  4.263  4.394  4.331  4.419  4.317  4.290  4.511  4.373  4.317  4.454  4.419  4.564  4.466  4.407  4.317  4.443  4.543  4.357  4.263  4.477  4.367  4.127  4.022  4.317  4.281  4.148  4.248  4.304  4.304  4.290  4.234  4.317  4.290  4.357  4.304  4.174  4.290  4.174  4.288
5.577  5.371  5.505  5.390  5.513  5.416  5.425  5.513  5.273  5.602  5.412  5.583  5.545  5.446  5.548  5.398  5.375  5.446  5.521  5.598  5.580  5.412  5.344  5.447  5.244  5.209  5.193  5.130  5.063  5.181  5.333  5.328  5.359  5.384  5.453  5.438  5.257  5.371  5.371  5.263  5.283  5.357
5.499  5.375  5.386  5.460  5.328  5.389  5.357  5.323  5.352  5.497  5.472  5.361  5.647  5.447  5.576  5.393  5.442  5.455  5.384  5.395  5.428  5.347  5.411  5.407  5.147  5.193  5.267  5.257  5.165  5.333  5.374  5.187  5.338  5.361  5.375  5.308  5.407  5.412  5.247  5.220  5.215  5.313
4.570  4.644  4.543  4.382  4.644  4.680  4.673  4.605  4.615  4.673  4.564  4.804  4.787  4.727  4.905  4.549  4.644  4.533  4.575  4.875  4.673  4.564  4.687  4.644  4.452  4.416  4.522  4.613  4.466  4.522  4.752  4.682  4.564  4.644  4.762  4.727  4.543  4.605  4.394  4.454  4.357  4.564
5.481  5.021  5.325  5.357  5.287  5.394  5.176  5.283  5.342  5.537  5.287  5.434  5.576  5.367  5.375  5.143  5.198  5.268  5.416  5.617  5.272  5.187  5.170  5.209  5.094  5.328  5.063  5.147  4.990  4.990  5.112  5.100  5.380  5.236  5.170  5.263  5.124  5.288  5.176  5.357  5.182  5.361
4.700  4.680  4.736  4.710  4.564  4.771  4.562  4.603  4.673  4.796  4.680  4.800  4.828  4.794  4.673  4.394  4.691  4.615  4.963  4.982  4.792  4.625  4.663  4.647  4.511  4.608  4.595  4.554  4.419  4.883  4.304  4.533  4.787  4.511  4.860  4.691  4.585  4.649  4.382  4.543  4.635  4.585
5.841  5.572  5.638  5.673  5.696  5.737  5.645  5.707  5.628  5.855  5.814  4.304  5.940  5.678  5.956  5.656  5.561  5.753  5.645  5.757  5.690  5.727  5.666  5.687  5.412  5.513  5.468  5.537  5.429  5.517  5.600  5.570  5.576  5.600  5.645  5.687  5.533  5.717  5.727  5.620  5.447  5.587
5.317  5.133  5.145  5.288  5.270  5.147  5.081  5.124  5.118  5.297  5.288  4.234  5.298  5.156  5.303  5.176  5.135  5.263  5.176  5.187  5.374  5.170  5.043  5.303  4.990  4.984  5.094  5.056  5.017  5.109  5.118  5.069  5.004  5.130  5.145  5.303  5.056  5.323  5.165  5.112  4.956  5.130
