3.526  3.611  3.466  3.497  3.526  3.401  3.605  3.632  3.638  3.829  3.490  3.638  3.555  3.761  3.689  3.611  3.466  3.638  3.733  3.951  3.638  3.555  3.526  3.611  3.555  3.689  3.526  3.555  3.332  3.401  3.689  3.611  3.459  3.584  3.466  3.497  3.497  3.584  3.332  3.497  3.401  3.555
3.367  3.555  3.332  3.258  3.367  3.332  3.219  3.584  3.466  3.401  3.526  3.401  3.555  3.526  3.497  3.401  3.288  3.296  3.526  3.466  3.332  3.401  3.296  3.466  3.332  3.332  3.367  3.296  3.258  3.434  3.434  3.332  3.332  3.401  3.401  3.332  3.332  3.367  3.466  3.135  3.296  3.367
4.301  4.127  4.078  3.989  4.277  4.585  4.477  4.025  4.511  4.431  4.344  4.615  4.354  4.500  4.554  4.220  3.998  4.205  4.094  4.277  4.428  4.301  4.304  4.288  4.288  4.477  4.040  4.159  3.989  4.091  4.205  4.127  4.290  4.025  4.317  4.281  4.277  4.143  4.159  3.989  4.234  4.013
3.584  3.555  3.434  3.401  3.578  3.490  3.671  3.526  3.664  3.689  3.555  3.664  3.829  3.738  3.871  3.611  3.466  3.555  3.550  3.829  3.584  3.578  3.761  3.611  3.434  3.584  3.689  3.401  3.638  3.497  3.497  3.526  3.584  3.611  3.555  3.570  3.434  3.555  3.605  3.611  3.497  3.367
4.007  4.174  4.025  3.829  4.025  4.111  4.159  4.007  4.127  4.111  4.290  4.234  4.260  4.143  4.304  4.119  3.857  4.016  4.094  4.187  4.227  4.190  4.052  4.190  3.970  4.022  4.025  4.094  3.928  3.951  4.135  3.912  3.989  4.127  4.060  4.174  4.143  4.007  3.951  3.989  3.871  4.159
4.132  4.007  4.025  3.807  3.932  3.970  3.989  4.007  3.989  4.143  4.103  3.970  4.197  4.022  4.248  3.932  3.871  4.007  3.967  4.304  4.078  3.985  4.022  4.007  4.016  3.892  3.850  3.871  3.807  3.757  4.052  3.888  3.807  3.912  3.892  3.989  3.761  3.761  3.871  3.784  3.689  3.912
5.509  5.525  5.460  5.609  5.561  5.461  5.649  5.561  5.631  5.775  5.644  5.724  5.635  5.587  5.545  5.578  5.338  5.602  5.703  5.497  5.537  5.451  5.557  5.497  5.391  5.537  5.455  5.378  5.276  5.468  5.429  5.337  5.412  5.565  5.442  5.472  5.273  5.525  5.435  5.565  5.398  5.482
5.075  5.043  5.024  4.949  4.866  4.828  5.238  4.979  5.017  5.123  5.053  5.165  4.997  5.081  4.942  5.069  4.796  4.796  4.963  4.868  5.078  4.970  4.949  4.942  4.804  4.997  4.843  4.836  4.635  5.024  4.824  4.754  4.727  4.926  5.105  4.820  4.804  4.644  4.898  4.812  4.718  4.852
4.874  4.804  4.883  4.736  4.883  4.879  4.779  4.820  4.847  4.961  4.977  4.934  5.050  4.942  5.024  4.831  4.644  5.004  4.736  4.828  4.745  4.644  4.710  4.875  4.745  4.710  4.754  4.671  4.522  4.682  4.745  4.603  4.615  4.699  4.652  4.804  4.736  4.710  4.654  4.787  4.573  4.682
4.274  4.344  4.143  4.443  4.190  4.159  4.369  4.357  4.301  4.304  3.951  4.382  4.407  4.357  4.431  4.328  4.277  4.159  4.344  4.382  4.466  4.277  4.205  4.263  4.304  4.357  4.263  3.970  4.060  4.108  4.174  4.156  4.234  4.304  4.190  4.248  4.094  4.060  4.127  4.040  3.970  4.060
4.197  4.094  4.043  4.043  4.007  4.007  4.025  3.951  4.060  4.159  4.143  4.074  4.220  4.290  4.263  4.086  3.912  3.932  4.111  4.205  4.025  4.004  3.989  4.288  3.850  3.995  3.892  4.025  3.932  3.807  4.094  3.761  3.970  3.850  3.871  4.091  4.248  3.850  3.892  3.989  3.664  3.871
3.912  3.970  3.824  4.159  3.784  3.850  4.043  4.025  4.007  3.951  3.839  3.951  4.007  3.912  3.951  3.807  3.892  3.664  4.164  4.043  4.060  4.043  3.888  3.932  4.060  3.951  3.784  3.611  3.714  3.689  3.932  4.007  4.043  3.871  3.970  3.850  3.780  3.784  3.689  3.714  3.824  3.846
4.227  4.205  4.007  4.007  4.060  4.007  3.989  4.220  4.043  4.205  3.912  4.205  4.069  4.025  4.086  3.951  4.094  4.004  4.171  3.951  4.290  4.127  4.007  4.174  3.989  4.091  4.069  4.007  3.850  4.007  3.932  4.007  3.951  3.967  4.004  4.127  3.989  3.951  3.802  3.867  3.784  3.970
3.850  3.664  3.761  3.784  3.871  3.932  3.807  3.871  3.892  4.043  3.846  3.951  4.108  3.807  3.912  3.850  3.850  3.951  4.022  4.060  4.007  3.928  3.807  3.807  3.757  3.888  3.850  3.671  3.497  3.555  3.714  3.784  3.807  3.970  3.976  3.839  3.871  3.761  3.664  3.638  3.611  3.829
4.007  4.025  4.127  4.174  3.989  4.174  4.043  4.248  4.263  4.277  4.234  4.290  4.331  4.194  4.263  4.234  4.060  4.007  4.248  4.443  4.205  4.103  4.111  4.025  4.111  4.094  4.111  3.967  3.871  4.179  3.912  3.951  4.043  4.248  4.127  4.127  4.111  4.025  4.111  3.871  3.967  4.103
3.664  3.761  3.824  3.932  3.689  3.824  3.709  3.850  3.784  4.025  3.733  3.829  3.807  3.867  3.871  3.689  3.871  3.664  3.807  4.091  3.807  3.882  3.638  3.850  3.761  3.611  3.689  3.761  3.584  3.802  3.664  3.689  3.714  3.846  3.555  3.761  3.738  3.784  3.738  3.584  3.526  3.745
4.771  4.721  4.673  4.827  4.673  4.787  4.727  4.820  4.673  5.153  4.804  4.796  4.835  4.883  4.920  4.615  4.570  4.796  5.043  4.812  4.977  4.554  4.787  4.564  4.663  4.736  4.625  4.771  4.394  4.635  4.745  4.654  4.691  4.836  4.700  4.615  4.760  4.700  4.705  4.762  4.860  4.700
4.263  4.111  4.220  4.159  4.174  4.205  4.187  4.190  4.394  4.304  4.315  4.382  4.407  4.511  4.543  4.190  4.344  4.290  4.452  4.317  4.454  4.060  4.331  4.382  4.159  4.331  4.205  4.187  3.932  4.094  4.190  4.514  4.111  4.369  4.304  4.241  4.284  4.205  4.263  4.227  4.159  4.040
5.069  4.522  4.883  4.898  5.009  4.956  4.718  4.777  4.754  5.075  4.890  4.956  4.999  4.760  5.024  4.708  4.718  5.017  4.944  5.030  4.920  4.762  4.727  4.734  4.754  4.905  4.673  4.864  4.573  4.511  4.585  4.816  4.984  4.710  4.787  4.836  4.787  4.875  4.958  4.913  4.726  4.787
3.784  3.871  3.970  4.074  3.951  3.932  3.807  3.871  3.761  4.094  3.892  3.784  4.083  4.111  4.248  3.892  4.025  3.892  4.025  4.060  3.989  3.928  3.932  3.985  3.871  3.912  3.871  3.892  3.684  3.761  3.757  4.034  3.892  3.733  3.829  4.007  3.802  3.970  3.902  3.714  3.850  3.989
4.745  4.511  4.595  4.613  4.522  4.745  4.533  4.585  4.804  4.804  4.718  4.754  4.812  4.820  4.787  4.567  4.369  4.796  4.754  4.727  4.554  4.575  4.564  4.486  4.583  4.615  4.710  4.575  4.304  4.220  4.509  4.197  4.554  4.615  4.500  4.570  4.407  4.673  4.575  4.682  4.663  4.649
3.951  3.932  3.829  3.892  3.970  3.829  3.829  3.829  3.892  3.951  3.932  3.932  4.143  4.007  4.220  3.780  3.850  3.638  4.043  3.892  3.928  3.850  3.932  3.871  3.757  3.850  3.857  3.871  3.605  3.714  3.846  3.638  4.007  3.784  3.761  3.738  3.807  3.784  3.871  3.611  3.807  3.850
