3.632  3.689  3.761  3.466  3.689  3.726  3.664  3.784  3.784  3.761  3.611  3.664  3.638  3.738  3.807  3.555  3.638  3.689  3.689  3.989  3.761  3.689  3.689  3.664  3.802  3.584  3.689  3.497  3.541  3.611  3.619  3.664  3.584  3.689  3.526  3.638  3.611  3.526  3.689  3.638  3.638  3.555
3.555  3.784  3.714  3.497  3.908  3.970  3.664  3.784  3.738  3.807  3.526  3.850  3.877  3.850  4.025  3.951  3.761  3.829  3.784  3.850  3.829  3.761  3.784  3.867  3.813  3.807  3.664  3.638  3.611  3.658  3.757  3.638  3.761  3.664  3.638  3.689  3.709  3.829  3.638  3.526  3.709  3.689
4.431  4.143  4.234  3.995  4.190  4.489  4.419  4.344  4.328  4.477  4.290  4.369  4.443  4.256  4.344  4.317  4.220  4.382  4.234  4.234  4.344  4.143  4.234  4.025  3.989  4.022  4.078  4.263  3.947  4.034  4.066  4.127  4.094  4.248  4.127  4.043  4.234  4.108  4.190  4.094  4.078  4.220
3.738  3.584  3.721  3.638  3.784  3.714  3.555  3.850  3.846  3.714  3.689  3.932  3.638  3.912  3.892  3.638  3.526  3.611  3.829  3.970  3.784  3.664  3.714  3.689  3.689  3.684  3.689  3.684  3.466  3.512  3.605  3.555  3.664  3.807  3.611  3.658  3.611  3.638  3.689  3.584  3.541  3.555
5.262  5.037  5.024  4.949  4.963  4.927  5.063  4.977  5.075  5.170  4.989  5.058  5.037  5.053  4.989  4.890  4.796  4.963  5.047  5.011  4.927  4.987  4.858  4.956  4.852  4.852  4.920  4.691  4.511  4.771  4.860  4.973  4.836  4.970  5.063  5.176  4.926  4.819  4.811  4.804  4.734  4.902
5.476  5.497  5.561  5.452  5.438  5.533  5.525  5.421  5.505  5.670  5.505  5.635  5.652  5.481  5.568  5.472  5.425  5.342  5.416  5.529  5.517  5.427  5.425  5.539  5.533  5.283  5.398  5.298  5.220  5.338  5.380  5.378  5.412  5.371  5.501  5.525  5.345  5.476  5.371  5.338  5.306  5.342
5.136  4.796  5.050  4.970  4.975  4.963  4.963  5.069  4.868  5.182  5.030  4.961  5.037  4.975  5.024  4.868  4.727  5.017  4.890  4.883  4.852  4.905  4.820  4.875  4.727  4.883  4.820  4.860  4.710  4.691  4.828  4.745  4.836  4.942  4.852  4.812  4.739  4.890  4.812  4.881  4.682  4.741
4.949  4.754  4.920  4.769  4.802  4.779  4.727  4.745  4.828  5.069  4.934  4.860  4.890  4.875  4.812  4.727  4.710  4.844  4.919  4.992  4.779  4.779  4.635  4.820  4.575  4.567  4.691  4.710  4.530  4.625  4.771  4.762  4.710  4.771  4.771  4.913  4.804  4.832  5.039  4.694  4.625  4.585
4.466  4.304  4.317  4.220  4.428  4.422  4.277  4.431  4.290  4.277  4.159  4.477  4.522  4.522  4.477  4.344  4.248  4.335  4.469  4.419  4.543  4.745  4.454  4.595  4.297  4.190  4.263  4.344  4.281  4.454  4.522  4.554  4.691  4.304  4.431  4.304  4.331  4.344  4.111  4.234  4.159  4.431
4.025  3.951  4.025  4.094  3.928  4.043  3.932  4.111  4.057  4.127  3.807  4.060  4.205  4.078  4.202  4.007  3.951  4.174  4.234  4.174  4.167  4.034  4.111  4.220  3.970  4.060  3.912  3.989  3.967  4.369  4.043  4.111  4.407  4.197  3.850  4.127  4.159  4.025  3.932  4.057  4.004  4.127
4.489  4.489  4.308  4.394  4.357  4.382  4.431  4.489  4.304  4.580  4.464  4.615  4.633  4.580  4.541  4.615  4.454  4.489  4.452  4.575  4.466  4.533  4.248  4.466  4.357  4.443  4.431  4.234  4.190  4.127  4.483  4.331  4.248  4.304  4.357  4.407  4.410  4.458  4.382  4.500  4.263  4.290
4.060  4.060  3.928  4.124  4.078  3.970  3.784  3.970  3.871  4.007  3.882  4.025  4.182  4.078  4.205  3.784  4.060  3.989  4.060  4.025  3.989  3.912  3.980  4.007  4.016  3.829  3.932  3.733  3.684  3.780  3.922  3.970  3.871  3.970  3.912  3.850  3.761  3.932  3.932  3.970  3.892  3.892
3.861  3.611  3.850  3.761  3.824  3.829  3.750  3.898  3.807  3.989  3.638  3.689  3.932  3.839  3.908  3.714  3.689  3.839  3.861  3.970  3.714  3.784  3.684  3.932  3.664  3.714  3.664  3.689  3.807  3.761  3.645  3.807  3.689  3.611  3.689  3.611  3.658  3.850  3.761  3.664  3.912  3.611
3.597  3.555  3.434  3.497  3.592  3.434  3.434  3.638  3.638  3.555  3.434  3.401  3.638  3.664  3.664  3.401  3.401  3.526  3.861  3.738  3.526  3.526  3.434  3.664  3.497  3.584  3.466  3.526  3.367  3.466  3.584  3.526  3.434  3.466  3.611  3.434  3.367  3.584  3.367  3.401  3.466  3.466
4.477  4.654  4.407  4.522  4.613  4.394  4.533  4.357  4.425  4.682  4.541  4.533  4.787  4.749  4.663  4.635  4.727  4.644  4.533  4.533  4.673  4.554  4.588  4.668  4.270  4.382  4.404  4.369  4.317  4.308  4.443  4.431  4.492  4.511  4.489  4.625  4.477  4.443  4.585  4.357  4.256  4.304
3.871  3.908  3.839  3.951  3.784  3.784  3.912  3.829  3.714  3.829  3.989  3.951  4.078  4.007  4.040  3.813  3.912  3.745  3.912  3.892  4.094  4.025  3.861  3.970  3.829  3.871  3.861  3.761  3.664  3.807  3.829  3.689  3.780  3.750  3.932  3.829  3.761  3.813  3.871  3.807  3.689  3.784
4.575  4.248  4.595  4.828  4.603  4.419  4.413  4.094  4.290  4.220  4.190  4.111  4.231  4.263  4.331  4.171  4.103  4.205  4.386  4.328  4.341  4.248  4.103  4.094  4.060  3.985  3.967  4.078  3.932  4.174  4.248  4.466  4.220  4.143  4.394  4.111  3.989  4.143  3.989  4.094  4.111  4.143
4.717  4.466  4.543  4.771  4.663  4.489  4.533  4.466  4.419  4.575  4.522  4.585  4.644  4.511  4.654  4.440  4.500  4.382  4.682  4.734  4.541  4.595  4.337  4.498  4.466  4.369  4.331  4.190  4.357  4.331  4.304  4.419  4.575  4.317  4.489  4.419  4.331  4.357  4.335  4.205  4.304  4.290
4.234  3.989  4.159  4.111  4.078  4.031  4.190  3.985  4.127  4.094  4.007  4.127  4.167  4.263  4.197  4.007  4.060  4.031  4.202  4.277  4.078  4.078  4.060  4.108  4.004  3.957  4.094  4.111  3.807  3.892  3.951  4.187  4.069  4.094  4.007  4.174  4.007  4.043  4.007  4.043  4.078  3.967
4.866  4.691  4.898  4.836  4.836  4.718  4.625  4.708  4.700  4.828  4.708  4.820  4.929  4.926  5.011  4.673  4.836  4.816  4.905  4.835  4.871  4.808  4.682  4.812  4.852  4.762  4.663  4.605  4.443  4.633  4.583  4.673  4.820  4.625  4.812  4.852  4.522  4.718  4.736  4.662  4.691  4.786
4.007  3.989  4.127  4.007  4.078  4.060  4.040  4.108  4.108  4.143  4.060  4.174  4.111  4.227  4.197  3.989  4.140  4.111  4.202  4.440  4.190  4.078  3.947  4.190  4.078  4.094  4.127  4.111  3.989  3.951  4.043  4.078  4.263  4.007  4.078  4.060  3.912  4.025  3.970  3.985  4.083  4.069
4.187  4.078  4.043  4.060  4.248  4.220  4.304  4.094  4.410  4.220  4.111  4.234  4.477  4.220  4.419  4.111  4.301  4.174  4.367  4.422  4.331  4.369  4.167  4.263  4.190  4.159  4.263  4.220  4.143  4.124  4.143  4.159  4.466  4.248  4.357  4.382  4.159  4.094  4.078  4.127  4.140  4.331
