3.951  3.714  3.871  3.932  3.850  3.664  3.829  3.882  3.850  3.892  3.714  3.807  3.912  3.951  4.007  3.709  3.664  3.850  3.892  4.111  3.980  3.898  3.714  3.807  3.738  3.912  3.714  3.784  3.761  3.555  3.780  3.714  3.850  3.807  3.784  3.912  3.733  3.912  3.684  3.714  3.761  3.761
3.738  3.714  3.829  3.761  3.714  3.784  3.526  3.689  3.807  3.829  3.689  3.850  3.850  3.951  3.951  3.761  3.871  3.807  4.025  4.025  3.898  3.638  3.638  3.738  3.584  3.761  3.638  3.611  3.526  3.584  3.664  3.888  3.807  3.638  3.807  3.638  3.780  3.597  3.850  3.714  3.611  3.671
4.431  4.267  4.331  4.331  4.328  4.419  4.407  4.331  4.407  4.500  4.401  4.331  4.449  4.394  4.443  4.324  4.111  4.304  4.357  4.394  4.533  4.270  4.344  4.492  4.220  4.304  4.007  4.111  4.069  3.989  4.234  4.277  4.043  4.094  4.304  4.234  4.143  4.025  4.304  4.220  4.057  4.190
4.671  4.543  4.745  4.644  4.699  4.652  4.673  4.615  4.652  4.771  4.635  4.682  4.723  4.522  4.790  4.590  4.543  4.625  4.644  4.762  4.700  4.649  4.595  4.762  4.522  4.562  4.522  4.443  4.367  4.466  4.615  4.477  4.573  4.357  4.522  4.575  4.440  4.419  4.500  4.564  4.522  4.522
5.659  5.631  5.531  5.642  5.493  5.499  5.654  5.587  5.541  5.710  5.501  5.652  5.652  5.444  5.631  5.499  5.541  5.371  5.652  5.525  5.645  5.617  5.394  5.558  5.371  5.425  5.263  5.220  5.236  5.286  5.421  5.438  5.468  5.464  5.613  5.513  5.394  5.407  5.505  5.288  5.298  5.464
5.287  5.186  5.263  5.236  5.273  5.250  5.257  5.204  5.298  5.497  5.318  5.347  5.442  5.209  5.411  5.147  5.081  5.181  5.357  5.204  5.394  5.209  5.037  5.138  5.159  5.091  5.011  5.063  4.890  4.968  5.088  5.150  5.176  5.136  5.176  5.147  5.106  5.042  5.196  5.056  5.017  5.027
4.762  4.663  4.533  4.477  4.489  4.549  4.723  4.583  4.585  4.820  4.644  4.779  4.710  4.685  4.700  4.700  4.727  4.511  4.787  4.700  4.732  4.745  4.644  4.868  4.605  4.673  4.522  4.344  4.585  4.564  4.595  4.663  4.394  4.554  4.644  4.511  4.659  4.543  4.431  4.489  4.543  4.452
4.511  4.644  4.431  4.234  4.394  4.431  4.500  4.477  4.615  4.654  4.543  4.543  4.654  4.635  4.710  4.564  4.443  4.500  4.603  4.554  4.659  4.443  4.511  4.598  4.382  4.380  4.263  4.234  4.234  4.284  4.369  4.469  4.477  4.588  4.477  4.317  4.401  4.477  4.422  4.263  4.127  4.315
5.111  5.037  4.989  5.063  4.982  5.147  4.972  4.984  4.963  5.179  5.043  4.980  5.176  5.026  5.403  4.875  4.890  4.905  5.106  5.024  5.024  5.069  5.050  5.058  5.017  5.006  4.990  4.856  4.745  4.836  4.977  4.881  4.812  4.905  4.949  4.942  4.804  4.898  4.787  4.736  4.796  4.890
5.576  5.521  5.460  5.450  5.442  5.493  5.442  5.571  5.403  5.682  5.501  5.592  5.580  5.529  5.849  5.394  5.328  5.451  5.557  5.602  5.573  5.517  5.493  5.618  5.471  5.445  5.382  5.298  5.103  5.159  5.242  5.303  5.389  5.460  5.398  5.485  5.257  5.484  5.263  5.361  5.352  5.333
4.718  4.595  4.477  4.505  4.509  4.431  4.431  4.290  4.443  4.538  4.369  4.394  4.736  4.736  4.771  4.361  4.443  4.407  4.511  4.554  4.605  4.315  4.344  4.407  4.231  4.344  4.248  4.171  4.111  4.212  4.317  4.382  4.331  4.394  4.363  4.304  4.369  4.407  4.416  4.284  4.263  4.407
5.903  5.720  5.780  5.781  5.781  5.673  5.613  5.746  5.553  6.011  6.016  5.897  5.916  5.732  5.914  5.727  5.505  5.700  5.757  5.770  5.591  5.609  5.679  5.721  5.418  5.489  5.464  5.602  5.414  5.404  5.631  5.476  5.571  5.497  5.673  5.580  5.580  5.775  5.690  5.645  5.547  5.497
5.003  4.984  4.934  4.900  5.118  5.043  4.947  4.977  4.828  5.094  5.013  4.942  5.094  5.027  5.081  4.856  4.890  4.905  4.997  4.913  5.165  4.970  4.900  5.004  4.934  4.911  4.852  4.775  4.564  4.779  4.860  4.820  4.811  4.934  4.997  4.934  4.898  4.984  5.011  4.815  4.745  4.775
5.442  5.394  5.328  5.249  5.288  5.323  5.198  5.371  5.283  5.460  5.434  5.449  5.404  5.323  5.421  5.352  5.149  5.182  5.257  5.328  5.176  5.226  5.165  5.403  5.023  5.170  5.204  5.088  5.069  5.004  5.268  5.064  5.037  5.071  5.179  5.236  5.257  5.233  5.298  5.118  5.011  5.118
4.304  4.205  4.588  4.220  4.220  4.373  4.454  4.317  4.394  4.394  4.416  4.481  4.290  4.248  4.304  4.382  4.091  4.297  4.527  4.311  4.344  4.277  4.143  4.263  4.443  4.060  4.394  4.205  4.078  4.337  4.234  4.094  4.527  4.344  3.989  4.127  4.331  4.007  4.078  4.159  4.094  4.205
3.951  3.932  3.932  3.970  4.007  4.025  4.043  3.970  4.004  3.912  3.850  3.850  4.083  4.174  4.043  3.892  3.989  3.850  4.083  4.111  4.111  3.912  3.829  3.932  3.995  3.850  3.846  3.689  3.784  3.898  3.807  3.932  3.989  3.989  3.888  3.664  3.888  3.761  3.829  3.709  3.871  3.850
5.958  5.965  6.178  5.968  5.940  5.935  6.052  6.122  6.004  6.071  5.707  5.896  6.033  5.905  6.077  6.000  5.826  5.971  6.137  5.999  6.150  6.035  5.903  6.230  5.861  5.849  5.886  5.931  5.768  6.004  5.914  5.883  5.942  5.892  5.923  5.916  5.919  5.786  5.829  5.829  5.940  5.974
4.883  4.816  4.934  4.663  4.680  4.682  4.907  4.881  4.710  4.922  4.580  4.657  4.852  4.779  4.883  4.762  4.575  4.970  4.977  4.663  5.185  5.040  5.004  5.147  4.625  4.605  4.673  4.425  4.489  4.942  4.766  4.673  5.006  4.796  4.808  4.875  4.654  4.514  4.640  4.559  4.779  4.673
4.554  4.623  4.500  4.562  4.522  4.605  4.533  4.615  4.369  4.815  4.600  4.575  4.682  4.638  4.804  4.511  4.486  4.543  4.671  4.673  4.615  4.522  4.570  4.628  4.317  4.431  4.382  4.324  4.187  4.263  4.710  4.486  4.454  4.533  4.481  4.654  4.394  4.431  4.407  4.543  4.304  4.419
4.644  4.844  4.654  4.745  4.635  4.630  4.762  4.691  4.852  4.762  4.864  4.615  4.890  4.871  4.875  4.575  4.929  4.726  4.673  4.787  4.828  4.844  4.796  4.815  4.533  4.618  4.554  4.554  4.682  4.682  4.741  4.644  4.595  4.754  4.533  4.828  4.682  4.663  4.673  4.585  4.500  4.575
3.714  3.807  3.846  3.807  3.871  3.807  3.829  3.871  3.871  3.877  3.611  3.892  4.156  3.850  4.094  3.839  3.861  3.761  4.094  3.912  4.022  3.738  3.829  3.928  3.784  3.892  3.871  3.584  3.466  3.757  3.638  3.733  3.912  3.638  3.932  3.850  3.780  3.846  3.550  3.684  3.689  3.784
3.807  3.584  3.684  3.761  3.584  3.733  3.520  3.684  3.689  3.638  3.497  3.624  4.025  3.898  3.850  3.638  3.638  3.526  3.784  3.784  3.784  3.638  3.658  3.784  3.584  3.714  3.611  3.550  3.555  3.550  3.506  3.802  3.638  3.584  3.689  3.664  3.638  3.750  3.638  3.497  3.526  3.714
