6.056  5.714  5.814  5.627  5.775  5.900  5.743  5.794  5.759  6.010  5.945  5.922  5.881  5.849  5.945  5.802  5.501  6.075  5.814  5.810  5.852  5.705  5.814  5.690  5.533  5.656  5.645  5.695  5.323  5.568  5.637  5.438  5.493  5.606  5.521  5.680  5.753  5.707  5.695  5.808  5.481  5.753
4.915  4.625  4.710  4.428  4.682  4.691  4.554  4.533  4.644  4.927  4.812  4.673  4.787  4.736  4.654  4.673  4.331  4.745  4.595  4.486  4.685  4.407  4.727  4.605  4.308  4.419  4.605  4.460  4.234  4.492  4.559  4.263  4.234  4.382  4.533  4.543  4.564  4.440  4.407  4.564  4.357  4.382
6.271  6.033  6.190  6.048  6.229  6.316  6.080  6.213  6.169  6.321  6.258  6.302  6.385  6.279  6.321  6.194  5.897  6.271  6.236  6.104  6.186  6.059  6.124  6.080  6.074  6.146  6.112  6.180  5.882  5.935  6.148  5.951  5.999  6.131  6.023  6.126  6.151  6.240  6.087  6.290  6.068  6.170
5.790  5.676  5.666  5.482  5.713  5.775  5.854  5.697  5.835  5.820  5.894  5.908  5.988  5.971  5.909  5.746  5.566  5.672  5.814  5.541  5.768  5.606  5.694  5.561  5.670  5.687  5.699  5.604  5.553  5.545  5.778  5.486  5.561  5.635  5.642  5.764  5.617  5.576  5.620  5.697  5.541  5.606
6.215  5.883  6.071  5.855  6.191  6.207  5.940  6.075  6.064  6.333  6.328  6.141  6.275  6.153  6.176  5.953  5.529  6.154  5.864  5.759  5.700  5.742  5.994  5.869  5.771  5.930  5.919  6.019  5.677  5.903  6.014  5.620  5.736  5.889  5.808  5.939  5.945  6.040  5.964  5.962  5.730  6.023
4.494  4.394  4.290  4.304  4.407  4.687  4.357  4.419  4.615  4.654  4.625  4.407  4.685  4.708  4.635  4.511  4.337  4.464  4.290  4.437  4.492  4.344  4.454  4.407  4.317  4.354  4.498  4.419  4.140  4.124  4.369  4.094  4.253  4.443  4.344  4.398  4.369  4.317  4.263  4.317  4.159  4.440
5.557  5.472  5.521  5.525  5.515  5.561  5.690  5.580  5.663  5.781  5.730  5.733  5.724  5.649  5.633  5.576  5.549  5.614  5.730  5.663  5.606  5.546  5.535  5.464  5.517  5.523  5.513  5.533  5.438  5.505  5.468  5.411  5.549  5.501  5.583  5.471  5.494  5.481  5.444  5.480  5.438  5.557
4.949  4.745  4.798  4.796  4.717  4.828  5.078  4.996  5.011  5.123  4.911  4.927  4.997  4.905  4.977  4.827  4.762  4.808  4.970  4.949  4.844  4.916  4.883  4.920  4.896  4.796  4.860  4.754  4.730  4.769  4.710  4.727  4.802  4.905  5.016  4.844  4.858  4.812  4.771  4.762  4.727  4.898
5.864  5.670  5.690  5.670  5.922  5.858  5.771  5.730  5.878  5.842  5.846  5.912  5.864  5.818  5.840  5.793  5.472  5.915  5.811  5.760  5.645  5.481  5.661  5.587  5.668  5.707  5.613  5.743  5.434  5.517  5.684  5.439  5.743  5.711  5.576  5.768  5.710  5.743  5.673  5.852  5.561  5.795
4.673  4.748  4.590  4.500  4.676  4.543  4.663  4.635  4.736  4.824  4.575  4.819  4.796  4.786  4.736  4.635  4.541  4.691  4.700  4.710  4.585  4.554  4.726  4.771  4.500  4.673  4.635  4.533  4.344  4.434  4.595  4.357  4.454  4.578  4.554  4.663  4.564  4.380  4.234  4.304  4.290  4.552
5.930  5.792  5.790  5.718  5.964  6.009  5.846  5.889  5.958  5.866  5.976  5.421  6.048  6.052  6.054  5.787  5.693  6.004  5.817  5.673  5.904  5.798  5.906  5.894  5.692  5.775  5.775  5.826  5.690  5.624  5.938  5.669  5.553  5.817  5.866  5.943  5.986  5.447  5.802  5.948  5.624  5.677
4.852  5.056  4.644  4.743  4.860  4.977  5.004  4.787  4.832  4.804  5.094  4.156  5.198  5.050  5.056  4.866  4.820  4.905  4.893  4.787  5.043  4.741  5.118  5.063  4.710  4.779  4.913  4.779  4.691  4.644  4.997  4.875  4.522  4.835  4.970  5.004  4.963  4.317  4.868  4.956  4.454  4.673
6.461  6.203  6.368  6.319  6.217  6.261  6.198  6.246  6.258  6.372  6.279  6.345  6.180  6.064  6.136  6.209  6.151  6.270  6.409  6.372  6.232  6.221  6.237  6.194  6.109  6.248  6.248  6.196  6.054  6.046  5.914  6.109  6.277  6.349  6.225  6.215  6.282  6.298  6.254  6.301  6.221  6.323
4.820  4.831  4.828  4.913  4.691  4.812  4.771  4.771  4.905  4.920  4.852  4.852  4.787  4.820  4.828  4.824  4.898  4.828  4.905  4.927  4.927  4.883  4.787  4.804  4.870  4.727  4.718  4.511  4.625  4.564  4.522  4.727  4.796  4.875  4.868  4.804  4.654  4.595  4.671  4.615  4.787  4.860
5.638  5.505  5.533  5.638  5.642  5.688  5.455  5.606  5.617  5.576  5.673  5.717  5.676  5.630  5.805  5.561  5.316  5.595  5.710  5.511  5.595  5.484  5.505  5.481  5.594  5.529  5.489  5.517  5.209  5.296  5.293  5.489  5.416  5.505  5.438  5.561  5.412  5.609  5.545  5.463  5.476  5.507
5.061  5.011  4.883  5.043  5.004  5.121  4.970  5.037  4.970  5.112  4.984  5.130  5.198  5.103  5.165  4.956  4.890  5.081  5.088  5.056  5.236  4.990  5.069  5.050  4.875  4.836  4.787  4.868  4.691  4.700  4.824  4.913  4.970  4.812  4.942  5.081  4.913  4.963  4.963  4.852  4.787  4.922
6.926  6.880  6.786  6.871  6.968  6.980  6.774  6.806  6.854  6.903  6.844  6.943  6.974  6.860  7.006  6.798  6.661  6.870  6.893  6.747  6.788  6.856  6.834  6.819  6.736  6.707  6.690  6.651  6.501  6.669  6.715  6.624  6.672  6.741  6.729  6.761  6.820  6.806  6.780  6.818  6.629  6.742
6.144  6.292  6.052  6.190  6.137  6.168  6.052  6.049  6.127  6.221  6.280  6.196  6.330  6.209  6.436  6.038  5.984  5.986  6.191  6.019  6.190  6.242  6.273  6.285  5.976  5.886  5.889  5.882  5.775  5.857  6.068  5.971  5.914  6.094  5.989  6.190  6.118  6.140  6.068  6.095  5.796  5.875
6.568  6.203  6.431  6.342  6.068  6.356  6.213  6.330  6.335  6.475  6.348  6.472  6.603  6.358  6.441  6.288  6.278  6.407  6.356  6.468  6.188  6.240  6.346  6.284  6.217  6.522  6.290  6.270  6.206  6.205  6.267  6.004  6.385  6.323  6.246  6.254  6.328  6.354  6.327  6.387  6.186  6.407
5.707  5.462  5.509  5.501  5.153  5.472  5.551  5.489  5.636  5.796  5.521  5.589  5.852  5.602  5.620  5.293  5.647  5.545  5.618  5.690  5.572  5.425  5.425  5.461  5.288  5.663  5.337  5.259  5.242  5.308  5.347  5.318  5.421  5.380  5.431  5.434  5.328  5.547  5.513  5.420  5.323  5.433
6.333  6.142  6.244  6.165  6.273  6.279  6.156  6.261  6.213  6.326  6.287  6.240  6.413  6.322  6.365  6.146  5.988  6.382  6.290  6.203  6.131  6.122  6.154  6.188  6.066  6.114  6.194  6.182  5.938  5.996  6.045  5.894  6.133  6.153  6.100  6.146  6.163  6.293  6.217  6.198  6.059  6.265
6.057  5.770  5.924  5.881  5.945  5.940  5.823  5.819  5.859  5.988  6.009  6.019  6.019  5.945  6.089  5.875  5.762  6.104  5.871  5.918  5.886  5.881  5.881  5.922  5.671  5.700  5.796  5.796  5.529  5.645  5.649  5.602  5.861  5.872  5.749  5.838  5.755  5.938  5.897  5.805  5.670  5.841
