4.890  4.949  4.625  4.804  4.654  4.736  4.927  4.644  4.812  4.977  4.783  4.920  4.654  4.871  4.875  4.823  4.190  4.836  4.511  4.654  4.804  4.644  4.816  4.990  4.585  4.475  4.466  4.454  4.301  4.443  4.543  4.543  4.654  4.585  4.635  4.644  4.673  4.533  4.585  4.662  4.431  4.585
4.633  4.564  4.595  4.486  4.511  4.635  4.593  4.500  4.489  4.812  4.443  4.600  4.812  4.625  4.783  4.454  4.263  4.503  4.431  4.546  4.673  4.644  4.552  4.676  4.344  4.407  4.585  4.404  4.248  4.344  4.562  4.500  4.522  4.489  4.489  4.533  4.522  4.431  4.304  4.466  4.304  4.394
5.485  5.447  5.451  5.407  5.345  5.431  5.451  5.529  5.497  5.576  5.513  5.565  5.464  5.384  5.557  5.380  5.273  5.412  5.318  5.366  5.346  5.346  5.268  5.288  5.176  5.220  5.209  5.088  4.956  5.124  5.017  5.105  5.236  5.242  5.226  5.296  5.170  5.236  5.347  5.256  5.004  5.243
5.540  5.489  5.421  5.398  5.421  5.450  5.416  5.537  5.463  5.580  5.446  5.553  5.517  5.384  5.613  5.412  5.296  5.394  5.333  5.460  5.493  5.472  5.352  5.425  5.158  5.293  5.361  5.176  5.088  5.262  5.088  5.247  5.338  5.305  5.412  5.387  5.352  5.347  5.170  5.192  5.198  5.333
4.790  4.745  4.710  4.700  4.682  4.762  4.663  4.726  4.745  4.762  4.832  4.792  4.836  4.794  4.804  4.710  4.685  4.796  4.804  4.671  4.860  4.541  4.654  4.682  4.610  4.494  4.663  4.564  4.477  4.575  4.668  4.452  4.466  4.644  4.500  4.623  4.739  4.668  4.511  4.662  4.575  4.613
4.562  4.500  4.274  4.234  4.205  4.522  4.511  4.573  4.431  4.549  4.317  4.573  4.554  4.605  4.680  4.533  4.466  4.498  4.489  4.682  4.671  4.304  4.522  4.454  4.357  4.357  4.394  4.263  4.094  4.304  4.477  4.337  4.290  4.404  4.190  4.369  4.344  4.452  4.382  4.248  4.174  4.304
4.625  4.595  4.595  4.477  4.557  4.575  4.635  4.416  4.605  4.466  4.522  4.682  4.762  4.644  4.710  4.605  4.615  4.431  4.718  4.710  4.754  4.625  4.575  4.595  4.691  4.533  4.419  4.489  4.369  4.564  4.477  4.505  4.489  4.538  4.615  4.595  4.677  4.477  4.522  4.331  4.477  4.466
4.760  4.671  4.682  4.585  4.635  4.605  4.682  4.595  4.691  4.796  4.712  4.745  4.920  4.754  4.858  4.580  4.595  4.671  4.787  4.762  4.844  4.749  4.649  4.652  4.530  4.477  4.477  4.554  4.205  4.344  4.787  4.477  4.668  4.600  4.533  4.564  4.654  4.644  4.543  4.382  4.585  4.564
5.293  5.024  5.187  5.303  5.152  5.280  5.100  5.198  5.164  5.204  5.106  5.323  5.220  5.117  5.153  5.024  5.004  5.118  5.170  5.209  5.135  5.024  5.017  5.037  5.030  5.152  4.933  4.956  4.682  4.915  4.913  4.934  5.100  5.019  5.094  5.030  5.100  5.112  5.056  5.139  5.017  5.186
5.541  5.412  5.609  5.582  5.537  5.665  5.581  5.513  5.666  5.793  5.638  5.724  5.652  5.565  5.617  5.412  5.438  5.394  5.665  5.576  5.659  5.521  5.455  5.568  5.405  5.366  5.398  5.371  5.226  5.425  5.460  5.335  5.497  5.464  5.580  5.451  5.517  5.351  5.375  5.417  5.489  5.513
5.455  5.468  5.375  5.420  5.455  5.493  5.464  5.425  5.412  5.649  5.470  5.517  5.700  5.450  5.557  5.476  5.394  5.447  5.529  5.412  5.545  5.426  5.402  5.537  5.236  5.371  5.368  5.293  5.231  5.371  5.464  5.308  5.337  5.402  5.429  5.359  5.361  5.416  5.372  5.380  5.236  5.403
4.454  4.615  4.443  4.600  4.369  4.552  4.562  4.511  4.317  4.573  4.605  4.673  4.710  4.554  4.682  4.489  4.605  4.369  4.522  4.595  4.727  4.640  4.466  4.663  4.369  4.382  4.317  4.159  4.263  4.357  4.290  4.431  4.317  4.454  4.494  4.263  4.419  4.344  4.511  4.290  4.263  4.297
4.466  4.331  4.454  4.407  4.533  4.543  4.344  4.543  4.382  4.585  4.511  4.570  4.509  4.516  4.654  4.564  4.187  4.460  4.407  4.492  4.500  4.489  4.454  4.263  4.354  4.382  4.284  4.401  4.119  4.380  4.466  4.205  4.380  4.344  4.277  4.443  4.419  4.357  4.263  4.357  4.304  4.263
3.970  3.807  4.057  4.060  3.989  4.156  3.932  3.989  3.912  4.078  4.140  4.159  4.060  4.159  4.143  3.989  3.989  3.998  4.205  4.311  4.174  4.111  3.970  4.151  3.871  3.908  3.970  3.738  3.967  4.060  3.850  4.091  4.043  3.970  3.967  3.985  3.829  3.795  4.060  3.970  3.761  3.998
6.122  5.806  5.953  5.914  6.012  5.919  5.762  5.989  5.961  6.199  5.999  5.986  6.061  5.817  6.051  5.875  5.710  5.971  5.967  6.045  5.924  5.749  5.760  5.775  5.644  5.790  5.749  5.904  5.617  5.673  5.662  5.624  5.841  5.793  5.861  5.778  5.759  5.855  5.841  5.903  5.727  5.883
5.030  4.717  4.875  4.875  4.860  4.942  4.779  4.990  4.762  5.021  5.037  5.023  5.030  5.112  5.011  4.890  4.771  4.963  4.663  4.868  4.913  4.654  4.812  4.889  4.662  4.710  4.905  4.741  4.663  4.644  4.828  4.466  4.927  4.745  4.804  4.844  4.762  4.937  4.777  4.754  4.705  4.736
4.031  4.025  3.912  4.074  4.078  4.007  4.111  4.078  4.043  4.317  4.052  4.205  4.159  4.078  4.344  4.111  4.094  4.205  3.932  4.143  4.205  4.025  3.970  4.174  4.007  3.951  3.970  4.094  3.867  3.867  4.127  3.871  4.078  4.043  4.111  4.127  4.060  4.174  4.043  4.007  4.025  4.025
4.481  4.290  4.317  4.317  4.361  4.344  4.373  4.290  4.605  4.530  4.419  4.317  4.585  4.570  4.522  4.304  4.419  4.382  4.431  4.357  4.407  4.234  4.248  4.440  4.284  4.304  4.277  4.304  4.174  4.331  4.315  4.190  4.248  4.317  4.357  4.331  4.248  4.500  4.281  4.331  4.190  4.477
4.997  4.765  4.956  4.820  4.847  4.868  4.852  4.858  4.868  4.868  4.804  4.823  5.105  4.836  4.934  4.696  4.718  4.836  4.927  5.075  4.762  4.812  4.682  4.796  4.673  4.745  4.769  4.727  4.554  4.654  4.691  4.608  4.898  4.736  4.787  4.700  4.745  4.786  4.828  4.663  4.644  4.920
4.635  4.654  4.605  4.700  4.710  4.687  4.644  4.691  4.682  4.773  4.694  4.694  4.896  4.633  4.787  4.570  4.575  4.673  4.796  4.977  4.710  4.625  4.543  4.804  4.615  4.498  4.652  4.588  4.357  4.525  4.511  4.522  4.766  4.533  4.573  4.431  4.431  4.782  4.564  4.585  4.554  4.489
5.298  5.059  5.359  5.438  5.288  5.187  5.176  5.231  5.273  5.344  5.263  5.220  5.379  5.257  5.328  5.075  5.238  5.162  5.334  5.384  5.198  5.136  5.017  5.252  5.231  5.204  5.100  5.068  5.118  5.081  5.159  5.011  5.255  5.159  5.263  5.293  5.063  5.332  5.198  5.114  5.106  5.242
5.400  5.138  5.438  5.438  5.375  5.268  5.209  5.372  5.236  5.375  5.215  5.370  5.313  5.412  5.394  5.112  5.220  5.118  5.521  5.429  5.347  5.328  5.164  5.112  5.313  5.278  5.050  5.277  4.970  5.043  5.081  5.149  5.302  5.278  5.313  5.247  5.130  5.318  5.212  5.196  5.251  5.209
