4.942  5.176  4.811  4.762  4.727  4.836  4.710  4.890  4.827  4.898  4.898  4.836  4.868  4.811  4.883  4.745  4.718  4.811  4.812  4.883  4.828  4.752  4.927  4.860  4.705  4.533  4.605  4.654  4.635  4.721  4.802  4.771  4.741  4.668  4.762  4.787  4.970  4.775  4.562  4.736  4.808  4.860
4.443  4.466  4.335  4.407  4.317  4.454  4.554  4.263  4.546  4.511  4.407  4.595  4.605  4.454  4.623  4.419  4.394  4.348  4.394  4.554  4.466  4.477  4.559  4.477  4.500  4.331  4.234  4.331  4.376  4.328  4.533  4.452  4.295  4.407  4.466  4.407  4.492  4.407  4.212  4.231  4.494  4.419
4.839  4.820  4.754  4.779  4.796  4.769  4.771  4.836  4.890  4.927  4.828  4.920  4.977  5.069  4.963  4.771  4.673  4.745  4.963  4.828  4.827  4.762  4.727  4.898  4.718  4.745  4.748  4.676  4.575  4.696  4.673  4.625  4.754  4.649  4.771  4.769  4.844  4.718  4.625  4.605  4.593  4.640
5.099  4.920  5.007  4.883  4.920  4.894  5.100  4.920  4.997  5.072  4.984  5.069  5.108  5.159  5.165  4.984  4.816  4.844  5.050  4.956  5.075  4.982  4.907  4.970  4.860  4.844  4.812  4.754  4.727  4.769  4.919  4.754  4.771  5.094  4.949  4.922  5.011  4.852  4.898  4.754  4.635  4.877
4.902  4.654  4.779  4.787  4.691  4.812  4.868  4.771  4.815  4.956  4.762  4.938  4.934  4.771  4.874  4.700  4.615  4.625  4.919  4.771  4.779  4.762  4.828  4.850  4.677  4.554  4.533  4.505  4.380  4.593  4.836  4.600  4.652  4.700  4.663  4.699  4.700  4.804  4.663  4.710  4.595  4.779
5.247  5.198  5.209  5.342  5.231  5.124  5.153  5.215  5.215  5.288  5.267  5.242  5.257  5.209  5.409  5.156  5.077  5.030  5.293  5.207  5.298  5.247  5.130  5.159  5.081  4.942  4.916  4.868  4.718  4.934  5.147  5.056  5.130  5.115  5.017  5.099  5.016  5.030  5.176  5.063  5.086  5.081
5.442  5.259  5.318  5.298  5.403  5.361  5.247  5.395  5.347  5.472  5.384  5.371  5.361  5.272  5.416  5.308  5.112  5.170  5.384  5.208  5.278  5.176  5.159  5.333  5.071  4.984  5.094  5.056  4.956  5.026  5.182  5.050  5.063  5.166  5.209  5.100  5.233  5.075  5.085  5.106  5.075  5.220
5.030  5.037  4.956  5.109  4.927  4.949  5.017  5.111  5.081  5.176  5.075  5.030  5.030  5.014  5.068  4.885  4.927  4.856  4.984  4.949  5.124  4.927  4.889  4.956  4.866  4.804  4.828  4.875  4.718  4.762  4.883  4.883  4.771  4.836  4.836  4.934  4.790  4.984  4.835  4.883  4.771  4.898
6.982  6.800  6.797  6.763  6.880  6.832  6.850  6.867  6.828  7.044  6.956  6.941  7.028  6.903  7.004  6.937  6.818  6.823  6.872  6.759  6.812  6.806  6.787  6.867  6.635  6.748  6.777  6.685  6.618  6.671  6.831  6.696  6.713  6.835  6.802  6.837  6.708  6.760  6.760  6.802  6.653  6.658
7.105  6.981  6.946  6.880  7.031  6.965  6.980  6.999  6.968  7.268  7.128  7.132  7.164  7.071  7.141  7.032  7.048  6.971  7.003  6.887  6.996  6.957  6.899  7.003  6.788  6.934  6.880  6.870  6.813  6.850  6.964  6.867  6.877  6.957  6.983  6.980  6.902  6.888  6.913  6.911  6.817  6.805
4.736  4.605  4.779  4.543  4.644  4.654  4.754  4.710  4.745  4.920  4.710  4.717  4.868  4.762  4.840  4.608  4.671  4.625  4.710  4.796  4.905  4.771  4.787  4.754  4.717  4.680  4.700  4.644  4.623  4.644  4.718  4.796  4.640  4.682  4.726  4.736  4.736  4.428  4.595  4.644  4.595  4.543
4.466  4.382  4.392  4.344  4.357  4.331  4.533  4.357  4.369  4.554  4.585  4.511  4.649  4.615  4.635  4.620  4.431  4.475  4.440  4.554  4.543  4.475  4.543  4.557  4.443  4.263  4.446  4.315  4.288  4.454  4.511  4.357  4.481  4.277  4.428  4.500  4.357  4.301  4.344  4.290  4.174  4.304
4.043  4.043  4.124  4.007  3.912  3.761  3.807  3.871  3.892  4.094  3.850  4.074  4.159  4.127  4.231  3.938  3.970  3.912  4.022  4.060  3.989  4.025  3.761  3.970  3.932  3.989  3.784  4.060  3.714  3.829  3.898  3.892  3.829  4.159  3.867  3.912  3.850  4.004  3.888  3.932  3.795  3.850
3.970  3.829  3.912  3.892  3.871  3.738  3.664  3.761  3.784  3.892  3.871  3.871  4.094  3.912  4.060  3.784  3.912  3.850  4.057  3.892  3.928  3.912  3.871  3.892  3.829  3.829  3.664  3.761  3.689  3.750  3.861  3.784  4.060  3.829  3.714  3.829  3.807  3.761  3.745  3.829  3.738  3.892
4.205  4.043  4.290  4.091  4.248  4.205  4.007  3.970  4.043  4.357  4.164  4.124  4.078  4.143  4.315  4.025  3.932  4.174  4.253  4.331  4.174  4.094  3.951  4.227  3.892  3.970  3.892  4.127  3.947  3.871  4.174  4.143  4.231  4.022  4.078  4.164  3.932  4.108  4.004  4.043  4.182  4.094
4.194  4.043  4.304  4.205  4.025  4.111  4.007  4.205  4.116  4.174  4.171  4.277  4.407  4.220  4.410  3.951  4.143  4.094  4.354  4.382  4.151  4.159  3.989  4.253  4.060  3.989  4.040  4.025  4.025  4.094  3.912  3.912  4.094  4.066  4.227  4.043  3.932  4.094  3.970  3.829  3.932  3.989
4.174  4.040  4.078  4.317  4.099  3.892  3.912  4.060  4.007  4.260  3.942  3.967  4.295  4.187  4.407  4.060  4.388  4.004  4.078  4.256  4.263  4.143  4.111  4.190  3.912  3.998  4.025  3.892  3.951  3.932  3.989  4.277  4.069  4.025  4.127  4.078  3.970  4.124  4.143  3.989  3.871  3.912
3.611  3.555  3.466  3.689  3.696  3.584  3.497  3.784  3.689  3.802  3.466  3.726  3.871  3.738  3.951  3.664  3.807  3.555  3.696  3.784  3.761  3.611  3.638  3.526  3.526  3.584  3.807  3.658  3.658  3.434  3.367  3.550  3.807  3.624  3.584  3.709  3.395  3.818  3.555  3.526  3.664  3.709
5.677  5.860  5.379  5.454  5.581  5.576  5.714  5.549  5.557  5.724  5.814  5.557  5.900  5.960  5.866  5.765  5.857  5.620  5.704  5.527  5.829  5.886  5.861  5.979  5.582  5.637  5.771  5.649  5.814  5.761  5.858  5.866  5.398  5.673  5.802  5.805  5.821  5.472  5.493  5.384  5.591  5.451
6.254  5.953  5.997  6.180  6.091  6.100  6.043  6.051  5.986  6.205  6.196  6.155  6.230  6.100  6.122  5.940  6.011  6.105  6.219  6.312  6.153  6.081  6.122  6.136  5.936  6.014  5.958  5.948  5.732  5.795  6.079  5.979  6.111  6.045  6.122  6.066  6.004  6.144  6.107  6.070  5.981  6.003
5.394  5.209  5.233  5.323  5.231  5.081  5.094  5.204  5.170  5.347  5.323  5.270  5.434  5.434  5.439  5.124  5.176  5.347  5.505  5.440  5.273  5.273  5.263  5.226  5.130  5.047  5.147  5.056  4.916  4.927  5.094  5.108  5.187  5.056  5.147  5.106  5.088  5.142  5.220  5.106  5.024  5.088
5.220  5.075  5.069  5.153  5.166  5.105  5.063  5.043  5.130  5.252  5.072  5.130  5.204  5.273  5.252  4.937  5.209  5.127  5.365  5.226  5.293  5.182  5.152  5.204  5.056  4.959  5.081  5.013  4.847  4.852  4.927  4.958  5.102  5.036  5.081  5.088  4.920  5.075  5.004  5.004  5.017  5.081
