5.438  5.338  5.303  5.323  5.168  5.381  5.297  5.165  5.398  5.409  5.352  5.324  5.357  5.347  5.375  5.338  5.187  5.307  5.136  5.220  5.318  5.283  5.423  5.447  5.080  5.112  5.037  5.118  5.127  4.963  5.187  5.142  5.219  5.333  5.183  5.333  5.323  5.226  5.268  5.257  5.030  5.268
5.360  5.094  5.176  5.072  5.124  5.209  5.273  5.176  5.235  5.384  5.293  5.263  5.397  5.242  5.421  5.436  5.397  5.476  5.416  5.328  5.613  5.238  5.170  5.252  5.118  5.231  5.187  5.081  5.037  5.124  5.124  5.197  5.162  5.308  5.142  5.176  5.212  5.176  5.118  5.118  5.112  5.169
4.598  4.511  4.573  4.419  4.682  4.663  4.718  4.585  4.635  4.644  4.595  4.760  4.613  4.562  4.718  4.605  4.543  4.585  4.718  4.477  4.585  4.605  4.489  4.525  4.562  4.543  4.570  4.489  4.454  4.489  4.437  4.564  4.500  4.644  4.520  4.554  4.500  4.466  4.552  4.466  4.431  4.554
4.850  4.583  4.796  4.783  4.787  4.852  4.644  4.654  4.710  5.081  4.700  4.682  4.890  4.718  4.605  4.663  4.628  4.511  4.796  4.685  4.673  4.877  4.489  4.673  4.598  4.494  4.613  4.554  4.277  4.657  4.730  4.454  4.564  4.489  4.732  4.718  4.443  4.630  4.595  4.644  4.481  4.543
5.533  5.004  5.497  5.198  5.425  5.394  5.159  5.407  5.468  5.529  5.374  5.476  5.394  5.352  5.375  5.187  5.043  5.377  5.496  5.484  5.268  5.075  5.150  5.061  5.273  5.318  5.106  5.193  4.762  4.898  4.990  4.990  5.138  5.298  5.233  5.153  5.100  5.293  5.190  5.242  5.204  5.298
5.416  4.990  5.247  5.250  5.226  5.231  5.203  5.338  5.247  5.447  5.220  5.366  5.209  5.080  5.281  4.999  4.997  5.152  5.270  5.263  5.220  5.124  5.056  5.069  5.011  5.193  4.934  4.820  4.511  4.890  4.905  4.890  5.081  5.106  5.136  5.083  4.970  5.056  5.001  4.984  4.852  5.187
5.231  4.883  4.997  5.142  4.979  4.980  5.231  5.081  5.072  5.112  5.007  5.208  5.004  5.063  5.109  4.990  4.970  5.017  4.990  5.136  5.094  5.024  4.894  4.989  5.017  4.956  4.977  4.890  4.820  4.852  4.938  5.030  5.094  4.990  4.947  4.934  4.868  5.011  5.017  4.852  4.934  4.990
3.892  4.025  3.951  3.850  3.961  3.761  4.094  4.060  3.951  4.094  3.773  3.932  4.103  4.094  4.074  3.871  3.829  3.829  3.932  3.989  4.007  3.871  3.932  4.007  3.784  3.951  3.761  3.738  3.761  3.871  3.912  3.784  3.784  3.967  3.912  3.761  3.784  3.761  3.807  3.689  3.738  3.951
4.927  4.771  4.745  4.819  4.727  4.700  4.796  4.811  4.718  4.940  4.860  4.919  4.977  4.820  4.860  4.718  4.820  4.682  4.905  4.828  4.787  4.775  4.754  4.836  4.633  4.654  4.820  4.595  4.663  4.700  4.691  4.749  4.836  4.796  4.828  4.804  4.754  4.613  4.765  4.682  4.585  4.677
4.933  4.887  4.956  4.949  4.828  4.734  4.958  5.011  4.883  5.063  4.905  5.019  4.890  4.796  5.112  4.673  4.934  4.812  5.130  4.990  4.997  4.927  4.787  4.860  4.844  4.690  4.700  4.554  4.682  4.575  4.691  4.844  4.868  4.771  4.934  4.820  4.839  4.769  4.736  4.605  4.682  4.787
5.252  5.159  5.215  5.178  5.222  5.303  5.318  5.236  5.290  5.242  5.257  5.323  5.291  5.170  5.328  5.193  5.227  5.207  5.444  5.303  5.328  5.226  5.242  5.187  5.407  5.296  5.118  4.987  5.027  5.106  5.050  5.220  5.185  5.380  5.316  5.293  5.242  5.159  5.094  5.265  5.165  5.308
4.454  4.440  4.407  4.522  4.522  4.562  4.644  4.477  4.625  4.625  4.443  4.564  4.625  4.361  4.543  4.575  4.500  4.363  4.663  4.625  4.630  4.522  4.449  4.554  4.522  4.449  4.419  4.344  4.277  4.263  4.317  4.492  4.317  4.511  4.538  4.500  4.388  4.248  4.263  4.344  4.263  4.331
5.357  5.056  5.318  5.257  5.313  5.204  5.159  5.063  5.077  5.412  5.270  5.226  5.293  5.159  5.215  4.972  4.942  5.024  5.193  5.262  5.136  5.050  5.086  5.106  4.927  4.989  5.021  5.081  4.883  4.963  5.029  4.796  5.030  4.977  5.069  5.029  5.042  5.136  5.112  5.030  5.037  5.303
4.127  4.025  4.234  4.159  3.951  4.034  4.007  4.159  4.190  4.043  4.167  4.205  4.151  4.127  4.190  4.025  4.025  3.951  4.103  4.190  4.290  4.025  4.060  4.060  4.111  4.159  4.159  4.060  3.807  4.004  3.989  3.850  4.143  4.025  3.989  4.083  3.932  4.004  4.057  4.043  3.932  4.031
5.342  5.231  5.215  5.278  5.455  5.398  5.358  5.308  5.308  5.403  5.236  5.442  5.557  5.403  5.553  5.338  5.236  5.447  5.398  5.235  5.375  5.303  5.338  5.242  5.257  5.244  5.220  5.147  5.187  5.226  5.236  5.278  5.328  5.318  5.293  5.293  5.429  5.170  5.176  5.356  5.147  5.263
4.486  4.522  4.220  4.419  4.613  4.533  4.407  4.382  4.419  4.554  4.464  4.407  4.762  4.466  4.691  4.543  4.357  4.533  4.663  4.431  4.533  4.522  4.489  4.477  4.190  4.401  4.454  4.357  4.277  4.304  4.452  4.174  4.357  4.419  4.511  4.511  4.533  4.277  4.290  4.489  4.290  4.369
5.198  4.881  5.100  5.159  5.136  5.103  4.977  5.142  5.100  5.166  5.024  5.183  5.056  4.997  5.198  4.927  4.792  4.913  5.063  5.114  4.942  4.968  4.885  5.096  4.875  4.927  4.828  4.949  4.640  4.644  4.812  4.905  5.094  4.870  4.883  4.905  4.934  5.129  5.063  5.056  4.956  5.153
4.025  3.970  3.951  4.220  3.989  3.807  3.967  3.947  3.970  3.932  3.871  4.025  4.174  3.932  4.220  4.060  4.057  3.850  4.078  4.025  4.143  4.066  3.932  4.078  4.094  3.871  3.829  3.784  3.829  3.761  4.078  3.989  4.025  3.967  3.892  4.007  3.908  4.066  3.835  3.824  3.922  3.970
5.881  5.823  5.756  5.740  5.720  5.802  5.649  5.707  5.597  5.875  5.983  5.802  5.905  5.898  5.920  5.784  5.737  5.948  5.762  5.739  5.753  5.787  5.911  5.932  5.509  5.689  5.753  5.817  5.631  5.737  5.733  5.656  5.710  5.765  5.855  5.817  5.883  5.878  6.023  6.102  5.964  5.975
4.927  5.026  4.804  4.682  4.752  4.860  4.673  4.718  4.745  4.977  5.004  4.828  5.083  4.963  5.063  4.984  5.014  4.927  4.858  4.898  4.812  4.898  4.920  4.942  4.663  4.644  4.754  4.811  4.511  4.718  4.898  4.745  4.754  4.654  4.691  4.931  4.875  4.840  4.927  4.820  4.585  4.802
4.848  4.595  4.816  4.836  4.777  4.820  4.673  4.835  4.933  5.278  5.198  5.381  4.787  4.828  5.001  4.635  4.615  4.736  4.844  4.990  4.779  4.796  4.700  4.787  4.625  4.691  4.583  4.522  4.454  4.618  4.654  4.644  4.836  4.860  4.700  4.836  4.543  4.748  4.682  4.454  4.654  4.860
4.140  4.052  4.074  4.174  4.140  4.043  4.220  4.111  4.357  4.401  4.094  4.357  4.615  4.440  4.460  4.127  4.190  4.419  4.248  4.315  4.304  4.086  4.069  4.143  4.159  4.317  4.202  4.016  3.951  4.086  3.951  4.234  4.263  4.263  4.127  4.220  4.127  4.135  4.205  4.143  4.335  4.111
