5.201  4.997  5.170  5.147  5.142  5.273  5.075  5.278  5.209  5.265  5.153  5.318  5.176  5.156  5.236  5.165  5.075  5.043  5.375  5.198  5.377  5.059  5.088  5.094  4.977  5.130  4.982  5.153  4.769  4.934  5.100  5.124  5.004  5.176  5.230  5.130  5.124  5.168  5.313  5.068  5.193  5.124
4.787  4.585  4.700  4.944  4.677  4.968  4.794  4.933  4.890  4.942  4.727  4.883  4.812  4.987  4.875  4.820  4.783  4.718  4.965  4.848  4.965  4.736  4.779  4.734  4.762  4.775  4.682  4.710  4.466  4.635  4.710  4.682  4.787  4.794  4.787  4.875  4.811  4.839  4.843  4.777  4.717  4.783
4.094  3.689  4.060  3.951  4.119  4.025  3.696  3.970  3.989  3.867  3.932  3.912  4.234  4.127  4.043  3.829  3.611  4.078  4.025  4.025  3.989  3.922  3.829  3.892  3.951  3.857  3.829  3.738  3.611  3.611  3.784  3.980  3.784  3.701  3.824  3.871  3.850  3.829  3.970  3.932  3.689  3.871
3.296  3.555  3.526  3.332  3.555  3.497  3.526  3.638  3.611  3.434  3.497  3.466  3.689  3.850  3.850  3.526  3.401  3.466  3.520  3.689  3.611  3.490  3.555  3.466  3.475  3.401  3.555  3.428  3.367  3.434  3.401  3.714  3.497  3.526  3.611  3.555  3.332  3.497  3.367  3.401  3.434  3.466
3.970  3.888  3.989  3.664  3.689  3.850  3.807  3.928  4.043  4.007  3.970  3.951  3.912  3.871  3.967  3.871  3.757  3.733  3.784  4.043  4.060  3.871  3.912  3.985  3.967  3.738  3.829  3.850  3.761  3.689  3.714  3.701  3.784  3.892  4.007  3.829  3.892  3.761  3.761  3.709  3.738  3.985
3.892  3.684  3.745  3.784  3.632  3.584  4.007  3.664  3.714  3.888  3.714  3.850  3.738  3.871  4.007  3.689  3.807  3.714  3.714  4.043  4.078  3.738  3.807  3.757  3.638  3.611  3.807  3.497  3.689  3.829  3.750  3.850  3.709  3.829  3.689  3.689  3.611  3.555  3.871  3.555  3.526  3.689
4.765  4.635  4.913  4.754  4.796  4.762  4.585  4.769  4.673  4.820  4.682  4.828  4.905  4.787  4.875  4.595  4.779  4.905  4.905  4.815  4.836  4.883  4.613  4.745  4.682  4.730  4.575  4.682  4.494  4.509  4.727  4.533  4.787  4.710  4.718  4.673  4.721  4.820  4.610  4.595  4.620  4.700
4.522  4.407  4.562  4.509  4.564  4.428  4.575  4.520  4.543  4.486  4.477  4.700  4.562  4.419  4.605  4.440  4.477  4.673  4.635  4.443  4.543  4.477  4.605  4.625  4.443  4.552  4.522  4.477  4.460  4.449  4.454  4.511  4.522  4.554  4.538  4.652  4.575  4.475  4.492  4.477  4.431  4.348
4.143  3.989  4.007  3.912  4.205  4.159  4.143  4.078  4.503  4.380  4.094  4.202  4.060  4.007  4.337  4.007  4.043  4.143  4.111  4.220  4.025  4.025  4.143  4.308  4.382  3.989  4.016  4.111  3.932  3.928  3.802  4.022  3.989  4.224  4.007  4.190  4.060  4.057  3.912  4.007  4.074  4.094
4.127  4.127  4.143  4.143  3.970  4.034  3.989  4.013  3.947  4.197  4.151  4.143  4.234  4.108  4.111  3.888  4.025  4.094  4.159  4.190  4.060  3.932  3.932  4.148  4.043  3.912  4.004  4.094  4.052  3.871  3.892  4.224  4.127  4.066  4.111  4.043  3.967  3.912  3.871  3.871  4.043  4.174
3.738  3.757  3.970  3.784  3.813  3.850  3.850  3.624  3.892  4.086  3.912  3.846  3.970  3.807  3.951  3.584  3.611  3.784  3.871  3.902  3.784  3.611  3.738  3.689  3.664  3.584  3.664  3.664  3.605  3.490  3.664  3.761  3.714  3.892  3.638  3.638  3.658  3.757  3.807  3.584  3.570  3.738
3.466  3.367  3.459  3.497  3.395  3.367  3.258  3.401  3.395  3.466  3.325  3.434  3.664  3.611  3.638  3.434  3.497  3.296  3.550  3.555  3.466  3.466  3.401  3.526  3.466  3.466  3.296  3.428  3.332  3.296  3.296  3.401  3.497  3.401  3.332  3.434  3.367  3.401  3.395  3.332  3.296  3.332
3.807  3.807  3.967  3.871  3.951  3.951  3.638  3.829  3.912  3.951  3.871  3.967  4.156  3.989  4.205  3.932  3.850  3.892  3.951  4.040  4.007  3.784  3.850  3.928  3.818  3.802  3.846  3.850  3.664  3.714  3.898  3.829  3.761  3.912  3.871  3.807  3.784  3.989  4.025  3.871  3.638  4.083
3.689  3.689  3.761  3.664  3.761  3.738  3.689  3.829  3.892  3.850  3.761  3.784  3.989  3.871  4.007  3.850  3.638  3.738  3.850  3.892  3.807  3.664  3.611  3.733  3.611  3.689  3.807  3.638  3.714  3.632  3.466  3.714  3.850  3.671  3.714  3.664  3.857  3.611  3.738  3.689  3.592  3.714
4.159  4.143  4.382  4.127  4.290  4.317  3.932  4.094  4.194  4.171  4.127  4.220  4.205  4.205  4.419  4.048  3.892  4.174  4.304  4.159  4.111  4.007  4.060  4.091  4.091  4.007  4.159  4.290  3.892  4.127  3.912  3.892  4.108  4.043  4.135  4.022  3.912  4.108  4.057  4.091  3.970  3.970
3.434  3.555  3.726  3.611  3.555  3.466  3.584  3.497  3.611  3.526  3.611  3.555  3.761  3.497  3.784  3.497  3.664  3.638  3.689  3.555  3.761  3.611  3.555  3.761  3.526  3.784  3.555  3.526  3.497  3.526  3.555  3.555  3.526  3.434  3.466  3.555  3.434  3.497  3.466  3.497  3.555  3.526
4.159  4.190  4.263  4.407  4.234  4.454  4.363  4.290  4.301  4.357  4.174  4.369  4.469  4.407  4.575  4.174  4.246  4.344  4.431  4.443  4.585  4.404  4.290  4.511  4.205  4.174  4.263  4.174  4.140  4.174  4.290  4.290  4.263  4.248  4.357  4.277  4.260  4.317  4.111  4.205  4.220  4.277
4.220  4.094  4.260  4.174  4.159  4.290  4.202  4.220  4.248  4.174  4.052  4.290  4.277  4.290  4.308  4.159  4.111  4.202  4.159  4.357  4.392  4.304  3.912  4.301  4.246  4.159  4.190  4.205  4.159  4.060  4.078  4.277  4.111  4.205  4.248  4.288  4.078  4.140  4.174  4.143  4.094  4.127
3.611  3.526  3.714  3.597  3.526  3.526  3.570  3.638  3.761  3.526  3.466  3.664  3.738  3.689  3.846  3.428  3.584  3.611  3.773  3.733  3.611  3.638  3.638  3.632  3.611  3.434  3.664  3.550  3.411  3.332  3.401  3.497  3.664  3.490  3.497  3.497  3.555  3.611  3.401  3.367  3.395  3.466
3.970  3.584  3.684  3.709  3.611  3.761  3.584  3.689  3.676  3.867  3.638  3.871  4.025  3.912  3.908  3.761  3.829  3.611  3.892  3.888  3.898  3.761  3.689  3.701  3.638  3.664  3.829  3.658  3.638  3.401  3.526  3.624  3.714  3.807  3.824  3.902  3.829  3.829  3.784  3.497  3.645  3.829
3.867  3.912  3.867  3.714  4.025  3.970  3.818  3.947  3.807  3.989  3.709  3.871  4.060  3.989  4.007  3.784  3.738  3.807  3.928  4.094  3.738  3.807  3.807  3.892  3.761  3.638  3.664  3.761  3.434  3.738  3.689  3.638  3.829  3.689  3.689  3.829  3.761  4.007  3.689  3.846  3.807  3.738
3.258  3.360  3.258  3.296  3.611  3.428  3.367  3.459  3.434  3.332  3.045  3.401  3.401  3.541  3.584  3.401  3.401  3.497  3.434  3.466  3.401  3.555  3.401  3.219  3.401  3.367  3.401  3.258  3.325  3.367  3.434  3.395  3.434  3.360  3.466  3.325  3.434  3.434  3.296  3.135  3.367  3.332
