6.080  5.869  5.981  5.948  5.974  5.943  5.994  5.979  5.939  6.118  5.958  6.089  6.082  5.897  6.035  5.915  5.849  5.873  5.979  6.026  5.905  5.876  5.866  5.961  5.846  5.914  5.755  5.765  5.730  5.758  5.875  5.808  6.061  5.889  5.930  5.838  5.868  5.826  5.864  5.838  5.700  5.903
5.226  5.269  5.235  5.308  5.209  5.303  5.293  5.342  5.393  5.442  5.185  5.352  5.338  5.308  5.374  5.081  5.252  5.123  5.328  5.361  5.384  5.233  5.269  5.182  5.333  5.338  5.133  4.984  5.043  5.105  5.069  5.204  5.186  5.342  5.239  5.204  5.182  5.037  4.905  5.030  5.100  5.366
4.511  4.640  4.573  4.511  4.466  4.489  4.703  4.608  4.500  4.832  4.564  4.536  4.673  4.564  4.654  4.500  4.554  4.477  4.654  4.644  4.696  4.745  4.605  4.824  4.498  4.489  4.543  4.220  4.533  4.564  4.466  4.489  4.443  4.554  4.644  4.625  4.489  4.335  4.304  4.431  4.324  4.407
4.682  4.554  4.635  4.625  4.659  4.802  4.796  4.741  4.682  4.989  4.595  4.798  4.745  4.644  4.812  4.673  4.644  4.585  4.812  4.790  4.754  4.691  4.585  4.820  4.644  4.642  4.511  4.443  4.567  4.654  4.613  4.543  4.564  4.615  4.727  4.727  4.663  4.603  4.500  4.458  4.477  4.677
4.290  4.277  4.315  4.156  4.159  4.187  4.317  4.328  4.205  4.419  4.331  4.357  4.363  4.382  4.511  4.304  4.248  4.443  4.357  4.331  4.220  4.220  4.277  4.367  4.174  4.111  4.246  4.116  4.156  4.248  4.220  4.124  4.174  4.248  4.304  4.143  4.094  4.127  4.248  4.159  4.025  4.094
4.984  4.920  4.852  4.875  4.836  4.883  5.017  5.049  4.843  5.226  4.913  4.984  5.050  4.949  4.970  4.898  4.898  4.868  4.927  4.868  4.913  4.927  4.913  4.989  4.682  4.673  4.745  4.919  4.779  4.819  4.794  4.727  4.691  4.766  4.844  4.898  4.875  4.771  4.942  4.644  4.654  4.745
5.209  4.824  5.011  4.956  5.075  5.136  5.030  4.913  5.149  5.220  5.094  5.136  5.115  4.972  5.215  4.942  4.796  4.952  4.977  5.055  5.014  4.875  5.007  4.796  4.815  4.819  4.866  4.812  4.804  4.727  4.875  4.874  4.836  4.963  4.836  5.043  5.004  4.927  4.934  5.081  4.832  4.997
4.043  4.057  4.060  3.882  3.932  4.078  4.127  3.951  3.989  4.277  3.989  4.043  4.174  3.970  4.171  4.143  4.007  3.850  4.074  4.078  4.159  4.091  3.898  4.025  3.882  3.951  3.850  3.846  3.738  3.871  3.892  4.034  3.932  3.989  3.932  3.871  3.947  3.780  3.784  3.658  3.912  3.892
5.609  5.591  5.513  5.635  5.582  5.742  5.568  5.624  5.707  5.753  5.589  5.793  5.670  5.697  5.656  5.602  5.467  5.634  5.780  5.645  5.886  5.587  5.728  5.643  5.602  5.574  5.645  5.437  5.476  5.519  5.740  5.576  5.600  5.641  5.649  5.638  5.736  5.652  5.561  5.568  5.616  5.580
4.828  4.913  4.710  4.883  4.952  4.997  4.990  4.820  4.990  4.994  4.890  5.081  4.977  4.961  5.011  4.860  4.819  4.824  5.024  4.949  5.142  4.972  4.945  5.086  4.956  4.875  4.852  4.736  4.734  4.898  4.898  4.942  4.734  4.909  5.017  4.942  4.987  4.879  4.792  4.779  4.934  4.956
5.956  5.666  5.788  5.762  5.811  5.900  5.886  5.771  5.756  5.945  5.955  5.944  5.897  5.941  5.971  5.852  5.694  5.784  5.878  5.799  5.900  5.759  5.755  5.971  5.753  5.624  5.645  5.659  5.432  5.572  5.716  5.693  5.700  5.704  5.805  5.694  5.844  5.628  5.740  5.746  5.709  5.730
6.269  6.217  6.109  6.190  6.192  6.312  6.324  6.240  6.245  6.354  6.349  6.308  6.356  6.312  6.370  6.175  6.182  6.122  6.267  6.151  6.412  6.293  6.232  6.275  6.057  6.099  6.059  6.061  5.903  6.129  6.206  6.170  6.059  6.176  6.265  6.198  6.227  6.146  6.131  6.117  6.091  6.133
4.812  4.831  4.673  4.727  4.812  4.745  4.710  4.710  4.736  4.934  4.673  4.844  4.949  4.771  4.896  4.682  4.564  4.779  4.798  4.866  4.844  4.827  4.782  4.850  4.644  4.718  4.690  4.654  4.562  4.466  4.726  4.680  4.727  4.883  4.956  4.836  4.754  4.727  4.633  4.736  4.543  4.663
4.860  4.836  4.848  4.883  4.691  4.828  4.779  4.898  4.700  4.820  4.860  4.836  4.898  4.920  4.977  4.811  4.779  4.804  4.949  5.017  4.963  4.754  4.926  4.856  4.727  4.718  4.687  4.595  4.554  4.588  4.828  4.796  4.812  4.700  4.868  4.820  4.820  4.754  4.605  4.585  4.769  4.779
4.317  4.317  4.304  4.308  4.407  4.231  4.094  4.477  4.174  4.533  4.516  4.443  4.663  4.419  4.500  4.357  4.127  4.357  4.466  4.317  4.369  4.277  4.317  4.234  4.159  4.127  4.248  4.331  3.985  4.209  4.394  4.060  4.174  4.331  4.234  4.263  4.220  4.454  4.369  4.454  4.127  4.190
3.611  3.689  3.638  3.738  3.714  3.664  3.761  3.850  3.638  3.850  3.676  3.784  3.888  3.807  3.784  3.709  3.638  3.714  3.932  3.784  3.871  3.932  3.714  3.784  3.738  3.684  3.638  3.689  3.714  3.512  3.555  3.738  3.829  3.807  3.664  3.745  3.664  3.497  3.584  3.584  3.611  3.619
5.318  5.156  5.198  5.242  5.124  5.204  5.069  5.118  5.236  5.328  5.220  5.243  5.323  5.124  5.421  5.189  5.136  5.252  5.278  5.291  5.124  5.075  5.081  5.236  5.040  5.136  5.009  5.150  4.896  4.963  5.106  5.043  5.176  5.193  5.085  5.114  5.030  5.257  5.124  5.264  4.982  5.263
4.934  4.758  4.762  4.844  4.977  4.831  4.745  4.718  4.605  4.989  4.947  4.877  4.933  4.913  4.963  4.663  4.745  4.852  5.007  4.949  4.820  4.736  4.673  5.003  4.745  4.812  4.734  4.745  4.489  4.745  4.615  4.673  4.796  4.779  4.779  4.635  4.635  4.723  4.868  4.806  4.585  4.700
4.887  4.779  4.779  4.745  4.820  4.890  4.773  4.754  4.754  4.794  4.605  4.890  4.977  4.927  4.984  4.736  4.635  5.017  4.868  4.871  4.663  4.718  4.754  4.792  4.691  4.866  4.852  4.828  4.635  4.575  4.762  4.691  4.820  4.920  4.745  4.806  4.680  4.663  4.663  4.852  4.654  4.850
3.520  3.638  3.611  3.466  3.584  3.526  3.624  3.709  3.807  3.761  3.466  3.526  3.892  3.658  3.638  3.555  3.611  3.466  3.605  3.807  3.526  3.638  3.689  3.632  3.638  3.555  3.611  3.526  3.466  3.497  3.555  3.611  3.738  3.664  3.638  3.578  3.444  3.434  3.497  3.497  3.526  3.611
5.257  5.112  5.165  5.153  5.295  5.288  5.069  5.278  5.318  5.442  5.193  5.231  5.411  5.220  5.438  5.263  5.204  5.323  5.293  5.313  5.169  5.130  5.112  5.318  5.037  5.081  5.165  5.130  5.017  5.130  5.130  5.036  5.273  5.198  5.263  5.288  5.153  5.318  5.302  5.075  5.176  5.187
3.989  4.127  4.167  4.295  4.060  4.187  4.143  4.174  4.143  4.277  4.241  4.116  4.304  4.217  4.331  4.007  4.127  4.143  4.220  4.304  4.248  4.171  4.043  4.124  4.277  4.094  4.159  4.078  4.007  4.025  4.094  4.043  4.277  4.202  4.174  4.159  4.007  3.989  4.260  4.094  4.016  4.127
