4.304  4.190  4.304  4.344  4.205  4.094  4.220  4.443  4.357  4.328  4.263  4.344  4.344  4.290  4.290  4.190  4.304  4.159  4.431  4.469  4.382  4.394  4.248  4.205  4.337  4.248  4.231  4.043  3.951  4.060  4.304  4.220  4.290  4.311  4.331  4.205  4.220  4.234  4.190  4.091  4.263  4.301
4.856  4.673  4.820  4.827  4.635  4.727  4.868  4.691  4.779  4.758  4.718  4.961  4.812  4.710  4.635  4.625  4.718  4.635  4.812  4.850  4.828  4.736  4.654  4.593  4.673  4.727  4.605  4.575  4.317  4.357  4.644  4.654  4.718  4.758  4.644  4.585  4.605  4.696  4.663  4.538  4.654  4.710
4.324  4.040  4.460  4.304  4.344  4.297  4.443  4.205  4.234  4.454  4.124  4.419  4.394  4.382  4.394  4.288  4.159  4.234  4.304  4.530  4.498  4.344  4.143  4.354  4.007  4.127  4.074  4.241  3.989  4.167  4.205  4.078  4.156  4.174  4.174  4.174  4.132  4.143  4.148  4.187  4.004  4.317
4.494  3.932  4.220  4.394  4.234  4.443  4.111  4.350  4.263  4.500  4.369  4.431  4.419  4.317  4.369  4.220  4.127  4.220  4.380  4.625  4.500  4.094  4.174  4.263  4.143  4.190  4.190  4.202  3.892  4.094  4.197  4.174  4.290  4.274  4.205  4.094  4.194  4.248  4.460  4.344  4.205  4.290
5.004  4.745  4.858  4.682  4.920  4.848  4.949  4.852  4.844  4.963  4.754  4.984  4.949  4.691  4.875  4.893  4.820  4.898  4.860  4.852  4.927  4.836  4.819  4.868  4.756  4.786  4.691  4.635  4.575  4.999  4.745  4.635  4.700  4.745  4.754  4.691  4.890  4.905  4.718  4.766  4.802  4.898
5.403  5.156  5.193  5.153  5.069  5.215  5.220  5.153  5.308  5.390  5.241  5.342  5.215  5.118  5.293  5.170  5.106  5.112  5.147  5.165  5.236  5.124  5.201  5.277  5.078  5.042  5.050  4.984  4.836  5.143  5.053  5.075  5.100  5.112  5.115  5.088  5.118  5.142  5.063  5.112  4.977  5.153
4.922  4.673  4.736  4.804  4.549  4.691  4.787  4.762  4.700  4.934  4.827  5.056  4.883  4.700  4.852  4.673  4.673  4.804  4.787  4.870  4.804  4.691  4.718  4.663  4.466  4.511  4.663  4.564  4.559  4.454  4.668  4.615  4.673  4.734  4.687  4.723  4.771  4.663  4.700  4.754  4.662  4.816
5.267  5.009  5.124  5.165  5.106  5.024  5.050  5.097  4.992  5.226  5.115  5.100  5.165  4.975  5.209  5.088  4.997  5.069  5.088  5.133  5.204  5.124  5.077  4.990  4.893  4.883  4.871  4.987  4.927  4.844  4.997  5.030  5.034  4.970  5.056  4.963  4.961  5.032  5.004  5.055  5.024  5.058
7.098  6.967  7.045  7.093  7.037  7.040  7.089  7.062  7.119  7.279  7.185  7.213  7.201  6.983  7.174  6.984  7.019  6.968  7.186  7.108  7.095  7.073  7.007  7.027  7.006  7.023  7.039  7.036  6.899  7.037  7.040  7.001  7.051  7.066  7.131  7.028  7.066  7.032  6.996  6.956  6.920  7.009
6.830  6.658  6.738  6.798  6.749  6.790  6.902  6.731  6.877  6.995  6.935  6.934  6.960  6.798  6.931  6.760  6.891  6.712  6.879  6.775  6.974  6.873  6.807  6.833  6.766  6.833  6.833  6.781  6.730  6.838  6.780  6.772  6.789  6.813  6.904  6.794  6.788  6.762  6.713  6.650  6.701  6.701
3.466  3.497  3.632  3.434  3.664  3.555  3.658  3.584  3.738  3.689  3.664  3.689  3.745  3.784  3.714  3.664  3.555  3.664  3.664  3.738  3.829  3.611  3.526  3.611  3.638  3.497  3.632  3.526  3.584  3.541  3.611  3.664  3.611  3.578  3.714  3.584  3.466  3.584  3.541  3.664  3.611  3.497
3.892  3.871  3.888  3.761  3.829  3.912  3.902  3.733  3.980  3.850  3.871  3.967  3.942  3.970  3.761  3.784  3.829  3.784  3.908  3.912  3.784  3.714  3.932  3.871  3.807  3.738  3.784  3.664  3.638  3.658  3.664  3.689  3.989  3.761  3.892  3.867  3.611  3.689  3.714  3.584  4.007  3.664
4.509  4.248  4.344  4.522  4.392  4.454  4.321  4.317  4.407  4.431  4.341  4.489  4.477  4.443  4.543  4.443  4.382  4.290  4.644  4.511  4.486  4.443  4.413  4.522  4.263  4.344  4.341  4.331  4.248  4.431  4.394  4.431  4.500  4.477  4.344  4.277  4.419  4.234  4.263  4.220  4.290  4.382
4.419  4.267  4.354  4.564  4.413  4.335  4.304  4.331  4.382  4.458  4.348  4.477  4.543  4.511  4.466  4.246  4.127  4.248  4.598  4.575  4.344  4.344  4.094  4.317  4.454  4.234  4.290  4.317  4.143  4.227  4.159  4.143  4.580  4.304  4.234  4.304  4.205  4.274  4.344  4.328  4.277  4.394
3.850  4.004  3.829  3.850  3.757  3.892  3.761  3.638  3.689  4.078  3.871  3.912  4.078  3.932  3.932  3.818  4.034  3.989  3.829  3.871  3.951  4.025  4.043  4.043  3.829  3.829  3.867  3.714  3.892  3.951  3.951  3.829  3.951  3.850  3.871  3.882  3.947  3.970  3.912  3.689  3.584  3.709
3.434  3.611  3.497  3.401  3.434  3.401  3.401  3.550  3.512  3.526  3.466  3.555  3.689  3.584  3.578  3.555  3.592  3.497  3.584  3.658  3.367  3.638  3.497  3.676  3.367  3.466  3.401  3.466  3.296  3.526  3.584  3.497  3.466  3.332  3.497  3.526  3.459  3.526  3.434  3.401  3.296  3.466
3.882  3.664  3.784  3.951  3.829  3.738  3.807  3.738  4.007  3.932  3.761  3.829  4.078  3.967  4.043  3.829  3.689  3.932  3.871  3.892  3.967  3.784  3.761  4.007  3.892  3.850  3.871  3.857  3.526  3.689  3.638  3.689  3.738  3.555  3.658  3.932  3.714  3.526  3.784  3.733  3.970  3.829
3.689  3.684  3.689  3.829  3.689  3.738  3.738  3.761  3.605  3.638  3.638  3.611  3.892  4.025  3.871  3.807  3.780  3.664  3.733  3.871  3.807  3.784  3.714  3.757  3.611  3.584  3.738  3.550  3.555  3.555  3.738  3.611  3.714  3.714  3.526  3.638  3.709  3.638  3.638  3.497  3.638  3.714
3.578  3.638  3.564  3.497  3.605  3.497  3.584  3.526  3.584  3.434  3.401  3.520  3.714  3.689  3.761  3.526  3.638  3.526  3.714  3.761  3.861  3.632  3.497  3.714  3.555  3.664  3.570  3.570  3.555  3.444  3.332  3.584  3.611  3.526  3.664  3.555  3.611  3.526  3.332  3.401  3.401  3.584
3.619  3.611  3.757  3.664  3.676  3.526  3.638  3.733  3.761  3.761  3.466  3.714  3.807  3.773  3.967  3.526  3.714  3.555  3.795  3.871  3.989  3.871  3.611  3.555  3.664  3.689  3.638  3.619  3.555  3.578  3.605  3.664  3.784  3.802  4.007  3.689  3.784  3.709  3.611  3.466  3.605  3.584
4.466  4.357  4.489  4.620  4.533  4.404  4.369  4.477  4.522  4.820  4.567  4.635  4.682  4.595  4.844  4.443  4.311  4.564  4.682  4.635  4.718  4.466  4.522  4.620  4.489  4.394  4.407  4.344  4.288  4.315  4.220  4.263  4.431  4.454  4.511  4.538  4.398  4.290  4.369  4.382  4.431  4.443
5.037  5.081  4.956  5.094  4.905  4.934  5.037  5.043  4.868  5.186  5.030  5.004  5.165  5.176  5.153  4.977  5.071  4.977  5.187  5.118  5.273  5.085  5.069  5.175  4.927  4.963  4.868  4.874  4.779  4.997  5.056  4.942  4.963  4.938  5.053  5.017  5.011  4.866  4.875  4.963  4.820  4.920
