6.178  5.872  6.097  5.922  5.953  6.026  5.991  5.969  5.948  6.098  6.019  6.033  6.040  5.990  6.054  5.971  5.823  6.045  6.009  5.916  6.028  6.001  5.881  5.927  5.843  5.753  5.869  5.844  5.628  5.759  5.771  5.743  5.900  5.866  5.765  5.911  5.908  5.953  5.942  5.911  5.659  5.986
6.146  5.961  6.111  6.064  5.932  6.045  6.098  5.956  6.067  6.146  5.979  6.118  6.097  5.951  6.125  6.014  5.901  6.080  6.096  6.050  6.114  6.045  5.925  6.118  5.851  5.802  5.974  5.878  5.663  5.759  5.823  5.771  6.006  5.945  5.960  6.009  5.940  6.045  5.948  5.858  5.768  5.984
4.489  4.431  4.401  4.443  4.522  4.500  4.654  4.554  4.511  4.567  4.543  4.557  4.533  4.530  4.514  4.419  4.369  4.394  4.443  4.625  4.554  4.500  4.431  4.564  4.357  4.301  4.284  4.317  4.328  4.304  4.331  4.404  4.431  4.256  4.297  4.475  4.357  4.449  4.357  4.341  4.498  4.297
4.317  4.025  4.187  4.111  4.248  4.190  4.094  4.127  4.111  4.174  4.143  4.202  4.301  4.277  4.369  4.205  3.989  4.174  4.182  4.514  4.288  4.057  4.190  4.143  4.025  4.135  4.078  4.025  3.784  4.043  4.094  4.025  4.111  4.099  3.967  4.127  4.025  4.159  4.074  3.995  4.094  4.111
5.837  5.635  5.677  5.672  5.631  5.684  5.724  5.700  5.666  5.858  5.775  5.850  5.757  5.740  5.808  5.735  5.540  5.858  5.921  5.796  5.881  5.694  5.673  5.781  5.553  5.517  5.515  5.678  5.371  5.476  5.649  5.529  5.617  5.656  5.548  5.521  5.583  5.724  5.652  5.673  5.442  5.623
5.756  5.609  5.666  5.666  5.587  5.620  5.680  5.666  5.684  5.743  5.773  5.727  5.677  5.717  5.814  5.624  5.438  5.767  5.678  5.673  5.691  5.613  5.598  5.666  5.493  5.447  5.490  5.467  5.468  5.507  5.517  5.505  5.614  5.591  5.500  5.609  5.598  5.631  5.602  5.620  5.429  5.529
5.099  5.004  5.024  4.945  4.963  5.112  5.176  4.982  5.063  5.209  5.043  5.080  5.220  5.011  5.215  5.112  5.078  5.027  4.963  5.170  5.231  5.056  4.933  5.061  4.852  4.913  4.890  4.852  4.874  4.816  4.963  4.956  5.043  4.927  5.100  5.056  4.920  5.011  4.796  4.973  4.727  4.997
4.848  4.824  4.828  4.687  4.754  4.839  4.920  4.898  4.806  4.927  4.999  4.927  5.043  5.021  5.100  4.898  4.883  4.798  4.977  4.894  4.866  4.820  4.754  5.024  4.712  4.727  4.748  4.691  4.610  4.700  4.844  4.762  4.787  4.727  4.820  4.748  4.970  4.843  4.754  4.754  4.700  4.887
5.252  5.165  5.130  5.257  5.204  5.100  5.196  5.196  5.069  5.280  5.308  5.277  5.308  5.170  5.242  5.130  5.140  5.130  5.257  5.257  5.352  5.236  5.142  5.328  5.080  5.069  5.011  5.058  4.883  4.879  5.112  5.106  5.112  5.106  5.143  5.058  4.989  5.068  5.069  4.927  4.874  5.074
5.153  4.883  5.050  5.011  4.933  4.898  5.068  5.030  4.990  5.114  4.942  5.030  5.063  5.017  5.147  4.890  5.029  4.804  5.106  5.153  5.142  5.003  4.919  4.949  4.933  4.913  4.860  4.787  4.736  4.898  4.836  5.050  4.913  4.958  5.100  4.771  4.920  4.968  4.836  4.954  4.977  5.004
6.025  5.677  5.755  5.875  5.787  5.727  5.812  5.903  5.840  6.133  5.852  5.832  5.979  5.841  5.945  5.781  5.881  5.707  5.988  5.826  5.948  5.811  5.811  5.849  5.738  5.696  5.638  5.568  5.446  5.628  5.624  5.759  5.620  5.759  5.866  5.595  5.659  5.869  5.752  5.730  5.724  5.823
6.390  6.089  6.119  6.204  6.206  6.223  6.176  6.304  6.221  6.537  6.289  6.312  6.323  6.182  6.219  6.173  6.209  6.106  6.435  6.172  6.234  6.148  6.111  6.121  6.100  6.034  6.045  6.021  5.874  5.892  6.143  6.087  6.156  6.301  6.349  6.227  6.454  6.438  6.395  6.666  6.618  6.657
4.682  4.564  4.673  4.682  4.615  4.754  4.852  4.736  4.710  4.779  4.710  4.771  4.754  4.687  4.852  4.673  4.673  4.644  4.868  4.812  4.771  4.727  4.762  4.819  4.585  4.443  4.682  4.466  4.363  4.590  4.682  4.588  4.575  4.554  4.685  4.771  4.662  4.464  4.477  4.407  4.564  4.644
4.248  4.290  4.443  4.234  4.357  4.263  4.440  4.260  4.277  4.431  4.419  4.382  4.443  4.407  4.511  4.205  4.369  4.277  4.443  4.317  4.344  4.477  4.127  4.585  4.217  4.043  4.317  4.248  4.234  4.248  4.248  4.431  4.234  4.159  4.380  4.248  4.263  4.078  4.234  4.043  4.078  4.290
6.777  6.387  6.620  6.637  6.852  6.568  6.466  6.560  6.755  6.816  6.934  6.717  6.677  6.541  6.623  6.458  6.515  6.501  6.878  6.756  6.718  6.510  6.585  6.547  6.494  6.602  6.444  6.544  6.416  6.480  6.391  6.557  6.581  6.716  6.545  6.506  6.442  6.608  6.569  6.510  6.537  6.625
6.518  6.230  6.358  6.363  6.819  6.463  6.351  6.335  6.817  6.718  6.796  6.600  6.506  6.360  6.509  6.335  6.369  6.240  6.510  6.384  6.770  6.430  6.373  6.498  6.295  6.351  6.314  6.314  6.616  6.365  6.354  6.460  6.494  6.650  6.600  6.335  6.373  6.282  6.297  6.218  6.425  6.304
5.226  4.949  5.081  5.037  5.220  5.037  4.949  5.052  4.905  5.317  5.159  5.215  5.252  5.136  5.220  4.934  4.972  4.934  5.149  5.118  5.088  4.966  5.045  5.069  4.848  4.874  5.024  4.905  4.860  4.844  4.894  5.086  4.883  5.112  4.973  5.088  5.017  5.075  5.023  5.030  4.913  5.106
4.331  4.274  4.205  4.111  4.290  4.317  4.108  4.270  4.331  4.317  4.270  4.331  4.401  4.344  4.369  4.217  4.277  4.111  4.348  4.443  4.331  4.241  4.394  4.394  4.025  4.143  4.190  4.190  4.159  4.159  4.094  4.274  4.317  4.220  4.205  4.127  4.187  4.190  4.078  4.078  4.234  4.205
4.554  4.541  4.543  4.431  4.331  4.357  4.431  4.398  4.369  4.472  4.620  4.477  4.644  4.564  4.575  4.458  4.543  4.422  4.543  4.543  4.554  4.511  4.331  4.554  4.344  4.431  4.344  4.277  4.190  4.304  4.344  4.522  4.475  4.380  4.511  4.304  4.290  4.304  4.413  4.357  4.443  4.253
4.382  4.127  4.127  4.094  3.989  4.111  3.989  4.127  3.932  4.099  3.922  3.970  4.248  4.111  4.227  3.980  4.094  4.016  4.220  4.159  4.127  3.989  3.970  3.989  3.829  3.912  3.892  3.714  3.738  3.970  3.912  3.829  4.143  4.060  4.069  3.912  3.807  3.932  3.835  4.007  4.013  4.111
5.591  5.384  5.407  5.583  5.505  5.393  5.293  5.561  5.421  5.521  5.595  5.497  5.694  5.652  5.561  5.398  5.425  5.505  5.635  5.703  5.480  5.472  5.460  5.495  5.288  5.499  5.381  5.303  5.207  5.293  5.414  5.262  5.554  5.453  5.460  5.484  5.308  5.525  5.455  5.361  5.323  5.457
5.193  5.165  5.121  5.215  5.094  5.187  5.094  5.088  5.226  5.192  5.204  5.208  5.226  5.153  5.220  5.066  5.004  5.036  5.288  5.416  5.142  5.136  5.069  5.153  5.186  5.153  5.124  4.956  4.835  4.977  4.905  5.088  5.133  5.118  5.049  5.226  5.043  5.295  5.100  5.037  5.165  5.088
