5.263  5.004  5.037  5.182  5.061  5.146  5.165  4.934  5.142  5.263  5.172  5.236  5.100  5.106  5.112  5.072  4.883  5.017  5.050  5.081  5.050  4.989  4.997  5.056  5.024  5.021  4.762  4.990  4.736  4.787  4.852  4.956  4.986  5.017  5.112  5.069  5.078  5.088  4.975  5.050  4.875  4.977
4.509  4.217  4.043  4.174  4.111  4.159  4.344  4.220  4.248  4.541  4.413  4.348  4.369  4.428  4.357  4.248  4.143  4.205  4.143  4.341  4.407  4.174  4.234  4.263  4.174  4.108  4.007  4.124  4.060  4.043  4.159  4.040  4.127  4.094  4.328  4.187  4.103  4.159  4.167  4.171  4.234  4.174
3.871  4.007  3.970  4.083  4.007  3.829  3.892  3.951  3.912  4.060  3.989  3.989  4.060  4.078  4.127  4.004  4.094  3.829  4.205  4.094  4.040  4.159  4.043  4.007  4.078  3.829  3.989  3.829  4.007  4.004  4.043  3.989  3.951  3.784  3.951  3.902  3.850  3.850  3.861  3.757  3.676  3.985
4.143  4.025  4.094  4.057  3.970  3.829  4.060  4.143  3.970  4.277  3.989  4.078  4.205  4.094  4.069  3.970  3.908  4.094  4.094  4.111  4.209  4.174  4.007  4.094  4.111  3.829  3.850  3.829  3.714  3.807  4.135  4.060  3.989  4.007  3.912  3.888  3.871  4.025  3.882  4.007  3.947  4.060
4.270  4.311  4.369  4.335  4.248  4.431  4.369  4.205  4.344  4.500  4.363  4.369  4.290  4.382  4.416  4.234  4.324  4.217  4.469  4.466  4.407  4.331  4.263  4.466  4.317  4.220  4.317  4.263  4.034  4.127  4.103  4.197  4.143  4.277  4.202  4.205  4.304  3.932  4.205  4.331  4.111  4.317
4.151  4.022  4.111  4.241  4.127  4.205  4.304  3.932  4.143  4.234  4.043  4.094  4.248  4.159  4.394  3.912  4.171  4.007  4.205  4.419  4.205  4.263  4.060  4.111  3.970  4.043  4.111  3.989  4.057  3.989  4.143  4.231  4.078  3.932  4.040  4.111  3.970  4.025  4.043  4.043  3.976  4.127
5.228  5.155  5.257  5.187  5.242  5.222  5.124  5.204  5.142  5.384  5.333  5.242  5.303  5.298  5.367  5.130  5.043  5.145  5.418  5.247  5.247  5.093  5.190  5.158  4.963  4.956  5.029  5.030  4.920  4.997  5.063  4.984  5.100  5.209  5.096  5.091  4.990  5.226  5.083  4.949  4.997  5.049
5.648  5.393  5.509  5.572  5.642  5.581  5.481  5.501  5.555  5.762  5.617  5.749  5.680  5.549  5.784  5.429  5.497  5.509  5.659  5.649  5.680  5.561  5.509  5.591  5.429  5.303  5.397  5.267  5.164  5.298  5.365  5.397  5.472  5.455  5.455  5.576  5.323  5.537  5.488  5.468  5.345  5.468
4.934  4.779  4.898  4.787  4.949  4.762  4.844  4.913  4.754  5.056  4.832  4.942  5.103  4.977  4.984  4.696  4.913  4.804  4.997  4.852  5.045  5.004  4.794  4.927  4.779  4.642  4.642  4.654  4.613  4.671  4.844  4.850  4.883  4.754  4.828  4.771  4.677  4.828  4.787  4.769  4.663  4.734
4.454  4.454  4.205  4.304  4.357  4.127  4.328  4.376  4.304  4.394  4.382  4.407  4.522  4.437  4.477  4.295  4.357  4.205  4.277  4.369  4.610  4.437  4.290  4.394  4.331  4.190  4.234  4.094  4.060  4.060  4.159  4.220  4.220  4.357  4.290  4.205  4.288  4.317  4.234  4.274  4.220  4.205
4.559  4.638  4.595  4.514  4.557  4.489  4.585  4.489  4.727  4.663  4.564  4.762  4.644  4.691  4.635  4.452  4.623  4.511  4.500  4.635  4.890  4.663  4.610  4.866  4.644  4.443  4.431  4.625  4.514  4.605  4.567  4.671  4.623  4.567  4.890  4.419  4.511  4.394  4.477  4.454  4.290  4.477
4.277  4.401  4.248  4.331  4.277  4.401  4.248  4.263  4.290  4.394  4.277  4.382  4.477  4.431  4.220  4.174  4.392  4.290  4.361  4.503  4.492  4.331  4.301  4.357  4.357  4.103  4.220  4.317  4.290  4.369  4.344  4.431  4.025  4.297  4.369  4.174  4.331  4.159  4.205  4.060  4.060  4.190
5.106  5.056  5.176  5.209  5.209  5.118  4.883  5.056  4.980  5.193  5.135  5.182  5.268  5.169  5.318  5.011  4.956  4.972  5.357  5.252  5.293  4.984  5.050  5.164  4.913  4.890  5.014  4.860  4.898  4.762  4.852  4.905  5.043  4.754  5.043  4.977  5.030  5.094  5.124  5.075  4.850  4.949
6.288  5.974  6.151  6.265  6.205  6.148  5.994  6.075  6.026  6.310  6.184  6.203  6.304  6.159  6.217  6.019  5.822  6.064  6.256  6.282  6.127  6.033  6.028  6.035  5.940  6.001  5.950  5.880  5.784  5.826  5.976  5.875  6.174  6.028  6.050  6.102  5.903  6.120  6.161  5.989  5.958  6.114
4.852  4.796  4.913  4.977  4.836  4.844  4.927  4.844  4.977  4.984  4.858  5.004  4.984  5.009  5.013  4.828  4.990  4.875  4.987  5.063  5.001  5.100  4.949  4.902  4.860  4.938  4.804  4.691  4.999  4.786  4.832  4.990  5.016  4.796  4.984  4.989  4.844  4.905  4.848  4.654  4.727  4.754
5.278  5.262  5.230  5.283  5.136  5.142  5.308  5.063  5.204  5.220  5.094  5.247  5.311  5.100  5.231  5.040  5.341  5.030  5.288  5.485  5.352  5.361  5.187  5.466  5.170  5.320  5.130  4.963  5.223  5.042  5.193  5.293  5.142  5.226  5.421  5.209  5.262  5.159  4.934  5.069  5.024  5.159
5.515  5.153  5.400  5.324  5.278  5.416  5.235  5.247  5.434  5.313  5.476  5.537  5.451  5.371  5.462  5.189  5.220  5.328  5.207  5.568  5.420  5.293  5.280  5.545  5.302  5.288  5.209  5.256  5.112  5.189  5.220  5.069  5.263  5.204  5.220  5.181  5.198  5.273  5.303  5.303  5.106  5.170
4.533  4.543  4.588  4.630  4.644  4.498  4.654  4.498  4.522  4.625  4.575  4.682  4.691  4.633  4.595  4.538  4.787  4.511  4.625  4.762  4.649  4.610  4.500  4.682  4.440  4.511  4.505  4.290  4.466  4.335  4.500  4.407  4.564  4.533  4.595  4.585  4.511  4.554  4.464  4.382  4.449  4.407
4.477  4.431  4.304  4.290  4.317  4.454  4.357  4.522  4.331  4.443  4.248  4.419  4.516  4.498  4.543  4.341  4.357  4.410  4.369  4.498  4.407  4.357  4.321  4.543  4.234  4.263  4.260  4.248  4.234  4.277  4.260  4.357  4.443  4.317  4.344  4.317  4.369  4.394  4.419  4.337  4.263  4.304
4.220  4.205  4.127  4.127  4.241  4.248  4.220  4.231  4.143  4.263  4.205  4.304  4.376  4.304  4.331  4.074  4.263  4.174  4.315  4.380  4.552  4.190  4.078  4.205  3.829  4.111  4.052  3.989  4.057  4.119  3.951  4.124  4.263  4.205  4.277  4.317  4.078  4.127  4.140  4.078  4.078  4.111
4.248  4.108  4.043  4.060  4.234  4.078  3.951  4.060  4.116  4.234  4.234  4.127  4.234  4.407  4.367  4.094  4.007  4.164  4.148  4.205  4.099  4.159  4.159  4.248  4.007  4.025  4.156  3.951  3.850  3.850  4.043  4.043  4.135  4.043  4.078  4.167  4.013  4.190  4.281  4.078  3.912  4.159
4.288  4.190  4.171  4.277  4.331  4.194  4.220  4.290  4.143  4.419  4.248  4.407  4.369  4.454  4.382  4.267  4.290  4.511  4.380  4.425  4.263  4.344  4.357  4.454  4.205  4.217  4.466  4.094  4.094  4.148  4.220  4.248  4.394  4.111  4.220  4.197  4.431  4.407  4.234  4.304  4.127  4.205
