3.367  3.434  3.497  4.119  3.360  3.367  3.434  3.332  3.367  3.512  3.219  3.520  3.638  3.611  3.714  3.401  3.360  3.434  3.401  3.611  3.578  3.512  3.401  3.367  3.367  3.459  3.555  3.288  3.296  3.332  3.296  3.296  3.401  3.401  3.401  3.367  3.332  3.490  3.332  3.526  3.332  3.584
3.367  3.466  3.258  3.957  3.296  3.367  3.296  3.434  3.367  3.611  3.219  3.401  3.733  3.611  3.611  3.401  3.520  3.332  3.555  3.555  3.555  3.555  3.258  3.367  3.401  3.466  3.466  3.343  3.367  3.258  3.466  3.258  3.401  3.434  3.367  3.466  3.401  3.434  3.296  3.178  3.258  3.434
3.912  3.912  4.078  3.689  3.850  3.846  4.094  3.912  4.248  3.985  3.664  3.818  4.004  3.932  3.989  3.898  3.780  4.007  3.912  3.980  4.127  3.912  3.970  4.108  3.807  3.784  3.807  3.689  3.611  4.060  3.664  3.850  4.078  3.611  3.824  3.912  3.611  3.676  3.638  3.611  3.638  3.761
3.466  3.332  3.584  3.367  3.664  3.578  3.360  3.526  3.497  3.928  3.314  3.611  3.807  3.689  3.664  3.658  3.466  3.651  3.584  3.584  3.689  3.526  3.526  3.761  3.490  3.434  3.592  3.332  3.466  3.611  3.490  3.611  3.526  3.664  3.550  3.434  3.466  3.401  3.401  3.401  3.497  3.578
3.912  3.912  3.807  3.892  3.638  3.807  3.638  3.818  3.850  3.784  3.861  3.989  3.951  3.892  3.912  3.738  3.714  3.850  4.043  4.007  3.892  3.761  3.918  3.689  3.738  3.664  3.638  3.714  3.761  3.689  3.689  3.714  3.829  3.761  3.807  3.664  3.709  3.526  3.761  3.611  3.664  3.829
3.714  3.773  3.829  3.780  4.013  3.584  3.850  3.807  3.714  3.892  3.638  3.689  3.850  3.761  3.892  3.850  3.733  3.761  3.714  3.761  3.761  3.818  3.605  3.784  3.714  3.526  3.664  3.738  3.466  3.738  3.892  3.638  3.689  3.689  3.721  3.784  3.664  3.664  3.638  3.584  3.466  3.638
5.034  4.682  5.170  4.407  4.466  5.088  4.657  4.388  5.442  4.663  4.533  4.635  4.543  4.771  4.554  4.466  4.419  4.949  5.193  4.710  4.644  4.984  4.600  5.347  4.466  4.317  4.633  5.001  4.454  4.635  4.344  4.477  5.193  4.564  4.234  4.466  4.367  4.522  4.511  4.419  4.949  4.407
5.256  4.564  5.293  4.831  5.203  5.050  4.963  4.942  5.238  5.043  4.796  5.003  4.927  5.198  4.802  5.135  4.454  5.094  5.260  5.029  4.987  4.840  4.808  5.361  4.828  4.361  4.926  4.659  4.721  4.812  4.654  4.718  4.927  4.511  4.585  4.875  4.419  4.511  4.652  4.644  4.984  4.700
4.043  3.784  4.007  4.025  3.932  3.791  3.932  3.932  3.932  3.829  3.961  3.989  3.892  3.980  4.091  4.043  3.985  3.951  3.970  3.888  4.127  4.078  3.912  4.031  3.829  3.807  3.780  3.802  3.684  3.689  3.784  3.951  3.846  3.892  3.951  3.928  3.912  3.932  3.738  3.497  3.757  3.784
4.354  4.111  4.369  4.328  4.174  4.127  4.317  4.159  4.231  4.394  4.304  4.369  4.205  4.190  4.324  4.060  4.290  4.083  4.315  4.477  4.331  4.234  4.220  4.277  4.127  4.094  4.127  4.094  3.967  4.025  4.124  4.159  4.143  4.174  4.174  4.086  3.861  4.217  3.989  3.892  4.074  4.111
3.434  3.605  3.611  3.497  3.490  3.526  3.434  3.658  3.526  3.733  3.466  3.584  3.784  3.829  3.714  3.497  3.555  3.611  3.526  3.757  3.714  3.497  3.570  3.638  3.401  3.664  3.497  3.555  3.584  3.332  3.466  3.584  3.638  3.466  3.714  3.555  3.332  3.671  3.481  3.434  3.526  3.401
3.584  3.434  3.638  3.367  3.526  3.401  3.401  3.459  3.497  3.466  3.367  3.434  3.684  3.738  3.664  3.466  3.584  3.497  3.466  3.824  3.584  3.578  3.401  3.611  3.526  3.332  3.555  3.332  3.332  3.332  3.434  3.434  3.401  3.526  3.434  3.584  3.497  3.535  3.367  3.178  3.401  3.611
4.315  4.078  4.304  4.143  4.111  4.284  4.060  4.220  4.304  4.419  3.970  4.190  4.202  4.344  4.509  4.331  4.205  4.256  4.443  4.331  4.248  4.205  4.295  4.248  4.197  4.143  4.127  3.989  4.127  4.094  4.317  4.190  4.407  4.263  4.094  4.331  3.932  4.234  4.143  4.091  4.190  4.234
3.951  3.951  3.605  4.025  3.850  3.892  3.871  3.912  3.871  3.989  3.784  3.989  4.007  3.947  4.127  3.918  3.892  3.689  3.989  3.951  3.951  3.967  3.912  3.807  3.738  3.761  3.773  3.829  3.638  3.784  3.802  3.846  3.829  3.689  3.807  3.850  3.689  3.738  3.985  3.664  3.689  3.761
4.043  4.057  4.260  4.156  4.241  3.932  4.174  4.119  4.025  4.315  4.007  4.212  4.043  4.127  4.321  3.970  4.078  4.060  4.111  4.277  4.369  3.970  3.989  4.321  4.034  4.052  4.078  3.932  4.078  3.951  3.932  4.043  4.094  3.912  3.829  4.060  3.985  3.989  3.951  3.738  4.060  3.932
4.004  3.912  4.007  4.060  3.951  3.932  3.951  3.985  3.912  4.007  3.850  3.850  4.078  4.060  4.248  3.738  3.871  4.060  4.025  4.078  4.174  4.078  3.912  4.078  3.850  3.871  3.928  3.807  3.773  3.773  3.871  3.932  4.025  3.912  3.784  3.947  3.867  3.871  3.829  3.738  3.850  3.807
3.434  3.526  3.584  3.555  3.555  3.584  3.611  3.584  3.638  3.664  3.497  3.520  3.497  3.638  3.526  3.401  3.664  3.401  3.611  3.611  3.651  3.709  3.401  3.714  3.555  3.555  3.570  3.526  3.466  3.638  3.434  3.555  3.611  3.401  3.434  3.466  3.258  3.401  3.466  3.296  3.497  3.526
3.466  3.512  3.367  3.367  3.367  3.401  3.332  3.584  3.367  3.466  3.466  3.401  3.434  3.434  3.481  3.428  3.535  3.428  3.584  3.526  3.555  3.584  3.709  3.367  3.497  3.520  3.367  3.434  3.475  3.367  3.428  3.296  3.490  3.401  3.367  3.332  3.332  3.332  3.497  3.135  3.401  3.466
3.768  3.738  3.714  3.714  3.877  3.584  3.714  3.689  3.850  3.850  3.861  3.714  4.060  4.094  4.159  3.761  3.733  3.714  3.932  3.784  4.209  3.714  3.871  3.784  3.738  3.738  3.850  3.658  3.611  3.738  3.611  3.871  3.807  3.689  3.780  3.867  3.570  3.784  3.714  3.689  3.497  3.709
3.738  3.738  3.584  3.526  3.555  3.611  3.664  3.714  3.689  3.784  3.555  3.807  3.951  3.918  3.912  3.829  3.632  3.664  3.829  3.871  3.829  3.871  3.757  3.829  3.714  3.550  3.761  3.684  3.584  3.689  3.555  3.658  3.696  3.784  3.835  3.807  3.490  3.689  3.714  3.584  3.664  3.555
3.892  3.784  3.664  3.912  3.908  3.888  3.611  3.714  3.912  3.912  3.721  3.871  4.043  4.007  4.205  3.757  3.829  3.829  3.951  3.871  4.111  3.807  3.684  3.807  3.611  3.784  3.813  3.807  3.829  3.611  3.658  3.709  3.932  3.714  3.932  3.795  3.611  3.664  3.846  3.745  3.738  3.892
4.860  4.543  4.736  4.741  4.700  4.808  4.615  4.723  4.743  4.927  4.727  4.727  4.860  4.691  4.864  4.628  4.654  4.677  4.949  4.828  4.875  4.603  4.673  4.726  4.466  4.394  4.644  4.603  4.615  4.644  4.443  5.102  4.820  4.644  5.050  4.727  4.554  4.736  4.533  4.902  4.625  4.673
