5.094  4.934  4.968  5.014  5.017  4.970  5.193  5.080  5.026  5.130  5.088  5.193  5.147  5.094  5.091  4.868  5.069  4.771  5.124  5.017  5.182  5.115  5.040  5.075  4.919  4.920  4.920  4.898  4.844  4.966  5.069  5.037  5.004  5.066  5.175  4.970  4.997  4.860  4.779  4.718  4.828  4.977
4.382  4.419  4.486  4.419  4.394  4.331  4.369  4.437  4.428  4.543  4.394  4.477  4.404  4.500  4.573  4.331  4.486  4.369  4.486  4.585  4.657  4.573  4.500  4.585  4.369  4.431  4.452  4.328  4.564  4.419  4.394  4.369  4.419  4.394  4.477  4.260  4.477  4.248  4.060  4.111  4.224  4.354
6.153  6.207  6.059  6.061  6.094  6.252  6.225  6.090  6.144  6.280  6.290  6.146  6.279  6.274  6.286  6.188  6.096  6.006  6.099  6.047  6.229  6.290  6.303  6.289  5.922  6.026  6.064  6.023  5.908  6.008  6.248  5.994  5.951  6.057  6.114  6.170  6.192  6.107  6.033  5.958  6.031  5.883
6.161  6.267  5.976  6.190  6.084  6.209  6.324  6.174  6.219  6.233  6.335  6.264  6.279  6.227  6.238  6.230  6.186  5.958  6.229  6.180  6.328  6.246  6.347  6.354  6.001  6.052  6.087  5.943  6.091  5.999  6.309  6.105  6.087  6.126  6.154  6.178  6.211  6.073  6.107  5.966  6.080  6.103
4.143  4.143  4.156  4.007  4.354  4.382  4.060  4.174  4.187  4.469  4.311  4.270  4.234  4.392  4.446  4.111  4.127  4.190  4.267  4.354  4.060  4.263  4.174  4.190  3.951  3.938  4.060  4.248  4.263  4.111  4.248  4.111  4.234  4.025  4.220  3.967  4.190  4.156  4.148  4.025  3.989  4.022
4.489  4.277  4.394  4.277  4.328  4.382  4.466  4.454  4.536  4.407  4.659  4.573  4.562  4.443  4.633  4.331  4.246  4.477  4.522  4.466  4.454  4.382  4.500  4.454  4.111  4.124  4.248  4.277  4.290  4.357  4.466  4.132  4.205  4.263  4.344  4.431  4.317  4.253  4.220  4.304  4.311  4.190
4.452  4.159  4.301  4.367  4.277  4.277  4.304  4.205  4.367  4.673  4.248  4.394  4.511  4.263  4.317  4.263  4.270  4.543  4.394  4.344  4.443  4.205  4.288  4.533  4.281  4.025  4.179  4.263  4.159  4.248  4.277  4.190  4.277  4.220  4.277  4.344  4.290  4.127  4.094  4.174  4.111  4.331
4.736  4.605  4.727  4.543  4.663  4.575  4.739  4.652  4.564  4.890  4.710  4.819  4.823  4.727  4.839  4.605  4.635  4.610  4.673  4.682  4.625  4.754  4.615  4.554  4.422  4.344  4.449  4.466  4.440  4.494  4.595  4.567  4.625  4.454  4.663  4.663  4.466  4.682  4.575  4.394  4.511  4.533
4.973  4.736  4.875  4.718  4.836  4.811  4.812  4.913  4.811  5.109  4.898  5.023  4.934  4.942  4.883  4.828  4.595  4.875  4.883  4.796  4.700  4.718  4.754  4.620  4.610  4.644  4.700  4.796  4.511  4.573  4.564  4.691  4.682  4.663  4.652  4.771  4.673  4.741  4.762  4.779  4.533  4.736
3.850  3.714  3.714  3.807  3.555  3.757  3.611  3.761  3.664  3.928  3.658  3.709  3.892  3.738  3.850  3.738  3.761  3.555  3.784  3.761  3.689  3.829  3.738  3.807  3.632  3.638  3.709  3.714  3.526  3.570  3.664  3.555  3.689  3.584  3.638  3.750  3.611  3.714  3.526  3.807  3.664  3.714
5.656  5.389  5.525  5.465  5.635  5.680  5.464  5.517  5.517  5.652  5.591  5.631  5.720  5.631  5.674  5.361  5.187  5.663  5.628  5.380  5.481  5.468  5.420  5.394  5.403  5.464  5.328  5.460  5.295  5.341  5.407  5.198  5.426  5.505  5.416  5.429  5.442  5.460  5.380  5.552  5.352  5.515
5.003  4.934  4.927  4.963  4.996  4.898  4.828  4.854  4.883  5.069  5.030  5.081  5.203  4.990  5.043  4.942  4.874  4.787  4.883  4.916  4.997  4.990  4.975  5.024  4.787  4.610  4.852  4.812  4.605  4.605  4.806  4.775  4.956  4.913  4.920  4.875  4.868  4.831  4.871  4.835  4.787  4.769
5.278  5.147  5.307  5.226  5.165  5.153  5.063  5.111  5.112  5.293  5.176  5.283  5.342  5.375  5.338  5.136  5.182  5.203  5.323  5.257  5.349  5.257  5.438  5.537  5.130  5.075  4.990  5.011  4.898  4.856  5.043  4.942  5.218  5.273  5.164  5.106  5.193  5.231  5.052  5.056  4.843  5.001
5.576  5.482  5.384  5.557  5.485  5.533  5.389  5.572  5.421  5.628  5.476  5.580  5.628  5.521  5.602  5.333  5.521  5.598  5.531  5.529  5.649  5.476  5.412  5.479  5.368  5.303  5.398  5.268  5.112  5.290  5.236  5.371  5.416  5.525  5.431  5.545  5.273  5.384  5.384  5.263  5.357  5.298
5.159  5.100  5.086  5.165  5.064  5.181  5.100  5.011  5.220  5.124  5.063  5.143  5.209  5.288  5.377  5.059  5.112  5.086  5.398  5.147  5.375  5.247  5.165  5.192  5.016  4.994  4.990  4.940  4.828  4.852  5.063  5.023  5.145  5.088  5.037  5.153  5.056  4.999  5.136  4.920  5.011  5.108
4.745  4.585  4.804  4.787  4.749  4.680  4.710  4.625  4.890  4.766  4.564  4.671  4.727  4.828  4.949  4.649  4.673  4.644  5.007  4.815  4.934  4.754  4.860  4.824  4.573  4.676  4.654  4.554  4.290  4.505  4.559  4.726  4.605  4.700  4.595  4.804  4.585  4.530  4.734  4.575  4.652  4.635
5.017  5.123  5.024  5.252  5.056  4.913  5.036  4.951  5.198  5.142  5.052  5.043  5.136  5.030  5.242  5.042  4.975  4.900  5.147  5.170  5.004  5.129  5.112  5.118  4.934  4.945  4.952  4.952  4.890  4.934  4.973  5.170  5.149  5.043  5.197  4.990  4.942  4.927  5.016  4.875  4.860  4.875
5.308  5.136  5.260  5.433  5.242  5.124  5.198  5.204  5.298  5.412  5.273  5.424  5.389  5.278  5.357  5.118  5.295  5.200  5.366  5.357  5.334  5.265  5.204  5.421  5.283  5.219  5.192  5.377  5.050  5.176  5.187  5.306  5.292  5.159  5.375  5.249  5.121  5.099  5.225  5.103  5.323  5.099
5.282  5.063  5.293  5.187  5.231  5.257  4.913  5.162  4.997  5.159  5.242  5.283  5.447  5.398  5.252  5.159  5.004  5.342  5.263  5.298  5.235  5.165  5.050  5.094  5.037  4.977  5.112  5.147  4.828  4.828  4.959  4.990  5.085  4.989  4.970  5.097  4.934  5.118  5.218  5.338  5.027  5.108
4.949  4.898  4.913  4.920  4.963  4.938  4.745  4.844  4.796  5.030  5.043  4.927  5.268  5.226  5.170  4.963  4.635  4.990  4.963  4.911  5.074  4.997  5.013  4.970  4.871  4.691  4.796  4.927  4.554  4.718  4.871  4.723  4.927  4.736  4.893  4.913  4.754  4.975  4.937  5.050  4.736  4.920
4.454  4.248  4.407  4.489  4.477  4.454  4.489  4.394  4.382  4.489  4.357  4.431  4.454  4.454  4.585  4.382  4.369  4.511  4.564  4.595  4.549  4.454  4.434  4.605  4.407  4.290  4.217  4.317  4.317  4.263  4.202  4.337  4.530  4.367  4.407  4.317  4.234  4.344  4.234  4.344  4.431  4.520
4.717  4.554  4.593  4.585  4.585  4.554  4.564  4.527  4.605  4.682  4.615  4.552  4.673  4.615  4.787  4.564  4.477  4.663  4.730  4.644  4.779  4.443  4.595  4.605  4.454  4.369  4.543  4.357  4.466  4.394  4.369  4.498  4.605  4.554  4.625  4.595  4.585  4.500  4.533  4.466  4.454  4.543
