5.004  5.074  4.824  4.836  4.927  5.106  4.977  4.871  4.904  4.977  5.069  5.027  5.043  5.056  4.956  5.061  5.050  4.973  5.047  4.890  4.958  5.011  5.013  5.121  4.977  4.796  4.898  4.812  4.749  4.844  4.992  4.934  4.942  5.088  4.949  5.064  5.142  4.889  4.820  4.874  4.642  4.934
5.318  5.075  5.109  5.124  5.106  5.361  5.124  5.123  5.324  5.195  5.257  5.162  5.056  5.136  5.100  5.193  5.081  5.106  5.172  5.118  4.968  5.187  5.209  5.257  4.977  5.037  4.963  5.011  4.934  5.071  5.089  4.990  5.094  5.209  5.056  5.136  5.278  5.100  5.056  5.058  4.714  4.942
4.779  4.220  4.060  4.132  4.248  4.317  4.357  4.290  4.489  4.431  4.263  4.466  4.369  4.454  4.428  4.382  4.220  4.284  4.238  4.246  4.234  4.227  4.182  4.317  4.248  4.231  4.234  4.217  4.022  4.174  4.341  4.234  4.263  4.263  4.407  4.220  4.248  4.159  4.078  4.140  4.205  4.159
4.875  4.331  4.182  4.357  4.248  4.410  4.344  4.328  4.357  4.489  4.234  4.477  4.369  4.331  4.595  4.288  4.234  4.369  4.317  4.419  4.522  4.248  4.274  4.357  4.304  4.190  4.078  4.094  4.078  4.078  4.315  4.311  4.331  4.263  4.317  4.263  4.174  4.205  4.094  4.094  4.078  4.220
5.416  5.283  5.398  5.298  5.308  5.379  5.352  5.278  5.313  5.505  5.398  5.485  5.513  5.398  5.572  5.257  5.233  5.323  5.375  5.394  5.509  5.296  5.351  5.420  5.097  5.187  5.142  5.236  5.043  5.231  5.384  5.257  5.312  5.307  5.380  5.303  5.425  5.438  5.429  5.220  5.323  5.236
5.924  5.692  5.728  5.778  5.707  5.875  5.659  5.700  5.737  5.969  5.832  5.805  5.832  5.718  5.943  5.580  5.614  5.501  5.872  5.776  5.793  5.724  5.756  5.864  5.587  5.689  5.602  5.642  5.517  5.677  5.737  5.781  5.724  5.663  5.778  5.714  5.826  5.838  5.684  5.677  5.630  5.649
4.585  4.317  4.477  4.541  4.454  4.489  4.454  4.407  4.454  4.500  4.344  4.511  4.477  4.615  4.533  4.464  4.477  4.691  4.489  4.554  4.549  4.443  4.394  4.350  4.477  4.522  4.304  4.489  4.357  4.277  4.407  4.354  4.357  4.431  4.407  4.452  4.407  4.522  4.248  4.536  4.263  4.454
4.253  4.159  4.127  4.217  4.187  3.932  4.174  4.078  3.892  4.060  4.205  4.202  4.174  4.043  4.392  3.912  4.143  4.074  4.248  4.220  4.290  4.043  3.970  4.143  3.951  3.970  3.912  4.060  4.060  3.989  4.078  3.932  4.007  4.111  3.970  4.043  3.951  4.217  4.069  4.025  3.850  3.912
3.689  3.555  3.714  3.664  3.733  3.689  3.632  3.638  3.738  3.676  3.611  3.664  3.846  3.807  3.892  3.784  3.689  3.689  3.892  3.932  3.829  3.638  3.584  3.857  3.555  3.738  3.550  3.611  3.520  3.497  3.526  3.584  3.829  3.584  3.664  3.632  3.664  3.428  3.520  3.584  3.434  3.555
3.584  3.611  3.401  3.434  3.611  3.526  3.434  3.466  3.638  3.611  3.350  3.676  3.664  3.714  3.664  3.632  3.497  3.459  3.714  3.888  3.684  3.541  3.497  3.664  3.526  3.564  3.714  3.611  3.611  3.714  3.526  3.555  3.611  3.526  3.638  3.466  3.466  3.434  3.555  3.367  3.434  3.466
4.369  4.466  4.443  4.425  4.431  4.511  4.477  4.489  4.489  4.546  4.394  4.543  4.610  4.691  4.727  4.615  4.434  4.477  4.522  4.573  4.454  4.500  4.533  4.394  4.538  4.413  4.407  4.413  4.290  4.454  4.419  4.369  4.369  4.410  4.511  4.489  4.422  4.404  4.431  4.500  4.357  4.431
3.829  3.951  3.714  3.871  3.867  3.638  3.871  3.850  4.007  3.928  3.871  3.932  4.057  4.111  4.190  3.989  3.928  3.807  4.143  3.892  4.043  3.989  3.951  4.074  3.761  3.714  4.078  3.761  3.555  3.689  3.714  3.932  3.784  3.932  3.738  3.784  3.761  3.850  3.867  3.807  3.802  3.912
4.590  4.256  4.443  4.500  4.564  4.575  4.382  4.407  4.419  4.590  4.533  4.431  4.671  4.538  4.635  4.288  4.248  4.428  4.564  4.469  4.486  4.357  4.440  4.500  4.401  4.263  4.317  4.466  4.174  4.317  4.331  4.143  4.554  4.331  4.443  4.386  4.369  4.533  4.407  4.434  4.304  4.454
4.190  3.912  4.317  4.174  4.331  4.205  4.094  4.205  4.205  4.344  4.277  4.241  4.382  4.344  4.522  4.060  4.111  4.156  4.135  4.304  4.380  3.970  4.127  4.357  4.025  4.043  4.190  4.190  4.043  4.078  4.143  3.947  4.452  4.220  4.317  4.066  3.942  4.143  4.220  4.094  4.159  4.007
4.879  4.766  4.644  4.836  4.963  4.844  4.718  4.890  4.852  4.990  4.771  4.812  5.024  4.836  5.043  4.718  4.718  4.893  4.844  5.045  4.779  4.727  4.736  4.868  4.580  4.623  4.633  4.718  4.522  4.564  4.644  4.615  4.752  4.754  4.644  4.898  4.654  4.710  4.726  4.705  4.663  4.875
4.802  4.635  4.691  4.820  4.762  4.726  4.718  4.779  4.762  4.920  4.754  4.754  4.835  4.883  4.883  4.533  4.580  4.718  4.927  4.875  4.905  4.736  4.727  4.760  4.595  4.489  4.477  4.530  4.454  4.554  4.541  4.466  4.649  4.685  4.718  4.754  4.718  4.533  4.511  4.533  4.533  4.663
4.700  4.538  4.654  4.691  4.762  4.794  4.615  4.787  4.605  4.804  4.682  4.812  4.956  4.727  4.836  4.644  4.625  4.726  4.836  4.771  4.727  4.677  4.663  4.718  4.357  4.543  4.543  4.543  4.394  4.413  4.610  4.454  4.613  4.647  4.443  4.585  4.644  4.691  4.654  4.700  4.543  4.745
4.741  4.682  4.638  4.673  4.620  4.736  4.700  4.654  4.635  4.727  4.783  4.700  4.997  4.782  4.934  4.782  4.682  4.710  4.673  4.736  4.635  4.771  4.743  4.796  4.615  4.625  4.543  4.475  4.454  4.472  4.522  4.538  4.615  4.700  4.654  4.625  4.500  4.663  4.466  4.575  4.489  4.663
3.780  3.867  3.846  3.807  3.908  3.664  3.738  3.689  3.611  4.025  3.658  3.824  4.060  4.025  4.108  3.750  3.829  3.861  3.932  3.932  4.034  3.912  3.611  3.871  3.761  3.807  3.829  3.784  3.578  3.738  3.738  3.714  3.802  3.807  3.850  3.857  3.761  3.689  3.912  3.761  3.689  3.802
4.380  4.369  4.425  4.443  4.522  4.454  4.304  4.394  4.369  4.511  4.407  4.575  4.710  4.590  4.663  4.317  4.344  4.277  4.410  4.682  4.431  4.489  4.525  4.575  4.248  4.454  4.290  4.220  4.127  4.277  4.407  4.094  4.454  4.190  4.382  4.585  4.511  4.419  4.277  4.277  4.190  4.357
4.860  4.710  4.796  4.682  4.760  4.718  4.662  4.883  4.721  4.956  4.812  4.875  4.929  4.963  4.958  4.736  4.654  4.745  4.996  4.796  4.820  4.868  4.727  4.927  4.710  4.769  4.754  4.796  4.559  4.595  4.754  4.762  4.623  4.700  4.771  4.682  4.593  4.771  4.666  4.585  4.657  4.820
4.796  4.575  4.554  4.407  4.794  4.511  4.454  4.564  4.644  4.762  4.794  4.691  4.848  4.883  4.860  4.605  4.644  4.585  4.533  4.723  4.635  4.554  4.790  4.727  4.585  4.676  4.625  4.533  4.477  4.419  4.644  4.460  4.700  4.659  4.585  4.691  4.575  4.511  4.613  4.533  4.489  4.649
