6.125  5.926  5.927  5.802  6.043  6.105  5.948  5.971  6.031  6.090  6.073  6.071  6.100  6.078  6.100  6.037  5.799  6.091  5.922  5.866  5.916  5.883  6.001  5.994  5.802  5.924  5.860  5.897  5.740  5.869  5.897  5.689  5.687  5.869  5.795  5.938  6.009  5.932  5.832  6.014  5.690  5.892
4.745  4.754  4.771  4.575  4.644  4.820  4.871  4.819  4.860  4.890  4.860  4.856  4.883  4.875  4.977  4.831  4.727  4.691  4.765  4.700  4.779  4.844  4.745  4.811  4.605  4.575  4.662  4.642  4.554  4.605  4.663  4.514  4.654  4.762  4.710  4.754  4.798  4.736  4.516  4.615  4.543  4.635
5.568  5.211  5.469  5.288  5.481  5.663  5.438  5.509  5.505  5.533  5.642  5.587  5.535  5.481  5.497  5.481  5.219  5.476  5.493  5.465  5.505  5.316  5.357  5.303  5.308  5.424  5.429  5.398  5.153  5.265  5.422  5.170  5.183  5.447  5.323  5.354  5.424  5.303  5.247  5.407  5.416  5.357
4.968  4.927  5.094  4.970  5.075  5.153  5.011  5.176  5.236  5.201  4.990  5.387  5.315  4.984  5.187  5.094  4.956  5.130  5.429  5.030  5.313  5.037  4.956  4.868  5.288  5.142  4.835  4.796  4.615  4.787  4.970  5.050  5.153  5.429  5.359  5.088  5.094  4.898  4.800  4.762  5.170  5.100
4.246  4.369  4.246  4.078  4.220  4.234  4.277  4.220  4.431  4.159  4.263  4.263  4.337  4.288  4.290  4.304  4.187  4.277  4.290  4.253  4.443  4.234  4.466  4.234  4.108  4.248  4.127  4.284  4.094  3.951  4.277  3.951  4.234  4.127  4.304  4.248  4.263  4.124  4.103  4.111  4.025  4.190
3.550  3.761  3.611  3.611  3.761  3.611  3.664  3.714  3.829  3.773  3.584  3.802  3.918  3.892  4.007  3.638  3.726  3.738  3.892  3.850  4.043  3.932  3.807  3.850  3.850  3.871  3.664  3.584  3.638  3.714  3.664  3.689  3.638  3.761  3.784  3.738  3.664  3.550  3.714  3.664  3.829  3.807
5.869  5.680  5.715  5.577  5.820  5.868  5.861  5.820  5.983  6.045  5.782  6.084  5.932  5.807  5.872  5.737  5.652  5.710  6.025  5.832  5.844  5.661  5.697  5.580  5.892  5.956  5.684  5.700  5.476  5.724  5.533  5.565  5.771  5.872  5.933  5.858  5.743  5.730  5.521  5.755  5.678  5.908
4.850  4.771  4.593  4.477  4.608  4.745  4.934  4.824  5.063  5.017  4.827  5.029  5.004  4.760  4.860  4.804  4.771  4.511  4.931  4.732  4.890  4.836  4.745  4.654  4.718  4.779  4.605  4.357  4.369  4.573  4.564  4.522  4.533  4.745  4.860  4.890  4.615  4.593  4.595  4.543  4.557  4.700
6.351  6.147  6.213  6.212  6.240  6.332  6.263  6.252  6.326  6.425  6.168  6.428  6.407  6.266  6.255  6.242  6.127  6.296  6.391  6.209  6.223  6.127  6.109  6.024  6.324  6.236  6.229  6.221  6.093  6.187  6.155  6.014  6.177  6.306  6.125  6.206  6.151  6.230  6.073  6.297  6.240  6.279
5.762  5.546  5.585  5.576  5.595  5.583  5.591  5.756  5.631  5.872  5.700  5.707  5.746  5.719  5.707  5.606  5.541  5.403  5.689  5.659  5.624  5.533  5.537  5.517  5.455  5.513  5.464  5.442  5.364  5.397  5.375  5.429  5.493  5.485  5.580  5.529  5.434  5.635  5.485  5.645  5.421  5.587
5.740  5.733  5.609  5.425  5.602  5.771  5.762  5.628  5.756  5.864  5.771  5.784  5.825  5.762  5.768  5.727  5.371  5.817  5.740  5.541  5.580  5.613  5.720  5.735  5.513  5.540  5.661  5.561  5.420  5.642  5.679  5.235  5.496  5.572  5.600  5.642  5.642  5.549  5.612  5.694  5.293  5.700
4.263  4.174  4.159  4.043  3.951  4.057  4.159  4.143  4.127  4.288  4.234  4.274  4.454  4.317  4.263  4.220  4.263  4.116  4.171  4.241  4.171  4.220  4.234  4.248  4.174  4.111  4.164  4.052  3.932  4.094  4.078  3.912  4.194  4.174  4.057  4.022  4.127  3.871  4.025  3.989  4.094  4.135
5.190  5.063  4.949  4.868  5.017  5.130  5.017  4.949  5.040  5.257  5.170  5.165  5.298  5.130  5.263  5.106  4.754  5.056  5.063  5.071  5.043  5.043  5.055  4.987  4.913  4.860  4.883  5.043  4.913  4.920  5.105  4.820  4.970  4.982  4.887  5.014  5.075  4.836  4.783  5.069  4.828  4.898
3.850  3.932  3.807  3.761  3.850  3.850  3.867  3.867  3.932  3.912  3.912  3.912  4.052  3.989  4.078  4.007  3.892  3.912  3.951  3.850  4.007  3.912  3.780  4.007  3.689  3.664  3.807  3.807  3.738  3.850  4.116  3.813  3.714  3.664  3.689  3.850  3.871  3.807  3.892  3.761  3.807  3.638
5.835  5.835  5.727  5.708  5.720  5.905  5.878  5.680  5.832  5.889  5.908  5.919  5.908  5.805  5.883  5.855  5.762  5.700  5.867  5.784  5.919  5.808  5.823  5.883  5.737  5.739  5.700  5.677  5.541  5.635  5.740  5.756  5.656  5.778  5.802  5.714  5.694  5.687  5.635  5.669  5.717  5.617
5.517  5.501  5.395  5.505  5.496  5.568  5.727  5.396  5.583  5.677  5.745  5.656  5.635  5.626  5.725  5.680  5.663  5.507  5.787  5.670  5.952  5.593  5.602  5.677  5.476  5.295  5.495  5.231  5.375  5.371  5.549  5.509  5.412  5.476  5.468  5.482  5.464  5.389  5.313  5.389  5.421  5.394
5.106  5.063  5.182  5.088  5.140  5.176  5.099  5.153  5.198  5.106  5.093  5.158  5.357  5.298  5.268  5.127  5.017  5.209  5.181  5.063  5.249  5.043  5.187  5.106  5.056  4.977  4.956  5.093  4.773  5.039  5.017  4.905  4.990  5.226  4.929  5.094  5.088  4.938  4.812  5.074  4.898  5.106
4.990  4.898  4.866  4.898  4.836  4.860  4.836  4.844  5.030  4.832  4.844  4.965  5.187  5.069  4.997  4.913  4.812  4.820  4.970  4.977  4.975  4.977  5.001  4.970  4.820  4.613  4.710  4.820  4.489  4.700  4.913  4.727  4.812  4.727  4.777  4.970  4.905  4.613  4.498  4.847  4.836  4.762
5.455  5.185  5.375  5.366  5.481  5.496  5.438  5.366  5.587  5.471  5.384  5.576  5.533  5.425  5.455  5.301  5.298  5.442  5.460  5.193  5.460  5.278  5.246  5.303  5.298  5.333  5.198  5.242  5.106  5.215  5.193  5.215  5.328  5.517  5.379  5.394  5.323  5.375  5.273  5.487  5.301  5.323
3.888  3.970  4.078  3.892  3.850  3.912  3.932  3.784  4.108  4.007  4.040  3.850  3.871  4.007  4.060  3.980  3.850  3.871  4.143  4.022  4.124  3.989  3.784  3.892  3.761  3.892  3.714  3.738  3.714  3.818  3.664  3.871  3.829  3.871  3.871  3.892  3.839  3.611  3.584  3.871  3.807  3.802
6.086  5.805  5.808  5.866  5.935  5.971  5.775  5.884  5.903  6.023  5.872  6.009  6.043  5.840  6.087  5.805  5.521  5.855  5.964  5.861  5.790  5.714  5.737  5.668  5.868  5.730  5.697  5.914  5.429  5.460  5.697  5.620  5.733  5.808  5.796  5.832  5.795  5.932  5.852  5.886  5.704  5.832
4.350  4.498  4.234  4.317  4.410  4.263  4.246  4.277  4.585  4.466  4.533  4.543  4.644  4.494  4.727  4.263  4.419  4.357  4.522  4.344  4.595  4.290  4.466  4.394  4.317  4.407  4.522  4.317  4.143  4.143  4.248  4.167  4.234  4.277  4.304  4.509  4.489  4.357  4.790  4.267  4.094  4.202
