3.791  3.761  3.733  3.807  3.829  3.555  3.714  3.871  3.892  3.871  3.658  3.807  3.850  3.761  3.912  3.584  3.829  3.714  3.850  3.922  3.714  3.584  3.664  3.761  3.584  3.714  3.584  3.611  3.638  3.584  3.784  3.638  3.664  3.784  3.714  3.555  3.497  3.497  3.497  3.611  3.611  3.584
3.664  3.784  3.584  3.829  3.761  3.714  3.829  3.780  3.829  3.638  3.738  3.912  3.989  3.892  3.850  3.898  3.555  3.664  3.802  3.802  3.951  3.932  3.807  3.689  3.664  3.555  3.738  3.555  3.434  3.632  3.466  3.638  3.638  3.584  3.689  3.632  3.638  3.611  3.689  3.611  3.611  3.605
3.689  3.784  3.709  3.738  3.714  3.638  3.689  3.738  3.970  3.761  3.689  3.761  3.970  3.932  3.932  3.773  3.829  3.638  3.761  3.829  3.970  3.928  3.892  3.912  3.757  3.689  3.784  3.951  3.555  3.689  3.989  3.784  3.761  3.761  3.807  3.784  3.689  3.829  3.871  3.611  3.714  3.714
5.313  5.170  5.363  5.252  5.176  5.342  5.303  5.302  5.349  5.485  5.220  5.368  5.324  5.252  5.372  5.236  5.327  5.147  5.306  5.395  5.493  5.263  5.088  5.252  5.179  5.165  5.286  4.997  4.905  5.170  5.470  5.328  5.268  5.303  5.580  5.242  5.242  5.204  5.298  5.200  5.264  5.209
4.290  4.277  4.304  4.369  4.190  4.357  4.111  4.143  4.111  4.331  4.127  4.324  4.682  4.552  4.696  4.477  4.541  4.562  4.554  4.500  4.554  4.644  4.615  4.466  4.194  4.344  4.290  4.382  4.290  4.394  4.483  4.449  4.443  4.543  4.623  4.500  4.575  4.382  4.394  4.234  4.315  4.295
4.466  4.277  4.431  4.331  4.466  4.304  4.394  4.290  4.317  4.522  4.382  4.522  4.603  4.554  4.454  4.348  4.431  4.382  4.394  4.511  4.520  4.425  4.419  4.407  4.143  4.234  4.288  4.304  4.263  4.317  4.486  4.341  4.277  4.407  4.440  4.263  4.419  4.350  4.220  4.317  4.394  4.407
4.317  3.912  4.182  4.288  4.220  4.108  4.277  4.167  4.263  4.454  4.151  4.440  4.354  4.091  4.317  3.970  4.270  4.094  4.290  4.246  4.392  4.111  4.212  4.394  4.127  4.127  4.060  4.078  3.664  4.013  4.263  4.025  4.263  4.174  4.205  4.277  4.159  4.197  4.156  4.057  4.007  4.263
4.277  4.263  4.227  4.308  4.190  4.253  4.277  4.407  4.369  4.290  4.304  4.419  4.331  4.394  4.428  4.234  4.248  4.331  4.382  4.311  4.454  4.205  4.382  4.263  4.171  4.263  4.277  4.220  3.951  4.167  4.212  4.124  4.111  4.344  4.190  4.159  4.069  4.159  4.205  4.091  4.220  4.220
3.526  3.757  3.526  3.555  3.550  3.584  3.664  3.526  3.664  3.689  3.466  3.638  3.791  3.714  3.733  3.584  3.651  3.550  3.689  3.738  3.784  3.761  3.555  3.611  3.611  3.466  3.664  3.466  3.497  3.611  3.578  3.664  3.689  3.526  3.632  3.526  3.689  3.367  3.395  3.401  3.584  3.676
3.638  3.638  3.584  3.434  3.784  3.584  3.664  3.584  3.434  3.611  3.296  3.520  3.882  3.829  3.807  3.550  3.664  3.466  3.584  3.714  3.761  3.526  3.638  3.638  3.466  3.466  3.611  3.584  3.434  3.497  3.550  3.632  3.664  3.526  3.520  3.434  3.526  3.714  3.526  3.497  3.497  3.555
3.258  3.490  3.219  3.401  3.360  3.258  3.367  3.466  3.258  3.466  3.045  3.526  3.584  3.611  3.434  3.401  3.526  3.434  3.638  3.497  3.428  3.555  3.367  3.466  3.459  3.401  3.332  3.367  3.219  3.332  3.325  3.466  3.401  3.296  3.401  3.332  3.367  3.135  3.332  3.296  3.367  3.288
3.296  3.401  3.395  3.332  3.434  3.332  3.258  3.526  3.367  3.401  3.367  3.401  3.555  3.555  3.466  3.401  3.367  3.401  3.325  3.497  3.481  3.258  3.466  3.395  3.401  3.367  3.296  3.434  3.325  3.434  3.332  3.497  3.401  3.258  3.434  3.296  3.332  3.526  3.258  3.367  3.258  3.332
3.497  3.401  3.555  3.497  3.555  3.367  3.401  3.401  3.466  3.332  3.401  3.466  3.497  3.497  3.605  3.434  3.434  3.497  3.520  3.584  3.584  3.526  3.555  3.555  3.401  3.325  3.332  3.466  3.401  3.497  3.325  3.401  3.434  3.466  3.497  3.497  3.258  3.367  3.211  3.367  3.332  3.296
3.350  3.367  3.611  3.434  3.555  3.332  3.332  3.401  3.459  3.367  3.434  3.434  3.611  3.638  3.684  3.401  3.434  3.367  3.497  3.541  3.611  3.367  3.497  3.459  3.332  3.434  3.401  3.466  3.466  3.434  3.296  3.466  3.664  3.367  3.332  3.466  3.332  3.296  3.434  3.401  3.395  3.434
4.246  4.086  4.575  4.094  4.382  4.394  4.078  4.108  4.357  4.331  4.060  4.382  3.714  3.871  3.761  3.434  3.632  3.784  3.738  3.807  3.807  3.578  3.738  3.689  3.638  3.605  3.658  3.738  3.434  3.638  3.611  3.892  3.664  3.951  3.951  3.970  3.932  4.007  3.773  3.761  4.060  3.932
3.497  3.605  3.671  3.689  3.684  3.555  3.490  3.564  3.784  3.651  3.367  3.638  3.784  3.807  3.795  3.497  3.555  3.664  3.611  3.689  3.497  3.497  3.664  3.611  3.658  3.395  3.709  3.584  3.367  3.401  3.526  3.555  3.555  3.497  3.555  3.497  3.526  3.624  3.434  3.401  3.526  3.466
4.328  4.217  4.167  4.190  4.111  4.174  3.829  4.094  3.957  4.007  3.892  4.025  4.094  4.043  4.119  4.060  4.043  4.078  4.025  3.970  4.127  3.902  3.912  3.892  3.970  3.892  4.043  3.989  3.918  3.871  4.025  4.124  4.094  4.031  4.205  4.290  4.290  4.127  4.025  4.234  4.159  4.277
7.262  6.977  7.212  7.258  7.195  7.269  7.243  7.213  7.281  7.383  7.209  7.337  7.301  7.138  7.389  7.126  7.184  7.230  7.370  7.281  7.396  7.215  7.145  7.258  7.241  7.282  7.178  7.088  7.005  7.127  7.027  7.173  7.317  7.278  7.261  7.300  7.179  7.120  7.113  7.070  7.141  7.198
3.497  3.401  3.584  3.466  3.459  3.332  3.434  3.466  3.555  3.592  3.466  3.520  3.434  3.584  3.802  3.520  3.584  3.296  3.584  3.745  3.701  3.526  3.401  3.555  3.428  3.411  3.578  3.497  3.466  3.428  3.332  3.466  3.497  3.497  3.428  3.459  3.332  3.360  3.325  3.401  3.428  3.520
3.466  3.258  3.401  3.555  3.401  3.434  3.434  3.401  3.555  3.434  3.332  3.332  3.584  3.497  3.526  3.401  3.520  3.520  3.611  3.709  3.555  3.367  3.434  3.434  3.401  3.360  3.584  3.526  3.367  3.401  3.466  3.490  3.497  3.481  3.401  3.296  3.459  3.401  3.401  3.367  3.497  3.332
3.611  3.497  3.555  3.578  3.684  3.526  3.555  3.638  3.611  3.466  3.526  3.664  3.689  3.738  3.807  3.645  3.850  3.434  3.928  3.738  3.807  3.526  3.584  3.592  3.555  3.664  3.497  3.466  3.555  3.611  3.497  3.761  3.689  3.689  3.714  3.664  3.466  3.555  3.555  3.434  3.526  3.689
3.714  3.526  3.611  3.497  3.689  3.584  3.570  3.526  3.638  3.761  3.555  3.611  3.664  3.738  3.807  3.664  3.738  3.584  3.768  3.807  3.664  3.638  3.689  3.555  3.466  3.555  3.497  3.638  3.584  3.526  3.611  3.664  3.784  3.611  3.689  3.555  3.434  3.611  3.611  3.584  3.497  3.761
