5.096  5.011  5.024  4.949  4.828  4.883  5.017  4.984  4.934  5.049  4.958  4.982  5.142  4.970  4.990  4.968  4.736  4.804  5.053  4.927  5.068  4.956  4.718  4.927  4.937  4.844  4.754  4.644  4.685  4.741  4.875  4.848  5.024  4.890  4.898  4.754  4.852  4.852  4.820  4.811  4.543  4.927
5.572  5.147  5.347  5.501  5.359  5.378  5.507  5.423  5.525  5.624  5.438  5.595  5.489  5.352  5.541  5.329  5.361  5.220  5.447  5.407  5.541  5.474  5.209  5.407  5.421  5.298  5.198  5.223  5.036  5.176  5.269  5.236  5.380  5.323  5.412  5.293  5.283  5.352  5.257  5.200  5.259  5.493
5.380  5.204  5.226  5.152  5.147  5.246  5.293  5.303  5.407  5.492  5.384  5.361  5.340  5.297  5.425  5.195  5.190  5.124  5.424  5.361  5.371  5.352  5.193  5.395  5.142  5.100  5.142  4.951  4.956  5.075  5.176  5.088  5.075  5.176  5.142  5.231  5.170  5.193  5.182  4.997  5.017  5.182
4.357  4.308  4.277  4.263  4.205  4.167  4.174  4.234  4.234  4.564  4.367  4.376  4.373  4.401  4.382  4.159  4.127  4.304  4.290  4.263  4.382  4.489  4.357  4.246  4.143  4.277  4.174  4.007  4.127  4.143  4.234  4.248  4.143  4.220  4.369  4.190  4.190  4.094  4.174  3.998  3.998  4.007
3.970  4.143  3.877  3.908  4.078  3.989  3.829  3.932  3.850  4.078  4.043  4.025  4.143  4.234  4.127  4.159  3.989  3.912  4.060  4.111  4.248  3.888  4.111  4.060  3.970  4.143  3.970  3.850  3.871  4.148  3.989  3.989  3.829  3.829  3.970  3.989  4.148  4.025  3.932  3.824  3.912  3.912
3.466  3.726  3.658  3.611  3.638  3.555  3.738  3.829  3.584  3.555  3.584  3.664  3.846  3.807  3.932  3.638  3.578  3.584  3.951  3.738  3.738  3.638  3.664  3.784  3.689  3.555  3.738  3.434  3.555  3.570  3.761  3.888  3.738  3.550  3.714  3.651  3.689  3.584  4.595  3.605  3.434  3.570
3.829  3.584  4.060  3.835  3.738  3.989  3.861  3.807  3.970  4.057  3.951  3.989  3.871  4.086  3.892  3.738  3.664  4.231  4.127  3.839  3.871  3.689  3.714  3.850  3.689  3.611  3.555  3.738  3.466  3.877  3.684  3.684  4.111  3.664  3.632  3.658  3.541  3.689  3.526  3.761  3.638  3.597
4.043  4.174  4.159  4.111  4.078  3.970  4.127  4.248  4.078  4.304  4.190  4.127  4.220  4.217  4.407  3.998  4.091  4.127  4.187  4.127  4.094  4.205  4.111  4.277  3.995  3.947  4.025  4.043  3.989  4.078  4.143  4.060  4.260  4.057  4.094  4.094  4.174  4.094  4.034  4.043  3.912  3.951
3.584  3.714  4.190  3.555  3.757  3.807  3.807  3.892  3.638  4.060  3.912  4.007  4.025  4.091  4.007  3.714  3.689  4.066  3.985  3.947  4.094  3.671  3.912  3.970  3.714  3.638  3.784  3.555  3.611  4.111  3.584  3.689  4.048  3.738  3.829  3.738  3.584  3.829  3.555  3.932  3.466  3.584
4.331  4.321  4.344  4.190  4.407  4.263  4.197  4.337  4.127  4.500  4.394  4.348  4.369  4.443  4.466  4.220  4.317  4.205  4.454  4.382  4.407  4.288  4.290  4.331  4.241  4.078  4.443  4.060  4.060  4.127  4.111  4.220  4.344  4.357  4.394  4.311  4.284  4.404  4.202  4.290  4.174  4.248
4.069  3.908  4.078  3.892  4.094  4.127  3.892  4.040  3.951  4.174  3.912  4.159  4.111  4.078  4.174  3.829  4.004  3.888  4.127  4.263  4.094  3.970  3.932  3.951  3.970  3.850  4.078  3.850  3.664  3.829  3.807  3.871  3.989  3.989  4.124  3.912  3.898  3.912  3.871  4.007  3.784  3.892
4.344  4.094  4.220  4.022  4.025  4.156  4.094  4.234  4.094  4.205  4.108  4.174  4.290  4.159  4.500  4.140  4.060  4.127  4.111  4.248  4.234  4.094  4.094  4.103  3.998  3.932  4.007  3.912  3.951  3.738  4.043  4.025  4.159  3.970  4.040  4.043  4.025  4.179  3.970  4.025  3.985  3.951
4.489  4.220  4.357  4.341  4.419  4.443  4.331  4.454  4.416  4.522  4.394  4.454  4.564  4.419  4.625  4.416  4.452  4.382  4.464  4.615  4.573  4.554  4.297  4.494  4.431  4.394  4.263  4.263  4.357  4.220  4.546  4.500  4.663  4.369  4.440  4.331  4.248  4.174  4.317  4.363  4.440  4.337
3.989  3.892  3.932  3.951  3.807  3.932  3.947  3.846  3.967  4.060  3.714  3.970  4.143  3.850  4.094  3.902  3.942  3.892  3.932  4.140  4.022  3.892  3.784  3.932  3.951  3.850  3.912  3.689  3.892  3.761  3.989  3.989  3.970  3.850  3.912  3.892  3.928  3.829  3.967  3.714  3.857  3.892
5.881  5.546  5.919  6.157  5.932  5.944  6.050  5.962  6.080  5.948  5.659  6.163  6.028  5.724  6.061  5.666  5.999  5.680  6.198  6.191  6.092  5.900  5.575  5.778  6.146  6.114  5.717  5.684  5.497  5.580  5.642  5.953  6.174  6.133  6.089  5.924  5.790  5.869  5.740  5.645  6.129  6.096
4.736  4.754  4.835  4.820  4.691  4.783  4.718  4.736  4.808  4.949  4.625  4.828  4.779  4.804  4.905  4.700  4.663  4.804  4.812  4.970  5.029  4.796  4.790  4.828  4.779  4.844  4.804  4.554  4.554  4.710  4.615  4.927  4.942  4.934  5.017  4.682  4.635  4.654  4.585  4.615  4.654  4.691
4.977  4.844  4.844  5.017  5.056  5.023  4.866  4.890  4.942  5.111  4.927  4.970  5.189  5.081  5.094  4.956  4.860  4.977  5.037  5.011  4.934  4.913  4.963  4.977  4.836  4.883  4.864  4.852  4.736  4.868  4.911  4.771  5.100  5.004  4.990  4.963  4.868  4.927  5.050  4.902  4.828  4.766
5.242  5.193  5.147  5.069  5.259  5.100  5.198  5.088  5.130  5.340  5.403  5.256  5.445  5.521  5.421  5.295  5.293  5.252  5.196  5.247  5.394  5.193  5.310  5.273  5.078  5.170  5.176  5.193  5.027  5.043  5.215  5.050  5.257  5.198  5.136  5.318  5.130  5.193  5.204  5.124  5.106  5.056
4.043  4.127  4.094  4.205  4.103  4.127  4.143  4.174  4.248  4.248  4.127  4.220  4.394  4.290  4.263  4.164  4.220  4.416  4.277  4.331  4.348  4.263  4.174  4.234  4.111  4.103  4.174  4.111  3.951  3.989  4.111  4.260  4.111  4.140  4.217  4.231  4.159  4.159  4.344  4.094  4.060  4.224
4.794  4.708  4.708  4.840  4.808  4.787  4.696  4.714  4.659  4.743  4.668  4.828  4.775  4.754  4.920  4.605  4.600  4.875  4.836  4.802  4.820  4.654  4.663  4.835  4.625  4.595  4.771  4.562  4.522  4.440  4.564  4.477  4.734  4.752  4.699  4.748  4.578  4.564  4.696  4.625  4.608  4.919
4.248  3.989  4.205  4.111  4.317  4.263  4.060  4.260  4.182  4.263  4.043  4.263  4.341  4.260  4.477  4.124  4.094  4.386  4.324  4.369  4.449  4.241  4.190  4.315  4.234  4.124  4.248  3.989  4.007  4.159  4.007  4.127  4.267  4.187  4.274  4.143  4.135  4.331  4.331  4.111  4.220  4.111
4.431  4.369  4.419  4.382  4.466  4.431  4.543  4.394  4.503  4.419  4.477  4.564  4.543  4.511  4.583  4.460  4.369  4.477  4.419  4.452  4.625  4.419  4.394  4.654  4.369  4.533  4.522  4.335  4.407  4.466  4.394  4.413  4.454  4.673  4.500  4.486  4.516  4.382  4.500  4.431  4.335  4.454
