6.832  6.498  6.356  6.529  6.639  6.795  6.823  6.471  6.830  6.881  6.751  6.856  6.526  6.657  6.701  6.646  6.495  6.662  6.293  6.569  6.693  6.601  6.596  6.522  6.721  6.585  6.092  6.436  6.290  6.198  6.165  6.568  6.587  6.773  6.636  6.687  6.818  6.645  6.471  6.605  6.457  6.720
4.094  3.689  3.584  3.761  3.912  4.078  3.912  3.829  4.007  4.007  3.850  4.043  3.912  3.850  4.143  3.912  3.951  3.761  3.714  3.951  4.078  3.985  3.970  3.932  4.025  3.989  3.418  3.658  3.584  3.578  3.714  3.784  3.932  4.111  4.007  4.007  4.127  3.892  3.912  3.951  3.714  4.007
6.324  6.021  6.230  6.019  6.233  6.291  6.075  6.321  6.234  6.407  6.238  6.361  6.290  6.277  6.302  6.094  5.720  6.269  6.244  6.084  6.100  5.892  6.061  5.963  6.078  6.144  6.157  6.273  5.765  5.937  6.009  5.702  6.066  6.137  6.098  6.071  6.039  6.120  6.035  6.240  5.957  6.186
4.267  4.369  4.331  4.119  4.317  4.357  4.234  4.331  4.460  4.460  4.466  4.522  4.382  4.431  4.554  4.466  4.159  4.475  4.190  4.317  4.443  4.091  4.431  4.328  4.234  4.190  4.263  4.174  4.111  4.238  4.159  4.111  4.127  4.220  4.301  4.290  4.220  4.094  4.182  4.159  4.074  4.220
6.335  6.009  6.227  6.109  6.290  6.306  6.152  6.240  6.241  6.292  6.326  6.282  6.288  6.267  6.279  6.194  5.918  6.326  6.239  6.133  5.979  5.900  6.128  5.989  6.120  6.087  6.122  6.222  5.945  5.979  6.118  5.930  6.091  6.114  6.127  6.052  6.127  6.247  6.131  6.267  6.031  6.203
5.485  5.169  5.464  5.263  5.342  5.425  5.403  5.380  5.421  5.533  5.394  5.519  5.472  5.451  5.609  5.293  5.165  5.421  5.423  5.307  5.418  5.247  5.153  5.278  5.226  5.363  5.323  5.252  5.159  5.252  5.244  5.100  5.288  5.286  5.252  5.347  5.215  5.302  5.288  5.293  5.283  5.303
5.986  5.714  5.969  5.945  5.976  5.979  5.796  5.918  5.886  6.050  5.952  6.089  5.971  5.905  5.991  5.881  5.598  6.105  5.940  5.905  5.781  5.754  5.738  5.733  5.808  5.869  5.825  5.953  5.649  5.677  5.844  5.549  5.756  5.897  5.796  5.829  5.880  6.075  6.054  5.938  5.768  5.905
5.619  5.323  5.412  5.244  5.398  5.481  5.283  5.382  5.425  5.591  5.462  5.561  5.537  5.447  5.513  5.394  5.198  5.342  5.373  5.398  5.407  5.268  5.340  5.361  5.182  5.323  5.226  5.337  5.173  5.220  5.317  5.242  5.359  5.236  5.301  5.434  5.384  5.447  5.347  5.333  5.204  5.375
5.649  5.409  5.749  5.549  5.724  5.755  5.553  5.617  5.561  5.741  5.711  5.840  5.690  5.591  5.781  5.531  5.278  5.780  5.700  5.733  5.687  5.442  5.537  5.460  5.645  5.613  5.505  5.576  5.317  5.521  5.438  5.357  5.638  5.626  5.517  5.502  5.501  5.582  5.572  5.664  5.591  5.513
5.118  5.050  5.170  5.017  5.124  5.118  5.226  5.030  5.187  5.272  5.252  5.298  5.242  5.165  5.293  5.193  4.913  5.136  5.268  5.166  5.187  5.055  5.102  5.293  5.124  5.050  5.106  5.206  4.944  5.063  5.074  5.075  5.069  5.159  5.081  5.218  5.215  5.026  4.990  5.118  5.140  5.058
5.892  5.881  5.802  5.730  5.908  5.958  5.845  5.817  5.897  6.082  6.016  5.989  6.064  6.023  5.949  5.926  5.652  5.967  5.953  5.724  5.994  5.822  5.912  5.969  5.787  5.762  5.820  5.911  5.799  5.753  5.900  5.790  5.659  5.872  5.836  5.849  5.900  5.756  5.878  5.900  5.680  5.799
4.538  4.454  4.500  4.511  4.585  4.522  4.466  4.533  4.511  4.454  4.317  4.605  4.625  4.615  4.673  4.407  4.394  4.511  4.522  4.762  4.615  4.585  4.554  4.605  4.477  4.605  4.394  4.344  4.369  4.344  4.315  4.357  4.344  4.431  4.388  4.419  4.595  4.369  4.290  4.454  4.248  4.369
6.068  6.082  6.078  5.930  6.107  5.996  5.875  6.080  6.008  6.124  6.082  6.064  6.074  6.129  6.158  6.087  5.838  6.050  6.098  6.001  5.853  5.964  6.027  6.068  6.016  5.901  5.961  6.063  5.883  5.905  5.966  5.826  5.927  5.994  5.932  6.031  6.001  6.069  6.059  6.061  5.935  6.052
4.920  4.920  4.990  4.990  4.997  5.042  4.787  5.081  4.977  4.990  5.011  4.926  4.973  4.990  5.170  4.875  4.836  4.890  5.088  5.030  4.958  5.003  4.927  5.011  4.820  4.820  4.844  4.762  4.638  4.710  4.905  4.727  4.875  4.787  4.796  4.844  4.883  5.121  5.016  4.852  4.852  4.852
6.774  6.468  6.583  6.603  6.641  6.600  6.648  6.644  6.604  6.725  6.582  6.734  6.759  6.585  6.644  6.492  6.532  6.673  6.690  6.701  6.558  6.510  6.541  6.481  6.631  6.708  6.569  6.540  6.361  6.460  6.353  6.365  6.494  6.686  6.558  6.615  6.537  6.640  6.559  6.677  6.553  6.662
5.324  5.257  5.252  5.252  5.288  5.455  5.407  5.338  5.464  5.434  5.288  5.407  5.467  5.497  5.497  5.263  5.389  5.433  5.447  5.507  5.541  5.247  5.386  5.421  5.328  5.415  5.323  5.152  5.176  5.165  5.277  5.081  5.193  5.403  5.308  5.407  5.407  5.142  5.198  5.333  5.263  5.296
7.301  6.973  7.156  7.127  7.212  7.171  6.985  7.099  7.133  7.187  7.147  7.172  7.252  7.137  7.159  6.944  7.043  7.218  7.194  7.192  7.052  6.960  7.041  7.002  7.088  7.204  6.955  7.037  6.944  6.910  6.905  6.878  7.112  7.097  7.021  7.090  7.050  7.182  7.067  7.170  7.004  7.195
6.001  5.737  5.700  5.753  5.943  5.902  5.753  5.785  5.851  6.014  5.855  5.892  6.146  5.894  5.958  5.723  5.733  5.932  5.914  5.934  5.827  5.690  5.684  5.802  5.694  5.907  5.609  5.600  5.544  5.583  5.572  5.497  5.759  5.817  5.714  5.687  5.677  5.852  5.717  5.714  5.616  5.771
5.670  5.373  5.460  5.602  5.656  5.574  5.403  5.591  5.513  5.809  5.624  5.624  5.727  5.698  5.663  5.442  5.263  5.606  5.553  5.533  5.447  5.361  5.352  5.342  5.398  5.485  5.509  5.462  5.429  5.288  5.352  5.209  5.490  5.460  5.420  5.561  5.460  5.679  5.576  5.652  5.437  5.591
5.225  4.965  5.198  5.124  5.252  5.214  5.170  5.043  5.118  5.394  5.236  5.187  5.278  5.239  5.429  5.043  5.056  5.293  5.328  5.242  5.127  5.069  4.961  5.100  4.984  5.159  5.166  5.142  4.836  5.042  4.961  4.942  4.997  5.147  5.094  5.179  5.037  5.288  5.347  5.170  4.934  5.050
5.966  5.761  5.881  5.720  5.957  5.911  5.663  6.009  5.838  6.028  5.991  5.953  5.946  5.956  6.004  5.914  5.513  6.122  5.878  5.805  5.740  5.652  5.881  5.781  5.740  5.844  5.800  6.006  5.670  5.680  5.793  5.511  5.805  5.765  5.699  5.708  5.749  5.844  5.775  5.964  5.624  5.826
5.323  5.278  5.165  5.182  5.464  5.421  5.298  5.288  5.468  5.613  5.533  5.434  5.609  5.460  5.576  5.371  5.189  5.553  5.576  5.328  5.333  5.288  5.447  5.380  5.318  5.416  5.429  5.451  5.136  5.347  5.468  5.139  5.170  5.412  5.283  5.288  5.397  5.313  5.330  5.375  5.130  5.268
