3.401  3.526  3.526  3.466  3.689  3.555  3.497  3.584  3.434  3.584  3.526  3.526  3.664  3.714  3.689  3.555  3.434  3.466  3.466  3.714  3.638  3.664  3.434  3.689  3.526  3.401  3.611  3.555  3.401  3.550  3.526  3.434  3.526  3.434  3.466  3.367  3.434  3.367  3.367  3.401  3.664  3.520
3.714  3.733  3.584  3.592  3.658  3.638  3.638  3.611  3.584  3.714  3.578  3.784  3.709  3.738  3.784  3.689  3.638  3.497  3.850  3.802  3.638  3.761  3.738  3.578  3.611  3.658  3.555  3.550  3.428  3.584  3.671  3.689  3.912  3.689  3.714  3.664  3.497  3.584  3.526  3.555  3.664  3.367
5.268  4.812  5.182  4.980  5.156  5.273  5.143  5.118  5.138  5.198  5.127  5.328  5.159  5.159  5.236  5.014  4.898  5.130  5.198  5.039  5.043  4.963  5.094  4.875  5.130  5.036  4.875  4.905  4.567  4.835  4.843  4.690  4.905  5.075  4.868  4.938  5.100  5.017  5.088  4.990  4.984  5.017
4.025  3.892  4.025  3.928  4.078  3.951  4.074  4.143  3.989  4.111  3.795  4.171  4.060  4.078  4.074  3.932  3.829  3.867  3.912  4.190  4.057  3.989  3.892  3.850  3.850  3.807  3.888  3.761  3.738  3.658  3.961  3.932  3.738  3.892  3.912  3.912  3.912  3.871  3.871  3.961  3.802  3.932
3.367  3.332  3.360  3.332  3.367  3.367  3.219  3.401  3.434  3.526  3.296  3.526  3.555  3.466  3.497  3.401  3.578  3.296  3.296  3.611  3.497  3.570  3.497  3.434  3.466  3.497  3.497  3.434  3.332  3.570  3.401  3.555  3.497  3.332  3.497  3.332  3.466  3.367  3.401  3.332  3.219  3.332
3.178  3.367  3.428  3.526  3.367  3.584  3.401  3.296  3.401  3.466  3.170  3.401  3.466  3.332  3.401  3.434  3.395  3.401  3.584  3.490  3.466  3.367  3.428  3.332  3.332  3.219  3.434  3.466  3.296  3.360  3.401  3.401  3.401  3.401  3.401  3.367  3.401  3.466  3.401  3.307  3.219  3.296
3.761  3.761  3.773  3.664  3.912  3.980  3.839  3.867  3.780  3.892  3.714  3.871  4.013  3.912  4.069  3.850  3.714  3.611  3.871  3.850  3.807  3.664  3.807  3.871  3.689  3.784  3.638  3.738  3.555  3.714  3.555  3.807  3.664  3.738  3.761  3.490  3.738  3.611  3.784  3.611  3.658  3.632
4.127  3.807  4.043  3.970  3.951  3.867  3.784  3.989  3.784  4.007  3.850  3.892  3.807  3.892  4.174  3.892  3.738  3.761  4.111  4.078  3.912  3.761  3.829  3.902  3.738  3.738  3.757  3.658  3.638  3.807  3.807  3.802  4.007  3.807  3.908  3.892  3.807  3.807  3.784  3.555  3.733  3.850
6.351  6.075  6.308  6.323  6.267  6.367  6.250  6.258  6.260  6.402  6.315  6.356  6.244  6.206  6.394  6.089  6.203  6.151  6.347  6.385  6.472  6.324  6.170  6.256  6.023  6.004  5.911  5.954  5.814  6.053  6.075  6.146  6.172  6.165  6.166  6.071  6.073  6.210  6.239  6.054  6.089  6.190
6.567  6.245  6.552  6.582  6.496  6.599  6.477  6.688  6.455  6.671  6.548  6.593  6.488  6.513  6.655  6.343  6.265  6.358  6.486  6.482  6.554  6.360  6.335  6.407  6.280  6.238  6.301  6.144  5.953  6.173  6.215  6.358  6.378  6.321  6.446  6.230  6.370  6.449  6.507  6.213  6.394  6.426
3.296  3.395  3.584  3.401  3.512  3.526  3.555  3.624  3.497  3.714  3.434  3.526  3.714  3.689  3.664  3.401  3.367  3.466  3.689  3.638  3.761  3.497  3.332  3.526  3.444  3.638  3.466  3.401  3.401  3.367  3.584  3.466  3.401  3.526  3.466  3.611  3.466  3.434  3.401  3.584  3.434  3.367
3.296  3.367  3.367  3.332  3.497  3.219  3.466  3.466  3.296  3.367  3.091  3.434  3.367  3.332  3.555  3.367  3.466  3.401  3.428  3.684  3.520  3.367  3.296  3.367  3.512  3.466  3.520  3.434  3.258  3.367  3.401  3.466  3.434  3.401  3.490  3.367  3.367  3.367  3.360  3.367  3.219  3.434
4.304  4.007  4.297  4.016  3.951  4.111  3.850  4.043  4.317  4.234  4.277  4.317  4.205  4.060  5.263  3.932  3.989  4.248  4.443  4.156  4.078  3.871  4.083  4.277  4.078  4.069  3.942  3.970  3.928  4.069  3.871  4.143  4.419  4.205  3.951  3.867  3.951  3.980  4.043  3.871  4.094  4.277
3.733  3.578  3.985  3.526  3.951  3.555  3.401  3.584  3.738  3.638  3.520  3.846  3.714  3.555  4.043  3.892  3.555  3.434  4.025  4.060  3.738  3.738  3.709  3.714  3.592  3.578  3.658  3.367  3.597  3.605  3.332  3.726  3.791  3.526  3.584  3.611  3.466  3.664  3.584  3.497  3.714  3.714
4.413  4.407  4.431  4.533  4.394  4.443  4.057  4.304  4.317  4.260  4.317  4.288  4.407  4.328  4.673  4.174  4.143  4.277  4.500  4.394  4.489  4.394  4.431  4.533  4.078  4.127  4.277  4.248  4.220  4.190  4.248  4.248  4.407  4.344  4.344  4.454  4.094  4.354  4.263  4.277  4.143  4.151
4.431  4.382  4.263  4.428  4.357  4.290  4.227  4.304  4.190  4.288  4.220  4.419  4.304  4.317  4.635  4.159  4.060  4.344  4.344  4.382  4.392  4.315  4.394  4.454  4.277  4.263  4.248  4.127  4.263  4.234  4.143  4.263  4.220  4.256  4.190  4.174  4.190  4.156  4.156  4.171  4.127  4.220
5.347  5.223  5.198  5.176  5.276  5.298  5.268  5.182  5.165  5.501  5.375  5.278  5.447  5.303  5.541  5.136  5.130  5.338  5.252  5.078  5.252  5.037  5.198  5.193  5.186  5.117  5.124  5.123  4.970  5.074  5.147  5.142  5.170  5.186  5.176  5.226  5.147  5.236  5.293  5.198  5.112  5.164
4.043  4.159  4.094  3.850  4.025  4.094  4.078  3.951  4.111  4.174  4.238  4.007  4.324  4.248  4.263  4.363  3.942  4.060  4.331  4.078  4.248  3.951  4.220  4.043  3.989  3.912  4.094  4.119  3.970  4.094  4.043  3.947  3.989  4.078  4.007  4.078  3.970  4.060  4.263  4.086  4.078  4.007
4.094  4.174  3.846  4.025  3.970  4.007  3.932  4.078  3.871  4.043  4.060  4.060  4.078  4.304  4.127  3.989  3.932  3.970  4.159  4.060  4.004  4.040  4.007  4.025  4.111  4.025  4.007  3.970  3.871  3.908  4.083  3.871  3.892  3.912  3.807  4.190  3.888  4.025  4.190  4.111  3.985  4.043
3.401  3.497  3.434  3.296  3.434  3.219  3.296  3.526  3.360  3.466  3.258  3.401  3.512  3.638  3.466  3.258  3.490  3.434  3.466  3.526  3.497  3.332  3.434  3.367  3.325  3.332  3.258  3.296  3.296  3.378  3.258  3.401  3.466  3.466  3.325  3.332  3.250  3.401  3.258  3.250  3.360  3.367
3.738  3.526  3.401  3.638  3.526  3.689  3.526  3.761  3.632  3.912  3.466  3.689  3.807  3.784  3.780  3.584  3.784  3.676  3.802  3.780  3.761  3.664  3.714  3.584  3.555  3.709  3.638  3.611  3.584  3.434  3.584  3.497  3.714  3.738  3.611  3.714  3.526  3.434  3.584  3.638  3.497  3.689
3.497  3.466  3.367  3.526  3.459  3.584  3.401  3.497  3.434  3.395  3.178  3.444  3.497  3.367  3.332  3.526  3.466  3.466  3.459  3.526  3.584  3.411  3.466  3.526  3.258  3.332  3.550  3.332  3.395  3.288  3.384  3.401  3.584  3.526  3.434  3.401  3.401  3.434  3.258  3.332  3.219  3.434
