3.684  3.689  3.497  3.638  3.584  3.555  3.584  3.638  3.466  3.584  3.497  3.434  3.892  3.638  3.784  3.709  3.584  3.611  3.664  3.689  3.611  3.638  3.584  3.645  3.466  3.578  3.584  3.466  3.550  3.526  3.550  3.584  3.578  3.611  3.434  3.497  3.850  3.611  3.611  3.550  3.434  3.584
4.025  3.970  4.007  4.007  3.989  3.980  3.850  3.892  4.007  3.985  3.807  3.970  4.143  4.040  4.127  3.932  3.970  3.928  4.220  3.989  4.043  3.892  3.932  4.025  3.951  3.908  3.761  3.970  3.714  3.714  4.025  3.912  3.922  3.892  3.989  3.892  3.970  3.912  3.829  3.918  3.761  3.932
4.860  4.543  4.836  4.864  4.743  4.564  4.676  4.732  4.671  4.905  4.605  4.875  4.682  4.727  4.736  4.511  4.635  4.573  4.796  4.905  4.712  4.699  4.469  4.635  4.543  4.564  4.454  4.489  4.407  4.317  4.380  4.546  4.657  4.466  4.710  4.511  4.533  4.804  4.663  4.538  4.549  4.615
4.220  3.928  4.234  4.174  4.337  4.190  4.013  4.331  3.989  4.331  4.143  4.202  4.317  4.263  4.277  3.989  4.078  4.060  4.317  4.443  4.205  4.127  3.970  4.078  4.043  4.094  4.043  4.060  3.829  3.829  3.871  3.998  4.167  4.159  3.970  4.025  4.078  4.301  4.143  4.025  4.156  4.190
3.867  3.824  3.850  3.871  3.932  3.912  3.714  3.902  3.932  4.143  3.829  3.951  4.111  4.004  4.248  3.824  3.871  3.912  4.127  4.025  4.220  4.091  3.912  4.143  3.998  3.807  3.761  3.942  3.738  3.989  3.824  3.892  3.932  3.932  3.970  3.871  3.970  3.951  3.922  3.989  3.850  3.784
4.007  4.143  4.007  4.260  4.069  4.007  3.892  4.094  3.871  4.234  4.190  4.078  4.174  4.043  4.205  3.932  3.951  3.818  4.174  4.078  4.277  3.912  3.970  4.043  3.912  3.932  3.951  3.871  3.912  3.689  3.985  3.892  3.985  3.928  3.871  3.932  3.951  4.074  3.951  3.989  3.970  3.942
3.928  3.701  3.871  3.908  3.932  3.861  3.761  3.846  3.807  3.932  3.714  3.970  4.043  3.882  4.086  3.871  3.807  3.908  4.066  4.025  3.989  3.773  3.892  3.807  3.761  3.829  3.871  3.829  3.638  3.714  3.829  3.761  3.829  3.850  3.892  3.829  3.850  3.932  3.850  3.773  3.664  3.871
3.912  3.829  3.784  3.807  3.970  3.850  3.664  3.829  3.807  3.888  3.709  3.784  4.094  3.970  4.220  3.850  3.850  3.807  4.007  4.246  4.007  3.802  3.689  3.871  3.871  3.757  3.807  3.784  3.733  3.664  3.780  3.738  4.007  3.791  3.784  3.938  3.802  3.829  3.638  3.584  3.664  3.861
4.025  3.995  3.871  4.127  3.802  3.892  3.951  3.807  4.159  3.989  4.111  3.951  4.043  3.951  3.912  3.967  3.892  3.871  4.043  4.164  3.871  4.078  3.871  3.912  3.892  3.846  3.970  3.951  3.784  3.761  3.689  3.912  4.060  3.951  3.850  3.714  3.761  3.951  3.871  3.989  3.829  3.892
3.980  3.714  3.658  3.871  3.738  3.784  3.813  3.738  3.714  3.970  3.638  3.761  3.902  3.714  3.871  3.761  3.784  3.738  3.912  4.159  3.850  3.912  3.761  3.784  3.846  3.784  3.761  3.526  3.689  3.714  3.689  3.664  4.159  3.709  3.850  3.807  3.738  3.689  3.867  3.761  3.584  3.807
5.726  5.460  5.617  5.805  5.684  5.647  5.495  5.533  5.497  5.771  5.753  5.704  5.743  5.628  5.889  5.529  5.545  5.680  5.737  5.784  5.733  5.645  5.472  5.583  5.333  5.361  5.513  5.412  5.352  5.278  5.464  5.594  5.642  5.541  5.537  5.700  5.529  5.746  5.730  5.416  5.549  5.568
5.123  5.004  4.956  5.063  5.242  5.027  4.883  4.920  4.956  5.118  5.220  5.153  5.152  5.091  5.193  4.883  5.050  5.056  5.063  5.124  5.115  5.066  4.949  5.063  4.635  4.905  4.922  4.836  4.700  4.783  4.883  4.937  4.860  4.852  4.934  5.017  4.949  5.024  5.147  4.864  4.771  4.875
4.710  4.736  4.796  4.718  4.792  4.811  4.615  4.743  4.745  4.868  4.816  4.796  4.816  4.710  4.970  4.595  4.852  4.696  4.902  4.860  4.920  4.909  4.890  4.812  4.783  4.911  4.615  4.649  4.509  4.673  4.618  4.718  4.779  4.811  4.860  4.828  4.489  4.762  4.687  4.615  4.754  4.844
4.025  3.951  4.060  4.127  3.888  3.989  4.103  4.078  3.932  4.060  3.922  4.025  4.156  4.263  3.989  3.829  4.007  4.043  4.234  4.205  4.205  3.970  3.850  3.951  4.078  3.932  3.871  3.932  3.807  3.932  3.912  4.078  4.074  4.043  4.111  3.807  3.932  3.989  3.912  3.932  3.932  4.025
3.555  3.714  3.526  3.664  3.526  3.332  3.466  3.584  3.526  3.738  3.664  3.689  3.638  3.761  3.761  3.490  3.714  3.497  3.738  3.664  3.912  3.497  3.497  3.689  3.738  3.638  3.497  3.658  3.497  3.401  3.526  3.638  3.714  3.526  3.784  3.658  3.658  3.611  3.526  3.605  3.651  3.459
3.829  3.676  3.932  3.850  3.638  3.829  3.784  3.714  3.951  3.912  3.850  3.664  3.689  3.829  4.007  3.733  3.611  3.570  3.912  4.057  3.867  3.784  3.638  3.850  3.709  3.802  3.761  3.733  3.584  3.689  3.857  3.871  3.871  3.738  3.850  3.824  3.584  3.664  3.738  3.835  3.932  3.861
3.526  3.664  3.555  3.714  3.632  3.466  3.526  3.638  3.733  3.611  3.689  3.807  3.912  3.829  3.928  3.611  3.784  3.584  3.850  3.709  3.839  3.584  3.671  3.584  3.757  3.578  3.526  3.638  3.367  3.526  3.520  3.526  3.689  3.611  3.807  3.709  3.526  3.738  3.664  3.526  3.584  3.696
3.367  3.360  3.466  3.332  3.638  3.332  3.550  3.605  3.466  3.611  3.219  3.401  3.807  3.611  3.689  3.541  3.526  3.526  3.611  3.611  3.497  3.367  3.664  3.466  3.578  3.584  3.526  3.401  3.307  3.434  3.296  3.541  3.466  3.497  3.526  3.475  3.466  3.497  3.450  3.258  3.434  3.434
3.632  3.689  3.689  3.989  3.733  3.768  3.611  3.658  3.738  3.807  3.664  3.784  3.761  3.784  3.932  3.689  3.892  3.611  3.871  3.932  4.025  3.871  3.750  3.761  3.761  3.638  3.638  3.733  3.658  3.757  3.555  3.846  3.761  3.807  3.912  3.791  3.638  3.784  3.689  3.555  3.638  3.768
4.007  3.892  4.007  3.861  3.970  3.932  3.912  3.951  3.951  4.156  3.850  4.007  4.069  4.043  4.111  3.951  4.013  3.850  4.078  4.078  4.190  4.025  3.850  4.094  3.871  3.829  3.850  3.912  3.850  3.761  3.824  4.111  3.871  3.824  4.007  3.970  3.850  3.835  3.850  3.784  3.970  3.932
4.836  4.779  4.870  4.820  4.708  4.736  4.754  4.811  4.828  4.973  4.836  4.827  4.927  4.924  4.982  4.736  4.832  4.790  4.940  5.017  4.896  4.875  4.754  4.889  4.816  4.730  4.745  4.808  4.530  4.642  4.913  4.782  4.919  4.887  4.883  4.828  4.588  4.734  4.905  4.714  4.858  4.820
4.111  4.060  4.025  4.246  4.174  4.202  4.083  4.057  4.127  4.174  4.156  4.274  4.277  4.164  4.315  4.124  4.217  4.171  4.260  4.328  4.190  4.151  4.220  4.217  4.231  4.119  4.111  4.043  3.829  4.078  4.174  3.995  4.078  4.290  4.111  4.205  4.086  4.238  4.234  3.871  4.174  4.248
