3.912  3.871  3.829  4.143  3.738  3.689  3.829  3.738  3.912  3.932  3.738  3.951  3.989  3.951  4.007  3.928  3.892  3.989  3.947  4.043  3.932  3.932  3.784  3.850  3.784  3.850  3.784  4.007  3.632  3.850  3.947  3.908  3.871  3.829  3.784  3.738  3.795  3.784  3.780  3.750  3.632  3.689
3.912  3.829  3.824  3.871  3.638  3.784  3.664  3.829  3.807  3.829  3.761  3.689  3.932  3.871  4.043  3.850  3.714  3.738  3.829  3.912  3.892  3.912  3.989  3.850  3.912  3.850  3.761  3.664  3.835  3.632  3.867  3.784  3.738  3.638  3.824  3.664  3.738  3.714  3.684  3.733  3.714  3.761
5.491  5.278  5.425  5.521  5.338  5.455  5.412  5.378  5.447  5.539  5.434  5.464  5.489  5.421  5.421  5.204  5.313  5.165  5.469  5.425  5.474  5.420  5.323  5.391  5.329  5.246  5.243  5.263  5.215  5.288  5.313  5.352  5.278  5.257  5.442  5.363  5.273  5.226  5.291  5.193  5.288  5.255
4.700  4.511  4.673  4.745  4.754  4.605  4.745  4.659  4.754  4.736  4.765  4.673  4.673  4.682  4.874  4.625  4.533  4.562  4.881  4.804  4.836  4.700  4.554  4.605  4.800  4.852  4.443  4.475  4.466  4.754  4.477  4.522  4.700  4.625  4.710  4.625  4.605  4.543  4.562  4.419  4.443  4.533
4.454  4.304  4.290  4.407  4.407  4.382  4.522  4.454  4.419  4.498  4.533  4.367  4.525  4.431  4.454  4.277  4.536  4.431  4.522  4.605  4.605  4.575  4.419  4.489  4.354  4.317  4.248  4.331  4.174  4.190  4.317  4.554  4.394  4.419  4.477  4.443  4.443  4.392  4.234  4.277  4.174  4.407
5.024  5.024  4.984  5.147  5.004  5.030  5.056  4.990  4.970  5.227  5.169  5.102  5.147  5.011  5.320  4.977  5.093  5.056  5.056  5.029  5.236  5.100  5.176  5.207  4.820  4.919  4.970  4.898  4.787  4.868  4.949  4.956  5.063  4.986  5.024  5.017  5.055  5.056  5.011  4.999  4.929  4.926
5.124  4.990  4.945  4.934  4.804  4.996  4.984  4.844  4.973  5.069  4.996  4.984  5.017  5.036  5.081  5.056  5.112  4.919  5.011  5.100  5.088  5.080  5.056  5.017  5.024  5.023  4.927  4.819  4.844  4.828  4.543  4.997  4.682  4.977  4.977  4.990  4.868  5.043  4.956  4.796  4.913  4.984
4.673  4.771  4.511  4.522  4.256  4.727  4.595  4.605  4.554  4.564  4.514  4.760  4.673  4.431  4.804  4.533  4.680  4.503  4.787  4.860  4.718  4.754  4.554  4.811  4.443  4.503  4.541  4.489  4.505  4.428  4.304  4.625  4.328  4.554  4.543  4.554  4.718  4.610  4.494  4.277  4.466  4.595
4.796  4.762  4.710  4.868  4.868  4.668  4.644  4.654  4.804  4.875  4.844  4.762  4.883  4.951  4.868  4.691  4.691  4.700  4.736  4.913  4.804  4.787  4.804  4.745  4.605  4.454  4.682  4.615  4.520  4.428  4.625  4.700  4.516  4.727  4.718  4.593  4.654  4.718  4.663  4.580  4.605  4.533
4.369  4.108  4.220  4.489  4.431  4.248  4.156  4.220  4.277  4.331  4.290  4.159  4.483  4.431  4.394  4.290  4.007  4.290  4.284  4.466  4.304  4.116  4.231  4.248  4.205  4.143  4.205  4.174  3.970  3.961  4.194  4.248  4.190  4.060  4.078  4.167  4.043  4.419  4.290  4.060  4.004  4.174
4.796  4.676  4.718  4.691  4.798  4.710  4.605  4.605  4.824  4.649  4.734  4.691  4.820  4.820  4.942  4.654  4.635  4.585  4.860  4.913  4.933  4.727  4.710  4.997  4.682  4.466  4.673  4.595  4.583  4.554  4.575  4.700  4.623  4.727  4.687  4.777  4.595  4.644  4.635  4.649  4.536  4.635
4.234  4.234  4.094  4.205  4.241  4.174  4.167  4.007  4.202  4.248  4.140  4.078  4.317  4.234  4.354  4.111  3.970  4.078  4.111  4.248  4.263  4.060  4.174  4.156  4.043  3.970  3.970  4.156  3.989  4.127  4.007  4.060  4.007  4.217  4.174  4.156  4.025  3.951  4.234  4.007  4.066  4.007
5.737  5.687  5.663  5.811  5.687  5.656  5.635  5.565  5.781  5.740  5.781  5.710  5.705  5.711  5.846  5.723  5.741  5.690  5.728  5.832  5.876  5.875  5.694  5.830  5.659  5.485  5.602  5.549  5.480  5.505  5.659  5.838  5.742  5.756  5.827  5.753  5.638  5.720  5.820  5.697  5.647  5.565
4.824  4.580  4.710  4.905  4.820  4.804  4.625  4.844  4.682  4.836  4.844  4.852  4.700  4.890  4.934  4.700  4.745  4.718  4.970  4.997  4.913  4.736  4.625  4.663  4.575  4.654  4.557  4.466  4.231  4.369  4.618  4.787  4.762  4.677  4.668  4.585  4.659  4.927  4.927  4.804  4.700  4.727
4.905  4.804  4.736  4.710  4.812  4.787  4.700  4.369  4.652  4.898  4.942  4.812  4.949  4.920  4.902  4.663  4.699  4.860  4.815  4.986  4.898  4.927  4.773  4.894  4.554  4.644  4.564  4.583  4.595  4.635  4.727  4.673  4.727  4.796  4.812  4.796  4.554  4.920  4.913  4.700  4.567  4.710
4.290  4.174  4.078  4.108  4.103  4.151  3.871  3.807  4.057  4.277  4.263  4.171  4.277  4.331  4.288  4.057  4.127  4.263  4.135  4.324  4.256  4.060  4.127  4.212  4.025  3.989  4.034  3.989  4.022  3.850  4.111  4.007  4.094  4.025  4.004  4.043  3.850  4.078  4.246  4.143  3.970  4.025
3.584  3.714  3.512  3.761  3.584  3.466  3.638  3.624  3.807  3.638  3.497  3.738  3.761  3.611  3.928  3.434  3.871  3.689  3.497  3.761  3.664  3.466  3.611  3.664  3.689  3.689  3.497  3.584  3.434  3.506  3.401  3.689  3.466  3.664  3.466  3.684  3.497  3.807  3.584  3.434  3.434  3.555
3.850  3.951  3.802  3.850  3.892  3.714  3.757  3.750  3.829  3.829  3.871  3.807  3.888  3.951  3.912  3.671  3.850  3.784  3.829  4.103  4.043  3.850  3.738  3.877  3.555  3.784  3.761  3.555  3.738  3.490  3.497  3.807  3.912  3.761  3.578  3.761  3.850  3.689  3.871  3.784  3.738  3.892
3.912  3.850  3.995  4.060  4.013  3.892  3.951  3.761  3.942  3.871  3.932  3.970  4.174  3.961  4.052  4.060  3.892  3.714  3.932  3.912  4.060  3.871  4.043  4.078  3.912  3.829  3.871  3.932  3.892  3.995  3.892  3.947  3.912  3.989  3.892  3.867  3.912  3.912  3.714  3.784  3.871  3.768
3.951  3.961  4.043  4.007  3.976  4.111  3.912  3.892  3.967  3.951  4.016  4.043  4.205  4.078  4.217  3.784  4.078  4.111  4.094  4.148  4.209  3.951  4.111  4.277  4.048  3.888  3.829  3.871  3.757  3.967  3.908  3.892  4.043  4.007  3.970  3.970  3.951  3.970  3.871  3.839  3.947  4.007
5.043  4.881  5.030  5.075  5.153  5.118  5.045  4.883  5.130  5.182  5.030  5.198  5.283  5.198  5.384  5.043  5.024  5.072  5.384  5.182  5.389  5.198  5.153  5.050  5.003  4.905  5.017  4.992  4.710  4.836  4.907  5.081  5.187  5.047  5.215  5.004  5.069  5.081  4.956  4.956  4.990  5.050
4.852  4.890  4.820  5.004  4.860  4.890  4.850  4.812  5.081  4.860  4.909  4.804  5.088  4.942  5.112  4.828  4.956  4.808  5.024  4.997  5.257  5.011  4.905  4.984  4.802  4.927  4.779  4.752  4.649  4.844  4.787  5.100  4.931  4.887  5.037  4.875  4.844  4.779  4.913  4.779  4.828  4.852
