4.382  4.111  4.277  4.205  4.127  4.304  4.094  4.277  4.267  4.341  4.111  4.060  4.263  4.127  4.274  4.091  3.998  3.989  4.281  4.234  4.315  4.174  3.989  4.127  4.331  4.007  4.205  4.043  3.912  3.932  4.127  4.143  4.248  3.989  4.156  4.202  4.135  4.043  4.156  4.304  3.871  4.220
5.370  5.075  5.226  5.242  5.187  5.288  5.288  5.252  5.407  5.485  5.278  5.349  5.283  5.220  5.327  5.209  5.149  5.220  5.397  5.298  5.429  5.293  5.187  5.149  5.298  5.164  5.136  5.176  5.011  5.175  5.136  5.176  5.094  5.323  5.328  5.227  5.112  5.158  5.272  5.283  5.255  5.204
6.801  6.729  6.650  6.701  6.702  6.730  6.729  6.691  6.703  6.797  6.755  6.739  6.811  6.805  6.829  6.698  6.588  6.610  6.742  6.709  6.765  6.692  6.750  6.773  6.620  6.650  6.602  6.579  6.494  6.569  6.659  6.618  6.544  6.673  6.707  6.681  6.720  6.685  6.671  6.564  6.542  6.633
5.883  5.881  5.925  5.883  5.805  5.841  5.881  5.756  5.814  5.894  5.844  5.940  5.926  5.864  5.939  5.881  5.825  5.794  5.855  5.903  6.016  5.813  5.802  5.908  5.706  5.793  5.690  5.606  5.525  5.618  5.711  5.690  5.743  5.835  5.746  5.809  5.914  5.798  5.892  5.635  5.645  5.765
6.238  6.081  6.196  6.246  6.178  6.170  6.039  6.139  6.022  6.221  6.153  6.182  6.153  6.086  6.148  5.956  5.970  5.938  6.092  6.125  6.177  6.066  6.065  6.188  5.930  5.948  5.963  5.842  5.844  5.903  6.011  5.944  5.969  6.035  6.052  6.068  5.996  5.973  5.964  5.945  5.867  6.061
5.781  5.642  5.537  5.638  5.633  5.489  5.606  5.631  5.492  5.637  5.598  5.638  5.606  5.551  5.713  5.428  5.445  5.568  5.572  5.565  5.717  5.624  5.501  5.730  5.358  5.375  5.394  5.323  5.204  5.366  5.416  5.562  5.509  5.521  5.471  5.429  5.416  5.403  5.565  5.260  5.219  5.485
4.489  4.171  4.304  4.159  4.301  4.174  4.127  4.511  4.151  4.615  4.304  4.431  4.489  4.443  4.407  4.094  4.078  4.419  4.394  4.174  4.304  4.174  4.350  4.234  3.912  4.078  4.094  4.127  3.871  3.922  4.187  3.951  4.111  4.190  4.043  4.304  4.007  4.174  4.263  4.074  3.951  4.143
3.526  3.466  3.555  3.512  3.497  3.526  3.555  3.555  3.611  3.829  3.401  3.738  3.689  3.761  3.709  3.526  3.584  3.550  3.714  3.932  3.689  3.689  3.490  3.611  3.497  3.466  3.401  3.497  3.296  3.526  3.611  3.584  3.638  3.434  3.761  3.584  3.520  3.466  3.296  3.459  3.512  3.466
4.477  4.288  4.331  4.212  4.290  4.554  4.290  4.369  4.348  4.700  4.357  4.585  4.743  4.431  4.585  4.241  4.143  4.382  4.489  4.317  4.288  4.132  4.350  4.248  4.108  4.190  4.057  4.174  3.951  3.989  3.967  3.922  4.143  4.331  4.234  4.263  4.156  4.290  4.220  4.357  3.970  4.156
3.611  3.584  3.584  3.526  3.592  3.490  3.395  3.526  3.584  3.611  3.526  3.520  3.645  3.714  3.526  3.459  3.526  3.466  3.605  3.807  3.584  3.526  3.738  3.526  3.689  3.401  3.689  3.497  3.611  3.466  3.466  3.632  3.555  3.664  3.526  3.520  3.490  3.418  3.584  3.401  3.401  3.434
4.205  3.892  4.124  4.156  4.290  4.043  3.912  4.234  4.197  4.428  4.277  4.361  4.466  4.174  4.394  3.951  3.951  4.143  4.290  4.331  4.094  3.892  4.060  4.007  3.989  3.970  3.902  3.932  3.611  3.888  3.892  3.584  3.912  4.057  3.951  4.060  4.025  4.143  3.867  3.871  4.078  4.111
3.296  3.401  3.434  3.258  3.367  3.526  3.296  3.466  3.367  3.428  3.428  3.490  3.466  3.296  3.434  3.332  3.526  3.258  3.466  3.555  3.555  3.367  3.325  3.434  3.401  3.332  3.367  3.401  3.401  3.296  3.332  3.332  3.367  3.332  3.401  3.401  3.219  3.418  3.307  3.401  3.401  3.332
5.220  5.004  5.225  5.193  5.389  5.298  5.236  5.361  5.226  5.316  5.112  5.411  5.366  5.114  5.324  4.934  4.999  5.127  5.407  5.193  5.318  5.094  5.121  4.920  5.072  5.027  5.040  4.963  4.585  4.723  5.037  4.883  5.130  5.298  5.130  5.165  4.984  4.984  5.176  5.159  4.913  5.169
3.584  3.526  3.671  3.638  3.497  3.714  3.738  3.584  3.738  3.676  3.555  3.846  3.658  3.638  3.932  3.584  3.597  3.638  3.738  3.784  3.892  3.802  3.584  3.684  3.526  3.664  3.434  3.434  3.367  3.714  3.466  3.689  3.714  3.466  3.497  3.555  3.520  3.619  3.526  3.611  3.526  3.584
5.501  5.263  5.572  5.725  5.554  5.686  5.561  5.497  5.652  5.710  5.533  5.697  5.635  5.587  5.768  5.509  5.436  5.493  5.700  5.659  5.604  5.697  5.645  5.631  6.314  6.148  5.976  5.557  5.338  5.357  5.677  5.804  5.914  5.572  5.553  5.545  5.384  5.638  5.521  5.416  5.459  5.438
4.691  4.564  4.673  4.590  4.605  4.595  4.522  4.554  4.721  4.654  4.771  4.796  4.812  4.718  4.938  4.640  4.743  4.654  4.812  4.723  4.758  4.796  4.828  4.977  4.913  4.949  4.883  4.635  4.369  4.511  4.700  4.844  4.696  4.511  4.603  4.812  4.673  4.718  4.663  4.573  4.557  4.533
4.174  3.898  4.025  3.738  4.234  4.148  3.807  3.928  3.932  4.290  4.143  4.159  4.248  4.127  4.407  3.818  3.761  4.234  4.119  4.174  3.951  3.850  4.025  3.892  3.570  3.738  3.850  3.807  3.434  3.761  3.784  3.584  3.850  3.861  3.684  3.970  3.829  3.951  3.967  3.912  3.807  3.892
3.296  3.360  3.367  3.434  3.434  3.288  3.434  3.360  3.401  3.401  3.219  3.401  3.401  3.490  3.520  3.296  3.367  3.367  3.401  3.550  3.506  3.466  3.428  3.332  3.325  3.219  3.332  3.296  3.296  3.332  3.258  3.497  3.434  3.258  3.384  3.332  3.135  3.296  5.170  3.135  3.258  3.459
4.533  4.454  4.431  4.431  4.443  4.691  4.357  4.585  4.486  4.549  4.654  4.593  4.727  4.640  4.615  4.511  4.187  4.654  4.554  4.431  4.477  4.489  4.500  4.585  4.431  4.466  4.533  4.710  4.344  4.290  4.585  4.248  4.505  4.543  4.394  4.600  4.404  4.498  4.425  4.466  4.466  4.595
3.738  3.757  3.784  3.638  3.807  3.829  3.912  3.892  3.784  3.947  3.738  3.947  3.871  3.932  3.947  3.867  3.714  3.780  3.871  3.942  3.829  3.784  3.892  3.912  3.714  3.684  3.813  3.850  3.696  3.829  3.970  3.584  3.714  3.761  3.761  3.970  3.651  3.850  3.714  3.829  3.638  3.857
5.204  4.593  4.898  4.931  4.820  4.970  4.804  5.069  5.030  5.176  5.050  5.024  5.159  4.883  5.075  4.844  4.754  4.844  5.004  5.182  4.812  4.844  4.820  4.875  4.777  4.898  4.718  4.836  4.431  4.585  4.717  4.590  5.094  5.017  4.836  4.883  4.762  5.037  5.030  4.949  4.913  5.129
3.555  3.497  3.664  3.619  3.526  3.332  3.434  3.526  3.526  3.584  3.332  3.497  3.466  3.638  3.638  3.434  3.434  3.401  3.497  3.497  3.526  3.689  3.578  3.535  3.564  3.367  3.555  3.434  3.401  3.466  3.466  3.611  3.367  3.611  3.611  3.664  3.367  3.332  3.584  3.466  3.367  3.434
