4.934  4.727  4.920  4.828  4.754  5.013  4.832  5.017  5.024  4.890  4.996  4.875  4.883  4.828  4.885  4.905  4.710  4.870  4.949  4.984  5.056  4.898  4.779  4.844  4.623  4.522  4.749  4.673  4.440  4.625  4.898  4.690  4.600  4.654  4.638  4.754  4.779  4.812  4.673  4.758  4.758  4.787
5.139  5.043  5.069  5.100  4.999  5.130  5.094  5.136  5.147  5.231  5.241  5.063  5.081  5.187  5.136  5.050  4.949  4.934  5.150  5.153  5.273  5.203  5.145  5.108  4.980  4.934  4.984  4.927  4.682  4.844  5.164  4.956  5.007  4.942  5.004  5.043  5.030  4.934  4.898  4.958  5.037  5.063
5.056  4.927  5.183  5.011  4.913  5.130  4.850  5.136  5.043  5.252  5.208  5.147  5.263  5.193  5.217  5.011  4.836  5.085  5.027  5.075  4.942  4.905  4.868  4.905  4.977  4.856  4.947  5.063  4.659  4.924  4.852  4.625  5.124  4.927  4.931  4.970  4.920  5.088  5.075  5.069  4.812  5.014
5.244  5.037  5.175  5.187  4.984  5.106  5.169  5.112  5.075  5.313  5.112  5.159  5.181  5.100  5.268  5.155  5.017  5.043  5.149  5.147  5.272  5.198  5.050  5.118  4.990  5.029  4.929  5.030  4.758  5.011  4.990  5.050  5.011  5.118  5.226  4.989  5.030  5.159  5.056  4.997  5.050  5.030
5.998  5.802  5.948  5.919  6.016  5.864  5.983  5.919  5.908  6.141  5.966  5.983  6.054  5.989  6.001  5.864  5.802  5.999  5.979  5.905  5.930  5.878  5.943  5.935  5.749  5.723  5.826  5.768  5.670  5.727  5.826  5.814  5.771  5.877  5.833  5.866  5.905  5.830  5.855  5.955  5.714  5.922
6.526  6.230  6.378  6.366  6.333  6.395  6.385  6.354  6.395  6.557  6.458  6.494  6.461  6.431  6.501  6.292  6.214  6.468  6.450  6.402  6.400  6.277  6.260  6.347  6.179  6.261  6.244  6.310  6.105  6.154  6.286  6.094  6.223  6.347  6.306  6.344  6.314  6.360  6.346  6.446  6.333  6.461
4.060  3.846  3.951  3.932  3.951  4.190  3.871  3.829  4.078  4.094  3.871  4.277  4.004  4.043  4.159  3.908  3.912  3.892  4.007  4.043  3.989  3.989  3.912  3.995  3.967  3.807  3.912  3.989  3.738  3.970  3.932  4.074  3.892  3.970  3.912  3.912  3.784  3.824  3.738  3.871  3.888  4.111
3.912  3.976  3.689  3.951  3.892  4.094  3.951  3.761  3.807  3.871  3.795  3.871  3.947  3.784  3.850  3.850  3.871  3.829  3.807  3.892  3.942  3.980  3.761  3.807  3.807  3.555  3.938  3.784  3.807  3.807  3.738  3.928  3.664  3.761  3.898  3.850  3.795  3.664  3.497  3.780  3.714  3.784
4.407  4.419  4.190  4.363  4.595  4.394  4.315  4.431  4.392  4.585  4.369  4.454  4.494  4.575  4.511  4.431  4.220  4.350  4.546  4.392  4.543  4.304  4.522  4.431  4.263  4.234  4.331  4.357  4.205  4.159  4.304  4.260  4.234  4.357  4.263  4.331  4.317  4.248  4.127  4.190  4.119  4.317
3.888  3.861  3.850  3.850  3.714  3.714  3.807  3.802  3.738  3.761  3.829  3.784  3.738  4.127  3.932  3.892  3.829  3.738  3.922  3.871  3.970  3.784  3.738  3.829  3.780  3.689  3.807  3.807  3.671  3.611  3.784  3.757  3.738  3.839  3.714  3.807  3.638  3.555  3.709  3.555  3.434  3.932
4.585  4.443  4.522  4.522  4.477  4.489  4.440  4.543  4.205  4.762  4.570  4.635  4.654  4.564  4.710  4.538  4.317  4.454  4.652  4.500  4.301  4.419  4.317  4.522  4.341  4.382  4.454  4.311  4.094  4.290  4.394  4.317  4.363  4.357  4.443  4.525  4.419  4.585  4.231  4.419  4.277  4.407
4.997  4.828  4.949  4.844  5.024  4.920  4.898  4.934  4.992  5.147  5.040  5.024  5.123  5.063  5.121  4.898  4.874  4.883  5.135  4.956  5.032  4.927  4.919  4.970  4.782  4.804  4.883  4.710  4.605  4.615  4.905  4.868  5.003  4.913  4.984  4.949  4.820  4.852  4.794  4.913  4.749  4.836
3.689  3.802  3.701  3.638  3.829  3.761  3.555  3.638  3.829  3.892  3.584  3.892  3.892  3.738  3.970  3.584  3.584  3.689  3.824  3.714  3.738  3.738  3.611  3.768  3.611  3.701  3.664  3.829  3.526  3.684  3.714  3.497  3.738  3.664  3.497  3.689  3.497  3.555  3.555  3.605  3.584  3.584
3.367  3.512  3.481  3.434  3.497  3.296  3.434  3.466  3.526  3.555  3.497  3.526  3.584  3.605  3.807  3.555  3.555  3.481  3.597  3.664  3.526  3.689  3.555  3.632  3.434  3.434  3.401  3.497  3.332  3.434  3.497  3.584  3.520  3.466  3.555  3.611  3.332  3.434  3.401  3.506  3.638  3.526
3.367  3.497  3.296  3.367  3.332  3.367  3.367  3.459  3.258  3.296  3.434  3.526  3.570  3.578  3.450  3.219  3.401  3.219  3.526  3.520  3.555  3.367  3.584  3.434  3.497  3.401  3.466  3.384  3.325  3.296  3.466  3.555  3.434  3.367  3.401  3.466  3.434  3.296  3.325  3.428  3.466  3.296
3.434  3.332  3.434  3.219  3.219  3.332  3.325  3.378  3.296  3.401  3.219  3.367  3.466  3.497  3.367  3.296  3.497  3.367  3.526  3.497  3.490  3.367  3.296  3.497  3.296  3.296  3.450  3.314  3.219  3.258  3.367  3.296  3.638  3.296  3.258  3.638  3.258  3.258  3.395  3.332  3.296  3.401
5.323  5.363  5.333  5.298  5.346  5.361  5.352  5.236  5.357  5.371  5.417  5.339  5.560  5.402  5.535  5.323  5.339  5.353  5.525  5.445  5.513  5.360  5.361  5.429  5.242  5.263  5.306  5.209  5.091  5.030  5.273  5.124  5.308  5.308  5.338  5.434  5.297  5.192  5.209  5.236  5.187  5.247
5.333  5.361  5.147  5.272  5.252  5.293  5.264  5.252  5.323  5.378  5.425  5.384  5.513  5.549  5.489  5.209  5.247  5.425  5.529  5.434  5.505  5.535  5.398  5.420  5.170  5.273  5.292  5.242  5.066  5.164  5.296  5.063  5.182  5.288  5.215  5.384  5.209  5.196  5.179  5.256  5.242  5.247
4.836  4.654  4.745  4.990  4.800  4.965  4.718  4.852  4.804  4.860  4.779  4.844  5.091  4.977  5.080  4.736  4.771  4.718  4.896  4.911  4.916  4.749  4.836  4.796  4.771  4.710  4.828  4.754  4.663  4.754  4.779  4.710  4.860  4.745  4.730  4.812  4.635  4.883  4.775  4.745  4.652  4.947
5.124  4.898  5.017  5.037  5.017  4.970  4.984  5.017  4.968  5.147  4.905  5.124  5.198  5.124  5.162  4.920  4.779  4.942  5.142  5.220  5.153  5.024  4.920  5.037  4.905  5.042  4.920  4.745  4.787  4.934  4.828  4.890  5.100  4.970  4.996  5.004  4.905  5.011  4.816  4.963  5.027  4.990
4.945  4.824  4.905  5.017  4.760  4.890  4.796  4.866  4.850  4.992  4.874  4.913  4.940  4.902  5.026  4.800  4.727  4.916  4.951  5.081  4.997  4.836  4.920  5.011  4.836  4.820  4.754  4.700  4.605  4.779  4.875  4.691  4.796  4.977  5.013  4.828  4.844  4.710  4.796  4.875  4.708  4.920
4.500  4.174  4.522  4.477  4.392  4.492  4.220  4.533  4.522  4.663  4.458  4.382  4.431  4.382  4.605  4.234  4.205  4.466  4.905  4.652  4.554  4.458  4.190  4.419  4.344  4.357  4.143  4.304  4.127  4.277  4.382  4.500  4.549  4.475  4.595  4.431  4.143  4.304  4.357  4.401  4.317  4.304
