3.664  3.738  3.714  3.638  3.611  3.497  3.638  3.761  3.611  3.684  3.434  3.714  3.861  3.638  3.714  3.584  3.497  3.611  3.738  3.714  3.784  3.761  3.689  3.738  3.597  3.584  3.555  3.638  3.605  3.555  3.632  3.570  3.466  3.584  3.689  3.611  3.638  3.550  3.611  3.401  3.497  3.497
4.234  4.094  4.205  4.344  4.143  3.970  3.995  3.942  4.127  4.246  3.957  4.187  4.317  4.143  4.290  4.174  3.871  4.143  4.143  4.159  4.288  3.932  3.970  4.277  4.159  4.043  4.124  3.989  3.892  4.025  3.967  3.970  4.124  4.007  3.892  4.143  3.970  4.022  4.004  4.007  3.970  4.212
7.807  7.708  7.709  7.640  7.764  7.841  7.741  7.690  7.771  7.830  7.753  7.768  7.771  7.791  7.778  7.723  7.553  7.796  7.770  7.679  7.704  7.642  7.727  7.676  7.658  7.736  7.698  7.761  7.517  7.609  7.686  7.559  7.549  7.721  7.639  7.667  7.795  7.733  7.624  7.728  7.544  7.670
6.448  6.446  6.339  6.299  6.432  6.604  6.579  6.347  6.534  6.560  6.445  6.557  6.503  6.557  6.594  6.402  6.264  6.454  6.544  6.378  6.482  6.542  6.577  6.550  6.362  6.548  6.477  6.457  6.223  6.353  6.439  6.303  6.266  6.533  6.372  6.545  6.506  6.450  6.372  6.441  6.280  6.444
7.728  7.606  7.595  7.481  7.686  7.732  7.594  7.640  7.645  7.781  7.721  7.675  7.754  7.752  7.720  7.687  7.343  7.672  7.658  7.518  7.600  7.431  7.618  7.604  7.550  7.610  7.532  7.613  7.418  7.473  7.656  7.344  7.432  7.607  7.507  7.629  7.647  7.575  7.534  7.569  7.428  7.541
5.545  5.489  5.476  5.333  5.434  5.580  5.489  5.509  5.513  5.697  5.555  5.497  5.716  5.684  5.622  5.568  5.352  5.527  5.521  5.298  5.434  5.483  5.595  5.501  5.412  5.464  5.438  5.501  5.243  5.303  5.694  5.375  5.359  5.413  5.361  5.431  5.609  5.313  5.405  5.382  5.170  5.396
6.223  6.040  6.040  6.203  6.154  6.298  6.172  6.203  6.197  6.319  6.330  6.312  6.319  6.107  6.272  6.125  6.033  6.103  6.284  6.024  6.263  6.068  6.144  6.038  6.157  6.083  6.129  6.110  5.974  6.129  6.330  6.242  6.136  6.232  6.284  6.127  6.183  6.163  6.217  6.165  6.139  6.105
6.405  6.365  6.087  6.375  6.282  6.455  6.413  6.273  6.436  6.621  6.658  6.483  6.581  6.497  6.538  6.373  6.252  6.326  6.452  6.234  6.529  6.382  6.433  6.502  6.328  6.306  6.402  6.349  6.232  6.356  6.532  6.384  6.335  6.365  6.443  6.389  6.430  6.356  6.295  6.303  6.361  6.275
5.981  5.678  5.817  5.730  5.951  5.927  5.746  5.915  5.930  5.951  5.864  5.951  5.991  5.817  5.964  5.841  5.541  5.835  5.822  5.697  5.832  5.580  5.704  5.749  5.737  5.903  5.740  5.666  5.396  5.549  5.595  5.533  5.656  5.785  5.637  5.792  5.720  5.717  5.683  5.849  5.649  5.835
5.105  4.907  5.049  4.920  4.990  5.193  5.106  4.956  5.142  4.970  5.030  5.147  5.100  5.004  5.147  4.954  4.848  4.990  5.136  4.963  5.220  5.011  5.004  5.242  5.088  4.997  4.905  4.812  4.802  4.787  4.963  4.949  4.852  5.003  4.913  5.064  5.063  4.779  4.905  4.779  4.875  4.904
5.124  4.717  4.811  4.898  4.812  4.782  4.804  4.812  4.820  5.100  4.949  5.011  4.942  4.913  5.043  4.727  4.736  4.898  4.828  4.920  5.069  4.754  4.890  4.843  4.727  4.691  4.812  4.595  4.543  4.676  4.690  4.625  4.868  4.779  4.691  4.836  4.727  4.771  4.844  4.727  4.691  4.787
4.025  3.871  3.888  4.111  3.932  3.888  3.951  3.989  3.807  4.111  4.004  4.111  3.985  4.057  4.025  3.892  3.967  4.111  3.970  4.094  4.078  4.043  4.057  3.989  3.912  3.757  3.829  3.738  3.584  3.802  3.850  3.829  3.829  3.761  3.871  3.932  3.807  3.829  4.025  3.850  3.892  3.892
7.332  7.084  7.272  7.140  7.328  7.216  7.076  7.202  7.186  7.359  7.278  7.294  7.351  7.207  7.233  7.070  6.902  7.238  7.253  7.152  7.100  6.958  7.083  7.028  6.997  7.165  7.105  7.029  6.834  6.872  7.034  6.802  7.040  7.086  6.984  7.142  7.139  7.157  7.132  7.138  7.008  7.180
5.775  5.677  5.576  5.464  5.670  5.576  5.645  5.613  5.622  5.714  5.644  5.760  5.737  5.680  5.680  5.457  5.421  5.620  5.565  5.442  5.611  5.403  5.645  5.412  5.268  5.609  5.347  5.328  5.303  5.187  5.357  5.017  5.352  5.402  5.375  5.539  5.513  5.432  5.483  5.389  5.276  5.513
8.139  7.943  8.065  8.189  8.250  8.250  8.197  8.167  8.182  8.257  8.217  8.303  8.260  8.193  8.322  8.130  8.109  8.196  8.308  8.205  8.267  8.156  8.090  8.101  8.290  8.250  8.088  8.123  8.016  8.025  8.051  8.140  8.141  8.232  8.205  8.164  8.158  8.170  8.151  8.128  8.083  8.148
6.750  6.466  6.474  6.676  6.788  6.837  6.682  6.659  6.773  6.879  6.835  6.884  6.862  6.788  6.924  6.583  6.426  6.737  6.907  6.770  6.858  6.714  6.612  6.680  6.691  6.661  6.482  6.493  6.269  6.335  6.439  6.477  6.524  6.721  6.588  6.738  6.537  6.633  6.686  6.631  6.503  6.634
7.590  7.333  7.491  7.404  7.602  7.510  7.402  7.529  7.516  7.579  7.491  7.589  7.551  7.513  7.569  7.417  7.315  7.558  7.570  7.462  7.417  7.304  7.290  7.337  7.536  7.550  7.391  7.437  7.324  7.251  7.403  7.291  7.443  7.462  7.369  7.431  7.440  7.557  7.380  7.501  7.421  7.477
6.125  6.071  6.146  6.011  6.059  6.071  6.033  6.061  6.050  6.142  6.118  6.103  6.256  6.087  6.192  6.098  5.919  6.116  6.236  6.047  6.121  5.956  6.118  6.122  6.113  6.178  5.996  5.980  5.820  5.817  5.984  5.889  6.050  6.078  5.979  6.138  6.107  6.038  5.969  6.006  5.947  6.031
8.115  7.807  7.919  7.981  7.970  8.052  7.934  8.056  8.072  8.185  8.118  8.185  8.246  8.104  8.115  7.985  7.946  8.059  8.125  7.987  7.917  7.892  7.949  7.928  7.956  8.155  7.953  8.008  7.852  7.888  7.898  7.790  7.925  8.075  7.948  8.017  7.966  8.055  7.842  8.043  7.974  8.046
5.911  5.549  5.841  5.746  5.737  5.849  5.802  5.889  5.984  6.128  5.979  6.091  6.170  6.071  6.087  5.814  5.725  5.846  5.976  5.697  5.920  5.704  5.844  5.765  5.626  5.866  5.649  5.642  5.445  5.687  5.697  5.481  5.476  5.759  5.674  5.866  5.835  5.771  5.268  5.576  5.580  5.654
7.917  7.674  7.847  7.793  7.911  7.879  7.701  7.720  7.808  7.926  7.863  7.917  7.879  7.806  7.936  7.761  7.613  7.899  7.883  7.812  7.748  7.673  7.700  7.663  7.814  7.792  7.753  7.816  7.560  7.604  7.621  7.671  7.732  7.763  7.676  7.729  7.740  7.954  7.906  7.961  7.758  7.841
7.224  7.193  7.099  7.277  7.222  7.286  7.169  7.107  7.227  7.334  7.270  7.261  7.348  7.309  7.408  7.225  7.121  7.230  7.313  7.171  7.246  7.225  7.259  7.265  7.148  7.169  7.233  7.199  7.067  7.076  7.115  7.155  7.136  7.193  7.175  7.263  7.203  7.373  7.298  7.331  7.159  7.169
