3.738  3.846  3.951  3.689  3.850  3.932  3.892  4.007  3.912  3.714  3.829  3.714  4.078  4.043  3.908  3.985  3.738  3.947  3.967  3.938  3.970  3.780  3.829  3.951  3.714  3.714  3.605  3.689  3.638  3.761  3.757  3.761  3.932  3.813  3.733  3.850  3.829  3.689  3.912  3.768  3.555  3.738
3.714  3.611  3.714  3.807  3.784  3.714  3.807  3.714  3.807  3.689  3.689  3.738  4.094  3.967  3.932  3.658  3.714  3.850  3.757  3.829  3.761  3.664  3.784  3.829  3.584  3.664  3.738  3.726  3.497  3.584  3.709  3.611  3.584  3.784  3.733  3.664  3.689  3.638  3.611  3.497  3.490  3.714
3.490  3.401  3.401  3.219  3.490  3.434  3.360  3.401  3.258  3.428  3.178  3.526  3.584  3.497  3.466  3.428  3.401  3.288  3.497  3.466  3.761  3.434  3.584  3.632  3.475  3.367  3.434  3.332  3.497  3.332  3.332  3.219  3.428  3.367  3.466  3.332  3.367  3.378  3.258  3.219  3.332  3.367
3.395  3.367  3.428  3.401  3.401  3.564  3.367  3.466  3.401  3.418  3.466  3.490  3.584  3.555  3.578  3.497  3.466  3.332  3.466  3.689  4.659  3.401  3.434  3.526  3.466  3.332  3.434  3.526  3.367  3.428  3.434  3.401  3.434  3.535  3.434  3.332  3.434  3.367  3.526  3.332  3.325  3.664
3.638  3.738  3.689  3.689  3.689  4.043  3.738  3.738  3.932  3.871  3.738  3.526  3.912  3.738  3.932  3.846  3.761  3.892  3.829  3.784  4.094  3.757  3.664  3.829  3.555  3.526  3.638  3.611  3.526  3.829  3.871  3.611  3.882  3.714  3.714  3.638  3.611  3.497  3.555  3.466  3.714  3.611
3.401  3.497  3.401  3.459  3.332  3.578  3.428  3.520  3.466  3.428  3.219  3.555  3.738  3.638  3.645  3.619  3.434  3.490  3.611  3.714  3.638  3.584  3.418  3.401  3.584  3.497  3.466  3.401  3.332  3.434  3.367  3.555  3.555  3.395  3.434  3.296  3.434  3.296  3.296  3.332  3.350  3.367
4.344  4.025  4.317  4.227  4.477  4.533  4.248  4.522  4.317  4.505  4.331  4.416  4.337  4.331  4.500  4.159  3.857  4.238  4.357  4.277  4.315  4.171  4.274  4.369  3.850  3.989  4.043  4.060  3.664  3.989  4.220  3.912  4.127  4.248  3.784  4.205  4.234  4.220  4.171  3.970  4.007  4.290
4.369  4.148  4.248  4.069  4.220  4.248  4.263  4.290  4.174  4.348  4.331  4.407  4.212  4.297  4.431  4.034  3.928  4.099  4.290  4.317  4.376  4.190  4.224  4.466  4.078  4.094  3.951  4.111  3.970  3.951  4.159  3.757  3.970  4.159  3.784  4.190  4.248  3.908  3.912  3.871  3.932  4.174
3.401  3.395  3.401  3.296  3.332  3.325  3.332  3.434  3.367  3.332  3.178  3.332  3.520  3.466  3.526  3.401  3.490  3.296  3.401  3.738  3.584  3.611  3.367  3.401  3.367  3.497  3.332  3.332  3.367  3.258  3.296  3.332  3.258  3.296  3.611  3.332  3.288  3.367  4.454  3.258  3.367  3.219
3.367  3.296  3.466  3.367  3.401  3.367  3.258  3.296  3.401  3.555  3.178  3.466  3.638  3.888  3.466  3.555  3.434  3.258  3.428  3.584  3.526  3.584  3.367  3.526  3.211  3.367  3.296  3.466  3.332  3.401  3.258  3.434  3.332  3.258  3.332  3.497  3.360  3.434  4.069  3.211  3.401  3.296
4.630  4.642  4.710  4.644  4.654  4.691  4.745  4.538  4.771  4.595  4.564  4.682  4.718  4.736  4.875  4.575  4.663  4.543  4.673  4.762  4.990  4.820  4.644  4.839  4.682  4.615  4.700  4.477  4.466  4.522  4.454  4.682  4.554  4.736  4.796  4.625  4.745  4.625  4.538  4.486  4.642  4.477
4.419  4.489  4.552  4.520  4.477  4.520  4.407  4.419  4.328  4.443  4.407  4.431  4.564  4.625  4.583  4.443  4.466  4.486  4.564  4.564  4.623  4.585  4.419  4.477  4.392  4.317  4.382  4.086  4.220  4.248  4.505  4.511  4.317  4.425  4.394  4.407  4.392  4.277  4.357  4.382  4.317  4.344
4.277  4.295  4.209  4.380  4.331  4.443  4.443  4.190  4.277  4.404  4.078  4.522  4.357  4.489  4.635  4.231  4.454  4.094  4.369  4.331  4.522  4.454  4.331  4.691  4.241  4.159  4.060  4.078  4.179  4.202  4.205  4.388  4.270  4.284  4.431  4.248  4.217  4.297  4.190  4.159  4.248  4.231
3.829  3.709  3.761  3.951  3.912  3.824  3.761  3.784  3.839  3.928  3.638  3.871  3.951  3.871  4.057  3.807  3.784  3.761  3.689  3.951  3.902  3.871  3.714  3.892  3.714  3.714  3.664  3.824  3.578  3.829  3.638  3.818  3.892  3.709  3.750  3.829  3.807  3.714  3.784  3.738  3.726  3.701
3.871  4.111  3.892  4.025  3.932  3.784  3.998  3.951  4.004  3.970  4.086  3.932  4.111  4.043  4.099  4.057  4.060  3.850  4.182  4.031  4.304  4.159  4.260  4.174  3.850  3.829  3.784  3.871  3.892  3.942  4.078  3.985  4.094  3.888  3.970  4.078  3.951  3.932  3.892  3.892  3.932  3.780
3.829  3.829  3.807  3.761  3.714  3.829  3.951  3.584  3.795  3.664  3.689  3.932  3.829  3.824  3.784  3.664  3.714  3.638  4.025  3.928  3.867  3.835  3.829  3.928  3.664  3.689  3.780  3.638  3.611  3.689  3.757  3.807  3.738  3.784  3.738  3.829  3.664  3.761  3.555  3.638  3.709  3.638
4.454  4.431  4.401  4.341  4.431  4.549  4.321  4.357  4.290  4.317  4.410  4.440  4.618  4.710  4.585  4.477  4.407  4.522  4.570  4.673  4.605  4.564  4.434  4.615  4.174  4.431  4.331  4.464  4.057  4.190  4.443  4.363  4.443  4.407  4.304  4.440  4.284  4.443  4.500  4.407  4.205  4.407
4.043  4.143  4.108  3.951  4.140  4.078  4.025  4.004  3.861  3.871  4.099  4.127  4.331  4.317  4.277  4.094  3.892  4.091  4.159  4.094  4.190  4.025  4.007  4.111  3.784  3.970  3.871  3.938  3.807  3.850  4.016  3.932  4.135  4.078  4.025  4.043  4.040  4.060  4.004  4.060  3.761  3.912
3.526  3.497  3.497  3.401  3.367  3.520  3.401  3.506  3.490  3.526  3.296  3.466  3.526  3.584  3.651  3.892  3.638  3.490  3.550  3.584  3.497  3.466  3.605  3.526  3.497  3.466  3.428  3.401  3.428  3.526  3.526  3.578  3.611  3.497  3.526  3.714  3.497  3.401  3.466  3.466  3.497  3.466
3.526  3.664  3.584  3.689  3.434  3.497  3.466  3.709  3.738  3.638  3.367  3.555  3.555  3.824  3.664  3.401  3.605  3.434  3.761  3.761  3.689  3.434  3.466  3.526  3.459  3.418  3.459  3.434  3.459  3.434  3.332  3.434  3.584  3.466  3.497  3.611  3.466  3.466  3.466  3.497  3.714  3.664
5.775  5.453  5.594  5.790  5.826  5.743  5.654  5.798  5.723  5.707  5.848  5.820  5.695  5.900  5.981  5.704  5.569  5.597  5.787  5.931  5.796  5.680  5.631  5.740  5.697  5.674  5.580  5.617  5.498  5.431  5.549  5.717  5.825  5.754  5.855  5.560  5.523  5.820  5.786  5.576  5.749  4.341
7.075  6.905  7.036  7.095  7.118  7.092  6.959  7.107  7.116  7.044  7.073  7.161  6.981  7.153  7.268  6.968  6.971  7.002  7.141  7.151  7.105  6.991  6.989  7.093  7.021  6.974  6.976  7.016  6.853  6.827  6.971  7.057  7.046  6.978  7.085  6.961  6.957  7.177  7.136  6.934  7.035  5.892
