4.004  3.850  3.871  3.892  3.850  3.738  3.850  3.807  3.829  3.850  3.829  3.932  4.078  4.043  3.871  3.871  4.057  3.951  3.989  4.078  3.985  3.807  3.912  3.989  3.726  3.829  3.780  3.638  3.497  3.928  3.989  3.928  3.664  3.738  3.761  3.750  3.850  3.784  3.784  3.714  3.638  3.871
4.205  4.205  4.111  4.227  4.194  4.290  4.290  4.140  4.357  4.159  4.304  4.248  4.443  4.443  4.394  4.317  4.132  4.159  4.331  4.263  4.220  4.111  4.241  4.331  4.159  4.007  4.263  4.060  3.970  4.159  4.234  4.127  4.205  4.143  3.970  4.317  4.369  4.060  4.174  4.227  4.060  4.220
5.565  5.170  5.438  5.347  5.438  5.403  5.198  5.468  5.442  5.744  5.620  5.666  5.525  5.438  5.434  5.318  5.312  5.380  5.553  5.434  5.580  5.313  5.333  5.278  5.333  5.318  5.287  5.472  5.088  5.231  5.263  5.256  5.347  5.438  5.474  5.281  5.243  5.519  5.494  5.333  5.273  5.398
4.522  4.344  4.575  4.575  4.543  4.533  4.220  4.663  4.564  4.777  4.522  4.717  4.782  4.718  4.691  4.369  4.290  4.331  4.615  4.585  4.469  4.416  4.419  4.454  4.344  4.369  4.324  4.635  4.025  4.234  4.382  4.443  4.489  4.407  4.475  4.595  4.174  4.654  4.431  4.431  4.357  4.533
5.193  4.990  5.135  5.011  5.075  5.094  5.089  5.118  5.094  5.313  5.130  5.257  5.165  5.142  5.198  4.970  4.844  4.970  5.283  5.099  5.069  4.990  5.088  5.112  4.926  4.905  4.860  4.898  4.727  4.835  4.896  4.844  4.990  4.904  5.112  5.105  4.875  5.056  5.112  5.004  4.961  5.156
4.920  4.718  4.934  4.875  4.787  4.860  4.893  4.949  4.920  5.118  4.963  4.956  4.927  4.898  5.007  4.743  4.762  4.745  5.043  4.963  4.866  4.828  4.804  4.836  4.754  4.860  4.771  4.682  4.543  4.796  4.771  4.710  4.852  4.812  4.956  4.771  4.812  4.754  4.779  4.745  4.615  4.836
4.792  4.625  4.603  4.554  4.585  4.635  4.875  4.595  4.662  4.812  4.690  4.824  4.691  4.682  4.787  4.668  4.533  4.522  4.745  4.812  4.812  4.748  4.554  4.762  4.458  4.394  4.477  4.341  4.234  4.608  4.344  4.416  4.549  4.625  4.533  4.369  4.598  4.500  4.516  4.407  4.466  4.533
4.839  4.564  4.585  4.564  4.644  4.605  4.812  4.575  4.710  4.804  4.615  4.605  4.663  4.533  4.654  4.700  4.575  4.595  4.682  4.673  4.970  4.710  4.522  4.690  4.419  4.386  4.595  4.382  4.111  4.440  4.511  4.344  4.394  4.475  4.554  4.304  4.489  4.357  4.536  4.466  4.511  4.691
5.505  5.323  5.407  5.298  5.252  5.285  5.165  5.380  5.170  5.448  5.470  5.466  5.481  5.281  5.412  5.255  5.236  5.236  5.328  5.384  5.394  5.260  5.226  5.288  5.142  5.182  5.209  5.187  4.990  5.050  5.278  5.155  5.335  5.215  5.247  5.257  5.182  5.371  5.403  5.219  5.124  5.283
4.489  4.317  4.419  4.443  4.489  4.238  4.263  4.543  4.190  4.454  4.511  4.533  4.516  4.466  4.475  4.380  4.234  4.253  4.290  4.516  4.290  4.234  4.205  4.357  4.190  4.304  4.369  4.357  4.094  4.127  4.290  4.143  4.404  4.277  4.171  4.341  4.304  4.489  4.428  4.350  4.220  4.382
5.590  5.481  5.638  5.656  5.560  5.680  5.539  5.620  5.585  5.714  5.557  5.666  5.749  5.690  5.726  5.631  5.447  5.572  5.775  5.690  5.820  5.537  5.561  5.546  5.455  5.371  5.497  5.497  5.256  5.375  5.574  5.533  5.600  5.521  5.677  5.613  5.670  5.924  5.889  5.481  5.450  5.505
4.961  4.883  4.779  4.956  4.898  4.952  4.836  4.852  4.956  5.058  5.011  4.963  5.130  5.059  5.159  5.024  4.828  4.836  5.088  5.068  5.004  5.112  5.069  4.949  4.927  4.868  4.844  4.836  4.875  4.796  4.916  4.787  4.860  4.927  4.889  4.963  4.920  5.075  4.890  4.898  4.926  4.942
4.190  4.190  4.227  4.159  4.078  4.190  4.007  3.970  4.143  4.220  4.040  4.220  4.337  4.419  4.331  4.043  4.190  4.143  4.443  4.443  4.205  4.159  4.159  4.260  4.197  3.951  3.970  4.025  3.871  3.989  4.007  3.989  4.174  4.127  4.248  4.043  4.025  4.025  4.025  4.124  4.060  4.040
4.410  4.246  4.263  4.205  4.205  4.224  4.260  4.290  4.248  4.394  4.369  4.205  4.394  4.357  4.522  4.159  4.094  4.205  4.159  4.452  4.304  4.248  4.256  4.344  4.140  4.143  4.060  4.083  3.951  4.007  4.182  4.111  4.174  4.248  4.253  4.190  4.156  4.074  4.159  4.078  4.111  4.205
4.454  4.486  4.357  4.477  4.434  4.464  4.419  4.416  4.431  4.533  4.382  4.575  4.718  4.710  4.727  4.315  4.575  4.344  4.554  4.605  4.635  4.489  4.511  4.489  4.464  4.231  4.392  4.331  4.443  4.317  4.492  4.394  4.559  4.522  4.662  4.663  4.369  4.407  4.357  4.317  4.256  4.663
4.190  4.174  4.174  4.304  4.407  4.179  4.078  4.281  4.007  4.301  4.086  4.253  4.297  4.454  4.522  4.231  4.078  4.190  4.394  4.454  4.304  4.290  4.111  4.220  4.043  4.043  3.912  4.094  4.094  3.892  4.234  4.159  4.248  4.094  4.060  4.277  4.060  4.202  4.143  4.007  4.127  4.234
4.564  4.419  4.762  4.615  4.514  4.466  4.625  4.687  4.625  4.890  4.500  4.762  4.477  4.677  4.745  4.466  4.431  4.779  4.868  4.533  4.745  4.541  4.446  4.727  4.419  4.344  4.431  4.419  4.094  4.357  4.234  4.357  4.741  4.344  4.489  4.454  4.344  4.431  4.489  4.361  4.369  4.143
4.007  4.007  4.159  4.220  4.143  4.078  4.220  4.394  4.140  4.752  4.143  4.419  4.274  4.277  4.386  4.094  4.135  4.680  4.647  4.205  4.610  4.060  4.132  4.443  4.025  4.057  4.111  3.912  3.951  3.932  3.784  3.970  4.454  4.007  4.148  3.951  4.317  4.140  4.025  4.066  4.043  3.761
4.868  4.554  4.890  4.889  4.718  4.718  4.663  5.032  5.395  4.927  4.787  4.762  4.977  4.836  5.445  4.700  4.771  4.820  4.920  5.112  4.898  4.827  4.554  5.130  4.937  4.777  4.828  4.585  4.533  4.511  4.710  4.754  4.919  4.990  4.700  4.635  4.736  4.779  4.635  4.543  5.373  4.663
4.234  4.182  4.205  4.295  4.094  4.094  4.304  4.234  4.712  4.481  4.489  4.174  4.511  4.464  4.824  4.094  4.454  4.248  4.369  4.394  4.588  4.256  4.263  4.413  4.419  4.094  4.108  4.007  3.951  4.078  4.190  4.078  4.344  4.458  4.267  4.094  4.143  4.143  4.220  4.174  4.573  4.174
4.127  3.951  4.248  3.989  4.159  4.043  3.970  4.205  4.304  4.143  3.989  4.197  4.174  4.301  4.394  4.007  4.078  4.234  4.290  4.220  4.301  3.985  4.060  4.074  3.932  3.892  4.025  4.043  3.738  3.970  4.094  4.127  3.989  4.234  4.260  4.078  3.970  3.989  3.912  3.912  4.159  4.025
4.369  4.466  4.304  4.380  4.263  4.357  4.277  4.382  4.127  4.317  4.277  4.335  4.595  4.317  4.554  4.234  4.234  4.369  4.489  4.477  4.344  4.394  4.407  4.382  4.284  4.094  4.290  4.263  4.220  4.140  4.304  4.246  4.263  4.382  4.231  4.344  4.205  4.260  4.331  4.205  4.078  4.337
