5.088  5.027  5.165  4.920  5.043  5.106  5.056  5.011  5.226  5.470  5.278  5.136  5.357  5.264  5.190  5.102  5.142  5.114  5.247  5.056  5.204  5.071  5.108  5.219  4.934  5.147  4.968  4.963  4.898  5.024  5.017  5.003  5.059  5.063  5.165  5.099  5.080  5.004  4.997  5.029  4.898  5.077
4.913  4.860  4.798  4.736  4.804  4.796  4.754  4.887  4.852  5.007  4.956  4.970  4.956  4.808  4.836  4.796  4.736  4.804  4.779  4.875  4.890  4.739  4.927  4.902  4.691  4.812  4.844  4.635  4.745  4.673  4.762  4.615  4.682  4.718  4.812  4.691  4.866  4.638  4.796  4.754  4.745  4.564
5.242  5.043  5.117  5.045  5.056  5.074  5.257  5.262  5.395  5.371  5.242  5.412  5.624  5.209  5.384  5.181  5.042  5.153  5.273  5.288  5.412  5.112  5.357  5.162  5.328  5.278  5.333  5.153  4.881  5.004  5.252  5.024  5.293  5.176  5.094  5.097  5.043  5.136  5.164  4.937  5.017  5.097
4.749  4.934  4.835  4.890  4.727  4.986  4.984  4.812  4.956  5.069  4.900  4.927  4.984  4.920  4.990  4.835  4.868  4.754  4.970  4.996  5.004  4.990  4.868  4.883  4.898  4.802  4.949  4.691  4.723  4.808  4.836  4.673  4.956  4.944  4.970  4.812  4.796  4.700  4.671  4.775  4.700  4.860
3.970  3.757  3.757  3.871  3.738  3.912  3.738  3.738  3.761  3.888  3.733  3.932  3.738  4.043  3.951  3.839  3.829  3.850  3.802  3.871  3.892  3.824  3.850  3.912  3.689  3.784  3.951  3.738  3.555  3.592  3.714  3.611  3.738  3.824  3.714  3.807  3.689  3.689  3.689  3.709  3.714  3.818
3.611  3.466  3.676  3.526  3.684  3.497  3.466  3.611  3.497  3.664  3.564  3.664  3.807  3.850  3.871  3.526  3.611  3.526  3.714  3.757  3.689  3.526  3.555  3.761  3.638  3.584  3.632  3.611  3.401  3.520  3.555  3.555  3.584  3.512  3.401  3.555  3.597  3.401  3.526  3.466  3.497  3.638
4.580  4.443  4.500  4.673  4.241  4.407  4.625  4.489  4.615  4.533  4.392  4.511  4.620  4.543  4.533  4.317  4.605  4.288  4.644  4.533  4.673  4.585  4.431  4.583  4.486  4.477  4.382  4.407  4.489  4.454  4.500  4.613  4.500  4.500  4.477  4.564  4.500  4.522  4.431  4.348  4.369  4.419
5.034  4.754  4.920  5.170  4.758  4.860  4.949  5.081  4.970  5.049  4.856  5.043  5.081  4.961  5.094  4.812  5.024  4.804  5.176  5.204  5.158  5.069  4.942  4.802  4.989  5.063  4.949  4.956  4.992  4.990  4.835  4.913  4.997  4.970  4.989  4.836  4.890  4.913  4.820  4.700  5.063  4.875
4.564  4.481  4.486  4.635  4.328  4.382  4.489  4.533  4.431  4.509  4.509  4.446  4.663  4.595  4.625  4.382  4.522  4.419  4.564  4.575  4.554  4.344  4.511  4.454  4.419  4.477  4.466  4.392  4.500  4.357  4.407  4.304  4.498  4.419  4.419  4.522  4.376  4.369  4.511  4.431  4.274  4.354
4.654  4.598  4.575  4.466  4.419  4.543  4.533  4.543  4.595  4.654  4.541  4.522  4.779  4.575  4.687  4.407  4.500  4.431  4.644  4.756  4.554  4.419  4.625  4.564  4.454  4.369  4.416  4.533  4.419  4.277  4.522  4.337  4.477  4.644  4.407  4.522  4.382  4.522  4.382  4.454  4.263  4.394
5.069  4.862  4.942  5.013  5.165  4.963  4.812  5.011  5.069  4.986  4.828  4.990  5.136  5.049  5.176  4.662  4.796  5.021  4.986  5.094  5.056  4.836  4.927  5.056  4.718  4.736  4.762  4.605  4.489  4.691  4.812  5.063  4.777  4.916  4.883  4.997  4.844  4.858  4.949  4.718  4.796  4.984
5.094  5.024  5.042  5.209  5.001  5.030  4.996  4.966  4.968  5.009  5.040  5.138  5.153  5.153  5.254  4.980  4.779  5.108  5.118  5.011  5.153  5.198  5.130  5.176  4.864  4.852  4.920  4.877  4.743  4.860  4.977  5.063  4.973  4.779  4.896  5.088  4.949  4.989  5.050  4.852  4.836  4.868
4.263  3.970  4.022  4.060  3.951  3.932  3.912  3.989  4.060  4.078  3.951  4.159  4.187  4.205  4.234  3.970  4.040  4.060  4.167  4.217  4.174  4.043  4.043  3.989  4.078  4.060  3.807  3.912  3.733  3.902  3.829  3.970  4.143  4.132  4.094  3.976  3.908  3.932  3.839  3.807  3.757  3.912
5.905  5.908  5.852  5.881  5.902  5.838  5.878  5.820  5.827  6.006  5.914  5.974  6.061  5.942  5.969  5.826  5.956  5.756  5.865  5.971  5.998  5.971  5.953  5.986  5.768  5.836  5.862  5.583  5.845  5.740  5.940  5.737  5.769  5.899  5.951  5.990  5.860  5.835  5.826  5.799  5.749  5.820
3.928  3.871  4.007  4.004  4.060  3.989  3.989  3.970  3.951  4.143  4.143  4.078  4.290  4.174  4.331  4.016  3.932  4.124  4.111  4.143  4.094  4.078  3.807  4.074  3.970  3.989  3.892  3.951  3.761  3.970  3.892  3.989  4.132  4.060  4.025  4.052  3.980  3.892  4.025  4.007  3.970  4.025
5.226  5.124  5.209  5.121  5.105  5.219  5.118  5.011  5.136  5.204  5.024  5.094  5.313  5.069  5.352  5.164  5.323  5.064  5.106  5.234  5.318  5.204  5.226  5.374  5.011  5.161  4.977  4.787  4.997  4.989  5.136  5.081  5.027  5.135  5.220  5.268  5.187  5.124  5.004  4.934  5.004  5.126
4.625  4.511  4.533  4.585  4.554  4.644  4.615  4.554  4.511  4.699  4.741  4.615  4.779  4.615  4.844  4.500  4.573  4.595  4.603  4.828  4.804  4.754  4.628  4.564  4.477  4.554  4.580  4.454  4.382  4.477  4.543  4.562  4.644  4.644  4.578  4.732  4.659  4.618  4.595  4.500  4.543  4.691
4.337  4.043  4.108  4.263  4.143  4.205  4.060  4.290  4.190  4.260  4.127  4.404  4.382  4.382  4.500  4.190  4.174  4.277  4.394  4.394  4.344  4.277  4.376  4.159  4.190  4.143  4.094  4.083  4.007  4.078  4.060  4.151  4.143  4.304  4.217  4.331  4.304  4.159  4.127  4.202  4.007  4.078
3.714  3.689  3.871  3.829  3.761  3.611  3.638  3.738  3.738  3.761  3.761  3.738  3.850  3.888  3.892  3.638  3.784  3.738  3.761  3.970  3.850  3.664  3.584  3.850  3.714  3.611  3.733  3.664  3.684  3.689  3.651  3.829  3.714  3.733  3.761  3.824  3.689  3.689  3.714  3.611  3.824  3.638
3.434  3.526  3.497  3.555  3.526  3.466  3.466  3.526  3.434  3.584  3.296  3.526  3.638  3.584  3.584  3.466  3.550  3.332  3.367  3.714  3.555  3.466  3.497  3.401  3.434  3.497  3.401  3.367  3.360  3.332  3.466  3.367  3.664  3.466  3.466  3.520  3.401  3.332  3.497  3.296  3.401  3.401
4.605  4.344  4.564  4.466  4.419  4.559  4.369  4.578  4.666  4.533  4.605  4.554  4.736  4.635  4.671  4.419  4.277  4.446  4.727  4.792  4.654  4.644  4.331  4.605  4.431  4.449  4.440  4.454  4.248  4.304  4.369  4.304  4.466  4.486  4.511  4.419  4.511  4.431  4.431  4.290  4.317  4.533
4.040  3.892  4.143  4.171  4.078  3.932  3.998  4.119  4.078  4.043  4.031  4.043  4.190  4.174  4.094  3.892  4.143  4.060  4.159  4.094  4.094  4.111  3.970  3.967  4.127  3.951  3.970  3.761  3.892  3.802  3.970  4.091  4.111  4.111  4.127  4.040  3.912  4.127  4.143  3.932  3.970  4.016
