4.202  3.970  4.078  3.850  4.143  4.220  4.060  4.205  4.043  4.197  3.951  4.057  4.270  4.127  4.277  4.202  3.970  4.094  4.205  4.143  4.182  4.074  4.270  4.007  3.912  3.850  4.025  4.043  3.871  4.025  4.007  4.034  3.989  3.888  3.947  3.947  3.989  4.043  3.989  3.951  3.824  4.007
5.027  4.844  4.956  4.773  4.913  5.030  4.942  4.905  5.063  5.019  4.970  4.944  5.043  4.898  5.136  4.787  4.685  4.970  4.898  4.875  4.915  4.754  4.862  4.852  4.736  4.659  4.804  4.718  4.615  4.625  4.820  4.522  4.718  4.762  4.727  4.852  4.890  4.858  4.875  4.836  4.595  4.812
4.717  4.538  4.642  4.394  4.615  4.546  4.543  4.575  4.620  4.682  4.511  4.682  4.712  4.700  4.635  4.605  4.511  4.477  4.595  4.489  4.654  4.575  4.554  4.663  4.304  4.369  4.394  4.357  4.357  4.315  4.481  4.304  4.407  4.541  4.419  4.469  4.407  4.369  4.369  4.277  4.317  4.380
4.775  4.630  4.705  4.714  4.654  4.605  5.793  4.812  4.754  4.934  4.642  4.736  4.824  4.644  4.762  4.663  4.685  4.500  4.691  4.760  4.820  4.605  4.633  4.673  4.477  4.559  4.530  4.516  4.354  4.633  4.588  4.466  4.657  4.452  4.644  4.718  4.615  4.625  4.489  4.554  4.585  4.564
4.682  4.575  4.654  4.615  4.644  4.585  4.736  4.820  4.671  4.745  4.682  4.811  4.732  4.623  4.816  4.638  4.583  4.583  4.942  4.718  4.736  4.796  4.700  4.754  4.489  4.700  4.585  4.382  4.394  4.543  4.595  4.762  4.575  4.615  4.727  4.673  4.668  4.710  4.454  4.500  4.567  4.570
5.293  5.165  5.147  5.182  5.170  5.056  5.198  5.204  5.152  5.236  5.328  5.263  5.372  5.170  5.344  5.204  5.136  5.118  5.273  5.153  5.388  5.288  5.112  5.321  5.017  5.050  5.243  5.030  4.984  5.112  5.147  5.328  5.118  5.081  5.231  5.094  5.217  5.181  5.136  5.096  5.021  5.127
5.485  5.323  5.360  5.389  5.268  5.220  5.296  5.288  5.338  5.537  5.464  5.333  5.442  5.338  5.409  5.283  5.236  5.328  5.389  5.455  5.464  5.298  5.342  5.398  5.124  5.050  5.100  5.088  5.030  5.112  5.196  4.966  5.255  5.153  5.236  5.193  5.187  5.165  5.223  5.159  5.024  5.159
4.732  4.635  4.654  4.615  4.625  4.546  4.635  4.677  4.700  4.779  4.766  4.635  4.787  4.786  4.898  4.500  4.575  4.585  4.756  4.844  4.858  4.694  4.691  4.663  4.605  4.615  4.443  4.367  4.401  4.585  4.673  4.357  4.533  4.431  4.573  4.605  4.317  4.533  4.595  4.564  4.564  4.511
4.238  4.220  4.220  4.205  4.094  4.190  4.127  4.143  4.174  4.174  4.174  4.205  4.304  4.205  4.331  4.111  4.043  4.248  4.060  4.238  4.331  4.220  4.057  4.263  3.888  4.022  3.932  3.970  3.829  3.850  3.970  4.217  4.060  4.043  4.174  4.060  4.043  4.043  4.127  3.970  3.850  4.043
4.190  4.190  4.025  4.159  4.263  4.022  4.174  4.159  4.159  4.263  4.025  4.304  4.220  4.159  4.205  4.078  4.190  4.025  4.260  4.337  4.382  4.369  4.159  4.159  4.025  4.025  4.143  4.094  3.922  4.007  4.025  4.127  4.078  4.159  4.220  4.174  4.143  4.094  4.060  4.091  4.143  4.227
3.664  3.857  3.970  3.738  3.867  3.780  3.761  3.761  3.892  3.807  3.829  3.784  4.159  4.078  4.127  4.016  3.871  3.932  4.043  3.989  4.078  3.989  3.807  3.980  3.807  3.714  3.850  3.619  3.714  3.555  3.738  3.970  3.932  3.750  3.871  3.761  3.824  3.738  3.664  3.714  3.829  3.829
3.829  3.829  4.057  3.892  3.918  3.989  3.738  4.007  3.970  3.888  3.714  3.912  4.103  4.078  4.094  3.932  3.985  3.807  4.111  4.007  4.143  4.007  3.947  4.094  3.871  3.738  3.932  3.784  3.829  3.664  3.970  4.043  3.912  3.829  3.892  3.951  3.839  4.086  3.709  3.714  3.892  3.829
4.341  4.419  4.419  4.511  4.369  4.454  4.331  4.369  4.422  4.454  4.382  4.431  4.475  4.443  4.443  4.335  4.369  4.419  4.511  4.673  4.494  4.311  4.464  4.382  4.205  4.205  4.315  4.315  4.290  4.205  4.344  4.317  4.382  4.227  4.354  4.431  4.190  4.331  4.344  4.217  4.394  4.317
4.812  4.745  4.804  4.710  4.673  4.787  4.575  4.745  4.605  4.745  4.543  4.779  4.815  4.796  4.907  4.605  4.874  4.642  4.860  4.883  4.844  4.779  4.820  4.754  4.595  4.554  4.615  4.533  4.575  4.605  4.615  4.820  4.654  4.844  4.635  4.754  4.541  4.635  4.663  4.557  4.590  4.595
4.520  4.440  4.595  4.671  4.554  4.663  4.407  4.533  4.489  4.625  4.511  4.642  4.552  4.483  4.836  4.466  4.527  4.533  4.691  4.511  4.736  4.575  4.357  4.605  4.460  4.317  4.543  4.304  4.304  4.331  4.267  4.500  4.357  4.449  4.533  4.511  4.489  4.575  4.382  4.452  4.394  4.533
4.401  4.234  4.369  4.398  4.357  4.404  4.422  4.380  4.248  4.382  4.443  4.369  4.369  4.382  4.625  4.190  4.263  4.159  4.454  4.394  4.500  4.317  4.174  4.419  4.248  4.159  4.078  4.099  4.025  4.143  4.004  4.205  4.220  4.234  4.143  4.290  4.248  4.317  4.263  4.174  4.241  4.111
3.871  3.867  3.912  3.791  3.976  3.850  3.829  4.007  3.989  4.103  3.932  3.892  4.205  4.043  4.111  4.078  3.892  3.928  3.932  4.111  4.277  3.970  3.829  3.951  3.761  3.829  3.850  3.689  3.818  3.829  3.761  3.951  3.918  3.989  3.867  4.078  3.892  3.829  4.007  3.733  3.892  3.892
4.277  4.060  4.094  4.277  4.220  4.190  4.025  4.060  4.007  4.007  4.022  4.069  4.159  4.111  4.190  3.985  3.951  4.094  4.060  4.094  4.205  4.231  4.078  4.040  3.989  3.892  4.043  3.932  3.807  3.892  3.970  4.078  4.108  4.078  4.111  4.007  4.060  4.025  3.829  3.951  3.892  4.043
5.063  4.970  5.074  5.049  5.064  5.024  4.860  5.066  5.017  5.159  4.992  5.080  5.088  5.024  5.132  4.996  5.011  5.043  5.061  5.220  5.037  4.984  4.963  4.997  4.866  4.787  4.868  4.752  4.812  4.920  4.956  4.938  4.927  4.984  5.056  4.942  4.804  5.024  4.898  4.934  4.828  5.011
5.429  5.451  5.416  5.411  5.485  5.434  5.371  5.352  5.445  5.649  5.398  5.468  5.652  5.476  5.484  5.403  5.434  5.425  5.422  5.527  5.507  5.505  5.402  5.460  5.342  5.298  5.384  5.227  5.292  5.323  5.447  5.273  5.342  5.440  5.525  5.525  5.438  5.481  5.366  5.342  5.305  5.416
3.714  3.684  3.664  3.807  3.638  3.611  3.611  3.784  3.738  3.664  3.664  3.784  3.871  3.892  3.850  3.584  3.738  3.611  3.807  4.043  3.829  3.784  3.738  3.829  3.714  3.664  3.738  3.664  3.466  3.689  3.750  3.689  3.738  3.714  3.784  3.689  3.632  3.761  3.638  3.555  3.434  3.689
3.658  3.689  3.733  3.714  3.738  3.584  3.520  3.738  3.714  3.784  3.466  3.689  3.951  3.824  3.892  3.689  3.824  3.738  3.829  3.871  3.807  3.871  3.761  3.664  3.632  3.689  3.611  3.584  3.459  3.611  3.658  3.611  3.829  3.846  3.850  3.689  3.550  3.795  3.611  3.526  3.434  3.664
