4.691  4.630  4.694  4.794  4.691  4.700  4.745  4.671  4.727  4.787  4.635  4.758  4.798  4.752  4.852  4.600  4.562  4.615  4.754  4.736  4.890  4.691  4.718  4.905  4.466  4.511  4.554  4.304  4.511  4.552  4.564  4.593  4.554  4.477  4.500  4.525  4.500  4.443  4.357  4.344  4.489  4.573
4.676  4.277  4.489  4.623  4.380  4.578  4.541  4.407  4.489  4.595  4.437  4.500  4.511  4.615  4.564  4.443  4.317  4.454  4.663  4.511  4.644  4.454  4.354  4.511  4.311  4.331  4.369  4.263  4.060  4.304  4.344  4.454  4.466  4.407  4.394  4.304  4.304  4.344  4.407  4.248  4.407  4.277
4.919  4.828  4.920  4.756  4.739  4.804  4.970  4.868  4.927  5.069  4.913  4.977  4.828  4.905  5.094  4.717  4.721  4.804  4.836  4.812  4.942  4.883  4.743  4.898  4.635  4.718  4.743  4.610  4.472  4.564  4.662  4.745  4.682  4.691  4.802  4.812  4.635  4.562  4.812  4.613  4.466  4.635
5.206  5.045  5.100  5.040  4.828  4.934  5.176  5.063  5.215  5.293  5.124  5.193  5.106  5.147  5.220  5.081  4.926  5.273  5.111  5.063  5.176  5.187  5.075  5.247  4.927  4.820  4.852  4.663  4.625  4.654  4.890  4.970  4.820  4.843  4.963  4.934  4.836  4.787  4.890  4.762  4.654  4.927
5.220  4.997  4.970  4.868  5.042  4.959  4.947  4.997  4.870  5.026  5.112  5.056  5.100  5.176  5.097  4.883  4.794  5.086  4.990  5.050  4.992  4.815  4.982  5.036  4.691  4.836  4.883  4.920  4.710  4.736  4.815  4.652  4.644  4.804  4.752  4.881  4.883  4.942  4.836  4.898  4.712  4.786
4.997  4.771  4.754  4.812  4.808  4.739  4.812  4.787  4.726  4.875  4.787  4.970  4.843  4.963  4.913  4.754  4.533  4.787  4.844  4.875  4.911  4.710  4.905  4.762  4.595  4.520  4.575  4.585  4.522  4.585  4.765  4.743  4.779  4.644  4.575  4.779  4.804  4.779  4.736  4.812  4.546  4.812
4.007  4.078  4.263  4.159  4.111  4.127  4.174  4.227  4.078  4.159  4.182  3.970  4.277  4.078  4.227  4.094  4.043  4.148  4.331  4.407  4.220  4.127  4.111  4.025  4.174  4.108  4.078  4.217  3.951  4.187  4.431  4.357  4.416  5.029  5.056  4.934  4.111  4.007  3.761  3.912  3.932  4.094
4.205  4.205  4.190  4.007  4.159  4.317  4.127  4.205  4.127  4.394  4.127  4.234  4.382  4.304  4.317  4.234  4.220  4.263  4.290  4.344  4.466  4.290  4.174  4.369  4.127  4.108  4.263  4.078  4.127  4.111  4.205  4.270  4.171  4.220  4.382  4.231  4.248  4.127  4.159  3.970  4.094  4.127
4.820  4.727  4.852  4.819  4.794  4.727  4.734  4.787  4.977  4.927  4.779  4.890  4.956  4.868  4.934  4.820  4.718  4.898  4.828  4.905  4.984  4.741  4.819  4.852  4.787  4.613  4.673  4.543  4.718  4.673  4.644  4.745  4.714  4.717  4.682  4.726  4.615  4.828  6.603  4.777  4.727  4.824
4.663  4.625  4.625  4.557  4.585  4.635  4.500  4.466  4.615  4.562  4.483  4.615  4.700  4.777  4.796  4.600  4.625  4.511  4.644  4.736  4.820  4.615  4.419  4.554  4.454  4.477  4.477  4.477  4.477  4.419  4.477  4.559  4.522  4.625  4.625  4.489  4.500  4.605  4.489  4.407  4.533  4.585
5.182  4.924  5.081  5.086  4.852  5.037  4.927  4.963  5.094  5.176  5.080  5.063  5.024  4.970  5.004  4.828  4.937  4.913  5.063  5.124  5.069  5.094  4.956  5.004  4.736  4.779  4.836  4.874  4.843  4.745  4.920  4.933  4.982  4.885  4.942  4.913  5.009  5.106  4.977  4.883  4.852  4.913
4.317  4.078  4.382  4.419  4.382  4.304  3.951  4.234  4.253  4.304  4.205  4.369  4.277  4.111  4.234  4.140  4.022  4.111  4.431  4.511  4.277  4.060  4.060  4.260  4.159  4.159  4.143  4.205  3.784  4.025  4.127  4.171  4.234  4.007  4.140  4.060  3.932  4.317  4.205  4.248  4.007  4.234
4.174  4.094  4.220  4.205  4.111  4.311  4.043  4.078  4.091  4.357  4.094  4.277  4.357  4.159  4.248  3.985  3.892  4.127  4.317  4.220  4.171  4.190  4.060  4.025  4.060  3.932  4.083  3.970  3.882  4.111  3.908  3.871  4.220  3.871  4.052  4.025  3.989  4.078  3.970  3.850  3.850  4.127
4.127  3.908  3.912  3.784  3.850  3.970  4.043  3.850  3.892  4.060  3.829  3.951  4.217  3.995  4.007  3.928  3.867  3.967  4.159  4.007  4.220  3.908  3.829  4.094  3.829  3.871  3.961  3.898  3.761  3.932  3.829  3.951  3.928  3.989  3.829  3.892  3.970  3.970  4.034  3.738  3.961  3.928
3.922  3.888  3.892  3.951  4.111  3.807  3.738  3.829  3.829  3.871  3.780  4.043  4.007  4.190  4.143  3.761  3.871  3.850  3.912  3.976  4.143  3.947  3.928  3.912  3.807  3.757  3.850  3.761  3.664  3.850  4.078  4.025  4.007  4.363  4.404  4.404  3.850  3.784  3.784  3.780  3.807  3.824
4.074  3.998  4.060  4.171  3.932  3.951  3.951  4.094  4.025  4.007  4.111  4.205  4.174  4.238  4.304  3.989  4.025  3.970  4.212  4.025  4.220  3.995  4.127  4.159  3.989  4.094  3.871  3.807  3.689  3.761  3.802  3.970  4.034  4.043  3.989  4.060  4.022  4.025  3.947  3.850  3.807  3.951
3.970  4.127  4.025  3.989  4.007  3.951  4.007  3.995  3.970  4.086  3.892  4.078  4.220  4.205  4.111  3.951  4.078  3.892  4.078  4.256  4.060  3.871  4.083  4.111  3.892  3.871  3.970  3.664  4.007  3.947  4.159  4.060  4.127  3.951  4.022  4.007  3.970  3.951  3.970  3.871  3.807  4.007
4.290  4.190  4.394  4.382  4.190  4.159  4.094  4.212  4.308  4.220  4.234  4.290  4.317  4.344  4.466  4.111  4.382  4.190  4.220  4.475  4.328  4.288  4.227  4.382  4.197  4.304  4.078  3.989  3.967  4.060  4.111  4.234  4.290  4.263  4.190  4.263  4.428  4.174  4.007  4.007  4.159  4.248
4.466  4.422  4.588  4.564  4.431  4.443  4.575  4.500  4.466  4.533  4.633  4.575  4.635  4.708  4.787  4.500  4.382  4.533  4.745  4.663  4.625  4.407  4.443  4.511  4.182  4.394  4.511  4.290  4.174  4.357  4.477  4.205  4.454  4.431  4.431  4.654  4.454  4.477  4.477  4.475  4.419  4.382
4.868  4.652  4.588  4.691  4.654  4.654  4.543  4.682  4.520  4.934  4.700  4.635  4.868  4.858  4.812  4.673  4.464  4.771  4.685  4.796  4.466  4.554  4.682  4.654  4.454  4.605  4.605  4.546  4.311  4.416  4.477  4.419  4.554  4.431  4.369  4.663  4.562  4.687  4.760  4.705  4.503  4.663
4.927  4.771  4.883  4.898  4.963  4.820  4.727  4.828  4.812  4.909  4.852  4.922  4.938  4.860  5.043  4.808  4.893  4.796  4.905  5.056  5.130  4.860  4.844  4.990  4.856  4.796  4.745  4.736  4.647  4.718  4.710  4.850  4.883  4.898  4.868  4.840  4.734  4.875  4.820  4.691  4.782  4.870
5.400  5.327  5.209  5.318  5.272  5.342  5.247  5.308  5.198  5.382  5.346  5.307  5.407  5.338  5.398  5.298  5.159  5.342  5.342  5.398  5.333  5.236  5.268  5.403  4.949  5.094  5.086  5.058  5.037  5.112  5.361  5.159  5.361  5.175  5.153  5.302  5.145  5.333  5.429  5.178  5.011  5.156
