5.576  5.252  5.209  5.136  5.204  5.226  5.198  5.193  5.311  5.568  5.241  5.328  5.313  5.158  5.371  5.234  5.193  5.396  5.273  5.200  5.136  5.247  5.069  5.158  5.136  4.987  5.030  5.030  4.963  5.109  4.920  5.004  5.172  5.056  5.100  5.130  5.100  5.130  5.182  5.030  5.068  5.209
6.446  6.395  6.322  5.903  5.980  6.057  6.057  5.934  6.042  6.159  6.078  6.050  6.120  5.940  6.108  6.087  5.948  5.908  6.028  5.908  6.045  6.104  6.038  6.155  5.849  5.835  5.903  5.894  5.759  5.864  5.793  5.889  5.875  5.935  6.023  5.953  6.077  5.899  5.949  5.979  5.976  6.054
3.784  3.689  3.989  3.829  3.738  3.807  3.689  3.850  3.850  3.892  3.611  3.829  4.025  3.791  4.078  3.829  3.850  4.094  4.078  3.989  4.135  3.932  3.892  3.989  3.773  3.664  3.951  3.784  3.780  3.888  3.738  3.951  3.892  3.784  3.850  3.850  3.664  3.824  3.738  3.714  3.807  3.829
3.970  3.951  4.159  4.007  3.784  3.807  3.951  3.850  4.025  4.060  3.802  4.007  4.078  3.989  4.043  3.989  3.989  3.947  4.094  4.043  4.263  3.961  3.689  4.111  3.932  3.892  3.912  3.912  3.780  3.871  3.829  3.892  4.124  3.932  3.912  3.912  4.007  3.892  3.989  3.951  4.007  3.784
3.584  3.689  3.733  3.802  3.555  3.611  3.584  3.664  3.824  3.497  3.664  3.750  3.871  3.961  3.807  3.850  3.611  3.664  3.689  3.989  3.912  3.638  3.526  3.611  3.584  3.584  3.689  3.689  3.619  3.578  3.807  3.605  3.611  3.584  3.555  3.611  3.550  3.664  3.466  3.689  3.497  3.555
3.578  3.584  3.651  3.829  3.689  3.638  3.664  3.658  3.761  3.611  3.555  3.714  3.738  3.761  3.761  3.638  3.584  3.761  3.709  3.989  3.761  3.714  3.638  3.664  3.714  3.497  3.434  3.578  3.434  3.520  3.497  3.490  3.676  3.401  3.638  3.584  3.526  3.481  3.611  3.526  3.497  3.555
3.689  3.658  3.714  3.584  3.638  3.738  3.664  3.738  3.761  3.824  3.434  3.738  3.932  3.908  3.846  3.689  3.555  3.957  3.951  3.871  3.912  3.714  3.850  3.824  3.664  3.738  3.584  3.689  3.689  3.689  3.689  3.738  3.780  3.658  3.555  3.611  3.664  3.684  3.784  3.584  3.689  3.664
3.733  3.466  3.466  3.526  3.714  3.401  3.526  3.526  3.738  3.829  3.466  3.784  3.932  3.757  3.689  3.497  3.555  3.802  3.850  3.807  3.784  3.597  3.664  3.888  3.584  3.526  3.555  3.584  3.434  3.632  3.555  3.584  3.632  3.490  3.466  3.512  3.497  3.466  3.401  3.466  3.555  3.619
5.754  5.371  5.429  5.561  5.591  5.652  5.418  5.496  5.517  5.606  5.541  5.645  5.485  5.468  5.642  5.361  5.416  5.575  5.746  5.497  5.712  5.525  5.468  5.442  5.268  5.236  5.247  5.464  5.226  5.203  5.438  5.373  5.540  5.361  5.375  5.472  5.422  5.434  5.416  5.359  5.489  5.236
5.241  5.056  5.159  5.037  5.165  5.050  5.081  5.106  5.100  5.242  5.159  5.193  5.263  5.085  5.278  5.027  4.942  5.049  5.187  5.069  5.142  5.011  5.032  5.094  4.883  4.926  4.852  4.990  4.890  4.875  4.949  4.890  5.099  4.927  5.004  4.970  5.011  4.961  5.106  4.898  5.004  4.883
4.990  4.852  4.875  4.852  4.958  4.942  4.771  4.965  4.949  4.980  4.860  5.061  4.907  4.942  4.984  4.977  4.671  4.927  5.036  5.001  4.875  4.771  4.828  4.804  4.700  4.703  4.804  4.769  4.500  4.736  4.691  4.654  4.887  4.779  4.583  4.779  4.745  4.890  4.905  4.762  4.779  4.734
4.404  4.290  4.443  4.277  4.382  4.357  4.220  4.357  4.344  4.341  4.143  4.416  4.174  4.428  4.443  4.248  4.143  4.454  4.477  4.522  4.481  4.331  4.205  4.263  4.234  4.143  4.234  4.263  4.127  4.205  4.127  4.344  4.234  4.220  4.361  4.317  4.190  4.241  4.344  4.187  4.407  4.256
4.894  4.808  4.860  4.927  4.762  4.883  4.673  4.866  4.663  5.021  4.844  4.920  4.963  4.828  4.949  4.727  4.762  4.927  4.924  4.890  4.898  4.736  4.718  4.794  4.796  4.654  4.727  4.836  4.564  4.796  4.700  4.718  4.762  4.726  4.779  4.564  4.536  4.812  4.727  4.786  4.691  4.812
6.067  5.781  5.909  5.958  5.958  6.016  5.830  6.043  5.878  6.138  6.107  6.035  6.069  5.945  6.057  5.705  5.643  5.930  5.916  5.961  5.948  5.844  5.849  5.854  5.673  5.832  5.765  5.832  5.513  5.649  5.903  5.591  5.858  5.839  5.749  5.802  5.828  5.823  5.926  5.918  5.835  5.873
5.190  5.011  5.175  5.273  5.145  5.187  5.056  5.118  5.088  5.142  5.127  5.214  5.165  5.130  5.334  5.196  4.963  5.050  5.263  5.215  5.247  5.214  5.118  5.204  5.043  4.927  4.934  4.949  4.913  4.844  5.004  5.069  5.145  5.086  5.037  4.963  5.124  5.158  5.112  5.165  5.043  5.091
4.644  4.522  4.782  4.615  4.585  4.691  4.718  4.644  4.644  4.745  4.654  4.745  4.710  4.583  4.836  4.520  4.625  4.466  4.673  4.654  4.871  4.673  4.608  4.783  4.615  4.511  4.477  4.419  4.382  4.541  4.691  4.573  4.552  4.603  4.671  4.520  4.477  4.600  4.382  4.304  4.511  4.543
4.783  4.736  4.812  4.811  4.608  4.831  4.593  4.676  4.771  4.875  4.714  4.691  4.927  4.940  4.905  4.682  4.564  4.736  4.883  4.860  4.844  4.828  4.727  4.890  4.605  4.644  4.700  4.691  4.431  4.673  4.615  4.673  4.635  4.585  4.690  4.673  4.522  4.635  4.779  4.525  4.700  4.682
5.297  5.136  5.181  5.303  5.192  5.176  5.050  5.219  5.257  5.313  5.328  5.170  5.252  5.230  5.415  5.142  5.176  5.206  5.298  5.298  5.330  5.170  5.187  5.220  5.081  5.075  5.159  5.132  4.942  5.003  5.159  5.069  5.158  5.063  5.235  5.124  5.088  5.313  5.220  5.017  5.136  5.130
4.890  4.796  4.977  4.956  5.019  4.904  4.804  4.968  4.885  4.970  4.949  4.898  5.021  4.920  5.039  4.754  4.777  4.958  4.920  5.182  5.106  4.769  4.808  4.875  4.864  4.802  4.710  4.605  4.654  4.779  4.812  4.942  4.965  5.006  4.963  4.913  4.898  4.890  4.727  4.820  4.949  4.963
5.080  4.942  4.933  4.984  5.024  5.056  4.965  4.836  5.106  5.170  5.042  5.093  5.024  5.152  5.112  4.956  4.868  4.997  5.118  5.133  5.206  5.072  5.049  5.063  4.931  5.007  5.040  4.852  4.819  5.017  4.977  5.094  4.996  4.945  5.121  5.011  5.004  5.053  4.852  4.913  4.940  4.868
