4.812  4.823  4.760  4.613  4.625  4.779  4.777  4.796  4.754  4.894  4.762  4.736  5.056  4.839  4.828  4.875  4.812  4.682  4.852  4.745  4.852  4.819  4.635  4.773  4.583  4.369  4.575  4.578  4.489  4.644  4.779  4.786  4.625  4.635  4.677  4.748  4.819  4.754  4.754  4.802  4.625  4.745
5.228  5.143  5.235  5.024  5.024  5.088  5.230  5.236  5.187  5.416  5.252  5.280  5.209  5.143  5.357  5.063  5.030  5.268  5.075  5.218  5.169  5.140  5.153  5.238  5.069  4.927  4.982  4.984  4.844  4.954  5.183  5.103  5.056  4.949  5.136  5.138  4.997  5.243  5.024  5.135  5.009  5.118
4.304  4.248  4.267  4.205  4.159  4.234  4.174  4.367  4.205  4.304  4.270  4.419  4.382  4.174  4.277  4.205  4.205  4.094  4.190  4.290  4.369  4.205  4.205  4.174  4.143  3.951  4.190  4.043  3.951  4.127  4.111  4.111  4.074  4.057  4.190  4.078  4.190  4.234  4.127  4.190  4.111  4.111
4.094  3.784  3.970  4.094  4.007  3.871  3.951  3.912  3.912  4.078  3.970  4.007  4.025  3.912  4.357  4.127  3.892  3.892  4.205  4.094  4.290  4.234  4.022  4.156  3.892  3.912  3.932  3.829  3.871  3.850  3.738  3.807  4.094  4.078  3.784  3.807  4.025  3.932  3.850  3.761  3.850  3.850
4.644  4.625  4.564  4.644  4.595  4.543  4.666  4.762  4.677  4.898  4.595  4.779  4.635  4.595  4.762  4.663  4.554  4.454  4.615  4.696  4.756  4.710  4.741  4.625  4.635  4.443  4.644  4.431  4.416  4.369  4.331  4.489  4.452  4.489  4.718  4.511  4.595  4.533  4.454  4.443  4.304  4.407
4.159  4.190  4.344  4.344  4.209  4.159  4.248  4.069  4.277  4.212  4.127  4.220  4.260  4.205  4.190  4.174  4.043  4.094  4.190  4.388  4.267  4.190  4.078  4.260  4.111  4.007  3.985  3.850  4.025  4.174  4.025  3.912  4.060  4.007  4.043  4.078  4.043  3.829  3.989  4.025  4.111  4.091
5.030  4.615  4.927  4.984  4.890  4.956  4.868  4.942  4.820  5.030  4.905  5.017  4.977  4.844  5.139  4.754  4.787  4.794  4.986  4.963  4.963  4.852  4.787  4.787  4.682  4.682  4.736  4.635  4.644  4.635  4.756  4.820  4.875  4.934  4.820  4.718  4.718  4.915  4.736  4.771  4.771  4.736
5.273  5.037  5.124  5.204  5.215  5.226  5.226  5.298  5.165  5.450  5.322  5.356  5.273  5.211  5.357  5.050  5.043  5.037  5.142  5.187  5.272  5.147  5.130  5.187  5.063  5.136  5.056  4.984  4.883  5.030  5.166  5.100  5.017  5.089  5.030  5.043  5.196  5.120  5.030  5.011  5.075  5.147
3.709  3.750  3.664  3.813  3.738  3.784  3.632  3.714  3.714  3.761  3.632  3.784  3.908  3.761  3.784  3.784  3.709  3.664  3.733  3.892  3.932  3.745  3.714  3.871  3.638  3.664  3.892  3.664  3.434  3.738  3.714  3.784  3.738  3.638  3.738  3.664  3.829  3.689  3.733  3.638  3.555  3.570
3.664  3.829  3.689  3.638  3.497  3.761  3.555  3.689  3.584  3.689  3.459  3.757  3.807  3.611  3.761  3.605  3.714  3.611  3.611  3.611  3.676  3.689  3.757  3.611  3.689  3.434  3.555  3.497  3.466  3.434  3.611  3.664  3.526  3.526  3.526  3.555  3.555  3.584  3.434  3.550  3.555  3.584
4.828  4.700  4.796  4.883  4.796  4.786  4.754  4.663  4.745  4.889  4.635  4.804  4.942  4.812  4.843  4.625  4.691  4.748  4.762  5.004  4.934  4.762  4.727  4.779  4.663  4.603  4.595  4.618  4.394  4.489  4.691  4.754  4.694  4.663  4.625  4.595  4.717  4.812  4.718  4.595  4.543  4.673
5.165  4.915  5.153  5.130  4.898  4.963  5.017  5.004  5.056  5.252  5.011  5.187  5.112  5.037  5.081  4.984  5.009  4.990  5.050  5.273  5.124  5.021  4.949  5.017  4.905  4.913  4.852  4.836  4.600  4.779  4.779  4.977  4.883  5.088  5.037  4.984  4.854  5.088  4.984  4.905  4.852  5.100
3.912  3.892  3.989  4.043  4.182  3.970  3.846  3.989  4.277  4.004  4.007  3.957  4.159  4.328  4.277  3.970  3.932  4.025  4.043  4.140  4.127  4.111  3.970  4.127  3.967  3.802  3.829  3.951  3.784  4.094  3.995  3.951  3.989  4.043  4.111  4.007  3.877  3.951  3.761  3.761  4.094  3.989
3.689  3.839  3.824  3.807  3.970  3.784  3.877  3.761  3.970  3.912  3.970  3.912  4.043  4.060  3.989  3.932  3.738  3.970  4.159  4.159  4.159  4.108  3.839  4.007  4.057  3.664  3.738  4.066  3.526  3.902  3.867  3.932  3.989  3.807  4.127  3.938  3.902  3.638  3.611  3.611  3.807  3.761
4.174  4.094  4.227  4.277  4.260  4.060  4.060  3.989  4.174  4.407  4.331  4.202  4.304  4.234  4.331  3.989  4.060  4.344  4.277  4.419  4.464  4.344  4.094  4.174  3.985  4.031  4.156  4.043  4.094  3.892  3.989  4.127  4.301  4.127  4.108  4.094  3.932  4.025  4.078  3.912  4.094  4.290
3.850  3.892  3.892  3.932  4.025  3.829  3.908  3.871  3.664  3.892  3.892  3.970  3.951  4.057  4.111  3.961  3.871  3.757  3.908  4.025  4.174  3.850  3.912  3.871  3.714  3.733  3.689  3.714  3.807  3.689  3.807  3.784  3.850  4.043  3.951  3.867  3.951  3.989  3.850  3.784  3.761  3.892
4.827  4.779  4.804  4.963  4.828  4.710  4.796  4.942  4.860  4.927  4.970  4.890  4.968  5.034  4.990  4.787  4.792  4.844  4.975  5.182  4.898  4.127  4.808  4.820  4.662  4.796  4.522  4.836  4.486  4.668  4.682  4.762  4.956  4.804  4.787  4.745  4.749  4.796  4.802  4.691  4.875  4.745
4.975  5.063  4.904  5.030  5.037  5.075  5.130  5.043  5.176  5.069  5.037  5.118  5.106  5.318  5.412  4.997  5.138  5.043  5.220  5.204  5.247  4.317  5.147  5.198  5.200  5.017  4.990  4.820  4.828  4.997  5.175  5.262  5.268  5.063  5.204  5.006  5.089  4.905  5.003  4.812  5.004  4.949
3.401  3.367  3.638  3.466  3.638  3.434  3.584  3.555  3.689  3.658  3.332  3.684  3.738  3.773  3.912  3.584  3.526  3.555  3.892  3.912  3.738  3.768  3.645  3.638  3.664  3.497  3.651  3.584  3.466  3.526  3.611  3.638  3.526  3.584  3.714  3.611  3.611  3.658  3.434  3.481  3.555  3.714
3.466  3.466  3.466  3.584  3.434  3.664  3.664  3.497  3.490  3.658  3.466  3.658  3.850  3.726  3.750  3.434  3.611  3.619  3.738  3.761  3.714  3.605  3.689  3.638  3.466  3.497  3.578  3.689  3.428  3.555  3.401  3.738  3.555  3.564  3.624  3.784  3.401  3.658  3.526  3.360  3.367  3.689
3.611  3.526  3.555  3.555  3.638  3.395  3.520  3.497  3.459  3.481  3.325  3.418  3.850  3.795  3.795  3.584  3.578  3.444  3.584  3.768  3.689  3.714  3.555  3.624  3.738  3.611  3.605  3.466  3.578  3.714  3.497  3.401  3.733  3.459  3.584  3.555  3.555  3.555  3.555  3.401  3.401  3.466
3.738  3.466  3.578  3.795  3.584  3.466  3.526  3.578  3.578  3.638  3.651  3.578  3.932  3.892  3.908  3.638  3.605  3.733  3.784  3.738  3.932  3.664  3.638  3.757  3.638  3.638  3.638  3.689  3.684  3.638  3.807  3.526  3.638  3.645  3.497  3.550  3.658  3.497  3.584  3.784  3.434  3.555
