4.127  4.234  4.159  4.143  4.248  4.143  4.205  4.025  4.231  4.234  4.304  4.248  4.248  4.205  4.217  4.220  3.912  4.127  4.277  4.234  4.317  4.234  4.074  4.284  4.086  4.025  3.850  4.078  3.888  4.159  4.078  4.127  4.078  4.277  4.205  4.350  4.040  4.043  4.290  4.060  4.111  4.164
4.317  4.094  4.016  4.022  3.951  4.025  4.078  4.043  4.190  4.094  3.989  4.220  4.290  4.094  4.217  4.091  3.807  4.025  4.205  4.143  4.174  4.174  4.060  4.190  3.951  3.912  3.970  3.912  3.989  4.091  4.190  4.007  4.043  4.127  4.111  4.164  4.116  4.143  4.004  3.951  3.780  4.111
3.908  3.638  3.738  3.401  3.632  3.664  3.638  3.761  3.689  3.738  3.638  3.784  3.951  3.780  3.892  3.526  3.555  3.807  3.611  3.928  3.784  3.611  3.689  3.638  3.761  3.664  3.550  3.555  3.395  3.611  3.757  3.584  3.434  3.526  3.611  3.638  3.807  3.638  3.584  3.638  3.555  3.611
3.395  3.434  3.296  3.367  3.520  3.401  3.466  3.555  3.738  3.555  3.418  3.526  3.526  3.689  3.829  3.664  3.367  3.434  3.584  3.664  3.689  3.466  3.466  3.578  3.466  3.434  3.550  3.497  3.332  3.332  3.555  3.584  3.550  3.401  3.466  3.570  3.367  3.258  3.846  3.296  3.296  3.466
5.088  4.902  4.787  4.787  4.890  4.883  4.898  4.828  4.828  5.159  5.056  5.011  5.106  5.034  5.111  4.827  4.754  4.929  4.904  4.883  5.003  4.762  4.942  5.001  4.718  4.682  4.779  4.811  4.700  4.585  4.883  4.779  4.673  4.890  4.860  4.812  4.913  4.828  4.771  4.820  4.615  4.699
4.466  4.354  4.344  4.477  4.483  4.263  4.392  4.509  4.369  4.673  4.489  4.554  4.635  4.475  4.625  4.511  4.317  4.489  4.500  4.431  4.696  4.428  4.443  4.449  4.111  4.205  4.363  4.174  4.220  4.290  4.419  4.431  4.369  4.458  4.263  4.301  4.220  4.274  4.382  4.419  4.241  4.321
4.727  4.680  4.595  4.625  4.649  4.575  4.554  4.533  4.527  4.836  4.787  4.595  4.777  4.700  4.736  4.449  4.431  4.500  4.682  4.541  4.710  4.796  4.644  4.779  4.369  4.575  4.431  4.522  4.431  4.304  4.590  4.486  4.554  4.500  4.489  4.564  4.454  4.585  4.500  4.460  4.369  4.425
4.040  4.078  3.951  4.025  3.970  4.078  4.007  3.871  4.007  4.043  4.127  4.052  4.078  3.985  4.025  4.007  3.689  3.839  4.060  4.025  4.148  4.108  3.951  3.989  3.871  3.829  3.850  3.807  3.807  3.714  3.967  3.888  4.069  3.807  3.892  3.912  3.761  3.947  3.970  3.932  3.892  3.980
4.057  3.861  3.912  4.078  3.932  3.908  3.932  3.967  4.091  4.197  4.007  4.263  3.951  4.174  4.108  3.951  4.007  3.970  3.989  4.143  4.174  4.094  3.951  3.951  4.127  3.951  4.007  3.932  3.829  3.871  3.892  4.127  4.007  3.967  4.040  3.951  3.932  3.912  4.086  3.912  3.970  3.989
3.401  3.428  3.428  3.332  3.401  3.434  3.428  3.497  3.332  3.466  3.360  3.401  3.367  3.541  3.497  3.367  3.490  3.401  3.434  3.497  3.689  3.466  3.367  3.401  3.401  3.332  3.434  3.401  3.332  3.367  3.401  3.526  3.459  3.401  3.434  3.401  3.401  3.296  3.401  3.401  3.401  3.466
3.980  3.829  3.888  3.892  4.025  3.892  3.850  3.951  3.818  3.989  3.733  3.951  4.220  4.111  4.290  3.850  3.951  3.892  4.007  4.007  4.025  4.025  3.932  3.951  3.761  3.664  3.932  3.871  3.738  3.738  3.807  3.829  3.892  3.989  3.892  4.007  4.111  3.912  3.951  4.060  3.912  3.932
4.205  3.970  4.111  4.277  4.060  3.970  4.025  4.094  3.912  4.078  3.989  4.205  4.290  4.248  4.440  4.212  4.174  4.034  4.190  4.443  4.357  4.127  3.932  4.111  3.970  3.807  4.022  4.174  3.871  4.022  4.263  4.127  4.311  3.951  4.111  4.094  3.970  4.111  4.156  4.156  4.111  4.108
4.840  4.654  4.804  4.820  4.477  4.762  4.671  4.682  4.762  4.860  4.754  4.804  4.958  4.836  4.771  4.682  4.718  4.654  4.970  4.916  4.796  4.644  4.662  4.804  4.812  4.727  4.710  4.552  4.477  4.654  4.625  4.605  4.816  4.691  4.644  4.710  4.605  4.635  4.644  4.615  4.654  4.828
4.281  4.394  4.220  4.357  4.043  4.094  4.234  4.248  4.394  4.234  4.248  4.331  4.363  4.317  4.369  4.304  4.357  4.111  4.533  4.536  4.344  4.159  4.174  4.290  4.304  4.454  4.159  4.007  4.111  4.304  4.108  4.331  4.277  4.404  4.277  4.220  4.174  4.205  4.143  3.871  4.290  4.274
6.103  5.971  6.036  6.122  6.144  6.087  5.938  5.979  5.843  6.189  6.131  6.118  6.160  6.105  6.240  6.004  5.881  5.886  6.082  6.061  5.984  5.999  5.990  5.969  5.866  5.781  5.875  5.775  5.684  5.627  5.826  5.883  6.004  5.945  6.011  6.021  5.964  6.071  6.100  5.996  5.802  5.876
4.896  4.898  4.727  4.997  4.893  4.804  5.085  4.963  4.836  5.260  5.307  5.288  5.050  4.836  5.021  4.700  4.635  4.623  4.783  4.920  4.885  4.934  4.831  4.905  4.615  4.554  4.673  4.498  4.615  4.564  4.585  4.881  4.745  4.762  4.852  4.718  4.775  4.844  4.913  4.635  4.663  4.644
5.371  5.011  5.198  5.230  5.204  5.272  5.242  5.328  5.333  5.318  5.215  5.464  5.645  5.209  5.513  5.182  5.361  5.268  5.342  5.472  5.283  5.212  5.043  5.226  5.204  5.324  5.050  5.043  5.056  5.136  5.209  5.173  5.318  5.287  5.323  5.231  5.198  5.268  5.233  5.182  5.147  5.303
5.680  5.491  5.450  5.523  5.601  5.583  5.617  5.609  5.624  5.694  5.628  5.613  5.737  5.670  5.642  5.521  5.613  5.598  5.677  5.765  5.727  5.605  5.529  5.638  5.519  5.673  5.457  5.247  5.380  5.451  5.483  5.501  5.545  5.595  5.620  5.553  5.598  5.568  5.541  5.620  5.517  5.565
4.663  4.554  4.635  4.500  4.714  4.771  4.419  4.511  4.615  4.762  4.682  4.804  4.762  4.644  4.812  4.466  4.585  4.756  4.812  4.762  4.682  4.700  4.635  4.703  4.472  4.543  4.466  4.595  4.440  4.452  4.431  4.585  4.677  4.699  4.454  4.615  4.700  4.585  4.600  4.603  4.382  4.530
4.850  4.727  4.762  4.644  4.883  4.920  4.796  4.710  4.796  5.030  4.890  4.913  5.094  5.004  5.017  4.949  4.852  4.990  4.920  4.844  5.006  4.762  4.868  4.844  4.500  4.828  4.840  4.942  4.559  4.796  4.779  4.605  4.691  4.782  4.680  4.956  4.934  4.820  4.700  4.736  4.635  4.615
5.340  5.193  5.181  5.251  5.318  5.328  5.236  5.170  5.273  5.357  5.328  5.371  5.398  5.223  5.293  5.198  5.176  5.308  5.342  5.361  5.361  5.269  5.301  5.333  5.142  5.100  5.182  5.247  4.990  5.169  5.209  5.306  5.308  5.118  5.273  5.262  5.165  5.442  5.280  5.278  5.193  5.235
5.575  5.407  5.451  5.472  5.398  5.384  5.406  5.270  5.444  5.509  5.595  5.568  5.555  5.609  5.649  5.455  5.341  5.511  5.602  5.550  5.661  5.525  5.554  5.656  5.320  5.311  5.313  5.315  5.159  5.193  5.460  5.442  5.366  5.402  5.580  5.485  5.327  5.407  5.497  5.442  5.280  5.379
