5.762  5.337  5.591  5.568  5.638  5.751  5.645  5.765  5.852  5.774  5.609  5.877  5.756  5.677  5.717  5.513  5.257  5.642  5.864  5.493  5.648  5.489  5.638  5.283  5.746  5.652  5.521  5.545  5.165  5.485  5.384  5.290  5.529  5.638  5.529  5.509  5.449  5.497  5.461  5.609  5.576  5.773
4.804  4.745  4.654  4.454  4.771  4.745  4.956  4.804  4.984  4.954  5.017  4.949  4.949  4.942  5.004  4.771  4.691  4.804  4.956  4.779  4.965  4.836  4.875  4.762  4.956  4.860  4.777  4.443  4.369  4.754  4.663  4.458  4.543  4.890  4.786  4.828  4.668  4.489  4.509  4.649  4.605  4.690
5.938  5.666  5.861  5.678  5.956  5.994  5.759  5.878  5.930  6.082  5.935  5.994  6.028  5.889  5.989  5.781  5.380  5.881  6.000  5.838  5.710  5.631  5.680  5.669  5.852  5.903  5.808  5.845  5.576  5.690  5.724  5.620  5.808  5.859  5.754  5.434  5.659  5.784  5.743  5.906  5.666  6.001
4.613  4.500  4.382  4.260  4.625  4.605  4.644  4.564  4.779  4.691  4.663  4.823  4.828  4.608  4.796  4.682  4.127  4.575  4.823  4.554  4.732  4.533  4.543  4.625  4.575  4.590  4.552  4.443  4.460  4.500  4.331  4.466  4.290  4.494  4.511  4.331  4.466  4.419  4.394  4.392  4.440  4.511
5.187  4.984  5.209  4.920  5.273  5.313  5.206  5.211  5.407  5.420  5.342  5.437  5.338  5.283  5.288  5.288  4.934  5.252  5.293  5.100  5.165  5.136  5.198  5.176  4.949  5.030  5.130  5.071  4.977  5.026  5.118  4.762  4.927  5.112  5.075  5.170  5.139  5.103  4.966  5.193  4.771  5.088
3.932  3.912  3.850  3.932  4.069  3.932  3.989  4.040  3.985  4.103  3.829  4.060  4.043  4.135  4.143  4.022  3.871  3.829  4.127  3.998  4.074  4.007  3.951  4.094  3.892  3.908  4.025  3.867  3.850  3.932  3.871  3.829  3.761  3.871  3.970  3.912  3.970  3.970  3.807  3.689  3.664  3.738
5.313  4.927  5.333  5.170  5.403  5.380  5.030  5.226  5.328  5.580  5.335  5.572  5.492  5.176  5.384  5.196  4.754  5.268  5.380  5.165  5.185  4.982  4.956  4.913  4.922  5.024  5.058  5.118  4.615  4.905  5.024  4.745  5.063  5.100  5.130  5.094  5.056  5.242  5.037  5.024  4.934  5.153
4.060  4.025  4.025  4.078  4.025  3.928  4.007  4.078  4.124  4.148  4.078  4.284  4.348  4.205  4.124  3.908  4.007  3.951  4.217  4.127  4.248  4.007  3.932  4.025  3.902  4.043  3.970  3.738  3.791  3.714  4.143  3.784  3.947  3.892  3.985  4.043  4.007  3.761  3.932  3.824  3.989  4.094
4.779  4.748  4.605  4.317  4.727  4.700  4.644  4.623  4.696  4.603  4.723  4.700  4.860  4.904  4.905  4.595  4.404  4.718  4.836  4.538  4.635  4.673  4.718  4.564  4.492  4.527  4.625  4.786  4.382  4.605  4.644  4.489  4.337  4.585  4.511  4.625  4.644  4.745  4.654  4.703  4.382  4.573
4.304  4.205  4.419  4.304  4.562  4.284  4.248  4.431  4.231  4.382  4.277  4.248  4.654  4.700  4.475  4.241  4.174  4.407  4.382  4.509  4.317  4.060  4.361  4.440  4.205  3.970  4.277  4.234  4.043  4.159  4.413  4.190  4.190  4.111  4.331  4.025  4.220  4.382  4.248  4.267  4.119  4.060
5.347  5.263  5.323  5.366  5.316  5.493  5.347  5.347  5.323  5.455  5.416  5.328  5.394  5.387  5.437  5.288  5.136  5.281  5.389  5.403  5.324  5.272  5.246  5.235  5.365  5.257  5.186  5.361  5.029  5.236  5.242  5.088  5.150  5.292  5.246  5.263  5.273  5.313  5.292  5.298  5.115  5.308
4.796  4.682  4.625  4.787  4.700  4.700  4.682  4.754  4.690  4.749  4.691  4.831  4.654  4.654  4.885  4.554  4.564  4.595  4.739  4.779  4.844  4.644  4.662  4.700  4.595  4.489  4.543  4.382  4.454  4.369  4.466  4.647  4.522  4.522  4.585  4.613  4.419  4.694  4.654  4.562  4.527  4.649
4.419  4.311  4.344  4.416  4.394  4.500  4.248  4.317  4.443  4.431  4.357  4.454  4.543  4.489  4.554  4.290  4.270  4.431  4.500  4.454  4.394  4.274  4.331  4.331  4.422  4.369  4.344  4.466  4.220  4.197  4.159  4.382  4.369  4.357  4.443  4.443  4.317  4.220  4.407  4.367  4.202  4.431
4.231  4.143  4.234  4.234  4.317  4.248  4.078  4.174  4.489  4.205  4.220  4.443  4.357  4.413  4.331  4.066  4.143  4.263  4.404  4.290  4.419  4.344  4.248  4.331  4.241  4.159  4.171  4.127  3.932  4.174  4.094  4.234  4.234  4.317  4.263  4.290  4.304  4.205  4.159  4.043  4.159  4.111
5.293  4.999  5.236  5.204  5.288  5.204  5.063  5.270  5.187  5.268  5.088  5.341  5.414  5.209  5.298  4.927  5.004  5.225  5.147  5.204  5.112  5.159  4.952  4.994  5.204  5.053  5.056  4.977  4.956  4.769  4.913  4.913  5.187  5.100  5.198  5.142  5.112  5.136  5.024  5.091  5.112  5.230
4.179  4.127  4.174  4.174  4.190  4.308  4.220  4.331  4.094  4.317  4.143  4.290  4.431  4.369  4.288  4.143  4.143  4.190  4.263  4.290  4.263  4.143  4.179  4.179  4.205  4.231  4.043  4.143  4.094  4.078  3.970  4.124  4.288  4.127  4.187  4.111  4.111  4.248  4.263  4.174  4.007  4.220
5.300  5.198  5.093  5.247  5.142  5.247  5.196  5.198  5.270  5.262  5.182  5.373  5.421  5.204  5.318  5.231  5.088  5.380  5.375  5.298  5.338  5.187  5.075  5.236  5.236  5.247  5.169  5.105  5.081  5.118  5.170  5.094  5.165  5.283  5.225  5.242  5.106  5.118  5.242  5.165  5.094  5.170
4.827  4.828  4.852  4.868  4.885  4.898  4.741  4.820  4.990  4.952  4.811  5.064  5.106  4.875  5.072  4.911  4.804  4.963  5.074  4.920  5.161  4.997  4.949  4.875  4.871  4.820  4.831  4.710  4.736  4.743  4.952  4.844  5.004  5.011  4.907  4.949  4.890  4.844  4.896  4.927  4.934  4.942
5.219  4.984  5.043  5.066  5.347  5.176  5.075  5.246  5.112  5.264  5.124  5.236  5.308  5.302  5.371  5.118  5.100  5.318  5.198  5.147  5.170  5.063  5.069  5.130  5.043  5.231  5.088  5.094  5.081  5.112  5.109  5.055  5.112  5.142  5.228  5.153  5.136  5.241  5.147  5.173  4.883  5.124
5.292  4.927  5.081  5.080  5.179  5.179  4.949  5.208  5.118  5.193  5.256  5.198  5.303  5.132  5.268  5.088  5.024  5.288  5.081  5.273  5.030  4.977  5.030  5.021  4.860  4.934  5.017  5.011  4.836  4.977  5.069  4.973  5.100  5.037  5.056  5.147  4.984  5.236  5.153  5.195  4.977  5.043
6.166  5.903  6.025  6.077  6.203  6.232  5.927  6.136  6.170  6.124  6.182  6.160  6.107  6.109  6.111  5.993  5.784  6.215  6.180  6.122  6.057  5.916  6.026  5.986  6.083  6.084  5.976  6.131  5.740  5.872  5.964  5.802  6.068  6.011  6.006  5.945  5.991  6.121  5.991  6.082  6.035  5.916
4.854  4.990  4.894  4.868  5.026  5.024  4.905  4.816  4.984  4.996  4.972  5.093  5.117  4.919  4.968  4.804  4.922  4.848  5.068  4.975  4.920  4.852  4.896  4.883  4.870  4.989  4.811  4.877  4.644  4.811  4.745  4.777  4.909  5.066  4.811  4.924  4.796  4.970  4.771  4.819  4.924  4.911
