5.670  5.505  5.802  5.762  5.710  5.829  5.693  5.760  5.820  6.036  5.756  5.828  5.763  5.537  5.710  5.677  5.476  5.649  5.746  5.659  5.557  5.649  5.525  5.566  5.416  5.497  5.500  5.414  5.339  5.513  5.606  5.338  5.799  5.539  5.645  5.614  5.624  5.700  5.670  5.509  5.529  5.656
6.312  6.318  6.501  6.538  6.444  6.628  6.519  6.597  6.659  6.825  6.657  6.781  6.541  6.382  6.579  6.405  6.371  6.444  6.578  6.526  6.537  6.534  6.413  6.460  6.423  6.426  6.381  6.349  6.155  6.360  6.402  6.340  6.579  6.555  6.606  6.537  6.526  6.540  6.498  6.399  6.397  6.494
4.111  4.007  4.174  4.111  4.127  4.127  4.025  4.234  4.143  4.416  4.174  4.205  4.143  4.290  4.234  4.171  3.970  4.248  4.331  4.140  4.317  4.246  4.234  4.315  4.060  4.220  4.182  3.932  3.970  4.043  4.124  4.043  4.111  3.989  4.057  4.069  4.078  4.116  4.127  3.947  4.057  4.116
4.407  4.369  4.277  4.392  4.466  4.369  4.248  4.277  4.357  4.505  4.369  4.344  4.489  4.520  4.394  4.331  4.190  4.454  4.304  4.477  4.590  4.533  4.454  4.335  4.205  4.174  4.288  4.205  4.108  4.127  4.331  4.159  4.263  4.407  4.231  4.248  4.248  4.194  4.380  4.267  4.174  4.344
4.111  4.205  4.004  3.951  3.829  4.159  4.060  4.111  4.111  4.066  4.159  4.103  4.317  4.094  4.248  4.143  4.111  4.190  4.234  4.220  4.217  3.970  4.094  4.202  3.912  3.912  3.989  3.951  3.829  4.060  3.967  4.022  3.970  3.932  4.057  4.127  4.108  4.022  3.829  4.060  3.829  3.912
4.277  4.263  3.970  3.989  4.094  4.159  4.069  3.970  4.350  4.270  4.094  4.281  4.156  4.234  4.317  4.127  3.912  4.159  4.043  4.263  4.304  4.111  4.143  4.220  3.807  4.007  3.932  3.970  4.043  4.007  4.086  3.951  3.912  4.007  3.912  4.078  4.078  3.928  3.802  3.932  3.892  4.127
3.989  3.761  3.761  3.888  3.638  3.829  3.784  3.829  3.892  4.043  3.714  3.951  3.970  3.985  3.932  3.761  3.689  3.850  3.918  3.850  3.871  3.689  3.784  3.738  3.638  3.584  3.701  3.709  3.555  3.807  3.738  3.721  3.850  3.818  3.857  3.850  3.611  3.611  3.526  3.401  3.526  3.689
3.970  3.829  3.745  3.638  3.709  3.829  3.871  3.871  3.784  4.078  3.738  3.850  3.922  3.850  4.007  3.970  3.689  3.689  3.967  3.850  4.007  3.976  3.882  3.989  3.611  3.784  3.813  3.658  3.459  3.761  3.757  3.780  3.738  3.611  3.807  3.784  3.871  3.664  3.689  3.664  3.584  3.714
3.761  3.780  3.871  3.738  3.871  3.784  3.829  3.773  4.022  3.892  3.761  3.898  3.912  3.892  4.060  3.784  3.664  3.892  3.888  3.932  4.060  3.807  3.761  3.932  3.761  3.584  3.829  3.684  3.584  3.714  3.892  3.738  3.738  3.835  3.802  3.784  3.807  3.671  4.317  3.611  3.638  3.714
3.526  3.564  3.466  3.497  3.526  3.638  3.497  3.584  3.526  3.555  3.332  3.555  3.611  3.638  3.684  3.638  3.584  3.497  3.526  3.829  3.824  3.434  3.526  3.714  3.526  3.466  3.555  3.584  3.434  3.584  3.584  3.611  3.611  3.466  3.564  3.611  3.555  3.526  3.584  3.578  3.584  3.497
6.125  5.826  5.967  6.100  6.109  6.119  6.061  6.043  6.061  6.125  6.091  6.105  6.120  5.908  6.096  5.823  5.971  5.846  6.075  6.016  6.071  5.919  5.790  5.849  5.916  5.881  5.800  5.814  5.645  5.705  5.817  5.872  5.943  5.953  6.089  5.900  5.930  6.028  5.897  5.916  5.940  5.961
6.467  6.182  6.344  6.308  6.281  6.373  6.254  6.380  6.311  6.515  6.423  6.378  6.318  6.260  6.402  6.178  6.084  6.261  6.337  6.252  6.410  6.261  6.157  6.286  6.114  6.192  6.125  6.221  5.989  6.155  6.161  6.129  6.143  6.211  6.240  6.211  6.239  6.286  6.267  6.174  6.133  6.203
5.024  5.165  4.942  4.989  5.034  5.109  5.050  5.069  4.958  4.920  4.652  4.934  5.252  5.262  5.246  5.004  5.004  5.118  4.980  5.088  5.268  5.081  5.111  5.242  4.812  4.883  4.934  4.919  4.758  4.779  5.050  5.004  4.871  4.949  4.963  4.898  5.056  5.024  5.147  4.927  4.808  4.963
5.425  5.263  5.328  5.288  5.318  5.327  5.347  5.273  5.204  5.252  4.890  5.303  5.501  5.407  5.457  5.197  5.242  5.226  5.236  5.257  5.365  5.323  5.291  5.323  5.056  5.016  5.178  5.111  5.068  5.106  5.241  5.136  5.170  5.088  5.215  5.220  5.285  5.247  5.063  5.313  5.145  5.226
6.284  5.970  6.122  6.276  6.078  6.121  6.059  6.129  6.064  6.248  6.238  6.125  6.257  6.035  6.235  5.989  6.094  6.043  6.192  6.254  6.234  6.153  6.057  6.125  6.035  5.971  5.932  5.892  5.846  5.697  5.978  6.112  6.127  6.091  6.082  6.103  6.006  6.131  6.081  5.974  5.957  5.956
6.408  6.303  6.375  6.526  6.328  6.344  6.386  6.341  6.261  6.488  6.408  6.425  6.526  6.273  6.503  6.229  6.454  6.190  6.455  6.443  6.455  6.427  6.255  6.433  6.254  6.207  6.198  6.063  6.098  6.127  6.259  6.384  6.397  6.328  6.380  6.365  6.336  6.339  6.314  6.247  6.311  6.290
4.440  4.260  4.486  4.202  4.344  4.205  4.419  4.290  4.443  4.605  4.454  4.382  4.317  4.380  4.357  4.407  4.304  4.248  4.407  4.503  4.431  4.304  4.337  4.514  4.317  4.317  4.344  4.367  4.234  4.344  4.190  4.274  4.348  4.308  4.317  4.317  4.419  4.454  4.419  4.270  4.190  4.248
4.174  4.025  4.143  4.234  4.022  3.951  3.784  4.127  4.025  4.143  4.159  4.190  4.331  4.344  4.419  4.171  4.220  3.912  4.477  4.466  4.533  4.868  4.762  4.854  5.357  5.455  5.187  5.117  5.628  5.568  4.315  4.007  4.127  4.363  4.174  4.454  4.533  4.489  4.369  4.016  3.888  4.078
5.069  4.758  4.883  4.963  4.920  4.852  4.727  4.920  4.773  5.017  4.922  4.927  4.905  4.820  4.972  4.700  4.727  4.762  4.823  4.905  4.883  4.828  4.889  4.922  4.644  4.605  4.802  4.804  4.533  4.575  4.779  4.682  4.804  4.894  4.990  4.920  4.787  4.956  4.769  4.808  4.710  4.762
4.832  4.628  4.663  4.787  4.718  4.595  4.844  4.779  4.741  4.836  4.854  4.745  4.875  4.605  4.847  4.554  4.633  4.734  4.783  4.820  4.885  4.710  4.718  4.762  4.500  4.564  4.575  4.575  4.522  4.575  4.543  4.642  4.652  4.628  4.710  4.796  4.407  4.787  4.749  4.585  4.514  4.754
4.007  3.761  3.970  3.829  3.989  3.761  3.871  3.871  3.888  3.967  3.738  3.908  4.124  3.951  3.989  3.813  3.807  3.989  4.043  4.248  4.031  3.829  3.970  3.908  3.709  3.738  3.784  3.738  3.638  3.871  3.738  3.951  3.932  3.970  3.829  3.871  3.761  3.738  3.989  3.584  3.714  3.892
4.022  3.807  3.912  4.025  3.807  3.850  3.850  3.871  3.738  3.951  3.738  3.892  4.078  3.912  4.277  3.829  3.928  3.951  4.094  3.947  3.985  4.078  3.970  3.818  3.784  3.784  3.761  3.714  3.689  3.761  3.871  3.932  3.892  3.807  4.025  3.738  3.738  3.871  3.912  3.850  3.784  3.807
