3.401  3.219  3.332  3.325  3.395  3.325  3.428  3.466  3.401  3.296  3.258  3.401  3.578  3.584  3.526  3.258  3.296  3.459  3.459  3.526  3.466  3.497  3.296  3.526  3.178  3.367  3.367  3.466  3.296  3.434  3.178  3.378  3.288  3.332  3.332  3.332  3.332  3.258  3.127  3.332  3.219  3.258
3.219  3.219  3.418  3.258  3.360  3.395  3.296  3.258  3.444  3.434  3.258  3.258  3.520  3.466  3.418  3.367  3.401  3.332  3.434  3.526  3.434  3.367  3.332  3.360  3.219  3.401  3.401  3.219  3.258  3.395  3.258  3.332  3.288  3.296  3.332  3.325  3.360  3.219  3.258  3.178  3.296  3.325
4.357  4.159  4.241  4.078  4.124  4.205  4.202  4.205  4.270  4.212  4.205  4.143  4.220  4.205  4.331  4.205  4.078  4.270  4.190  4.376  4.317  4.220  4.159  4.290  4.111  4.074  3.998  3.989  3.970  4.043  3.970  4.066  4.171  4.205  4.135  3.912  4.205  3.871  4.007  4.025  4.190  3.932
4.127  3.807  3.892  3.970  3.829  3.942  3.850  4.025  3.912  3.970  3.877  4.004  4.025  4.078  4.156  3.932  3.839  3.957  4.025  4.220  3.970  4.025  3.912  3.871  3.871  3.850  3.829  3.951  3.738  3.932  3.761  3.951  3.967  3.970  3.829  3.861  3.918  3.932  3.689  3.780  3.807  3.912
5.069  4.990  4.984  4.966  4.987  4.905  4.994  4.860  4.915  5.187  4.942  5.220  4.977  5.024  5.056  4.890  4.889  5.017  5.130  4.996  5.037  4.913  4.970  4.987  4.787  4.736  4.700  4.779  4.718  4.952  5.075  4.743  4.875  4.868  4.920  4.890  4.920  4.787  4.852  4.745  4.852  4.913
4.500  4.483  4.628  4.425  4.464  4.530  4.431  4.466  4.564  4.454  4.464  4.605  4.573  4.443  4.564  4.466  4.382  4.533  4.625  4.573  4.700  4.522  4.498  4.663  4.522  4.369  4.317  4.407  4.369  4.443  4.394  4.317  4.394  4.520  4.369  4.522  4.492  4.357  4.369  4.344  4.246  4.331
6.196  5.894  6.103  6.219  6.153  6.075  6.310  6.303  6.277  6.207  6.026  6.170  6.133  5.976  6.063  5.905  6.047  5.980  6.148  6.178  6.109  5.989  5.883  5.862  5.958  5.989  5.802  5.806  5.650  5.790  5.841  5.951  6.025  6.002  5.986  5.887  5.900  6.011  5.905  5.908  5.974  5.945
5.707  5.645  5.649  5.992  5.781  5.808  6.267  6.078  6.194  5.670  5.505  5.657  5.565  5.497  5.635  5.384  5.635  5.222  5.762  5.714  5.749  5.733  5.380  5.434  5.727  5.759  5.344  5.189  5.361  5.394  5.472  5.666  5.636  5.727  5.778  5.446  5.523  5.476  5.460  5.276  5.609  5.598
3.932  4.078  4.007  3.980  3.784  3.684  3.839  4.016  4.127  3.970  3.850  4.078  4.025  3.970  4.220  3.802  3.928  3.807  4.007  4.174  3.989  3.951  3.928  3.908  4.099  3.912  3.871  3.784  3.998  3.850  3.784  3.871  4.025  3.892  3.761  3.892  3.871  4.025  3.970  3.970  3.970  3.970
4.394  4.174  4.111  4.344  4.159  4.304  4.324  4.135  4.220  4.288  4.197  4.290  4.304  4.246  4.394  4.248  4.094  4.159  4.241  4.511  4.477  4.290  4.263  4.159  4.388  4.321  4.205  4.078  3.970  4.094  4.328  4.190  4.431  4.217  4.205  4.174  4.159  4.111  4.382  4.043  4.116  4.190
3.466  3.555  3.584  3.497  3.664  3.434  3.761  3.714  3.689  3.555  3.535  3.597  3.780  3.892  3.807  3.497  3.738  3.555  3.714  3.829  3.684  3.689  3.555  3.689  3.611  3.497  3.584  3.526  3.520  3.526  3.497  3.570  3.526  3.497  3.714  3.555  3.584  3.526  3.497  3.466  3.367  3.466
3.784  3.611  3.638  3.784  3.638  3.497  3.584  3.555  3.664  3.689  3.434  3.555  3.850  3.784  3.784  3.611  3.611  3.466  3.638  3.829  3.714  3.701  3.689  3.689  3.555  3.555  3.709  3.555  3.434  3.578  3.611  3.651  3.506  3.689  3.664  3.638  3.555  3.689  3.497  3.611  3.520  3.520
4.927  4.934  5.081  4.736  4.958  4.893  4.745  4.787  5.004  5.043  4.802  4.856  4.970  4.907  5.081  4.625  4.927  4.832  5.246  4.927  4.718  4.894  4.732  4.942  4.883  4.779  4.852  4.787  4.866  4.952  4.682  4.691  5.050  4.762  4.977  4.804  4.644  4.644  4.820  4.762  4.762  4.691
5.730  5.638  5.754  5.707  5.638  5.799  5.687  5.642  5.826  5.910  5.791  5.796  5.864  5.716  5.858  5.638  5.771  5.679  5.829  5.974  5.733  5.793  5.714  5.823  5.673  5.883  5.768  5.808  5.827  5.781  5.565  5.771  5.762  5.652  5.940  5.727  5.602  5.700  5.572  5.733  5.537  5.656
4.610  4.344  4.652  4.477  4.443  4.522  4.431  4.419  4.554  4.533  4.386  4.500  4.575  4.431  4.590  4.505  4.354  4.492  4.666  4.595  4.605  4.533  4.394  4.676  4.595  4.348  4.407  4.416  4.380  4.489  4.443  4.382  4.585  4.422  4.380  4.466  4.263  4.220  4.263  4.440  4.369  4.382
4.557  4.489  4.635  4.533  4.489  4.466  4.489  4.500  4.511  4.644  4.654  4.543  4.673  4.500  4.844  4.394  4.489  4.605  4.771  4.798  4.694  4.615  4.511  4.754  4.452  4.452  4.382  4.443  4.344  4.407  4.511  4.489  4.562  4.477  4.590  4.543  4.454  4.369  4.500  4.595  4.454  4.454
3.892  3.761  3.807  3.839  3.784  3.829  3.784  3.738  3.951  3.738  3.761  4.094  3.980  3.951  3.951  3.761  3.807  3.757  4.094  4.078  3.912  3.951  3.784  3.912  3.738  3.850  3.757  3.829  3.780  3.784  3.850  3.928  3.932  3.932  3.818  3.829  3.689  3.829  3.611  3.611  3.761  3.773
4.025  3.951  4.060  4.248  4.159  4.159  3.961  4.057  4.057  4.159  4.007  4.246  4.317  4.205  4.220  3.985  4.234  3.932  4.220  4.202  4.277  3.871  4.031  4.174  4.094  4.094  3.985  3.932  3.738  3.784  3.970  3.951  4.127  4.174  4.174  3.989  3.892  4.004  3.829  3.951  4.171  4.078
3.892  3.664  4.111  4.094  3.871  3.807  3.888  3.888  3.850  3.951  3.989  3.784  4.143  4.060  4.143  3.784  4.057  3.714  4.048  4.111  4.078  4.004  3.912  4.043  3.829  3.784  3.807  3.784  3.784  3.784  3.714  3.912  3.871  3.824  3.932  3.932  3.947  3.807  3.839  3.850  3.892  3.738
3.367  3.555  3.555  3.611  3.611  3.714  3.497  3.526  3.664  3.466  3.367  3.611  3.664  3.664  3.829  3.466  3.829  3.555  3.780  3.784  3.829  3.658  3.555  3.689  3.520  3.664  3.689  3.434  3.434  3.434  3.638  3.761  3.676  3.738  3.526  3.638  3.584  3.584  3.584  3.664  3.584  3.584
3.584  3.555  3.738  3.611  3.780  3.664  3.497  3.807  3.684  3.714  3.526  3.611  3.807  3.689  3.807  3.497  3.611  3.664  3.824  3.784  3.892  3.689  3.497  3.584  3.555  3.367  3.526  3.555  3.466  3.584  3.434  3.738  3.638  3.555  3.555  3.761  3.645  3.526  3.555  3.526  3.611  3.526
3.497  3.632  3.689  3.651  3.526  3.395  3.466  3.434  3.555  3.638  3.638  3.497  3.664  3.807  3.714  3.689  3.564  3.611  3.696  3.829  3.684  3.738  3.689  3.684  3.584  3.555  3.689  3.434  3.497  3.555  3.632  3.555  3.738  3.611  3.684  3.664  3.638  3.578  3.526  3.584  3.497  3.584
