6.043  5.675  5.829  5.768  5.861  5.793  6.011  5.897  5.964  6.066  5.940  5.961  6.001  5.900  5.985  5.908  5.838  5.846  6.016  5.806  5.900  5.889  5.700  5.787  5.855  5.765  5.765  5.714  5.509  5.677  5.742  5.753  5.545  5.858  5.900  5.793  5.733  5.829  5.791  5.838  5.624  5.905
5.136  4.937  4.913  4.963  4.984  4.934  5.142  5.081  5.081  5.318  5.313  5.124  5.147  5.170  5.308  5.056  4.949  4.920  5.196  5.100  5.106  5.142  5.006  5.017  5.056  4.977  5.017  4.828  4.866  4.812  5.003  4.890  4.852  4.990  5.094  5.029  4.868  4.868  4.977  5.013  4.905  5.016
5.030  4.804  4.820  4.990  4.875  4.966  4.968  4.868  4.881  4.942  5.063  4.949  4.968  4.982  4.954  5.043  4.745  4.893  5.011  4.934  4.771  4.812  4.920  4.934  4.942  4.860  4.812  4.812  4.595  4.896  4.844  4.710  4.954  4.828  4.727  4.771  4.931  4.902  4.777  4.792  4.714  4.754
4.934  4.934  4.992  4.875  4.970  4.913  4.989  4.673  4.927  4.963  5.004  4.963  4.844  4.875  4.815  4.883  4.844  4.900  4.949  4.819  4.905  4.990  4.890  4.984  4.812  4.666  4.736  4.828  4.454  4.691  4.804  4.762  4.879  4.949  4.836  4.860  5.024  4.927  4.997  4.745  4.663  4.898
4.860  4.635  4.595  4.466  4.777  4.723  4.644  4.682  4.644  4.749  4.682  4.870  4.644  4.890  4.748  4.564  4.477  4.585  4.756  4.585  4.673  4.575  4.649  4.775  4.419  4.394  4.500  4.464  4.331  4.407  4.595  4.745  4.575  4.369  4.588  4.618  4.654  4.647  4.443  4.419  4.543  4.404
5.050  4.836  4.913  4.820  4.994  5.040  4.875  4.942  5.050  5.186  5.004  5.187  5.173  4.890  5.063  4.942  4.769  4.812  5.170  5.011  5.149  4.924  4.994  5.100  4.673  4.760  4.787  4.933  4.673  4.823  4.868  4.806  4.868  4.710  4.754  4.843  4.771  4.911  4.934  4.902  4.890  4.942
4.078  4.159  4.140  3.829  4.052  4.016  4.004  4.091  4.209  4.220  4.043  4.234  4.466  4.094  4.354  4.007  4.127  4.069  4.127  4.248  4.205  4.078  4.078  4.159  4.043  4.078  4.007  4.025  3.892  3.932  4.078  4.078  4.069  4.060  4.007  4.127  3.989  4.078  4.025  4.025  3.784  3.928
4.190  4.007  4.007  4.078  4.159  4.025  3.989  3.970  4.025  4.127  4.174  4.357  4.190  4.127  4.260  4.220  4.202  4.040  4.007  4.043  4.234  4.205  4.171  4.124  3.932  4.043  4.111  3.892  3.750  4.060  4.174  4.094  4.111  4.043  4.043  3.970  3.970  4.094  3.995  3.912  3.938  4.108
4.836  4.828  4.816  4.963  4.754  4.975  4.700  4.745  4.990  4.905  4.875  4.721  4.984  4.920  4.868  4.828  4.635  4.898  4.942  4.956  4.913  4.727  4.796  4.787  4.682  4.564  4.564  4.682  4.464  4.762  4.635  4.522  4.771  4.533  4.723  4.663  4.779  4.533  4.700  4.710  4.754  4.718
5.533  5.349  5.468  5.598  5.529  5.537  5.434  5.468  5.486  5.380  5.513  5.398  5.628  5.493  5.673  5.481  5.263  5.394  5.740  5.645  5.692  5.420  5.447  5.580  5.357  5.288  5.193  5.273  4.970  5.176  5.352  5.268  5.425  5.393  5.351  5.323  5.407  5.352  5.263  5.298  5.347  5.360
3.867  3.761  3.932  3.761  3.780  3.714  3.892  4.040  3.714  4.116  3.664  4.007  4.022  3.928  4.048  3.829  3.985  3.892  3.985  4.034  3.989  3.912  3.829  3.871  3.892  3.922  3.807  3.850  3.497  3.638  3.738  3.761  3.714  3.802  3.689  3.989  3.932  3.970  3.850  3.802  3.898  3.912
3.714  3.757  3.541  3.611  3.664  3.745  3.689  3.714  3.689  3.784  3.520  3.584  3.689  3.611  3.947  3.638  3.611  3.689  3.850  3.784  3.871  3.867  3.555  3.689  3.738  3.689  3.761  3.689  3.584  3.584  3.689  3.696  3.526  3.611  3.689  3.584  3.689  3.664  3.611  3.638  3.638  3.829
4.533  4.376  4.440  4.419  4.452  4.382  4.494  4.500  4.644  4.511  4.605  4.505  4.754  4.520  4.615  4.311  4.344  4.290  4.625  4.575  4.431  4.533  4.380  4.466  4.511  4.554  4.344  4.304  4.248  4.460  4.234  4.489  4.489  4.431  4.492  4.454  4.407  4.483  4.431  4.431  4.443  4.498
4.043  4.040  4.124  4.182  3.902  4.060  3.761  3.892  3.932  4.078  4.004  3.951  4.174  4.167  4.078  3.951  3.850  4.127  3.932  4.187  4.111  3.912  3.829  4.159  3.989  4.091  3.892  3.970  3.807  3.951  4.060  3.912  4.135  4.007  4.040  3.807  3.932  3.829  3.882  4.022  3.784  3.957
6.410  6.323  6.347  6.443  6.468  6.545  6.371  6.373  6.457  6.541  6.361  6.489  6.550  6.440  6.680  6.402  6.347  6.271  6.482  6.385  6.387  6.405  6.326  6.366  6.404  6.397  6.290  6.246  6.133  6.232  6.245  6.375  6.273  6.489  6.404  6.436  6.393  6.512  6.271  6.244  6.330  6.294
6.552  6.540  6.360  6.619  6.567  6.583  6.577  6.494  6.528  6.691  6.590  6.621  6.741  6.564  6.816  6.483  6.555  6.393  6.581  6.540  6.715  6.673  6.589  6.629  6.457  6.375  6.425  6.273  6.230  6.315  6.447  6.565  6.509  6.593  6.607  6.609  6.545  6.592  6.542  6.445  6.405  6.384
5.192  5.112  5.063  5.242  5.252  5.270  5.147  5.159  5.024  5.318  5.190  5.247  5.351  5.278  5.440  5.074  5.111  5.114  5.256  5.198  5.247  5.257  5.242  5.263  5.017  5.037  5.013  5.017  4.956  4.909  4.970  5.112  5.075  5.103  5.165  5.175  5.055  5.100  5.283  5.056  4.984  5.064
4.812  4.836  4.605  4.835  4.812  4.673  4.595  4.625  4.625  4.905  4.844  4.710  4.883  4.771  4.920  4.682  4.644  4.727  4.881  4.808  4.890  4.796  4.852  4.970  4.654  4.554  4.635  4.557  4.369  4.585  4.605  4.773  4.745  4.593  4.718  4.633  4.554  4.644  4.844  4.625  4.500  4.431
4.078  4.025  4.094  4.060  4.248  4.057  3.829  3.871  3.932  4.040  4.143  3.922  4.094  4.007  4.007  3.871  3.807  3.967  3.989  4.140  3.970  3.989  4.022  4.007  3.892  3.967  3.784  3.850  3.829  3.902  3.784  3.829  4.013  3.780  3.850  3.829  3.871  4.078  3.761  3.951  4.025  3.850
5.307  5.075  5.247  5.251  5.280  5.361  5.124  5.293  5.037  5.391  5.288  5.296  5.489  5.421  5.308  5.165  5.164  5.264  5.352  5.242  5.371  5.246  5.212  5.236  5.268  5.063  5.045  5.127  5.030  4.990  5.247  5.100  5.169  5.124  5.153  5.170  5.050  5.285  5.384  5.187  5.088  5.153
5.308  5.181  5.278  5.371  5.311  5.345  5.170  5.277  5.165  5.352  5.262  5.349  5.470  5.380  5.407  5.215  5.129  5.247  5.435  5.496  5.327  5.374  5.268  5.472  5.182  5.389  5.252  4.927  4.997  5.147  5.196  4.958  5.298  5.242  5.176  5.193  5.130  5.250  5.187  5.242  5.112  5.268
4.380  4.124  4.234  4.369  4.290  4.288  4.220  4.190  4.127  4.156  4.304  4.248  4.317  4.159  4.407  4.357  4.234  4.127  4.407  4.595  4.489  4.344  4.205  4.344  4.277  4.234  3.998  3.912  4.108  4.007  4.043  4.022  4.304  4.344  4.159  4.205  4.217  4.127  4.143  4.078  4.205  4.331
