3.434  3.584  3.555  3.506  3.624  3.696  3.676  3.555  3.664  3.689  3.401  3.664  3.689  3.829  3.829  3.714  3.526  3.555  3.738  3.829  3.664  3.526  3.638  3.709  3.611  3.497  3.526  3.497  3.497  3.611  3.578  3.584  3.611  3.401  3.497  3.611  3.761  3.638  3.497  3.490  3.526  3.555
3.605  3.434  3.497  3.332  3.360  3.434  3.434  3.497  3.497  3.526  3.360  3.689  3.638  3.555  3.726  3.638  3.401  3.535  3.497  3.555  3.555  3.332  3.584  3.535  3.466  3.332  3.434  3.332  3.466  3.497  3.497  3.611  3.367  3.401  3.497  3.497  3.611  3.367  3.219  3.360  3.360  3.434
4.883  4.852  4.760  4.927  4.762  4.881  4.920  4.900  4.860  5.027  4.905  5.017  5.105  5.004  5.011  4.984  4.827  4.836  4.796  4.956  5.011  4.889  4.911  4.970  4.727  4.663  4.771  4.654  4.745  4.745  4.850  4.700  4.779  4.836  4.745  4.844  4.866  4.700  4.754  4.690  4.644  4.710
4.311  4.124  4.094  4.205  4.159  4.127  4.344  4.231  4.256  4.382  4.281  4.315  4.431  4.394  4.509  4.220  4.248  4.190  4.277  4.220  4.454  4.394  4.127  4.304  4.248  4.304  4.174  4.025  4.127  4.159  4.174  4.209  4.295  4.274  4.267  4.248  4.127  4.234  4.078  4.099  4.151  4.111
5.102  4.994  4.963  5.081  5.088  4.898  4.900  5.063  4.951  5.189  5.111  5.021  4.997  4.990  5.037  4.997  4.927  4.860  5.011  5.030  5.043  4.997  5.081  5.049  4.852  4.771  4.828  4.718  4.585  4.771  4.875  4.605  4.984  4.984  4.820  4.963  4.771  4.824  4.852  4.883  4.828  5.017
5.075  4.977  4.890  4.994  4.718  4.949  4.949  5.059  4.942  5.165  4.977  5.003  5.029  4.984  5.004  4.844  4.844  4.820  5.081  4.927  5.043  4.852  4.868  4.987  4.856  4.718  4.762  4.836  4.564  4.710  4.796  4.787  5.055  4.745  4.804  4.922  4.787  4.844  4.956  4.727  4.758  4.900
4.635  4.575  4.554  4.721  4.575  4.745  4.407  4.475  4.543  4.625  4.344  4.489  4.623  4.615  4.663  4.543  4.367  4.407  4.615  4.644  4.804  4.514  4.382  4.466  4.431  4.382  4.344  4.317  4.078  4.241  4.394  4.290  4.615  4.516  4.369  4.477  4.263  4.331  4.234  4.458  4.625  4.449
4.779  4.860  4.779  4.827  4.802  4.812  4.673  4.913  4.812  4.970  4.749  4.860  4.963  4.779  4.963  4.852  4.575  4.673  4.771  4.934  4.904  4.852  4.868  4.836  4.625  4.440  4.663  4.498  4.533  4.522  4.673  4.564  4.662  4.625  4.605  4.663  4.691  4.663  4.663  4.575  4.605  4.790
5.354  5.142  5.231  5.416  5.208  5.323  5.159  5.215  5.263  5.182  5.288  4.922  5.256  5.220  5.394  5.097  5.169  5.049  5.303  5.359  5.185  5.147  5.147  5.182  5.165  5.088  5.037  4.949  4.924  4.913  5.281  5.136  5.189  5.094  5.118  5.198  5.075  5.328  5.203  5.165  5.152  5.140
4.190  4.248  4.344  4.344  4.331  4.344  4.174  4.407  4.317  4.284  4.277  4.127  4.382  4.328  4.522  4.369  4.431  4.308  4.331  4.407  4.437  4.363  4.277  4.317  4.190  4.094  4.159  4.174  4.043  3.951  4.277  4.248  4.234  4.357  4.337  4.344  4.143  4.119  4.220  4.174  4.290  4.174
3.689  3.638  3.611  3.632  3.638  3.584  3.780  3.638  3.757  3.526  3.401  3.428  3.892  3.829  3.871  3.632  3.761  3.638  3.738  3.714  3.768  3.932  3.784  3.951  3.466  3.555  3.664  3.605  3.497  3.714  3.619  3.738  3.555  3.850  3.584  3.714  3.611  3.638  3.584  3.689  3.497  3.638
3.434  3.555  3.578  3.611  3.497  3.296  3.411  3.497  3.497  3.428  3.296  3.401  3.689  3.696  3.624  3.584  3.497  3.490  3.624  3.784  3.555  3.497  3.466  3.632  3.332  3.526  3.434  3.428  3.258  3.332  3.466  3.526  3.611  3.384  3.611  3.466  3.367  3.428  3.258  3.367  3.296  3.434
5.568  5.236  6.668  5.226  5.153  5.517  5.932  5.501  5.854  5.260  5.361  5.037  5.380  5.215  5.565  5.124  5.094  5.340  5.926  5.509  5.293  5.981  5.323  6.712  5.026  5.030  5.318  5.841  5.464  6.273  5.614  5.112  5.366  5.198  5.353  5.344  5.075  5.106  5.176  5.273  5.303  5.075
4.868  4.585  5.106  4.654  4.541  4.585  4.625  4.509  4.466  4.635  4.460  4.454  4.754  4.663  4.673  4.595  4.431  4.663  4.700  4.654  4.605  4.816  4.575  5.247  4.407  4.304  4.454  4.677  4.380  4.779  4.644  4.511  4.413  4.382  4.677  4.705  4.500  4.419  4.527  4.440  4.407  4.344
3.892  4.040  3.761  3.912  3.967  3.818  3.784  4.057  3.951  4.127  4.094  4.016  4.060  3.970  4.174  3.892  3.951  3.908  3.922  3.989  4.159  4.094  4.025  4.190  4.143  3.951  3.932  3.902  3.773  3.761  3.850  3.829  4.148  3.888  4.007  4.013  3.867  3.850  3.850  3.761  3.951  4.022
3.738  3.871  3.784  3.664  3.922  3.850  3.611  3.714  3.951  3.850  3.829  3.871  3.985  3.784  4.016  3.714  3.829  3.918  3.951  3.989  3.970  3.912  3.829  4.111  3.664  3.714  3.871  3.689  3.611  3.689  3.638  3.807  3.846  3.638  3.846  3.714  3.611  3.555  3.714  3.689  3.802  3.689
4.007  4.025  4.043  4.174  4.007  4.132  4.060  3.951  4.025  4.248  3.989  3.989  4.190  4.140  4.328  3.912  3.985  4.194  4.454  4.220  4.304  4.060  3.912  4.078  3.932  3.892  3.902  3.967  3.912  3.912  3.638  3.846  3.970  3.912  4.078  4.143  3.871  4.007  4.025  3.932  3.932  3.970
3.871  3.664  3.912  3.892  3.807  3.750  3.871  3.824  3.664  3.892  3.738  3.912  4.060  3.871  4.143  3.757  3.761  3.807  4.043  3.912  3.912  3.871  3.850  3.892  3.714  3.689  3.671  3.761  3.714  3.689  3.738  3.780  3.829  3.780  3.757  3.664  3.611  3.892  3.784  3.784  3.611  3.664
4.652  4.554  4.608  4.682  4.662  4.836  4.564  4.530  4.605  4.745  4.727  4.680  4.782  4.615  4.796  4.516  4.394  4.727  4.745  4.536  5.017  4.677  4.705  4.787  4.382  4.477  4.443  4.344  4.277  4.522  4.522  4.543  4.559  4.635  4.369  4.723  4.623  4.552  4.615  4.407  4.585  4.509
4.543  4.454  4.605  4.489  4.466  4.422  4.344  4.443  4.522  4.610  4.443  4.567  4.522  4.419  4.511  4.354  4.486  4.407  4.533  4.543  4.794  4.575  4.437  4.554  4.575  4.331  4.454  4.263  4.290  4.407  4.386  4.431  4.533  4.575  4.511  4.543  4.464  4.357  4.407  4.308  4.290  4.477
4.425  4.277  4.452  4.477  4.443  4.477  4.500  4.234  4.331  4.509  4.443  4.564  4.700  4.464  4.585  4.382  4.605  4.489  4.489  4.610  4.522  4.533  4.541  4.575  4.159  4.197  4.234  4.464  4.231  4.246  4.248  4.407  4.458  4.511  4.500  4.431  4.511  4.341  4.357  4.382  4.301  4.443
4.311  4.043  4.295  4.270  4.094  4.111  4.143  4.135  4.156  4.156  4.127  4.148  4.301  4.308  4.376  3.998  4.174  4.248  4.382  4.281  4.443  4.190  4.277  4.220  4.004  3.928  4.043  4.108  3.970  4.140  4.234  4.159  4.007  4.187  4.263  4.234  4.043  4.174  4.111  3.970  4.263  4.174
