3.664  3.555  3.689  3.638  3.784  3.701  3.605  3.658  3.638  3.714  3.584  3.829  3.871  3.689  3.807  3.780  3.714  3.761  3.658  3.829  3.761  3.850  3.638  3.738  3.555  3.714  3.709  3.555  3.434  3.555  3.526  3.611  3.526  3.526  3.555  3.619  3.689  3.584  3.784  3.584  3.550  3.714
4.127  4.060  4.174  4.202  4.094  4.304  4.220  4.290  3.989  4.094  3.985  4.094  4.241  4.111  4.174  4.143  4.004  4.078  4.174  4.248  4.159  4.143  4.025  4.007  3.951  4.007  3.784  3.857  3.807  3.980  3.908  4.022  4.022  3.850  3.892  4.057  3.912  4.025  3.829  3.892  4.060  4.103
5.242  5.045  5.263  5.164  5.288  5.231  5.165  5.037  5.313  5.231  5.218  5.247  5.298  5.142  5.170  5.179  5.136  5.373  5.209  5.204  5.347  5.193  5.017  5.338  5.063  4.984  4.949  5.021  4.836  4.949  5.056  5.056  5.078  5.004  4.836  5.075  5.050  5.088  5.193  4.984  4.804  5.187
4.963  4.965  4.890  4.940  4.977  4.990  4.990  4.804  5.011  4.997  4.956  4.977  5.050  4.997  5.056  4.927  4.913  5.066  4.977  4.956  5.176  4.949  5.050  4.997  4.796  4.905  4.812  4.890  4.605  4.710  4.898  4.890  4.815  4.783  4.718  4.949  4.852  4.779  4.997  4.771  4.754  4.970
5.857  5.783  5.832  5.673  5.869  5.841  5.886  5.927  5.866  5.913  5.869  5.859  5.918  5.793  5.964  5.889  5.527  5.900  5.872  5.817  5.903  5.793  5.759  5.826  5.878  5.900  5.380  5.707  5.677  5.775  5.724  5.717  5.814  5.740  5.839  5.817  5.740  5.686  5.737  5.429  5.710  5.829
5.628  5.620  5.489  5.517  5.561  5.766  5.663  5.555  5.617  5.753  5.620  5.657  5.638  5.468  5.624  5.628  5.464  5.595  5.617  5.193  5.765  5.609  5.618  5.690  5.549  5.476  5.515  5.496  5.553  5.576  5.493  5.572  5.403  5.561  5.583  5.561  5.642  5.493  5.485  5.565  5.429  5.481
5.666  5.409  5.558  5.523  5.389  5.442  5.620  5.577  5.553  5.811  5.605  5.677  5.617  5.549  5.525  5.426  5.501  5.384  5.652  5.533  5.565  5.505  5.451  5.464  5.403  5.411  5.165  5.105  5.063  5.173  5.357  5.389  5.425  5.434  5.498  5.442  5.347  5.394  5.472  5.403  5.257  5.421
4.804  4.615  4.734  4.662  4.652  4.635  4.682  4.831  4.754  4.980  4.752  4.812  4.911  4.710  4.787  4.642  4.680  4.533  4.796  4.812  4.843  4.727  4.652  4.575  4.745  4.635  4.525  4.511  4.202  4.522  4.511  4.673  4.700  4.700  4.836  4.727  4.779  4.804  4.762  5.004  4.963  5.176
5.537  5.687  5.601  5.372  5.553  5.714  5.580  5.576  5.687  5.645  5.371  5.638  5.802  5.765  5.768  5.565  5.525  5.571  5.591  5.517  5.685  5.598  5.724  5.568  5.472  5.464  5.582  5.563  5.333  5.562  5.620  5.541  5.429  5.548  5.565  5.472  5.649  5.602  5.557  5.421  5.429  5.568
5.765  5.846  5.633  5.549  5.756  5.861  5.787  5.746  5.666  5.808  5.753  5.775  5.956  5.846  5.886  5.743  5.782  5.730  5.817  5.753  5.826  5.866  5.852  5.911  5.629  5.580  5.779  5.586  5.565  5.568  5.861  5.745  5.501  5.694  5.793  5.707  5.802  5.710  5.820  5.613  5.631  5.614
5.164  5.147  5.056  5.286  5.140  5.081  5.215  4.970  5.159  5.220  5.086  5.147  5.231  5.142  5.438  5.075  5.108  5.023  5.234  5.236  5.438  5.100  5.075  5.226  5.064  5.136  4.975  4.883  4.913  4.840  4.997  5.017  5.071  5.056  5.209  5.123  4.913  5.130  4.984  5.081  5.030  5.058
5.088  4.710  4.864  5.037  4.898  4.990  4.890  4.836  4.952  5.030  4.883  4.997  5.011  5.024  5.088  4.700  4.934  4.868  5.149  5.004  5.142  4.927  4.796  5.047  4.710  4.644  4.752  4.727  4.787  4.743  4.787  4.844  4.937  4.804  4.836  4.787  4.771  4.852  4.745  4.700  4.836  4.812
4.094  3.912  4.043  4.190  4.057  4.111  3.951  4.143  4.091  3.970  4.363  4.127  4.220  4.171  4.174  4.007  3.980  4.025  4.190  4.190  4.388  4.205  3.970  4.159  4.060  4.143  4.094  4.007  3.912  4.007  3.967  4.040  4.108  4.007  4.060  4.140  3.989  4.060  4.143  3.850  4.078  4.127
3.807  3.850  3.951  3.807  3.871  3.871  3.784  3.714  3.850  3.892  3.780  3.829  4.007  4.231  4.202  3.745  3.912  3.761  3.970  4.190  4.043  4.007  3.970  3.871  3.802  3.850  3.989  3.807  4.043  3.780  3.738  3.795  3.738  3.932  3.970  3.850  3.689  3.638  3.689  3.714  3.807  3.714
4.256  4.234  4.295  4.263  4.127  4.151  4.143  4.190  4.060  4.174  4.094  4.301  4.369  4.380  4.290  4.164  4.174  4.220  4.220  4.394  4.190  4.431  4.263  4.382  4.111  4.057  4.043  3.967  3.989  3.951  4.220  4.135  4.304  4.078  4.317  4.074  4.103  4.094  4.212  3.970  3.951  4.140
4.094  3.970  4.111  4.143  4.270  4.301  4.108  4.057  3.951  4.159  4.143  4.248  4.324  4.234  4.361  3.951  4.074  4.140  4.477  4.357  4.357  4.673  4.509  4.431  4.078  3.989  3.871  3.957  3.846  4.127  4.174  4.159  4.263  3.989  3.932  3.970  3.970  4.060  4.078  3.850  3.871  4.025
4.543  4.575  4.357  4.554  4.511  4.454  4.644  4.505  4.489  4.522  4.500  4.543  4.605  4.644  4.654  4.466  4.682  4.419  4.562  4.564  4.625  4.615  4.635  4.673  4.357  4.440  4.477  4.331  4.407  4.382  4.500  4.505  4.369  4.394  4.511  4.635  4.431  4.575  4.466  4.440  4.419  4.500
4.718  4.575  4.625  4.836  4.710  4.603  4.593  4.567  4.394  4.443  4.654  4.625  4.745  4.554  4.673  4.585  4.700  4.477  4.691  4.736  4.691  4.671  4.533  4.727  4.575  4.449  4.642  4.394  4.452  4.407  4.500  4.583  4.727  4.454  4.654  4.394  4.500  4.743  4.615  4.443  4.541  4.564
4.533  4.564  4.625  4.710  4.595  4.640  4.691  4.700  4.736  4.762  4.533  4.754  4.820  4.682  4.956  4.407  4.649  4.605  4.956  4.883  4.794  4.745  4.663  4.736  4.522  4.344  4.520  4.466  4.382  4.407  4.466  4.790  4.762  4.663  4.682  4.666  4.638  4.700  4.498  4.500  4.654  4.564
5.159  5.152  5.182  5.288  5.234  5.231  5.273  5.170  5.359  5.283  5.161  5.342  5.398  5.215  5.550  5.039  5.273  5.142  5.572  5.366  5.468  5.361  5.138  5.384  5.106  5.056  4.956  4.997  4.920  4.924  4.997  5.338  5.278  5.112  5.288  5.189  5.168  5.165  5.100  5.056  5.250  5.209
4.511  4.500  4.431  4.394  4.341  4.543  4.369  4.458  4.382  4.538  4.443  4.654  4.615  4.564  4.654  4.419  4.575  4.419  4.625  4.489  4.564  4.585  4.363  4.466  4.331  4.500  4.401  4.277  4.317  4.263  4.552  4.443  4.443  4.552  4.416  4.477  4.344  4.431  4.304  4.317  4.477  4.522
5.307  5.268  5.252  5.389  5.215  5.244  5.254  5.324  5.263  5.247  5.176  5.244  5.337  5.425  5.308  5.231  5.257  5.220  5.380  5.421  5.375  5.366  5.283  5.330  5.287  5.338  5.235  5.120  5.100  5.136  5.231  5.220  5.268  5.384  5.341  5.352  5.120  5.239  5.273  5.187  5.338  5.295
