3.520  3.526  3.401  3.497  3.520  3.367  3.550  3.555  3.434  3.555  3.401  3.578  3.761  3.689  3.750  3.526  3.434  3.490  3.584  3.555  3.434  3.459  3.570  3.714  3.401  3.434  3.367  3.434  3.367  3.367  3.434  3.605  3.526  3.497  3.584  3.434  3.497  3.444  3.466  3.434  3.555  3.466
3.526  3.592  3.497  3.466  3.466  3.520  3.384  3.664  3.689  3.584  3.296  3.611  3.497  3.638  3.638  3.555  3.497  3.584  3.638  3.611  3.638  3.466  3.497  3.401  3.664  3.459  3.401  3.497  3.314  3.434  3.434  3.550  3.497  3.428  3.466  3.434  3.367  3.658  3.258  3.296  3.401  3.296
4.796  4.852  4.745  4.883  4.680  4.595  4.710  4.673  4.603  4.836  4.708  4.727  4.754  4.836  4.975  4.659  4.644  4.694  4.896  4.860  4.762  4.862  4.787  4.860  4.580  4.564  4.520  4.460  4.304  4.605  4.615  4.762  4.623  4.668  4.663  4.736  4.654  4.654  4.595  4.466  4.530  4.564
4.367  4.220  4.394  4.290  4.159  4.190  4.321  4.263  4.522  4.277  4.419  4.220  4.357  4.466  4.549  4.190  4.159  4.290  4.522  4.407  4.635  4.190  4.060  4.443  4.337  4.078  4.174  3.951  4.007  4.127  4.091  4.363  4.382  4.190  4.111  4.263  4.127  4.094  4.060  4.119  4.227  4.205
4.605  4.573  4.649  4.407  4.625  4.533  4.443  4.543  4.533  4.710  4.452  4.543  4.633  4.573  4.673  4.500  4.428  4.533  4.618  4.509  4.663  4.585  4.466  4.682  4.392  4.469  4.419  4.260  4.197  4.500  4.419  4.454  4.407  4.505  4.443  4.564  4.373  4.217  4.443  4.357  4.263  4.407
4.227  4.124  4.143  4.111  3.989  3.989  4.248  4.190  4.209  4.317  4.111  4.234  4.205  4.078  4.361  4.043  4.234  4.031  4.328  4.344  4.277  4.111  4.074  4.304  4.143  4.025  4.111  3.989  3.932  4.127  4.091  4.304  4.337  4.108  4.407  4.159  4.078  3.932  4.025  3.970  4.124  4.025
5.268  5.037  5.001  5.176  5.118  5.140  5.159  5.030  4.890  5.185  5.112  5.089  5.165  5.130  5.236  4.970  5.043  5.056  5.173  5.124  5.222  5.142  5.118  5.220  5.124  4.883  4.860  4.787  4.758  4.915  5.009  4.947  4.927  4.997  5.124  5.096  4.990  4.916  4.944  4.710  4.934  4.875
4.382  4.220  4.466  4.431  4.190  4.174  4.440  4.248  4.246  4.503  4.331  4.394  4.382  4.344  4.376  4.288  4.321  4.078  4.419  4.344  4.585  4.331  4.394  4.344  4.151  4.290  4.159  4.197  4.043  4.159  4.234  4.328  4.190  4.263  4.174  4.407  4.248  4.205  4.220  4.248  4.290  4.187
4.057  3.985  3.961  4.094  3.584  3.989  3.871  3.932  3.912  4.094  3.839  3.951  4.094  3.908  4.043  3.892  3.970  3.871  3.807  4.052  4.127  3.932  4.007  3.985  3.829  3.892  3.871  3.892  3.721  3.714  3.892  4.043  3.912  3.850  3.850  4.025  3.932  3.932  3.829  3.829  3.761  3.912
3.664  3.638  3.584  3.784  3.497  3.526  3.584  3.611  3.526  3.738  3.526  3.835  3.555  3.738  3.892  3.611  3.784  3.664  3.526  3.638  3.807  3.689  3.584  3.850  3.664  3.526  3.466  3.664  3.428  3.526  3.555  3.555  3.584  3.738  3.526  3.632  3.584  3.651  3.611  3.738  3.611  3.497
6.047  5.718  5.857  5.866  5.835  5.799  5.866  5.746  5.841  6.061  5.914  5.966  6.120  5.901  6.080  5.730  5.922  5.775  5.922  5.996  5.846  5.784  5.772  5.864  5.710  5.829  5.704  5.645  5.746  5.701  5.804  5.808  5.897  5.869  5.795  5.825  5.700  5.861  5.869  5.748  5.778  5.799
5.425  5.290  5.316  5.413  5.182  5.308  5.427  5.353  5.389  5.539  5.379  5.525  5.542  5.384  5.606  5.347  5.425  5.193  5.485  5.598  5.412  5.416  5.352  5.444  5.281  5.340  5.182  5.172  5.323  5.215  5.310  5.398  5.394  5.303  5.329  5.371  5.352  5.273  5.226  5.117  5.176  5.247
6.883  6.772  6.691  6.613  6.833  6.797  6.706  6.669  6.764  6.860  6.845  6.759  6.916  6.805  6.855  6.732  6.702  6.854  6.627  6.791  6.702  6.827  6.784  6.950  6.366  6.583  6.741  6.685  6.698  6.701  6.782  6.540  6.608  6.695  6.791  6.841  6.775  6.787  6.836  6.746  6.454  6.687
6.692  6.690  6.512  6.452  6.609  6.562  6.510  6.515  6.498  6.746  6.730  6.585  6.765  6.675  6.639  6.653  6.518  6.648  6.511  6.556  6.511  6.583  6.627  6.813  6.184  6.385  6.582  6.460  6.620  6.568  6.560  6.068  6.385  6.420  6.545  6.653  6.557  6.541  6.664  6.544  6.267  6.472
3.850  3.738  3.784  4.522  3.850  3.745  3.784  3.807  4.078  3.989  3.714  3.850  3.912  3.807  4.043  3.761  3.871  3.850  3.951  4.025  3.888  3.784  3.888  3.738  3.951  3.584  3.829  3.768  3.726  3.584  3.611  3.726  3.773  3.714  3.846  3.638  3.738  3.689  3.802  3.784  3.689  3.932
3.738  3.714  4.074  3.892  3.861  3.818  3.807  3.932  3.784  4.048  3.684  3.745  3.928  3.871  3.989  3.714  3.829  3.850  4.060  3.932  3.784  3.967  3.578  3.784  3.761  3.714  3.846  4.025  3.867  3.689  3.555  3.684  3.829  3.689  3.861  3.850  3.611  3.745  3.780  3.555  3.738  3.871
4.844  4.543  4.700  4.977  4.812  4.771  4.564  4.635  4.727  4.970  4.934  4.828  4.875  4.890  4.870  4.762  4.654  4.847  4.913  4.835  4.956  4.718  4.625  4.771  4.543  4.570  4.635  4.179  4.511  4.625  4.682  4.541  4.894  4.647  4.736  4.718  4.762  4.883  4.696  4.625  4.598  4.754
4.573  4.533  4.682  4.625  4.615  4.699  4.354  4.477  4.454  4.718  4.734  4.898  4.691  4.745  4.796  4.489  4.454  4.690  4.585  4.671  4.615  4.522  4.613  4.615  4.511  4.494  4.466  4.007  4.331  4.369  4.585  4.500  4.567  4.723  4.718  4.718  4.543  4.543  4.605  4.431  4.407  4.466
3.526  3.597  3.738  3.584  3.434  3.584  3.401  3.555  3.733  3.555  3.466  3.555  3.584  3.611  3.757  3.401  3.638  3.450  3.664  3.861  3.829  3.761  3.535  3.578  3.325  3.481  3.611  3.466  3.658  3.584  3.526  3.738  3.526  3.638  3.526  3.638  3.497  3.555  3.632  3.367  3.367  3.520
3.401  3.526  3.555  3.555  3.434  3.555  3.332  3.497  3.714  3.555  3.332  3.466  3.689  3.526  3.664  3.584  3.664  3.434  3.714  3.714  4.043  3.497  3.459  3.555  3.624  3.638  3.434  3.497  3.526  3.332  3.367  3.584  3.584  3.526  3.459  3.584  3.434  3.401  3.466  3.466  3.555  3.434
3.497  3.466  3.664  3.632  3.584  3.611  3.526  3.761  3.689  3.664  3.689  3.850  3.970  3.829  3.888  3.632  3.989  3.689  3.757  3.892  3.892  3.738  3.611  3.696  3.570  3.611  3.757  3.714  3.597  3.584  3.738  3.714  3.761  3.908  3.714  3.638  3.892  3.664  3.490  3.497  3.611  3.761
3.738  3.664  3.714  3.689  3.689  3.714  3.807  3.664  3.807  3.632  3.664  3.714  3.867  3.850  3.912  3.850  3.784  3.638  3.908  3.871  3.871  3.761  3.807  3.664  3.714  3.721  3.733  3.714  3.584  3.689  3.829  3.892  3.714  3.638  3.829  3.784  3.684  3.689  3.714  3.584  3.624  3.664
