4.615  4.489  4.585  4.466  4.522  4.564  4.554  4.431  4.593  4.745  4.522  4.625  4.673  4.605  4.710  4.454  4.419  4.443  4.644  4.585  4.718  4.595  4.691  4.595  4.380  4.394  4.454  4.317  4.212  4.248  4.419  4.466  4.317  4.443  4.527  4.477  4.431  4.419  4.380  4.431  4.419  4.449
4.174  4.094  4.143  3.970  4.007  4.111  4.116  4.253  4.331  4.227  4.220  4.248  4.317  4.317  4.231  4.078  4.060  4.159  4.246  4.234  4.263  4.127  3.989  4.220  3.932  4.209  4.060  3.980  3.871  4.007  3.829  4.187  4.060  4.094  4.069  4.094  3.829  3.989  3.989  3.871  4.025  3.951
4.605  4.644  4.605  4.500  4.585  4.511  4.593  4.580  4.608  4.710  4.564  4.644  4.691  4.522  4.726  4.503  4.585  4.575  4.585  4.804  4.804  4.585  4.500  4.673  4.511  4.498  4.477  4.431  4.511  4.367  4.431  4.554  4.533  4.520  4.585  4.431  4.585  4.477  4.564  4.466  4.466  4.477
4.718  4.700  4.682  4.700  4.663  4.726  4.727  4.623  4.522  4.796  4.710  4.710  4.743  4.762  4.802  4.580  4.564  4.671  4.625  4.956  4.644  4.564  4.522  4.745  4.500  4.533  4.564  4.564  4.522  4.503  4.595  4.511  4.595  4.562  4.613  4.500  4.511  4.644  4.564  4.533  4.407  4.585
4.796  4.691  4.844  4.533  4.691  4.726  4.840  4.682  4.754  4.887  4.771  4.850  4.938  4.823  4.875  4.783  4.673  4.848  4.745  4.644  4.779  4.802  4.773  4.898  4.585  4.543  4.762  4.605  4.500  4.573  4.844  4.671  4.511  4.554  4.691  4.635  4.595  4.743  4.718  4.691  4.538  4.625
4.317  4.304  4.263  4.263  4.304  4.205  4.295  4.174  4.290  4.394  4.454  4.290  4.348  4.460  4.489  4.174  4.171  4.394  4.297  4.419  4.466  4.263  4.231  4.304  4.159  4.190  4.124  4.167  4.143  4.174  4.337  4.187  4.060  4.205  4.234  4.140  4.127  4.174  4.086  4.025  4.043  4.187
5.754  5.673  5.670  5.670  5.663  5.656  5.707  5.743  5.753  5.940  5.684  5.781  5.930  5.690  5.760  5.756  5.643  5.611  5.793  5.686  5.628  5.638  5.781  5.677  5.602  5.652  5.537  5.641  5.429  5.576  5.724  5.457  5.242  5.677  5.687  5.690  5.609  5.649  5.535  5.671  5.609  5.591
6.091  6.191  5.880  5.869  5.916  6.047  6.157  6.057  6.100  6.323  6.234  6.252  6.209  6.103  6.091  6.105  6.079  6.019  6.142  6.010  6.155  6.073  6.162  6.221  5.958  6.006  5.991  6.012  5.914  6.114  6.107  5.969  5.630  6.054  6.114  6.089  6.043  5.996  5.919  6.019  5.820  5.986
6.155  5.840  6.105  6.081  6.073  6.133  6.012  6.109  6.021  6.301  6.211  6.211  6.196  6.059  6.288  5.869  5.849  5.948  6.180  6.076  6.131  6.026  6.009  6.006  5.948  5.886  5.826  5.864  5.649  5.775  5.958  5.924  6.025  5.860  6.035  6.006  5.922  6.133  6.031  5.945  5.875  5.953
4.977  4.875  5.004  5.017  4.963  5.043  4.927  5.075  4.902  5.100  4.990  5.064  5.094  4.970  5.056  4.804  4.860  4.718  5.037  5.118  4.989  4.992  4.820  4.790  4.883  4.804  4.732  4.727  4.657  4.668  4.736  4.754  5.081  4.844  4.885  4.832  4.850  4.942  4.860  4.782  4.949  4.860
5.438  5.252  5.247  5.386  5.333  5.380  5.127  5.234  5.251  5.429  5.389  5.416  5.558  5.442  5.776  5.365  5.121  5.196  5.241  5.338  5.366  5.342  5.252  5.273  4.989  5.017  5.059  5.118  4.898  5.004  5.288  5.088  5.085  5.165  5.226  5.361  5.159  5.303  5.257  5.026  5.050  5.069
5.339  5.411  5.250  5.429  5.293  5.215  5.267  5.298  5.251  5.380  5.375  5.403  5.460  5.341  6.160  5.328  5.109  5.209  5.252  5.242  5.273  5.298  5.341  5.278  5.138  5.004  5.231  5.017  5.129  5.043  5.182  5.193  5.181  5.159  5.209  5.318  5.236  5.357  5.181  5.268  5.121  5.190
4.533  4.644  4.595  4.570  4.745  4.804  4.673  4.635  4.543  4.635  4.654  4.718  4.844  4.769  4.920  4.603  4.533  4.644  4.700  4.676  4.852  4.585  4.564  4.635  4.605  4.464  4.516  4.486  4.394  4.248  4.419  4.428  4.585  4.500  4.564  4.466  4.500  4.575  4.682  4.575  4.533  4.357
3.902  3.989  3.807  3.976  3.761  4.078  3.951  3.871  3.850  3.989  3.912  4.078  4.086  4.174  4.143  3.942  3.947  4.025  4.060  4.007  4.205  3.888  3.989  4.174  3.932  3.850  3.871  3.638  3.807  3.807  3.892  3.932  3.871  3.850  3.912  3.757  3.850  3.829  4.025  3.784  3.846  3.850
5.168  4.947  5.112  5.204  5.209  5.142  4.984  5.130  5.106  5.159  5.100  5.118  5.209  5.124  5.209  4.984  4.949  5.123  5.242  5.198  5.152  5.198  5.030  5.242  5.085  5.004  5.017  5.075  4.844  4.883  4.984  5.056  5.149  5.127  5.011  5.118  5.088  5.063  4.963  5.094  5.037  5.176
5.855  5.817  5.746  5.724  5.784  5.787  5.762  5.737  5.766  5.883  5.841  5.805  5.799  5.830  5.908  5.700  5.733  5.818  5.849  5.897  5.848  5.846  5.846  5.973  5.710  5.723  5.743  5.656  5.670  5.533  5.705  5.580  5.717  5.749  5.720  5.753  5.620  5.749  5.652  5.707  5.677  5.659
4.852  4.682  4.852  4.904  4.860  4.898  4.820  4.905  5.037  5.214  4.934  4.890  4.828  4.984  4.883  4.691  4.605  4.934  5.011  5.075  5.024  4.787  4.984  4.934  4.745  4.691  4.916  4.836  4.573  4.754  4.749  4.815  4.852  4.836  4.894  4.673  4.654  4.866  4.779  4.823  4.771  4.835
5.652  5.416  5.580  5.549  5.517  5.568  5.442  5.583  5.613  5.723  5.849  5.669  5.576  5.746  5.849  5.574  5.485  5.768  5.609  5.638  5.694  5.533  5.587  5.666  5.425  5.447  5.455  5.418  5.172  5.529  5.513  5.457  5.517  5.568  5.617  5.444  5.429  5.673  5.542  5.481  5.438  5.404
5.347  5.291  5.313  5.236  5.347  5.455  5.283  5.242  5.323  5.442  5.412  5.298  5.496  5.509  5.598  5.457  5.193  5.403  5.438  5.416  5.420  5.384  5.389  5.493  5.220  5.252  5.357  5.318  5.182  5.220  5.347  5.257  5.389  5.340  5.310  5.432  5.346  5.485  5.302  5.323  5.278  5.277
5.861  5.743  5.832  5.591  5.820  5.846  5.746  5.717  5.724  5.848  5.704  5.866  5.953  5.849  5.892  5.727  5.852  5.808  5.808  5.900  5.866  5.844  5.831  5.879  5.746  5.704  5.707  5.618  5.630  5.602  5.704  5.699  5.808  5.872  5.836  5.828  5.762  5.849  5.707  5.700  5.595  5.831
4.875  4.654  4.787  4.852  4.820  4.820  4.885  4.852  4.828  4.990  4.843  4.911  4.836  4.811  4.990  4.691  4.727  4.954  4.904  4.905  4.836  4.700  4.844  4.779  4.718  4.831  4.718  4.654  4.644  4.700  4.771  4.836  4.860  4.819  4.868  4.820  4.754  4.787  4.718  4.771  4.820  4.779
4.754  4.511  4.654  4.663  4.682  4.666  4.752  4.790  4.700  4.762  4.699  4.718  4.835  4.635  4.920  4.575  4.511  4.864  4.787  4.754  4.860  4.585  4.673  4.890  4.533  4.564  4.564  4.533  4.533  4.727  4.554  4.644  4.766  4.593  4.682  4.605  4.682  4.625  4.595  4.605  4.483  4.663
