4.317  4.060  4.220  4.143  4.007  4.277  4.277  4.060  4.369  4.205  4.382  4.248  4.407  4.304  4.317  4.328  4.209  4.205  4.205  4.127  4.220  4.260  4.159  4.369  4.094  4.159  3.951  4.246  3.967  4.043  4.043  4.190  4.277  4.190  4.143  4.159  4.127  4.190  4.234  4.205  3.912  3.526
3.738  3.829  3.892  3.871  3.802  3.942  3.892  3.892  3.970  4.048  3.902  3.908  4.025  3.989  3.932  4.025  4.060  3.784  3.850  3.989  3.989  3.951  4.007  4.007  3.912  3.829  3.871  3.761  3.791  3.871  3.829  3.902  3.892  3.932  3.871  3.714  3.829  3.829  3.824  3.807  3.584  3.526
4.913  4.894  5.050  4.875  4.868  4.982  4.927  4.927  4.920  5.063  4.898  5.075  5.037  4.934  5.050  4.883  4.745  4.828  5.136  4.977  5.081  4.889  5.081  5.063  4.883  4.779  4.796  4.708  4.727  4.800  4.934  4.762  4.875  4.792  4.916  4.836  4.924  4.754  4.673  4.762  4.673  4.879
5.139  5.043  5.172  5.043  5.091  5.211  5.074  5.136  5.069  5.220  5.056  5.182  5.231  5.075  5.215  5.050  5.024  4.868  5.136  5.063  5.215  5.043  4.984  5.209  4.977  4.836  4.898  4.754  4.771  4.986  4.949  4.963  4.990  5.016  5.080  5.081  4.942  4.875  4.919  4.844  4.828  4.894
6.454  6.304  6.313  6.288  6.400  6.368  6.273  6.375  6.418  6.609  6.475  6.510  6.457  6.390  6.443  6.328  6.136  6.273  6.466  6.410  6.293  6.288  6.231  6.323  6.170  6.301  6.259  6.250  6.119  6.213  6.275  6.109  6.378  6.310  6.273  6.317  6.182  6.313  6.229  6.321  6.273  6.347
5.832  5.962  5.737  5.730  5.799  5.818  5.930  5.852  5.894  5.956  5.908  5.983  6.015  5.893  6.043  5.823  5.738  5.572  5.945  5.805  5.932  5.905  5.836  5.953  5.639  5.764  5.790  5.680  5.729  5.765  5.889  5.823  5.796  5.889  5.869  5.852  5.844  5.700  5.635  5.600  5.796  5.775
5.142  5.004  5.050  4.905  5.088  5.017  4.913  5.043  5.030  5.215  5.094  5.198  5.231  5.081  5.252  4.977  4.860  5.050  5.017  5.032  5.027  4.970  5.004  5.072  4.752  4.779  4.913  4.990  4.718  5.004  4.997  4.868  4.933  4.868  4.920  4.949  4.929  5.023  4.977  4.997  4.777  4.858
4.860  4.828  4.714  4.796  4.710  4.700  4.625  4.585  4.625  4.970  4.874  4.890  4.762  4.828  4.718  4.644  4.554  4.726  4.787  4.864  4.734  4.714  4.585  4.682  4.500  4.625  4.598  4.682  4.350  4.500  4.727  4.533  4.623  4.663  4.644  4.654  4.623  4.691  4.625  4.680  4.511  4.541
5.476  5.288  5.380  5.379  5.366  5.425  5.391  5.407  5.367  5.565  5.407  5.525  5.481  5.380  5.531  5.247  5.268  5.303  5.451  5.368  5.421  5.247  5.231  5.257  5.318  5.218  5.209  5.159  4.977  5.142  5.142  5.263  5.313  5.298  5.182  5.338  5.204  5.263  5.159  5.247  5.252  5.226
6.135  5.984  6.052  5.941  6.016  6.064  6.146  6.004  6.005  6.212  6.080  6.188  6.161  6.033  6.133  5.919  5.964  5.935  6.043  6.016  6.196  5.993  6.052  6.011  6.005  5.978  5.938  5.898  5.875  5.911  5.969  5.892  5.841  6.033  6.093  6.040  5.981  5.991  5.838  5.912  5.875  5.897
4.317  4.533  4.369  4.394  4.317  4.394  4.392  4.431  4.398  4.489  4.489  4.431  4.552  4.419  4.533  4.344  4.331  4.256  4.511  4.394  4.486  4.511  4.315  4.486  4.304  4.407  4.317  4.140  4.227  4.369  4.331  4.331  4.454  4.369  4.477  4.443  4.431  4.190  4.344  4.202  4.159  4.404
4.190  3.967  4.025  4.127  3.892  4.078  3.970  4.040  3.985  4.143  4.078  4.052  4.190  4.159  4.425  4.031  4.124  4.108  4.060  4.277  4.094  4.143  3.898  4.094  3.989  3.932  3.970  4.060  3.951  3.807  4.007  4.043  4.156  4.025  4.159  4.078  3.995  3.888  4.025  3.867  3.861  3.967
4.078  3.714  4.119  3.932  3.871  3.784  3.947  3.912  3.970  4.025  3.784  3.932  4.040  3.970  4.025  3.912  4.040  3.932  4.025  4.099  4.304  3.932  3.970  4.202  3.951  3.989  3.807  3.892  3.947  3.970  3.664  3.989  4.007  3.932  4.060  3.638  3.850  3.912  3.738  3.689  3.829  3.738
3.689  3.807  3.761  3.807  3.784  3.807  3.871  3.761  4.013  3.947  3.709  3.888  3.951  3.912  3.970  3.738  3.829  3.989  4.060  4.043  3.932  3.912  3.829  4.031  3.888  3.892  3.714  3.807  3.850  3.689  3.584  3.888  3.892  3.850  3.951  3.584  3.714  3.784  3.714  3.738  3.555  3.761
5.869  5.881  5.930  6.046  5.934  5.989  5.883  5.951  5.879  5.781  5.893  5.973  6.014  5.971  6.031  5.848  5.765  5.828  6.109  6.050  6.080  5.927  5.876  5.964  5.816  5.768  5.687  5.694  5.631  5.707  5.741  5.878  5.981  5.802  5.900  5.924  5.760  5.930  5.749  5.786  5.846  5.864
5.823  5.759  5.844  6.047  5.878  5.881  5.766  5.743  5.854  5.737  5.647  5.872  5.832  5.864  5.934  5.694  5.727  5.670  5.948  5.877  5.958  5.781  5.747  5.829  5.613  5.696  5.652  5.472  5.591  5.572  5.635  5.759  5.887  5.762  5.730  5.777  5.775  5.768  5.724  5.771  5.765  5.724
5.231  5.136  5.220  5.375  5.246  5.361  5.254  5.152  5.242  5.349  5.230  5.254  5.391  5.292  5.421  5.115  5.242  5.236  5.412  5.313  5.459  5.283  5.278  5.292  5.056  5.011  5.165  5.176  4.920  5.100  5.308  5.328  5.361  5.198  5.231  5.156  5.168  5.114  5.068  5.124  5.056  5.215
4.443  4.605  4.543  4.727  4.522  4.443  4.511  4.304  4.663  4.575  4.522  4.640  4.605  4.511  4.710  4.552  4.663  4.543  4.745  4.654  4.787  4.552  4.620  4.620  4.511  4.431  4.500  4.533  4.443  4.443  4.564  4.522  4.748  4.407  4.623  4.541  4.585  4.481  4.522  4.489  4.394  4.419
3.714  3.555  3.709  3.689  3.757  3.689  3.611  3.784  3.684  3.664  3.638  3.807  3.829  3.761  3.846  3.784  3.738  3.761  3.912  4.086  3.947  4.007  4.060  4.111  4.174  4.382  4.290  4.754  4.533  4.605  3.526  3.664  3.689  3.434  3.757  3.605  3.684  3.738  3.578  3.605  3.638  3.466
5.024  4.644  4.796  4.852  4.887  4.875  4.787  4.942  5.016  4.994  4.961  5.011  5.030  4.898  5.185  4.952  4.905  4.820  5.209  5.183  5.088  5.017  4.844  4.977  4.970  4.820  4.787  4.745  4.603  4.700  4.732  4.771  5.024  4.942  5.049  4.982  4.824  4.875  4.844  4.796  4.919  4.961
3.401  3.526  3.296  3.497  3.490  3.434  3.384  3.520  3.490  3.395  3.219  3.466  3.497  3.584  3.584  3.497  3.526  3.466  3.434  3.784  3.658  3.578  3.332  3.555  3.332  3.611  3.555  3.466  3.497  3.526  3.367  3.555  3.434  3.526  3.526  3.497  3.434  3.611  3.367  3.296  3.466  3.497
4.585  4.533  4.543  4.673  4.477  4.454  4.573  4.603  4.736  4.682  4.522  4.718  4.511  4.782  4.779  4.483  4.691  4.635  4.736  4.843  4.710  4.705  4.477  4.718  4.554  4.663  4.511  4.460  4.392  4.489  4.511  4.522  4.605  4.533  4.820  4.654  4.554  4.595  4.489  4.511  4.543  4.623
