4.344  4.190  4.357  4.060  4.205  4.331  4.304  4.143  4.127  4.248  4.202  4.354  4.331  4.304  4.538  4.159  4.078  4.231  4.357  4.220  4.205  4.190  4.234  4.127  4.094  4.127  4.094  4.156  3.902  4.086  4.108  4.248  4.103  4.288  4.043  4.174  4.321  4.174  4.007  4.043  4.167  4.205
4.220  4.025  4.174  4.025  4.159  4.007  4.205  4.263  4.116  4.248  3.850  4.248  4.331  4.304  4.284  4.111  4.043  4.043  4.078  4.317  4.328  4.111  4.111  4.060  4.143  4.078  4.040  3.932  3.871  3.951  4.066  3.951  4.060  4.060  4.060  4.143  3.970  4.043  4.069  3.829  3.967  4.004
6.340  6.249  6.354  6.234  6.337  6.450  6.425  6.425  6.422  6.515  6.339  6.566  6.468  6.361  6.544  6.404  6.317  6.282  6.526  6.326  6.524  6.441  6.512  6.487  6.623  6.614  6.593  6.863  6.707  6.791  6.282  6.423  6.225  6.320  6.428  6.288  6.351  6.312  6.264  6.176  6.333  6.203
6.619  6.491  6.494  6.558  6.406  6.632  6.714  6.492  6.677  6.645  6.598  6.616  6.655  6.562  6.766  6.538  6.588  6.465  6.661  6.472  6.795  6.696  6.607  6.780  6.479  6.498  6.438  6.385  6.413  6.516  6.561  6.569  6.488  6.535  6.649  6.594  6.631  6.395  6.390  6.360  6.492  6.469
4.854  4.796  4.754  4.898  4.890  4.934  4.868  4.796  4.777  4.875  4.727  5.037  4.820  4.947  5.023  5.058  4.804  4.977  4.945  4.866  5.024  4.736  4.883  4.889  4.696  4.796  4.820  4.682  4.520  4.771  4.673  4.663  4.748  4.779  4.827  4.820  4.736  4.708  4.687  4.691  4.600  4.898
4.605  4.635  4.615  4.654  4.564  4.595  4.726  4.644  4.654  4.554  4.509  4.736  4.583  4.654  4.856  4.649  4.610  4.647  4.710  4.630  4.779  4.564  4.718  4.745  4.533  4.543  4.620  4.443  4.500  4.654  4.498  4.554  4.533  4.489  4.564  4.595  4.654  4.575  4.489  4.404  4.466  4.477
5.231  4.927  5.168  5.215  5.290  5.231  5.147  5.298  5.476  5.435  5.247  5.361  5.352  5.159  5.375  5.004  5.069  5.124  5.537  5.242  5.204  5.037  5.106  5.050  5.063  5.173  4.997  5.147  4.710  4.877  5.037  5.021  5.182  5.123  5.042  5.124  4.956  5.242  5.037  5.112  5.150  5.303
4.466  4.357  4.562  4.443  4.739  4.694  4.522  4.554  4.522  4.771  4.543  4.625  4.489  4.625  4.635  4.511  4.304  4.248  4.844  4.431  4.533  4.585  4.331  4.466  4.477  4.331  4.304  4.277  4.202  4.431  4.407  4.498  4.290  4.407  4.489  4.407  4.443  4.407  4.367  4.394  4.263  4.466
5.432  5.377  5.303  5.416  5.236  5.283  5.345  5.442  5.323  5.533  5.444  5.361  5.525  5.412  5.525  5.328  5.303  5.257  5.375  5.421  5.509  5.378  5.371  5.468  5.291  5.252  5.278  5.263  5.056  5.220  5.242  5.247  5.288  5.263  5.288  5.328  5.356  5.318  5.303  5.209  5.270  5.372
4.754  4.615  4.652  4.673  4.727  4.554  4.613  4.682  4.668  4.836  4.779  4.663  4.787  4.682  4.796  4.578  4.625  4.625  4.691  4.934  4.828  4.723  4.585  4.812  4.486  4.500  4.635  4.481  4.489  4.533  4.419  4.514  4.663  4.477  4.615  4.575  4.357  4.575  4.682  4.533  4.585  4.541
5.298  5.243  5.236  5.024  5.231  5.158  5.139  5.252  5.176  5.288  5.306  5.323  5.313  5.193  5.308  5.112  5.004  5.303  5.182  5.187  5.124  5.130  5.247  5.088  4.927  5.037  4.934  4.984  4.812  5.118  4.989  5.011  5.069  4.959  4.961  5.075  4.942  5.100  5.024  5.063  4.956  5.135
4.363  4.234  4.297  4.190  4.248  4.288  4.274  4.111  4.205  4.304  4.344  4.290  4.190  4.304  4.407  4.159  4.331  4.263  4.248  4.331  4.277  4.394  4.263  4.317  4.174  4.066  4.111  4.025  4.025  4.127  4.025  4.078  4.182  4.111  4.091  4.220  4.174  4.025  3.970  3.970  3.989  4.171
5.004  4.743  4.913  5.043  5.124  5.209  5.159  5.407  5.384  4.752  4.220  4.796  4.847  5.063  4.440  4.663  4.615  4.858  4.890  4.771  4.905  4.820  4.828  4.905  4.663  4.642  4.734  4.682  4.394  4.533  4.585  4.736  4.691  4.726  4.748  4.804  4.931  4.727  4.516  4.860  4.615  4.787
4.812  5.075  4.898  5.215  5.487  5.628  6.184  6.146  6.234  4.290  3.807  4.174  4.464  4.500  4.543  4.159  4.260  4.143  4.234  4.263  4.407  4.277  4.357  4.263  4.331  4.341  4.288  4.060  3.892  4.263  4.143  4.394  4.277  4.277  4.407  4.522  4.498  4.190  3.918  4.460  4.382  4.533
4.331  4.111  4.369  4.394  4.344  4.367  4.159  4.344  4.304  4.477  4.205  4.454  4.443  4.431  4.522  4.108  4.060  4.331  4.394  4.419  4.290  4.060  4.111  4.234  4.248  4.350  4.263  4.277  3.970  4.025  4.220  4.025  4.263  4.263  4.094  4.248  4.190  4.159  4.220  4.190  4.248  4.304
3.584  3.738  3.611  3.611  3.526  3.578  3.526  3.526  3.555  3.555  3.332  3.555  3.664  3.611  3.738  3.497  3.611  3.367  3.611  3.738  3.638  3.684  3.578  3.638  3.578  3.434  3.689  3.497  3.611  3.584  3.638  3.638  3.497  3.497  3.638  3.638  3.611  3.526  3.526  3.497  3.401  3.689
5.231  5.011  5.153  5.130  5.273  5.127  5.195  5.235  5.268  5.352  5.220  5.278  5.288  5.198  5.268  5.124  5.114  4.927  5.305  5.236  5.257  5.187  5.147  5.094  5.100  5.136  5.106  5.064  4.970  5.124  5.017  4.916  5.081  5.252  5.236  5.159  5.352  5.204  5.169  5.333  5.263  5.318
4.898  4.765  4.828  4.913  4.787  4.677  4.762  4.808  4.883  5.004  4.963  4.819  4.836  4.883  4.958  4.691  4.898  4.671  4.938  4.927  4.828  4.787  4.852  4.820  4.787  4.804  4.769  4.754  4.673  4.732  4.727  4.635  4.812  4.796  4.868  4.905  4.883  4.824  4.913  4.554  4.812  4.710
4.392  4.344  4.317  4.263  4.454  4.466  4.248  4.277  4.344  4.419  4.382  4.357  4.546  4.575  4.533  4.388  4.304  4.419  4.700  4.443  4.505  4.543  4.382  4.500  4.248  4.263  4.431  4.297  4.331  4.290  4.454  4.263  4.344  4.331  4.248  4.382  4.369  4.304  4.256  4.382  4.174  4.246
4.533  4.454  4.522  4.543  4.489  4.605  4.489  4.543  4.671  4.625  4.732  4.538  4.804  4.812  4.907  4.644  4.552  4.652  4.635  4.796  4.804  4.723  4.700  4.673  4.428  4.575  4.644  4.516  4.419  4.635  4.605  4.489  4.533  4.554  4.710  4.585  4.644  4.533  4.640  4.419  4.511  4.541
4.890  4.533  4.673  4.575  4.605  4.820  4.615  4.875  4.682  4.949  4.736  4.718  4.852  4.796  4.828  4.625  4.466  4.905  4.860  4.710  4.625  4.564  4.543  4.736  4.394  4.700  4.663  4.787  4.500  4.522  4.575  4.392  4.630  4.615  4.575  4.696  4.700  4.796  4.710  4.654  4.431  4.727
3.807  3.768  3.761  3.584  3.951  3.714  3.555  3.761  3.802  3.829  3.829  3.839  3.761  3.846  3.932  3.664  3.738  3.689  3.829  3.850  3.892  3.892  3.871  3.970  3.689  3.584  3.892  3.714  3.638  3.738  3.807  3.871  3.738  3.689  3.714  3.611  3.689  3.611  3.761  3.578  3.466  3.664
