3.584  3.526  3.466  3.714  3.550  3.490  3.611  3.664  3.689  3.651  3.555  3.526  3.714  3.638  3.738  3.555  3.738  3.584  3.738  3.829  3.714  3.520  3.611  3.611  3.401  3.584  3.664  3.401  3.332  3.434  3.526  3.555  3.434  3.638  3.638  3.555  3.434  3.497  3.434  3.497  3.401  3.497
3.490  3.526  3.541  3.597  3.578  3.401  3.401  3.689  3.526  3.526  3.401  3.664  3.784  3.738  3.689  3.497  3.555  3.555  3.584  3.784  3.761  3.497  3.512  3.638  3.619  3.520  3.497  3.555  3.395  3.434  3.555  3.466  3.466  3.526  3.497  3.367  3.584  3.611  3.332  3.367  3.296  3.490
3.784  3.638  3.829  3.928  3.738  3.784  3.526  3.784  3.850  3.802  3.664  3.824  3.761  3.892  3.892  3.738  3.701  3.689  3.784  4.025  3.912  3.807  3.684  3.761  3.784  3.664  3.664  3.689  3.512  3.761  3.638  3.689  3.714  3.829  3.738  3.632  3.664  3.638  3.714  3.526  3.714  3.773
3.497  3.526  3.497  3.664  3.611  3.526  3.497  3.497  3.802  3.807  3.611  3.550  3.584  3.671  3.850  3.434  3.611  3.664  3.638  3.829  3.784  3.578  3.526  3.512  3.434  3.434  3.497  3.497  3.296  3.401  3.401  3.584  3.684  3.689  3.555  3.638  3.526  3.638  3.512  3.367  3.611  3.466
3.738  3.738  3.892  3.597  3.807  3.638  3.689  3.466  3.638  3.757  3.332  3.611  3.733  3.871  3.829  3.733  3.714  3.638  3.638  4.078  3.818  3.733  3.745  3.757  3.555  3.497  3.696  3.526  3.497  3.584  3.689  3.638  3.795  3.526  3.555  3.584  3.584  3.638  3.584  3.714  3.466  3.664
3.584  3.555  3.434  3.564  3.689  3.526  3.497  3.584  3.512  3.584  3.466  3.807  3.784  3.824  3.689  3.541  3.696  3.807  3.664  3.829  3.638  3.555  3.638  3.807  3.434  3.490  3.664  3.497  3.434  3.638  3.676  3.555  3.714  3.520  3.497  3.611  3.689  3.535  3.611  3.459  3.638  3.611
5.091  4.796  4.942  4.802  4.819  4.836  4.783  4.819  4.926  5.094  4.942  5.097  4.956  4.920  5.032  4.875  4.929  4.874  4.920  4.956  4.997  4.875  4.868  4.927  4.620  4.663  4.736  4.736  4.663  4.682  4.804  4.839  4.787  4.787  4.804  4.691  4.736  4.758  4.779  4.718  4.673  4.811
4.844  4.727  4.691  4.673  4.673  4.762  4.642  4.734  4.875  4.970  4.736  4.984  4.920  4.804  4.828  4.718  4.827  4.700  4.889  4.970  4.942  4.844  4.804  4.874  4.454  4.575  4.489  4.511  4.394  4.554  4.554  4.554  4.533  4.543  4.816  4.691  4.595  4.466  4.662  4.489  4.494  4.559
4.304  4.057  4.078  4.060  4.078  4.086  4.190  4.202  4.190  4.220  4.220  4.234  4.443  4.159  4.407  4.248  4.401  4.140  4.321  4.407  4.317  4.394  4.159  4.315  4.205  4.413  4.190  4.074  3.989  4.111  4.078  4.202  4.220  4.025  4.190  4.159  4.174  4.007  4.290  3.850  4.174  4.108
4.060  4.060  3.892  3.951  3.980  4.025  4.057  3.961  4.500  4.124  3.784  4.094  4.234  4.007  4.263  4.007  3.922  3.989  4.190  4.094  4.290  4.025  3.989  4.217  4.078  3.888  3.761  3.951  3.967  3.892  3.892  4.205  4.324  3.912  4.127  3.784  3.892  3.807  3.846  3.882  3.912  3.928
4.159  4.022  4.220  4.190  4.111  4.174  4.057  4.159  3.912  4.220  4.143  4.094  4.190  4.220  4.317  4.091  4.007  4.060  4.263  4.246  4.220  4.091  4.025  4.256  4.078  3.980  3.951  3.784  3.932  4.007  4.025  4.094  4.156  4.094  4.234  4.057  3.892  4.159  3.985  4.190  4.060  4.043
3.401  3.611  3.689  3.638  3.611  3.550  3.475  3.367  3.664  3.638  3.497  3.638  3.584  3.709  3.761  3.466  3.611  3.434  3.892  3.784  3.664  3.684  3.611  3.584  3.526  3.664  3.434  3.434  3.526  3.434  3.434  3.611  3.611  3.526  3.638  3.526  3.555  3.689  3.360  3.466  3.466  3.526
4.852  4.787  4.771  4.691  4.745  4.860  4.771  4.883  5.099  5.085  4.794  4.984  4.970  4.898  4.949  4.615  4.635  4.673  4.997  5.112  4.771  4.673  4.812  4.871  4.843  4.949  4.808  4.726  4.856  4.668  4.848  4.937  4.875  4.745  5.077  4.787  4.736  4.802  4.796  4.902  4.787  4.522
5.347  5.052  5.142  5.208  5.147  5.153  5.078  5.105  5.164  5.215  5.124  5.212  5.361  5.043  5.236  4.949  5.063  4.977  5.165  5.501  5.242  4.951  5.231  5.096  5.215  5.056  5.009  4.956  5.081  4.997  5.094  5.183  5.176  5.091  5.247  4.984  4.944  5.049  4.963  5.117  5.061  5.088
4.836  4.844  4.543  4.779  4.708  4.710  4.595  4.578  4.585  4.820  4.691  4.710  4.812  4.625  4.868  4.647  4.654  4.700  4.736  4.635  4.949  4.721  4.848  4.796  4.317  4.530  4.543  4.522  4.454  4.500  4.543  4.806  4.543  4.543  4.714  4.779  4.644  4.708  4.712  4.583  4.431  4.357
4.304  4.277  4.202  4.194  4.156  4.094  4.060  3.970  4.025  4.205  4.094  4.094  4.317  4.277  4.290  4.078  4.190  4.103  4.159  4.220  4.422  4.205  4.190  4.248  4.043  3.980  3.967  3.892  3.807  3.932  4.025  4.248  4.124  3.989  4.174  4.043  3.932  4.127  4.078  3.980  3.829  4.143
4.564  4.357  4.382  4.543  4.593  4.344  4.454  4.522  4.522  4.543  4.500  4.514  4.625  4.511  4.585  4.489  4.754  4.477  4.580  4.635  4.739  4.765  4.585  4.564  4.638  4.533  4.344  4.304  4.419  4.317  4.477  4.466  4.511  4.754  4.454  4.543  4.466  4.554  4.357  4.290  4.369  4.382
4.663  4.718  4.511  4.554  4.717  4.673  4.654  4.595  4.673  4.635  4.605  4.710  4.896  4.794  4.836  4.673  4.690  4.635  4.710  4.710  4.779  4.852  4.700  4.771  4.533  4.718  4.543  4.500  4.758  4.564  4.464  4.625  4.717  4.668  4.777  4.644  4.605  4.682  4.595  4.595  4.682  4.654
4.078  3.989  4.263  4.331  4.277  4.277  4.159  4.094  4.140  4.234  4.159  3.951  4.127  4.111  4.277  4.111  4.174  4.190  4.277  4.290  4.369  4.124  4.091  4.205  4.143  4.091  4.094  4.119  3.970  3.989  3.892  3.932  4.094  4.217  4.111  4.127  4.190  4.060  4.025  4.078  4.190  4.205
3.892  3.807  3.989  3.912  3.912  3.892  3.714  3.738  3.951  3.932  3.970  3.850  4.174  4.174  4.025  3.892  3.892  3.846  4.007  4.043  4.190  3.892  4.040  3.932  3.871  3.709  4.094  3.871  3.784  3.807  3.951  3.824  3.928  3.938  3.912  3.970  3.951  3.761  3.829  3.970  3.829  3.932
3.912  4.094  3.850  3.850  4.025  3.892  3.850  3.850  3.902  3.951  3.807  3.970  4.159  4.091  4.074  3.932  3.871  3.928  3.850  4.025  3.970  4.025  3.970  3.970  3.750  3.733  3.807  3.807  3.784  3.850  4.060  3.850  3.932  3.696  3.967  3.850  3.784  3.664  3.738  3.714  3.738  3.807
3.829  3.829  3.714  3.784  3.555  3.611  3.605  3.611  3.733  3.709  3.584  3.829  4.078  3.829  4.013  3.611  3.714  3.835  3.784  4.016  3.802  3.733  3.738  3.714  3.555  3.564  3.664  3.784  3.555  3.497  3.584  3.738  3.689  3.578  3.761  3.714  3.714  3.802  3.584  3.689  3.526  3.714
