6.009  5.546  5.869  5.741  5.913  5.941  5.826  5.890  6.031  5.991  5.889  5.984  6.050  5.899  5.976  5.811  5.529  5.900  6.064  5.756  5.700  5.667  5.694  5.628  5.835  5.870  5.758  5.859  5.537  5.707  5.784  5.472  5.799  5.732  5.863  5.848  5.720  5.881  5.765  5.947  5.631  5.962
4.635  4.575  4.615  4.376  4.628  4.836  4.600  4.668  4.787  4.832  4.736  4.922  4.894  4.782  4.852  4.543  4.407  4.522  4.836  4.699  4.700  4.554  4.585  4.671  4.710  4.613  4.633  4.394  4.489  4.564  4.454  4.398  4.564  4.613  4.578  4.583  4.598  4.615  4.486  4.625  4.595  4.708
6.074  5.945  5.966  5.808  6.009  6.080  6.084  6.016  6.028  6.161  6.074  6.198  6.138  5.951  6.142  6.038  5.916  6.118  6.098  5.823  6.047  5.912  5.986  5.951  5.861  5.970  5.916  5.974  5.820  5.872  5.961  5.767  5.733  6.023  6.006  5.951  6.010  5.897  5.796  5.951  5.850  5.935
5.568  5.471  5.439  5.197  5.342  5.464  5.649  5.533  5.573  5.657  5.595  5.573  5.576  5.525  5.606  5.535  5.434  5.485  5.521  5.379  5.521  5.557  5.493  5.677  5.332  5.400  5.460  5.282  5.347  5.416  5.464  5.327  5.264  5.517  5.525  5.549  5.583  5.342  5.310  5.333  5.153  5.407
6.495  6.260  6.347  6.271  6.471  6.459  6.404  6.482  6.483  6.591  6.457  6.447  6.439  6.375  6.465  6.420  6.184  6.390  6.491  6.340  6.305  6.330  6.412  6.286  6.250  6.297  6.412  6.387  6.198  6.428  6.291  6.109  6.247  6.332  6.394  6.347  6.240  6.317  6.262  6.382  6.127  6.465
6.040  6.107  5.892  5.864  5.958  5.953  6.225  6.004  6.196  6.303  6.161  6.168  6.170  6.148  6.207  6.061  6.019  5.921  6.152  5.897  6.116  6.068  6.148  6.142  5.930  5.934  6.114  6.019  5.930  6.148  6.064  5.889  5.833  5.986  6.192  6.126  5.903  5.793  5.873  5.979  5.900  5.941
6.580  6.428  6.448  6.323  6.468  6.461  6.459  6.425  6.518  6.621  6.557  6.597  6.580  6.480  6.532  6.469  6.294  6.604  6.508  6.282  6.461  6.402  6.475  6.441  6.263  6.332  6.459  6.392  6.223  6.360  6.375  6.273  6.378  6.526  6.486  6.440  6.366  6.356  6.330  6.380  6.306  6.472
5.252  5.153  5.153  5.069  5.043  5.112  5.215  5.283  5.308  5.236  5.118  5.247  5.198  5.257  5.347  5.049  5.112  5.182  5.170  5.037  5.242  5.069  5.159  5.254  4.999  5.050  5.121  4.968  4.887  5.094  5.024  4.883  4.934  5.099  5.111  5.109  4.968  4.963  5.042  4.982  4.920  5.056
6.728  6.450  6.564  6.498  6.560  6.629  6.592  6.588  6.607  6.703  6.675  6.681  6.733  6.609  6.701  6.574  6.452  6.650  6.681  6.531  6.579  6.425  6.519  6.565  6.590  6.564  6.498  6.557  6.342  6.450  6.507  6.405  6.441  6.583  6.581  6.483  6.588  6.514  6.463  6.609  6.420  6.590
6.057  6.009  5.989  5.976  6.105  6.184  6.153  6.066  6.091  6.182  6.182  6.187  6.206  6.181  6.275  6.043  5.918  6.018  6.136  6.019  6.170  6.148  6.138  6.118  6.045  6.087  5.991  5.984  5.849  5.951  6.094  5.940  5.900  6.045  6.159  6.071  6.040  5.957  5.768  5.969  5.908  6.019
6.827  6.753  6.813  6.762  6.833  6.866  6.759  6.789  6.789  6.837  6.837  6.551  6.825  6.824  6.851  6.736  6.602  6.777  6.768  6.692  6.735  6.728  6.782  6.731  6.736  6.751  6.664  6.722  6.519  6.538  6.653  6.575  6.577  6.737  6.686  6.701  6.800  6.790  6.741  6.859  6.581  6.720
5.252  5.204  5.204  5.241  5.165  5.172  5.069  5.086  5.231  5.257  5.203  4.812  5.339  5.257  5.352  5.176  4.970  5.226  5.135  5.153  5.204  5.321  5.204  5.242  5.075  5.288  5.081  5.086  4.806  4.881  5.135  4.850  5.017  5.208  5.088  5.094  5.050  5.094  5.242  5.242  5.118  4.972
6.886  6.713  6.671  6.646  6.719  6.777  6.611  6.712  6.741  6.835  6.817  6.763  6.746  6.691  6.760  6.669  6.413  6.772  6.707  6.673  6.405  6.458  6.698  6.607  6.601  6.657  6.687  6.770  6.583  6.645  6.671  6.349  6.405  6.671  6.616  6.668  6.702  6.697  6.713  6.771  6.498  6.654
5.425  5.389  5.147  5.037  5.323  5.574  5.231  5.357  5.263  5.501  5.460  5.451  5.472  5.545  5.451  5.384  5.165  5.313  5.351  5.182  5.293  5.220  5.425  5.412  5.247  5.342  5.330  5.246  5.153  5.182  5.334  4.852  4.663  5.209  5.147  5.296  5.203  5.233  5.136  5.268  5.043  5.094
7.049  6.874  7.016  7.102  7.067  7.082  6.817  7.030  7.070  7.008  6.952  7.111  7.033  6.951  7.084  6.773  6.585  6.942  7.072  6.974  6.845  6.700  6.719  6.752  7.036  6.852  6.762  6.756  6.501  6.534  6.619  6.637  6.931  6.861  6.768  6.830  6.815  7.018  6.906  6.885  6.829  7.010
5.215  5.106  5.176  5.252  5.252  5.308  5.069  5.204  5.147  5.159  5.168  5.204  5.165  5.109  5.328  4.820  4.691  4.913  5.198  5.075  5.170  4.828  5.026  5.069  5.189  5.120  4.883  4.907  4.666  4.866  4.718  4.804  4.956  5.049  4.920  5.193  4.989  5.043  5.204  5.023  5.026  5.204
6.548  6.175  6.454  6.431  6.429  6.460  6.263  6.470  6.405  6.397  6.428  6.507  6.544  6.347  6.542  6.161  6.246  6.455  6.515  6.525  6.368  6.207  6.247  6.246  6.368  6.541  6.258  6.346  6.122  6.197  6.170  6.100  6.384  6.405  6.292  6.339  6.279  6.415  6.275  6.397  6.397  6.558
5.069  5.004  5.004  5.088  5.118  5.112  5.017  4.927  5.088  5.056  5.153  5.094  5.379  5.226  5.215  4.929  5.032  5.142  5.236  5.105  5.050  4.977  5.063  5.034  5.123  5.293  4.997  4.852  4.796  4.812  4.942  4.771  4.970  4.927  4.920  5.029  4.984  4.956  4.836  4.977  4.927  5.069
5.866  5.513  5.720  5.544  5.846  5.841  5.613  5.673  5.765  5.811  5.677  5.905  5.839  5.808  5.892  5.602  5.323  5.930  5.883  5.746  5.635  5.509  5.587  5.474  5.571  5.704  5.619  5.715  5.371  5.464  5.434  5.297  5.620  5.775  5.545  5.661  5.553  5.823  5.493  5.663  5.553  5.609
4.466  4.394  4.382  4.369  4.357  4.394  4.277  4.382  4.270  4.419  4.304  4.443  4.533  4.691  4.642  4.419  4.263  4.486  4.554  4.516  4.511  4.460  4.321  4.335  4.190  4.212  4.159  4.277  4.111  4.174  4.190  4.190  4.277  4.274  4.143  4.317  4.357  4.248  4.407  4.224  4.190  4.159
4.205  4.171  3.932  4.220  3.951  4.025  4.143  3.989  4.127  4.143  4.143  4.205  4.357  4.344  4.394  3.989  4.043  4.202  4.277  4.270  4.143  4.304  4.060  4.127  4.004  4.091  4.111  4.007  3.951  4.025  4.078  3.932  4.078  3.989  4.111  4.025  3.829  4.078  4.043  4.022  4.060  3.989
3.902  3.784  3.761  3.829  3.784  3.850  3.846  3.802  3.871  3.970  3.951  3.912  4.043  3.989  4.025  3.807  3.871  3.761  4.111  3.989  4.094  3.970  3.829  3.807  3.761  3.829  3.611  3.689  3.632  3.761  3.871  3.714  3.970  3.807  3.871  3.584  3.714  3.784  3.807  3.738  3.780  3.829
