5.591  5.357  5.537  5.503  5.565  5.541  5.513  5.627  5.529  5.737  5.591  5.575  5.704  5.559  5.591  5.442  5.306  5.416  5.525  5.467  5.545  5.407  5.292  5.429  5.371  5.371  5.361  5.384  5.242  5.242  5.357  5.257  5.442  5.460  5.572  5.497  5.352  5.489  5.455  5.412  5.268  5.583
5.328  5.231  5.247  5.273  5.193  5.182  5.311  5.365  5.328  5.481  5.384  5.263  5.358  5.150  5.409  5.182  5.165  5.204  5.187  5.238  5.193  5.223  5.117  5.283  5.014  5.142  5.017  4.949  4.947  4.997  4.990  4.913  5.123  5.130  5.226  5.140  5.075  5.027  5.153  5.096  5.094  5.127
4.718  4.562  4.647  4.682  4.691  4.710  4.662  4.677  4.700  4.860  4.654  4.852  4.819  4.727  4.796  4.771  4.682  4.745  4.700  4.673  4.691  4.743  4.663  4.828  4.710  4.710  4.644  4.549  4.552  4.682  4.745  4.798  4.595  4.696  4.654  4.575  4.714  4.500  4.543  4.654  4.541  4.585
4.949  4.794  4.860  4.836  4.796  4.794  4.844  4.844  4.926  5.023  4.942  5.027  4.913  4.852  5.045  4.934  4.710  4.836  4.804  4.836  5.030  4.812  4.868  4.898  4.779  4.708  4.779  4.635  4.610  4.628  4.779  4.739  4.836  4.836  4.804  4.868  4.766  4.812  4.559  4.595  4.881  4.762
4.828  4.533  4.949  4.811  4.736  4.868  4.745  4.852  4.868  4.836  4.819  4.913  4.883  4.718  4.913  4.727  4.691  4.745  4.868  4.736  4.804  4.754  4.673  4.635  4.754  4.615  4.644  4.369  4.575  4.564  4.477  4.554  4.654  4.644  4.691  4.783  4.727  4.685  4.710  4.575  4.533  4.786
5.272  5.017  5.182  5.219  5.172  5.106  5.127  5.123  5.272  5.252  4.977  5.293  5.357  5.198  5.328  5.142  4.852  5.043  5.159  5.215  5.165  5.130  5.301  5.225  5.094  4.990  4.973  4.945  4.754  4.871  5.063  4.949  4.997  5.153  5.049  5.088  5.063  5.118  5.011  5.030  5.027  5.088
5.505  5.434  5.451  5.347  5.398  5.425  5.451  5.460  5.525  5.672  5.529  5.464  5.405  5.460  5.535  5.290  5.226  5.387  5.434  5.416  5.403  5.389  5.325  5.405  5.252  5.268  5.288  5.285  5.165  5.298  5.403  5.257  5.220  5.303  5.323  5.318  5.421  5.170  5.278  5.236  5.293  5.361
5.900  5.762  5.863  5.761  5.802  5.771  5.802  5.864  5.787  5.922  5.914  5.901  5.838  5.749  5.817  5.693  5.688  5.720  5.856  5.774  5.838  5.762  5.700  5.771  5.620  5.583  5.643  5.609  5.345  5.635  5.727  5.663  5.638  5.704  5.762  5.635  5.733  5.598  5.677  5.565  5.677  5.724
6.006  5.656  5.790  5.635  5.771  5.746  5.740  5.839  5.746  6.000  6.012  5.850  5.945  5.823  5.951  5.796  5.533  5.857  5.669  5.753  5.730  5.626  5.682  5.759  5.529  5.557  5.652  5.687  5.501  5.559  5.673  5.513  5.595  5.645  5.613  5.737  5.676  5.735  5.784  5.805  5.517  5.684
5.974  5.811  5.861  5.710  5.861  5.916  5.710  5.814  5.707  6.034  5.945  5.962  5.903  5.870  5.948  5.811  5.690  5.802  5.768  5.756  5.765  5.733  5.817  5.756  5.537  5.576  5.645  5.680  5.517  5.587  5.720  5.576  5.602  5.620  5.720  5.694  5.698  5.648  5.731  5.756  5.451  5.682
5.557  5.236  5.394  5.421  5.332  5.371  5.313  5.407  5.448  5.578  5.357  5.519  5.412  5.288  5.424  5.298  5.220  5.323  5.505  5.557  5.366  5.252  5.278  5.323  5.252  5.303  5.190  5.226  5.105  5.147  5.288  5.203  5.288  5.406  5.339  5.239  5.185  5.424  5.252  5.317  5.257  5.481
4.909  4.782  4.949  4.956  4.828  4.836  4.812  4.927  4.929  5.003  4.890  4.931  4.934  4.911  5.045  4.718  4.844  4.828  4.977  4.970  4.836  4.812  4.927  4.905  4.898  4.905  4.771  4.730  4.593  4.718  4.860  4.727  4.745  4.754  4.758  4.802  4.654  4.828  4.710  4.615  4.756  4.970
5.088  4.949  4.963  5.009  5.056  5.106  5.037  5.075  5.124  5.273  5.124  5.159  5.273  5.055  5.209  5.142  5.001  5.004  5.170  5.106  5.165  5.043  5.056  5.142  5.037  5.069  5.014  5.088  4.836  4.905  5.100  5.068  5.023  5.063  5.011  4.963  4.902  4.956  4.956  4.942  4.905  5.021
4.538  4.564  4.543  4.443  4.564  4.388  4.500  4.585  4.454  4.652  4.489  4.663  4.710  4.745  4.642  4.533  4.419  4.522  4.595  4.585  4.625  4.573  4.554  4.727  4.538  4.341  4.458  4.321  4.220  4.344  4.691  4.541  4.388  4.443  4.419  4.543  4.425  4.446  4.431  4.431  4.263  4.369
4.533  4.452  4.392  4.489  4.407  4.530  4.644  4.505  4.554  4.615  4.625  4.564  4.671  4.603  4.575  4.595  4.505  4.344  4.605  4.562  4.533  4.543  4.477  4.533  4.536  4.500  4.554  4.554  4.477  4.407  4.394  4.394  4.452  4.466  4.394  4.605  4.443  4.454  4.392  4.394  4.277  4.511
4.025  3.829  4.007  3.829  3.908  3.967  3.871  3.951  3.967  4.094  4.094  3.970  4.174  4.263  4.143  4.016  3.807  3.738  3.912  4.127  4.091  4.074  3.829  4.057  3.892  3.912  3.947  3.664  3.689  3.947  3.877  3.807  3.714  3.784  3.761  3.850  3.829  3.829  3.908  3.857  3.850  3.912
4.977  4.990  4.898  5.099  4.970  4.898  5.050  4.905  5.139  5.011  5.050  5.049  5.011  5.069  5.016  4.828  4.875  4.787  5.117  5.187  4.949  5.117  5.009  4.970  5.030  5.014  4.920  4.947  4.890  4.963  4.949  4.860  4.864  4.890  5.043  4.954  4.898  4.956  4.898  4.949  4.862  4.820
4.140  4.190  4.043  4.116  4.127  3.970  4.290  4.078  4.209  4.159  4.190  4.234  4.428  4.205  4.367  4.159  4.311  4.025  4.143  4.315  4.220  4.111  4.174  4.344  4.171  4.190  4.143  4.094  4.007  4.094  4.127  4.143  3.998  4.220  4.159  4.220  4.127  3.967  3.912  3.892  4.057  3.989
4.844  4.787  4.727  4.754  4.743  4.700  4.779  4.736  4.605  4.875  4.775  4.802  4.754  4.708  4.790  4.625  4.682  4.787  4.659  4.881  4.852  4.727  4.820  4.898  4.446  4.466  4.498  4.454  4.413  4.454  4.593  4.608  4.682  4.649  4.615  4.554  4.705  4.552  4.635  4.419  4.419  4.635
5.106  4.942  4.905  4.956  4.963  4.890  4.860  4.913  4.984  5.197  5.111  5.068  5.186  5.085  5.094  4.942  4.874  4.745  5.021  4.999  5.043  4.963  5.088  5.004  4.819  4.804  4.860  4.868  4.718  4.820  4.902  4.875  4.804  4.804  4.956  4.913  4.874  4.812  4.804  4.727  4.811  4.804
5.050  4.920  4.977  4.987  4.927  5.017  4.956  5.056  5.068  5.106  4.934  5.075  5.043  5.182  5.197  4.927  5.146  4.905  5.209  5.100  5.142  5.173  4.898  5.088  5.130  5.170  5.112  4.970  4.942  4.883  4.904  5.009  5.081  5.136  5.094  4.965  5.068  5.081  5.004  4.836  5.066  5.049
4.143  4.078  4.025  4.116  4.205  4.304  4.111  4.111  4.159  4.111  4.304  4.234  4.500  4.369  4.533  3.989  4.205  4.094  4.209  4.274  4.317  4.290  4.190  4.248  4.263  4.179  4.190  4.022  4.016  4.007  4.234  4.111  4.078  4.116  4.263  4.182  3.947  4.159  4.043  4.043  4.060  4.241
