4.078  4.025  4.127  4.007  4.007  3.989  4.078  3.951  4.025  3.970  3.850  3.908  4.078  4.060  4.043  3.970  3.846  4.007  4.066  3.995  4.091  3.912  4.004  3.908  3.912  3.922  4.016  3.967  3.714  3.892  3.932  4.043  4.007  3.989  3.888  3.829  3.807  3.932  3.932  3.850  3.757  3.892
3.850  3.714  3.784  3.807  3.850  3.638  3.784  3.689  3.850  3.784  3.638  3.784  3.989  3.985  3.871  3.784  3.714  4.078  3.980  3.871  3.807  3.857  3.714  3.784  3.807  3.555  3.733  3.829  3.555  3.784  3.689  3.714  3.850  3.714  3.526  3.714  3.611  3.738  3.829  3.802  3.638  3.761
4.585  4.304  4.290  4.212  4.317  4.344  4.238  4.277  4.344  4.419  4.331  4.419  4.522  4.369  4.382  4.248  4.190  4.331  4.248  4.246  4.500  4.317  4.304  4.475  3.970  4.174  4.159  4.143  4.025  4.111  4.143  4.231  4.043  4.171  4.190  4.190  4.167  4.174  4.174  4.284  4.127  4.174
4.440  4.267  4.277  4.238  4.248  4.337  4.398  4.205  4.290  4.527  4.127  4.159  4.344  4.437  4.443  4.248  4.174  4.277  4.382  4.554  4.407  4.143  4.248  4.174  4.078  4.127  4.205  4.156  4.025  4.043  4.331  4.194  4.127  4.094  4.246  4.174  4.127  4.277  4.256  4.234  4.127  4.111
4.466  4.304  4.380  4.190  4.331  4.277  4.220  4.263  4.220  4.511  4.407  4.466  4.317  4.454  4.290  4.197  4.263  4.277  4.369  4.263  4.277  4.190  4.357  4.344  4.025  3.985  4.127  4.140  4.060  4.190  4.248  4.094  4.357  4.159  4.174  4.094  4.234  4.369  4.344  4.231  4.078  4.220
4.284  4.277  4.328  4.260  4.263  4.348  4.277  4.317  4.363  4.357  4.248  4.331  4.454  4.290  4.443  4.205  4.190  4.205  4.477  4.304  4.290  4.174  4.127  4.270  4.220  4.220  4.263  4.248  4.174  4.331  4.234  4.205  4.344  4.328  4.304  4.174  4.205  4.174  4.094  4.317  4.234  4.297
4.234  4.083  4.007  4.078  4.140  4.220  4.007  4.086  4.159  4.220  4.111  4.190  4.263  4.277  4.422  4.143  4.094  4.246  4.127  4.190  4.248  4.094  4.127  4.094  3.970  3.970  4.025  4.043  3.784  4.025  4.043  4.060  4.190  4.205  4.078  3.985  4.060  4.043  4.111  3.892  3.989  4.124
4.610  4.392  4.394  4.828  4.500  4.382  4.407  4.500  4.466  4.500  4.394  4.407  4.605  4.533  4.277  4.437  4.331  4.220  4.605  4.419  4.431  4.419  4.394  4.382  4.220  4.190  4.317  4.060  4.143  4.277  4.344  4.140  4.234  4.260  4.317  4.328  4.256  4.277  4.190  4.477  4.205  4.234
5.455  5.447  5.375  5.464  5.315  5.442  5.407  5.371  5.351  5.624  5.472  5.525  5.416  5.451  5.545  5.349  5.267  5.361  5.425  5.394  5.521  5.338  5.380  5.447  5.361  5.278  5.234  5.242  5.153  5.170  5.220  5.347  5.226  5.308  5.338  5.241  5.312  5.236  5.268  5.251  5.257  5.347
4.990  4.982  4.970  4.933  4.796  5.004  4.883  4.883  4.898  5.037  4.905  4.984  4.942  4.990  5.011  4.787  4.824  4.970  4.938  5.014  5.112  4.949  4.820  4.890  4.811  4.819  4.858  4.777  4.710  4.691  4.820  4.898  4.796  4.812  4.796  4.956  4.644  4.909  4.984  4.816  4.762  4.844
5.572  5.230  5.371  5.459  5.349  5.371  5.303  5.460  5.451  5.587  5.353  5.525  5.602  5.415  5.481  5.308  5.371  5.273  5.529  5.394  5.517  5.338  5.338  5.278  5.431  5.398  5.273  5.170  5.100  5.366  5.303  5.264  5.429  5.449  5.416  5.278  5.263  5.357  5.333  5.247  5.303  5.447
5.069  5.004  5.063  4.990  4.956  4.875  5.159  5.030  4.961  5.165  5.055  5.193  5.204  5.226  5.170  5.053  5.069  4.898  5.043  5.094  5.108  4.990  4.984  5.001  4.973  4.900  4.828  4.956  4.710  4.868  5.016  4.875  4.812  4.942  4.927  4.905  4.868  5.024  4.963  4.828  4.779  4.820
4.954  4.762  4.860  4.762  4.811  4.700  4.836  4.804  4.771  5.011  4.905  4.927  4.970  4.779  4.902  4.779  4.663  4.718  4.787  4.792  4.796  4.787  4.680  4.691  4.564  4.773  4.736  4.700  4.533  4.454  4.852  4.934  4.745  4.762  4.687  4.662  4.804  4.749  4.734  4.745  4.644  4.710
5.436  5.365  5.257  5.398  5.398  5.316  5.485  5.394  5.415  5.505  5.587  5.565  5.631  5.442  5.552  5.371  5.434  5.420  5.471  5.416  5.485  5.442  5.472  5.485  5.147  5.247  5.359  5.313  5.124  5.308  5.420  5.352  5.313  5.394  5.620  5.389  5.384  5.384  5.247  5.293  5.241  5.197
4.926  4.635  4.997  4.844  4.808  4.682  4.820  4.836  4.786  5.043  4.828  4.963  4.890  4.913  4.881  4.749  4.635  4.828  4.844  5.004  4.999  4.862  4.718  4.762  4.682  4.682  4.625  4.625  4.659  4.700  4.663  4.736  4.714  4.710  4.796  4.754  4.580  4.844  4.844  4.769  4.718  4.820
4.552  4.290  4.466  4.511  4.263  4.290  4.263  4.357  4.304  4.382  4.443  4.520  4.477  4.489  4.509  4.394  4.477  4.304  4.494  4.522  4.466  4.454  4.357  4.159  4.511  4.419  4.344  4.248  4.357  4.220  4.317  4.224  4.419  4.564  4.344  4.317  4.394  4.220  4.290  4.407  4.288  4.407
4.277  4.094  4.290  4.205  4.190  4.190  4.171  4.386  4.174  4.431  4.224  4.301  4.489  4.234  4.419  4.069  4.094  4.190  4.357  4.321  4.354  4.182  4.174  4.086  4.127  4.174  4.205  4.143  4.190  4.078  4.057  4.205  4.190  4.159  4.190  4.274  4.094  4.256  4.234  4.174  4.190  4.256
3.829  3.850  3.584  3.689  3.664  3.597  3.738  3.738  3.689  3.784  3.555  3.807  3.802  3.912  3.850  3.733  3.757  3.584  3.632  3.928  3.850  3.761  3.784  3.721  3.738  3.584  3.738  3.761  3.584  3.584  3.664  3.738  3.714  3.684  3.638  3.638  3.611  3.555  3.526  3.638  3.526  3.584
4.060  3.970  4.043  3.951  3.967  4.025  3.912  3.989  3.970  4.060  3.951  4.202  4.190  4.078  4.174  3.829  4.078  3.918  4.066  4.234  4.234  4.043  3.918  3.951  3.989  4.078  4.004  4.060  4.007  3.802  3.912  4.022  3.951  4.007  3.970  4.078  3.912  3.951  4.040  4.043  4.007  3.932
3.466  3.664  3.466  3.584  3.664  3.526  3.526  3.664  3.555  3.689  3.277  3.738  3.664  3.784  3.784  3.611  3.555  3.555  3.850  3.784  3.807  3.638  3.664  3.664  3.541  3.520  3.520  3.584  3.526  3.555  3.638  3.714  3.676  3.664  3.658  3.555  3.466  3.555  3.564  3.555  3.401  3.689
6.896  6.811  6.832  6.804  6.790  6.904  6.786  6.885  6.831  6.919  6.872  6.861  6.885  6.907  7.029  6.789  6.760  6.770  6.918  6.922  6.861  6.817  6.796  6.943  6.757  6.741  6.798  6.855  6.534  6.640  6.718  6.669  6.797  6.868  6.876  6.888  6.775  6.874  6.799  6.706  6.771  6.703
4.811  4.934  4.625  4.718  4.652  4.685  4.585  4.575  4.786  4.843  4.787  4.745  4.820  4.856  4.942  4.804  4.820  4.564  4.796  4.816  4.860  4.787  4.710  4.812  4.754  4.940  4.625  4.431  4.407  4.552  4.527  4.663  4.554  4.787  4.718  4.718  4.452  4.868  4.673  4.530  4.570  4.625
