4.317  4.454  4.363  4.205  4.454  4.410  4.511  4.407  4.454  4.466  4.419  4.394  4.511  4.489  4.431  4.419  4.357  4.301  4.394  4.331  4.554  4.394  4.344  4.516  4.043  4.241  4.187  4.111  4.174  4.111  4.341  4.317  4.212  4.304  4.431  4.341  4.304  4.174  4.407  4.127  4.111  4.094
4.060  4.007  3.989  4.007  4.091  3.947  3.912  3.970  4.159  3.989  3.951  3.784  4.111  4.069  4.159  3.989  4.091  4.031  3.970  4.043  4.143  4.025  3.951  4.052  3.829  3.714  3.850  3.738  3.829  3.714  3.714  3.912  3.947  3.912  3.892  3.867  3.888  3.638  3.761  3.932  3.807  3.892
4.549  4.373  4.454  4.328  4.263  4.290  4.382  4.394  4.304  4.489  4.187  4.477  4.446  4.489  4.466  4.277  4.290  4.277  4.357  4.407  4.344  4.290  4.419  4.407  4.205  4.263  4.328  4.288  4.060  4.159  4.238  4.174  4.124  4.304  4.373  4.317  4.234  4.148  4.220  4.190  4.127  4.205
4.197  3.892  4.202  4.190  4.111  4.004  4.127  4.091  4.248  4.174  4.025  4.190  4.511  4.094  4.361  4.094  3.951  3.989  4.220  4.253  4.234  4.127  4.025  4.078  3.892  4.025  3.932  4.111  3.951  3.970  3.912  3.932  4.025  3.871  3.989  4.127  4.031  3.912  4.025  4.060  3.932  4.140
4.956  5.030  4.808  4.771  4.896  4.856  4.997  4.754  4.736  4.924  4.673  4.538  4.934  5.017  5.056  4.893  4.905  4.773  4.868  4.700  4.996  4.898  4.905  5.075  4.585  4.564  4.691  4.585  4.585  4.710  4.786  4.749  4.775  4.625  4.811  4.736  4.836  4.690  4.718  4.710  4.593  4.739
4.533  4.431  4.754  4.344  4.525  4.564  4.595  4.234  4.331  4.520  4.234  4.311  4.835  4.824  4.875  4.419  4.248  4.514  4.344  4.277  4.489  4.220  4.489  4.700  4.260  4.025  4.304  4.174  4.174  4.382  4.494  4.357  4.489  4.241  4.248  4.220  4.357  4.460  4.205  4.290  4.304  4.328
3.689  3.497  3.555  3.332  3.584  3.367  3.584  3.761  3.611  3.611  3.584  3.664  3.784  3.689  3.761  3.611  3.689  3.611  3.611  3.689  3.689  3.632  3.638  3.555  3.664  3.689  3.664  3.664  3.401  3.555  3.555  3.555  3.638  3.497  3.638  3.638  3.490  3.367  3.367  3.466  3.578  3.434
3.526  3.401  3.434  3.401  3.367  3.664  3.459  3.611  3.466  3.714  3.550  3.555  3.824  3.664  3.784  3.526  3.664  3.584  3.664  3.638  3.761  3.638  3.584  3.466  3.367  3.497  3.526  3.638  3.466  3.555  3.638  3.584  3.459  3.466  3.520  3.497  3.466  3.584  3.605  3.434  3.578  3.434
4.603  4.635  4.625  4.654  4.710  4.564  4.419  4.625  4.663  4.812  4.644  4.790  4.896  4.792  4.782  4.762  4.758  4.691  4.727  4.736  4.771  4.527  4.598  4.605  4.382  4.431  4.538  4.382  4.348  4.407  4.575  4.585  4.710  4.458  4.541  4.454  4.543  4.559  4.554  4.644  4.419  4.477
5.497  5.149  5.220  5.333  5.366  5.170  5.204  5.283  5.176  5.371  5.295  5.268  5.347  5.370  5.416  5.170  5.242  5.187  5.323  5.417  5.357  5.136  5.234  5.182  5.204  5.182  5.036  4.934  4.938  4.920  5.153  5.153  5.215  5.182  5.209  5.135  5.093  5.124  5.069  5.165  4.847  5.136
4.331  4.127  4.382  4.477  4.369  4.404  4.212  4.304  4.290  4.304  4.220  4.419  4.394  4.431  4.477  4.205  4.159  4.263  4.256  4.522  4.511  4.337  4.317  4.331  4.111  3.932  4.143  3.989  4.140  4.159  4.212  4.382  4.043  4.290  4.357  4.304  4.277  4.256  4.148  4.256  4.069  4.290
4.575  4.644  4.543  4.691  4.673  4.394  4.486  4.533  4.317  4.559  4.644  4.530  4.635  4.452  4.723  4.575  4.369  4.348  4.419  4.625  4.752  4.533  4.392  4.615  4.220  4.253  4.341  4.174  4.253  4.248  4.543  4.533  4.522  4.431  4.369  4.498  4.369  4.595  4.324  4.354  4.357  4.500
4.363  4.220  4.182  4.290  4.304  4.263  4.143  4.159  4.263  4.317  4.143  4.290  4.489  4.248  4.344  4.357  4.127  4.043  4.443  4.373  4.290  3.970  4.111  4.331  4.127  4.007  4.111  4.277  3.871  4.094  4.094  4.127  4.143  4.234  4.382  4.205  4.148  4.174  4.194  4.248  3.970  4.043
3.912  3.768  3.807  3.738  3.791  3.638  3.807  3.738  3.689  3.850  3.738  3.942  3.829  3.850  3.892  3.664  3.638  3.689  3.807  3.892  3.932  3.689  3.611  3.761  3.714  3.839  3.689  3.738  3.584  3.611  3.726  3.638  4.007  3.664  3.761  3.761  3.664  3.658  3.733  3.738  3.714  3.638
4.635  4.394  4.649  4.317  4.407  4.538  4.369  4.407  4.623  4.481  4.220  4.281  4.344  4.317  4.500  4.094  4.227  4.410  4.732  4.718  4.489  4.331  4.248  4.317  4.407  4.277  4.317  4.248  3.970  4.460  4.078  4.220  4.831  4.404  4.598  4.331  4.277  4.248  4.248  4.422  4.431  4.290
4.174  4.025  4.543  4.331  4.205  4.220  4.304  4.111  4.382  4.331  4.060  4.533  4.317  4.344  4.525  4.190  4.159  4.363  4.522  4.635  4.331  4.290  4.234  4.220  4.344  4.111  3.970  4.108  3.985  4.386  4.025  4.111  4.541  4.369  4.369  4.217  4.135  4.025  4.060  4.212  4.246  4.234
4.477  4.328  4.248  4.407  4.234  4.394  4.220  4.205  4.277  4.489  4.277  4.554  4.454  4.382  4.500  4.205  4.344  4.376  4.440  4.511  4.481  4.443  4.348  4.489  4.159  4.248  4.263  4.094  4.212  4.277  4.288  4.220  4.625  4.407  4.357  4.190  4.290  4.382  4.220  4.263  4.234  4.227
4.977  4.734  4.868  4.984  4.898  4.847  4.700  4.852  4.773  4.938  4.836  4.963  4.836  4.956  5.124  4.812  4.743  4.812  5.004  5.100  4.736  4.896  4.877  4.870  4.804  4.663  4.762  4.691  4.486  4.605  4.718  4.787  4.949  4.782  4.811  4.796  4.721  4.947  4.828  4.736  4.739  4.875
5.832  5.595  5.707  5.625  5.724  5.690  5.619  5.731  5.733  5.707  5.791  5.894  5.901  5.855  5.854  5.631  5.765  5.765  5.714  5.854  5.771  5.746  5.694  5.817  5.628  5.687  5.613  5.583  5.595  5.609  5.576  5.438  5.649  5.700  5.642  5.687  5.553  5.727  5.745  5.649  5.529  5.645
5.945  5.740  5.714  5.746  5.802  5.858  5.685  5.787  5.733  5.916  5.922  5.808  6.042  5.945  5.979  5.790  5.802  5.875  5.844  5.916  5.826  5.836  5.878  5.829  5.544  5.765  5.746  5.740  5.621  5.666  5.771  5.568  5.759  5.789  5.738  5.875  5.864  5.849  5.864  5.765  5.670  5.697
4.335  4.554  4.428  4.369  4.363  4.260  4.263  4.263  4.407  4.477  4.369  4.477  4.407  4.419  4.543  4.382  4.277  4.304  4.489  4.477  4.317  4.304  4.489  4.522  4.431  4.277  4.301  4.277  4.260  4.394  4.419  4.304  4.392  4.416  4.536  4.344  4.174  4.373  4.277  4.382  4.295  4.407
3.839  3.738  3.922  3.850  3.784  3.784  3.912  3.733  3.861  3.888  3.807  3.947  3.967  3.892  4.043  3.738  3.951  3.761  3.807  4.060  3.989  3.850  3.689  3.912  3.970  3.714  3.951  3.714  3.605  3.689  3.867  3.664  3.912  3.807  3.829  3.761  3.701  3.761  3.689  3.689  3.738  3.871
