6.068  5.476  6.040  5.724  5.948  5.932  5.866  5.924  5.927  6.153  5.794  6.031  5.875  5.823  5.971  5.591  5.460  5.878  6.019  5.849  5.765  5.537  5.687  5.485  5.619  5.784  5.628  5.545  5.147  5.529  5.541  5.318  5.699  5.724  5.707  5.655  5.529  5.673  5.778  5.765  5.525  5.830
5.011  4.489  4.942  4.779  4.898  4.836  4.680  4.909  4.860  5.136  4.787  4.984  4.852  4.787  5.030  4.727  4.605  4.758  4.963  4.717  4.844  4.718  4.615  4.559  4.419  4.754  4.394  4.220  4.057  4.260  4.331  4.277  4.578  4.431  4.554  4.696  4.533  4.477  4.696  4.394  4.373  4.710
5.142  4.990  4.913  4.898  5.182  4.989  5.100  5.011  4.984  5.159  5.037  5.094  5.085  5.147  5.063  4.965  4.875  5.106  5.112  5.093  5.075  4.896  5.043  5.063  4.927  4.877  4.868  4.866  4.710  4.860  5.088  4.820  4.868  4.970  4.984  4.927  4.905  4.940  4.963  5.011  4.934  4.997
4.357  4.234  4.159  4.078  4.060  4.171  4.190  4.205  4.248  4.443  4.209  4.344  4.407  4.331  4.335  4.143  3.871  4.290  4.212  4.357  4.290  4.078  4.127  4.234  3.912  4.043  4.111  4.043  4.007  4.127  4.078  4.205  4.060  4.127  4.111  4.159  4.025  4.060  4.248  4.127  3.989  4.248
5.749  5.357  5.664  5.666  5.680  5.715  5.717  5.583  5.811  5.905  5.553  5.908  5.872  5.585  5.707  5.576  5.371  5.561  5.989  5.784  5.628  5.468  5.529  5.447  5.717  5.855  5.525  5.595  5.251  5.449  5.342  5.366  4.615  5.793  5.606  5.631  5.561  5.624  5.398  5.513  5.587  5.725
4.812  4.623  4.600  4.673  4.691  4.705  4.836  4.723  4.883  4.942  4.727  4.990  5.004  4.777  4.836  4.691  4.745  4.625  4.898  4.682  4.890  4.771  4.635  4.734  4.883  4.920  4.615  4.516  4.357  4.623  4.477  4.500  3.584  4.771  4.595  4.585  4.710  4.443  4.533  4.431  4.787  4.610
5.169  5.004  5.118  5.043  5.149  5.081  5.047  4.984  5.124  5.313  5.159  5.198  5.227  5.030  5.273  5.075  4.934  5.081  5.063  5.056  5.017  5.081  5.088  5.153  4.860  5.004  5.047  4.997  4.844  4.898  5.081  4.828  4.990  5.077  5.050  4.947  5.007  5.037  4.934  5.069  4.787  4.934
4.297  4.357  4.454  4.404  4.466  4.407  4.341  4.190  4.530  4.431  4.477  4.392  4.514  4.466  4.511  4.217  4.357  4.419  4.466  4.419  4.304  4.431  4.263  4.394  4.159  4.256  4.217  4.304  3.989  4.174  4.205  4.373  4.369  4.354  4.205  4.357  4.263  4.281  4.369  4.205  4.094  4.369
5.093  5.030  4.875  4.727  5.112  5.030  5.024  4.942  4.907  5.252  5.182  5.198  5.308  5.159  5.235  4.762  4.635  5.136  5.059  4.875  4.982  4.956  5.011  4.852  4.734  4.663  4.816  4.726  4.505  4.615  4.779  4.543  4.585  4.898  4.844  4.796  4.779  4.642  4.934  4.820  4.477  4.682
3.780  3.689  3.584  3.738  3.745  3.761  3.795  3.714  3.651  3.957  3.784  3.892  4.060  4.094  3.938  3.638  3.689  3.829  3.761  3.664  3.912  3.784  3.932  4.043  3.638  3.555  3.761  3.684  3.550  3.555  3.738  3.584  3.367  3.555  3.829  3.664  3.714  3.714  3.714  3.738  3.360  3.638
3.761  3.761  3.784  3.638  3.664  3.932  3.780  3.761  3.757  3.761  3.714  3.761  3.922  3.807  4.119  3.676  3.791  3.829  3.807  3.850  3.985  3.784  3.850  3.850  3.714  3.584  3.738  3.689  3.664  3.761  3.761  3.892  3.714  3.689  3.664  3.951  3.733  3.714  3.784  3.761  3.632  3.738
3.584  3.689  3.526  3.497  3.497  3.401  3.459  3.466  3.450  3.550  3.360  3.584  3.638  3.664  3.696  3.434  3.434  3.520  3.497  3.892  3.466  3.555  3.564  3.497  3.401  3.497  3.401  3.512  3.367  3.434  3.466  3.526  3.497  3.367  3.520  3.434  3.367  3.401  3.434  3.401  3.535  3.434
4.820  4.779  4.835  4.762  4.997  5.209  4.394  5.061  5.170  5.159  5.193  5.187  5.242  5.273  5.236  4.954  4.595  5.425  5.130  5.153  4.949  4.796  5.094  5.176  4.812  4.913  4.970  5.063  4.511  4.881  4.898  4.500  4.727  4.673  4.920  4.848  4.787  4.927  4.920  5.004  4.654  4.691
3.632  3.638  3.813  3.818  3.651  3.611  3.795  3.645  4.025  3.908  3.773  3.829  3.829  3.733  3.892  3.791  3.578  3.932  3.989  3.780  3.989  3.951  3.902  3.807  3.684  3.497  3.664  3.761  3.611  3.714  3.611  3.850  3.928  3.638  3.839  3.738  3.466  3.684  3.611  3.611  3.784  3.526
5.746  5.664  5.631  5.729  5.787  5.753  5.649  5.648  5.727  5.724  5.781  5.855  5.813  5.700  5.763  5.720  5.607  5.689  5.756  5.697  5.727  5.704  5.771  5.623  5.652  5.723  5.578  5.743  5.638  5.613  5.719  5.606  5.606  5.737  5.670  5.680  5.748  5.737  5.628  5.746  5.561  5.759
4.860  4.777  4.862  4.900  4.762  4.870  4.836  4.850  4.890  4.924  4.942  4.984  4.877  4.836  5.011  4.673  4.682  4.718  4.920  4.934  4.852  4.852  4.779  4.997  4.777  4.749  4.690  4.727  4.649  4.787  4.730  4.635  4.875  4.812  4.682  4.762  4.798  4.734  6.144  4.682  4.745  4.820
6.526  6.286  6.370  6.469  6.413  6.457  6.310  6.414  6.339  6.581  6.501  6.544  6.546  6.361  6.504  6.344  6.319  6.534  6.380  6.501  6.399  6.284  6.344  6.361  6.245  6.326  6.377  6.396  6.260  6.255  6.339  6.198  6.347  6.331  6.425  6.420  6.353  6.583  6.572  6.546  6.267  6.535
5.438  5.481  5.521  5.472  5.481  5.620  5.352  5.318  5.529  5.684  5.678  5.564  5.764  5.634  5.724  5.596  5.472  5.628  5.535  5.549  5.572  5.434  5.624  5.620  5.389  5.429  5.472  5.432  5.293  5.523  5.497  5.342  5.442  5.434  5.525  5.580  5.455  5.438  5.651  5.621  5.429  5.429
5.347  5.242  5.263  5.287  5.412  5.303  5.247  5.242  5.384  5.323  5.303  5.357  5.359  5.278  5.472  5.257  5.192  5.381  5.424  5.407  5.313  5.257  5.278  5.351  5.204  5.278  5.182  5.242  5.094  5.176  5.272  5.124  5.259  5.286  5.276  5.250  5.228  5.277  5.219  5.281  5.193  5.365
3.714  3.768  3.638  3.664  3.784  3.664  3.664  3.829  3.738  3.835  3.882  3.738  3.780  3.970  3.912  3.658  3.761  3.912  3.611  3.829  3.951  3.784  3.807  3.807  3.584  3.824  3.871  3.664  3.632  3.664  3.714  3.857  3.714  3.857  3.818  3.807  3.761  3.638  3.676  3.555  3.611  3.664
5.400  5.310  5.340  5.380  5.395  5.389  5.318  5.366  5.426  5.487  5.407  5.371  5.505  5.393  5.602  5.290  5.464  5.447  5.497  5.434  5.537  5.429  5.367  5.497  5.357  5.268  5.374  5.290  5.197  5.242  5.342  5.323  5.384  5.541  5.541  5.447  5.394  5.405  5.215  5.235  5.222  5.298
4.654  4.625  4.575  4.673  4.743  4.644  4.585  4.554  4.635  4.564  4.644  4.652  4.860  4.760  4.852  4.663  4.690  4.682  4.682  4.835  4.927  4.663  4.595  4.700  4.554  4.585  4.642  4.494  4.454  4.454  4.585  4.635  4.663  4.605  4.754  4.682  4.623  4.525  4.477  4.419  4.533  4.691
