5.897  5.916  5.817  5.799  5.787  5.914  5.802  5.881  5.953  6.073  5.996  6.068  5.890  5.979  5.938  5.919  5.770  5.749  6.089  5.829  6.017  5.864  5.916  5.889  5.886  5.832  5.700  5.730  5.700  5.886  5.808  5.894  5.881  5.911  6.001  5.889  5.746  5.849  5.797  5.741  5.784  5.919
5.628  5.704  5.656  5.591  5.561  5.656  5.591  5.617  5.790  5.832  5.740  5.864  5.738  5.602  5.717  5.624  5.503  5.425  5.908  5.591  5.774  5.696  5.763  5.730  5.609  5.707  5.403  5.505  5.403  5.549  5.663  5.595  5.687  5.670  5.790  5.670  5.489  5.583  5.555  5.389  5.609  5.687
3.829  3.850  3.664  3.638  3.807  3.605  3.714  3.638  3.892  3.738  3.689  3.829  3.850  3.912  3.912  3.611  3.689  3.664  3.738  3.761  3.850  3.689  3.714  3.784  3.871  3.757  3.611  3.714  3.367  3.664  3.750  3.611  3.689  3.738  3.638  3.555  3.738  3.676  3.745  3.689  3.520  3.689
4.057  3.892  4.124  4.094  4.060  3.970  3.912  3.947  3.967  4.060  3.928  4.043  4.094  4.060  4.099  3.970  3.761  3.829  4.078  4.111  4.069  4.043  3.932  3.912  3.961  3.850  3.908  3.738  3.611  3.738  4.052  3.932  4.025  3.714  3.784  3.738  3.892  3.892  4.078  3.773  3.709  3.951
3.951  3.784  3.829  3.912  3.807  3.807  3.689  3.714  3.784  3.989  3.871  3.850  3.892  3.932  3.985  3.761  3.689  3.750  3.807  4.043  3.908  3.947  3.807  3.892  3.871  3.689  3.689  3.761  3.714  3.714  3.807  3.611  3.784  3.761  3.714  3.664  3.738  3.658  3.738  3.709  3.689  3.861
3.807  3.584  3.871  3.738  3.619  3.401  3.714  3.611  3.664  3.689  3.555  3.638  3.611  3.714  3.807  3.526  3.761  3.497  3.526  3.932  3.738  3.638  3.526  3.738  3.611  3.526  3.664  3.714  3.401  3.434  3.664  3.526  3.664  3.611  3.584  3.689  3.664  3.611  3.550  3.761  3.367  3.638
4.143  4.317  4.205  4.205  4.220  4.190  4.315  4.217  4.190  4.205  4.263  4.159  4.304  4.354  4.437  4.220  4.328  4.288  4.382  4.331  4.382  4.344  4.290  4.315  3.951  4.025  4.094  4.159  4.078  4.159  4.205  4.143  4.143  4.248  4.190  4.227  4.111  4.190  4.094  4.190  4.043  4.016
4.344  4.277  4.475  4.477  4.443  4.564  4.394  4.454  4.248  4.610  4.344  4.477  4.543  4.394  4.543  4.404  4.407  4.328  4.454  4.554  4.522  4.466  4.466  4.419  4.060  4.111  4.328  4.171  4.127  4.246  4.443  4.290  4.380  4.401  4.404  4.263  4.585  4.407  4.190  4.111  4.140  4.277
3.912  3.829  3.824  3.829  3.784  3.807  3.835  3.877  3.861  4.111  3.784  3.932  3.784  4.111  4.111  3.638  3.976  3.824  4.078  3.998  3.985  3.829  3.761  3.928  3.938  3.892  3.818  3.676  3.714  3.738  3.761  3.850  3.871  3.850  3.807  3.784  3.689  3.761  3.738  3.664  3.738  3.892
3.664  3.611  3.689  3.597  3.611  3.497  3.584  3.761  3.738  3.807  3.497  3.714  3.664  3.738  3.951  3.584  3.611  3.738  3.932  3.871  3.738  3.738  3.550  3.714  3.733  3.738  3.526  3.555  3.555  3.761  3.395  3.632  3.709  3.638  3.684  3.738  3.611  3.555  3.664  3.611  3.638  3.497
3.611  3.466  3.611  3.497  3.611  3.520  3.638  3.584  3.638  3.584  3.555  3.555  3.638  3.807  4.779  3.651  3.714  3.738  3.638  3.784  3.714  3.689  3.584  3.902  3.638  3.466  3.651  3.664  3.757  3.738  3.611  3.466  3.676  3.689  3.664  3.689  3.434  3.555  3.714  3.611  3.564  3.555
3.824  4.025  3.892  4.007  3.951  3.784  3.892  3.989  3.761  4.025  3.829  3.871  4.074  3.951  4.691  3.784  3.985  3.807  4.060  3.951  3.932  3.970  3.850  4.025  3.761  3.714  3.689  3.784  3.773  3.664  3.989  3.824  4.025  3.638  3.784  3.932  3.689  4.025  3.829  3.807  3.761  3.784
3.526  3.584  3.584  3.490  3.520  3.645  3.638  3.526  3.651  3.638  3.497  3.497  3.784  3.850  3.761  3.434  3.497  3.584  3.611  3.807  3.709  3.466  3.434  3.466  3.258  3.526  3.497  3.497  3.367  3.689  3.638  3.638  3.497  3.638  3.466  3.784  3.466  3.584  3.401  3.434  3.332  3.466
3.526  3.526  3.434  3.611  3.466  3.550  3.526  3.526  3.481  3.555  3.428  3.526  3.664  3.773  3.733  3.466  3.689  3.434  3.466  3.664  3.632  3.497  3.497  3.434  3.526  3.490  3.434  3.418  3.395  3.401  3.434  3.466  3.434  3.434  3.497  3.401  3.490  3.584  3.367  3.450  3.288  3.367
3.638  3.733  3.584  3.555  3.434  3.555  3.605  3.578  3.578  3.434  3.395  3.584  3.555  3.611  3.784  3.570  3.584  3.466  3.466  3.689  3.689  3.733  3.664  3.761  3.497  3.401  3.434  3.526  3.555  3.584  3.526  3.526  3.434  3.638  3.638  3.584  3.401  3.584  3.466  3.395  3.360  3.466
3.434  3.550  3.434  3.466  3.466  3.428  3.332  3.466  3.611  3.475  3.367  3.401  3.632  3.466  3.701  3.664  3.401  3.360  3.611  3.738  3.584  3.401  3.526  3.526  3.526  3.401  3.526  3.401  3.332  3.258  3.401  3.555  3.466  3.428  3.466  3.434  3.367  3.401  3.367  3.401  3.296  3.367
4.745  4.920  4.858  4.564  4.844  4.868  4.449  4.736  4.407  4.357  4.308  4.410  4.920  4.533  5.147  4.771  4.331  4.905  4.922  4.913  4.924  4.890  4.777  4.911  4.419  4.419  4.407  4.431  4.354  4.454  4.635  4.635  4.718  4.595  4.549  4.700  4.585  4.736  4.779  4.654  4.522  4.682
4.673  4.920  4.883  4.489  5.004  4.904  4.642  4.990  4.290  4.357  4.308  4.466  5.063  4.543  5.226  4.860  4.248  5.017  5.088  5.081  5.050  4.970  5.043  5.186  4.736  4.625  4.710  4.673  4.564  4.745  4.762  4.736  4.836  4.934  4.736  4.997  4.787  4.710  4.800  4.718  4.700  4.828
3.578  3.526  3.584  3.714  3.638  3.584  3.526  3.761  3.584  3.761  3.714  3.611  3.784  3.813  3.850  3.611  3.738  3.757  3.555  3.709  3.689  3.611  3.632  3.664  3.605  3.658  3.555  3.611  3.401  3.689  3.750  3.611  3.619  3.497  3.584  3.664  3.526  3.638  3.709  3.584  3.490  3.638
3.526  3.526  3.638  3.555  3.638  3.555  3.434  3.526  3.555  3.434  3.555  3.526  3.638  3.745  3.664  3.584  3.555  3.605  3.689  3.664  3.689  3.526  3.671  3.584  3.497  3.638  3.550  3.497  3.258  3.584  3.526  3.611  3.624  3.497  3.497  3.578  3.497  3.584  3.714  3.526  3.466  3.645
3.434  3.676  3.584  3.664  3.555  3.526  3.684  3.555  3.664  3.664  3.497  3.611  3.768  3.664  3.738  3.721  3.684  3.401  3.619  3.738  3.871  3.807  3.584  3.555  3.651  3.611  3.466  3.689  3.497  3.367  3.526  3.466  3.466  3.526  3.611  3.638  3.714  3.434  3.611  3.578  3.555  3.850
3.401  3.555  3.434  3.555  3.526  3.434  3.434  3.434  3.664  3.526  3.526  3.555  3.638  3.638  3.829  3.367  3.584  3.367  3.466  3.807  3.459  3.526  3.497  3.611  3.490  3.497  3.520  3.332  3.401  3.332  3.526  3.428  3.555  3.367  3.555  3.578  3.434  3.401  3.459  3.378  3.497  3.714
