4.538  4.533  4.382  4.477  4.304  4.331  4.407  4.304  4.263  4.277  4.246  4.369  4.380  4.401  4.263  4.331  4.311  4.190  4.543  4.394  4.443  4.407  4.382  4.443  4.331  4.382  4.248  4.190  4.108  4.304  4.220  4.260  4.301  4.190  4.295  4.469  4.483  4.317  4.357  4.380  4.357  4.481
4.357  4.270  4.431  4.394  4.143  4.143  4.190  4.290  4.263  4.234  4.078  4.159  4.367  4.159  4.248  4.394  4.212  4.159  4.317  4.248  4.394  4.277  4.263  4.205  4.369  4.190  4.304  4.078  4.043  4.234  4.111  4.174  4.205  4.277  4.179  4.217  4.248  4.187  4.159  4.108  4.248  4.248
5.277  5.175  5.170  5.204  5.181  5.338  5.371  5.212  5.273  5.468  5.204  5.352  5.303  5.292  5.313  5.347  5.231  5.263  5.403  5.165  5.541  5.285  5.198  5.337  5.215  5.242  5.215  5.030  5.088  5.273  5.273  5.236  5.106  5.226  5.323  5.193  5.288  5.193  5.145  5.159  5.187  5.100
5.017  4.745  5.011  4.811  4.827  5.056  4.915  4.894  5.004  5.004  4.934  5.075  4.997  4.942  5.052  4.824  4.804  4.898  4.970  4.913  4.977  4.927  4.868  4.804  4.710  4.787  4.762  4.787  4.644  4.843  4.691  4.804  4.804  4.790  4.913  4.896  4.966  4.654  4.883  4.828  5.014  4.779
5.899  5.720  5.724  5.687  5.649  5.816  5.746  5.705  5.866  5.910  5.805  5.776  5.924  5.766  5.914  5.707  5.663  5.673  5.753  5.697  5.920  5.790  5.638  5.802  5.603  5.472  5.576  5.663  5.464  5.541  5.749  5.684  5.529  5.631  5.680  5.602  5.746  5.810  5.765  5.617  5.670  5.576
4.500  4.151  4.344  4.344  4.205  4.530  4.331  4.248  4.295  4.511  4.290  4.625  4.380  4.404  4.357  4.401  4.297  4.317  4.367  4.440  4.489  4.489  4.304  4.489  4.025  4.190  4.143  4.234  4.108  4.454  4.382  4.143  4.304  4.263  4.205  4.234  4.290  4.205  4.260  4.078  4.483  4.190
4.328  4.078  4.220  4.174  4.205  4.111  4.234  4.220  4.205  4.317  4.227  4.290  4.317  4.248  4.443  4.143  4.187  4.143  4.267  4.394  4.290  4.317  4.220  4.341  4.111  4.143  4.043  4.135  3.970  3.912  4.022  4.246  4.212  4.253  4.159  4.159  4.007  4.248  4.094  4.060  4.007  4.111
3.989  3.932  3.951  4.248  4.043  4.043  4.025  4.043  3.850  4.111  3.938  4.127  4.148  4.127  4.277  3.970  4.148  4.111  4.086  4.127  4.290  4.190  4.043  4.007  3.951  3.850  4.078  4.025  4.094  3.947  4.043  4.043  4.007  4.094  4.060  4.111  3.985  4.116  3.947  3.951  3.932  4.078
3.989  4.034  4.043  3.807  3.951  3.818  4.078  4.060  4.078  4.217  4.060  4.179  4.174  4.234  4.111  3.967  3.989  4.025  4.248  4.007  4.022  3.951  3.912  4.148  3.932  3.892  3.784  3.892  3.750  3.632  3.829  3.912  3.912  3.733  3.850  3.998  3.761  3.942  3.922  3.871  3.829  3.932
3.664  3.555  3.367  3.550  3.638  3.434  3.497  3.638  3.497  3.611  3.332  3.611  3.584  3.526  3.497  3.526  3.466  3.555  3.584  3.689  3.592  3.555  3.466  3.689  3.434  3.434  3.497  3.434  3.434  3.434  3.526  3.611  3.638  3.466  3.466  3.526  3.466  3.584  3.535  3.466  3.395  3.459
5.361  5.112  5.176  5.133  5.209  5.088  5.142  5.262  5.220  5.464  5.173  5.273  5.318  5.142  5.242  5.150  5.094  5.083  5.257  5.308  5.226  5.024  4.968  5.136  5.106  5.247  5.030  5.024  4.874  5.086  5.130  5.011  5.178  5.043  5.161  5.097  5.094  5.100  4.984  5.097  5.063  5.209
5.349  5.088  5.398  5.252  5.243  5.106  5.263  5.247  5.298  5.276  5.394  5.303  5.198  5.193  5.182  5.100  5.124  5.088  5.347  5.234  5.283  5.252  5.024  5.021  5.193  5.003  5.027  5.030  4.820  4.970  5.043  5.075  5.147  5.136  5.185  5.111  5.088  5.198  5.004  5.094  5.136  5.278
3.850  3.807  3.780  3.709  3.714  3.761  3.638  3.932  3.761  3.761  3.638  3.738  3.829  3.947  3.871  3.813  3.714  3.871  3.871  3.892  3.829  3.664  3.807  3.871  3.784  3.638  3.434  3.584  3.497  3.664  3.555  3.932  3.578  3.664  3.768  3.738  3.701  3.664  3.611  3.434  3.738  3.689
3.638  3.434  3.611  3.605  3.526  3.709  3.638  3.526  3.619  3.466  3.401  3.555  3.689  3.829  3.784  3.584  3.497  3.738  3.578  3.689  3.555  3.434  3.584  3.434  3.638  3.490  3.555  3.584  3.401  3.550  3.401  3.664  3.526  3.434  3.624  3.584  3.526  3.434  3.367  3.466  3.466  3.401
5.204  4.954  5.030  5.058  5.263  5.153  5.032  5.081  4.997  5.270  5.181  5.169  5.247  5.118  5.273  4.963  4.926  5.017  5.145  5.123  5.153  5.050  5.132  5.170  4.890  4.820  4.997  4.852  4.691  4.844  4.934  4.972  5.103  4.984  4.913  5.024  4.852  4.997  5.077  5.050  4.905  5.040
5.808  5.656  5.737  5.938  5.866  5.784  5.758  5.733  5.742  5.890  5.763  5.811  5.943  5.838  6.033  5.649  5.659  5.655  5.958  5.942  5.872  5.746  5.652  5.793  5.740  5.638  5.505  5.541  5.426  5.398  5.425  5.606  5.771  5.720  5.728  5.746  5.565  5.778  5.714  5.591  5.765  5.677
5.193  5.042  5.193  5.298  5.100  5.094  4.997  4.852  5.049  4.989  4.844  5.142  5.247  5.037  5.338  4.949  5.037  4.890  5.215  5.147  5.190  5.030  4.997  5.159  5.059  5.069  4.883  4.804  4.844  4.843  5.011  4.963  5.056  5.100  5.089  5.106  4.997  5.094  4.858  4.963  5.088  5.162
5.036  4.790  4.844  5.030  4.836  4.889  4.977  4.913  5.037  5.100  4.868  5.011  5.181  4.989  5.114  4.898  4.887  4.874  5.170  5.086  5.047  5.043  4.874  5.094  4.949  4.736  4.710  4.663  4.828  4.828  4.963  4.875  4.913  4.913  5.153  4.959  4.779  4.836  4.852  4.779  4.868  4.949
5.061  5.017  5.056  5.165  5.159  5.088  4.970  5.130  5.088  5.112  5.030  5.034  5.170  5.136  5.187  4.836  4.929  4.990  5.136  5.153  5.056  5.130  5.109  5.100  4.852  4.723  4.990  4.779  4.800  4.868  4.902  5.094  4.927  4.868  5.231  4.958  5.003  5.220  5.081  4.927  4.796  4.949
4.248  4.361  3.989  4.220  4.357  4.007  4.043  3.989  4.205  4.190  4.007  4.304  4.274  4.290  4.369  4.060  4.277  4.187  4.315  4.277  4.234  4.369  4.066  4.317  3.871  4.022  4.043  3.871  4.025  3.892  3.989  4.220  4.263  3.970  4.094  4.187  4.043  4.263  4.108  3.970  4.127  4.111
3.733  3.714  3.850  3.850  3.871  3.784  3.638  3.951  3.829  3.761  3.664  3.932  3.829  3.989  3.932  3.846  3.829  3.932  3.970  4.007  3.871  3.892  3.709  3.912  3.861  3.689  3.784  3.768  3.466  3.757  3.689  3.738  3.784  3.829  3.850  3.951  3.871  4.043  4.143  4.159  4.025  4.025
3.526  3.367  3.497  3.497  3.555  3.434  3.401  3.401  3.401  3.555  3.367  3.526  3.638  3.638  3.761  3.490  3.434  3.434  3.550  3.638  3.555  3.526  3.497  3.401  3.497  3.332  3.541  3.490  3.434  3.497  3.434  3.428  3.497  3.605  3.611  3.395  3.497  3.395  3.434  3.367  3.466  3.459
