3.428  3.332  3.258  3.689  3.360  3.395  3.450  3.520  3.401  3.434  3.466  3.332  3.401  3.497  3.570  3.401  3.332  3.360  3.555  3.761  3.481  3.526  3.555  3.401  3.541  3.605  3.367  3.490  3.526  3.550  3.367  3.258  3.367  3.296  3.506  3.296  3.258  3.325  3.367  3.332  3.459  3.332
3.332  3.466  3.091  3.584  3.401  3.296  3.367  3.466  3.258  3.434  3.258  3.434  3.497  3.497  3.611  3.466  3.332  3.466  3.434  3.466  3.497  3.332  3.332  3.367  3.401  3.367  3.584  3.401  3.434  3.258  3.367  3.296  3.367  3.332  3.296  3.296  3.401  3.258  3.296  3.466  3.367  3.401
4.431  4.369  4.419  4.284  4.304  4.263  4.454  4.533  4.588  4.533  4.419  4.575  4.500  4.511  4.573  4.407  4.094  4.466  4.543  4.301  4.625  4.431  4.615  4.554  4.357  4.454  4.304  4.205  4.234  4.234  4.317  4.328  4.331  4.489  4.290  4.392  4.354  4.331  4.369  4.304  4.328  4.344
4.431  4.295  4.382  4.290  4.174  4.344  4.454  4.407  4.419  4.500  4.127  4.466  4.522  4.500  4.562  4.281  4.078  4.331  4.419  4.140  4.500  4.290  4.297  4.357  4.256  4.290  4.007  4.197  4.108  4.234  4.246  4.124  4.304  4.234  4.220  4.217  4.246  4.248  4.143  4.205  4.094  4.301
4.533  4.284  4.538  4.263  4.331  4.410  4.331  4.394  4.369  4.419  4.437  4.564  4.431  4.357  4.498  4.290  4.331  4.477  4.376  4.549  4.520  4.466  4.317  4.357  4.277  4.205  4.190  4.290  4.124  4.386  4.246  4.304  4.452  4.263  4.317  4.304  4.373  4.174  4.407  4.248  4.263  4.317
4.331  4.256  4.394  4.290  4.174  4.288  4.431  4.382  4.159  4.554  4.277  4.363  4.331  4.328  4.407  4.248  4.382  4.290  4.443  4.437  4.398  4.331  4.331  4.404  4.111  4.143  4.248  4.094  4.094  4.260  4.119  4.317  4.116  4.205  4.263  4.253  4.127  4.174  4.212  4.205  4.086  4.304
6.586  6.269  6.498  6.532  6.499  6.522  6.365  6.417  6.460  6.721  6.593  6.583  6.555  6.506  6.534  6.455  6.155  6.461  6.553  6.468  6.310  6.354  6.399  6.474  6.229  6.337  6.308  6.310  6.120  6.213  6.420  6.148  6.411  6.293  6.290  6.361  6.250  6.424  6.460  6.301  6.341  6.363
6.512  6.478  6.519  6.480  6.495  6.606  6.483  6.430  6.454  6.730  6.695  6.621  6.631  6.569  6.608  6.504  6.365  6.347  6.538  6.594  6.575  6.524  6.550  6.677  6.301  6.423  6.425  6.284  6.312  6.471  6.513  6.282  6.499  6.405  6.459  6.499  6.351  6.493  6.402  6.413  6.380  6.321
5.247  5.056  5.382  5.153  5.112  5.215  5.136  5.276  5.220  5.236  5.165  5.159  5.257  5.106  5.264  5.223  5.165  5.106  5.236  5.409  5.165  5.088  4.994  5.204  4.959  5.069  4.997  5.130  5.150  5.250  5.123  5.142  4.984  5.135  5.198  4.984  5.004  4.949  4.898  4.963  4.984  4.977
5.733  5.606  6.192  5.647  5.759  5.609  5.784  6.235  5.602  5.874  5.869  5.717  5.697  5.561  5.869  5.547  5.521  5.743  6.093  6.209  5.705  5.688  5.638  5.797  5.826  5.472  5.533  5.489  5.738  6.063  5.820  5.829  5.505  5.711  5.791  5.421  5.257  5.481  5.552  5.782  5.575  5.476
5.004  4.852  5.153  5.050  5.088  5.147  4.808  4.945  5.072  5.147  4.963  5.052  4.927  4.860  5.077  4.883  4.868  5.153  4.963  5.159  5.037  4.997  4.956  5.121  4.913  4.934  4.940  4.844  4.836  4.927  4.804  4.913  5.089  4.907  4.874  4.942  4.913  5.050  4.900  5.036  4.779  4.968
5.112  5.106  5.124  4.997  5.072  5.196  5.024  4.905  5.096  5.201  5.050  5.242  4.970  4.990  5.322  4.920  4.927  5.254  5.136  5.069  5.193  5.124  5.069  5.308  5.006  5.004  5.085  5.075  4.860  4.942  4.868  5.056  5.075  5.030  5.124  5.069  5.011  4.966  5.088  5.017  4.999  5.023
5.310  5.124  5.130  5.112  5.159  4.997  5.112  5.094  5.081  5.297  5.219  5.182  5.268  5.142  5.220  5.011  5.050  5.187  5.220  5.142  5.306  5.318  5.257  5.425  5.088  5.156  5.120  5.357  5.209  5.220  5.063  4.898  5.030  5.088  5.136  5.075  4.942  5.063  5.056  4.927  4.883  4.970
4.723  4.769  4.710  4.595  4.575  4.663  4.625  4.533  4.623  4.796  4.652  4.745  4.875  4.796  4.775  4.575  4.659  4.691  4.736  4.585  4.866  4.787  4.804  4.812  4.585  4.464  4.663  4.608  4.454  4.595  4.564  4.635  4.585  4.700  4.691  4.700  4.575  4.511  4.595  4.454  4.304  4.443
4.717  4.691  4.700  4.647  4.823  4.682  4.615  4.691  4.736  4.820  4.754  4.913  5.118  4.866  4.984  4.644  4.554  4.796  4.758  4.820  4.812  4.758  4.727  4.881  4.691  4.700  4.736  4.382  4.610  4.562  4.727  4.779  4.771  4.623  4.663  4.718  4.812  4.511  4.644  4.843  4.644  4.673
4.823  4.890  4.860  4.644  4.890  4.796  4.779  4.635  4.951  4.836  4.904  4.860  5.030  5.050  5.124  4.762  4.970  4.920  5.007  4.883  5.106  4.990  4.934  5.043  4.811  4.673  4.736  4.721  4.585  4.868  4.787  4.787  4.754  4.827  4.710  4.836  4.836  4.543  4.745  4.741  4.625  4.913
5.844  5.685  5.700  5.765  5.799  5.805  5.663  5.737  5.717  5.795  5.780  5.849  5.808  5.849  5.989  5.723  5.598  5.817  5.846  5.737  5.904  5.814  5.717  5.841  5.464  5.525  5.673  5.543  5.455  5.666  5.642  5.568  5.717  5.602  5.541  5.765  5.638  5.684  5.765  5.635  5.492  5.694
4.844  5.004  4.852  4.905  4.913  5.043  4.942  4.754  4.874  4.970  5.004  5.182  5.071  5.081  5.263  4.920  4.894  4.898  4.852  4.924  5.198  5.004  5.030  5.247  4.787  4.766  4.804  4.820  4.605  4.963  4.881  4.919  4.920  4.913  4.736  5.069  4.890  4.828  4.927  4.844  4.699  4.794
4.522  4.522  4.481  4.500  4.454  4.477  4.511  4.431  4.301  4.466  4.466  4.603  4.615  4.500  4.633  4.454  4.290  4.511  4.595  4.522  4.575  4.357  4.583  4.443  4.277  4.143  4.431  4.369  4.140  4.270  4.394  4.331  4.331  4.241  4.357  4.277  4.248  4.407  4.516  4.407  4.431  4.404
3.738  3.807  3.829  3.807  3.761  3.714  3.664  3.784  3.761  3.912  3.871  3.807  3.902  3.947  3.951  3.714  3.638  3.871  3.829  4.016  4.043  3.738  3.871  3.761  3.709  3.807  3.611  3.861  3.555  3.664  3.664  3.761  3.850  3.611  3.888  3.989  3.714  3.689  3.684  3.555  3.738  3.714
5.097  4.984  5.094  5.056  5.069  5.124  4.844  4.942  4.934  5.091  5.176  5.121  5.094  5.004  5.147  4.913  4.898  5.273  5.140  5.106  5.263  4.898  5.037  5.094  4.920  4.934  4.956  4.949  4.554  4.745  4.934  4.828  5.142  4.898  5.011  4.942  4.828  4.900  4.927  5.030  4.700  4.961
4.538  4.317  4.454  4.376  4.543  4.443  4.263  4.419  4.304  4.543  4.509  4.585  4.489  4.431  4.615  4.234  4.331  4.431  4.554  4.511  4.771  4.304  4.394  4.394  4.344  4.304  4.220  4.205  4.174  4.407  4.190  4.234  4.454  4.419  4.344  4.443  4.317  4.350  4.344  4.344  4.317  4.454
