5.384  5.170  5.313  5.250  5.153  5.193  5.088  5.263  5.342  5.247  5.050  5.220  5.375  5.124  5.242  5.069  4.970  5.100  5.220  5.231  5.236  5.176  5.061  5.153  5.075  5.069  5.037  5.011  4.866  5.004  5.043  4.963  5.124  5.001  5.109  5.080  5.069  5.056  5.037  5.058  4.898  5.169
5.642  5.533  5.724  5.585  5.613  5.598  5.661  5.666  5.631  5.737  5.656  5.790  5.790  5.515  5.720  5.421  5.649  5.595  5.680  5.737  5.749  5.659  5.625  5.629  5.700  5.606  5.704  5.835  5.663  5.696  5.501  5.606  5.517  5.606  5.617  5.557  5.425  5.476  5.501  5.568  5.436  5.595
4.883  4.710  4.771  4.866  4.883  4.877  4.860  4.875  5.019  5.089  4.804  4.927  4.913  4.691  4.997  4.748  4.868  4.804  4.890  4.836  5.011  4.823  4.727  4.782  4.762  4.796  4.771  4.762  4.654  4.736  4.533  4.860  4.890  4.868  4.938  4.700  4.802  4.745  4.752  4.654  4.804  4.808
5.198  5.159  5.088  5.136  5.165  5.198  5.252  5.124  5.204  5.288  5.169  5.138  5.164  5.132  5.159  5.009  5.226  4.977  5.268  5.034  5.384  5.223  5.153  5.190  4.984  4.972  4.949  5.114  4.854  4.997  4.963  5.193  4.942  5.165  5.100  5.056  4.990  4.977  4.992  4.852  5.004  5.030
4.443  4.407  4.357  4.317  4.290  4.431  4.290  4.331  4.205  4.522  4.382  4.419  4.422  4.344  4.466  4.382  4.220  4.367  4.369  4.277  4.443  4.290  4.190  4.407  4.321  4.143  4.248  4.489  4.127  4.344  4.344  4.304  4.324  4.127  4.277  4.304  4.304  4.205  4.143  4.290  4.205  4.452
4.416  4.317  4.373  4.446  4.277  4.205  4.466  4.392  4.248  4.437  4.288  4.454  4.331  4.344  4.466  4.127  4.234  4.253  4.331  4.431  4.369  4.344  4.277  4.234  4.241  3.989  4.159  4.205  3.989  4.234  4.304  4.248  4.124  4.220  4.301  4.304  4.143  4.205  4.025  4.380  4.277  4.205
6.188  6.096  6.136  6.096  6.165  6.096  6.154  6.136  6.192  6.342  6.248  6.225  6.250  6.166  6.245  6.054  6.023  6.075  6.233  6.138  6.168  6.035  6.133  6.172  5.943  6.038  6.127  6.009  5.950  6.023  6.050  5.919  5.964  6.021  6.046  6.121  6.107  6.165  6.151  6.109  5.979  6.112
6.722  6.551  6.613  6.666  6.620  6.662  6.648  6.644  6.783  6.874  6.806  6.796  6.790  6.659  6.758  6.624  6.627  6.649  6.776  6.636  6.670  6.609  6.720  6.695  6.607  6.652  6.574  6.627  6.525  6.526  6.658  6.538  6.545  6.696  6.736  6.641  6.615  6.574  6.702  6.619  6.545  6.564
4.875  4.754  4.994  4.644  4.635  4.625  4.691  4.677  4.700  4.856  4.790  4.828  4.860  4.691  4.982  4.673  4.554  4.489  4.828  4.860  4.823  4.673  4.726  4.900  4.500  4.554  4.516  4.477  4.344  4.595  4.454  4.554  4.663  4.696  4.585  4.710  4.654  4.654  4.477  4.541  4.522  4.595
5.193  4.844  5.069  5.069  5.030  5.026  5.017  5.069  4.963  5.150  5.039  5.165  5.170  5.001  5.236  4.927  4.877  4.927  5.165  5.112  5.118  5.105  4.947  5.075  4.832  4.691  4.762  4.779  4.700  4.736  4.787  4.913  4.920  4.956  4.796  4.920  4.820  5.023  6.178  4.856  4.796  4.920
4.804  4.663  4.741  4.777  4.700  4.710  4.654  4.721  4.682  4.820  4.705  4.951  5.017  4.745  4.963  4.640  4.796  4.644  4.868  4.949  4.860  4.812  4.762  4.804  4.654  4.673  4.642  4.575  4.511  4.530  4.615  4.691  4.771  4.691  4.663  4.659  4.640  4.726  4.654  4.654  4.498  4.620
4.394  4.533  4.386  4.452  4.317  4.443  4.315  4.500  4.382  4.567  4.443  4.475  4.605  4.500  4.673  4.392  4.369  4.159  4.564  4.745  4.585  4.431  4.466  4.469  4.284  4.357  4.317  4.205  4.260  4.190  4.304  4.382  4.477  4.394  4.428  4.466  4.274  4.331  4.290  4.317  4.344  4.344
4.111  3.961  3.951  4.025  4.043  3.951  4.007  3.932  4.025  4.143  3.867  4.205  4.220  4.007  4.277  3.912  4.060  4.043  4.159  4.127  4.248  4.060  4.151  4.124  4.004  3.850  3.892  3.824  3.733  3.807  3.912  3.989  3.892  4.043  3.970  4.031  3.989  4.007  3.957  3.989  3.807  3.932
3.985  4.078  3.951  3.989  4.143  4.074  4.143  4.025  4.060  4.132  4.025  4.078  4.143  3.970  4.124  4.007  3.951  4.164  4.007  4.078  4.241  4.159  4.060  4.083  3.951  3.951  4.057  4.040  3.970  3.989  3.932  3.951  3.807  4.007  4.034  4.025  4.111  4.043  3.947  4.013  3.882  4.007
4.317  4.094  4.143  4.074  4.277  4.248  4.060  4.234  4.205  4.263  4.111  4.394  4.350  4.248  4.277  4.043  3.985  4.111  4.394  4.248  4.127  4.159  4.205  4.127  4.086  4.078  4.159  4.060  3.850  3.912  4.103  3.951  4.091  3.989  3.989  4.127  4.140  4.205  4.205  4.248  3.951  4.190
4.234  4.060  4.143  4.328  4.263  4.290  4.127  4.171  4.190  4.357  4.159  4.248  4.419  4.431  4.290  4.143  4.127  4.190  4.380  4.350  4.290  4.234  4.171  4.205  4.043  4.116  4.156  4.143  4.060  4.060  4.127  4.143  4.220  4.277  4.159  4.174  4.167  4.143  4.238  4.143  4.127  4.205
4.963  4.762  4.754  4.828  4.883  4.893  4.828  4.787  4.860  5.069  4.875  4.883  5.040  4.902  5.170  4.890  4.798  4.890  4.875  4.905  5.130  4.956  4.779  4.990  4.796  4.745  4.854  4.771  4.522  4.732  4.804  4.754  4.875  4.812  4.956  4.844  4.727  4.802  4.710  4.796  4.691  4.852
4.357  4.500  4.234  4.341  4.331  4.274  4.454  4.263  4.344  4.350  4.290  4.344  4.443  4.452  4.710  4.234  4.367  4.190  4.454  4.454  4.615  4.585  4.500  4.536  4.220  4.263  4.466  4.217  4.083  4.277  4.304  4.452  4.317  4.290  4.446  4.382  4.341  4.277  4.127  4.304  4.354  4.335
5.704  5.638  5.765  5.684  5.724  5.722  5.548  5.638  5.609  5.642  5.768  5.710  5.781  5.765  5.730  5.591  5.438  5.796  5.700  5.784  5.755  5.712  5.861  5.908  5.513  5.583  5.576  5.539  5.529  5.609  5.580  5.442  5.568  5.509  5.644  5.576  5.645  5.717  5.659  5.707  5.553  5.609
5.595  5.613  5.700  5.628  5.635  5.714  5.609  5.580  5.669  5.740  5.633  5.700  5.720  5.677  5.761  5.580  5.552  5.666  5.728  5.717  5.774  5.787  5.778  5.947  5.519  5.687  5.624  5.577  5.529  5.545  5.559  5.615  5.704  5.537  5.641  5.589  5.642  5.609  5.617  5.595  5.537  5.628
4.234  4.234  4.304  4.234  4.398  4.260  4.205  4.205  4.274  4.404  4.094  4.205  4.331  4.277  4.541  4.174  4.263  4.190  4.428  4.407  4.486  4.443  4.454  4.489  4.094  4.159  4.171  4.234  3.932  4.043  4.091  4.290  4.238  4.111  4.227  4.220  4.143  4.281  4.111  4.111  4.317  4.094
3.871  3.829  3.871  3.892  3.871  4.025  3.807  3.850  3.839  4.007  3.850  4.078  4.078  3.989  4.148  3.902  4.074  3.902  4.127  4.190  4.190  4.078  3.932  4.025  3.761  3.932  3.829  3.761  3.761  3.871  3.908  3.829  3.932  4.043  4.007  3.970  3.738  3.892  3.784  3.850  3.829  3.871
