5.749  5.616  5.666  5.535  5.635  5.753  5.781  5.743  5.811  5.849  5.617  5.835  5.919  5.746  5.838  5.634  5.609  5.591  5.817  5.663  5.719  5.704  5.620  5.743  5.703  5.697  5.631  5.628  5.433  5.606  5.613  5.663  5.545  5.740  5.746  5.652  5.652  5.537  5.467  5.587  5.645  5.677
3.970  4.007  3.951  3.871  3.892  4.111  4.174  4.060  4.022  4.304  4.004  4.119  4.151  3.995  3.989  4.004  3.967  3.871  4.060  4.094  4.156  4.108  3.951  4.025  4.190  4.022  3.951  3.989  3.846  3.829  4.111  3.892  3.850  3.932  3.989  4.031  3.912  3.824  3.850  3.807  3.802  3.951
6.460  6.172  6.306  5.143  5.179  5.094  5.209  5.204  5.108  5.298  5.176  5.209  5.226  5.159  5.215  5.030  5.108  5.147  5.263  5.242  5.030  5.088  5.094  5.023  5.193  5.215  5.043  5.097  4.905  4.963  5.075  5.211  5.153  5.347  5.288  5.252  5.527  5.609  5.303  5.762  5.742  5.886
6.749  6.686  6.743  5.485  5.368  5.438  5.493  5.472  5.517  5.652  5.459  5.602  5.652  5.501  5.591  5.455  5.445  5.308  5.745  5.604  5.557  5.529  5.434  5.398  5.509  5.557  5.357  5.318  5.380  5.320  5.442  5.481  5.283  5.852  5.864  5.762  5.866  5.820  5.694  6.159  6.223  6.238
3.807  3.807  3.829  3.807  3.829  3.867  3.807  3.784  3.928  3.912  3.918  3.912  3.850  3.902  3.967  3.912  3.676  3.784  3.850  4.086  3.871  3.784  3.738  3.714  3.638  3.795  3.714  3.638  3.555  3.664  3.850  3.714  3.938  3.784  3.714  3.829  3.664  3.807  3.696  3.638  3.684  3.850
4.190  4.078  4.143  4.224  4.143  4.143  4.094  4.143  4.124  4.277  4.263  4.260  4.500  4.394  4.295  4.127  4.159  4.078  4.260  4.369  4.331  4.060  4.159  4.127  4.263  4.159  4.043  4.078  3.951  4.078  4.174  3.970  4.234  4.094  4.007  4.040  4.043  4.290  4.116  3.892  4.078  4.040
3.802  3.714  3.807  3.784  3.892  3.912  3.829  3.829  3.714  3.970  3.733  3.829  4.174  4.274  4.060  3.726  3.526  3.555  3.912  4.025  3.784  3.784  3.638  3.829  3.689  3.611  3.611  3.709  3.434  3.555  3.664  3.526  3.761  3.684  3.714  3.555  3.535  3.784  3.526  3.584  3.555  3.664
3.401  3.434  3.434  3.497  3.401  3.401  3.401  3.450  3.296  3.401  3.367  3.401  3.555  3.584  3.638  3.434  3.401  3.401  3.497  3.550  3.434  3.638  3.296  3.526  3.367  3.307  3.325  3.401  3.258  3.434  3.490  3.466  3.526  3.401  3.258  3.466  3.325  3.367  3.258  3.401  3.332  3.367
4.234  4.031  4.159  4.277  4.174  4.290  4.190  4.277  4.086  4.174  3.989  4.217  4.373  4.205  4.419  4.205  3.908  4.127  4.290  4.357  4.317  4.078  4.159  4.348  3.932  4.043  4.111  4.094  3.807  3.989  3.989  4.007  4.043  4.007  4.094  4.220  4.159  4.025  3.985  4.094  3.970  4.007
4.190  3.932  3.951  3.989  3.951  4.043  3.970  4.060  4.043  4.220  3.912  3.989  4.224  4.143  4.190  3.970  3.867  4.159  4.094  4.202  4.034  4.043  3.951  4.083  3.871  4.159  3.989  3.967  3.761  3.829  3.951  4.025  3.892  3.970  3.951  3.888  4.016  3.912  3.871  3.932  3.850  4.004
3.584  3.526  3.761  3.578  3.550  3.434  3.550  3.676  3.638  3.584  3.632  3.638  3.850  3.611  3.676  3.611  3.714  3.592  3.784  3.584  3.850  3.689  3.555  3.714  3.401  3.526  3.555  3.466  3.434  3.434  3.466  3.611  3.597  3.664  3.526  3.689  3.497  3.434  3.360  3.526  3.434  3.526
3.867  3.664  3.689  3.829  3.689  3.784  3.611  3.757  3.714  3.912  3.584  3.871  3.846  3.784  3.850  3.664  3.892  3.871  3.871  4.007  3.807  3.967  3.784  3.689  3.871  3.638  3.807  3.768  3.645  3.714  3.689  3.689  3.761  3.738  3.908  3.714  3.867  3.807  3.733  3.738  3.638  3.807
5.103  4.934  5.118  4.934  5.088  5.170  5.077  4.990  5.142  5.182  5.209  5.176  5.081  4.913  5.050  4.970  5.050  5.075  5.037  5.109  5.268  5.187  5.136  5.384  4.927  5.063  4.977  4.898  5.042  5.130  4.844  4.997  4.968  4.984  5.226  4.970  4.956  5.050  5.061  5.011  4.924  4.990
5.049  5.043  5.081  4.984  4.970  5.030  4.963  4.852  5.069  5.043  5.118  5.011  5.004  5.017  5.112  4.934  4.887  5.147  5.037  5.083  5.187  5.220  5.136  5.220  4.858  4.990  5.011  5.030  4.970  4.913  4.927  5.004  4.949  4.926  5.112  5.024  4.977  5.050  5.088  4.984  4.762  4.934
5.301  5.050  5.069  4.977  5.220  5.324  5.017  5.190  4.992  5.265  5.333  5.186  5.445  5.231  5.288  5.081  4.966  5.323  5.306  5.283  5.063  5.037  5.147  5.170  4.927  5.215  5.142  5.129  4.812  4.890  4.963  4.820  5.017  5.226  5.055  5.136  5.043  5.170  5.121  5.182  4.992  5.209
4.040  4.205  4.124  4.234  4.159  4.116  4.143  4.048  4.111  4.205  4.392  4.337  4.304  4.190  4.425  4.025  4.007  4.083  4.159  4.317  4.263  4.043  4.227  4.174  3.932  4.190  4.127  4.025  3.761  3.784  4.025  3.795  4.127  4.127  4.025  4.234  3.985  4.025  3.932  4.025  3.850  4.060
4.111  4.179  4.205  4.091  4.143  4.091  4.025  4.043  4.217  4.248  4.007  4.143  4.357  4.171  4.398  4.025  4.043  4.127  4.174  4.220  4.290  4.094  4.094  4.127  4.048  3.951  4.025  4.127  3.922  3.970  4.004  4.111  4.143  4.025  4.234  3.967  4.043  4.043  4.007  4.040  4.111  4.066
4.043  3.824  3.932  3.761  3.780  3.689  3.829  3.807  3.951  3.912  3.757  3.871  3.892  3.951  3.932  3.714  3.947  3.807  3.892  4.234  3.932  3.892  3.780  3.892  3.846  3.784  3.850  3.829  3.738  3.761  3.738  3.932  3.951  3.829  3.951  3.761  3.714  3.784  3.807  3.738  3.850  3.846
4.127  4.043  4.143  4.143  4.277  3.912  3.989  4.234  4.190  4.321  4.094  4.007  4.140  4.248  4.443  4.022  4.127  4.174  4.382  4.190  4.174  3.989  4.127  4.143  3.970  3.970  4.086  4.140  3.871  3.932  3.850  3.888  4.007  4.094  4.025  4.094  3.871  4.111  4.108  4.124  3.892  4.111
3.757  3.526  3.951  3.761  3.466  3.632  3.714  3.689  3.784  3.867  3.638  3.611  3.824  3.813  4.094  3.658  3.638  3.714  3.898  3.871  3.829  3.555  3.526  3.689  3.611  3.611  3.689  3.638  3.526  3.555  3.584  3.664  3.784  3.658  3.714  3.664  3.584  3.714  3.597  3.584  3.689  3.638
4.394  4.111  4.220  4.277  4.335  4.209  4.060  4.234  4.277  4.575  4.290  4.407  4.341  4.304  4.554  4.197  4.078  4.357  4.328  4.394  4.263  4.140  4.127  4.174  4.127  4.143  4.190  4.290  3.989  3.871  4.108  4.025  4.317  4.263  4.248  4.304  4.174  4.407  4.248  4.290  3.970  4.382
4.156  3.892  4.190  4.290  4.043  4.111  3.892  4.143  4.127  4.159  4.234  4.234  4.321  4.263  4.263  4.156  4.127  4.127  4.416  4.344  4.220  4.174  4.167  3.989  4.025  3.871  3.932  4.025  3.892  3.942  4.111  4.007  4.025  4.060  4.043  4.205  4.111  4.143  4.290  4.111  4.025  4.159
