3.829  3.807  3.780  3.664  3.664  3.611  3.689  3.664  3.664  3.761  3.632  3.689  4.143  4.022  3.970  3.989  3.738  3.714  3.850  4.094  3.850  3.714  3.709  3.784  3.784  3.526  3.689  3.761  3.584  3.689  3.829  3.689  3.689  3.784  3.664  3.638  3.761  3.664  3.664  3.584  3.497  3.638
3.638  3.638  3.638  3.726  3.714  3.664  3.807  3.714  3.584  3.824  3.761  3.611  4.190  3.989  3.912  3.738  3.714  3.829  3.871  3.989  3.850  3.807  3.829  3.738  3.738  3.689  3.584  3.638  3.584  3.466  3.526  3.611  3.584  3.605  3.605  3.584  3.664  3.664  3.784  3.714  3.497  3.761
4.248  3.989  4.025  4.248  3.989  4.331  4.124  4.060  4.094  4.205  4.159  4.060  4.407  4.220  4.212  4.111  4.060  4.132  4.317  4.217  4.344  4.234  4.069  4.220  4.111  3.922  4.007  4.086  3.850  3.829  3.784  4.007  4.190  4.025  3.947  4.043  4.190  4.111  4.022  4.043  3.888  3.989
4.007  3.970  4.078  4.190  4.099  4.025  4.182  4.151  4.143  4.248  3.951  4.174  4.290  4.190  4.256  4.016  4.007  4.267  4.190  4.234  4.143  4.025  4.078  3.807  3.850  4.043  3.961  3.989  3.784  3.867  3.970  3.980  4.057  3.871  3.871  3.985  3.951  4.043  4.052  3.829  3.918  4.078
4.111  4.074  4.043  4.025  4.182  4.171  4.205  4.043  4.260  4.248  4.111  4.190  4.248  4.263  4.357  3.989  4.040  4.060  4.410  4.190  4.094  4.174  4.094  4.094  3.871  3.989  4.043  3.912  3.912  3.970  3.951  4.043  4.043  4.094  3.970  4.052  4.143  4.074  4.043  3.967  4.025  4.060
4.357  4.220  4.324  4.357  4.337  4.197  4.263  4.344  4.407  4.466  4.440  4.382  4.369  4.419  4.443  4.290  4.407  4.317  4.503  4.394  4.407  4.344  4.331  4.344  4.431  4.248  4.190  4.231  4.248  4.127  4.174  4.078  4.263  4.394  4.317  4.354  4.143  4.317  4.260  4.246  4.344  4.416
3.784  3.664  3.664  3.592  3.466  3.497  3.611  3.605  3.578  3.401  3.459  3.611  3.605  3.638  3.638  3.490  3.520  3.497  3.584  3.714  3.658  3.605  3.611  3.526  3.555  3.497  3.664  3.459  3.401  3.611  3.466  3.497  3.497  3.611  3.550  3.497  3.611  3.466  3.367  3.367  3.578  3.526
3.466  3.332  3.367  3.296  3.434  3.135  3.450  3.434  3.520  3.325  3.401  3.434  3.584  3.434  3.512  3.434  3.497  3.401  3.584  3.784  3.497  3.584  3.434  3.526  3.367  3.466  3.296  3.378  3.258  3.296  3.497  3.497  3.466  3.466  3.497  3.325  3.332  3.296  3.296  3.258  3.459  3.367
3.807  3.611  3.664  3.664  3.861  3.802  3.664  3.738  3.829  3.951  3.750  3.784  3.829  3.824  3.829  3.757  3.867  3.892  3.850  3.989  3.882  3.714  3.829  3.768  3.807  3.584  3.791  3.871  3.638  3.638  3.824  3.839  3.829  3.829  3.807  3.555  3.807  3.714  3.784  3.611  3.664  3.689
4.043  3.912  4.202  4.007  4.043  4.143  4.025  4.094  4.025  4.127  3.957  4.078  4.341  4.297  4.304  4.127  4.007  4.074  3.951  4.159  4.007  4.043  4.205  4.086  4.043  3.912  3.989  3.912  3.861  3.850  4.007  3.951  3.942  4.060  3.970  3.951  3.871  4.060  3.970  3.867  3.932  3.951
4.086  4.060  3.970  3.912  3.892  3.871  3.932  3.989  4.016  3.951  3.784  4.043  4.159  3.892  4.248  4.025  4.127  3.850  4.078  3.871  4.060  4.043  3.922  4.135  3.932  3.829  3.912  3.584  3.829  3.871  3.871  4.043  3.961  4.078  3.850  3.989  3.829  3.714  3.714  3.761  3.638  3.947
3.592  3.555  3.584  3.638  3.721  3.526  3.638  3.745  3.526  3.714  3.689  3.638  3.664  3.846  3.807  3.466  3.738  3.784  3.611  3.784  3.829  3.738  3.676  3.784  3.611  3.526  3.611  3.526  3.497  3.555  3.611  3.526  3.658  3.550  3.611  3.526  3.555  3.497  3.497  3.434  3.555  3.497
4.543  4.477  4.443  4.625  4.708  4.533  4.454  4.407  4.489  4.575  4.554  4.603  4.500  4.419  4.554  4.443  4.407  4.234  4.536  4.613  4.573  4.682  4.466  4.605  4.520  4.416  4.369  4.317  4.317  4.407  4.331  4.494  4.369  4.477  4.382  4.464  4.277  4.331  4.466  4.078  4.454  4.520
5.126  5.085  4.875  5.063  4.949  4.997  4.977  4.913  4.944  5.136  5.124  5.094  5.069  5.004  5.050  4.990  5.011  4.970  4.997  5.100  5.105  5.017  4.984  5.043  4.823  4.682  4.977  4.828  4.808  4.836  5.056  5.036  5.056  4.890  4.984  4.963  4.942  4.966  4.913  4.787  4.828  4.898
4.786  4.543  4.965  4.828  4.804  4.938  4.727  4.760  4.625  4.854  4.762  4.934  4.852  4.732  4.956  4.454  4.682  4.691  4.890  4.806  4.736  4.736  4.522  4.718  4.454  4.380  4.533  4.533  4.454  4.828  4.625  4.615  4.635  4.382  4.682  4.533  4.585  4.666  4.554  4.394  4.771  4.748
5.204  5.124  5.263  5.318  5.259  5.365  5.236  5.357  5.268  5.468  5.236  5.412  5.333  5.306  5.429  5.165  5.149  5.263  5.380  5.257  5.384  5.243  5.081  5.204  5.257  5.338  5.112  5.063  5.004  5.093  5.004  5.204  5.252  5.166  5.268  5.209  5.288  5.268  5.273  5.147  5.140  5.145
4.078  4.043  4.570  4.143  3.922  4.159  3.951  3.912  4.007  4.220  4.227  4.419  4.159  4.007  4.407  3.947  4.078  4.159  4.103  4.317  4.069  4.060  4.127  4.234  3.995  4.022  3.938  3.850  3.867  4.167  3.892  4.078  4.234  3.932  3.970  3.850  3.912  3.892  3.892  3.807  4.060  4.078
3.689  3.611  3.839  3.807  3.611  3.664  3.466  3.526  3.664  4.025  3.696  3.807  3.738  3.555  3.951  3.738  3.638  3.578  3.689  3.807  3.807  3.709  3.578  3.807  3.555  3.367  3.664  3.871  3.624  3.791  3.520  3.638  3.888  3.738  3.466  3.611  3.526  3.611  3.481  3.664  3.676  3.664
3.861  3.892  4.111  4.040  4.094  4.043  4.078  3.989  3.928  4.094  4.022  4.111  4.127  4.174  4.127  3.784  3.967  4.060  4.248  4.234  4.159  4.111  3.951  4.025  3.989  4.007  3.995  3.871  3.829  3.738  4.007  4.190  4.060  3.892  3.951  3.998  3.957  3.912  4.022  3.850  4.043  3.951
3.807  3.689  3.773  3.867  3.738  3.761  3.638  3.738  3.829  3.967  3.784  3.780  3.892  3.738  3.970  3.664  3.829  3.850  3.912  3.912  3.912  3.892  3.761  3.664  3.738  3.664  3.638  3.664  3.584  3.555  3.761  3.784  3.829  3.761  3.807  3.818  3.714  3.689  3.638  3.584  3.638  3.714
3.497  3.434  3.490  3.466  3.332  3.584  3.401  3.526  3.520  3.555  3.296  3.555  3.738  3.555  3.829  3.466  3.497  3.428  3.555  3.664  3.761  3.555  3.481  3.434  3.434  3.459  3.584  3.481  3.296  3.526  3.428  3.332  3.526  3.605  3.584  3.434  3.401  3.401  3.434  3.434  3.497  3.497
3.497  3.434  3.520  3.555  3.497  3.401  3.466  3.526  3.520  3.497  3.466  3.555  3.714  3.497  3.689  3.526  3.466  3.434  3.684  3.632  3.733  3.434  3.296  3.555  3.466  3.434  3.497  3.434  3.258  3.444  3.401  3.555  3.750  3.578  3.497  3.428  3.367  3.434  3.258  3.459  3.497  3.459
