3.714  3.459  3.714  3.434  3.664  3.738  3.714  3.526  3.632  3.434  3.434  3.611  3.802  3.784  3.526  3.738  3.526  3.584  3.738  3.829  3.638  3.689  3.664  3.611  3.526  3.761  3.526  3.733  3.584  3.555  3.584  3.526  3.611  3.664  3.584  3.584  3.611  3.434  3.466  3.555  3.466  3.526
3.497  3.325  3.550  3.555  3.466  3.584  3.475  3.584  3.555  3.497  3.296  3.526  3.664  3.555  3.584  3.738  3.434  3.332  3.709  3.645  3.526  3.526  3.638  3.555  3.367  3.466  3.466  3.434  3.401  3.434  3.490  3.535  3.395  3.466  3.434  3.258  3.497  3.497  3.434  3.332  3.434  3.466
3.989  3.912  4.040  3.850  3.850  3.871  3.871  3.761  3.932  4.057  3.850  3.892  3.970  4.078  3.850  4.060  3.824  4.025  4.060  3.912  3.912  3.850  3.932  4.078  3.807  3.850  3.850  3.928  3.658  3.829  3.526  3.807  3.738  3.970  3.701  3.807  3.850  3.970  3.761  3.892  3.871  3.714
4.220  4.025  4.127  4.043  4.127  4.043  4.331  4.344  4.431  4.431  4.248  4.304  4.357  4.246  4.127  4.248  3.970  4.190  4.159  4.202  4.159  3.970  4.013  4.116  4.007  4.124  4.190  4.007  3.912  3.871  4.111  3.892  4.025  4.171  4.043  3.932  3.892  4.094  4.025  3.970  3.892  4.143
3.689  3.497  3.584  3.434  3.611  3.526  3.555  3.434  3.584  3.526  3.434  3.535  3.733  3.664  3.761  3.684  3.497  3.638  3.611  3.611  3.738  3.611  3.664  3.714  3.428  3.367  3.459  3.526  3.434  3.434  3.332  3.658  3.497  3.497  3.466  3.584  3.497  3.466  3.434  3.466  3.332  3.490
3.664  3.714  3.714  3.761  3.611  3.664  3.709  3.714  3.733  3.932  3.714  3.761  3.829  3.738  3.829  3.784  3.664  3.835  4.043  3.932  3.638  3.839  3.857  3.850  3.611  3.671  3.584  3.526  3.497  3.526  3.738  3.714  3.757  3.721  3.638  3.892  3.611  3.951  3.784  3.664  3.434  3.784
4.820  4.839  4.860  4.700  4.769  4.765  4.836  4.796  4.949  4.942  4.864  4.792  4.881  4.754  4.820  4.673  4.811  4.718  4.927  4.736  4.913  4.898  4.762  4.820  4.836  4.787  4.811  4.644  4.710  4.787  4.796  4.644  4.635  4.779  5.050  4.700  4.802  4.685  4.804  4.727  4.673  4.890
4.477  4.562  4.460  4.304  4.217  4.382  4.564  4.386  4.615  4.625  4.541  4.580  4.554  4.500  4.543  4.419  4.382  4.489  4.625  4.500  4.489  4.543  4.416  4.605  4.263  4.443  4.357  4.277  4.256  4.288  4.367  4.248  4.357  4.466  4.554  4.290  4.477  4.190  4.369  4.277  4.344  4.369
5.017  4.727  4.852  4.875  4.874  4.844  4.771  4.758  4.823  5.118  4.920  4.905  4.990  5.024  4.984  4.836  4.625  4.828  4.836  4.949  4.852  4.820  4.860  4.828  4.691  4.717  4.500  4.727  4.388  4.511  4.647  4.673  4.779  4.718  4.635  4.663  4.705  4.754  4.836  4.721  4.615  4.771
5.288  5.231  5.165  5.130  5.147  5.056  5.159  5.112  5.186  5.316  5.327  5.159  5.273  5.170  5.330  5.153  5.050  5.049  5.236  5.198  5.257  5.193  5.170  5.252  4.956  4.913  4.931  5.121  4.883  5.063  5.193  5.118  5.063  5.109  5.114  5.136  5.153  5.088  5.143  5.138  5.013  5.063
6.165  5.956  6.023  6.176  6.089  6.089  6.080  6.040  5.983  6.271  6.174  6.180  6.180  6.073  6.267  5.922  5.903  5.984  6.151  6.116  6.082  6.047  6.054  6.052  5.841  5.908  5.855  5.768  5.765  5.775  5.958  5.852  5.909  5.900  5.983  5.996  5.976  6.016  5.991  5.825  5.856  5.974
5.635  5.529  5.583  5.611  5.529  5.620  5.568  5.549  5.568  5.746  5.690  5.740  5.631  5.513  5.582  5.322  5.433  5.389  5.595  5.568  5.700  5.583  5.561  5.565  5.371  5.390  5.421  5.342  5.146  5.303  5.457  5.425  5.421  5.414  5.549  5.460  5.489  5.455  5.447  5.434  5.332  5.451
4.663  4.431  4.533  4.615  4.595  4.505  4.533  4.533  4.718  4.605  4.779  4.605  4.700  4.710  4.727  4.489  4.489  4.718  4.736  4.690  4.699  4.691  4.500  4.762  4.533  4.394  4.392  4.454  4.234  4.277  4.452  4.489  4.500  4.382  4.640  4.562  4.635  4.431  4.564  4.618  4.580  4.721
4.074  4.143  4.078  4.263  4.190  4.344  4.205  4.060  4.159  4.043  4.094  4.159  4.260  4.190  4.369  4.143  4.246  4.111  4.159  4.277  4.263  4.174  4.143  4.337  4.159  4.078  4.220  3.989  4.025  4.060  4.135  4.043  4.143  4.074  4.091  4.277  4.127  4.190  3.970  3.970  4.159  4.127
3.807  3.850  3.784  3.850  4.022  3.839  3.807  3.871  3.784  4.025  3.761  3.989  3.932  3.850  4.043  3.714  3.738  3.807  3.882  3.985  3.932  3.892  3.829  3.932  3.584  3.784  3.689  3.807  3.738  3.738  3.714  3.951  3.839  3.784  3.829  3.951  3.689  3.892  3.871  3.757  3.696  3.951
3.584  3.611  3.466  3.738  3.578  3.807  3.367  3.714  3.570  3.526  3.526  3.638  3.861  3.807  3.738  3.605  3.506  3.497  3.757  3.709  3.638  3.638  3.555  3.664  3.497  3.401  3.497  3.555  3.367  3.555  3.689  3.526  3.526  3.555  3.638  3.466  3.497  3.664  3.466  3.401  3.332  3.526
4.816  4.823  4.682  4.820  4.682  4.890  4.691  4.682  4.700  4.852  4.769  4.762  4.927  4.898  5.004  4.727  4.762  4.710  4.920  4.860  4.883  4.840  4.682  4.787  4.712  4.615  4.635  4.466  4.483  4.522  4.575  4.717  4.754  4.820  4.745  4.777  4.812  5.050  5.037  4.564  4.635  4.595
3.970  3.867  3.970  3.850  3.912  3.761  3.928  3.970  3.989  3.932  3.871  4.060  3.892  3.733  4.111  3.638  3.912  3.877  3.807  4.060  4.078  3.951  3.951  3.951  3.784  3.784  3.829  3.689  3.578  3.871  3.714  3.951  3.839  3.738  3.807  3.850  3.829  3.807  3.761  3.638  3.738  3.784
3.689  3.714  3.850  3.846  4.043  3.714  3.850  3.970  3.912  3.970  3.520  3.912  4.174  4.060  3.951  3.761  3.932  3.714  4.094  3.989  3.932  4.007  3.892  3.951  3.745  3.638  3.902  3.689  3.555  3.738  3.738  3.784  3.850  3.714  3.829  3.970  3.829  3.714  3.684  3.850  3.733  3.829
3.829  3.829  3.970  3.947  3.932  3.892  3.761  3.829  4.078  3.995  3.761  3.998  3.985  3.989  4.159  3.807  3.892  3.871  3.980  4.148  4.140  3.989  3.807  3.951  3.846  3.912  3.738  3.824  3.611  3.784  3.824  3.970  3.850  3.892  3.967  3.850  3.882  3.912  3.784  3.912  3.871  3.784
5.215  5.063  5.088  5.106  5.136  5.136  5.068  5.030  5.011  5.198  5.207  4.984  5.235  5.187  5.226  5.112  5.111  5.037  5.069  5.198  5.192  5.197  5.124  5.100  4.940  4.883  4.977  4.889  4.727  4.883  5.034  4.999  5.118  5.064  5.029  5.093  5.004  5.075  5.100  4.977  4.796  4.927
5.215  5.027  5.063  5.220  5.088  5.106  4.982  5.050  4.898  5.153  5.159  5.043  5.193  5.165  5.100  5.069  4.934  5.170  5.100  5.247  5.023  5.056  5.043  5.236  4.924  4.804  4.836  4.915  4.736  4.812  5.011  4.875  5.081  4.836  4.800  5.050  4.796  5.170  5.094  5.037  4.949  5.011
