4.509  4.419  4.382  4.407  4.382  4.466  4.382  4.440  4.522  4.552  4.369  4.443  4.454  4.454  4.554  4.431  4.220  4.317  4.475  4.419  4.585  4.277  4.263  4.477  4.394  4.344  4.277  4.231  4.143  4.290  4.357  4.281  4.277  4.369  4.443  4.248  4.419  4.111  4.341  4.248  4.443  4.248
4.197  4.174  4.111  4.217  4.190  4.190  4.174  4.277  4.043  4.127  4.263  4.376  4.369  4.277  4.431  4.143  4.127  4.159  4.304  4.328  4.317  4.277  4.205  4.263  4.111  4.111  4.111  4.007  3.892  4.111  4.220  4.094  4.025  4.205  4.205  4.127  4.220  4.246  4.007  4.159  3.989  4.060
3.178  3.401  3.332  3.367  3.332  3.296  3.332  3.490  3.434  3.332  3.332  3.332  3.497  3.434  3.611  3.584  3.526  3.296  3.332  3.651  3.611  3.367  3.401  3.526  3.219  3.434  3.325  3.296  3.332  3.428  3.367  3.466  3.466  3.332  3.178  3.258  3.466  3.332  3.250  3.258  3.384  3.367
3.296  3.401  3.401  3.497  3.466  3.367  3.332  3.584  3.520  3.434  3.332  3.401  3.497  3.466  3.584  3.555  3.367  3.434  3.497  3.638  3.459  3.550  3.555  3.638  3.258  3.296  3.343  3.497  3.332  3.395  3.395  3.466  3.466  3.332  3.466  3.401  3.367  3.332  3.428  3.466  3.490  3.258
3.761  3.824  3.784  4.127  3.970  3.738  3.850  3.951  3.892  3.839  3.761  4.007  3.951  3.932  4.086  3.850  3.839  3.738  3.871  4.007  4.031  3.888  3.867  3.898  3.714  3.850  3.807  3.658  3.738  3.738  3.892  3.807  3.709  3.714  3.726  3.871  3.714  3.714  3.584  3.584  3.757  3.829
3.658  3.689  3.850  3.684  3.550  3.638  3.714  3.807  3.871  3.951  3.871  3.829  3.967  3.807  3.951  3.738  3.733  3.684  3.689  3.807  3.942  3.846  3.689  3.928  3.664  3.714  3.664  3.584  3.497  3.664  3.689  3.689  3.684  3.664  3.829  3.829  3.684  3.611  3.807  3.526  3.638  3.807
4.025  4.489  4.074  3.989  4.094  3.912  3.989  4.143  4.143  4.094  4.111  4.164  4.174  4.159  4.143  4.094  3.850  3.871  4.205  4.290  4.190  4.078  4.007  4.143  4.007  3.807  3.829  3.850  4.060  4.040  4.043  3.951  3.908  3.970  3.951  3.951  3.912  3.932  3.938  3.784  3.932  4.007
3.829  4.341  3.829  3.989  3.638  3.761  3.738  3.807  3.780  3.738  3.738  3.807  3.871  3.807  3.871  3.912  3.829  3.761  3.807  4.060  3.829  3.829  3.689  3.850  3.638  3.784  3.807  3.611  3.664  3.497  3.638  3.802  3.807  3.784  3.807  3.738  3.689  3.689  3.813  3.555  3.555  3.638
5.357  5.162  5.117  5.129  5.117  5.024  5.201  5.136  5.242  5.231  5.338  5.308  5.263  5.106  5.323  4.990  5.081  5.030  5.231  5.170  5.288  5.127  5.220  5.187  5.124  5.039  5.037  4.987  4.977  4.970  5.088  5.226  5.088  5.094  5.252  5.040  5.121  5.153  4.968  5.094  5.112  5.159
5.130  4.942  4.905  5.037  4.987  4.898  4.913  4.836  4.804  5.030  4.898  4.898  4.984  4.927  5.024  4.994  4.710  4.787  4.890  5.017  4.942  4.977  4.832  4.963  4.752  4.654  4.762  4.736  4.454  4.771  4.984  4.905  4.820  4.736  4.844  4.860  4.808  4.812  4.794  4.739  4.635  4.787
4.745  4.585  4.727  4.680  4.613  4.663  4.777  4.696  4.663  5.011  4.635  4.816  4.786  4.489  4.771  4.522  4.644  4.605  4.663  4.585  4.828  4.710  4.543  4.635  4.431  4.489  4.500  4.663  4.552  4.694  4.564  4.554  4.625  4.419  4.682  4.673  4.477  4.635  4.600  4.644  4.625  4.573
5.620  5.338  5.509  5.521  5.537  5.420  5.394  5.472  5.450  5.551  5.373  5.535  5.545  5.493  5.541  5.389  5.333  5.513  5.531  5.645  5.460  5.375  5.278  5.438  5.220  5.198  5.298  5.231  5.127  5.244  5.375  5.328  5.485  5.352  5.481  5.323  5.416  5.513  5.292  5.317  5.280  5.375
4.078  4.025  4.007  4.156  4.159  4.212  4.187  4.317  4.060  4.446  4.562  4.431  4.290  4.043  4.220  4.127  4.159  4.174  4.256  4.190  4.143  4.127  3.932  3.989  4.111  3.807  3.807  3.912  3.807  3.871  3.970  4.048  3.912  3.912  4.143  4.060  4.040  4.263  4.016  3.951  4.060  4.034
5.749  5.509  5.548  5.617  5.702  5.666  5.683  5.620  5.620  5.924  5.759  5.765  5.892  5.790  5.866  5.872  5.922  5.817  5.753  5.576  5.924  5.700  5.612  5.608  5.628  5.541  5.393  5.308  5.298  5.384  5.617  5.673  5.553  5.629  5.743  5.624  5.598  5.624  5.492  5.476  5.549  5.505
4.956  4.691  4.585  4.595  4.727  4.691  4.559  4.588  4.771  4.843  4.900  4.860  4.868  4.934  4.812  4.538  4.762  4.615  4.949  4.710  4.956  5.004  4.779  4.718  4.762  4.736  4.779  4.745  4.382  4.595  4.654  4.727  4.710  4.677  4.760  4.615  4.595  4.615  4.663  4.682  4.654  4.682
4.220  4.220  4.248  4.382  4.135  4.078  3.989  4.248  4.234  4.290  4.143  4.369  4.382  4.290  4.290  4.159  4.234  4.043  4.111  4.234  4.301  4.533  4.234  4.234  4.159  4.143  4.167  4.060  4.057  4.205  4.043  4.060  3.951  4.263  4.127  4.159  4.060  4.094  3.951  4.043  4.060  4.174
4.466  4.297  4.443  4.477  4.489  4.304  4.263  4.564  4.489  4.454  4.454  4.564  4.700  4.595  4.718  4.416  4.220  4.317  4.475  4.443  4.489  4.317  4.357  4.557  4.248  4.074  4.256  4.248  4.111  4.159  4.341  4.277  4.331  4.263  4.394  4.220  4.143  4.357  4.369  4.290  4.205  4.248
4.274  4.220  4.466  4.317  4.344  4.190  4.380  4.263  4.111  4.369  4.344  4.331  4.595  4.454  4.564  4.277  4.205  4.304  4.382  4.382  4.357  4.331  4.234  4.301  3.871  3.951  4.288  3.951  3.970  4.174  4.140  4.277  4.220  4.143  4.263  4.025  4.174  4.094  4.187  4.143  4.043  4.159
5.753  5.733  5.673  5.733  5.811  5.651  5.767  5.647  5.690  5.802  5.840  5.796  5.881  5.743  5.884  5.655  5.769  5.700  5.707  5.763  5.846  5.631  5.782  5.759  5.568  5.638  5.594  5.620  5.553  5.545  5.690  5.710  5.707  5.730  5.717  5.746  5.710  5.798  5.787  5.666  5.623  5.529
4.654  4.677  4.608  4.710  4.489  4.511  4.437  4.454  4.525  4.635  4.638  4.500  4.732  4.635  4.835  4.533  4.635  4.419  4.710  4.745  4.754  4.642  4.644  4.718  4.477  4.431  4.567  4.248  4.498  4.522  4.543  4.605  4.554  4.605  4.741  4.663  4.483  4.691  4.615  4.392  4.525  4.500
4.762  4.682  4.605  4.727  4.762  4.654  4.564  4.635  4.605  4.836  4.745  4.754  4.883  4.787  4.860  4.644  4.610  4.575  4.812  4.749  4.673  4.718  4.762  4.727  4.595  4.520  4.605  4.498  4.573  4.454  4.635  4.663  4.640  4.727  4.700  4.779  4.779  4.868  4.714  4.682  4.970  4.812
5.252  5.197  5.264  5.352  5.283  5.209  5.252  5.182  5.100  5.352  5.268  5.257  5.455  5.214  5.352  5.118  5.168  5.204  5.449  5.384  5.370  5.257  5.227  5.357  5.037  4.970  4.913  5.147  4.907  4.972  5.218  5.323  5.342  5.187  5.298  5.273  5.209  5.375  5.220  5.093  5.176  5.100
