3.459  3.664  3.434  3.459  3.584  3.555  3.526  3.497  3.401  3.605  3.481  3.520  3.714  4.260  3.664  3.497  3.520  3.459  3.584  3.689  3.632  3.555  3.401  3.520  3.434  3.497  3.490  3.526  3.401  3.520  3.555  3.459  3.497  3.367  3.367  3.497  3.490  3.466  3.696  3.428  3.466  3.555
3.296  3.497  3.258  3.466  3.638  3.526  3.332  3.367  3.367  3.401  3.367  3.526  3.671  4.159  3.664  3.466  3.270  3.367  3.401  3.611  3.664  3.497  3.367  3.466  3.401  3.497  3.434  3.466  3.296  3.466  3.367  3.270  3.520  3.401  3.332  3.401  3.418  3.332  3.506  3.332  3.466  3.444
4.583  4.605  4.570  4.434  4.331  4.443  4.691  4.500  4.736  4.644  4.736  4.615  4.585  4.605  4.700  4.533  4.443  4.401  4.700  4.458  4.635  4.718  4.663  4.644  4.380  4.301  4.564  4.407  4.443  4.498  4.541  4.554  4.274  4.500  4.543  4.489  4.394  4.324  4.477  4.500  4.388  4.466
4.127  3.989  4.025  3.867  3.951  3.932  4.143  4.004  3.947  4.174  3.861  3.989  4.043  4.078  4.022  3.912  3.989  3.857  3.989  4.004  4.143  3.850  4.078  4.234  4.022  3.942  3.807  3.761  3.829  3.807  3.807  3.807  3.918  3.912  4.007  4.025  3.871  3.932  4.078  3.784  3.829  3.970
3.611  3.714  3.428  3.555  3.555  3.550  3.526  3.584  3.664  3.584  3.611  3.584  3.846  3.761  4.007  3.733  3.570  3.526  3.689  3.738  3.714  3.689  3.605  3.684  3.689  3.638  3.555  3.434  3.466  3.564  3.497  3.555  3.555  3.434  3.497  3.497  3.497  3.611  3.466  3.689  3.466  3.638
3.658  3.555  3.584  3.611  3.638  3.664  3.689  3.611  3.714  3.638  3.664  3.638  3.932  3.824  3.807  3.871  3.638  3.689  3.829  3.807  3.807  3.738  3.664  3.738  3.664  3.689  3.466  3.638  3.506  3.367  3.813  3.738  3.714  3.714  3.526  3.555  3.689  3.584  3.605  3.638  3.466  3.689
3.611  3.611  3.555  3.526  3.401  3.584  3.714  3.611  3.689  3.611  3.401  3.638  3.526  3.611  3.850  3.584  3.434  3.584  3.761  3.888  3.696  3.689  3.526  3.684  3.611  3.466  3.624  3.638  3.773  3.497  3.638  3.611  3.584  3.664  3.555  3.584  3.526  3.497  3.714  3.367  3.689  3.401
3.638  3.795  3.401  3.296  3.401  3.526  3.466  3.584  3.526  3.526  3.367  3.520  3.497  3.466  3.555  3.526  3.584  3.497  3.578  3.932  3.664  3.584  3.526  3.584  3.466  3.520  3.466  3.434  3.459  3.466  3.434  3.611  3.497  3.773  3.434  3.466  3.584  3.459  3.332  3.367  3.605  3.466
5.080  5.066  5.061  5.147  4.990  5.094  5.075  5.004  5.004  5.242  5.089  5.088  5.293  5.273  5.352  5.081  5.283  5.159  5.081  5.043  5.187  5.220  4.951  5.124  4.836  4.745  4.745  4.691  4.466  4.671  4.836  4.940  5.004  5.037  4.913  5.099  4.920  5.017  5.147  5.037  4.796  4.812
4.431  4.466  4.552  4.419  4.341  4.344  4.486  4.205  4.477  4.419  4.394  4.500  4.595  4.590  4.605  4.382  4.407  4.605  4.635  4.454  4.404  4.328  4.324  4.460  4.263  4.159  4.267  4.270  4.143  4.135  4.317  4.171  4.277  4.382  4.369  4.357  4.190  4.522  4.527  4.344  4.078  4.174
3.892  3.550  5.298  3.570  3.761  4.382  3.813  3.829  4.625  4.301  4.734  4.094  4.159  4.043  4.290  3.784  3.689  4.963  4.739  4.270  3.976  4.016  3.784  4.522  4.231  3.932  4.167  4.007  3.555  4.860  3.970  3.738  4.812  4.078  3.882  3.784  3.738  3.773  3.738  3.850  4.234  4.057
4.407  4.078  6.099  4.277  4.288  5.017  4.234  4.263  5.323  4.710  5.459  4.703  4.190  4.419  4.860  4.317  4.317  5.793  5.823  4.585  5.094  4.911  4.143  5.617  4.443  3.951  4.585  4.394  4.025  5.525  3.871  4.143  5.737  4.745  4.143  4.220  4.007  4.025  4.522  4.060  4.944  5.159
3.638  3.714  3.541  3.638  3.526  3.638  3.721  3.709  3.689  3.738  3.466  3.664  3.813  3.757  3.829  3.555  3.829  3.912  3.709  3.850  3.807  3.745  3.497  3.714  3.584  3.584  3.605  3.611  3.638  3.714  3.611  3.664  3.664  3.632  3.611  3.611  3.584  3.497  3.761  3.664  3.497  3.611
3.367  3.332  3.459  3.466  3.401  3.401  3.526  3.466  3.401  3.466  3.258  3.497  3.651  3.605  3.611  3.434  3.490  3.401  3.611  3.689  3.611  3.555  3.466  3.584  3.401  3.367  3.555  3.401  3.296  3.367  3.296  3.428  3.555  3.428  3.526  3.555  3.450  3.584  3.401  3.332  3.466  3.526
3.296  3.360  3.332  3.401  3.296  3.219  3.428  3.434  3.332  3.466  3.258  3.367  3.360  3.296  3.611  3.258  3.497  3.434  3.497  3.555  3.526  3.296  3.497  3.434  3.611  3.219  3.401  3.401  3.219  3.258  3.219  3.258  3.401  3.444  3.367  3.401  3.296  3.434  3.325  3.219  3.258  3.466
3.332  3.258  3.258  3.178  3.332  3.258  3.332  3.367  3.332  3.401  3.157  3.526  3.459  3.555  3.401  3.332  3.401  3.219  3.367  3.611  3.401  3.401  3.296  3.367  3.296  3.466  3.555  3.258  3.219  3.296  3.296  3.555  3.332  3.332  3.466  3.219  3.434  3.296  3.170  3.219  3.296  3.258
3.761  3.738  3.846  3.912  3.761  3.555  3.497  3.584  3.701  3.871  3.738  3.714  3.970  3.989  4.004  3.738  3.807  3.709  4.007  3.829  3.918  3.784  3.689  3.850  3.611  3.632  3.738  3.638  3.611  3.757  3.714  3.761  3.898  3.684  3.835  3.807  3.638  3.689  3.714  3.497  3.709  3.714
4.022  3.970  3.932  3.970  3.918  4.143  3.932  3.892  3.871  4.111  3.932  4.060  4.174  4.078  4.190  3.807  3.912  3.989  4.111  4.060  4.091  4.091  3.892  4.127  3.714  3.912  3.807  3.611  3.709  3.818  3.970  4.025  3.985  3.932  3.912  3.989  3.850  4.007  3.773  3.807  3.892  3.829
3.497  3.434  3.526  3.578  3.714  3.526  3.658  3.611  3.570  3.738  3.497  3.714  3.871  3.829  3.757  3.611  3.689  3.651  3.912  3.957  3.807  3.850  3.757  3.632  3.611  3.714  3.555  3.784  3.497  3.611  3.664  3.784  3.721  3.605  3.714  3.611  3.689  3.611  3.738  3.526  3.520  3.497
4.140  3.932  4.156  4.159  4.043  4.143  4.143  4.127  3.995  4.174  4.043  4.270  4.274  4.140  4.331  4.007  4.190  4.091  4.205  4.227  4.248  4.246  4.094  4.220  4.140  4.022  4.043  4.074  3.726  3.957  3.989  4.043  4.205  3.989  4.143  4.025  4.078  3.989  4.066  4.111  4.074  4.111
3.761  3.871  3.664  3.664  3.989  3.829  3.738  3.970  3.689  4.007  3.611  3.784  4.234  4.007  4.174  3.784  3.970  3.892  3.928  3.932  3.861  3.871  4.078  3.989  3.807  3.829  3.738  3.709  3.738  3.738  3.892  3.912  3.738  3.784  3.784  3.829  3.738  3.689  3.638  3.733  3.784  3.738
4.304  4.466  4.277  4.234  4.220  4.111  4.094  4.466  4.248  4.500  4.357  4.217  4.564  4.543  4.454  4.431  4.127  4.407  4.489  4.357  4.317  4.357  4.585  4.543  4.220  4.127  4.413  4.392  4.220  4.127  4.533  4.111  4.127  4.277  4.361  4.304  4.234  4.135  4.317  4.337  4.220  4.205
