3.951  3.784  3.850  3.714  3.829  3.750  3.684  3.871  3.807  3.989  3.908  3.892  3.829  3.912  3.951  3.689  3.807  3.850  3.912  3.951  3.818  3.676  3.850  3.784  3.738  3.664  3.714  3.738  3.611  3.638  3.638  3.684  3.689  3.829  3.784  3.912  3.658  3.871  3.784  3.829  3.761  3.850
5.557  5.580  5.537  5.659  5.553  5.666  5.855  5.778  5.814  5.832  5.476  5.811  5.659  5.576  5.730  5.631  5.749  5.308  5.891  5.673  5.829  5.866  5.617  5.704  5.814  5.666  5.583  5.417  5.560  5.666  5.447  5.617  5.620  5.732  5.897  5.662  5.598  5.438  5.303  5.354  5.697  5.644
3.761  3.738  3.871  3.761  3.942  3.738  3.802  3.784  3.714  3.638  3.773  3.932  3.807  3.807  3.892  3.892  3.738  3.714  3.784  3.970  3.892  3.795  3.970  3.932  3.761  3.555  3.584  3.658  3.434  3.611  3.611  3.638  3.761  3.738  3.733  3.714  3.638  3.807  3.584  3.526  3.611  3.857
4.511  4.585  4.736  4.718  4.700  4.585  4.762  4.644  4.771  4.736  4.605  4.844  4.762  4.603  4.663  4.489  4.745  4.466  4.762  4.787  4.898  4.710  4.466  4.605  4.682  4.673  4.380  4.234  4.317  4.522  4.369  4.680  4.635  4.773  4.792  4.625  4.564  4.419  4.575  4.263  4.654  4.726
4.980  4.889  4.920  4.898  4.718  4.786  4.919  4.905  4.887  4.990  4.920  5.004  5.111  5.063  5.061  4.820  4.777  4.736  4.883  4.890  4.934  4.934  4.754  4.875  4.868  4.836  4.828  4.745  4.605  4.691  4.812  4.745  4.736  4.904  4.898  4.798  4.727  4.820  4.844  4.682  4.680  4.726
4.625  4.718  4.835  4.522  4.625  4.625  4.727  4.682  4.889  4.970  4.745  4.796  4.852  4.726  4.874  4.671  4.802  4.673  4.927  4.644  4.836  4.877  4.754  4.708  4.541  4.754  4.718  4.533  4.511  4.618  4.644  4.682  4.477  4.811  4.812  4.787  4.657  4.533  4.585  4.522  4.431  4.625
5.416  5.330  5.345  5.416  5.338  5.303  5.403  5.361  5.293  5.434  5.278  5.398  5.323  5.305  5.451  5.135  5.124  5.170  5.379  5.311  5.525  5.342  5.313  5.447  5.094  5.106  5.106  4.836  4.965  5.004  5.043  5.159  5.094  5.268  5.292  5.298  5.159  5.106  5.198  4.934  4.984  5.236
5.645  5.608  5.572  5.505  5.572  5.638  5.700  5.563  5.613  5.734  5.666  5.645  5.593  5.545  5.673  5.412  5.487  5.561  5.529  5.578  5.730  5.576  5.642  5.721  5.384  5.366  5.428  5.290  5.201  5.380  5.447  5.342  5.476  5.352  5.346  5.451  5.442  5.263  5.402  5.352  5.252  5.411
5.293  5.024  5.130  5.094  5.105  5.056  5.112  5.145  5.153  5.204  5.030  5.209  5.332  5.066  5.204  5.088  4.823  4.963  5.168  5.075  5.052  4.990  4.975  5.094  4.745  4.937  4.927  4.866  4.712  4.682  5.050  4.883  5.063  4.820  4.823  4.982  5.034  5.037  5.063  4.956  4.844  5.106
5.513  5.308  5.497  5.481  5.466  5.329  5.421  5.402  5.455  5.638  5.375  5.525  5.602  5.386  5.563  5.434  5.308  5.420  5.535  5.416  5.381  5.402  5.338  5.412  5.124  5.262  5.379  5.236  5.075  5.153  5.429  5.268  5.298  5.407  5.303  5.316  5.347  5.323  5.347  5.293  5.187  5.375
7.649  7.545  7.721  7.603  7.594  7.832  7.524  7.519  7.571  7.645  7.689  7.623  7.677  7.551  7.666  7.534  7.383  7.655  7.607  7.564  7.612  7.463  7.534  7.649  7.381  7.401  7.546  7.549  7.427  7.603  7.564  7.345  7.571  7.452  7.419  7.405  7.536  7.560  7.612  7.462  7.430  7.466
7.380  7.341  7.407  7.363  7.263  7.646  7.358  7.311  7.404  7.442  7.528  7.405  7.380  7.349  7.479  7.318  7.171  7.438  7.458  7.307  7.495  7.327  7.359  7.515  7.268  7.223  7.269  7.405  7.348  7.535  7.311  7.153  7.253  7.272  7.319  7.237  7.307  7.319  7.340  7.247  7.233  7.261
3.871  3.807  3.892  3.829  3.957  3.850  3.882  3.835  3.689  4.025  3.871  3.784  4.025  3.871  4.094  3.892  3.738  3.951  3.807  4.043  4.043  3.970  3.888  3.807  3.761  3.689  3.761  3.714  3.619  3.829  3.807  3.942  3.784  3.784  3.867  3.850  3.761  3.850  3.664  3.689  3.611  3.664
3.638  3.664  3.638  3.738  3.757  3.761  3.689  3.850  3.584  3.807  3.846  3.761  3.947  3.829  3.912  3.714  3.550  3.611  3.871  3.951  3.912  3.761  3.757  3.784  3.526  3.555  3.664  3.584  3.738  3.555  3.761  3.632  3.638  3.611  3.733  3.784  3.738  3.584  3.738  3.434  3.497  3.761
4.454  4.419  4.382  4.489  4.492  4.410  4.407  4.317  4.413  4.564  4.446  4.494  4.543  4.511  4.662  4.454  4.301  4.595  4.564  4.382  4.543  4.440  4.431  4.509  4.263  4.277  4.263  4.369  4.078  4.317  4.263  4.111  4.511  4.419  4.220  4.543  4.382  4.392  4.344  4.344  4.321  4.394
4.613  4.595  4.682  4.605  4.522  4.593  4.635  4.543  4.618  4.760  4.691  4.595  4.828  4.762  4.989  4.635  4.562  4.595  4.745  4.663  4.736  4.644  4.663  4.605  4.615  4.533  4.605  4.610  4.554  4.644  4.820  4.727  4.663  4.615  4.635  4.700  4.505  4.575  4.522  4.486  4.324  4.454
7.120  6.741  6.944  7.000  6.989  6.914  6.875  6.964  6.939  7.052  6.877  7.049  7.103  6.845  7.068  6.787  6.920  6.731  7.067  7.144  7.004  6.979  6.774  6.868  6.902  7.013  6.811  6.719  6.751  6.724  6.724  6.870  6.903  6.971  6.984  6.845  6.837  6.960  6.843  6.815  6.888  6.921
7.015  6.658  6.929  6.961  6.890  6.870  6.854  6.878  6.901  6.974  6.861  7.005  7.041  6.807  7.018  6.691  6.884  6.649  7.025  7.085  6.980  6.877  6.811  6.821  6.850  6.960  6.779  6.641  6.653  6.713  6.677  6.854  6.905  6.959  6.926  6.873  6.834  6.932  6.815  6.737  6.904  6.808
5.768  5.658  5.638  5.737  5.802  5.727  5.733  5.690  5.697  5.753  5.730  5.830  5.835  5.774  5.897  5.673  5.720  5.869  5.922  5.756  5.947  5.768  5.875  5.849  5.617  5.559  5.605  5.600  5.472  5.663  5.595  5.651  5.787  5.649  5.686  5.655  5.724  5.652  5.571  5.576  5.645  5.666
6.242  6.045  6.246  6.258  6.136  6.191  6.131  6.057  6.205  6.228  6.127  6.230  6.187  6.174  6.315  6.154  6.114  6.345  6.457  6.209  6.357  6.174  6.105  6.263  6.045  5.919  6.014  6.131  5.908  6.071  5.991  5.994  6.193  6.163  6.107  6.131  6.109  6.186  6.043  6.067  6.071  6.089
3.738  3.611  3.761  3.761  3.850  3.726  3.555  3.709  3.998  3.807  3.689  3.761  3.850  3.761  3.928  3.689  3.761  3.829  3.850  3.824  3.738  3.689  3.611  3.761  3.632  3.738  3.584  3.689  3.497  3.584  3.597  3.780  3.664  3.638  3.784  3.638  3.638  3.584  3.584  3.584  3.761  3.497
3.401  3.466  3.497  3.466  3.401  3.428  3.250  3.401  3.490  3.360  3.434  3.584  3.638  3.638  3.701  3.611  3.497  3.434  3.584  3.611  3.555  3.497  3.296  3.526  3.466  3.332  3.401  3.497  3.434  3.332  3.466  3.401  3.332  3.296  3.490  3.434  3.367  3.332  3.367  3.219  3.360  3.332
