4.662  4.274  4.407  4.419  4.407  4.533  4.625  4.511  4.522  4.466  4.466  4.477  4.595  4.522  4.595  4.407  4.331  4.344  4.605  4.500  4.500  4.522  4.489  4.489  4.449  4.263  4.382  4.369  4.086  4.392  4.317  4.331  4.443  4.500  4.394  4.350  4.477  4.443  4.489  4.500  4.205  3.780
4.673  4.220  4.500  4.466  4.317  4.585  4.454  4.317  4.363  4.443  4.357  4.500  4.625  4.369  4.454  4.308  4.190  4.220  4.443  4.718  4.357  4.344  4.234  4.466  4.361  4.263  4.143  4.357  3.989  4.190  4.143  4.094  4.317  4.304  4.025  4.317  4.357  4.357  4.290  4.108  4.043  3.932
4.860  4.610  4.690  4.745  4.927  4.812  4.585  4.727  4.623  4.984  4.787  4.904  5.042  4.754  4.771  4.736  4.522  4.787  4.904  4.984  4.804  4.828  4.922  4.848  4.934  4.852  4.977  5.124  4.970  5.183  4.762  4.615  4.691  4.533  4.595  4.585  4.673  4.642  4.642  4.662  4.522  4.654
4.804  4.615  4.769  4.615  4.779  4.787  4.610  4.890  4.762  4.942  4.736  4.844  4.812  4.804  4.890  4.654  4.635  4.736  4.663  4.868  4.762  4.700  4.752  4.804  4.642  4.623  4.595  4.489  4.382  4.578  4.625  4.575  4.680  4.654  4.615  4.642  4.585  4.466  4.431  4.500  4.520  4.659
5.183  5.072  5.212  5.182  5.273  5.204  5.030  5.159  5.056  5.303  5.353  5.255  5.298  5.176  5.391  5.209  4.954  5.152  5.276  5.220  5.118  5.030  5.187  5.074  4.762  4.883  4.907  4.984  4.828  4.820  5.093  4.942  5.106  4.920  4.997  4.997  5.030  4.990  5.037  5.075  5.124  4.942
5.673  5.513  5.718  5.697  5.606  5.691  5.464  5.580  5.631  5.753  5.727  5.628  5.757  5.576  5.733  5.533  5.417  5.569  5.651  5.638  5.598  5.493  5.591  5.574  5.345  5.371  5.352  5.361  5.292  5.322  5.489  5.278  5.476  5.368  5.398  5.447  5.425  5.557  5.704  5.501  5.361  5.505
4.489  4.267  4.492  4.373  4.277  4.477  4.543  4.357  4.407  4.593  4.382  4.466  4.500  4.290  4.500  4.344  4.263  4.443  4.380  4.469  4.284  4.317  4.413  4.533  4.248  4.301  4.143  4.344  4.234  4.382  4.301  4.205  4.466  4.174  4.290  4.382  4.256  4.248  4.248  4.290  4.094  4.357
4.407  4.382  4.498  4.511  4.522  4.500  4.500  4.454  4.522  4.682  4.489  4.615  4.533  4.376  4.605  4.431  4.159  4.443  4.489  4.549  4.687  4.394  4.348  4.673  4.431  4.290  4.382  4.369  4.253  4.337  4.431  4.337  4.404  4.263  4.317  4.428  4.248  4.331  4.382  4.290  4.419  4.431
4.644  4.590  4.779  4.522  4.666  4.575  4.500  4.644  4.559  4.522  4.630  4.718  4.786  4.690  4.820  4.543  4.454  4.663  4.771  4.699  4.673  4.533  4.615  4.552  4.407  4.369  4.635  4.394  4.277  4.344  4.481  4.464  4.443  4.578  4.382  4.543  4.425  4.454  4.538  4.317  4.335  4.304
4.086  3.989  4.174  4.043  4.078  4.111  3.892  4.078  4.143  4.205  4.057  4.304  4.277  4.234  4.301  4.078  4.094  4.256  4.248  4.174  4.335  4.174  4.094  4.094  3.871  4.043  4.004  4.220  3.912  3.970  4.007  4.043  4.078  4.179  4.043  4.025  4.025  3.970  4.127  3.970  3.970  4.007
3.892  3.714  3.689  3.638  3.738  3.611  3.709  3.709  3.689  3.807  3.733  3.951  3.829  3.985  3.871  3.555  3.645  3.784  3.714  3.784  3.761  3.738  3.638  3.466  3.632  3.611  3.714  3.555  3.520  3.584  3.638  3.738  3.664  3.689  3.638  3.611  3.664  3.638  3.611  3.526  3.555  3.541
3.584  3.689  3.761  3.689  3.638  3.714  3.611  3.807  3.829  3.761  3.638  3.658  4.007  3.761  3.871  3.738  3.611  3.526  3.784  3.784  3.795  3.689  3.555  3.818  3.638  3.611  3.497  3.541  3.401  3.466  3.689  3.784  3.684  3.555  3.578  3.664  3.550  3.555  3.520  3.497  3.434  3.584
4.290  4.025  4.143  4.277  4.205  4.127  4.174  4.234  4.248  4.263  4.331  4.407  4.443  4.376  4.419  4.078  4.248  4.260  4.401  4.217  4.217  4.205  4.317  4.234  4.205  4.007  4.060  4.025  4.004  4.060  4.231  4.094  4.057  4.205  4.111  3.995  4.190  4.025  4.171  4.060  4.091  3.989
3.892  3.807  3.928  3.980  4.025  3.807  3.784  4.127  3.846  3.850  3.892  3.829  4.043  4.127  4.304  3.912  3.829  4.060  4.094  4.007  4.127  3.928  4.031  3.912  3.757  3.871  3.714  3.829  3.807  3.829  3.892  3.882  3.985  3.839  3.861  3.967  3.951  3.871  3.912  3.857  3.780  3.912
4.270  4.143  4.234  4.248  4.007  4.174  4.074  4.171  4.205  4.248  4.078  4.234  4.304  4.143  4.331  4.220  4.108  4.205  4.363  4.174  4.284  4.248  4.290  4.143  4.111  4.078  4.025  4.025  4.025  4.099  4.074  4.069  4.205  4.111  4.159  4.290  3.989  4.127  4.234  4.007  4.078  4.127
4.143  4.043  4.066  4.078  4.034  3.951  3.947  4.060  3.989  4.094  4.007  4.111  4.174  4.205  4.263  4.025  3.970  4.043  4.043  4.220  4.140  4.043  4.140  4.248  3.761  3.989  3.912  4.025  3.850  3.871  4.094  4.025  4.143  4.069  4.043  4.007  3.784  4.069  3.951  3.970  3.951  4.004
4.481  4.357  4.382  4.477  4.511  4.354  4.317  4.331  4.277  4.533  4.505  4.407  4.454  4.666  4.522  4.304  4.367  4.419  4.554  4.625  4.522  4.475  4.466  4.454  4.234  4.234  4.369  4.263  4.246  4.248  4.595  4.290  4.382  4.231  4.382  4.369  4.234  4.431  4.533  4.335  4.248  4.443
4.108  3.829  4.078  4.159  3.970  3.892  3.888  3.922  3.932  4.143  3.888  4.043  4.119  4.048  4.248  3.951  4.025  4.043  4.234  4.317  4.094  4.127  3.871  4.094  3.932  3.951  3.829  3.784  3.784  3.951  3.892  3.932  4.260  4.127  3.784  3.970  3.970  4.078  4.212  3.908  4.111  4.111
5.187  5.106  5.069  5.204  5.263  5.170  5.124  5.204  5.198  5.366  5.182  5.209  5.296  5.198  5.347  5.217  5.239  5.236  5.293  5.384  5.288  5.193  5.278  5.257  4.927  4.913  4.942  5.201  4.984  4.963  5.166  5.042  5.204  5.165  5.182  5.130  5.083  5.242  5.256  5.118  5.118  5.150
4.787  4.852  4.771  4.984  4.850  4.896  4.820  4.820  4.905  4.754  5.019  4.905  4.866  4.942  4.949  4.879  4.762  4.920  4.868  4.913  4.898  4.852  4.856  4.844  4.820  4.812  4.836  4.682  4.593  4.605  4.798  4.741  4.754  4.727  4.754  4.883  4.710  4.836  4.958  4.736  4.727  4.796
4.883  4.554  4.831  4.804  4.691  4.736  4.654  4.771  4.727  4.982  4.804  4.893  5.050  4.994  4.927  4.613  4.668  4.852  4.889  4.927  4.852  4.668  4.564  4.745  4.610  4.543  4.644  4.663  4.419  4.477  4.605  4.644  4.691  4.804  4.828  4.771  4.500  4.644  4.796  4.752  4.762  4.762
4.682  4.350  4.745  4.625  4.543  4.454  4.454  4.554  4.654  4.710  4.820  4.682  4.963  4.997  4.942  4.620  4.682  4.654  4.726  4.736  4.603  4.608  4.564  4.644  4.500  4.575  4.543  4.543  4.317  4.460  4.527  4.477  4.605  4.691  4.554  4.500  4.394  4.625  4.603  4.593  4.533  4.687
