4.836  4.769  4.898  4.920  4.682  4.875  4.860  4.804  4.796  5.011  4.894  4.997  4.970  4.905  4.828  4.804  4.700  4.654  4.875  4.852  5.068  4.779  4.762  4.887  4.682  4.593  4.554  4.836  4.443  4.787  4.718  4.796  4.700  4.775  4.868  4.804  4.848  4.696  4.663  4.783  4.644  4.883
5.354  5.139  5.231  5.252  5.140  5.425  5.275  5.127  5.313  5.335  5.366  5.268  5.242  5.231  5.226  5.252  5.257  5.182  5.153  5.158  5.349  5.268  5.158  5.308  5.159  5.029  5.111  5.055  5.063  5.007  5.189  5.056  5.094  5.164  5.257  5.187  5.293  5.209  5.135  5.071  5.130  5.165
3.761  3.818  3.611  3.733  3.802  3.738  3.689  3.850  3.689  3.768  3.867  3.922  4.025  3.784  3.829  3.824  3.780  3.768  3.738  3.989  3.867  3.584  4.043  3.850  3.624  3.714  3.676  3.526  3.611  3.664  3.850  3.714  3.714  3.664  3.850  3.714  3.611  4.025  3.761  3.584  3.611  3.784
3.555  3.506  3.555  3.444  3.466  3.332  3.332  3.490  3.526  3.490  3.332  3.466  3.645  3.555  3.555  3.584  3.401  3.497  3.434  3.689  3.733  3.526  3.395  3.714  3.570  3.332  3.497  3.434  3.401  3.526  3.466  3.526  3.520  3.434  3.638  3.401  3.761  3.401  3.584  3.367  3.526  3.428
4.143  3.970  4.159  4.288  3.967  3.989  4.043  4.174  3.928  4.209  4.007  4.190  4.132  4.025  4.127  3.932  4.043  4.052  4.094  3.989  4.143  4.078  4.007  4.057  3.892  3.985  3.892  3.807  3.784  3.714  3.871  3.970  3.938  3.829  3.932  3.807  3.932  4.025  4.060  3.970  3.850  3.989
4.016  4.022  3.871  4.111  3.951  3.824  3.892  3.932  4.111  3.985  3.761  3.995  3.998  3.908  3.970  3.807  3.871  3.738  3.807  3.989  4.004  3.638  3.664  3.761  3.709  3.709  3.721  3.689  3.578  3.611  3.664  3.829  3.967  3.850  3.850  3.714  3.664  3.888  3.761  3.761  3.584  3.871
4.013  3.761  3.555  3.761  3.624  3.555  3.807  3.611  3.761  3.861  3.526  3.784  3.892  3.784  3.871  3.761  3.689  3.689  3.829  3.861  3.871  3.932  3.689  3.750  3.824  3.689  3.701  3.526  3.555  3.664  3.605  3.689  3.714  3.738  3.592  3.689  3.689  3.611  3.526  3.850  3.611  3.689
3.714  3.738  3.664  3.664  3.638  3.638  3.813  3.733  3.714  3.658  3.611  3.745  3.938  3.761  3.850  3.664  3.773  3.689  3.861  3.967  3.709  3.829  3.611  3.714  3.738  3.714  3.497  3.526  3.526  3.738  3.664  3.638  3.664  3.784  3.780  3.658  3.564  3.645  3.611  3.689  3.664  3.784
3.918  3.689  3.689  3.867  3.818  3.807  3.867  3.807  3.738  3.871  3.584  3.951  4.043  3.989  3.932  3.761  3.850  3.902  3.970  3.989  3.989  4.007  3.795  3.871  3.773  3.784  3.584  3.829  3.757  3.784  3.638  3.892  3.951  3.861  3.807  3.638  3.738  3.689  3.555  3.839  3.738  3.761
3.928  3.961  3.871  3.892  4.025  4.074  3.932  3.998  4.025  4.094  3.750  4.043  4.220  4.116  4.234  3.882  3.932  4.091  4.060  4.111  4.043  4.111  3.912  3.892  4.074  3.784  3.871  3.761  3.709  3.908  3.689  3.829  4.156  3.970  3.898  4.043  3.802  3.908  3.807  3.995  3.970  3.780
4.472  4.127  4.060  4.143  4.156  4.025  4.007  4.057  3.912  4.466  4.078  4.156  4.281  4.111  4.246  4.179  4.328  4.103  3.912  4.331  4.304  4.246  3.989  4.202  4.127  3.892  4.078  3.714  3.892  3.989  4.060  3.932  4.111  3.892  3.970  3.970  3.689  3.912  4.156  3.912  3.932  3.908
4.564  4.328  4.431  4.585  4.509  4.454  4.477  4.477  4.522  4.654  4.533  4.718  4.644  4.511  4.796  4.511  4.564  4.234  4.575  4.466  4.585  4.573  4.464  4.530  4.419  4.477  4.382  4.317  4.331  4.190  4.382  4.477  4.477  4.317  4.477  4.500  4.260  4.369  4.466  4.304  4.443  4.382
4.277  4.217  4.431  4.127  4.382  4.220  4.308  4.277  4.431  4.407  4.174  4.331  4.350  4.220  4.477  4.205  4.344  4.419  4.344  4.489  4.344  4.290  4.174  4.317  4.190  4.317  4.331  4.301  4.290  4.220  4.220  4.205  4.331  4.382  4.489  4.394  4.304  4.277  4.263  4.533  4.127  4.431
3.638  3.802  3.951  3.932  3.871  3.892  3.829  3.664  3.970  3.738  3.961  4.043  3.892  3.861  4.025  3.784  3.951  3.850  3.871  4.069  4.025  3.871  3.761  4.078  3.850  3.861  3.867  3.714  3.664  3.932  3.555  3.761  3.892  3.780  3.761  3.892  3.850  3.689  3.761  3.807  3.689  3.689
4.043  4.281  4.167  4.078  4.190  4.057  3.850  4.127  4.127  4.238  4.205  4.057  4.357  4.477  4.331  4.260  4.124  3.989  4.111  4.290  4.074  4.057  4.290  4.277  3.989  3.912  4.048  4.043  3.912  3.912  4.290  4.040  3.951  3.892  3.947  4.078  4.094  4.143  4.220  3.951  3.892  4.091
4.190  4.091  4.060  4.078  3.985  4.060  3.850  4.048  3.912  4.241  4.127  4.086  4.074  4.277  4.190  4.043  4.043  4.043  4.143  4.094  4.127  4.069  3.951  4.025  3.892  3.784  3.989  3.807  3.738  3.922  3.871  3.829  4.043  4.007  4.111  3.932  4.060  4.040  4.078  3.932  3.807  4.094
3.584  3.611  3.526  3.555  3.550  3.638  3.466  3.526  3.664  3.526  3.401  3.689  3.761  3.757  3.664  3.584  3.578  3.466  3.611  3.784  3.584  3.584  3.520  3.555  3.497  3.526  3.733  3.584  3.367  3.434  3.526  3.689  3.526  3.564  3.638  3.584  3.466  3.555  3.497  3.714  3.367  3.497
3.611  3.555  3.714  3.584  3.564  3.664  3.664  3.526  3.638  3.584  3.605  3.638  3.780  3.780  3.761  3.584  3.401  3.664  3.611  3.824  3.761  3.584  3.761  3.555  3.526  3.632  3.550  3.434  3.584  3.689  3.555  3.638  3.664  3.466  3.611  3.578  3.401  3.584  3.434  3.624  3.466  3.738
4.419  4.410  4.392  4.483  4.605  4.419  4.331  4.344  4.477  4.682  4.431  4.543  4.615  4.394  4.543  4.481  4.159  4.525  4.477  4.522  4.407  4.382  4.443  4.652  4.212  4.094  4.159  4.263  4.263  4.328  4.159  4.304  4.388  4.350  4.304  4.394  4.220  4.277  4.220  4.301  4.466  4.190
5.108  4.989  5.004  5.186  4.990  5.124  5.043  5.017  5.106  5.088  5.030  5.030  5.242  5.088  5.212  4.963  5.037  5.032  5.136  5.004  5.088  5.187  5.063  4.984  5.009  4.828  4.920  4.919  4.790  4.956  4.977  4.956  4.907  4.970  4.942  5.050  5.088  5.081  5.106  4.990  4.828  4.949
3.401  3.466  3.584  3.475  3.434  3.526  3.367  3.497  3.466  3.611  3.258  3.497  3.611  3.619  3.733  3.526  3.550  3.541  3.611  3.584  3.689  3.605  3.466  3.555  3.584  3.497  3.550  3.401  3.350  3.555  3.325  3.584  3.611  3.434  3.611  3.611  3.578  3.434  3.401  3.459  3.526  3.332
3.738  3.638  3.689  3.738  3.784  3.829  3.689  3.676  3.761  3.867  3.497  3.714  3.970  3.829  4.025  3.584  3.850  3.638  3.829  3.888  3.871  3.791  3.738  3.780  3.664  3.912  3.684  3.638  3.597  3.638  3.784  3.738  3.888  3.835  3.632  3.611  3.578  3.757  3.611  3.550  3.584  3.780
