6.016  5.820  5.746  5.553  5.876  5.911  5.908  5.775  5.687  6.055  6.076  5.852  5.999  5.979  5.973  5.846  5.652  6.035  5.823  5.707  5.872  5.666  5.932  5.760  5.527  5.710  5.737  5.927  5.521  5.557  5.743  5.710  5.549  5.730  5.730  5.799  5.859  5.872  5.863  5.802  5.533  5.694
5.142  5.081  4.952  4.942  5.050  5.042  5.063  4.890  4.977  5.153  5.190  4.963  5.198  5.106  5.165  5.074  4.970  5.156  5.136  5.091  5.182  4.990  5.165  5.175  4.812  4.844  5.037  5.094  4.883  4.934  5.637  5.030  5.127  4.919  4.819  5.112  4.942  5.011  5.001  4.934  4.792  4.984
3.850  3.584  3.850  3.850  3.714  3.871  3.892  3.638  3.892  3.912  3.611  3.850  3.932  3.942  4.043  3.807  3.989  3.871  3.912  3.989  3.871  3.689  3.867  3.761  3.951  3.871  3.757  3.784  3.632  3.738  3.871  3.807  3.638  3.714  3.892  3.689  3.738  3.689  3.784  3.638  3.584  3.714
3.761  3.733  3.761  3.584  3.664  3.584  3.638  3.807  3.850  3.784  3.584  3.664  3.892  3.738  3.871  3.584  3.714  3.497  3.871  3.773  3.871  3.773  3.807  3.714  3.714  3.684  3.611  3.761  3.526  3.664  3.784  3.611  3.714  3.584  3.664  3.664  3.555  3.520  3.466  3.638  3.584  3.714
5.075  4.796  4.898  4.290  4.304  4.277  4.159  4.290  4.290  4.533  4.331  4.234  4.369  4.274  4.357  4.111  4.248  4.205  4.277  4.205  4.369  4.174  4.246  4.212  4.060  4.007  4.025  4.263  3.951  4.143  4.060  4.246  4.220  4.060  4.190  4.220  4.401  4.367  4.443  4.477  4.419  4.483
4.419  4.454  4.248  4.238  4.354  4.304  4.511  4.452  4.407  4.413  4.331  4.394  4.466  4.407  4.500  4.419  4.369  4.344  4.431  4.220  4.489  4.367  4.407  4.500  4.143  4.174  4.277  4.277  4.043  4.094  4.234  4.304  4.205  4.159  4.344  4.205  4.143  4.290  4.234  4.290  4.174  4.234
4.836  4.970  4.804  4.852  4.762  4.741  4.887  4.779  4.663  5.075  4.844  4.844  4.883  4.700  4.970  4.644  4.554  4.796  4.654  4.828  4.812  4.804  4.812  4.871  4.615  4.443  4.610  4.700  4.454  4.615  4.804  4.654  4.635  4.642  4.662  4.682  4.585  4.522  4.723  4.595  4.382  4.595
5.335  5.427  5.225  5.293  5.344  5.198  5.300  5.273  5.165  5.434  5.389  5.338  5.365  5.170  5.361  5.189  5.201  5.308  5.247  5.268  5.472  5.288  5.323  5.481  5.043  4.963  5.027  4.942  4.956  5.142  5.170  5.130  5.153  5.161  5.193  5.181  5.283  5.056  5.183  5.050  4.927  5.152
6.431  6.225  6.335  6.344  6.365  6.444  6.288  6.328  6.365  6.491  6.515  6.493  6.451  6.392  6.500  6.252  6.194  6.319  6.378  6.326  6.373  6.229  6.339  6.351  6.205  6.120  6.255  6.240  6.045  6.100  6.344  6.198  6.223  6.252  6.314  6.288  6.261  6.389  6.410  6.279  6.194  6.254
6.930  6.811  6.813  6.767  6.895  6.973  6.836  6.880  6.834  7.034  7.055  6.997  6.982  6.941  7.004  6.904  6.749  6.873  6.862  6.758  6.888  6.860  6.893  7.008  6.685  6.636  6.825  6.752  6.642  6.731  6.873  6.683  6.701  6.795  6.841  6.749  6.835  6.856  6.830  6.799  6.663  6.730
3.951  3.970  4.007  3.912  3.951  3.892  3.892  3.761  4.043  3.912  3.912  3.928  4.174  4.127  4.007  3.877  3.932  4.127  4.094  4.078  3.989  3.998  3.989  4.091  3.928  3.908  3.932  3.912  3.738  3.998  4.040  3.989  3.892  3.932  3.807  4.007  3.850  3.970  3.829  3.714  4.025  4.025
4.477  4.440  4.284  4.094  4.127  4.069  4.013  4.057  4.025  4.127  4.190  4.111  4.301  4.194  4.290  4.069  4.167  4.060  4.419  4.078  4.205  4.407  4.248  4.394  4.007  3.932  4.108  4.043  3.829  4.048  4.078  4.094  4.074  4.187  4.127  4.111  4.174  3.932  4.135  4.159  4.127  4.091
3.892  3.829  3.995  3.989  3.807  4.013  4.043  3.912  4.007  3.932  3.829  3.892  4.140  4.174  4.143  3.985  3.892  4.007  4.078  3.892  4.159  4.016  4.111  4.060  3.892  3.942  4.043  3.850  3.829  3.871  3.892  3.951  4.007  3.928  4.007  3.892  3.745  3.807  3.802  4.007  3.829  4.025
4.543  4.554  4.554  4.304  4.663  4.464  4.234  4.554  4.394  4.654  4.605  4.625  4.554  4.644  4.736  4.546  4.477  4.500  4.454  4.520  4.691  4.608  4.564  4.511  4.277  4.263  4.416  4.500  4.205  4.304  4.369  4.344  4.431  4.304  4.331  4.533  4.354  4.288  4.500  4.344  4.277  4.541
4.920  4.905  4.970  4.944  5.066  5.014  4.905  5.011  4.919  4.970  5.050  5.037  5.050  5.061  5.203  4.754  4.898  4.913  5.075  4.933  5.083  4.984  5.106  5.075  4.804  4.700  4.913  5.009  4.710  4.820  4.905  5.043  4.970  4.890  4.926  4.977  4.927  5.050  5.106  5.030  4.787  4.860
4.043  3.871  3.850  3.867  4.091  4.132  3.932  3.932  4.108  4.004  3.784  3.970  4.143  4.127  4.124  3.871  3.867  3.970  4.025  4.148  4.174  4.094  3.807  4.078  3.871  4.060  3.738  3.829  3.611  3.807  4.094  3.967  3.912  3.908  4.007  3.861  3.871  3.871  3.970  3.932  3.942  3.824
4.392  4.205  4.407  4.394  4.331  4.277  4.248  4.277  4.367  4.357  4.263  4.443  4.404  4.331  4.642  4.248  4.331  4.331  4.466  4.466  4.533  4.394  4.288  4.431  4.357  4.094  4.220  4.143  4.094  4.078  4.205  4.317  4.331  4.344  4.220  4.357  4.241  4.205  4.304  4.260  4.212  4.317
4.997  4.871  4.977  5.004  5.011  5.037  4.815  4.745  4.904  4.942  4.977  5.106  4.968  4.920  5.150  4.730  4.852  4.931  5.069  5.075  5.043  4.938  4.937  5.024  4.804  4.828  4.771  4.745  4.718  4.644  4.804  4.771  5.037  4.812  4.796  4.889  4.875  4.868  4.844  4.820  4.786  4.883
4.344  4.159  4.369  4.382  4.472  4.341  4.127  4.344  4.431  4.443  4.466  4.317  4.404  4.369  4.554  4.209  4.382  4.341  4.331  4.554  4.394  4.419  4.382  4.224  4.190  4.217  4.290  4.263  4.078  4.057  4.205  4.317  4.288  4.357  4.369  4.317  4.369  4.348  4.277  4.422  4.143  4.344
4.159  4.143  4.159  4.111  4.094  4.143  3.892  4.111  4.040  4.220  4.140  4.248  4.317  4.290  4.419  4.040  4.094  4.205  4.159  4.394  4.248  4.025  4.074  4.094  3.951  3.989  4.043  3.912  3.932  3.850  4.043  3.912  4.091  3.898  4.052  4.091  4.156  3.980  4.060  4.004  3.951  4.040
4.367  4.220  4.290  4.331  4.341  4.143  4.159  4.317  4.260  4.522  4.369  4.234  4.454  4.466  4.575  4.388  4.277  4.367  4.392  4.428  4.367  4.263  4.328  4.277  4.234  4.174  4.454  4.220  4.060  4.151  4.290  4.337  4.562  4.263  4.263  4.060  4.043  4.217  4.159  4.248  4.234  4.290
4.779  4.727  4.654  4.860  4.745  4.718  4.682  4.718  4.727  4.890  4.727  4.673  4.819  4.710  4.898  4.663  4.644  4.673  4.771  4.905  4.721  4.663  4.654  4.654  4.663  4.691  4.543  4.598  4.477  4.419  4.477  4.600  4.736  4.710  4.771  4.585  4.575  4.654  4.663  4.575  4.663  4.654
