5.193  5.204  5.226  5.161  5.106  5.056  5.204  5.074  5.198  5.187  5.088  5.231  5.100  5.055  5.215  4.997  5.037  4.954  5.081  5.106  5.352  5.226  5.043  5.220  5.037  4.990  4.970  4.999  4.920  4.811  5.056  5.150  5.017  5.124  5.136  5.004  5.147  4.927  4.977  4.890  4.942  4.970
4.419  4.380  4.369  4.304  4.304  4.301  4.554  4.274  4.361  4.394  4.357  4.369  4.500  4.500  4.301  4.248  4.205  4.220  4.361  4.489  4.489  4.060  4.317  4.394  4.159  4.143  4.234  4.220  4.167  4.159  4.248  4.174  4.174  4.234  4.143  4.248  4.267  4.234  4.171  4.111  4.135  4.094
5.298  5.196  5.100  5.165  5.153  5.075  5.242  5.220  5.318  5.461  5.193  5.338  5.212  5.193  5.338  5.109  5.198  5.050  5.375  5.243  5.215  5.159  5.140  5.260  4.970  4.965  5.108  4.868  4.905  5.037  5.130  5.075  5.147  5.056  5.242  5.118  5.074  5.117  5.142  4.959  4.920  5.124
4.984  4.828  4.868  4.940  4.868  4.736  4.927  4.920  4.934  5.093  5.037  5.072  4.999  4.754  4.947  4.858  4.868  4.831  4.942  4.779  4.990  4.890  4.942  4.804  4.868  4.815  4.802  4.615  4.605  4.710  4.820  4.896  4.804  4.934  5.011  4.905  4.787  4.832  4.787  4.727  4.682  4.913
4.052  4.094  4.078  4.124  3.942  4.025  4.078  4.007  4.007  4.220  3.867  4.143  4.205  4.022  4.205  4.060  3.970  4.007  4.078  4.238  4.078  3.912  4.025  4.174  4.007  3.829  3.985  3.892  3.882  3.807  4.108  3.922  3.947  3.892  3.912  3.932  3.932  4.025  4.127  3.989  3.824  3.761
4.031  3.850  3.932  3.784  3.912  3.850  3.985  4.124  3.871  4.174  4.007  4.025  4.078  4.025  4.094  3.807  3.912  3.912  4.304  4.205  3.932  3.892  3.714  3.871  3.829  3.784  3.892  3.738  3.714  3.871  3.813  3.784  3.980  3.780  3.951  3.892  3.850  3.947  4.025  3.584  3.807  3.784
3.738  3.714  3.714  3.784  3.824  3.689  3.761  3.689  3.829  3.970  3.784  3.839  4.143  3.829  4.007  3.638  3.871  3.664  3.932  3.989  4.031  3.714  3.689  3.824  3.892  3.714  3.780  3.761  3.784  3.689  3.829  3.757  3.761  3.951  3.807  3.784  3.802  3.605  3.638  3.555  3.761  3.689
3.892  3.932  3.714  3.784  3.835  3.807  3.829  4.007  3.912  4.025  3.989  4.111  4.159  4.127  4.124  3.850  3.871  3.807  3.932  3.989  4.004  3.871  3.867  3.908  3.898  3.850  4.060  3.761  3.638  3.951  3.871  3.850  4.025  3.714  3.892  3.829  3.714  3.689  3.761  3.638  3.807  3.989
3.951  4.043  3.908  4.111  4.004  3.970  4.060  3.932  3.989  4.111  4.007  4.124  4.078  4.111  4.174  3.892  4.094  3.850  4.111  4.290  3.970  3.932  3.970  4.094  3.957  3.802  3.942  3.738  3.761  3.888  3.912  3.761  4.119  3.871  4.007  3.951  3.689  3.892  3.892  3.784  4.007  3.932
3.784  3.761  3.584  3.611  3.689  3.555  3.611  3.555  3.784  3.980  3.658  3.850  3.807  3.761  3.807  3.714  3.689  3.584  3.871  4.025  3.912  3.611  3.664  3.932  3.696  3.738  3.611  3.497  3.401  3.638  3.611  3.638  3.738  3.638  3.664  3.658  3.689  3.738  3.689  3.584  3.611  3.555
5.881  5.737  5.858  6.004  5.845  5.841  5.771  5.836  5.911  5.956  5.841  5.996  5.945  5.914  6.080  5.844  5.911  5.894  6.029  5.999  5.914  5.876  5.786  5.781  5.740  5.737  5.684  5.624  5.529  5.521  5.673  5.846  5.846  5.805  5.808  5.772  5.717  5.811  5.802  5.719  5.805  5.793
6.568  6.430  6.629  6.653  6.581  6.557  6.593  6.559  6.575  6.690  6.589  6.655  6.779  6.568  6.856  6.751  6.868  6.760  6.601  6.597  6.657  6.568  6.501  6.541  6.541  6.509  6.462  6.454  6.375  6.456  6.454  6.594  6.554  6.672  6.656  6.568  6.512  6.604  6.558  6.418  6.444  6.498
3.829  3.829  3.951  3.970  3.850  3.985  3.839  3.780  3.970  4.040  3.738  3.839  4.040  4.231  4.043  3.784  3.947  3.807  4.007  4.004  4.111  4.025  4.022  3.928  3.738  3.807  3.824  3.871  3.714  3.784  3.871  3.780  4.025  3.738  3.892  3.932  3.714  3.867  3.829  3.829  3.611  3.824
4.248  4.094  4.143  4.263  4.190  4.290  4.124  4.290  4.111  4.498  4.174  4.217  4.543  4.331  4.575  4.317  4.369  4.205  4.288  4.274  4.443  4.304  4.331  4.394  4.111  4.111  4.263  4.344  4.263  4.220  4.828  4.736  4.500  4.357  4.248  4.220  4.220  4.159  4.094  4.174  4.004  4.174
4.202  3.970  4.454  4.489  4.321  4.248  4.220  4.119  4.585  4.431  4.159  4.317  4.367  4.274  4.533  4.159  4.197  4.143  4.440  4.443  4.290  4.212  4.143  4.466  4.111  3.970  3.989  4.074  3.951  4.086  4.069  3.989  4.331  4.111  4.043  4.111  4.086  4.060  4.140  4.174  4.220  4.234
4.060  3.912  4.108  4.174  4.111  4.111  4.231  3.989  4.263  4.212  4.301  4.190  4.094  4.007  4.477  3.908  3.850  4.094  4.331  4.190  4.274  4.127  4.043  4.288  3.970  3.850  4.043  3.807  3.807  4.140  3.761  3.951  4.116  4.060  4.022  4.127  4.224  3.970  3.995  3.951  4.060  4.013
4.341  4.143  4.328  4.260  4.159  4.331  4.295  4.260  4.143  4.274  4.124  4.277  4.382  4.475  4.344  4.007  4.159  4.190  4.357  4.407  4.317  4.248  4.127  4.074  4.078  4.111  4.043  4.007  3.892  3.932  4.025  4.025  4.248  4.111  4.231  4.220  4.060  4.057  4.025  4.108  4.025  4.190
4.752  4.304  4.717  4.635  4.625  4.543  4.500  4.554  4.659  4.727  4.404  4.472  4.811  4.554  4.718  4.419  4.357  4.369  4.736  4.771  4.691  4.522  4.440  4.431  4.481  4.277  4.331  4.443  4.156  4.270  4.205  4.277  4.564  4.431  4.522  4.475  4.344  4.466  4.511  4.380  4.315  4.428
3.807  3.795  3.818  3.932  3.892  3.892  3.784  3.824  3.850  3.839  3.738  3.871  4.034  4.111  4.143  3.689  4.040  3.912  3.892  3.970  4.248  4.094  3.892  3.970  3.892  3.989  3.784  3.761  3.689  3.784  3.714  3.829  3.932  4.007  3.892  3.912  3.898  3.733  3.714  3.871  3.989  3.912
3.912  3.998  3.829  3.932  4.007  3.908  3.922  3.857  3.951  3.908  4.111  3.928  4.220  4.156  4.290  3.908  4.143  4.094  4.156  4.205  4.317  4.078  4.060  3.892  3.989  3.850  3.761  3.611  3.689  3.761  4.025  4.060  3.970  3.970  4.007  3.912  3.829  3.780  3.611  3.829  4.043  3.850
4.078  4.290  4.140  4.159  4.205  4.022  4.164  4.156  4.127  4.290  4.260  4.156  4.159  4.231  4.304  4.043  4.182  4.190  4.277  4.317  4.464  4.205  4.174  4.234  4.060  4.060  4.190  4.007  4.004  4.043  4.078  4.220  4.234  4.256  4.057  4.127  4.143  4.190  4.007  3.951  4.159  4.263
4.277  4.315  4.431  4.382  4.248  4.437  4.220  4.354  4.317  4.489  4.025  4.382  4.331  4.357  4.466  4.304  4.464  4.407  4.304  4.434  4.718  4.331  4.344  4.554  4.248  4.263  4.205  4.248  4.190  4.369  4.078  4.511  4.454  4.369  4.483  4.440  4.260  4.277  4.156  4.290  4.290  4.440
