4.635  4.354  4.382  4.633  4.754  4.736  5.298  5.142  5.217  5.922  5.737  5.948  6.387  6.194  6.292  6.759  6.590  6.770  7.467  7.253  7.318  8.252  8.217  8.143  8.869  8.865  8.745  9.036  8.927  9.018  3.829  3.976  3.951  3.967  4.078  3.871  3.888  4.078  4.022  4.025  4.043  4.290
3.951  3.989  3.951  4.140  4.140  4.086  4.357  4.317  4.290  4.673  4.583  4.721  5.056  4.977  5.004  5.313  5.081  5.389  5.948  5.749  5.743  6.779  6.780  6.610  7.552  7.530  7.407  7.840  7.746  7.945  3.888  3.867  3.888  3.738  3.824  3.892  3.802  3.912  3.846  3.850  3.689  3.902
5.697  5.434  5.452  5.673  5.670  5.808  6.050  5.940  6.057  6.519  6.485  6.489  6.999  6.850  6.884  7.429  7.336  7.471  7.895  7.796  7.877  8.694  8.740  8.705  9.175  9.211  9.110  9.413  9.298  9.291  5.100  5.043  5.127  5.236  5.219  5.247  5.257  5.207  5.094  5.357  5.165  5.375
5.313  5.201  5.209  5.298  5.159  5.328  5.384  5.147  5.338  5.483  5.308  5.220  5.704  5.568  5.545  5.842  5.793  5.864  6.258  6.066  6.297  7.152  7.158  7.160  7.705  7.747  7.679  8.229  8.176  8.093  5.019  5.011  5.094  5.061  4.944  5.249  5.193  4.956  5.011  5.017  4.977  5.069
6.254  5.943  6.100  6.124  6.148  6.225  6.378  6.295  6.370  6.778  6.682  6.708  6.994  6.918  6.959  7.265  7.212  7.416  7.814  7.689  7.647  8.613  8.661  8.588  9.160  9.196  9.120  9.451  9.337  9.382  5.768  5.740  5.737  5.940  5.944  5.875  5.720  5.737  5.780  5.829  5.695  5.857
5.318  5.293  5.347  5.318  5.257  5.347  5.598  5.451  5.492  5.853  5.964  5.802  6.080  6.040  6.068  6.435  6.330  6.485  6.813  6.737  6.780  7.733  7.847  7.758  8.457  8.481  8.396  8.790  8.747  8.796  5.153  4.977  5.181  5.198  5.234  5.198  5.135  5.037  5.162  5.037  4.990  5.146
5.990  5.670  5.861  5.945  5.826  5.999  6.098  6.105  6.127  6.512  6.463  6.460  6.707  6.606  6.724  7.070  6.950  7.019  7.541  7.340  7.378  8.240  8.238  8.156  8.636  8.715  8.596  8.845  8.716  8.752  5.507  5.645  5.811  5.617  5.835  5.665  5.645  5.588  5.779  5.609  5.525  5.620
5.278  5.220  5.288  5.193  5.189  5.226  5.398  5.323  5.347  5.652  5.609  5.631  5.710  5.683  5.591  5.952  5.938  5.892  6.260  6.073  6.251  7.142  7.136  7.041  7.454  7.580  7.571  7.772  7.775  7.915  4.934  5.156  5.293  5.112  5.159  5.091  4.890  4.977  5.130  5.017  5.039  4.970
4.454  4.369  4.398  4.585  4.663  4.635  4.883  4.796  4.883  5.568  5.505  5.493  6.020  5.971  5.951  6.385  6.157  6.502  6.958  6.758  6.833  7.771  7.849  7.805  8.445  8.478  8.497  8.988  8.787  8.777  4.078  4.094  4.091  3.970  3.970  4.025  4.212  4.007  4.066  4.344  4.078  4.040
4.407  4.354  4.317  4.369  4.466  4.543  4.357  4.248  4.382  4.663  4.700  4.654  4.931  4.734  4.881  5.056  4.866  4.949  5.220  5.161  5.373  6.094  6.168  6.066  6.629  6.669  6.769  7.210  7.112  7.161  4.260  4.263  4.277  4.234  4.220  4.369  4.143  4.317  4.317  4.248  4.234  4.335
5.632  5.493  5.501  5.841  5.789  5.822  6.095  6.043  6.134  6.671  6.695  6.075  7.134  7.076  7.112  7.516  7.391  7.596  8.002  7.933  7.958  8.698  8.711  8.684  8.997  9.026  8.868  9.111  8.985  8.901  5.037  4.970  5.011  4.984  5.075  5.024  5.050  4.973  5.063  5.147  5.164  5.170
4.963  4.963  4.820  5.081  5.089  5.130  5.333  5.293  5.361  5.707  5.841  4.942  6.260  6.107  6.162  6.597  6.562  6.450  7.093  6.930  7.056  8.015  8.075  8.094  8.351  8.418  8.119  8.413  8.351  8.235  4.699  4.522  4.743  4.796  4.794  4.682  4.668  4.477  4.710  4.745  4.798  4.625
4.703  4.533  4.605  4.913  4.980  4.977  5.318  5.371  5.373  6.057  5.958  6.118  6.552  6.405  6.439  6.582  6.815  6.879  7.553  7.513  7.377  8.238  8.286  8.216  8.697  8.812  8.562  8.741  8.749  8.726  4.057  4.127  3.957  4.127  4.143  4.212  4.159  4.060  4.143  4.220  4.308  4.394
3.761  3.839  3.932  3.829  3.807  3.784  3.970  3.892  4.057  4.277  4.263  4.554  4.500  4.394  4.642  4.431  4.691  4.615  5.448  5.310  5.257  6.019  6.040  5.917  6.830  6.918  6.418  6.793  6.786  6.915  3.664  3.932  3.871  3.807  3.892  3.611  3.807  3.714  3.932  3.784  3.761  3.784
5.384  5.100  5.124  5.371  5.242  5.292  5.379  5.417  5.497  5.775  5.889  5.883  6.308  6.148  6.212  6.555  6.296  6.720  7.081  7.016  6.827  7.781  7.904  7.839  8.521  8.629  8.460  9.011  8.812  8.781  4.977  4.934  4.787  4.977  4.902  4.963  4.949  4.984  5.097  5.066  4.920  4.942
5.668  5.352  5.539  5.468  5.412  5.394  5.442  5.434  5.537  5.677  5.724  5.663  5.881  5.865  5.762  5.875  5.775  5.932  6.213  6.157  6.234  6.764  6.847  6.784  7.439  7.540  7.370  7.967  7.821  7.879  5.301  5.147  5.198  5.283  5.252  5.402  5.263  5.398  5.425  5.370  5.298  5.340
5.063  4.905  4.927  5.239  5.328  5.273  5.624  5.547  5.605  6.265  6.178  6.245  6.739  6.677  6.707  7.149  7.160  7.257  7.721  7.667  7.691  8.647  8.655  8.631  9.217  9.277  9.128  9.464  9.440  9.409  4.394  4.554  4.673  4.585  4.779  4.699  4.605  4.685  4.489  4.682  4.642  4.682
4.963  4.694  4.820  4.844  4.913  4.927  5.185  5.042  5.227  5.547  5.509  5.454  5.935  5.919  5.830  6.170  6.315  6.252  6.894  6.731  6.869  7.809  7.811  7.788  8.465  8.565  8.354  8.709  8.758  8.684  4.394  4.640  4.605  4.500  4.819  4.635  4.673  4.489  4.533  4.511  4.831  4.595
5.819  5.565  5.753  5.659  5.690  5.644  5.749  5.817  5.817  6.190  6.092  6.080  6.454  6.235  6.344  6.595  6.457  6.709  7.089  7.026  6.990  7.904  7.939  7.939  8.558  8.637  8.542  9.046  8.947  8.924  5.398  5.379  5.328  5.447  5.537  5.558  5.492  5.617  5.583  5.529  5.468  5.645
6.176  6.052  5.980  6.068  6.043  6.057  5.981  5.999  6.035  6.184  6.131  6.078  6.245  6.192  6.280  6.234  6.170  6.191  6.330  6.423  6.333  6.875  6.950  7.029  7.354  7.469  7.479  7.939  7.857  7.885  5.994  5.768  5.888  5.899  5.946  5.996  5.905  6.125  6.073  5.976  5.908  6.050
5.666  5.555  5.380  5.583  5.652  5.649  5.768  5.849  5.802  6.347  6.157  6.271  6.647  6.431  6.578  6.818  6.850  6.928  7.488  7.535  7.283  8.135  8.180  8.140  8.765  8.923  8.701  8.975  8.949  8.847  5.416  5.263  5.429  5.451  5.517  5.434  5.283  5.403  5.389  5.298  5.425  5.328
5.677  5.680  5.468  5.476  5.595  5.583  5.696  5.478  5.642  5.819  5.649  5.737  5.903  5.737  5.811  5.659  5.855  5.652  5.971  6.205  6.023  6.541  6.545  6.553  7.048  7.438  7.032  7.388  7.438  7.456  5.505  5.551  5.442  5.505  5.621  5.572  5.403  5.394  5.606  5.407  5.451  5.295
