4.804  4.654  4.718  4.673  4.676  4.554  4.812  4.804  4.754  5.081  4.874  4.883  5.042  4.949  5.009  4.691  4.603  4.562  4.820  4.710  4.828  4.654  4.546  4.585  4.718  4.546  4.477  4.625  4.431  4.543  4.595  4.717  4.663  4.662  4.779  4.635  4.500  4.543  4.575  4.500  4.615  4.804
4.997  4.642  4.796  4.820  4.762  4.754  5.069  4.907  5.003  4.913  4.868  4.990  4.900  4.736  4.860  4.615  4.787  4.500  4.933  4.754  5.024  4.959  4.783  4.956  4.682  4.811  4.615  4.454  4.522  4.533  4.663  4.575  4.787  4.700  4.920  4.881  4.673  4.673  4.644  4.635  4.654  4.852
5.852  5.763  5.718  5.746  5.746  5.753  5.808  5.652  5.740  5.887  5.846  5.835  5.911  5.864  5.846  5.811  5.720  5.852  5.744  5.796  5.817  5.802  5.805  5.895  5.576  5.447  5.606  5.616  5.549  5.628  5.652  5.617  5.613  5.635  5.608  5.690  5.729  5.775  5.645  5.697  5.438  5.700
6.131  5.999  5.979  6.035  5.900  5.989  5.989  5.922  6.049  6.105  6.043  5.963  6.074  5.991  6.133  6.049  5.749  5.984  5.971  6.043  6.082  5.919  5.958  6.073  5.784  5.817  5.822  5.808  5.602  5.796  5.903  5.710  5.883  5.814  5.766  5.951  5.956  5.919  5.759  5.880  5.697  5.926
5.490  5.236  5.384  5.384  5.252  5.298  5.318  5.323  5.382  5.572  5.363  5.447  5.568  5.595  5.493  5.494  5.397  5.602  5.375  5.389  5.416  5.296  5.273  5.318  5.238  5.112  5.185  5.218  4.887  5.094  5.227  5.030  5.226  5.247  5.267  5.281  5.124  5.318  5.290  5.226  5.063  5.403
5.723  5.434  5.690  5.649  5.544  5.613  5.605  5.663  5.684  5.737  5.598  5.778  5.770  5.631  5.759  5.666  5.574  5.733  5.673  5.820  5.704  5.537  5.549  5.529  5.606  5.513  5.470  5.434  5.257  5.250  5.384  5.323  5.485  5.451  5.439  5.489  5.497  5.568  5.561  5.580  5.525  5.666
5.268  5.288  5.100  5.250  5.078  5.106  5.165  5.209  5.124  5.338  5.214  5.272  5.218  5.262  5.323  5.176  5.220  4.970  5.252  5.187  5.347  5.164  5.209  5.283  5.273  5.159  5.069  4.796  4.904  4.942  5.164  5.209  5.118  5.159  5.198  5.118  5.081  5.024  5.050  4.927  4.942  5.069
4.779  4.736  4.745  4.595  4.562  4.654  4.754  4.736  4.605  4.844  4.712  4.718  4.758  4.732  4.898  4.564  4.727  4.673  4.682  4.705  4.796  4.760  4.745  4.820  4.440  4.486  4.718  4.431  4.481  4.419  4.554  4.605  4.511  4.554  4.543  4.700  4.625  4.654  4.625  4.516  4.382  4.595
5.136  5.040  5.004  4.961  4.984  4.913  4.956  5.055  5.158  5.212  5.124  5.100  5.037  4.970  5.097  4.949  4.898  4.963  5.030  4.970  5.081  5.024  4.949  4.990  4.832  4.883  4.860  4.831  4.625  4.758  4.997  4.883  4.883  4.934  5.080  4.836  4.883  4.963  4.927  4.977  4.858  5.106
4.078  4.151  4.007  4.043  4.108  4.025  4.043  4.143  4.111  4.205  4.220  4.190  4.174  4.317  4.174  4.060  4.025  4.111  4.025  4.174  4.190  4.060  4.022  4.127  3.932  3.951  3.912  4.060  3.850  3.989  4.094  3.951  4.007  3.980  4.127  4.022  3.970  4.007  3.951  4.078  4.043  4.148
4.975  4.700  4.970  4.852  4.920  4.942  4.860  4.913  4.820  4.868  4.949  5.011  4.883  4.762  4.984  4.864  4.673  4.828  4.949  5.043  4.913  4.868  4.741  4.898  4.700  4.654  4.615  4.718  4.443  4.691  4.847  4.794  4.787  4.730  4.685  4.649  4.676  4.771  4.691  4.804  4.762  4.911
5.247  5.106  5.193  5.308  5.088  5.278  5.273  5.204  5.136  5.352  5.273  5.323  5.226  5.088  5.389  5.147  5.049  5.182  5.293  5.257  5.380  5.118  5.088  5.247  5.080  4.977  4.913  5.004  4.718  4.922  5.069  4.990  5.147  5.115  5.066  5.094  5.153  5.096  5.106  5.017  4.963  5.124
4.489  4.331  4.357  4.363  4.354  4.382  4.304  4.443  4.489  4.511  4.516  4.520  4.552  4.533  4.449  4.452  4.288  4.505  4.489  4.437  4.466  4.407  4.477  4.500  4.331  4.489  4.530  4.475  4.263  4.382  4.341  4.248  4.274  4.489  4.367  4.489  4.143  4.503  4.344  4.317  4.317  4.407
4.205  4.159  4.127  4.290  4.335  4.304  4.331  4.369  4.367  4.416  4.317  4.382  4.511  4.489  4.595  4.344  4.304  4.248  4.404  4.382  4.454  4.277  4.392  4.369  4.317  4.248  4.281  4.143  4.119  4.277  4.290  4.202  4.317  4.248  4.354  4.419  4.190  4.143  4.263  4.263  4.127  4.248
3.726  3.689  3.638  3.584  3.611  3.466  3.684  3.638  3.714  3.714  3.584  3.784  3.689  3.638  3.784  3.555  3.638  3.535  3.784  3.829  3.784  3.651  3.784  3.714  3.466  3.466  3.638  3.555  3.526  3.466  3.757  3.738  3.689  3.611  3.490  3.709  3.664  3.466  3.638  3.584  3.584  3.605
3.605  3.497  3.555  3.434  3.401  3.497  3.714  3.638  3.497  3.664  3.584  3.714  3.807  3.871  3.807  3.526  3.664  3.526  3.689  3.638  3.738  3.584  3.466  3.611  3.584  3.555  3.466  3.611  3.258  3.497  3.714  3.611  3.526  3.611  3.578  3.526  3.584  3.584  3.497  3.401  3.434  3.584
3.807  3.807  3.807  3.951  3.689  3.714  3.850  3.784  3.791  3.784  3.584  3.932  3.932  4.043  4.060  3.757  3.829  3.638  3.871  3.970  4.025  3.871  3.714  3.850  3.912  3.850  3.761  3.638  3.795  3.611  3.611  3.850  3.689  3.709  3.912  3.932  3.738  3.807  3.555  3.638  3.696  3.714
3.526  3.526  3.638  3.584  3.638  3.466  3.526  3.584  3.676  3.584  3.434  3.664  3.738  3.689  3.768  3.638  3.714  3.475  3.709  3.829  3.605  3.738  3.520  3.584  3.624  3.555  3.526  3.367  3.526  3.367  3.466  3.714  3.664  3.550  3.584  3.466  3.555  3.555  3.434  3.258  3.401  3.526
5.050  4.771  5.081  4.963  4.990  4.990  4.836  5.024  4.889  5.228  5.159  5.036  5.176  5.130  5.176  4.905  4.843  5.136  5.106  5.170  5.159  4.999  4.947  5.049  4.663  4.663  4.828  4.870  4.766  4.868  5.049  4.913  4.949  4.858  4.875  4.942  4.911  4.961  5.011  5.043  4.868  4.852
5.670  5.425  5.595  5.598  5.602  5.673  5.472  5.583  5.513  5.761  5.656  5.647  5.727  5.631  5.656  5.602  5.415  5.649  5.700  5.767  5.617  5.505  5.545  5.585  5.394  5.334  5.425  5.470  5.318  5.298  5.472  5.368  5.613  5.535  5.585  5.537  5.525  5.570  5.608  5.525  5.342  5.500
4.274  4.190  4.281  4.428  4.277  4.248  4.317  4.344  4.143  4.331  4.060  4.277  4.464  4.281  4.419  4.220  4.190  4.111  4.277  4.511  4.477  4.331  4.174  4.301  4.234  4.043  4.159  3.970  3.989  4.202  4.078  4.263  4.357  4.119  4.174  4.290  4.190  4.159  4.159  4.078  4.234  4.248
3.888  3.738  3.902  3.871  3.908  3.970  3.784  3.892  3.951  3.850  3.829  4.022  3.957  3.922  4.099  3.784  3.892  3.922  4.043  4.111  4.094  3.829  3.738  3.985  4.007  3.658  3.807  3.738  3.701  3.807  3.664  3.908  3.970  3.850  3.850  3.932  3.802  3.784  3.928  3.784  3.922  3.932
