5.963  5.762  5.875  5.740  5.808  5.850  5.775  5.957  5.840  6.070  6.023  5.953  5.953  5.802  5.905  5.784  5.714  5.727  5.996  5.799  5.771  5.753  5.725  5.903  5.710  5.690  5.704  5.742  5.497  5.761  5.779  5.661  5.717  5.705  5.916  5.814  5.714  5.792  5.765  5.768  5.817  5.799
4.871  4.836  4.762  4.893  4.682  4.682  4.913  4.836  4.812  4.965  4.771  4.951  4.868  4.718  4.875  4.696  4.754  4.635  4.840  4.868  4.883  4.852  4.771  4.898  4.605  4.682  4.682  4.543  4.530  4.754  4.777  4.727  4.812  4.730  4.752  4.736  4.718  4.690  4.522  4.585  4.680  4.787
5.756  5.547  5.684  5.497  5.700  5.719  5.649  5.357  5.697  5.793  5.583  5.756  5.736  5.724  5.817  5.670  5.531  5.808  5.557  5.609  5.808  5.595  5.654  5.684  5.406  5.465  5.561  5.525  5.220  5.442  5.617  5.375  5.529  5.497  5.361  5.606  5.415  5.545  5.615  5.505  5.296  5.521
5.120  5.081  5.056  4.911  4.956  4.920  5.075  4.890  5.078  4.934  4.920  4.984  5.149  5.037  5.226  4.905  4.934  4.994  4.934  4.949  5.308  5.100  4.977  5.259  4.832  5.006  4.905  4.754  4.710  5.011  4.970  4.963  5.075  5.017  4.990  5.017  5.058  4.856  4.889  4.794  4.836  4.970
4.174  4.140  4.159  4.074  4.241  4.220  4.190  4.317  4.143  4.277  4.127  4.361  4.328  4.431  4.543  4.190  4.234  4.315  4.357  4.331  4.357  4.361  4.111  4.263  4.159  4.007  4.202  4.159  3.951  4.094  4.263  4.174  4.025  4.277  4.220  4.174  4.248  4.111  4.091  4.094  4.043  4.220
4.263  4.394  4.224  4.143  4.227  4.304  4.382  4.202  4.220  4.520  4.382  4.260  4.357  4.407  4.564  4.174  4.234  4.295  4.344  4.277  4.475  4.231  4.274  4.248  4.277  4.234  4.174  4.205  4.094  4.127  4.205  4.246  4.159  4.288  4.443  4.174  4.060  4.156  4.205  4.159  4.220  4.043
4.787  4.828  4.804  4.734  4.727  4.654  4.828  4.700  4.832  4.997  4.787  4.898  4.820  4.875  5.195  4.691  4.820  4.673  4.762  4.844  4.804  4.900  4.808  4.898  4.771  4.644  4.644  4.610  4.533  4.691  4.654  4.638  4.734  4.710  4.804  4.736  4.823  4.659  4.554  4.564  4.623  4.554
5.521  5.190  5.357  5.293  5.451  5.262  5.347  5.366  5.273  5.591  5.366  5.425  5.453  5.360  5.323  5.204  5.179  5.293  5.349  5.424  5.235  5.305  5.273  5.288  5.112  5.136  5.226  5.190  4.875  5.162  5.069  5.168  5.242  5.176  5.268  5.204  5.147  5.283  5.313  5.130  5.100  5.165
5.226  5.118  5.120  5.017  5.093  5.024  5.342  5.176  5.147  5.412  5.313  5.124  5.204  5.130  5.287  5.069  5.109  4.994  5.068  5.088  5.327  5.108  5.124  5.209  4.970  4.956  5.037  4.934  4.977  4.954  5.056  5.094  5.077  5.027  5.226  5.050  4.977  5.056  5.081  5.118  4.920  5.081
5.225  5.152  4.958  4.934  4.905  5.040  5.147  5.130  5.159  5.338  5.215  5.182  5.296  5.086  5.153  5.088  5.114  4.937  5.094  5.063  5.159  5.032  5.063  5.183  4.868  4.779  4.913  4.927  4.804  4.940  4.997  4.920  4.968  4.997  5.176  4.984  5.011  5.024  4.898  4.868  4.844  4.959
4.796  4.700  4.644  4.691  4.712  4.654  4.868  4.796  4.739  4.956  4.696  4.762  4.860  4.820  4.970  4.726  4.575  4.700  4.824  4.920  4.956  4.827  4.779  4.931  4.522  4.600  4.452  4.615  4.481  4.500  4.712  4.615  4.727  4.745  4.640  4.543  4.559  4.663  4.663  4.511  4.613  4.691
4.174  4.022  3.970  4.094  3.976  3.951  4.108  4.094  3.912  4.127  3.967  3.989  4.304  4.078  4.171  4.078  4.078  3.989  4.205  4.043  4.263  4.108  3.970  4.171  3.928  4.043  4.025  3.951  3.908  3.932  3.850  3.829  4.040  3.970  3.871  4.025  4.007  3.912  3.871  3.850  3.807  4.025
4.700  4.536  4.705  4.575  4.657  4.652  4.649  4.717  4.543  4.754  4.779  4.816  4.828  4.598  4.762  4.533  4.663  4.595  4.682  4.671  4.758  4.696  4.691  4.820  4.454  4.407  4.466  4.552  4.543  4.554  4.682  4.605  4.700  4.543  4.673  4.610  4.605  4.500  4.511  4.407  4.543  4.564
4.625  4.533  4.696  4.530  4.610  4.700  4.642  4.762  4.407  4.779  4.654  4.736  4.779  4.554  4.868  4.489  4.673  4.475  4.691  4.585  4.765  4.792  4.700  4.605  4.454  4.394  4.498  4.464  4.454  4.404  4.373  4.625  4.489  4.640  4.489  4.635  4.500  4.477  4.557  4.428  4.475  4.554
4.864  4.771  4.874  4.970  4.718  4.828  4.836  4.794  4.961  4.947  4.828  4.924  5.017  4.915  4.828  4.673  4.864  4.844  4.949  4.787  5.037  4.812  4.836  4.754  4.852  4.745  4.730  4.635  4.635  4.745  4.736  4.605  4.787  4.844  4.836  4.779  4.691  4.723  4.792  4.727  4.717  4.828
4.477  4.344  4.367  4.369  4.344  4.489  4.762  4.533  4.431  4.647  4.466  4.696  4.625  4.595  4.718  4.290  4.514  4.500  4.575  4.541  4.690  4.505  4.363  4.419  4.543  4.511  4.373  4.407  4.369  4.317  4.477  4.533  4.477  4.492  4.486  4.489  4.369  4.466  4.317  4.277  4.477  4.514
4.652  4.691  4.625  4.691  4.804  4.796  4.489  4.718  4.682  4.712  4.858  4.615  4.920  4.824  4.875  4.743  4.585  4.710  4.736  4.682  4.736  4.736  4.718  4.828  4.575  4.662  4.533  4.500  4.489  4.489  4.673  4.554  4.533  4.578  4.605  4.543  4.718  4.620  4.625  4.575  4.431  4.533
5.017  5.063  5.099  4.898  5.050  5.150  4.919  5.056  5.094  5.081  5.049  5.063  5.252  5.311  5.288  4.990  4.828  4.970  5.159  5.050  5.106  5.081  5.056  5.193  4.860  4.896  4.898  4.913  4.933  4.934  4.956  5.021  4.898  5.017  5.050  4.868  4.913  4.934  4.868  4.877  4.934  4.856
4.190  4.317  4.057  4.111  4.156  4.143  4.174  4.304  4.159  4.373  4.357  4.248  4.382  4.407  4.564  4.277  4.277  4.369  4.274  4.354  4.263  4.367  4.156  4.431  4.078  4.205  4.253  4.263  4.099  4.174  4.174  4.127  4.317  4.143  4.143  4.248  4.220  4.119  4.111  3.985  3.967  4.234
4.234  4.197  4.234  4.127  4.267  4.127  4.205  4.205  4.248  4.425  4.111  4.238  4.380  4.304  4.443  4.127  4.179  4.290  4.328  4.386  4.369  4.217  4.190  4.288  4.220  4.156  4.091  4.094  4.094  4.094  4.025  4.043  4.190  4.205  4.111  4.190  4.111  4.148  4.140  4.124  4.043  4.190
4.625  4.564  4.745  4.673  4.527  4.598  4.511  4.654  4.500  4.511  4.554  4.771  4.752  4.779  4.700  4.590  4.516  4.736  4.727  4.727  4.727  4.564  4.595  4.595  4.443  4.633  4.477  4.500  4.564  4.454  4.543  4.533  4.564  4.615  4.654  4.680  4.564  4.635  4.564  4.564  4.575  4.554
4.625  4.369  4.530  4.663  4.800  4.659  4.477  4.546  4.522  4.434  4.428  4.644  4.779  4.762  4.786  4.533  4.489  4.623  4.760  4.663  4.754  4.511  4.615  4.575  4.443  4.505  4.511  4.443  4.500  4.575  4.489  4.477  4.649  4.407  4.407  4.552  4.595  4.570  4.489  4.533  4.407  4.511
