5.485  5.214  5.283  5.136  5.352  5.398  5.303  5.268  5.277  5.398  5.338  5.529  5.497  5.361  5.414  5.293  5.088  5.394  5.283  5.267  5.195  5.027  5.209  5.153  5.030  5.063  5.198  5.161  4.820  4.982  5.124  4.787  4.977  5.024  5.017  5.136  5.159  5.140  5.212  5.318  4.934  5.215
4.190  4.171  4.263  4.040  4.159  4.277  4.407  4.217  4.277  4.394  4.205  4.407  4.234  4.143  4.431  4.127  4.007  4.143  4.367  4.281  4.401  4.260  4.220  4.159  4.043  4.209  4.111  4.127  4.116  4.007  4.094  4.127  4.234  4.143  4.167  4.116  4.043  4.190  4.078  3.989  4.078  4.040
5.638  5.357  5.511  5.466  5.489  5.485  5.482  5.481  5.460  5.642  5.575  5.661  5.666  5.402  5.725  5.425  5.371  5.583  5.531  5.525  5.481  5.342  5.451  5.366  5.455  5.537  5.389  5.365  5.247  5.366  5.313  5.250  5.537  5.631  5.398  5.451  5.438  5.509  5.403  5.501  5.434  5.537
4.827  4.762  4.796  4.860  4.836  4.883  4.798  4.773  4.905  5.036  4.905  5.001  5.050  4.984  5.050  4.844  4.820  4.691  4.836  4.977  4.875  4.673  4.920  4.796  4.721  4.815  4.673  4.543  4.522  4.727  4.682  4.533  4.625  4.828  4.762  4.913  4.802  4.663  4.691  4.700  4.644  4.796
5.380  5.124  5.142  5.017  5.357  5.308  4.977  5.219  5.226  5.438  5.278  5.416  5.403  5.318  5.493  5.223  4.963  5.323  5.375  5.371  5.198  5.165  5.164  5.204  5.146  5.136  5.075  5.094  4.860  5.094  5.066  5.007  5.017  5.263  5.136  5.099  5.185  5.273  5.182  5.170  5.069  5.124
3.829  3.761  3.784  3.807  3.761  3.829  3.497  3.761  3.970  3.850  3.761  3.976  4.234  4.060  4.043  3.807  3.761  3.850  4.156  3.912  4.078  3.871  3.867  3.947  3.638  3.738  3.871  3.829  3.520  3.807  3.784  3.611  3.714  3.726  3.714  3.888  3.784  3.738  3.714  3.684  3.611  3.761
5.136  4.868  5.017  5.112  5.135  5.147  4.954  5.124  5.150  5.226  5.086  5.153  5.204  5.130  5.175  5.027  5.037  5.136  5.283  5.204  5.124  4.879  5.021  4.942  4.977  5.182  4.963  5.011  4.898  4.860  4.934  5.052  5.088  5.024  4.989  5.043  4.890  5.014  4.836  5.130  5.097  5.118
5.024  4.875  4.787  4.907  4.900  4.860  4.854  4.868  4.951  4.968  4.896  5.011  5.170  4.984  5.081  4.844  4.812  4.771  4.905  4.942  4.796  4.844  4.905  5.071  4.758  4.883  4.844  4.654  4.590  4.663  4.682  4.727  4.860  4.787  4.836  4.752  4.752  4.718  4.727  4.771  4.727  4.828
4.328  4.127  4.369  4.543  4.419  4.290  4.238  4.304  4.407  4.443  4.290  4.419  4.514  4.489  4.466  4.277  4.234  4.234  4.522  4.533  4.469  4.311  4.263  4.407  4.248  4.382  4.317  4.357  4.057  4.234  4.263  4.369  4.428  4.357  4.277  4.394  4.078  4.394  4.354  4.394  4.394  4.290
5.004  4.866  5.024  5.142  4.984  4.956  4.984  4.990  4.997  5.011  4.977  5.030  5.112  5.004  5.215  4.934  5.075  4.927  5.338  5.257  5.293  4.970  4.927  4.984  5.050  4.997  4.875  4.804  4.671  4.745  4.654  4.802  5.106  5.013  4.942  4.875  4.963  4.990  5.016  4.820  5.056  5.017
5.781  5.494  5.631  5.740  5.717  5.663  5.635  5.789  5.640  5.771  5.717  5.724  5.817  5.723  5.848  5.613  5.564  5.720  5.823  5.808  5.709  5.663  5.529  5.628  5.645  5.655  5.557  5.548  5.342  5.394  5.553  5.591  5.777  5.730  5.670  5.662  5.691  5.787  5.713  5.613  5.624  5.707
6.653  6.286  6.538  6.576  6.611  6.541  6.297  6.547  6.449  6.601  6.548  6.548  6.663  6.578  6.675  6.346  6.387  6.425  6.661  6.726  6.545  6.483  6.407  6.507  6.326  6.459  6.346  6.252  6.151  6.173  6.314  6.295  6.535  6.488  6.430  6.444  6.363  6.469  6.518  6.415  6.455  6.471
5.323  5.268  5.142  5.252  5.263  5.288  5.187  5.263  5.342  5.412  5.375  5.361  5.487  5.375  5.543  5.451  5.313  5.472  5.886  5.945  5.864  6.304  6.316  6.353  5.063  5.166  5.263  5.056  5.004  5.011  5.209  5.043  5.231  5.159  5.142  5.268  5.150  5.247  5.173  5.130  5.121  5.242
5.165  5.130  5.124  5.124  5.193  5.130  5.130  5.081  5.063  5.263  5.193  5.204  5.293  5.293  5.193  5.198  5.112  5.094  5.347  5.322  5.236  5.308  5.422  5.481  5.112  5.013  5.215  5.017  5.063  5.136  5.094  5.030  5.203  5.168  5.176  5.359  4.984  5.081  5.106  4.980  5.011  5.158
5.175  4.883  5.088  5.142  5.153  5.112  4.970  5.170  5.063  5.220  5.112  5.236  5.190  5.118  5.303  5.030  4.963  5.094  5.209  5.198  5.068  4.887  4.913  5.011  4.934  4.915  4.956  5.100  4.754  4.887  4.972  4.940  5.049  5.004  4.926  5.043  4.938  5.236  5.093  4.963  4.990  5.108
4.394  4.220  4.260  4.234  4.331  4.248  4.234  4.304  4.284  4.263  4.060  4.460  4.477  4.654  4.620  4.135  4.304  4.248  4.369  4.270  4.246  4.304  4.190  4.190  4.220  4.171  4.220  4.025  4.040  4.190  4.297  4.311  4.564  4.205  4.267  4.220  3.989  4.382  4.182  4.295  4.187  4.248
6.050  5.958  5.969  6.061  5.899  6.019  5.889  5.994  6.003  6.023  5.985  6.028  6.082  5.948  6.098  5.919  5.886  6.014  6.122  6.169  6.057  6.082  6.005  6.135  5.984  5.922  5.889  5.862  5.612  5.793  5.866  5.817  5.968  5.936  6.047  5.914  5.897  5.861  5.903  5.935  5.943  5.919
5.613  5.412  5.553  5.620  5.580  5.476  5.440  5.527  5.539  5.613  5.561  5.572  5.585  5.631  5.641  5.308  5.433  5.558  5.591  5.726  5.631  5.561  5.452  5.600  5.442  5.484  5.429  5.327  5.120  5.394  5.561  5.342  5.541  5.533  5.501  5.479  5.351  5.361  5.352  5.442  5.555  5.489
4.949  4.868  4.828  4.820  4.875  4.890  4.533  4.754  4.782  4.927  4.977  4.927  4.942  4.890  5.055  4.771  4.883  4.879  4.913  4.881  4.760  4.530  4.832  4.836  4.489  4.717  4.652  4.682  4.522  4.710  4.595  4.520  4.766  4.745  4.546  4.827  4.875  4.836  4.875  4.796  4.615  4.758
3.839  3.892  3.871  3.829  3.951  3.784  3.714  3.850  3.784  3.892  3.638  3.951  3.932  4.094  3.970  3.689  3.829  3.932  3.967  3.908  3.839  3.829  3.882  3.970  3.714  3.611  3.638  3.970  3.658  3.773  3.714  3.784  3.780  3.761  3.757  3.807  3.611  3.829  3.932  3.780  3.664  3.807
5.170  5.017  5.215  5.267  5.220  5.166  5.088  5.182  5.124  5.277  5.147  5.215  5.242  5.204  5.263  5.220  5.075  5.288  5.257  5.273  5.338  5.215  5.182  5.182  5.123  5.043  5.050  5.024  4.916  4.984  5.009  4.989  5.158  5.130  5.158  5.114  5.004  5.127  5.153  5.124  5.100  5.149
5.829  5.709  5.724  5.638  5.775  5.793  5.684  5.793  5.700  5.900  5.906  5.829  5.974  5.906  5.869  5.788  5.663  5.924  5.805  5.802  5.835  5.656  5.765  5.799  5.661  5.717  5.724  5.617  5.565  5.672  5.791  5.561  5.663  5.778  5.684  5.687  5.670  5.790  5.753  5.786  5.690  5.835
