5.481  5.247  5.347  5.403  5.403  5.351  5.407  5.398  5.302  5.517  5.412  5.397  5.416  5.323  5.505  5.361  5.094  5.312  5.346  5.313  5.187  5.388  5.298  5.347  5.159  5.342  5.263  5.142  5.063  5.106  5.118  4.970  5.169  5.124  5.302  5.226  5.106  5.257  5.293  5.153  5.014  5.361
5.756  5.479  5.618  5.598  5.624  5.624  5.525  5.645  5.620  5.820  5.700  5.545  5.697  5.720  5.686  5.576  5.352  5.493  5.587  5.583  5.394  5.450  5.434  5.476  5.293  5.313  5.414  5.434  5.215  5.373  5.359  5.106  5.415  5.429  5.482  5.375  5.429  5.645  5.497  5.481  5.354  5.523
5.298  5.190  5.181  5.264  5.146  5.209  5.283  5.165  5.209  5.247  5.257  5.187  5.347  5.142  5.263  5.313  5.176  5.339  5.209  5.118  5.323  5.182  5.236  5.242  5.017  5.094  5.063  5.042  5.017  5.056  5.063  5.024  5.040  5.069  5.096  5.142  5.200  5.075  5.106  5.153  4.934  5.017
5.881  5.759  5.844  5.814  5.790  5.795  5.919  5.805  5.872  5.894  5.890  5.876  5.900  5.775  5.894  5.724  5.775  5.820  5.905  5.808  6.074  5.844  5.756  5.861  5.737  5.545  5.638  5.635  5.513  5.591  5.737  5.849  5.800  5.757  5.808  5.762  5.658  5.838  5.721  5.680  5.568  5.746
5.069  4.844  4.836  4.890  4.852  4.836  4.956  4.977  4.982  5.193  4.835  5.094  4.977  4.940  5.085  4.890  4.796  4.875  4.997  4.890  4.951  4.890  4.771  4.927  4.736  4.745  4.595  4.718  4.527  4.710  4.779  4.749  4.754  4.787  4.754  4.875  4.699  4.875  4.595  4.758  4.625  4.890
4.796  4.827  4.828  4.760  4.771  4.736  4.858  4.874  4.790  4.992  4.736  4.860  4.913  4.828  4.940  4.700  4.635  4.554  4.905  4.766  4.868  4.754  4.754  4.868  4.718  4.663  4.605  4.625  4.431  4.489  4.875  4.625  4.662  4.543  4.734  4.615  4.700  4.745  4.541  4.603  4.662  4.743
5.960  5.760  5.958  5.899  5.864  5.872  5.932  5.956  5.971  6.118  5.913  6.075  6.026  5.817  5.974  5.889  5.864  5.868  5.974  5.814  5.852  5.817  5.817  5.826  5.852  5.872  5.841  5.866  5.656  5.730  5.768  5.648  5.472  5.875  5.846  5.789  5.827  5.919  5.843  5.796  5.652  5.912
5.030  5.118  4.844  4.887  4.942  4.975  4.956  4.905  4.989  5.182  4.942  5.124  5.037  4.875  5.056  4.868  4.779  4.934  5.017  4.779  4.963  4.990  4.966  4.984  4.989  4.836  4.963  4.796  4.852  4.836  4.796  4.835  4.673  4.836  4.934  4.940  4.852  4.762  4.796  4.802  4.710  4.700
5.198  5.215  5.264  5.268  5.247  5.158  5.209  5.252  5.302  5.464  5.159  5.398  5.412  5.251  5.323  5.375  5.130  5.347  5.398  5.198  5.347  5.130  5.283  5.303  5.220  5.361  5.226  5.196  5.050  5.129  5.173  5.042  5.247  5.303  5.273  5.285  5.313  5.288  5.226  5.192  5.130  4.956
4.143  4.007  4.057  3.989  3.970  4.057  4.094  4.209  4.159  4.241  4.111  4.143  4.344  4.290  4.382  4.179  4.007  4.060  4.156  4.202  4.234  4.091  4.331  4.111  4.108  4.007  4.205  3.970  3.912  3.985  4.083  4.043  3.951  4.103  4.116  4.007  4.124  3.989  3.850  3.908  3.942  3.970
4.726  4.700  4.779  4.682  4.820  4.839  4.644  4.796  4.732  4.860  4.868  4.771  4.828  4.820  4.771  4.808  4.654  4.812  4.804  4.762  4.736  4.717  4.868  4.752  4.443  4.605  4.654  4.644  4.419  4.575  4.760  4.466  4.585  4.663  4.585  4.812  4.754  4.762  4.836  4.663  4.511  4.549
3.664  3.738  3.829  3.850  3.761  3.757  3.689  3.912  3.738  3.850  3.709  3.871  3.871  3.871  4.078  3.784  3.689  3.638  3.638  4.025  3.761  3.738  3.738  3.738  3.714  3.638  3.867  3.738  3.555  3.664  3.738  3.738  3.638  4.007  3.802  3.761  3.761  3.761  3.892  3.850  3.676  3.714
4.898  4.615  4.644  4.771  4.673  4.754  4.554  4.673  4.727  4.710  4.769  4.736  4.710  4.633  4.754  4.562  4.443  4.511  4.718  4.798  4.727  4.520  4.486  4.615  4.440  4.543  4.520  4.522  4.263  4.431  4.575  4.533  4.394  4.443  4.680  4.700  4.543  4.489  4.615  4.511  4.344  4.635
4.277  4.197  4.220  4.220  4.174  4.078  4.060  4.234  4.220  4.220  4.060  4.234  4.337  4.220  4.477  4.025  4.335  4.078  4.290  4.174  4.263  4.174  4.217  4.190  4.025  4.060  3.995  3.985  3.951  4.007  3.970  3.871  4.025  4.159  4.127  4.127  4.060  4.094  3.985  4.043  4.022  4.094
5.434  5.093  5.359  5.416  5.323  5.447  5.344  5.421  5.352  5.398  5.361  5.421  5.481  5.357  5.403  5.182  5.297  5.303  5.442  5.521  5.352  5.323  5.231  5.288  5.303  5.455  5.313  5.278  5.136  5.268  5.283  5.153  5.425  5.313  5.357  5.273  5.273  5.371  5.251  5.323  5.235  5.442
4.644  4.466  4.605  4.682  4.625  4.557  4.489  4.477  4.630  4.691  4.533  4.620  4.868  4.691  4.700  4.382  4.630  4.575  4.691  4.718  4.640  4.500  4.498  4.500  4.500  4.575  4.541  4.595  4.317  4.404  4.317  4.317  4.466  4.431  4.554  4.564  4.369  4.238  4.472  4.454  4.605  4.419
4.234  3.985  4.311  4.434  4.174  4.159  4.025  4.127  4.060  4.241  4.182  4.156  4.277  4.443  4.274  4.190  4.094  4.156  4.363  4.304  4.111  4.060  4.248  4.140  4.078  4.205  4.248  4.205  4.094  4.025  4.231  3.970  4.190  4.190  4.127  4.220  3.989  4.103  4.060  4.317  4.004  4.171
3.689  3.555  3.638  3.795  3.526  3.466  3.555  3.632  3.689  3.564  3.367  3.506  3.784  3.738  3.761  3.738  3.664  3.526  3.733  3.928  3.761  3.689  3.584  3.664  3.664  3.584  3.664  3.434  3.466  3.555  3.733  3.714  3.611  3.555  3.466  3.658  3.434  3.684  3.497  3.526  3.664  3.555
5.112  4.949  4.994  5.056  5.037  4.999  4.881  4.920  4.956  5.030  5.040  5.078  5.126  5.187  5.129  4.984  4.900  4.977  5.223  5.172  5.130  4.990  4.987  4.987  5.011  5.081  5.170  5.034  4.963  4.949  4.934  4.847  5.004  4.927  4.875  4.958  4.949  5.004  4.852  4.913  4.783  4.977
5.075  4.968  5.011  5.024  5.042  5.133  5.029  4.911  4.919  4.970  4.996  5.063  5.176  5.100  5.129  5.043  4.942  5.021  5.165  5.169  5.220  5.140  5.187  5.088  4.804  4.913  5.011  4.977  4.779  4.820  4.963  4.913  4.961  5.037  5.063  4.889  5.052  4.956  4.934  4.982  4.827  4.913
4.710  4.920  4.663  4.819  4.663  4.710  4.723  4.533  4.595  4.812  4.816  4.691  4.794  4.682  4.836  4.625  4.710  4.718  4.745  4.745  4.934  4.771  4.898  4.754  4.680  4.745  4.812  4.652  4.700  4.554  4.543  4.804  4.703  4.615  4.727  4.710  4.605  4.739  4.762  4.595  4.623  4.690
4.890  4.852  4.745  4.875  4.796  4.736  4.657  4.717  4.691  4.773  4.703  4.690  4.796  4.860  4.905  4.699  4.875  4.890  4.852  4.796  4.875  4.654  4.860  4.970  4.304  4.419  4.522  4.595  4.522  4.520  4.812  4.823  4.673  4.736  4.831  4.771  4.700  4.786  4.907  4.836  4.511  4.543
