6.214  6.138  6.190  6.098  6.056  6.168  6.203  6.142  6.254  6.365  6.217  6.232  6.190  6.102  6.189  6.144  5.972  6.163  6.198  6.138  6.165  6.107  6.089  6.122  6.016  6.043  6.107  6.050  5.945  5.996  6.116  5.964  6.001  6.084  6.082  6.050  6.001  5.991  6.012  6.176  5.930  6.107
5.591  5.371  5.523  5.460  5.407  5.442  5.322  5.412  5.416  5.663  5.624  5.591  5.485  5.420  5.451  5.278  5.277  5.323  5.568  5.552  5.425  5.342  5.489  5.422  5.412  5.285  5.318  5.069  5.117  5.342  5.352  5.165  5.338  5.320  5.380  5.318  5.281  5.283  5.268  5.398  5.209  5.338
6.059  5.647  5.855  5.684  5.948  6.047  5.700  5.841  5.817  6.111  5.984  6.071  6.066  5.828  6.041  5.761  5.409  5.902  5.932  5.778  5.670  5.663  5.694  5.710  5.449  5.598  5.671  5.855  5.346  5.568  5.753  5.412  5.521  5.727  5.591  5.690  5.749  5.749  5.730  5.931  5.501  5.765
4.434  4.270  4.304  4.190  4.277  4.533  4.205  4.205  4.477  4.682  4.290  4.489  4.419  4.419  4.635  4.277  4.143  4.238  4.564  4.277  4.376  4.382  4.331  4.431  3.976  4.220  4.194  4.234  4.124  4.094  4.317  3.980  4.103  4.174  4.174  4.341  4.344  4.248  4.111  4.301  4.231  4.174
5.617  5.352  5.437  5.323  5.537  5.620  5.396  5.489  5.476  5.728  5.657  5.619  5.626  5.659  5.700  5.470  5.133  5.673  5.557  5.389  5.411  5.290  5.386  5.311  5.252  5.303  5.328  5.513  5.081  5.247  5.436  5.220  5.288  5.434  5.226  5.335  5.434  5.352  5.387  5.384  5.165  5.451
4.331  4.369  4.043  4.078  4.263  4.407  4.301  4.205  4.234  4.419  4.454  4.373  4.407  4.380  4.564  4.386  4.007  4.382  4.248  4.281  4.321  4.143  4.220  4.380  4.025  4.182  4.190  4.043  3.967  4.066  4.277  3.951  4.034  4.335  4.060  4.083  4.317  3.871  4.190  4.124  3.892  4.148
6.186  5.953  6.107  6.140  6.174  6.100  6.056  6.052  6.052  6.193  6.087  6.270  6.186  6.056  6.213  5.976  5.922  6.019  6.140  6.040  5.984  6.023  5.964  6.004  5.951  5.945  6.052  6.003  5.849  5.875  5.956  5.886  6.043  6.038  6.040  5.976  6.007  6.045  6.004  5.958  5.986  6.066
6.094  5.849  5.900  5.953  6.054  6.050  6.041  5.958  6.074  6.190  6.073  6.131  6.221  5.875  6.100  5.869  5.914  5.849  6.151  6.031  5.976  6.040  6.028  5.991  5.799  5.883  5.869  5.788  5.823  5.778  5.969  5.846  5.935  5.897  6.066  5.964  5.994  5.929  5.796  5.820  5.894  5.938
5.549  5.517  5.421  5.121  5.497  5.323  5.182  5.384  5.451  5.638  5.645  5.468  5.704  5.652  5.606  5.357  4.905  5.690  5.375  5.176  5.170  5.170  5.505  5.438  4.996  5.043  5.230  5.226  4.920  5.037  5.257  4.828  4.997  5.027  5.069  5.241  5.165  5.412  5.447  5.366  4.913  5.198
3.761  3.807  3.738  3.846  3.750  3.807  3.850  3.882  3.970  3.807  3.892  3.871  3.871  4.111  4.025  3.892  3.689  3.850  3.761  3.871  3.784  3.892  4.013  3.738  3.632  3.784  3.871  3.761  3.664  3.638  3.750  3.738  3.784  3.664  3.829  3.912  3.738  3.829  4.644  3.892  3.584  3.733
6.395  6.091  6.201  6.201  6.207  6.309  6.161  6.310  6.339  6.351  6.314  6.356  6.351  6.192  6.291  6.114  6.071  6.265  6.327  6.377  6.267  6.107  6.168  6.100  6.203  6.321  6.185  6.231  6.081  6.221  6.172  6.045  6.217  6.292  6.203  6.170  6.261  6.217  6.127  6.310  6.174  6.321
5.069  4.934  4.942  5.017  4.911  4.951  4.963  5.004  4.990  5.043  5.142  5.064  5.283  4.977  5.056  4.905  4.949  4.860  5.142  5.242  5.147  4.956  4.927  4.977  4.970  4.949  4.848  4.804  4.687  4.736  4.890  4.875  4.883  5.024  4.933  4.905  4.977  4.835  4.977  4.839  4.963  4.868
6.258  6.160  6.129  6.248  6.297  6.213  6.148  6.144  6.172  6.184  6.180  6.273  6.300  6.265  6.342  6.103  6.033  6.288  6.229  6.196  6.163  6.034  6.093  6.078  6.133  6.082  6.111  6.025  5.909  5.886  6.047  5.984  5.989  6.095  6.033  6.078  6.140  6.091  6.089  6.137  6.023  6.100
5.812  5.830  5.666  5.756  5.838  5.787  5.830  5.625  5.778  5.908  5.820  5.881  5.903  5.844  5.927  5.778  5.663  5.737  5.781  5.746  5.858  5.963  5.872  5.899  5.700  5.768  5.704  5.677  5.649  5.497  5.802  5.645  5.687  5.759  5.781  5.799  5.886  5.756  5.695  5.737  5.602  5.733
5.313  5.391  5.286  5.204  5.247  5.398  5.421  5.328  5.540  5.489  5.384  5.529  5.587  5.485  5.505  5.366  5.325  5.333  5.421  5.308  5.347  5.267  5.455  5.429  5.292  5.342  5.375  5.268  5.313  5.303  5.389  5.136  5.257  5.428  5.328  5.384  5.481  5.298  5.273  5.303  5.302  5.375
4.585  4.752  4.718  4.700  4.615  4.543  4.771  4.727  4.754  4.898  4.864  4.796  4.990  4.868  4.844  4.762  4.736  4.736  4.844  4.710  4.754  4.703  4.727  4.860  4.575  4.682  4.615  4.543  4.710  4.635  4.625  4.466  4.554  4.590  4.673  4.762  4.796  4.541  4.392  4.533  4.663  4.700
6.033  5.642  5.749  5.759  5.805  5.829  5.737  5.783  5.746  5.924  5.881  5.892  5.905  5.878  5.841  5.678  5.606  5.855  5.852  5.832  5.730  5.690  5.632  5.617  5.751  5.924  5.609  5.663  5.630  5.591  5.576  5.557  5.700  5.807  5.680  5.638  5.701  5.841  5.714  5.832  5.699  5.737
5.050  4.787  4.828  4.856  4.828  4.864  4.812  4.840  4.942  4.977  4.771  4.875  5.142  4.852  4.852  4.868  4.754  4.727  4.997  5.061  4.919  4.736  4.864  4.911  4.831  4.824  4.844  4.745  4.739  4.771  4.401  4.864  4.852  4.868  4.852  4.783  4.760  4.844  4.673  4.700  4.700  4.804
5.420  4.970  5.329  5.037  5.056  5.146  4.920  5.147  5.108  5.226  5.050  5.136  5.631  5.523  5.751  5.323  5.328  5.617  5.700  5.656  5.398  5.247  5.247  5.384  5.316  5.485  5.361  5.451  5.118  5.140  5.220  5.204  5.589  5.501  5.384  5.366  5.318  5.598  5.449  5.481  5.375  5.606
3.908  3.932  4.034  3.807  4.074  3.761  3.892  3.871  4.052  3.871  3.980  3.932  4.007  4.004  4.348  3.850  3.989  3.951  4.174  4.159  4.159  3.951  3.871  4.057  4.022  3.970  4.094  3.912  3.807  3.912  3.784  4.086  3.989  4.111  3.932  4.048  3.912  4.043  3.871  3.970  3.932  4.094
5.863  5.460  5.846  5.749  5.852  5.880  5.478  5.705  5.690  5.808  5.832  5.930  5.937  5.740  5.943  5.649  5.241  5.841  5.887  5.886  5.543  5.457  5.557  5.521  5.645  5.768  5.557  5.645  5.198  5.417  5.460  5.234  5.771  5.704  5.488  5.663  5.406  5.768  5.707  5.805  5.517  5.749
4.159  4.202  4.094  4.143  4.205  4.171  4.094  4.022  4.248  4.290  4.311  4.220  4.477  4.454  4.331  4.253  4.025  4.205  4.263  4.248  4.248  4.205  4.248  4.220  4.234  4.331  4.127  4.043  4.043  4.127  4.127  4.057  4.143  4.159  4.119  4.220  4.043  4.190  4.248  4.060  4.007  4.078
