6.001  5.724  5.613  5.565  5.704  5.762  5.700  5.598  5.798  6.024  5.866  5.858  5.946  5.802  5.903  5.835  5.581  5.849  5.638  5.598  5.775  5.717  5.859  5.858  5.652  5.553  5.687  5.672  5.503  5.670  5.775  5.656  5.666  5.620  5.637  5.663  5.663  5.666  5.707  5.720  5.398  5.553
6.321  6.011  5.948  5.914  5.940  6.064  5.940  5.864  6.016  6.312  6.349  6.026  6.248  6.151  6.242  6.172  5.733  6.170  5.826  5.802  5.981  6.026  6.078  6.133  5.778  5.881  5.953  6.052  5.783  5.976  6.099  5.841  5.771  5.930  6.045  6.052  5.974  6.001  6.146  6.101  5.676  5.780
3.912  3.908  3.892  3.892  4.078  3.892  4.007  3.967  4.025  4.060  4.220  3.970  4.143  4.007  4.060  3.989  3.912  3.967  4.007  4.159  4.094  4.066  3.898  3.824  4.007  3.989  3.871  3.807  3.584  3.912  3.912  3.829  3.989  3.807  3.807  3.912  3.892  3.892  3.850  3.773  3.850  3.902
4.644  4.357  4.682  4.647  4.635  4.475  4.585  4.654  4.625  4.794  4.554  4.662  4.754  4.620  4.615  4.615  4.514  4.440  4.796  4.554  4.552  4.419  4.428  4.564  4.486  4.431  4.494  4.419  4.331  4.331  4.419  4.428  4.562  4.407  4.642  4.477  4.437  4.419  4.654  4.446  4.564  4.466
5.153  5.007  5.053  5.043  4.970  4.990  5.111  5.074  5.118  5.318  5.024  5.088  5.257  5.075  5.112  4.927  4.915  5.011  5.112  4.977  5.056  4.970  4.890  5.075  4.934  4.924  4.843  4.796  4.644  4.777  4.949  4.828  4.871  4.990  4.860  4.927  4.920  4.997  4.836  4.907  4.779  4.836
5.215  4.811  5.083  5.242  5.187  5.063  4.942  4.844  4.844  4.942  4.860  4.942  5.050  4.927  5.063  4.812  4.732  4.820  4.990  4.916  4.990  4.898  4.682  4.663  4.804  4.777  4.883  4.625  4.552  4.477  4.635  4.673  4.771  4.796  4.635  4.812  4.691  4.771  4.820  4.823  4.718  4.890
5.841  5.787  5.875  5.956  5.771  5.733  5.790  5.881  5.799  5.976  5.881  5.920  5.832  5.768  5.848  5.658  5.651  5.551  5.922  5.822  5.852  5.858  5.755  5.784  5.680  5.724  5.635  5.707  5.570  5.652  5.724  5.631  5.839  5.720  5.889  5.730  5.743  5.746  5.663  5.672  5.613  5.775
4.975  4.883  4.977  5.187  5.011  4.905  4.934  4.990  5.004  5.193  5.024  5.153  5.088  4.927  5.118  4.850  5.059  4.804  5.075  5.109  5.011  5.011  4.871  4.966  4.879  4.852  4.905  4.773  4.777  4.812  4.940  4.890  4.836  4.931  5.037  4.836  4.804  4.890  4.916  4.820  4.997  4.963
5.193  4.736  4.875  4.898  4.860  5.692  5.226  4.875  5.056  5.153  4.949  5.112  4.736  4.777  4.898  4.682  4.644  4.820  5.327  4.682  4.905  4.852  4.673  4.824  4.883  4.644  5.063  4.625  4.644  4.754  4.754  4.745  4.927  5.176  5.094  4.868  4.963  4.575  4.920  4.691  4.890  4.663
5.215  4.920  5.106  4.710  5.676  5.450  5.539  5.517  5.030  5.817  5.075  5.694  4.956  5.037  5.545  5.288  4.868  5.124  5.898  4.868  4.787  5.293  4.736  5.656  4.543  4.691  5.204  5.037  4.691  5.193  5.043  5.283  5.268  5.139  5.549  5.445  4.828  4.911  5.037  5.075  5.130  4.831
4.929  4.779  4.836  4.804  4.691  4.754  4.905  4.844  4.840  4.913  5.017  4.874  4.997  4.898  4.911  4.756  4.765  4.800  4.870  4.836  4.947  4.852  4.739  4.828  4.779  4.749  4.654  4.635  4.533  4.654  4.762  4.673  4.673  4.796  4.718  4.771  4.659  4.652  4.736  4.710  4.657  4.777
4.546  4.522  4.585  4.419  4.464  4.431  4.344  4.567  4.536  4.615  4.500  4.564  4.554  4.615  4.613  4.363  4.489  4.494  4.431  4.630  4.635  4.369  4.382  4.489  4.394  4.434  4.159  4.363  4.248  4.407  4.407  4.277  4.357  4.394  4.331  4.382  4.344  4.357  4.443  4.260  4.227  4.449
4.373  4.344  4.663  4.483  4.317  4.466  4.260  4.324  4.500  4.682  4.527  4.543  4.344  4.317  4.543  4.431  4.431  4.603  4.477  4.564  4.500  4.443  4.277  4.673  4.304  4.220  4.304  4.284  4.111  4.500  4.190  4.220  4.625  4.489  4.248  4.407  4.477  4.220  4.394  4.308  4.078  4.220
5.004  5.176  5.204  5.004  5.075  5.118  4.934  4.949  5.147  5.124  5.262  5.159  5.215  5.136  5.176  5.056  5.112  5.226  5.281  4.994  5.247  5.063  5.043  5.384  4.909  4.905  4.949  4.852  4.828  5.136  4.883  4.836  5.182  5.042  5.037  4.949  4.860  4.913  5.075  4.907  4.934  4.868
4.673  4.654  4.533  4.696  4.625  4.575  4.673  4.644  4.541  4.743  4.605  4.677  4.787  4.644  4.800  4.477  4.543  4.696  4.762  4.699  4.676  4.771  4.625  4.691  4.477  4.500  4.392  4.477  4.344  4.466  4.466  4.659  4.682  4.533  4.564  4.691  4.511  4.595  4.605  4.511  4.477  4.590
4.590  4.659  4.344  4.585  4.618  4.466  4.331  4.431  4.454  4.644  4.559  4.419  4.580  4.443  4.663  4.344  4.603  4.466  4.466  4.530  4.718  4.552  4.522  4.710  4.357  4.290  4.331  4.357  4.212  4.394  4.466  4.477  4.443  4.341  4.454  4.464  4.331  4.533  4.466  4.220  4.331  4.231
4.277  4.431  4.407  4.419  4.317  4.466  4.290  4.419  4.407  4.205  4.217  4.431  4.404  4.477  4.543  4.407  4.549  4.454  4.546  4.525  4.466  4.466  4.382  4.431  4.270  4.205  4.297  4.205  4.394  4.220  4.454  4.357  4.500  4.267  4.369  4.248  4.324  4.248  4.190  4.419  4.416  4.263
4.159  4.108  4.007  3.989  4.174  4.007  4.156  3.989  3.995  3.989  4.043  4.190  4.301  4.248  4.260  4.103  4.094  4.111  4.394  4.241  4.159  4.111  3.951  4.094  3.761  4.078  4.016  3.932  3.850  4.043  4.111  4.094  3.989  4.025  4.111  3.989  4.091  4.025  4.007  3.989  3.802  3.970
3.871  3.829  4.007  4.094  3.912  4.025  3.989  4.060  4.143  4.025  4.048  4.043  4.248  4.143  4.382  4.060  3.892  4.263  4.263  4.060  4.143  4.103  4.060  4.078  3.871  3.829  3.912  3.908  3.761  4.048  3.912  3.871  4.025  3.947  4.007  3.932  3.850  3.850  3.784  4.060  3.867  3.671
4.060  3.932  3.989  3.829  4.007  4.040  3.932  4.094  3.989  4.043  4.007  4.007  4.205  4.171  4.205  3.951  3.985  4.025  4.171  4.174  4.220  3.989  4.143  4.060  3.857  3.807  3.761  3.989  3.871  3.761  3.871  3.829  4.007  3.912  4.111  3.932  3.850  4.007  3.932  3.829  3.871  3.967
5.873  5.697  5.802  5.746  5.969  5.930  5.826  5.820  5.828  5.916  5.753  5.878  5.983  5.852  5.988  5.811  5.749  5.808  5.984  5.789  5.829  5.765  5.748  5.861  5.684  5.746  5.737  5.811  5.638  5.609  5.737  5.718  5.778  5.939  5.958  5.796  5.844  5.775  5.682  5.726  5.808  5.835
5.380  5.075  5.129  5.120  5.263  5.293  5.133  5.170  5.292  5.367  5.323  5.328  5.421  5.215  5.306  5.176  5.165  5.187  5.384  5.263  5.404  5.182  5.093  5.252  5.168  5.218  5.100  5.093  4.905  4.986  5.017  5.086  5.165  5.231  5.287  5.204  5.100  5.251  5.187  5.215  5.149  5.130
