5.231  5.078  5.142  5.059  5.170  5.100  5.069  5.132  5.130  5.142  5.130  5.182  5.135  4.994  5.187  5.001  4.877  5.165  5.056  5.036  5.136  5.050  4.920  5.024  4.919  5.030  4.868  4.977  4.828  4.898  4.984  4.812  4.977  4.854  4.890  4.990  4.913  4.963  4.970  4.875  4.796  4.984
5.112  4.920  4.975  4.970  4.949  5.088  4.920  5.026  5.004  4.942  4.896  5.136  5.059  5.004  5.037  4.970  4.850  4.990  4.945  4.956  4.990  4.920  4.924  5.069  4.806  4.798  4.844  4.787  4.766  4.771  4.896  4.682  4.875  4.862  4.890  4.984  4.883  4.915  4.883  4.875  4.700  4.820
5.176  5.088  5.086  5.100  5.130  5.093  5.056  5.061  5.200  5.298  5.088  5.193  5.142  5.097  5.094  5.024  4.905  5.088  5.136  5.165  5.118  5.029  5.030  5.106  5.037  5.043  5.004  4.915  4.673  4.968  4.920  4.977  5.043  5.024  5.130  4.927  4.949  5.017  4.850  4.924  4.881  5.063
4.344  4.290  4.212  4.194  4.331  4.025  4.156  4.253  4.078  4.489  4.263  4.248  4.220  4.174  4.304  4.151  4.111  4.159  4.277  4.466  4.248  4.277  4.111  4.124  4.094  4.328  4.025  3.989  4.025  4.116  3.970  4.227  4.190  4.205  4.248  4.127  4.167  4.007  4.060  4.025  4.174  3.985
5.649  5.398  5.550  5.537  5.624  5.606  5.521  5.591  5.505  5.673  5.645  5.687  5.673  5.666  5.720  5.583  5.513  5.652  5.631  5.600  5.578  5.481  5.529  5.606  5.424  5.452  5.529  5.481  5.366  5.429  5.513  5.447  5.455  5.591  5.451  5.433  5.489  5.489  5.468  5.613  5.429  5.565
5.709  5.623  5.673  5.735  5.717  5.697  5.714  5.670  5.700  5.787  5.754  5.872  5.823  5.710  5.707  5.606  5.617  5.645  5.737  5.666  5.875  5.762  5.652  5.714  5.563  5.502  5.598  5.464  5.389  5.468  5.677  5.587  5.649  5.613  5.700  5.673  5.620  5.659  5.659  5.561  5.515  5.652
4.812  4.573  4.796  4.779  4.703  4.676  4.635  4.585  4.635  4.843  4.635  4.727  4.771  4.754  5.140  4.625  4.554  4.554  4.644  4.812  4.676  4.705  4.642  4.635  4.317  4.407  4.595  4.369  4.317  4.443  4.718  4.443  4.543  4.452  4.522  4.593  4.454  4.554  4.654  4.564  4.394  4.700
4.898  4.718  4.904  4.868  4.766  4.844  4.779  4.743  4.745  4.927  4.883  4.883  4.856  4.700  4.927  4.718  4.682  4.595  4.828  4.828  4.796  4.710  4.630  4.754  4.419  4.477  4.615  4.498  4.382  4.527  4.671  4.644  4.835  4.680  4.585  4.745  4.644  4.700  4.682  4.652  4.682  4.554
5.892  5.678  5.886  5.810  5.859  5.793  5.826  5.727  5.911  5.940  5.928  5.886  5.903  5.823  5.929  5.775  5.796  5.900  5.969  5.849  5.908  5.892  5.704  5.986  5.754  5.670  5.736  5.690  5.781  5.609  5.724  5.677  5.791  5.781  5.720  5.743  5.704  5.753  5.746  5.768  5.638  5.690
4.419  4.369  4.522  4.583  4.533  4.585  4.575  4.431  4.775  4.394  4.644  4.564  4.588  4.509  4.588  4.543  4.367  4.437  4.635  4.605  4.673  4.520  4.394  4.787  4.357  4.290  4.469  4.419  4.304  4.394  4.369  4.443  4.394  4.357  4.419  4.489  4.615  4.357  4.394  4.394  4.425  4.443
4.730  4.394  4.905  4.554  4.575  4.605  4.663  4.554  4.554  4.749  4.570  4.500  4.796  4.734  5.198  4.554  4.595  4.585  4.654  4.708  4.736  4.615  4.625  4.736  4.419  4.392  4.466  4.454  4.357  4.369  4.522  4.477  4.718  4.705  4.638  4.718  4.477  4.483  4.654  4.585  4.700  4.533
4.691  4.796  4.927  4.723  4.718  4.682  4.595  4.595  4.625  4.828  4.762  4.736  4.771  4.812  5.088  4.605  4.649  4.852  4.762  4.771  4.852  4.682  4.489  4.883  4.527  4.595  4.554  4.317  4.419  4.475  4.554  4.836  4.673  4.663  4.615  4.771  4.575  4.635  4.796  4.454  4.682  4.644
4.615  4.369  4.466  4.477  4.419  4.477  4.369  4.419  4.407  4.654  4.466  4.585  4.554  4.511  4.710  4.419  4.328  4.595  4.635  4.564  4.511  4.477  4.443  4.690  4.382  4.428  4.443  4.317  4.205  4.304  4.363  4.277  4.516  4.466  4.357  4.394  4.492  4.511  4.344  4.489  4.357  4.407
4.477  4.304  4.564  4.522  4.369  4.431  4.443  4.500  4.401  4.610  4.407  4.663  4.708  4.605  4.605  4.477  4.434  4.633  4.786  4.605  4.726  4.578  4.530  4.710  4.234  4.394  4.277  4.234  4.260  4.407  4.425  4.394  4.557  4.454  4.500  4.500  4.246  4.583  4.489  4.419  4.248  4.419
5.333  5.100  5.311  5.361  5.159  5.357  5.168  5.228  5.187  5.352  5.081  5.380  5.429  5.333  5.308  5.136  5.133  5.158  5.371  5.421  5.290  5.223  5.198  5.236  5.185  5.103  5.153  5.011  4.804  5.004  5.198  5.155  5.380  5.182  5.106  5.127  5.050  5.257  5.215  5.094  5.142  5.247
6.035  5.540  5.835  5.911  5.756  5.799  5.620  5.820  5.733  5.835  5.720  5.876  5.726  5.730  5.927  5.595  5.614  5.836  5.999  6.009  5.854  5.684  5.598  5.743  5.652  5.638  5.645  5.583  5.339  5.493  5.635  5.501  5.858  5.697  5.737  5.726  5.578  5.797  5.756  5.748  5.670  5.798
4.564  4.500  4.311  4.552  4.522  4.595  4.407  4.369  4.443  4.500  4.466  4.590  4.727  4.522  4.603  4.466  4.564  4.559  4.600  4.500  4.605  4.489  4.475  4.605  4.489  4.443  4.489  4.419  4.369  4.277  4.554  4.454  4.543  4.564  4.533  4.575  4.431  4.477  4.301  4.605  4.477  4.522
4.812  4.615  4.942  4.773  4.533  4.745  4.575  4.691  4.564  4.673  4.511  4.700  4.745  4.798  4.779  4.520  4.625  4.682  4.844  4.875  4.820  4.727  4.673  4.690  4.625  4.605  4.578  4.625  4.575  4.533  4.533  4.671  4.828  4.685  4.673  4.690  4.673  4.615  4.533  4.708  4.682  4.775
4.174  3.932  4.190  4.167  4.094  4.043  3.989  4.078  4.086  4.290  3.912  4.394  4.043  4.111  4.220  4.007  4.048  4.156  4.277  4.246  4.078  4.127  4.143  4.094  4.025  4.099  3.912  4.143  3.928  3.932  4.103  4.094  4.025  4.111  3.989  4.091  3.871  4.094  3.970  4.159  4.007  4.034
3.989  3.761  3.892  3.877  3.892  3.784  3.745  3.829  3.871  4.007  3.689  3.850  4.060  3.807  3.932  3.912  3.951  4.111  3.989  4.078  4.140  3.829  3.888  3.871  3.850  3.850  3.689  3.951  3.871  3.761  3.761  3.829  3.867  3.829  3.850  3.761  3.761  3.807  3.611  3.784  3.714  3.888
5.267  5.170  5.220  5.231  5.193  5.344  5.088  5.308  5.193  5.263  5.254  5.342  5.489  5.328  5.425  5.153  5.198  5.252  5.357  5.252  5.176  5.187  5.170  5.323  5.182  5.215  5.268  5.121  5.088  5.004  5.168  4.913  5.226  5.153  5.147  5.252  5.182  5.273  5.231  5.129  5.136  5.288
5.505  5.398  5.394  5.436  5.380  5.533  5.256  5.439  5.398  5.525  5.447  5.549  5.617  5.521  5.537  5.301  5.366  5.303  5.384  5.455  5.425  5.446  5.412  5.573  5.434  5.288  5.341  5.341  5.288  5.242  5.398  5.270  5.425  5.429  5.438  5.391  5.318  5.493  5.464  5.247  5.285  5.448
