5.192  4.913  5.063  5.069  4.970  4.927  5.094  4.997  5.011  5.260  5.212  5.075  5.003  4.890  4.984  5.069  4.973  5.081  5.034  5.081  5.139  5.050  5.059  5.129  5.039  5.004  4.990  4.828  4.663  4.762  5.075  4.942  4.904  4.927  4.927  4.883  4.997  5.056  4.860  4.927  4.844  4.868
5.106  4.777  4.883  4.875  4.736  4.898  4.868  4.933  4.844  5.052  4.970  4.992  4.990  4.890  4.927  4.754  4.794  4.812  4.852  4.990  4.847  4.934  4.824  4.860  4.682  4.673  4.754  4.605  4.500  4.575  4.820  4.595  4.754  4.666  4.760  4.727  4.771  4.938  4.736  4.691  4.682  4.804
3.807  3.664  3.714  3.611  3.784  3.611  3.584  3.738  3.555  3.738  3.761  3.526  3.664  3.850  3.738  3.645  3.611  3.664  3.611  3.892  3.970  3.689  3.761  3.638  3.526  3.664  3.526  3.466  3.497  3.605  3.584  3.638  3.709  3.684  3.584  3.638  3.632  3.526  3.714  3.520  3.401  3.611
3.555  3.570  3.555  3.689  3.689  3.434  3.584  3.638  3.466  3.401  3.332  3.689  3.761  3.689  3.664  3.701  3.526  3.497  3.611  3.846  3.784  3.584  3.638  3.689  3.714  3.555  3.466  3.466  3.434  3.466  3.434  3.761  3.555  3.506  3.684  3.434  3.332  3.401  3.605  3.555  3.555  3.497
4.159  4.159  4.260  4.205  4.078  4.205  4.234  4.127  4.317  4.253  4.040  4.190  4.171  4.094  4.357  4.111  3.932  4.078  4.382  4.277  4.227  4.220  4.159  4.341  4.127  4.094  4.143  3.882  4.007  4.111  4.007  3.947  4.143  4.078  4.108  3.951  3.951  4.074  4.022  3.912  4.025  3.932
4.159  4.151  4.127  4.407  4.376  4.357  4.238  4.328  4.190  4.363  4.248  4.492  4.143  4.174  4.382  4.220  4.060  4.304  4.392  4.367  4.431  4.217  4.260  4.290  4.127  3.995  4.248  4.043  4.034  4.248  4.159  4.143  4.217  4.127  4.197  4.190  4.274  4.074  4.194  4.111  4.078  4.205
6.719  6.454  6.612  6.637  6.554  6.692  6.532  6.569  6.554  6.668  6.757  6.666  6.590  6.606  6.712  6.502  6.385  6.558  6.542  6.578  6.576  6.485  6.591  6.637  6.295  6.344  6.455  6.491  6.286  6.425  6.551  6.322  6.431  6.370  6.356  6.341  6.418  6.639  6.720  6.475  6.323  6.433
6.701  6.510  6.581  6.658  6.557  6.688  6.528  6.587  6.513  6.694  6.738  6.720  6.653  6.668  6.778  6.531  6.342  6.579  6.605  6.619  6.617  6.519  6.586  6.676  6.377  6.390  6.491  6.506  6.299  6.487  6.632  6.355  6.512  6.443  6.442  6.512  6.510  6.642  6.730  6.548  6.399  6.513
3.475  3.689  3.638  3.555  3.526  3.684  3.584  3.658  3.611  3.466  3.555  3.481  3.664  3.733  3.689  3.714  3.611  3.497  3.497  3.784  3.761  3.555  3.584  3.807  3.497  3.497  3.450  3.466  3.296  3.401  3.584  3.638  3.584  3.624  3.497  3.658  3.664  3.332  3.401  3.611  3.526  3.555
3.807  3.780  3.555  3.638  3.738  3.733  3.761  3.761  3.850  3.750  3.605  3.638  3.989  3.784  3.942  3.689  3.761  3.611  3.867  3.850  3.829  3.829  3.638  3.709  3.638  3.638  3.658  3.709  3.497  3.584  3.555  3.761  3.738  3.638  3.684  3.638  3.733  3.490  4.066  3.638  3.638  3.584
4.382  4.304  4.317  4.354  4.234  4.205  4.174  4.344  4.290  4.369  4.227  4.511  4.554  4.344  4.489  4.246  4.248  4.419  4.344  4.344  4.369  4.263  4.263  4.382  4.220  4.234  4.212  4.220  4.277  4.234  4.357  4.234  4.277  4.404  4.304  4.304  4.234  4.277  4.386  4.205  4.248  4.174
4.290  4.290  4.466  4.357  4.290  4.304  4.190  4.419  4.263  4.394  4.220  4.443  4.407  4.394  4.419  4.187  4.159  4.500  4.227  4.431  4.331  4.205  4.301  4.331  4.317  4.127  4.238  4.190  4.074  4.159  4.263  4.171  4.253  4.143  4.263  4.171  4.246  4.159  4.263  4.231  4.205  4.220
4.926  4.868  4.796  4.896  4.745  4.860  5.011  4.920  5.081  4.944  5.011  5.004  5.074  4.990  5.069  4.905  4.811  4.898  5.118  4.997  5.099  5.004  4.947  5.056  4.736  4.654  4.745  4.710  4.419  4.663  4.673  4.771  4.868  4.762  4.844  4.875  4.858  4.852  4.782  4.860  4.827  4.663
5.361  5.375  5.278  5.384  5.421  5.411  5.375  5.398  5.361  5.351  5.384  5.371  5.550  5.403  5.533  5.303  5.198  5.147  5.501  5.342  5.418  5.389  5.438  5.576  5.145  5.142  5.187  5.252  4.984  5.182  5.318  5.268  5.136  5.269  5.380  5.421  5.321  5.323  5.312  5.233  5.153  5.278
5.928  5.740  5.771  5.953  5.883  5.855  5.951  5.836  5.835  5.979  5.874  5.881  5.911  5.837  6.057  5.749  5.849  5.771  6.127  5.952  5.911  5.844  5.855  5.804  5.818  5.788  5.730  5.576  5.533  5.591  5.656  5.799  5.835  5.894  5.881  5.799  5.656  5.811  5.697  5.638  5.838  5.762
5.717  5.407  5.673  5.641  5.575  5.694  5.642  5.489  5.631  5.674  5.617  5.609  5.787  5.420  5.720  5.517  5.467  5.598  5.717  5.635  5.831  5.609  5.438  5.627  5.515  5.476  5.455  5.403  5.308  5.268  5.454  5.565  5.505  5.517  5.614  5.476  5.438  5.578  5.505  5.501  5.464  5.497
4.889  4.961  4.956  4.824  4.850  4.811  4.736  4.812  4.927  4.934  4.844  4.875  4.927  4.779  4.949  4.620  4.710  4.866  4.956  4.852  4.942  4.913  4.804  4.927  4.754  4.705  4.852  4.644  4.605  4.605  4.743  4.736  4.907  4.820  4.758  4.852  4.615  4.745  4.824  4.662  4.745  4.828
4.802  4.595  4.682  4.522  4.654  4.525  4.687  4.618  4.654  4.682  4.635  4.635  4.852  4.620  4.754  4.522  4.489  4.595  4.754  4.654  4.727  4.635  4.663  4.620  4.575  4.598  4.511  4.511  4.382  4.477  4.564  4.500  4.575  4.618  4.625  4.699  4.635  4.419  4.663  4.635  4.431  4.623
5.849  5.591  5.969  5.958  5.753  5.864  5.784  5.888  5.778  5.768  5.768  5.864  5.869  5.829  5.994  5.694  5.832  5.846  6.068  5.991  5.966  5.905  5.727  5.808  5.861  5.723  5.634  5.676  5.472  5.545  5.521  5.841  5.932  5.787  5.826  5.704  5.666  5.826  5.784  5.737  5.831  5.799
6.615  6.503  6.623  6.660  6.617  6.685  6.597  6.683  6.615  6.548  6.534  6.663  6.671  6.616  6.783  6.473  6.613  6.468  6.770  6.752  6.777  6.691  6.528  6.644  6.603  6.492  6.468  6.402  6.204  6.337  6.413  6.644  6.598  6.611  6.659  6.593  6.555  6.635  6.597  6.506  6.616  6.548
5.175  4.942  5.168  5.102  5.124  5.192  5.004  5.139  5.182  5.220  5.192  5.366  5.344  5.295  5.412  5.152  5.158  5.106  5.318  5.312  5.327  5.220  5.088  5.132  5.121  5.108  5.093  5.063  4.905  5.064  4.997  5.017  5.100  5.247  5.170  5.159  5.149  5.298  5.037  5.072  5.142  5.142
5.663  5.384  5.490  5.641  5.602  5.611  5.656  5.625  5.628  5.759  5.717  5.704  5.802  5.654  5.768  5.661  5.595  5.576  5.666  5.771  5.753  5.705  5.609  5.710  5.468  5.572  5.553  5.455  5.451  5.543  5.612  5.613  5.640  5.645  5.680  5.692  5.628  5.572  5.565  5.549  5.517  5.600
