5.778  5.313  5.531  5.412  5.638  5.832  5.624  5.765  5.820  5.864  5.908  5.889  5.891  5.852  5.852  5.695  5.209  5.732  5.662  5.597  5.710  5.287  5.576  5.539  5.468  5.541  5.505  5.583  5.193  5.334  5.668  5.136  5.402  5.562  5.493  5.666  5.740  5.606  5.694  5.598  5.409  5.644
3.867  3.850  3.867  3.714  3.761  3.738  4.043  4.094  4.174  3.908  3.871  4.190  4.220  3.912  4.234  4.127  3.892  3.850  3.829  3.989  3.912  3.892  3.882  3.871  3.784  3.802  3.951  3.932  3.738  3.807  3.871  3.689  3.761  3.861  3.684  3.918  3.807  3.807  3.555  3.784  3.714  3.951
6.512  6.329  6.433  6.446  6.384  6.500  6.438  6.486  6.520  6.599  6.444  6.585  6.541  6.426  6.506  6.387  6.273  6.431  6.572  6.469  6.509  6.466  6.436  6.411  6.458  6.462  6.315  6.402  6.254  6.271  6.421  6.378  6.411  6.468  6.457  6.368  6.488  6.405  6.365  6.400  6.392  6.443
5.463  5.308  5.533  5.402  5.539  5.447  5.529  5.472  5.572  5.606  5.464  5.580  5.527  5.501  5.580  5.396  5.461  5.412  5.652  5.529  5.638  5.407  5.485  5.505  5.357  5.464  5.303  5.207  5.106  5.198  5.357  5.333  5.389  5.412  5.509  5.288  5.242  5.293  5.283  5.136  5.293  5.246
5.525  5.638  5.525  5.366  5.619  5.513  5.438  5.382  5.521  5.489  4.905  5.403  5.553  5.666  5.670  5.447  5.342  5.617  5.624  5.476  5.442  5.366  5.517  5.447  5.451  5.333  5.380  5.425  5.162  5.353  5.450  5.328  5.338  5.481  5.425  5.468  5.460  5.313  5.182  5.565  5.298  5.421
4.796  4.898  4.844  4.944  4.868  4.905  5.030  4.823  4.898  4.852  4.344  4.804  5.069  5.043  5.124  4.887  4.754  4.920  4.934  4.984  5.075  4.860  4.898  4.927  4.905  4.647  4.721  4.676  4.477  4.682  4.900  4.787  4.762  4.913  4.820  4.868  5.004  4.710  4.552  4.956  4.905  4.787
5.730  5.481  5.613  5.624  5.684  5.662  5.425  5.658  5.476  5.778  5.680  5.706  5.724  5.572  5.746  5.521  5.379  5.591  5.666  5.686  5.631  5.423  5.632  5.638  5.515  5.485  5.380  5.421  5.236  5.434  5.575  5.317  5.460  5.497  5.525  5.501  5.438  5.611  5.693  5.513  5.455  5.539
6.052  5.787  5.924  5.861  5.922  6.011  5.866  5.874  5.909  6.010  6.033  6.060  6.054  5.927  5.991  5.805  5.807  5.878  5.992  6.054  5.922  5.845  5.908  5.892  5.754  5.774  5.707  5.694  5.697  5.649  5.796  5.804  5.826  5.835  5.861  5.930  5.826  5.922  5.927  5.771  5.753  5.790
4.760  4.710  4.564  4.605  4.615  4.736  4.625  4.727  4.852  4.883  4.760  4.804  4.927  4.779  4.831  4.595  4.522  4.860  4.836  4.745  4.644  4.466  4.570  4.595  4.443  4.635  4.554  4.657  4.654  4.663  4.615  4.554  4.525  4.564  4.533  4.736  4.710  4.595  4.654  4.691  4.492  4.727
3.807  3.871  3.912  4.007  4.043  3.714  4.111  3.829  3.888  3.850  3.912  3.892  4.060  3.970  4.094  3.807  3.912  4.007  3.912  4.083  3.970  3.761  3.951  3.871  3.951  3.888  3.738  3.892  3.784  3.784  3.912  3.892  3.829  3.892  4.060  4.007  3.784  3.784  3.850  3.784  3.733  3.829
5.147  4.654  4.970  4.990  5.003  5.215  4.802  5.050  4.956  5.278  5.003  5.164  5.239  5.017  5.130  4.804  4.673  4.898  5.242  5.142  4.868  4.580  4.610  4.760  4.736  4.832  4.625  4.662  4.281  4.458  4.666  4.575  4.812  4.875  4.745  4.796  4.745  4.902  4.920  4.883  4.828  5.118
3.912  3.850  3.898  3.784  4.016  3.932  3.829  3.738  3.839  3.995  3.761  3.932  3.970  4.007  4.060  3.807  3.850  3.714  3.989  3.829  3.932  3.961  3.871  3.892  3.761  3.829  3.761  3.671  3.664  3.676  3.761  3.689  3.989  3.689  3.947  3.861  3.738  3.738  3.714  3.638  3.664  3.850
5.091  4.562  5.159  5.011  5.342  5.106  4.700  5.142  4.956  5.024  5.094  5.142  5.283  5.068  5.130  4.644  4.304  5.241  5.182  5.017  4.754  4.394  4.758  4.820  4.875  4.875  4.635  4.823  4.127  4.234  4.562  4.419  4.864  4.743  4.522  4.779  4.771  5.023  5.305  5.153  4.682  4.938
4.159  4.025  4.263  4.304  4.277  4.231  3.892  4.159  4.205  4.094  4.220  4.288  4.489  4.277  4.585  4.174  3.989  4.234  4.357  4.220  4.277  3.951  4.159  4.394  3.970  3.970  3.970  4.111  3.970  3.932  4.004  4.004  4.043  4.135  3.908  4.143  4.078  4.099  4.277  4.167  3.912  4.202
5.829  5.591  5.710  5.666  5.755  5.707  5.656  5.648  5.957  5.762  5.620  5.754  5.738  5.690  5.924  5.680  5.312  5.739  5.844  5.724  5.735  5.509  5.617  5.564  5.647  5.737  5.559  5.642  5.451  5.620  5.607  5.576  5.649  5.652  5.659  5.583  5.726  5.680  5.631  5.663  5.649  5.635
5.586  5.565  5.583  5.428  5.429  5.447  5.505  5.373  5.758  5.464  5.674  5.529  5.571  5.576  5.755  5.533  5.236  5.472  5.598  5.579  5.529  5.366  5.556  5.620  5.333  5.421  5.375  5.357  5.278  5.434  5.320  5.363  5.352  5.490  5.545  5.476  5.323  5.333  5.371  5.505  5.517  5.395
5.733  5.606  5.561  5.489  5.659  5.784  5.654  5.714  5.659  5.753  5.771  5.838  5.897  5.680  5.825  5.489  5.673  5.613  5.727  5.707  5.762  5.606  5.585  5.687  5.513  5.733  5.487  5.407  5.438  5.519  5.461  5.505  5.602  5.617  5.664  5.690  5.680  5.537  5.439  5.591  5.551  5.673
3.807  3.829  3.761  3.818  3.761  3.784  3.835  3.902  3.928  3.807  3.970  3.824  3.989  4.022  3.970  3.757  3.871  3.892  3.928  4.078  3.970  3.871  3.701  3.989  3.892  3.738  3.784  3.526  3.951  3.555  3.555  3.664  3.714  3.850  3.861  3.738  3.738  3.584  3.757  3.638  3.570  3.689
5.153  5.100  5.050  5.142  5.152  5.300  5.030  5.115  5.153  5.323  5.129  5.176  5.371  5.226  5.384  5.124  4.804  5.118  5.308  5.252  5.088  4.942  5.176  5.236  4.827  5.075  5.037  5.081  4.736  4.860  5.021  4.745  5.075  4.984  4.905  5.063  4.999  5.029  4.977  5.004  4.949  5.242
4.069  4.127  4.111  4.220  4.043  4.111  3.970  3.989  4.052  4.159  4.060  4.094  4.331  4.331  4.331  3.932  3.980  4.094  4.174  4.331  4.263  4.143  4.060  4.127  4.060  4.111  3.970  3.871  3.689  4.007  3.942  3.989  4.159  3.951  3.892  4.025  3.967  4.111  4.297  4.025  4.025  4.007
5.788  5.540  5.623  5.665  5.756  5.669  5.613  5.631  5.700  5.662  5.753  5.695  5.710  5.710  5.827  5.645  5.580  5.747  5.852  5.811  5.762  5.649  5.601  5.724  5.690  5.540  5.533  5.521  5.375  5.341  5.572  5.568  5.734  5.562  5.578  5.602  5.549  5.728  5.631  5.525  5.600  5.587
4.890  4.663  4.760  4.860  4.858  4.875  4.644  4.691  4.885  4.965  4.762  4.874  4.956  4.963  5.011  4.787  4.898  4.705  5.112  5.055  5.118  5.136  4.997  5.118  4.710  4.690  4.552  4.727  4.605  4.538  4.654  4.771  4.832  4.625  4.760  4.682  4.625  4.819  4.771  4.727  4.752  4.754
