4.920  4.796  4.749  4.790  4.699  5.023  4.997  4.703  4.875  4.927  4.997  4.743  4.931  4.934  4.875  4.832  4.786  4.883  4.806  4.796  4.712  4.911  4.806  4.984  4.710  4.564  4.522  4.836  4.511  4.730  4.748  4.673  4.659  4.883  4.736  4.812  4.970  4.754  4.736  4.760  4.428  4.174
4.717  4.787  4.654  4.575  4.477  4.663  4.808  4.585  4.671  4.760  4.787  4.623  4.760  4.796  4.896  4.819  4.732  4.625  4.732  4.836  4.538  4.898  4.848  4.970  4.762  4.635  4.489  4.543  4.552  4.543  4.413  4.511  4.477  4.691  4.625  4.792  4.812  4.734  4.691  4.538  4.357  4.140
5.501  5.094  5.442  5.231  5.273  5.361  5.470  5.303  5.425  5.398  5.130  5.333  5.489  5.421  5.517  5.247  5.186  5.451  5.630  5.464  5.361  5.361  5.273  5.493  5.236  5.176  5.153  5.263  4.959  5.209  5.124  5.215  5.231  5.086  5.278  5.347  5.165  5.193  5.193  5.208  5.273  5.247
5.288  5.056  5.106  5.165  5.055  5.347  5.346  5.219  5.252  5.242  5.009  5.112  5.361  5.247  5.338  5.170  5.017  5.094  5.413  5.050  5.489  5.338  5.118  5.371  5.097  5.153  5.004  5.143  4.889  5.124  5.030  5.094  5.147  5.075  5.136  5.176  5.220  5.170  5.136  5.159  5.182  5.024
7.351  6.851  7.083  7.094  7.095  7.086  7.076  7.136  7.100  7.196  7.099  7.203  7.240  7.005  7.100  6.942  6.988  7.089  7.148  7.165  7.058  7.020  6.971  7.007  6.957  7.046  6.980  6.994  6.903  6.889  7.004  6.987  7.116  7.096  7.123  7.066  7.053  7.232  7.123  7.045  6.962  7.075
8.169  7.927  8.033  8.003  8.016  8.064  8.021  8.070  8.076  8.160  8.099  8.114  8.150  8.011  8.105  7.977  7.963  8.050  8.104  8.055  8.015  7.936  7.975  7.969  7.991  8.085  8.023  8.035  7.965  7.974  7.971  7.930  7.980  8.097  8.104  8.037  8.053  8.087  8.031  8.071  7.981  8.016
4.970  4.844  4.828  4.890  4.875  4.904  4.938  4.944  4.804  5.011  5.063  4.920  4.989  4.926  5.136  4.718  4.927  4.949  5.043  4.990  5.011  4.847  4.902  5.004  4.787  4.796  4.860  4.856  4.828  4.659  4.779  4.844  4.843  4.913  4.858  4.875  4.860  4.963  4.913  4.828  4.786  4.787
3.932  4.043  4.108  4.111  3.912  4.174  4.078  4.094  4.132  4.182  4.078  4.048  4.205  4.116  4.205  3.829  3.967  3.902  4.159  4.159  4.111  4.078  3.871  4.108  3.839  3.714  3.912  3.867  3.951  4.025  3.761  4.111  4.083  4.025  4.074  4.119  3.807  3.932  3.892  3.738  3.970  3.918
4.796  4.700  4.700  4.794  4.802  4.852  4.644  4.726  4.820  4.796  4.668  4.852  4.879  4.777  4.875  4.691  4.794  4.786  4.852  4.835  4.970  4.812  4.642  4.710  4.682  4.690  4.654  4.543  4.505  4.575  4.635  4.718  4.714  4.794  4.682  4.832  4.691  4.736  4.723  4.644  4.691  4.804
4.290  4.205  4.324  4.315  4.234  4.304  4.143  4.202  4.419  4.277  4.190  4.407  4.466  4.452  4.431  4.304  4.317  4.382  4.290  4.431  4.443  4.234  4.277  4.404  4.253  4.317  4.220  4.043  4.174  4.127  4.331  4.205  4.205  4.270  4.331  4.328  4.111  4.205  4.171  4.231  4.143  4.159
4.344  4.376  4.564  4.443  4.382  4.317  4.475  4.454  4.676  4.543  4.458  4.522  4.505  4.394  4.562  4.394  4.317  4.317  4.682  4.727  4.466  4.477  4.394  4.460  4.500  4.290  4.159  4.094  4.182  4.220  4.260  4.344  4.443  4.357  4.290  4.394  4.167  4.220  4.263  4.156  4.337  4.277
4.290  4.331  4.263  4.428  4.205  4.277  4.171  4.357  4.373  4.431  4.281  4.174  4.500  4.466  4.588  4.231  4.246  4.234  4.407  4.416  4.357  4.382  4.454  4.605  4.274  4.317  4.202  4.127  4.043  4.277  4.205  4.344  4.304  4.263  4.522  4.290  4.167  4.220  4.344  4.248  4.274  4.419
4.745  4.635  4.654  4.644  4.712  4.762  4.794  4.754  4.635  4.710  4.726  4.779  4.854  4.673  4.913  4.613  4.652  4.710  4.843  4.739  4.860  4.718  4.718  4.856  4.718  4.500  4.663  4.585  4.533  4.500  4.489  4.673  4.691  4.691  4.727  4.718  4.682  4.691  4.605  4.635  4.564  4.663
4.043  4.078  4.094  4.016  3.912  3.989  3.998  3.871  4.174  4.060  4.060  4.094  4.190  4.174  4.234  3.892  3.989  4.078  4.194  4.159  4.220  4.007  4.111  4.159  3.970  3.932  3.951  3.932  3.967  4.078  3.951  3.850  3.951  3.638  4.060  4.060  3.932  3.850  3.947  4.143  3.807  4.004
4.844  4.654  4.691  4.718  4.762  4.804  4.786  4.752  4.836  4.890  4.832  4.836  4.926  4.890  4.963  4.595  4.820  4.848  5.017  4.754  4.804  4.736  4.762  4.836  4.860  4.798  4.635  4.787  4.575  4.745  4.754  4.662  4.736  4.816  4.852  4.844  4.699  4.718  4.760  4.673  4.762  4.836
5.017  4.898  4.990  4.883  4.970  5.011  4.977  4.997  4.970  5.153  5.004  5.159  5.293  5.118  5.278  5.063  4.997  5.190  5.169  5.081  5.124  5.088  4.905  5.024  4.920  4.815  4.984  5.017  4.736  4.745  5.011  4.990  5.037  5.049  4.942  5.209  5.017  4.844  4.942  4.954  4.868  5.050
4.554  4.477  4.489  4.543  4.605  4.516  4.452  4.522  4.431  4.543  4.460  4.522  4.673  4.663  4.595  4.472  4.443  4.654  4.615  4.771  4.605  4.615  4.454  4.564  4.357  4.533  4.431  4.454  4.394  4.483  4.419  4.443  4.625  4.489  4.489  4.407  4.419  4.543  4.527  4.489  4.477  4.466
4.649  4.615  4.625  4.718  4.663  4.649  4.575  4.668  4.635  4.585  4.635  4.804  4.754  4.564  4.682  4.440  4.625  4.654  4.779  4.796  4.844  4.605  4.615  4.691  4.605  4.443  4.477  4.382  4.217  4.511  4.382  4.554  4.754  4.691  4.615  4.554  4.466  4.771  4.615  4.543  4.644  4.595
5.576  5.159  5.451  5.517  5.409  5.464  5.263  5.451  5.338  5.513  5.366  5.460  5.434  5.416  5.509  5.262  5.215  5.425  5.521  5.583  5.467  5.366  5.147  5.338  5.438  5.384  5.361  5.308  5.118  5.204  5.215  5.214  5.519  5.460  5.397  5.366  5.273  5.500  5.342  5.196  5.291  5.379
4.745  4.543  4.868  4.852  4.890  4.786  4.595  4.745  4.875  4.949  4.956  4.754  4.798  4.875  4.984  4.522  4.769  4.836  4.898  4.970  4.970  4.710  4.682  4.710  4.836  4.913  4.691  4.703  4.657  4.644  4.615  4.562  4.787  4.691  4.718  4.625  4.573  4.654  4.811  4.703  4.625  4.477
4.143  4.007  4.202  4.205  4.143  4.127  4.127  4.205  4.124  4.466  4.174  4.301  4.331  4.454  4.386  4.212  4.205  4.220  4.304  4.380  4.382  4.341  4.217  4.190  4.043  3.932  4.190  4.043  3.932  4.060  4.127  4.111  4.174  4.190  4.143  4.357  4.143  4.234  4.127  4.094  3.985  4.060
4.404  4.304  4.382  4.407  4.449  4.357  4.331  4.367  4.382  4.505  4.525  4.382  4.721  4.525  4.786  4.344  4.341  4.369  4.500  4.633  4.543  4.454  4.538  4.533  4.422  4.369  4.477  4.357  4.159  4.220  4.301  4.369  4.288  4.301  4.454  4.522  4.301  4.472  4.174  4.234  4.159  4.234
