5.288  5.170  5.272  5.069  5.252  5.342  5.283  5.142  5.307  5.403  5.165  5.402  5.288  5.288  5.357  5.153  5.055  5.165  5.421  5.208  5.268  5.164  5.242  5.088  5.088  5.282  5.142  5.106  5.056  5.170  5.124  5.111  5.170  5.252  5.081  5.230  5.159  5.193  4.951  5.100  5.066  5.236
4.344  4.394  4.361  4.363  4.554  4.431  4.533  4.382  4.585  4.522  4.331  4.533  4.745  4.564  4.718  4.443  4.425  4.431  4.625  4.431  4.682  4.443  4.500  4.477  4.407  4.533  4.407  4.363  4.263  4.317  4.394  4.297  4.331  4.585  4.419  4.369  4.615  4.419  4.357  4.304  4.174  4.431
6.781  6.683  6.642  6.508  6.686  6.791  6.848  6.700  6.817  6.877  6.778  6.807  6.804  6.786  6.818  6.756  6.692  6.786  6.807  6.604  6.744  6.683  6.668  6.665  6.778  6.751  6.710  6.670  6.661  6.636  6.745  6.641  6.486  6.837  6.762  6.751  6.775  6.568  6.477  6.706  6.512  6.717
5.805  5.961  5.609  5.533  5.697  5.771  5.971  5.760  5.908  5.956  5.956  5.951  6.001  5.962  6.006  5.841  5.897  5.872  5.787  5.666  5.969  5.991  5.949  5.979  5.855  5.901  5.872  5.733  5.841  5.841  5.829  5.753  5.545  5.866  5.944  5.938  5.956  5.658  5.549  5.737  5.572  5.704
6.518  6.244  6.479  6.384  6.385  6.428  6.356  6.479  6.395  6.597  6.423  6.553  6.512  6.490  6.537  6.392  6.122  6.519  6.540  6.380  6.324  6.146  6.273  6.269  6.410  6.501  6.312  6.266  6.105  6.221  6.236  6.142  6.368  6.387  6.332  6.311  6.284  6.376  6.226  6.412  6.236  6.528
5.358  5.227  5.273  5.195  5.257  5.246  5.352  5.263  5.476  5.407  5.313  5.442  5.434  5.412  5.403  5.215  5.182  5.231  5.497  5.220  5.303  5.318  5.204  5.231  5.403  5.425  5.347  5.182  5.053  5.130  5.063  5.136  5.182  5.192  5.209  5.351  5.193  5.140  5.075  5.170  5.176  5.384
5.724  5.209  5.712  5.652  5.647  5.613  5.576  5.642  5.714  5.864  5.684  5.749  5.685  5.577  5.694  5.501  5.561  5.700  5.700  5.659  5.568  5.429  5.438  5.416  5.673  5.697  5.583  5.493  5.273  5.414  5.389  5.342  5.598  5.659  5.557  5.521  5.517  5.598  5.571  5.583  5.565  5.771
4.625  4.431  4.434  4.376  4.477  4.543  4.452  4.595  4.511  4.700  4.489  4.575  4.570  4.640  4.745  4.593  4.290  4.575  4.595  4.585  4.575  4.431  4.460  4.437  4.392  4.543  4.419  4.533  4.025  4.341  4.380  4.317  4.304  4.443  4.511  4.205  4.477  4.477  4.615  4.505  4.331  4.382
7.124  6.905  6.966  6.853  6.989  7.122  7.015  7.023  7.155  7.184  7.036  7.191  7.151  7.026  7.049  7.015  6.929  7.066  7.174  6.912  7.038  6.849  7.043  6.978  7.032  7.134  7.023  7.034  6.849  7.007  6.914  6.756  6.797  7.070  6.989  7.017  7.057  6.959  6.979  7.037  6.921  6.906
5.030  4.927  4.913  4.890  5.047  5.037  5.127  4.920  5.142  5.242  5.037  5.147  5.333  5.037  5.165  4.919  4.905  4.924  5.037  5.050  5.152  5.050  4.949  5.004  4.890  5.069  5.043  4.963  4.828  4.980  4.852  4.663  4.680  4.984  4.905  4.959  4.854  4.854  4.916  4.860  4.779  4.913
5.381  5.273  5.293  5.242  5.400  5.352  5.220  5.303  5.361  5.403  5.256  5.447  5.429  5.468  5.481  5.187  5.169  5.425  5.451  5.371  5.298  5.293  5.278  5.273  5.236  5.380  5.198  5.288  4.970  5.118  5.226  5.153  5.236  5.257  5.201  5.342  5.176  5.403  5.454  5.328  5.220  5.396
4.341  4.344  4.304  4.394  4.382  4.357  4.407  4.263  4.401  4.419  4.205  4.443  4.477  4.449  4.575  4.277  4.260  4.344  4.489  4.466  4.754  4.382  4.331  4.500  4.220  4.321  4.304  4.357  4.263  4.190  4.220  4.277  4.234  4.205  4.407  4.304  4.246  4.382  4.317  4.454  4.369  4.290
6.681  6.388  6.569  6.417  6.590  6.551  6.526  6.488  6.608  6.645  6.495  6.659  6.773  6.623  6.633  6.410  6.544  6.553  6.620  6.621  6.525  6.483  6.501  6.431  6.560  6.782  6.525  6.443  6.328  6.388  6.349  6.331  6.461  6.648  6.494  6.512  6.529  6.499  6.375  6.550  6.536  6.564
5.198  4.951  4.828  4.890  5.004  5.081  4.968  5.100  5.016  5.006  5.056  5.030  5.231  5.140  5.105  4.973  5.074  5.011  4.920  5.030  5.050  5.142  5.050  5.024  4.934  5.303  4.860  4.812  4.762  4.890  4.820  4.779  4.779  4.977  4.898  5.017  4.890  4.920  4.940  4.779  4.868  4.920
6.605  6.173  6.436  6.326  6.504  6.537  6.328  6.453  6.445  6.616  6.555  6.576  6.488  6.504  6.547  6.344  6.236  6.579  6.497  6.443  6.265  6.404  6.272  6.278  6.354  6.431  6.378  6.439  6.277  6.252  6.273  6.163  6.319  6.431  6.316  6.402  6.346  6.554  6.553  6.521  6.262  6.479
5.215  5.052  5.055  5.037  5.263  5.176  5.075  5.111  5.063  5.268  5.236  5.230  5.197  5.209  5.108  4.997  4.972  4.963  5.086  4.973  5.197  4.968  5.089  5.173  5.011  4.997  5.106  5.124  5.056  4.956  4.951  4.828  4.868  5.024  4.938  5.108  4.771  5.118  4.997  5.075  4.894  5.069
6.148  5.819  5.971  5.963  6.059  6.040  5.817  6.011  5.811  6.174  6.007  6.094  6.042  6.087  6.050  5.930  5.680  6.138  6.019  5.995  5.835  5.740  5.822  5.932  5.966  6.089  5.844  6.038  5.714  5.838  5.916  5.575  5.949  5.857  5.796  5.793  5.889  6.009  5.943  6.073  5.970  6.026
5.587  5.293  5.561  5.606  5.484  5.451  5.286  5.486  5.464  5.568  5.521  5.533  5.645  5.576  5.604  5.342  5.220  5.442  5.565  5.605  5.432  5.354  5.435  5.438  5.412  5.486  5.380  5.371  5.204  5.366  5.342  5.263  5.388  5.405  5.338  5.371  5.308  5.403  5.394  5.425  5.298  5.576
6.109  5.976  6.038  6.096  6.184  6.174  5.996  6.129  6.136  6.190  6.061  6.170  6.140  6.122  6.196  5.964  5.875  6.157  6.151  6.050  5.924  5.960  6.011  6.004  6.019  6.151  6.014  6.120  5.882  5.980  5.938  5.713  6.089  6.101  6.047  6.066  6.004  6.138  6.006  5.996  5.971  6.162
5.966  5.922  5.894  5.886  6.011  6.089  5.922  5.974  6.006  6.078  6.052  6.052  6.192  6.075  6.290  5.958  5.835  5.922  6.084  6.089  5.948  5.984  6.006  5.958  5.948  5.979  5.950  6.046  5.817  5.886  5.886  5.673  5.915  6.045  5.964  5.945  5.948  5.869  5.889  5.901  5.835  5.964
4.718  4.659  4.771  4.736  4.852  4.812  4.625  4.934  4.820  4.911  4.913  4.949  4.787  4.875  4.942  4.625  4.771  4.890  4.883  4.804  4.898  4.787  4.727  4.771  4.890  4.762  4.710  4.754  4.469  4.691  4.489  4.727  4.828  4.754  4.812  4.736  4.771  4.564  4.677  4.605  4.820  4.691
4.231  4.277  4.543  4.489  4.263  4.466  4.394  4.466  4.443  4.394  4.317  4.477  4.595  4.522  4.593  4.394  4.331  4.541  4.443  4.623  4.477  4.344  4.394  4.443  4.466  4.458  4.522  4.290  4.220  4.124  4.301  4.419  4.500  4.419  4.466  4.407  4.317  4.477  4.277  4.277  4.394  4.331
