4.894  4.727  4.635  4.699  4.796  4.831  4.787  4.603  4.920  5.029  4.963  4.890  4.739  4.820  4.907  4.723  4.007  4.677  4.394  4.608  4.779  4.680  4.700  4.840  4.680  4.603  4.443  4.522  4.248  4.246  4.477  4.644  4.489  4.828  4.786  4.694  4.663  4.762  4.554  4.469  4.673  4.246
4.025  3.871  3.784  4.043  3.850  3.932  4.060  3.802  4.111  4.111  4.060  4.094  3.850  3.970  3.908  3.951  3.466  3.867  3.784  3.970  3.970  3.970  3.932  4.007  3.932  3.689  3.829  3.932  3.761  3.638  3.526  3.689  3.684  3.932  3.951  3.738  4.025  3.871  3.664  4.007  3.757  3.651
5.476  5.342  5.468  5.302  5.287  5.489  5.561  5.531  5.642  5.596  5.351  5.627  5.434  5.361  5.591  5.358  5.389  5.412  5.529  5.247  5.624  5.481  5.416  5.568  5.307  5.425  5.302  5.050  5.077  5.263  5.293  5.220  5.268  5.405  5.416  5.384  5.226  5.215  5.303  5.303  5.142  5.380
5.100  5.043  5.198  5.050  5.085  5.257  5.241  5.211  5.358  5.246  5.056  5.249  5.187  5.182  5.380  5.159  5.094  4.934  5.111  5.081  5.298  5.112  5.176  5.324  4.940  5.037  5.043  4.745  4.832  4.927  4.874  4.942  4.852  5.011  5.094  5.075  4.934  4.933  4.990  4.804  4.898  5.075
4.654  4.682  4.431  4.511  4.500  4.443  4.533  4.331  4.522  4.514  4.500  4.590  4.745  4.533  4.812  4.419  4.454  4.564  4.600  4.511  4.691  4.522  4.522  4.489  4.431  4.394  4.317  4.277  4.043  4.350  4.380  4.344  4.290  4.354  4.388  4.477  4.431  4.127  4.464  4.357  4.363  4.357
4.419  4.354  4.344  4.315  4.357  4.331  4.304  4.248  4.227  4.419  4.369  4.404  4.419  4.357  4.466  4.369  4.331  4.344  4.407  4.443  4.419  4.304  4.431  4.419  4.111  4.248  4.159  4.116  4.060  4.094  4.248  4.190  4.205  4.111  4.174  4.231  4.159  4.124  4.174  4.164  4.094  4.248
4.407  4.263  4.382  4.190  4.425  4.315  4.394  4.290  4.449  4.369  4.263  4.489  4.317  4.304  4.367  4.234  4.156  4.220  4.220  4.477  4.367  4.301  4.263  4.407  4.205  4.197  4.043  4.231  4.060  4.234  4.132  4.094  4.202  4.220  4.328  4.174  4.311  4.277  4.290  4.277  4.263  4.317
4.369  4.301  4.477  4.477  4.382  4.454  4.328  4.407  4.367  4.407  4.533  4.564  4.446  4.522  4.676  4.304  4.328  4.419  4.419  4.500  4.511  4.317  4.431  4.394  4.331  4.290  4.205  4.234  4.007  4.231  4.290  4.205  4.369  4.357  4.350  4.331  4.190  4.284  4.202  4.248  4.140  4.500
5.308  5.078  4.997  5.043  5.147  5.187  5.147  4.982  5.146  5.142  5.115  5.198  5.231  5.126  5.238  5.017  4.909  5.198  5.198  5.209  5.078  5.192  5.176  5.112  5.139  5.155  5.153  5.016  4.804  5.106  5.004  4.982  4.934  5.036  5.112  4.977  5.094  4.949  4.933  5.030  4.794  4.977
4.317  4.234  4.174  4.290  4.284  4.190  4.234  4.380  4.328  4.583  4.111  4.477  4.511  4.382  4.454  4.331  4.263  4.174  4.290  4.404  4.304  4.344  4.344  4.344  4.246  4.304  4.344  4.143  4.074  4.078  4.234  4.419  4.078  4.248  4.376  4.167  4.357  4.234  4.156  4.124  4.078  4.159
5.618  5.464  5.557  5.328  5.555  5.525  5.461  5.447  5.549  5.565  5.485  5.565  5.565  5.442  5.670  5.442  5.434  5.416  5.560  5.447  5.529  5.429  5.394  5.493  5.351  5.455  5.472  5.288  5.118  5.429  5.375  5.293  5.207  5.328  5.342  5.521  5.509  5.468  5.407  5.357  5.347  5.344
5.799  5.677  5.553  5.580  5.505  5.695  5.692  5.545  5.730  5.652  5.694  5.613  5.628  5.602  5.670  5.533  5.434  5.481  5.666  5.613  5.733  5.663  5.545  5.682  5.485  5.513  5.537  5.434  5.434  5.598  5.468  5.460  5.476  5.447  5.476  5.624  5.464  5.491  5.468  5.521  5.384  5.509
5.147  5.164  5.024  5.030  5.037  5.136  4.934  5.050  5.017  5.278  5.086  5.193  5.231  5.147  5.260  5.050  4.913  5.075  5.226  5.106  5.211  5.063  5.030  5.169  4.890  4.890  4.940  4.984  4.754  4.779  5.011  4.956  4.970  4.970  5.004  5.140  4.956  4.977  4.819  4.802  4.749  4.889
5.147  5.185  5.130  5.176  4.975  4.984  5.024  5.142  5.040  5.257  5.037  5.220  5.170  5.068  5.220  4.956  5.094  4.990  5.074  5.117  5.263  5.112  5.011  5.225  4.875  4.942  4.868  4.852  4.885  4.958  4.961  4.992  4.990  4.934  4.942  5.094  4.977  5.050  4.934  4.812  4.961  4.905
4.794  4.357  4.422  4.344  4.516  4.489  4.443  4.431  4.443  4.585  4.407  4.595  4.779  4.588  4.562  4.290  4.585  4.522  4.618  4.477  4.443  4.388  4.431  4.301  4.500  4.505  4.331  4.331  4.357  4.220  4.205  4.290  4.443  4.673  4.511  4.486  4.357  4.394  4.367  4.449  4.344  4.357
4.852  4.564  4.575  4.654  4.676  4.663  4.543  4.605  4.615  4.860  4.633  4.858  4.796  4.676  4.718  4.585  4.710  4.662  4.677  4.860  4.615  4.509  4.530  4.564  4.407  4.483  4.522  4.331  4.331  4.367  4.454  4.520  4.644  4.454  4.511  4.454  4.543  4.520  4.625  4.543  4.449  4.533
4.431  4.369  4.533  4.514  4.419  4.443  4.425  4.625  4.431  4.466  4.357  4.593  4.613  4.552  4.644  4.394  4.483  4.477  4.466  4.605  4.500  4.428  4.317  4.431  4.404  4.466  4.382  4.407  4.376  4.317  4.407  4.344  4.331  4.263  4.477  4.431  4.373  4.344  4.315  4.317  4.489  4.416
4.466  4.483  4.369  4.486  4.575  4.413  4.380  4.483  4.290  4.595  4.331  4.635  4.625  4.498  4.682  4.431  4.477  4.357  4.522  4.727  4.603  4.469  4.369  4.509  4.382  4.337  4.248  4.220  4.274  4.304  4.466  4.357  4.392  4.354  4.452  4.454  4.234  4.290  4.382  4.382  4.392  4.404
4.663  4.533  4.369  4.522  4.533  4.630  4.585  4.514  4.575  4.615  4.615  4.644  4.868  4.796  4.828  4.605  4.394  4.836  4.585  4.615  4.710  4.522  4.419  4.625  4.585  4.454  4.533  4.500  4.394  4.394  4.663  4.477  4.585  4.511  4.500  4.585  4.787  4.419  4.511  4.635  4.511  4.654
4.820  4.700  4.595  4.905  4.860  4.798  4.511  4.590  4.536  4.700  4.635  4.743  4.762  4.787  4.860  4.640  4.554  4.836  4.700  4.625  4.685  4.610  4.533  4.710  4.554  4.369  4.613  4.575  4.511  4.516  4.663  4.431  4.691  4.605  4.564  4.654  4.564  4.392  4.543  4.623  4.466  4.836
6.232  6.033  6.159  6.215  6.168  6.172  5.964  6.047  6.040  6.312  6.150  6.153  6.203  6.096  6.263  6.057  6.031  6.250  6.202  6.215  6.083  6.105  6.153  6.170  5.951  5.935  5.956  6.064  5.819  5.953  6.064  5.924  6.130  6.045  6.002  6.144  6.026  6.165  6.109  6.073  6.057  6.146
7.412  7.299  7.274  7.291  7.282  7.268  7.186  7.232  7.236  7.400  7.306  7.318  7.356  7.295  7.382  7.267  7.155  7.357  7.253  7.336  7.248  7.186  7.298  7.334  7.062  7.125  7.191  7.182  7.112  7.183  7.240  7.054  7.229  7.250  7.221  7.304  7.234  7.345  7.371  7.341  7.140  7.230
