5.642  5.394  5.384  5.565  5.602  5.557  5.384  5.448  5.466  5.600  5.533  5.540  5.687  5.576  5.655  5.396  5.204  5.451  5.545  5.416  5.505  5.476  5.375  5.583  5.112  5.328  5.142  5.257  5.081  5.198  5.303  5.176  5.193  5.242  5.252  5.313  5.412  5.282  5.293  5.308  5.193  5.361
4.685  4.554  4.404  4.644  4.486  4.615  4.466  4.464  4.472  4.567  4.536  4.682  4.682  4.552  4.705  4.159  4.369  4.331  4.500  4.500  4.691  4.575  4.511  4.559  4.344  4.341  4.489  4.350  4.190  4.304  4.331  4.489  4.500  4.500  4.407  4.514  4.369  4.354  4.407  4.248  4.354  4.522
3.466  3.550  3.466  3.597  3.664  3.689  3.584  3.584  3.658  3.611  3.701  3.611  3.807  3.888  3.784  3.611  3.555  3.807  3.807  3.658  3.638  3.497  3.497  3.784  3.526  3.714  3.466  3.584  3.434  3.584  3.497  3.709  3.325  3.597  3.555  3.689  3.497  3.611  3.466  3.555  3.459  3.738
4.736  4.394  4.736  4.727  4.644  4.691  4.511  4.608  4.663  4.745  4.533  4.771  4.710  4.736  4.644  4.635  4.533  4.642  4.820  4.682  4.726  4.575  4.543  4.344  4.533  4.654  4.583  4.635  4.382  4.585  4.419  4.344  4.530  4.489  4.434  4.673  4.509  4.673  4.419  4.533  4.382  4.500
3.526  3.664  3.367  3.367  3.584  3.367  3.520  3.466  3.434  3.466  3.332  3.497  3.526  3.611  3.611  3.466  3.497  3.555  3.555  3.658  3.611  3.664  3.466  3.664  3.401  3.434  3.490  3.497  3.332  3.550  3.296  3.555  3.497  3.555  3.466  3.466  3.497  3.584  3.367  3.296  3.332  3.401
3.664  3.733  3.932  3.818  3.824  3.664  3.664  3.784  3.829  3.932  3.761  3.738  3.951  3.932  3.932  3.829  3.829  3.632  3.912  3.829  3.951  3.970  3.611  3.738  3.761  3.664  3.664  3.738  3.584  3.664  3.807  3.761  3.714  3.714  3.684  3.780  3.738  3.761  3.714  3.624  3.709  3.761
5.889  5.956  5.802  5.828  5.872  5.858  6.011  5.814  5.852  6.004  5.892  6.021  6.125  5.988  6.100  6.087  5.951  5.969  5.948  5.818  5.986  5.991  5.953  6.082  5.652  5.747  5.723  5.562  5.677  5.743  5.855  5.730  5.720  5.897  5.878  5.858  5.910  5.704  5.603  5.727  5.638  5.762
6.068  6.040  5.953  6.160  6.006  5.980  6.103  5.881  5.999  6.168  6.043  6.129  6.242  6.111  6.153  6.154  6.096  6.084  6.100  6.028  6.190  6.092  6.035  6.151  5.908  5.924  5.934  5.746  5.724  5.886  6.026  5.911  5.911  6.043  6.105  5.989  6.082  5.886  5.786  5.914  6.019  5.881
5.159  5.161  5.047  5.123  5.198  5.088  5.016  5.017  4.920  5.138  5.063  5.045  5.236  5.100  5.153  5.004  4.970  4.963  5.187  5.112  5.159  5.056  5.106  5.063  5.024  5.056  4.835  4.984  4.736  4.804  4.984  4.924  4.881  4.975  5.004  5.069  5.069  4.966  4.963  4.927  4.913  5.078
4.419  4.575  4.564  4.668  4.595  4.595  4.635  4.527  4.466  4.703  4.595  4.642  4.644  4.625  4.824  4.500  4.796  4.464  4.663  4.625  4.836  4.820  4.635  4.710  4.466  4.460  4.595  4.454  4.357  4.404  4.691  4.762  4.564  4.691  4.562  4.644  4.428  4.460  4.477  4.522  4.434  4.522
4.043  3.761  4.022  4.060  4.007  4.111  3.976  4.074  4.004  4.052  4.234  4.060  3.970  4.099  4.234  3.807  3.871  4.111  4.263  4.094  3.951  3.912  3.989  4.043  3.850  3.967  3.871  3.928  3.780  3.942  3.951  3.932  3.850  4.234  3.908  3.970  4.007  3.912  4.159  3.846  3.995  4.007
3.584  3.761  3.738  3.689  3.761  3.664  3.658  3.466  3.807  3.526  3.689  3.757  3.892  3.818  3.912  3.584  3.714  3.638  3.839  3.807  3.757  3.824  3.807  3.829  3.658  3.709  3.871  3.689  3.497  3.584  3.584  3.664  3.761  3.738  3.638  3.807  3.584  3.761  3.664  3.632  3.555  3.664
4.696  4.440  4.824  4.717  4.754  4.796  4.635  4.890  4.682  4.890  4.696  4.977  4.898  4.836  4.920  4.710  4.234  4.668  4.920  4.844  4.585  4.635  4.635  4.477  4.593  4.543  4.416  4.635  4.382  4.564  4.466  4.419  4.590  4.644  4.543  4.727  4.511  4.920  4.522  4.812  4.654  4.559
3.850  3.761  3.791  3.780  3.780  3.738  3.738  3.738  3.638  3.829  3.611  3.784  3.780  3.892  4.094  3.664  3.761  3.839  3.807  3.989  3.951  3.638  3.750  3.738  3.784  3.807  3.773  3.611  3.738  3.658  3.584  3.578  3.701  3.664  3.784  3.850  3.714  3.497  3.689  3.714  3.738  3.829
5.694  5.673  5.717  5.883  5.740  5.720  5.525  5.611  5.714  5.784  5.762  5.762  5.652  5.704  5.999  5.501  5.513  5.583  5.765  5.768  5.725  5.649  5.553  5.697  5.540  5.438  5.529  5.470  5.389  5.421  5.565  5.613  5.497  5.501  5.543  5.666  5.533  5.782  5.568  5.407  5.659  5.489
5.278  5.142  5.357  5.553  5.226  5.384  5.275  5.346  5.585  5.313  5.338  5.400  5.193  5.170  5.586  5.017  5.050  5.094  5.315  5.415  5.403  5.325  5.118  5.438  5.242  5.077  5.239  5.139  4.905  5.093  4.956  5.313  5.193  5.181  5.043  5.282  5.094  5.198  5.259  5.075  5.384  5.089
4.554  4.522  4.546  4.700  4.691  4.779  4.443  4.745  4.511  4.623  4.610  4.575  4.727  4.710  4.850  4.419  4.564  4.613  4.625  4.682  4.595  4.407  4.644  4.562  4.700  4.454  4.394  4.575  4.554  4.419  4.509  4.533  4.554  4.743  4.341  4.575  4.608  4.564  4.562  4.673  4.625  4.431
4.119  4.007  4.043  4.025  3.989  4.127  3.932  3.892  4.094  4.220  4.086  3.947  4.205  4.127  4.078  3.989  4.025  3.970  3.970  4.111  4.159  3.967  4.043  4.094  4.043  3.871  3.882  3.850  3.912  3.892  3.871  3.829  4.159  3.932  3.807  4.127  3.932  3.989  4.043  3.689  3.850  3.850
4.907  4.700  4.727  4.756  4.828  4.875  4.654  4.779  4.812  4.836  4.745  4.868  4.984  4.828  4.977  4.654  4.663  4.879  4.927  4.875  4.745  4.700  4.673  4.668  4.710  4.840  4.682  4.682  4.431  4.489  4.595  4.564  4.633  4.760  4.727  4.816  4.652  4.700  4.828  4.824  4.718  4.745
3.970  3.829  3.824  3.638  3.761  3.757  3.829  3.784  3.757  3.951  3.807  3.871  4.025  3.967  4.143  3.807  3.850  3.839  3.970  3.912  4.043  3.871  3.738  3.714  3.802  3.733  3.664  3.784  3.578  3.664  3.611  3.689  3.780  3.714  3.850  3.750  3.738  3.664  3.584  3.664  3.714  3.784
4.315  4.094  4.380  3.995  4.440  4.304  4.220  4.394  4.350  4.290  4.564  4.431  4.500  4.533  4.516  4.369  4.078  4.489  4.554  4.212  4.174  3.871  4.231  4.304  4.007  4.171  4.304  4.422  3.908  4.013  4.304  3.912  4.248  4.171  4.190  4.369  4.094  4.369  4.344  4.220  3.908  4.111
3.466  3.584  3.526  3.466  3.611  3.555  3.332  3.578  3.658  3.459  3.401  3.664  3.807  3.738  3.526  3.761  3.638  3.497  3.761  3.597  3.733  3.605  3.466  3.689  3.611  3.714  3.584  3.611  3.401  3.332  3.401  3.466  3.497  3.434  3.550  3.497  3.638  3.520  3.555  3.466  3.434  3.611
