5.496  5.298  5.374  5.162  5.413  5.452  5.330  5.525  5.487  5.416  5.370  5.540  5.632  5.586  5.580  5.273  5.165  5.425  5.535  5.455  5.464  5.328  5.347  5.298  5.341  5.276  5.333  5.342  5.039  5.159  5.288  5.318  5.291  5.293  5.330  5.365  5.403  5.446  5.298  5.257  5.353  5.438
4.828  4.771  4.890  4.727  4.989  5.085  4.812  4.890  5.088  5.017  4.804  5.063  4.920  4.963  5.138  4.922  4.663  5.056  5.003  5.153  5.063  5.011  4.792  4.990  4.823  4.844  4.804  4.605  4.567  4.615  4.752  5.043  4.883  4.691  4.963  4.727  4.779  4.771  4.682  4.779  4.933  4.779
3.784  3.761  3.892  3.664  3.850  3.784  3.850  3.807  3.829  3.714  3.807  3.497  4.040  3.871  3.932  3.932  3.780  3.871  3.850  3.912  3.892  3.912  3.912  3.912  3.658  3.664  3.738  3.738  3.676  3.624  3.850  3.555  3.638  3.761  3.689  3.761  3.714  3.871  3.578  3.807  3.611  3.592
3.526  3.555  3.497  3.689  3.689  3.459  3.401  3.497  3.466  3.497  3.367  3.497  3.709  3.738  3.761  3.526  3.497  3.466  3.497  3.784  3.761  3.714  3.658  3.550  3.611  3.466  3.555  3.611  3.459  3.434  3.258  3.632  3.611  3.434  3.434  3.664  3.296  3.584  3.332  3.520  3.466  3.367
4.511  4.241  4.248  4.025  4.078  4.159  4.174  4.111  4.143  4.248  4.007  4.357  4.443  4.290  4.331  4.143  4.234  4.304  4.234  4.263  4.317  4.124  4.043  4.127  4.111  3.871  4.127  4.111  4.007  4.007  4.205  4.025  4.205  4.094  4.263  4.078  4.263  4.263  4.060  4.194  4.143  4.220
3.784  3.555  3.526  3.584  3.526  3.555  3.664  3.555  3.738  3.689  3.671  3.714  4.190  3.951  4.220  4.143  4.043  4.111  3.738  3.784  3.829  3.721  3.497  3.684  3.651  3.584  3.664  3.555  3.638  3.497  3.584  3.611  3.611  3.611  3.555  3.526  3.428  3.555  3.555  3.434  3.367  3.738
5.215  5.252  5.017  5.153  5.236  5.056  5.124  5.043  4.905  5.311  5.209  5.187  5.338  5.293  5.136  5.165  5.037  5.037  5.176  5.263  5.257  5.061  4.990  5.159  5.030  5.130  5.043  4.934  4.875  5.004  5.061  5.037  5.145  5.236  5.166  5.080  4.970  5.170  5.118  5.004  4.970  5.016
4.025  4.111  4.220  4.234  4.159  4.091  4.205  4.328  4.164  4.190  4.057  4.277  4.522  4.452  4.401  4.277  4.248  4.263  4.317  4.489  4.543  4.248  4.217  4.234  4.431  4.315  4.277  4.159  4.111  4.103  4.078  4.331  4.304  4.369  4.344  4.248  4.190  4.174  4.022  4.060  4.363  4.331
4.676  4.446  4.511  4.522  4.190  4.625  4.500  4.452  4.694  4.668  4.575  4.434  4.654  4.585  4.625  4.419  4.382  4.466  4.543  4.477  4.466  4.452  4.331  4.477  4.522  4.357  4.460  4.511  4.295  4.369  4.357  4.205  4.477  4.522  4.514  4.505  4.443  4.422  4.350  4.575  4.361  4.464
4.220  3.989  4.043  4.094  3.871  4.007  4.205  3.976  4.069  4.246  3.970  4.078  3.932  4.143  4.256  4.025  4.174  4.007  4.190  4.127  4.190  3.985  4.127  4.194  4.174  4.078  4.159  4.187  4.263  4.159  3.912  4.043  3.970  4.179  4.143  4.094  3.970  3.928  3.932  3.912  3.967  4.025
4.575  4.159  4.380  4.220  4.382  4.394  4.324  4.369  4.344  4.522  4.419  4.407  4.652  4.394  4.533  4.234  4.489  4.443  4.477  4.564  4.382  4.428  4.190  4.407  4.111  4.454  4.290  4.263  4.111  4.202  4.127  4.344  4.489  4.425  4.357  4.466  4.344  4.331  4.419  4.431  4.234  4.394
3.892  3.967  3.888  4.013  4.025  3.761  3.784  3.829  4.025  3.970  3.951  3.912  4.108  3.947  3.970  3.784  3.892  3.998  3.985  3.932  3.951  4.078  3.850  4.094  3.807  4.025  4.043  3.951  3.738  3.902  4.025  3.714  3.932  3.684  3.932  3.829  4.127  3.807  3.871  3.807  3.780  3.985
4.060  4.004  4.025  4.025  3.970  4.016  3.998  3.998  4.069  4.094  3.970  4.190  4.220  4.111  4.174  3.871  4.159  3.970  4.174  4.143  3.932  4.078  3.761  4.060  3.989  4.078  4.060  3.932  3.898  3.839  3.951  3.970  4.078  3.850  4.078  4.111  3.689  3.892  3.850  3.871  4.016  4.060
4.174  4.263  4.111  4.382  4.317  4.317  3.867  3.807  3.928  3.932  3.871  4.007  4.094  4.205  4.224  3.784  4.078  3.912  4.143  4.151  4.143  3.932  3.912  4.060  4.025  3.970  3.892  3.784  3.867  3.807  3.857  3.892  3.912  3.951  4.094  3.912  3.989  4.057  3.912  3.989  3.818  3.829
4.718  4.407  4.317  4.605  4.575  4.588  4.369  4.477  4.431  4.500  4.635  4.454  4.649  4.483  4.663  4.489  4.331  4.522  4.605  4.431  4.382  4.369  4.369  4.331  4.263  4.331  4.564  4.354  3.970  4.234  4.331  4.159  4.301  4.277  4.234  4.407  4.043  4.466  4.458  4.635  4.407  4.331
3.512  3.526  3.761  3.466  3.689  3.490  3.466  3.466  3.497  3.466  3.367  3.526  3.584  3.584  3.784  3.401  3.584  3.418  3.526  3.829  3.714  3.584  3.714  3.490  3.526  3.584  3.466  3.526  3.434  3.584  3.401  3.497  3.638  3.466  3.714  3.466  3.497  3.401  3.367  3.520  3.584  3.367
5.460  5.136  5.257  5.273  5.235  5.247  5.118  5.328  5.297  5.380  5.318  5.323  5.480  5.330  5.434  5.147  5.223  5.247  5.303  5.236  5.155  5.165  5.132  5.142  5.136  5.352  5.056  5.040  4.975  5.094  5.094  5.030  5.165  5.196  5.069  5.247  5.016  5.252  5.138  5.175  5.069  5.209
5.242  4.890  4.961  5.075  5.017  5.043  4.913  4.898  4.890  4.990  5.001  4.956  5.182  5.106  5.109  4.949  4.860  4.937  5.011  5.088  5.037  4.952  5.045  4.963  4.745  4.745  4.956  4.879  4.718  4.771  4.860  4.913  4.898  4.871  4.970  4.893  4.868  4.875  5.009  5.017  4.819  4.852
4.963  4.787  4.820  4.812  4.875  4.839  4.654  4.771  4.860  4.940  4.898  4.927  5.043  4.875  5.081  4.762  4.663  4.852  4.911  4.963  4.783  4.714  4.844  4.760  4.682  4.836  4.694  4.644  4.575  4.710  4.754  4.635  4.754  4.949  4.730  4.836  4.820  4.775  4.745  4.828  4.736  4.796
3.807  3.967  3.807  3.912  4.127  3.938  3.912  3.850  4.007  3.912  3.989  3.932  3.932  4.174  4.124  3.850  4.078  3.802  3.970  4.167  3.970  3.989  4.060  3.989  3.829  3.932  3.908  3.824  3.871  3.850  3.850  3.738  3.761  3.850  3.918  3.951  3.932  3.829  3.638  3.714  3.714  3.970
4.812  4.663  4.762  4.875  4.718  4.836  4.727  4.745  4.605  4.844  4.644  4.905  4.927  4.710  4.812  4.700  4.533  4.963  4.796  4.852  4.835  4.635  4.700  4.615  4.730  4.543  4.708  4.419  4.575  4.615  4.605  4.554  4.811  4.812  4.613  4.771  4.642  4.754  4.796  4.779  4.727  4.839
4.419  4.205  4.369  4.337  4.369  4.369  4.290  4.127  4.419  4.357  4.159  4.357  4.489  4.344  4.500  4.369  4.290  4.440  4.394  4.530  4.331  4.304  4.350  4.277  4.078  4.227  4.234  3.818  4.220  4.187  4.108  4.174  4.369  4.317  4.246  4.217  4.143  4.407  4.190  4.234  4.190  4.234
