5.112  5.179  4.975  4.904  5.117  5.081  5.024  4.984  5.136  5.361  5.037  5.075  5.170  5.164  5.075  5.017  4.812  5.136  4.718  4.990  5.069  4.937  5.069  5.136  4.836  5.024  4.920  5.100  4.898  4.852  5.075  4.850  4.868  4.920  4.927  4.787  4.874  4.937  4.885  4.992  4.828  5.030
5.204  5.081  5.050  5.043  5.066  5.143  5.043  5.037  5.124  5.204  5.257  5.130  5.196  5.112  5.162  5.017  4.947  5.021  4.727  5.102  5.050  5.030  4.992  5.170  4.875  5.049  5.024  4.997  4.883  4.890  4.970  4.802  4.989  4.989  4.963  4.911  5.003  5.004  5.106  4.913  4.934  5.014
5.407  5.142  5.333  5.017  5.220  5.296  5.349  5.403  5.398  5.485  5.323  5.472  5.525  5.306  5.451  5.236  5.024  5.352  5.311  5.115  5.220  5.130  5.231  5.066  5.283  5.247  5.231  5.153  4.771  4.963  5.100  4.970  5.094  5.283  5.056  5.182  5.147  5.112  5.088  5.103  4.963  5.293
4.820  4.573  4.682  4.337  4.700  4.543  4.663  4.635  4.749  4.883  4.787  4.796  4.898  4.691  4.745  4.623  4.431  4.727  4.516  4.700  4.762  4.605  4.554  4.522  4.564  4.443  4.644  4.369  4.159  4.304  4.511  4.331  4.394  4.552  4.419  4.477  4.522  4.527  4.477  4.431  4.419  4.562
4.959  4.844  4.889  4.984  4.894  4.839  4.904  4.905  4.812  5.004  4.766  4.949  5.011  5.050  5.050  4.860  4.771  4.844  4.762  5.142  4.879  4.836  4.796  4.896  4.771  4.875  4.779  4.734  4.786  4.682  4.949  4.812  4.868  4.804  4.804  4.868  4.952  5.050  4.977  4.734  4.913  4.819
4.407  4.394  4.337  4.454  4.419  4.357  4.341  4.454  4.595  4.357  4.311  4.498  4.573  4.494  4.489  4.369  4.394  4.277  4.413  4.654  4.431  4.431  4.369  4.290  4.205  4.290  4.263  4.159  4.205  4.304  4.419  4.341  4.304  4.190  4.407  4.270  4.290  4.443  4.700  4.205  4.357  4.317
5.756  5.673  5.557  5.384  5.596  5.642  5.580  5.604  5.591  5.775  5.716  5.666  5.710  5.784  5.757  5.793  5.576  5.740  5.595  5.635  5.677  5.624  5.746  5.748  5.448  5.574  5.561  5.460  5.384  5.460  5.661  5.497  5.397  5.507  5.523  5.602  5.602  5.509  5.609  5.583  5.389  5.572
4.143  3.912  3.888  4.043  4.043  3.932  3.932  4.040  4.007  4.094  3.871  3.985  4.190  4.127  4.074  4.078  3.970  3.989  4.148  4.007  4.182  3.989  4.025  4.190  3.850  3.980  3.908  3.784  3.738  3.892  3.922  3.970  4.043  4.111  3.829  3.932  4.043  3.850  3.989  3.902  3.829  3.951
5.434  5.181  5.209  5.149  5.347  5.267  5.124  5.293  5.124  5.263  5.187  5.257  5.396  5.338  5.347  5.211  5.195  5.366  5.256  5.288  5.165  5.215  5.236  5.214  5.165  5.198  5.130  5.129  5.009  4.904  5.187  5.017  5.136  5.094  5.215  5.136  5.197  5.220  5.165  5.142  5.011  5.273
4.787  4.710  4.691  4.511  4.741  4.687  4.691  4.644  4.820  4.868  4.710  4.868  4.963  4.949  4.949  4.575  4.605  4.745  4.864  4.736  4.868  4.718  4.794  4.727  4.644  4.779  4.654  4.554  4.590  4.458  4.575  4.543  4.654  4.615  4.700  4.691  4.662  4.812  4.615  4.771  4.554  4.598
4.844  4.743  4.990  4.808  4.947  5.019  4.828  4.771  4.812  4.779  4.890  4.970  5.063  4.896  5.094  4.756  4.700  4.911  5.063  4.820  4.852  4.890  4.927  4.718  4.615  4.787  4.644  4.718  4.431  4.466  4.595  4.533  4.613  4.703  4.714  4.883  4.691  4.812  4.796  4.717  4.625  4.898
4.060  3.989  4.007  4.248  4.256  4.171  4.025  4.094  4.007  4.111  4.111  4.078  4.174  4.143  4.344  4.069  4.007  4.220  4.127  4.174  4.220  4.052  4.127  4.205  3.970  3.951  4.007  3.932  3.970  3.892  3.871  4.111  3.985  4.022  4.060  4.060  3.951  4.094  4.060  3.976  4.094  3.871
5.438  5.138  5.156  5.286  5.445  5.366  5.193  5.288  5.231  5.442  5.298  5.472  5.442  5.339  5.628  5.217  5.094  5.328  5.370  5.342  5.412  5.288  5.187  5.303  5.291  5.263  5.226  5.027  4.883  4.965  5.055  5.094  5.105  5.283  5.147  5.273  5.159  5.273  5.321  5.308  5.112  5.207
3.871  3.998  4.048  4.111  4.108  3.784  4.043  3.985  4.007  4.159  3.912  4.025  4.143  4.060  4.277  3.967  3.951  3.970  4.078  4.248  4.159  4.025  3.922  3.932  3.861  3.714  3.871  3.922  3.784  3.871  3.761  3.871  4.007  3.850  3.807  4.078  3.714  4.057  3.932  3.976  3.867  3.839
5.958  5.741  5.823  5.830  5.855  5.966  5.784  5.889  5.892  5.858  5.778  5.945  5.936  5.927  5.904  5.849  5.785  5.916  5.876  5.922  5.775  5.826  5.970  5.829  5.811  5.894  5.805  5.971  5.735  5.808  5.747  5.694  5.823  5.892  5.768  5.814  5.814  5.846  5.808  5.927  5.720  5.846
4.804  4.615  4.710  4.585  4.779  4.718  4.630  4.673  5.011  4.787  4.635  4.782  4.920  4.890  4.835  4.708  4.635  4.736  4.796  4.883  4.710  4.762  4.762  4.682  4.806  4.771  4.718  4.635  4.700  4.605  4.703  4.580  4.771  4.654  4.691  4.673  4.663  4.673  4.543  4.625  4.605  4.700
5.572  5.583  5.620  5.597  5.673  5.619  5.460  5.568  5.598  5.460  5.438  5.576  5.673  5.568  5.591  5.476  5.220  5.591  5.642  5.624  5.453  5.298  5.375  5.352  5.421  5.486  5.440  5.488  5.296  5.412  5.313  5.318  5.438  5.397  5.438  5.403  5.489  5.497  5.613  5.591  5.417  5.586
4.828  4.603  4.745  4.920  4.885  4.831  4.787  4.718  4.644  4.640  4.718  4.779  4.875  4.710  4.913  4.642  4.654  4.718  4.844  4.828  4.875  4.745  4.736  4.852  4.605  4.583  4.573  4.464  4.466  4.564  4.543  4.673  4.820  4.745  4.726  4.762  4.745  4.718  4.717  4.804  4.820  4.682
5.966  5.796  5.861  5.893  5.996  6.001  5.846  5.835  5.869  5.846  5.932  5.996  5.991  5.944  5.971  5.817  5.651  6.026  5.952  5.922  5.879  5.814  5.866  5.948  5.752  5.749  5.817  5.838  5.613  5.724  5.817  5.720  5.826  5.808  5.707  5.811  5.751  5.911  5.794  5.922  5.673  5.862
5.531  5.313  5.451  5.492  5.529  5.561  5.263  5.375  5.460  5.333  5.476  5.464  5.585  5.654  5.720  5.394  5.272  5.497  5.614  5.572  5.468  5.457  5.302  5.501  5.218  5.242  5.252  5.308  5.003  5.176  5.333  5.298  5.429  5.283  5.311  5.407  5.335  5.529  5.517  5.442  5.371  5.403
6.366  5.802  6.194  6.196  6.355  6.326  5.955  6.209  6.107  6.315  6.192  6.305  6.323  6.110  6.353  5.943  5.852  6.413  6.392  6.248  6.089  5.876  5.905  5.855  5.976  6.019  5.908  6.029  5.537  5.733  5.768  5.793  6.122  6.100  5.892  6.082  5.953  6.211  6.244  6.180  5.999  6.170
4.673  4.317  4.466  4.369  4.477  4.477  4.281  4.357  4.277  4.685  4.401  4.538  4.595  4.533  4.673  4.357  4.190  4.500  4.595  4.625  4.489  4.260  4.533  4.382  4.174  4.382  4.256  4.231  3.970  4.190  4.234  4.111  4.522  4.317  4.344  4.573  4.234  4.514  4.644  4.277  4.382  4.694
