6.760  6.714  6.675  6.368  6.753  6.950  6.774  6.653  6.854  6.818  6.850  6.771  6.870  6.755  6.677  6.801  6.503  6.723  6.799  6.593  6.790  6.636  6.781  6.702  6.545  6.592  6.660  6.661  6.474  6.551  6.645  6.412  6.407  6.694  6.564  6.719  6.865  6.542  6.328  6.707  6.518  6.617
5.345  5.425  5.186  4.975  5.142  5.574  5.501  5.231  5.561  5.367  5.447  5.334  5.576  5.438  5.283  5.352  5.193  5.187  5.455  5.014  5.602  5.535  5.565  5.600  5.186  5.182  5.308  5.231  5.273  5.267  5.292  5.100  4.982  5.407  5.030  5.537  5.649  5.030  4.804  5.139  5.106  5.220
5.247  5.011  5.004  4.844  5.215  5.176  5.017  4.987  5.030  5.226  5.176  5.118  5.165  5.193  5.198  4.984  4.852  5.361  5.136  4.942  5.011  4.898  5.118  5.024  5.004  4.956  5.023  5.142  4.942  5.118  5.165  4.820  4.913  4.975  5.003  5.106  5.063  5.147  5.036  5.161  4.963  5.024
4.489  4.277  4.466  4.248  4.407  4.394  4.486  4.458  4.344  4.466  4.477  4.369  4.575  4.533  4.605  4.428  4.111  4.522  4.344  4.407  4.533  4.437  4.382  4.543  4.331  4.344  4.277  4.331  4.256  4.241  4.369  4.224  4.290  4.256  4.295  4.431  4.337  4.328  4.301  4.357  4.127  4.143
7.239  6.850  7.112  6.902  7.140  7.230  7.121  7.141  7.107  7.244  7.043  7.246  7.200  7.040  7.181  7.013  6.846  7.092  7.228  7.022  7.060  6.952  6.907  6.884  6.955  7.127  6.950  6.981  6.781  6.893  6.883  6.839  6.908  7.069  6.973  7.014  7.007  6.998  6.837  7.007  6.853  7.129
5.802  5.429  5.720  5.398  5.714  5.694  5.861  5.829  5.854  5.903  5.568  5.878  5.948  5.733  5.876  5.652  5.595  5.531  5.743  5.598  5.710  5.638  5.527  5.583  5.444  5.613  5.493  5.375  5.236  5.389  5.303  5.451  5.211  5.561  5.631  5.639  5.640  5.465  5.338  5.396  5.226  5.549
6.125  5.501  5.932  5.700  5.886  6.031  5.720  6.007  6.036  6.247  5.938  6.092  6.061  5.919  6.006  5.704  5.529  5.874  6.174  5.804  5.697  5.505  5.585  5.521  5.790  5.759  5.710  5.678  5.149  5.481  5.602  5.323  5.643  5.724  5.720  5.684  5.545  5.729  5.799  5.829  5.561  5.835
4.043  4.025  4.143  4.043  4.116  3.807  4.111  4.217  4.111  4.290  4.164  4.404  4.190  4.094  4.248  3.989  4.078  4.043  4.127  4.331  4.127  4.040  4.043  4.094  3.970  4.094  3.970  3.850  3.638  3.989  3.784  3.829  3.807  3.970  3.829  3.932  3.761  3.784  4.025  3.989  3.918  3.912
7.122  6.987  6.964  6.886  6.949  7.018  6.930  6.899  7.017  7.164  7.028  7.044  7.077  6.981  7.022  6.888  6.749  7.024  7.012  6.929  6.868  6.835  7.002  6.953  6.812  6.946  6.903  6.913  6.777  6.789  6.900  6.714  6.842  6.870  6.819  6.833  6.974  6.939  6.947  6.958  6.772  6.913
6.351  6.163  6.299  6.275  6.274  6.290  6.205  6.256  6.342  6.431  6.378  6.395  6.304  6.284  6.358  6.157  6.075  6.226  6.387  6.304  6.236  6.165  6.215  6.234  6.021  6.105  6.082  5.996  5.832  5.989  6.140  5.911  6.050  6.055  6.131  6.107  6.173  6.129  6.111  6.098  6.033  6.136
5.969  5.858  5.878  5.768  6.026  6.004  5.814  5.838  5.955  6.105  6.050  6.064  6.118  6.006  6.115  5.817  5.549  5.935  6.157  5.919  5.927  5.687  5.820  5.914  5.768  5.811  5.838  5.740  5.493  5.580  5.694  5.527  5.768  5.726  5.700  5.883  5.707  5.781  5.808  5.784  5.706  5.783
4.559  4.564  4.762  4.668  4.554  4.635  4.511  4.394  4.593  4.625  4.500  4.603  4.500  4.663  4.802  4.317  4.533  4.454  4.703  4.663  4.721  4.554  4.419  4.615  4.466  4.443  4.354  4.466  4.394  4.443  4.511  4.486  4.538  4.443  4.446  4.431  4.477  4.466  4.407  4.505  4.376  4.394
6.706  6.105  6.460  6.397  6.553  6.528  6.084  6.468  6.370  6.642  6.510  6.644  6.604  6.356  6.621  6.286  6.040  6.571  6.610  6.470  6.176  6.052  6.284  6.223  6.217  6.252  6.138  6.321  5.948  5.869  6.147  5.908  6.361  6.299  6.113  6.332  6.184  6.422  6.480  6.460  6.261  6.466
5.736  5.425  5.617  5.333  5.572  5.562  5.321  5.489  5.464  5.541  5.460  5.694  5.645  5.467  5.628  5.332  5.182  5.549  5.529  5.487  5.423  5.222  5.288  5.380  4.949  5.373  5.296  5.088  4.984  4.987  5.043  5.017  5.112  5.226  5.142  5.324  5.257  5.252  5.308  5.442  5.081  5.335
6.901  6.405  6.708  6.711  6.786  6.739  6.441  6.589  6.567  6.771  6.773  6.827  6.805  6.713  6.779  6.496  6.186  6.661  6.758  6.878  6.524  6.347  6.409  6.387  6.469  6.564  6.391  6.582  6.045  6.217  6.415  6.120  6.545  6.551  6.349  6.474  6.433  6.697  6.583  6.700  6.461  6.668
4.997  4.852  4.966  5.011  4.956  4.949  4.708  4.769  4.573  5.081  5.040  5.056  5.080  5.004  5.187  4.779  4.431  4.840  5.094  5.580  4.963  4.762  4.848  4.934  4.628  4.710  4.628  4.734  4.357  4.533  4.844  4.500  4.644  4.804  4.718  5.007  4.736  4.828  4.949  4.796  4.605  4.771
5.481  5.078  5.278  5.464  5.642  5.509  5.226  5.549  5.384  5.485  5.438  5.568  5.572  5.451  5.598  5.273  5.193  5.648  5.521  5.529  5.438  5.318  5.278  5.230  5.308  5.301  5.327  5.405  4.997  5.037  5.247  5.198  5.415  5.361  5.298  5.242  5.286  5.505  5.421  5.496  5.236  5.438
4.174  4.234  4.060  4.281  4.290  4.094  3.932  4.394  4.311  4.263  4.234  4.190  4.489  4.388  4.380  4.111  4.205  4.331  4.317  4.304  4.304  4.197  4.190  4.190  4.078  3.942  4.132  3.932  3.802  4.111  3.932  4.025  4.116  4.127  4.174  4.234  4.159  4.159  4.159  4.086  4.043  4.094
6.342  6.234  6.292  6.275  6.324  6.265  6.259  6.247  6.280  6.375  6.319  6.354  6.423  6.305  6.465  6.252  6.146  6.377  6.399  6.242  6.270  6.245  6.299  6.314  6.168  6.269  6.217  6.188  5.995  6.140  6.188  6.148  6.125  6.236  6.193  6.315  6.293  6.256  6.167  6.293  6.023  6.219
3.689  3.932  3.714  3.611  3.892  4.025  3.714  3.611  3.807  3.664  3.624  3.638  3.829  3.829  3.714  3.664  3.829  3.497  3.784  3.807  3.908  3.555  3.846  3.784  3.738  3.951  3.761  3.733  3.526  3.555  3.676  3.638  3.638  3.664  3.867  3.850  3.526  3.738  3.784  3.684  3.757  3.664
5.371  4.762  5.069  4.947  5.268  5.117  4.927  5.080  5.027  5.100  5.153  5.147  5.106  4.934  5.192  4.828  4.794  5.181  5.150  5.118  4.956  4.836  4.875  4.754  4.905  4.965  4.890  4.992  4.710  4.673  4.762  4.690  4.997  4.883  5.056  5.027  4.850  5.159  4.934  4.890  4.949  5.026
4.111  4.007  4.094  4.263  4.174  4.132  3.912  4.197  3.951  4.043  4.187  4.078  4.205  4.111  4.205  3.912  4.231  4.043  4.143  4.127  4.167  4.078  4.043  4.060  4.025  3.970  4.007  4.174  4.277  3.912  4.007  3.932  4.127  4.025  3.989  4.132  4.060  4.078  4.025  4.078  3.850  4.171
