5.455  5.124  5.317  5.179  5.273  5.493  5.257  5.100  5.342  5.380  5.342  5.328  5.318  5.288  5.263  5.252  5.043  5.429  5.288  5.311  5.088  5.317  5.247  5.187  5.215  4.966  5.043  5.313  4.875  5.106  5.056  4.984  5.242  5.303  5.030  5.209  5.204  5.357  5.176  5.364  4.691  4.466
4.431  4.263  4.369  4.413  4.357  4.575  4.533  4.317  4.466  4.466  4.549  4.500  4.509  4.575  4.691  4.541  4.494  4.394  4.520  4.443  4.419  4.562  4.443  4.452  4.454  4.174  4.190  4.407  4.220  4.304  4.407  4.277  4.277  4.454  4.344  4.380  4.431  4.394  4.277  4.159  4.078  4.220
6.251  6.021  6.230  6.142  6.230  6.267  6.059  6.109  6.092  6.303  6.297  6.071  6.240  6.124  6.286  6.019  5.994  6.206  6.207  6.194  6.194  6.003  6.091  6.143  5.858  5.861  5.966  6.009  5.775  5.864  6.047  5.945  6.045  5.943  5.940  6.016  6.011  6.168  6.195  6.033  6.051  6.009
5.765  5.598  5.905  5.820  5.866  5.790  5.724  5.781  5.830  5.871  5.742  5.742  5.787  5.631  5.859  5.652  5.487  5.670  5.720  5.705  5.613  5.485  5.602  5.710  5.375  5.438  5.451  5.447  5.352  5.347  5.680  5.357  5.686  5.505  5.654  5.493  5.505  5.747  5.631  5.553  5.655  5.557
5.914  5.642  5.820  5.690  5.781  5.883  5.876  5.798  5.823  6.050  5.924  5.999  5.986  5.951  5.989  5.774  5.733  5.875  5.892  5.849  5.846  5.699  5.717  5.638  5.826  5.790  5.765  5.829  5.593  5.720  5.724  5.642  5.685  5.823  5.814  5.748  5.820  5.775  5.732  5.892  5.609  5.823
4.522  4.543  4.511  4.533  4.500  4.608  4.595  4.466  4.691  4.771  4.543  4.732  4.745  4.682  4.777  4.564  4.543  4.431  4.662  4.575  4.718  4.543  4.489  4.623  4.654  4.489  4.443  4.277  4.217  4.331  4.500  4.388  4.277  4.593  4.500  4.452  4.489  4.344  4.466  4.354  4.394  4.477
5.844  5.652  5.771  5.700  5.717  5.793  5.686  5.632  5.817  5.894  5.737  5.897  5.864  5.808  5.901  5.743  5.666  5.686  5.746  5.796  5.656  5.673  5.730  5.749  5.570  5.677  5.663  5.687  5.659  5.659  5.681  5.476  5.541  5.775  5.651  5.666  5.796  5.663  5.652  5.674  5.620  5.697
4.828  4.718  4.786  4.745  4.754  4.691  4.673  4.533  4.779  4.836  4.745  4.796  4.843  4.804  4.875  4.691  4.811  4.745  4.710  4.710  4.820  4.714  4.811  4.820  4.603  4.575  4.541  4.543  4.489  4.489  4.652  4.522  4.466  4.691  4.590  4.663  4.505  4.419  4.511  4.564  4.357  4.718
5.009  5.030  5.043  4.890  5.106  5.103  5.004  5.088  5.136  5.023  5.024  5.115  5.150  5.129  5.298  4.942  4.766  5.094  5.166  4.977  5.097  5.027  4.894  5.063  4.942  4.984  5.011  4.911  4.625  4.852  4.848  4.990  4.898  4.996  4.926  5.011  5.039  4.852  4.752  4.860  4.890  5.030
4.727  4.820  4.635  4.840  4.710  4.771  4.920  4.835  4.739  4.712  4.585  4.949  4.970  4.844  4.984  4.754  4.775  4.736  4.852  4.691  5.001  4.836  4.850  4.942  4.625  4.691  4.745  4.654  4.522  4.663  4.812  4.779  4.511  4.682  4.796  4.820  4.894  4.659  4.527  4.633  4.522  4.585
5.432  5.056  5.347  5.447  5.489  5.425  5.252  5.366  5.338  5.433  5.425  5.380  5.451  5.428  5.505  5.212  5.037  5.468  5.361  5.236  5.281  5.153  5.165  5.036  5.252  5.342  5.103  5.249  4.909  5.050  5.182  5.063  5.208  5.301  5.162  5.215  5.215  5.293  5.236  5.352  5.147  5.170
4.382  4.407  4.174  4.357  4.263  4.317  4.190  4.263  4.407  4.419  4.454  4.369  4.489  4.522  4.500  4.205  4.369  4.394  4.595  4.437  4.522  4.331  4.382  4.159  4.248  4.234  4.304  4.220  4.078  4.060  4.190  4.288  4.317  4.369  4.248  4.407  4.344  4.443  4.277  4.159  4.025  4.274
5.624  5.384  5.318  5.273  5.407  5.474  5.481  5.382  5.412  5.517  5.488  5.485  5.691  5.476  5.628  5.252  5.347  5.370  5.489  5.576  5.313  5.288  5.300  5.346  5.464  5.553  5.347  5.318  5.298  5.283  5.394  5.242  5.270  5.517  5.537  5.438  5.394  5.352  5.323  5.442  5.380  5.409
4.099  4.060  3.807  3.761  3.932  3.932  3.912  3.938  3.829  3.932  4.025  4.025  4.220  4.217  4.167  4.190  4.078  3.989  4.091  4.190  4.143  3.989  3.951  3.951  3.829  4.007  3.932  3.807  3.888  3.784  4.094  3.829  3.784  3.871  3.871  3.871  3.761  3.829  3.892  3.970  3.850  4.227
4.124  3.989  4.060  4.220  4.290  4.263  4.277  4.212  4.277  4.277  4.159  4.248  4.437  4.321  4.317  4.143  4.205  4.248  4.263  4.143  4.317  4.127  4.220  4.227  4.159  4.143  4.060  3.989  4.007  4.083  4.111  4.190  4.304  4.174  4.159  4.369  4.159  4.143  4.127  4.220  4.143  4.091
3.738  3.871  3.773  3.664  3.689  3.611  3.664  3.784  3.850  3.784  3.689  3.714  3.951  3.892  3.850  3.611  3.738  3.611  3.664  3.871  3.824  3.761  3.664  3.738  3.829  3.689  3.651  3.584  3.555  3.709  3.761  3.714  3.714  3.784  3.829  3.555  3.784  3.714  3.689  3.658  3.632  3.611
6.100  5.700  6.006  5.877  6.072  6.061  5.697  6.028  5.867  6.073  5.993  6.026  6.159  6.110  6.097  5.938  5.617  6.006  6.020  5.974  5.624  5.714  5.872  5.900  5.608  5.606  5.799  5.897  5.505  5.658  5.894  5.476  5.802  5.808  5.670  5.823  5.704  6.073  6.040  6.109  5.768  5.855
4.790  4.564  5.043  4.762  4.654  4.691  4.533  4.564  4.673  4.673  4.836  4.682  4.858  4.902  4.905  4.543  4.659  4.654  5.052  4.940  4.787  4.644  4.635  4.868  4.522  4.522  4.628  4.836  4.317  4.745  4.543  4.779  4.804  4.559  4.500  4.511  4.640  4.762  4.760  4.673  4.769  4.585
5.922  5.727  5.805  5.894  5.930  5.930  5.796  5.886  5.840  5.927  5.881  6.028  5.941  5.932  6.000  5.737  5.796  5.888  6.016  5.914  5.920  5.737  5.731  5.713  5.796  5.771  5.762  5.733  5.613  5.635  5.684  5.740  5.779  5.849  5.741  5.808  5.749  5.816  5.852  5.880  5.707  5.820
4.246  4.043  4.363  4.127  4.025  3.989  4.025  4.111  4.248  4.227  4.234  4.288  4.267  4.454  4.369  4.132  4.078  3.989  4.500  4.260  4.373  4.190  4.111  4.263  3.829  4.013  4.078  4.069  3.892  3.970  4.043  4.060  3.932  4.111  3.947  4.246  4.007  4.078  4.164  4.094  4.025  3.892
3.611  3.526  3.497  3.526  3.526  3.555  3.332  3.490  3.466  3.584  3.332  3.520  3.824  3.829  3.807  3.434  3.578  3.466  3.664  3.784  3.689  3.434  3.592  3.466  3.584  3.466  3.526  3.401  3.526  3.401  3.296  3.401  3.584  3.555  3.578  3.434  3.526  3.434  3.401  3.526  3.555  3.611
3.219  3.466  3.555  3.434  3.401  3.497  3.497  3.550  3.367  3.605  3.401  3.632  3.638  3.611  3.611  3.664  3.497  3.738  3.664  3.638  3.829  3.555  3.526  3.466  3.434  3.555  3.490  3.466  3.367  3.332  3.296  3.526  3.497  3.520  3.401  3.367  3.466  3.490  3.332  3.466  3.466  3.367
