5.364  5.204  5.361  5.121  5.380  5.366  5.288  5.243  5.370  5.437  5.425  5.451  5.394  5.187  5.286  5.265  5.176  5.361  5.416  5.320  5.328  5.239  5.223  5.268  5.172  5.293  5.281  5.357  5.086  5.236  5.231  5.130  5.136  5.235  5.217  5.268  5.273  5.226  5.153  5.192  5.105  5.384
3.850  3.807  4.007  3.802  3.861  3.689  4.040  3.835  3.928  4.025  3.871  3.912  4.086  3.829  4.069  3.850  3.824  3.912  3.951  3.970  3.989  4.013  3.892  4.025  3.829  3.555  3.871  3.784  3.664  3.846  3.951  3.861  3.829  3.829  3.761  3.664  3.829  3.761  3.829  3.970  3.733  3.912
6.023  5.898  5.953  5.957  6.001  6.019  6.009  5.948  5.930  6.064  6.071  6.004  6.084  5.958  6.129  5.892  5.832  5.991  5.932  5.852  6.059  5.886  5.932  5.935  5.811  5.781  5.802  5.787  5.670  5.734  5.958  5.741  5.777  5.905  5.919  5.833  5.820  5.919  5.965  5.881  5.808  5.817
5.700  5.864  5.710  5.723  5.794  5.829  5.846  5.659  5.663  5.861  5.799  5.680  5.778  5.700  5.878  5.720  5.727  5.724  5.749  5.658  5.918  5.746  5.802  5.935  5.590  5.521  5.617  5.576  5.545  5.583  5.844  5.844  5.583  5.645  5.790  5.638  5.756  5.628  5.717  5.617  5.713  5.601
5.375  5.323  5.357  5.247  5.328  5.327  5.208  5.346  5.323  5.398  5.455  5.421  5.434  5.431  5.460  5.234  5.124  5.483  5.393  5.158  5.209  5.170  5.268  5.293  5.247  5.204  5.204  5.235  5.017  4.984  5.295  5.030  5.130  5.089  5.182  5.318  5.352  5.328  5.118  5.379  5.004  5.257
5.075  4.754  4.802  4.844  4.940  4.794  4.762  4.844  4.771  5.004  5.106  4.982  4.868  4.977  4.927  4.820  4.615  4.905  4.828  4.823  4.819  4.673  4.758  4.827  4.690  4.663  4.543  4.824  4.382  4.541  4.673  4.575  4.625  4.700  4.533  4.736  4.736  4.644  4.708  4.691  4.554  4.710
5.861  5.666  5.667  5.738  5.817  5.746  5.637  5.670  5.768  5.749  5.749  5.753  5.979  5.733  5.984  5.572  5.455  5.878  5.817  5.730  5.805  5.585  5.556  5.711  5.666  5.568  5.638  5.690  5.342  5.485  5.568  5.457  5.617  5.613  5.568  5.738  5.533  5.753  5.649  5.677  5.529  5.743
5.198  5.069  5.061  5.170  5.231  4.984  5.034  5.024  4.997  5.273  5.100  5.303  5.290  5.273  5.278  5.081  4.997  5.142  5.215  5.168  5.130  5.204  5.133  5.283  4.961  4.937  5.146  4.905  4.866  4.831  4.970  4.984  5.011  5.017  5.094  5.003  5.088  5.088  5.147  5.185  4.868  5.075
6.475  6.385  6.347  6.513  6.477  6.513  6.458  6.337  6.397  6.422  6.500  6.468  6.564  6.540  6.646  6.309  6.323  6.526  6.521  6.344  6.472  6.340  6.366  6.373  6.356  6.317  6.303  6.348  6.052  6.215  6.292  6.242  6.183  6.363  6.341  6.384  6.370  6.425  6.349  6.441  6.213  6.279
4.883  4.987  4.625  4.959  4.920  4.860  4.844  4.700  4.852  4.883  4.828  4.951  5.142  4.990  4.890  4.812  4.700  4.854  4.956  4.654  5.004  4.890  5.142  5.170  4.898  5.075  4.875  4.736  4.618  4.710  4.835  4.832  4.610  4.904  4.868  4.963  4.949  4.804  4.883  4.920  4.682  4.852
5.606  5.346  5.497  5.438  5.545  5.485  5.416  5.425  5.451  5.513  5.525  5.472  5.557  5.460  5.529  5.412  5.404  5.466  5.527  5.555  5.435  5.394  5.398  5.418  5.380  5.426  5.352  5.371  5.273  5.242  5.256  5.354  5.357  5.412  5.436  5.411  5.303  5.451  5.416  5.375  5.361  5.351
4.522  4.466  4.398  4.554  4.554  4.575  4.492  4.687  4.466  4.710  4.509  4.585  4.745  4.573  4.585  4.431  4.475  4.505  4.654  4.762  4.642  4.625  4.477  4.613  4.419  4.595  4.443  4.328  4.477  4.267  4.489  4.605  4.500  4.575  4.564  4.477  4.443  4.500  4.357  4.369  4.394  4.644
6.417  6.399  6.277  6.373  6.299  6.339  6.239  6.265  6.230  6.450  6.357  6.342  6.571  6.394  6.439  6.425  6.395  6.410  6.387  6.373  6.297  6.308  6.392  6.402  6.190  6.254  6.209  6.229  6.198  6.192  6.391  6.138  6.252  6.238  6.230  6.270  6.284  6.282  6.207  6.304  6.213  6.248
5.953  5.809  5.830  5.833  5.846  5.707  5.746  5.749  5.752  5.916  5.837  5.866  5.940  5.878  5.958  5.808  5.790  5.817  5.935  5.922  5.775  5.793  5.782  5.925  5.707  5.781  5.652  5.737  5.631  5.598  5.817  5.570  5.844  5.875  5.914  5.841  5.943  6.120  5.989  5.684  5.686  5.675
5.876  5.740  5.746  5.879  5.802  5.790  5.790  5.771  5.808  5.969  5.881  5.914  5.989  5.836  6.006  5.783  5.673  5.986  5.949  5.953  5.855  5.805  5.861  5.905  5.799  5.624  5.724  5.805  5.609  5.733  5.846  5.652  5.849  5.848  5.861  5.852  5.737  5.869  5.768  5.837  5.724  5.881
5.659  5.328  5.617  5.609  5.638  5.587  5.519  5.515  5.662  5.598  5.587  5.557  5.659  5.618  5.707  5.460  5.308  5.635  5.645  5.697  5.666  5.556  5.635  5.737  5.553  5.347  5.442  5.442  5.187  5.371  5.403  5.354  5.572  5.493  5.497  5.574  5.435  5.481  5.497  5.644  5.591  5.598
5.278  5.011  5.136  5.030  5.129  5.081  4.997  5.043  5.053  5.252  5.236  5.231  5.182  5.170  5.181  5.094  4.812  5.164  5.129  5.153  5.153  4.934  5.011  5.050  4.883  5.043  4.954  5.100  4.836  4.844  5.063  4.875  4.977  5.069  4.984  4.956  4.970  5.170  5.058  5.100  4.852  4.595
4.234  4.074  4.103  4.171  4.091  4.052  4.111  4.205  4.111  4.179  3.980  4.205  4.274  4.267  4.263  4.040  4.099  4.205  4.182  4.174  4.248  4.263  4.190  4.220  4.083  4.156  4.078  4.060  3.928  4.052  4.043  3.928  4.111  4.043  4.078  4.190  4.143  4.103  4.111  4.167  3.967  3.861
4.920  4.796  4.812  4.777  4.913  4.956  4.796  4.913  4.883  4.877  4.890  4.904  5.050  5.009  5.100  4.775  4.623  4.934  4.956  5.153  4.970  4.847  4.952  4.864  4.745  4.700  4.749  4.808  4.600  4.804  4.919  4.615  4.852  4.691  4.828  4.762  4.771  4.782  4.970  4.794  4.654  4.860
4.968  4.942  4.934  4.898  4.938  4.997  4.844  4.860  4.905  5.009  5.024  4.984  5.043  5.112  5.118  4.977  4.947  5.030  5.081  5.030  5.037  4.894  4.890  4.942  4.790  4.836  4.756  4.771  4.721  4.771  4.844  4.710  4.905  4.898  5.042  4.947  4.769  4.934  4.949  4.889  4.771  4.796
5.086  4.977  5.106  5.165  5.081  5.106  5.100  5.209  5.037  5.243  4.942  5.093  5.273  5.105  5.136  5.094  5.017  5.043  5.165  5.215  5.242  5.068  5.029  5.075  5.153  5.050  4.949  4.920  4.934  4.966  5.003  5.081  5.209  5.106  5.023  5.130  5.112  5.039  5.094  5.004  4.997  5.081
4.317  4.220  4.202  4.220  4.179  4.205  4.127  4.317  4.274  4.369  4.290  4.248  4.419  4.410  4.337  4.111  4.220  4.135  4.344  4.234  4.382  4.277  4.367  4.248  4.174  4.190  4.159  4.127  3.951  3.951  3.932  4.127  4.431  4.220  4.220  4.304  4.234  4.234  4.167  4.277  4.094  4.078
