5.017  4.644  4.874  4.691  4.984  4.836  4.787  4.977  4.986  5.226  5.023  5.017  5.036  4.771  5.037  4.676  4.489  4.852  5.147  4.860  4.727  4.654  4.685  4.466  4.595  4.787  4.754  4.564  4.238  4.585  4.443  4.248  4.700  4.615  4.625  4.883  4.477  4.736  4.762  4.959  4.696  4.942
3.434  3.555  3.466  3.434  3.550  3.490  3.584  3.733  3.733  3.709  3.367  3.611  3.761  3.709  3.658  3.689  3.466  3.584  3.664  3.807  3.658  3.638  3.611  3.611  3.605  3.555  3.632  3.367  3.395  3.578  3.466  3.611  3.624  3.555  3.761  3.584  3.555  3.367  3.401  3.584  3.401  3.611
6.607  6.322  6.521  6.375  6.506  6.558  6.424  6.468  6.642  6.608  6.467  6.581  6.612  6.432  6.623  6.454  6.254  6.526  6.682  6.428  6.492  6.319  6.453  6.391  6.414  6.510  6.423  6.347  6.180  6.280  6.303  6.127  6.289  6.534  6.394  6.446  6.435  6.418  6.328  6.541  6.319  6.593
5.257  5.247  5.181  5.114  5.080  5.283  5.361  5.246  5.507  5.509  5.251  5.375  5.390  5.170  5.323  5.102  5.061  5.187  5.366  5.112  5.318  5.088  5.204  5.198  5.124  5.209  5.081  5.023  4.898  4.929  5.029  4.848  4.883  5.242  5.100  5.328  5.158  4.812  4.927  4.949  4.860  5.170
5.568  5.075  5.474  5.249  5.455  5.594  5.416  5.572  5.537  5.704  5.652  5.628  5.656  5.489  5.784  5.342  5.011  5.429  5.497  5.384  5.342  5.198  5.263  5.215  5.257  5.330  5.100  5.283  4.949  5.069  5.293  5.130  5.069  5.333  5.293  5.220  5.273  5.434  5.226  5.426  5.142  5.338
3.714  3.664  3.671  3.584  3.638  3.605  3.802  3.738  3.689  3.611  3.664  3.807  3.824  4.007  3.824  3.850  3.578  3.664  3.761  3.761  3.807  3.638  3.738  3.807  3.664  3.638  3.526  3.526  3.658  3.584  3.401  3.466  3.466  3.714  3.664  3.550  3.611  3.584  3.332  3.550  3.497  3.584
5.999  5.715  5.900  5.626  5.930  6.011  5.883  6.040  6.192  6.243  6.107  6.168  6.299  6.000  6.120  5.935  5.645  5.938  6.230  5.805  5.920  5.849  5.799  5.768  5.838  5.855  5.854  5.710  5.513  5.670  5.781  5.438  5.740  5.903  5.852  5.936  5.835  5.704  5.725  5.829  5.713  5.854
3.829  3.664  3.784  3.578  3.611  3.555  3.684  3.738  3.750  3.714  3.807  3.850  3.908  3.888  3.867  3.761  3.664  3.638  3.850  3.871  3.912  3.664  3.738  3.714  3.684  3.714  3.638  3.761  3.714  3.555  3.638  3.584  3.638  3.611  3.611  3.689  3.761  3.761  3.550  3.611  3.325  3.738
5.842  5.743  5.759  5.720  5.799  5.800  5.717  5.861  5.771  5.943  5.790  5.903  5.930  5.743  6.019  5.696  5.442  5.704  5.924  5.771  5.678  5.666  5.659  5.746  5.611  5.771  5.717  5.649  5.476  5.537  5.677  5.468  5.658  5.746  5.590  5.673  5.661  5.613  5.513  5.724  5.687  5.740
4.369  4.111  4.344  4.277  4.290  4.290  4.376  4.135  4.344  4.533  4.234  4.357  4.328  4.331  4.511  4.270  4.220  4.344  4.231  4.277  4.425  4.277  4.174  4.452  4.156  4.416  4.094  4.159  4.094  4.159  4.187  4.111  4.190  4.143  4.159  4.354  4.263  4.174  4.111  4.248  4.127  4.151
6.483  6.314  6.377  6.280  6.363  6.404  6.319  6.330  6.444  6.521  6.415  6.492  6.513  6.429  6.555  6.290  6.265  6.415  6.475  6.425  6.382  6.278  6.378  6.400  6.295  6.363  6.334  6.293  6.196  6.186  6.252  6.148  6.303  6.402  6.315  6.326  6.370  6.310  6.061  6.342  6.280  6.356
5.236  5.321  5.118  5.009  5.145  5.328  5.272  5.075  5.215  5.323  5.201  5.352  5.535  5.377  5.489  5.328  5.393  5.176  5.429  5.126  5.323  5.257  5.476  5.515  5.136  5.207  5.159  5.130  5.264  5.024  5.308  5.106  4.875  5.333  5.169  5.278  5.397  4.984  4.850  4.934  5.017  5.124
6.799  6.856  6.666  6.632  6.820  6.765  6.583  6.731  6.696  6.808  6.901  6.781  6.796  6.898  6.900  6.701  6.430  6.817  6.697  6.586  6.534  6.571  6.726  6.771  6.646  6.550  6.636  6.731  6.370  6.483  6.609  6.380  6.400  6.607  6.501  6.664  6.609  6.727  6.744  6.748  6.420  6.576
4.890  5.298  4.736  4.828  5.106  4.942  4.970  4.790  5.117  4.986  5.112  5.080  5.288  5.059  5.351  5.106  5.004  5.124  5.085  4.790  5.105  5.011  5.233  5.193  4.990  4.997  5.052  4.963  4.792  4.820  5.050  4.754  4.771  4.828  4.836  5.088  4.973  5.034  4.942  4.990  4.644  4.860
5.525  5.105  5.427  5.172  5.429  5.501  5.135  5.298  5.413  5.675  5.438  5.451  5.652  5.447  5.544  5.242  4.883  5.451  5.497  5.172  5.198  5.112  5.130  5.097  5.037  5.068  5.220  5.138  4.585  4.852  4.915  4.668  5.142  5.257  5.023  5.153  5.027  5.231  5.267  5.198  5.026  5.236
3.466  3.434  3.497  3.497  3.701  3.466  3.526  3.497  3.638  3.689  3.526  3.651  3.784  3.807  3.676  3.584  3.638  3.401  3.714  3.555  3.761  3.638  3.497  3.689  3.526  3.497  3.645  3.395  3.466  3.526  3.526  3.497  3.497  3.664  3.555  3.497  3.401  3.584  3.434  3.555  3.428  3.526
6.820  6.183  6.735  6.572  6.846  6.821  6.308  6.712  6.726  6.898  6.758  6.821  6.809  6.750  6.836  6.524  6.178  6.915  6.832  6.786  6.474  6.279  6.431  6.397  6.457  6.555  6.447  6.670  6.021  6.263  6.353  6.116  6.652  6.555  6.333  6.585  6.349  6.822  6.658  6.719  6.506  6.743
5.231  4.682  5.075  5.288  5.193  5.169  4.868  5.231  5.198  5.242  5.252  5.366  5.242  5.187  5.352  4.997  4.787  5.120  5.318  5.106  4.990  4.773  4.929  5.011  4.844  4.977  4.804  5.004  4.522  4.890  4.745  4.543  5.074  4.977  4.844  5.153  4.754  5.187  5.106  5.158  4.868  5.056
7.269  7.051  7.073  7.024  7.175  7.180  7.043  7.056  7.115  7.238  7.196  7.165  7.274  7.172  7.242  7.068  7.048  7.215  7.204  7.091  7.075  7.145  7.190  7.196  7.034  7.118  7.047  7.125  6.933  7.028  7.048  6.824  7.013  7.103  7.067  7.127  7.146  7.125  7.057  7.124  6.937  7.175
6.125  5.943  5.966  5.976  6.043  6.011  5.978  6.045  6.009  6.174  6.187  6.125  6.268  6.153  6.155  5.869  5.874  6.057  6.168  5.999  6.071  6.029  6.121  6.089  5.826  5.981  6.059  5.864  5.741  5.852  5.959  5.631  5.911  5.934  5.894  6.120  5.968  5.976  5.986  5.943  5.666  5.958
5.257  4.564  5.124  4.783  5.209  5.257  4.700  5.124  5.075  5.283  5.308  5.231  5.135  5.231  5.187  5.017  4.564  5.460  5.247  5.236  4.811  4.691  4.852  4.736  4.663  4.984  4.875  5.115  4.382  4.595  4.762  4.348  5.024  4.820  5.230  4.794  4.573  5.100  5.118  5.251  4.828  5.063
4.007  3.807  3.932  3.829  3.912  3.871  3.871  3.761  3.892  4.127  3.892  3.932  4.187  4.094  4.060  3.871  4.007  3.892  4.194  4.094  4.025  3.932  3.932  4.086  3.738  3.829  3.689  3.947  3.738  3.689  3.689  3.861  3.892  3.912  4.263  3.912  3.555  4.007  3.784  3.611  3.912  3.928
