5.945  5.743  5.875  5.854  5.977  6.054  5.949  6.030  6.094  6.188  5.953  6.138  6.125  5.945  6.063  5.948  5.820  5.922  6.113  5.911  6.071  6.109  6.068  6.047  5.866  5.985  5.897  5.956  5.793  5.958  5.866  5.723  5.782  6.043  5.940  5.956  5.916  5.919  5.762  5.894  5.759  5.981
5.024  4.762  4.875  4.881  4.820  5.029  5.037  4.868  4.913  4.977  5.030  5.077  5.024  4.835  5.037  4.890  4.949  4.808  4.994  4.994  4.990  5.024  4.898  4.952  4.893  4.828  4.812  4.736  4.605  4.745  4.691  4.736  4.662  4.745  4.949  4.794  4.836  4.820  4.644  4.615  4.762  4.856
6.631  6.546  6.558  6.507  6.560  6.704  6.540  6.522  6.576  6.634  6.540  6.642  6.702  6.630  6.652  6.550  6.402  6.658  6.621  6.538  6.569  6.504  6.559  6.497  6.509  6.474  6.512  6.542  6.397  6.433  6.555  6.365  6.413  6.470  6.461  6.509  6.551  6.544  6.489  6.593  6.353  6.521
5.784  5.652  5.659  5.595  5.587  5.771  5.712  5.460  5.704  5.784  5.723  5.802  5.961  5.955  5.940  5.697  5.572  5.617  5.624  5.595  5.735  5.606  5.642  5.670  5.493  5.588  5.576  5.537  5.438  5.451  5.690  5.429  5.371  5.561  5.468  5.604  5.680  5.621  5.493  5.587  5.496  5.540
6.377  6.131  6.238  6.248  6.291  6.320  6.308  6.297  6.390  6.465  6.290  6.475  6.435  6.205  6.387  6.155  6.181  6.208  6.497  6.307  6.268  6.312  6.205  6.234  6.335  6.328  6.185  6.255  6.035  6.151  6.146  6.098  6.206  6.368  6.317  6.155  6.312  6.312  6.159  6.332  6.169  6.349
5.802  5.665  5.602  5.606  5.568  5.714  5.849  5.684  5.892  6.071  5.705  5.905  5.911  5.742  5.838  5.855  5.650  5.551  5.781  5.720  5.765  5.754  5.677  5.602  5.656  5.623  5.638  5.615  5.476  5.707  5.862  5.497  5.463  5.670  5.677  5.556  5.730  5.783  5.451  5.537  5.493  5.631
4.710  4.786  4.827  4.652  4.726  4.883  4.766  4.766  4.762  4.771  4.745  4.852  4.934  4.913  4.977  4.710  4.708  4.844  5.011  4.796  4.934  4.920  5.056  4.951  4.585  4.654  4.615  4.575  4.382  4.649  4.673  4.671  4.663  4.682  4.787  4.812  4.804  4.718  4.564  4.852  4.605  4.694
4.570  4.727  4.811  4.644  4.654  4.654  4.595  4.654  4.595  4.570  4.522  4.718  4.771  4.777  4.920  4.691  4.585  4.635  4.718  4.705  4.779  4.700  4.673  4.595  4.509  4.522  4.466  4.585  4.344  4.522  4.585  4.533  4.541  4.585  4.610  4.700  4.543  4.543  4.543  4.475  4.567  4.644
4.673  4.454  5.127  4.736  4.934  4.920  4.657  4.554  4.585  5.011  5.170  5.069  4.760  4.779  4.796  4.610  4.481  4.736  5.016  5.106  4.673  4.549  4.554  5.168  5.117  4.585  4.868  4.762  4.663  5.112  4.625  4.736  4.554  4.666  5.138  4.673  4.663  4.564  4.554  4.533  4.454  4.858
4.868  4.727  5.375  4.905  4.987  4.905  4.644  4.575  4.796  5.352  5.153  5.193  4.860  4.827  4.718  4.585  4.543  4.575  5.268  5.501  4.920  4.779  4.543  4.663  5.206  4.500  4.828  4.783  4.792  5.043  4.615  5.069  4.942  4.700  4.605  4.787  4.541  4.466  4.691  4.787  4.615  4.595
4.344  4.533  4.533  4.407  4.464  4.533  4.443  4.554  4.564  4.301  4.290  4.633  4.625  4.489  4.654  4.331  4.344  4.263  4.533  4.554  4.625  4.407  4.331  4.477  4.431  4.407  4.443  4.331  4.127  4.357  4.407  4.440  4.369  4.489  4.425  4.344  4.477  4.543  4.344  4.369  4.234  4.443
4.317  4.190  4.234  4.331  4.217  4.231  4.331  4.220  4.407  4.248  4.111  4.443  4.437  4.382  4.554  4.132  4.270  4.382  4.190  4.443  4.407  4.234  4.174  4.234  4.331  4.190  4.127  4.078  4.111  4.132  4.127  4.127  4.234  4.431  4.217  4.331  4.290  4.174  4.143  4.127  4.190  4.248
4.190  4.301  4.373  4.290  4.277  4.317  4.205  4.108  4.394  4.449  4.143  4.263  4.248  4.248  4.419  4.078  4.304  4.159  4.263  4.246  4.454  4.248  4.205  4.394  4.143  4.127  4.202  4.116  4.270  4.277  4.220  4.060  4.315  4.205  4.260  4.202  4.205  4.127  4.052  4.143  4.127  4.159
4.419  4.407  4.477  4.638  4.588  4.357  4.382  4.477  4.443  4.454  4.382  4.317  4.543  4.489  4.615  4.407  4.489  4.489  4.575  4.543  4.812  4.486  4.431  4.477  4.419  4.394  4.317  4.111  4.190  4.369  4.143  4.344  4.449  4.331  4.382  4.407  4.277  4.290  4.369  4.205  4.369  4.382
5.519  5.333  5.489  5.426  5.496  5.557  5.313  5.380  5.407  5.595  5.374  5.472  5.533  5.509  5.521  5.349  5.159  5.398  5.591  5.357  5.252  5.352  5.268  5.329  5.400  5.373  5.247  5.242  4.911  5.303  5.313  5.166  5.278  5.442  5.283  5.388  5.342  5.338  5.398  5.389  5.429  5.327
4.615  4.615  4.530  4.595  4.554  4.673  4.663  4.533  4.533  4.745  4.694  4.762  4.710  4.820  4.727  4.573  4.486  4.615  4.615  4.605  4.714  4.543  4.771  4.769  4.489  4.477  4.564  4.454  4.304  4.394  4.466  4.449  4.522  4.564  4.585  4.682  4.317  4.562  4.644  4.454  4.369  4.522
5.817  5.572  5.743  5.595  5.889  5.826  5.573  5.746  5.645  5.876  5.805  5.900  5.989  5.787  5.849  5.659  5.257  5.852  5.705  5.690  5.398  5.389  5.613  5.551  5.656  5.485  5.598  5.793  5.361  5.421  5.606  5.342  5.620  5.591  5.519  5.598  5.533  5.707  5.771  5.796  5.446  5.724
4.301  4.127  4.367  4.277  4.357  4.078  3.928  4.248  4.135  4.394  4.263  4.260  4.443  4.394  4.311  4.016  4.066  4.248  4.127  4.324  4.354  4.174  4.277  4.174  4.248  4.111  4.124  4.143  3.951  4.043  4.205  4.043  4.066  4.078  4.078  4.220  3.951  4.205  4.234  4.043  4.052  4.174
5.115  4.694  5.024  5.130  5.011  5.009  4.868  5.094  4.787  4.977  4.796  5.050  5.091  4.771  5.106  4.820  4.836  4.896  5.175  5.265  4.905  4.754  4.752  4.754  4.890  5.058  4.745  4.798  4.691  4.585  4.736  4.760  5.168  4.956  4.934  4.920  4.745  5.182  4.868  4.970  4.905  5.112
5.916  5.400  5.719  5.811  5.739  5.771  5.587  5.823  5.652  5.793  5.768  5.790  5.822  5.697  5.730  5.541  5.659  5.642  5.759  5.958  5.710  5.413  5.468  5.537  5.694  5.796  5.531  5.515  5.407  5.434  5.468  5.628  5.733  5.629  5.620  5.631  5.609  5.720  5.759  5.577  5.697  5.740
6.479  6.211  6.383  6.203  6.417  6.447  6.275  6.374  6.438  6.477  6.314  6.482  6.578  6.380  6.465  6.295  6.168  6.377  6.449  6.421  6.244  6.252  6.242  6.233  6.186  6.340  6.226  6.225  6.120  6.080  6.182  5.979  6.347  6.365  6.225  6.317  6.261  6.405  6.304  6.361  6.282  6.465
5.283  5.193  5.298  5.278  5.153  5.318  5.208  5.195  5.438  5.389  5.359  5.442  5.565  5.375  5.429  5.112  5.273  5.170  5.263  5.365  5.283  5.342  5.133  5.278  5.153  5.198  5.075  4.890  4.940  4.913  5.037  5.170  5.124  5.283  5.313  5.236  5.118  5.102  5.094  5.124  5.176  5.226
