4.796  4.804  4.736  4.754  4.605  4.652  4.718  4.717  4.852  4.779  4.718  4.745  4.787  4.844  4.890  4.754  4.615  4.745  4.823  4.787  4.727  4.754  4.787  4.828  4.623  4.644  4.533  4.564  4.522  4.554  4.605  4.615  4.663  4.575  4.777  4.605  4.489  4.635  4.700  4.522  4.663  4.638
5.050  4.691  4.852  4.890  4.852  4.913  4.736  4.812  4.820  4.890  4.812  4.894  4.868  4.836  5.011  4.762  4.812  4.796  4.868  4.977  4.868  4.875  4.756  4.927  4.654  4.642  4.823  4.605  4.564  4.673  4.736  4.752  4.804  4.754  4.783  4.779  4.696  4.787  4.727  4.762  4.796  4.760
5.003  4.828  4.864  4.913  4.913  5.030  4.933  4.885  4.949  5.159  5.099  4.934  5.043  4.949  5.050  4.913  4.745  4.920  4.905  4.905  4.860  4.835  4.808  4.920  4.852  4.635  4.913  4.762  4.642  4.635  4.958  4.760  4.691  4.868  4.920  4.890  4.947  4.883  4.754  4.787  4.673  4.858
5.303  5.236  5.063  5.233  5.257  5.209  5.352  5.403  5.303  5.371  5.324  5.136  5.416  5.273  5.293  5.226  5.118  5.244  5.204  5.056  5.130  5.170  5.278  5.215  4.942  4.956  4.920  5.075  4.864  5.085  5.239  5.069  4.920  4.963  4.990  5.037  5.024  4.997  5.058  5.069  4.868  5.030
5.733  5.617  5.598  5.796  5.704  5.699  5.638  5.727  5.565  5.781  5.687  5.730  5.805  5.649  5.808  5.543  5.611  5.642  5.727  5.814  5.697  5.587  5.624  5.734  5.493  5.572  5.517  5.576  5.433  5.481  5.568  5.638  5.720  5.684  5.666  5.680  5.583  5.684  5.583  5.553  5.624  5.723
4.970  4.875  4.927  5.080  4.934  4.898  4.920  4.970  4.949  4.942  4.894  5.081  5.069  4.940  5.124  4.736  4.982  4.898  5.030  5.032  5.100  5.011  4.804  5.037  4.949  4.934  4.916  4.836  4.682  4.726  4.984  4.875  5.063  4.970  5.042  4.883  4.727  4.949  4.820  4.769  4.920  4.883
5.790  5.631  5.690  5.666  5.717  5.666  5.561  5.714  5.694  5.829  5.740  5.730  5.858  5.580  5.755  5.505  5.545  5.583  5.759  5.728  5.602  5.694  5.629  5.692  5.606  5.649  5.572  5.587  5.489  5.587  5.580  5.476  5.602  5.649  5.620  5.547  5.635  5.519  5.525  5.602  5.540  5.598
5.159  4.984  5.024  5.056  5.037  5.011  5.040  5.118  5.124  5.278  5.247  5.374  5.227  5.159  5.209  4.990  4.997  4.934  5.075  5.234  5.165  5.153  5.037  5.011  4.913  5.063  4.942  4.905  4.860  4.984  5.043  4.977  5.017  5.112  4.970  5.023  5.004  4.844  4.920  4.956  4.905  4.949
5.403  5.075  5.165  5.278  5.043  5.278  5.106  5.088  5.168  5.172  5.130  5.317  5.380  5.187  5.263  5.094  5.118  5.193  5.323  5.187  5.112  5.182  5.193  5.055  5.037  5.159  5.034  5.215  4.920  5.007  5.081  4.913  5.198  5.168  5.121  5.075  5.209  5.231  5.153  5.215  5.055  5.196
4.934  4.595  5.106  5.075  4.927  4.979  4.875  4.934  5.013  4.898  4.890  4.997  5.165  4.827  5.019  4.710  4.902  4.787  4.913  5.170  5.056  4.890  4.792  4.850  4.905  5.030  4.769  4.779  4.557  4.654  4.796  4.860  4.913  4.898  4.828  4.860  4.858  4.843  4.787  4.691  4.844  4.898
5.183  5.106  5.153  5.252  5.175  5.159  5.153  5.100  5.220  5.288  5.208  5.257  5.311  5.247  5.333  5.146  5.058  5.102  5.278  5.333  5.278  5.106  5.193  5.198  5.075  5.063  5.056  5.112  4.942  5.118  5.153  5.050  5.153  5.193  5.179  5.181  5.214  5.112  5.100  5.142  4.990  5.196
5.017  4.949  4.990  5.094  5.050  5.030  5.043  4.956  4.984  5.170  5.049  5.147  5.100  5.170  5.288  4.973  4.999  4.920  5.069  5.056  5.088  4.975  5.017  5.147  4.904  4.802  4.927  4.771  4.883  4.920  4.965  4.968  5.069  5.043  5.106  5.011  5.075  4.913  4.942  4.990  4.970  5.037
4.494  4.091  4.454  4.328  4.416  4.533  4.382  4.407  4.357  4.554  4.241  4.431  4.477  4.382  4.437  4.205  4.357  4.392  4.472  4.477  4.431  4.231  4.297  4.466  4.248  4.407  4.369  4.263  4.094  4.043  4.248  4.190  4.369  4.281  4.274  4.159  4.337  4.317  4.224  4.301  4.394  4.344
4.143  4.078  4.007  4.007  4.099  4.174  3.912  4.111  4.043  4.025  3.932  4.277  4.111  4.111  4.220  3.989  3.807  3.912  4.057  4.234  4.111  3.995  4.060  4.187  3.951  3.967  3.951  3.871  3.761  3.871  3.871  3.932  4.159  3.980  3.951  3.951  3.951  4.025  4.025  3.938  3.912  3.989
7.083  6.812  7.039  7.119  7.038  7.065  6.930  7.036  7.047  7.018  7.021  7.134  7.054  7.051  7.148  6.936  7.007  6.979  7.256  7.190  7.142  6.902  6.886  6.946  7.009  6.937  6.832  6.999  6.678  6.759  6.860  6.907  7.075  7.065  7.029  6.968  6.823  7.094  7.011  6.881  6.966  6.923
6.756  6.551  6.752  6.583  6.702  6.737  6.686  6.687  6.753  6.737  6.721  6.737  6.767  6.755  6.836  6.695  6.655  6.702  6.852  6.793  6.867  6.631  6.545  6.618  6.625  6.594  6.552  6.607  6.351  6.447  6.534  6.507  6.525  6.691  6.687  6.690  6.550  6.680  6.653  6.587  6.538  6.659
5.407  4.963  5.201  5.273  5.244  5.359  5.176  5.283  5.226  5.447  5.201  5.328  5.451  5.367  5.257  5.238  5.165  5.204  5.352  5.468  5.236  5.108  5.112  5.226  5.209  5.328  5.204  5.153  4.927  5.117  5.030  4.997  5.313  5.176  5.204  5.288  5.231  5.252  5.278  5.288  5.308  5.451
4.369  4.317  4.489  4.475  4.394  4.440  4.394  4.511  4.564  4.554  4.394  4.522  4.511  4.464  4.595  4.367  4.419  4.344  4.511  4.500  4.605  4.398  4.277  4.564  4.489  4.431  4.344  4.324  4.260  4.197  4.263  4.205  4.419  4.331  4.466  4.277  4.317  4.511  4.394  4.220  4.331  4.466
4.992  4.840  4.875  5.030  4.874  5.004  4.820  4.970  4.956  5.173  4.900  5.001  5.083  5.045  5.142  4.771  4.756  4.963  5.081  5.091  4.949  4.920  4.866  5.011  4.820  4.881  4.691  4.852  4.682  4.708  4.718  4.787  4.949  4.804  4.812  4.898  4.894  4.860  4.860  4.852  4.920  4.812
4.779  4.710  4.862  4.836  4.787  4.727  4.644  4.663  4.700  4.894  4.710  4.743  4.811  4.868  4.913  4.640  4.635  4.745  4.934  4.868  4.762  4.762  4.823  4.828  4.625  4.625  4.554  4.654  4.344  4.630  4.477  4.564  4.754  4.663  4.691  4.691  4.585  4.685  4.642  4.610  4.718  4.808
4.564  4.419  4.554  4.431  4.419  4.458  4.419  4.615  4.489  4.644  4.500  4.407  4.625  4.595  4.718  4.511  4.533  4.585  4.682  4.787  4.533  4.564  4.449  4.564  4.583  4.543  4.466  4.382  4.205  4.317  4.443  4.477  4.505  4.654  4.443  4.554  4.454  4.431  4.466  4.511  4.575  4.595
4.673  4.466  4.575  4.673  4.625  4.554  4.380  4.736  4.644  4.585  4.642  4.718  4.673  4.779  4.820  4.477  4.595  4.443  4.575  4.820  4.573  4.520  4.659  4.700  4.593  4.625  4.437  4.595  4.274  4.489  4.522  4.543  4.543  4.654  4.625  4.554  4.454  4.605  4.419  4.458  4.654  4.654
