5.268  4.942  5.273  4.920  5.066  5.559  5.339  5.069  5.485  5.226  5.493  5.263  5.389  5.457  5.268  5.338  4.942  5.313  5.316  5.011  4.812  5.198  4.994  5.182  5.142  5.170  4.997  5.197  4.682  5.011  4.905  4.929  5.075  5.425  4.883  5.124  5.252  5.211  5.030  5.288  4.500  4.220
4.190  4.007  3.829  4.048  4.043  4.234  4.078  3.807  4.304  4.069  4.290  3.970  4.111  4.290  4.060  4.290  4.127  4.143  4.159  4.022  4.127  4.099  4.007  4.143  3.892  3.928  3.761  3.807  3.829  3.738  4.007  3.970  3.970  4.060  3.867  3.970  3.989  4.094  3.807  4.025  3.689  3.738
3.761  3.611  3.761  3.638  3.555  3.611  3.611  3.638  3.714  3.795  3.605  3.709  3.807  3.526  3.951  3.802  3.714  3.497  3.733  3.829  3.578  3.638  3.584  3.733  3.497  3.664  3.611  3.434  3.401  3.466  3.555  3.526  3.664  3.497  3.605  3.434  3.497  3.497  3.497  3.638  3.497  3.584
3.638  3.738  3.714  3.638  3.624  3.475  3.638  3.738  3.555  3.709  3.658  3.721  3.871  3.784  3.871  3.555  3.555  3.664  3.555  3.761  3.605  3.555  3.526  3.664  3.564  3.555  3.689  3.584  3.638  3.497  3.526  3.597  3.689  3.481  3.497  3.401  3.638  3.550  3.638  3.526  3.584  3.611
5.209  5.004  5.052  4.970  5.256  5.311  5.176  5.142  5.333  5.303  5.308  5.384  5.198  5.247  5.323  5.100  4.913  5.214  5.252  5.198  5.063  4.890  4.984  4.977  4.905  5.004  4.963  5.017  4.749  4.966  5.066  4.835  5.147  5.017  5.094  5.175  5.170  5.017  4.890  5.056  4.920  5.175
4.593  4.533  4.367  4.367  4.486  4.554  4.575  4.605  4.575  4.691  4.413  4.575  4.530  4.554  4.691  4.605  4.317  4.344  4.673  4.466  4.613  4.454  4.483  4.663  4.394  4.522  4.328  4.277  4.263  4.350  4.419  4.466  4.394  4.454  4.554  4.520  4.543  4.394  4.331  4.382  4.277  4.357
6.418  6.252  6.273  6.151  6.365  6.312  6.157  6.282  6.248  6.330  6.407  5.749  6.360  6.397  6.344  6.218  5.875  6.477  6.256  6.225  6.091  5.839  6.198  6.213  6.157  6.081  6.054  6.098  5.782  5.843  6.176  5.773  6.014  6.064  6.078  6.069  6.125  6.182  6.144  6.326  5.981  6.168
5.303  5.359  5.081  5.155  5.375  5.351  5.357  5.182  5.209  5.298  5.318  4.454  5.460  5.347  5.460  5.254  5.136  5.342  5.187  5.096  5.204  5.136  5.412  5.273  5.059  5.156  5.159  5.193  4.875  4.860  5.347  4.927  4.927  5.209  5.030  5.088  5.293  4.920  5.159  5.356  5.004  5.037
5.740  5.421  5.587  5.380  5.638  5.529  5.404  5.478  5.587  5.728  5.645  5.675  5.680  5.624  5.594  5.394  5.159  5.641  5.611  5.609  5.291  5.220  5.469  5.375  5.425  5.352  5.262  5.455  5.118  5.153  5.311  4.984  5.367  5.361  5.252  5.436  5.293  5.440  5.366  5.497  5.342  5.497
4.369  4.190  4.025  4.217  4.369  4.127  3.970  4.078  4.317  4.227  4.159  4.295  4.331  4.277  4.304  4.060  3.912  4.078  4.190  4.159  4.094  4.127  4.190  4.190  4.043  4.078  3.989  4.007  3.902  3.850  3.961  3.871  3.932  4.143  3.989  4.220  3.932  4.025  3.932  4.034  3.989  4.094
5.624  5.464  5.537  5.513  5.634  5.645  5.468  5.557  5.587  5.677  5.662  5.677  5.714  5.628  5.710  5.537  5.328  5.670  5.560  5.687  5.501  5.442  5.501  5.485  5.501  5.421  5.394  5.537  5.030  5.293  5.442  5.280  5.380  5.527  5.389  5.500  5.497  5.561  5.394  5.485  5.346  5.451
4.796  4.820  4.708  4.875  4.796  4.836  4.942  4.771  4.904  4.973  4.860  4.975  5.193  4.977  5.196  4.949  5.024  4.874  4.905  5.088  5.030  4.913  4.898  4.864  4.727  4.754  4.663  4.538  4.498  4.662  4.644  4.828  4.583  4.745  4.970  4.900  4.836  4.756  4.644  4.749  4.663  4.663
5.598  5.252  5.476  5.374  5.397  5.403  5.357  5.311  5.384  5.403  5.421  5.323  5.476  5.459  5.464  5.247  5.357  5.398  5.496  5.357  5.366  5.358  5.239  5.278  5.366  5.242  5.290  5.209  5.069  5.170  5.215  5.126  5.182  5.328  5.293  5.325  5.227  5.313  5.200  5.263  5.371  5.345
4.454  4.754  4.585  4.575  4.700  4.673  4.779  4.585  4.642  4.723  4.635  4.734  4.868  4.644  4.881  4.522  4.615  4.718  4.727  4.554  4.927  4.727  4.718  4.771  4.691  4.820  4.605  4.575  4.489  4.533  4.585  4.454  4.454  4.564  4.625  4.613  4.615  4.410  4.557  4.516  4.530  4.533
4.344  4.277  4.304  4.382  4.357  4.394  4.311  4.311  4.274  4.419  4.357  4.344  4.543  4.425  4.613  4.452  4.263  4.394  4.350  4.416  4.331  4.277  4.341  4.301  4.290  4.270  4.171  4.174  4.060  4.220  4.394  4.361  4.331  4.308  4.277  4.407  4.127  4.277  4.357  4.174  4.202  4.241
4.043  3.970  4.111  3.951  3.998  3.970  3.761  4.025  3.807  3.928  3.888  4.007  3.970  4.111  4.274  3.951  3.871  4.007  3.846  4.094  3.951  3.850  4.025  3.892  3.784  3.664  3.745  3.850  3.761  3.829  3.967  3.818  4.007  3.871  3.967  3.951  3.932  3.898  3.807  3.714  3.773  3.967
5.438  5.204  5.303  5.220  5.360  5.347  5.220  5.242  5.278  5.513  5.366  5.398  5.460  5.394  5.513  5.112  5.153  5.398  5.303  5.263  5.298  5.242  5.124  5.247  5.094  5.193  5.242  5.147  5.047  5.039  5.153  5.016  5.220  5.323  5.149  5.283  5.142  5.193  5.105  5.407  5.247  5.303
4.538  4.615  4.489  4.595  4.500  4.564  4.354  4.382  4.489  4.564  4.511  4.575  4.605  4.605  4.603  4.564  4.431  4.489  4.625  4.562  4.682  4.407  4.431  4.736  4.477  4.486  4.543  4.317  4.205  4.489  4.392  4.344  4.344  4.407  4.428  4.585  4.489  4.367  4.511  4.466  4.246  4.500
5.318  5.273  5.011  5.081  5.308  5.278  5.159  5.129  5.056  5.366  5.226  5.242  5.587  5.283  5.361  5.262  5.094  5.308  5.252  5.193  5.198  5.069  5.246  5.424  4.890  4.990  5.069  5.106  5.037  5.142  5.257  5.040  5.069  5.056  5.130  5.273  5.278  5.193  5.407  5.193  4.942  5.052
5.363  5.153  5.063  5.081  5.263  5.246  5.161  5.150  5.142  5.352  5.257  5.226  5.489  5.357  5.384  5.333  5.024  5.190  5.198  5.097  5.346  5.236  5.170  5.320  4.913  4.934  5.100  5.050  5.043  5.100  5.198  4.931  5.094  4.999  5.165  5.268  5.247  5.215  5.251  5.176  4.836  5.034
3.411  3.450  3.497  3.360  3.466  3.332  3.466  3.434  3.526  3.605  3.258  3.450  3.689  3.541  3.689  3.459  3.570  3.526  3.466  3.497  3.555  3.497  3.526  3.535  3.497  3.367  3.434  3.367  3.367  3.466  3.325  3.332  3.296  3.367  3.332  3.367  3.428  3.459  3.497  3.401  3.367  3.497
3.541  3.332  3.434  3.401  3.296  3.296  3.401  3.555  3.434  3.459  3.258  3.395  3.584  3.584  3.555  3.401  3.497  3.296  3.466  3.466  3.466  3.428  3.466  3.434  3.296  3.258  3.296  3.360  3.296  3.434  3.378  3.258  3.332  3.367  3.466  3.296  3.332  3.296  3.258  3.250  3.526  3.296
