4.942  4.796  4.875  4.827  4.889  4.898  4.860  4.979  4.996  5.142  4.984  5.024  5.089  4.997  4.990  4.836  4.718  5.024  5.003  4.956  4.920  4.663  4.920  4.926  4.727  4.844  4.979  4.835  4.663  4.736  4.883  4.671  4.754  4.840  4.779  4.812  4.836  4.787  4.820  4.836  4.710  4.828
4.331  4.174  4.248  4.304  4.159  4.357  4.205  4.260  4.416  4.394  4.344  4.304  4.344  4.187  4.419  4.248  4.078  4.290  4.241  4.331  4.404  4.263  4.156  4.357  4.124  4.111  4.099  4.060  4.094  4.040  4.234  4.048  4.007  4.060  4.094  4.111  4.190  4.156  4.078  4.220  4.057  4.248
4.956  4.852  4.905  4.887  4.977  5.074  5.004  4.881  4.961  5.011  4.996  5.037  5.106  4.956  5.045  4.970  4.898  4.968  4.999  4.913  5.081  4.942  5.017  5.050  4.874  4.919  4.852  4.890  4.804  4.819  4.963  4.875  4.819  4.949  5.016  4.868  5.124  4.883  4.654  4.890  4.874  4.852
5.429  5.283  5.265  5.230  5.412  5.455  5.442  5.426  5.402  5.389  5.497  5.467  5.448  5.328  5.500  5.204  5.286  5.182  5.471  5.293  5.476  5.360  5.433  5.472  5.097  5.225  5.198  5.215  5.220  5.217  5.434  5.313  5.165  5.301  5.318  5.328  5.352  5.182  5.226  5.247  5.189  5.247
5.075  4.934  4.913  5.142  5.088  5.063  4.934  4.954  4.905  5.209  5.053  5.146  5.204  5.071  5.209  5.011  4.927  5.017  5.146  5.069  5.056  4.956  4.970  5.004  4.883  4.754  5.007  4.787  4.700  4.848  5.037  4.890  5.011  5.043  4.844  4.819  4.920  4.944  4.984  4.990  4.812  4.949
4.685  4.671  4.635  4.732  4.745  4.710  4.736  4.712  4.575  4.913  4.994  4.898  4.905  4.625  5.019  4.644  4.564  4.691  4.752  4.771  4.800  4.820  4.700  4.775  4.585  4.522  4.567  4.595  4.369  4.466  4.659  4.635  4.575  4.554  4.762  4.721  4.554  4.673  4.771  4.567  4.440  4.573
4.920  4.913  4.871  4.919  4.905  4.913  4.889  4.808  4.771  5.004  4.963  4.966  5.009  4.919  5.023  4.779  4.798  4.850  4.812  4.956  4.852  4.977  4.890  4.868  4.543  4.663  4.700  4.718  4.605  4.638  4.804  4.625  4.691  4.710  4.812  4.815  4.718  4.743  4.762  4.723  4.564  4.794
5.056  4.836  4.858  4.854  4.905  4.860  4.736  4.870  4.673  4.940  4.868  4.852  4.771  4.762  4.984  4.691  4.682  4.970  4.828  4.868  4.875  4.710  4.875  5.011  4.557  4.595  4.618  4.543  4.419  4.610  4.820  4.642  4.787  4.723  4.682  4.682  4.605  4.635  4.691  4.598  4.554  4.625
4.997  4.762  4.905  4.644  4.828  4.920  4.654  4.754  4.710  4.860  4.796  4.745  4.934  4.868  4.820  4.787  4.663  4.836  4.852  4.875  4.771  4.625  4.605  4.754  4.605  4.595  4.633  4.585  4.317  4.489  4.618  4.477  4.727  4.580  4.635  4.771  4.700  4.682  4.754  4.745  4.564  4.644
4.078  3.846  3.888  3.912  3.892  3.918  3.784  3.912  3.892  3.892  3.989  3.912  4.094  4.205  4.111  3.638  3.807  3.912  3.829  3.922  4.127  3.867  3.802  3.857  3.761  3.871  3.689  3.761  3.689  3.738  3.871  3.773  3.818  3.664  3.850  3.850  3.932  3.912  3.738  3.664  3.738  3.871
5.846  5.683  5.690  5.826  5.746  5.720  5.529  5.759  5.710  5.662  5.631  5.881  5.771  5.649  5.780  5.525  5.557  5.652  5.811  5.811  5.724  5.666  5.595  5.645  5.635  5.620  5.568  5.638  5.513  5.472  5.594  5.537  5.666  5.733  5.623  5.595  5.549  5.768  5.628  5.733  5.563  5.652
4.554  4.431  4.554  4.654  4.536  4.369  4.477  4.331  4.543  4.593  4.633  4.659  4.644  4.543  4.691  4.533  4.382  4.541  4.564  4.727  4.549  4.700  4.382  4.543  4.520  4.454  4.458  4.317  4.407  4.140  4.498  4.404  4.520  4.419  4.317  4.407  4.344  4.392  4.443  4.288  4.407  4.357
5.187  5.063  5.176  5.147  5.147  5.130  5.053  5.100  5.231  5.300  5.081  5.262  5.193  5.176  5.403  5.147  5.050  5.150  5.273  5.327  5.293  5.118  5.043  5.223  5.176  5.094  4.990  4.972  4.933  4.970  4.920  5.130  5.176  5.024  5.088  5.159  4.990  5.219  5.505  4.982  5.081  5.094
4.564  4.511  4.443  4.357  4.475  4.564  4.527  4.585  4.443  4.647  4.500  4.703  4.700  4.623  4.828  4.416  4.477  4.511  4.615  4.628  4.779  4.575  4.431  4.663  4.431  4.416  4.407  4.253  4.217  4.317  4.263  4.382  4.522  4.464  4.477  4.317  4.394  4.573  4.543  4.290  4.394  4.317
5.714  5.187  5.465  5.495  5.347  5.360  5.124  5.338  5.303  5.580  5.620  5.468  5.565  5.525  5.460  5.374  5.298  5.568  5.377  5.585  5.288  5.147  5.147  5.384  5.273  5.490  5.297  5.142  5.142  4.942  5.388  5.100  5.421  5.241  5.236  5.371  5.225  5.389  5.602  5.509  5.192  5.342
5.505  5.347  5.278  5.242  5.283  5.268  5.124  5.215  5.313  5.438  5.598  5.416  5.590  5.545  5.389  5.389  5.293  5.501  5.352  5.352  5.272  5.231  5.370  5.347  5.147  5.247  5.236  5.357  5.182  5.124  5.397  5.190  5.234  5.114  5.147  5.283  5.182  5.246  5.438  5.415  5.142  5.201
5.043  4.673  5.136  4.970  4.984  5.114  4.836  4.997  4.927  5.152  5.030  5.063  5.176  5.017  5.159  4.898  4.654  5.077  5.158  4.898  4.848  4.787  4.727  4.739  4.883  4.844  4.787  4.828  4.585  4.673  4.710  4.718  4.997  4.934  4.965  4.819  4.775  5.037  4.883  5.063  4.860  4.868
4.040  3.892  3.829  3.892  3.892  4.025  3.892  4.025  4.078  4.174  3.989  4.078  4.119  3.989  4.248  4.025  3.871  4.040  4.159  4.135  4.094  3.892  3.871  4.190  3.932  3.802  3.951  3.829  3.829  3.829  3.802  3.850  4.103  4.043  4.040  3.995  3.850  3.738  3.761  3.932  3.761  3.829
4.949  4.680  4.727  4.934  4.949  4.961  4.541  4.831  4.852  4.868  4.927  4.963  4.990  4.915  5.153  4.736  4.615  4.916  4.860  4.812  4.736  4.700  4.819  4.875  4.663  4.727  4.703  4.913  4.315  4.635  4.721  4.489  4.721  4.663  4.673  4.787  4.816  5.007  4.860  4.890  4.489  4.868
3.989  4.143  4.043  4.094  4.031  4.025  3.912  4.025  3.951  4.091  4.004  4.190  4.205  4.040  4.234  3.970  4.043  4.108  4.060  4.060  4.174  4.025  4.040  4.040  3.989  3.850  3.829  4.004  3.676  3.829  3.932  3.928  3.989  3.947  4.040  3.951  4.007  3.970  3.970  4.205  3.970  3.824
5.209  4.890  5.099  4.852  4.890  4.933  4.963  4.951  5.050  5.198  5.081  5.156  5.181  5.043  5.136  5.021  4.871  5.220  5.121  5.075  4.875  4.905  5.055  5.075  4.758  5.037  4.987  5.069  4.745  4.787  5.029  4.800  4.984  5.030  4.812  4.919  4.726  4.970  4.875  5.112  4.754  5.017
4.413  4.295  4.277  4.174  4.373  4.140  4.220  4.248  4.394  4.413  4.394  4.277  4.394  4.503  4.483  4.094  4.179  4.290  4.369  4.500  4.277  4.344  4.205  4.190  4.256  4.127  4.159  4.111  3.871  4.231  4.231  4.151  4.274  4.246  4.246  4.190  4.086  4.234  4.091  4.190  4.301  4.227
