4.745  4.642  4.663  4.691  4.758  4.754  4.727  4.454  4.717  4.796  4.392  4.644  4.700  4.564  4.691  4.635  4.554  4.721  4.718  4.644  4.820  4.700  4.718  4.883  4.635  4.460  4.533  4.458  4.248  4.543  4.475  4.595  4.559  4.615  4.369  4.723  4.500  4.663  4.615  4.605  4.625  4.317
4.796  4.585  4.745  4.710  4.673  4.779  4.828  4.635  4.812  4.804  4.440  4.644  4.836  4.663  4.685  4.625  4.654  4.628  4.745  4.836  4.942  4.718  4.585  4.844  4.511  4.682  4.682  4.525  4.431  4.533  4.477  4.796  4.663  4.530  4.500  4.625  4.741  4.644  4.575  4.533  4.464  4.407
4.419  4.143  4.205  4.060  4.290  4.148  4.159  4.331  4.431  4.477  4.419  4.454  4.475  4.392  4.511  4.304  4.060  4.290  4.425  4.344  4.174  4.052  4.159  4.174  4.135  4.127  4.248  4.043  3.951  4.143  4.069  3.970  4.407  4.234  4.205  4.260  4.248  4.331  4.111  4.004  4.277  4.392
3.512  3.611  3.497  3.684  3.597  3.658  3.584  3.578  3.689  3.689  3.490  3.497  3.605  3.497  3.733  3.555  3.584  3.611  3.555  3.714  3.555  3.550  3.611  3.611  3.611  3.584  3.555  3.497  3.490  3.497  3.497  3.738  3.664  3.520  3.555  3.526  3.367  3.490  3.611  3.605  3.434  3.611
4.443  4.315  4.489  4.227  4.489  4.425  4.533  4.369  4.605  4.477  4.454  4.489  4.570  4.357  4.500  4.407  4.380  4.253  4.583  4.407  4.295  4.217  4.489  4.443  4.407  4.328  4.443  4.217  4.091  4.290  4.220  4.277  4.458  4.382  4.431  4.159  4.159  4.331  4.171  4.454  4.331  4.522
4.443  4.554  4.543  4.559  4.407  4.205  4.595  4.477  4.477  4.642  4.419  4.522  4.708  4.404  4.682  4.466  4.382  4.317  4.454  4.357  4.623  4.489  4.466  4.500  4.466  4.477  4.394  4.241  4.143  4.094  4.419  4.248  4.337  4.407  4.344  4.407  4.304  4.234  4.277  4.367  4.205  4.413
5.313  5.136  5.298  5.088  5.236  5.324  5.306  5.347  5.375  5.501  5.357  5.489  5.387  5.197  5.300  5.085  4.956  5.280  5.460  5.094  5.142  5.074  5.100  5.061  5.152  5.268  5.283  5.172  4.816  5.011  5.112  4.883  5.112  5.252  5.243  5.204  5.170  5.176  5.055  5.088  4.893  5.293
4.143  3.912  4.025  3.989  3.970  3.912  4.031  4.043  4.454  4.220  4.143  4.304  4.263  4.111  4.317  3.970  3.951  4.094  4.304  4.143  4.174  4.016  4.078  4.156  4.078  3.951  4.007  3.664  3.689  3.882  4.043  3.871  4.007  3.918  3.871  4.004  4.025  3.932  3.738  3.829  3.970  3.912
4.443  4.025  4.315  4.060  4.344  4.331  4.248  4.443  4.500  4.710  4.416  4.543  4.486  4.500  4.564  4.304  4.094  4.205  4.431  4.253  4.369  4.043  3.995  4.234  4.156  4.016  4.060  4.234  3.714  3.947  4.127  3.932  4.304  4.159  4.060  4.234  4.007  4.248  4.290  4.103  3.989  4.304
3.401  3.434  3.584  3.526  3.401  3.434  3.578  3.638  3.638  3.466  3.401  3.638  3.709  3.605  3.664  3.632  3.466  3.401  3.555  3.611  3.714  3.555  3.745  3.780  3.395  3.520  3.466  3.497  3.526  3.434  3.401  3.434  3.632  3.401  3.459  3.584  3.497  3.466  3.434  3.497  3.497  3.434
4.575  4.533  4.654  4.431  4.554  4.727  4.464  4.615  4.575  4.489  4.350  4.522  4.726  4.691  4.690  4.382  4.486  4.434  4.714  4.595  4.663  4.489  4.771  4.543  4.511  4.443  4.554  4.635  4.466  4.533  4.522  4.533  4.460  4.552  4.554  4.718  4.673  4.419  4.190  4.398  4.431  4.554
3.892  3.928  3.871  3.784  3.829  3.807  3.714  3.922  3.970  3.892  3.564  3.970  4.007  4.025  3.951  3.784  3.807  3.850  3.928  3.850  3.932  3.871  3.912  3.951  3.784  3.784  3.689  3.802  3.824  3.922  3.664  3.807  3.824  3.928  3.892  3.932  3.892  3.638  3.555  3.689  3.761  3.807
4.151  4.074  4.078  4.143  4.248  4.143  4.263  4.248  4.212  4.234  4.078  4.290  4.407  4.317  4.376  4.304  4.202  4.246  4.256  4.234  4.205  4.171  4.217  4.277  4.060  4.127  4.007  4.111  4.013  3.970  4.143  3.970  4.234  4.174  4.069  4.143  4.248  4.205  4.043  4.205  4.078  4.094
3.611  3.584  3.658  3.584  3.638  3.584  3.526  3.497  3.632  3.761  3.738  3.664  3.584  3.664  3.951  3.632  3.611  3.611  3.714  3.957  3.684  3.818  3.689  3.761  3.658  3.611  3.714  3.584  3.555  3.638  3.761  3.638  3.611  3.555  3.550  3.520  3.584  3.584  3.611  3.526  3.550  3.658
3.892  3.951  3.761  3.714  4.025  4.190  3.714  3.850  3.829  3.550  3.871  3.867  4.205  4.060  4.205  3.689  3.584  3.932  3.807  4.007  3.942  3.871  3.829  3.892  3.526  3.490  3.784  3.466  3.459  3.526  3.714  3.584  3.434  3.664  3.689  3.761  3.912  3.611  3.526  3.807  3.611  3.611
3.367  3.526  3.434  3.367  3.332  3.434  3.296  3.367  3.367  3.434  3.219  3.466  3.466  3.434  3.664  3.497  3.466  3.401  3.526  3.611  3.526  3.401  3.497  3.506  3.401  3.512  3.401  3.401  3.401  3.526  3.314  3.395  3.434  3.332  3.332  3.490  3.332  3.367  3.296  3.367  3.296  3.450
4.673  4.644  4.511  4.605  4.564  4.554  4.625  4.682  4.595  4.625  4.752  4.522  4.583  4.625  4.748  4.452  4.437  4.613  4.727  4.860  4.585  4.554  4.654  4.511  4.477  4.357  4.428  4.564  4.311  4.466  4.500  4.449  4.373  4.700  4.685  4.466  4.419  4.500  4.425  4.625  4.449  4.644
3.989  4.043  4.522  4.248  4.094  4.416  4.091  4.260  4.205  4.369  4.197  4.277  4.263  4.357  4.466  4.143  4.220  4.190  4.600  4.234  4.127  4.190  4.143  4.575  4.190  4.040  4.043  3.871  4.007  4.304  3.912  4.227  4.511  4.263  4.376  4.143  4.040  3.951  3.951  4.304  4.443  3.912
5.670  5.529  5.523  5.592  5.576  5.545  5.483  5.493  5.375  5.704  5.565  5.663  5.676  5.647  5.645  5.543  5.481  5.485  5.631  5.687  5.490  5.412  5.529  5.493  5.451  5.525  5.545  5.427  5.347  5.367  5.434  5.380  5.493  5.545  5.412  5.591  5.438  5.541  5.576  5.591  5.476  5.436
4.745  4.644  4.562  4.543  4.625  4.431  4.419  4.217  4.635  4.443  4.554  4.357  4.460  4.419  4.605  4.392  4.331  4.489  4.466  4.585  4.677  4.369  4.344  4.673  4.373  4.190  4.605  4.494  4.248  4.288  4.357  4.156  4.382  4.481  4.625  4.263  4.159  4.357  4.595  4.380  4.205  4.297
4.248  4.078  4.094  4.231  4.205  4.331  4.248  4.220  4.159  4.174  4.205  4.220  4.357  4.413  4.357  4.091  4.094  4.174  4.428  4.344  4.328  4.277  4.148  4.194  4.127  3.970  4.060  4.078  4.078  4.043  4.025  4.099  4.124  4.190  4.156  4.078  3.970  4.190  4.052  4.060  4.060  4.078
4.256  3.784  4.159  4.234  4.127  4.304  4.007  4.094  4.182  4.256  4.159  4.159  4.369  4.171  4.407  4.124  4.094  4.274  4.394  4.234  4.205  4.094  4.094  4.174  3.932  3.871  4.025  4.007  3.761  3.989  4.025  4.060  4.143  4.220  4.043  4.140  4.159  4.187  4.004  4.263  4.007  4.094
