4.078  4.111  4.066  3.807  3.850  3.932  3.989  4.025  4.007  4.124  4.143  4.025  4.407  4.263  4.331  4.205  3.829  3.951  4.127  4.256  4.094  3.970  4.143  4.074  4.124  3.985  3.802  4.007  3.807  3.824  3.980  4.025  4.060  4.040  4.043  3.989  3.912  3.932  3.908  3.902  3.850  4.007
3.714  3.738  3.912  3.892  3.802  3.555  3.780  4.007  3.784  3.807  3.829  3.850  4.043  4.094  4.091  3.738  3.761  3.757  3.807  4.007  4.060  3.784  3.761  3.684  3.912  3.761  3.714  3.761  3.689  3.584  3.619  3.738  3.784  3.846  3.761  3.733  3.664  3.807  3.584  3.526  3.761  3.738
4.263  4.174  4.357  4.288  4.127  4.290  4.290  4.190  4.078  4.281  4.220  4.108  4.437  4.317  4.533  4.220  4.156  4.260  4.234  4.159  4.392  4.231  4.288  4.357  4.094  4.111  4.060  4.069  3.932  4.060  4.007  4.043  4.331  4.231  4.103  4.111  4.151  4.031  4.043  4.025  3.892  4.787
4.700  4.625  4.595  4.603  4.682  4.691  4.489  4.762  4.771  4.363  4.419  4.074  4.840  4.727  4.718  4.635  4.452  4.726  4.644  4.736  4.730  4.671  4.492  4.796  4.443  4.595  4.190  4.382  4.248  4.354  4.344  4.382  4.557  4.585  4.522  4.454  4.525  4.363  4.344  4.552  4.500  4.754
4.977  4.756  4.836  4.913  4.844  4.847  4.860  4.812  4.691  5.075  4.898  5.050  4.956  4.934  4.963  4.736  4.779  4.699  4.890  4.975  4.942  4.905  4.820  4.916  4.644  4.608  4.615  4.522  4.511  4.615  4.700  4.654  4.922  4.804  4.779  4.858  4.671  4.875  4.745  4.710  4.654  4.595
4.057  4.167  4.382  4.357  4.111  3.888  4.248  3.970  4.111  4.376  4.234  4.290  4.143  4.205  4.190  4.111  4.263  4.187  4.159  4.357  4.388  4.127  4.043  4.386  4.190  4.127  4.007  3.784  4.013  4.143  4.004  3.970  4.308  3.989  4.094  4.111  3.951  4.060  4.004  4.007  3.912  3.970
5.063  4.970  5.043  5.017  4.894  4.942  4.984  4.970  4.970  5.077  4.905  5.040  5.050  5.017  5.106  5.017  5.016  5.094  5.056  5.153  5.217  4.990  4.963  5.130  4.883  4.804  4.864  4.828  4.812  4.850  4.898  5.120  4.934  5.056  5.088  4.997  4.883  4.911  4.905  4.835  4.970  4.794
5.442  5.328  5.397  5.375  5.352  5.345  5.257  5.328  5.273  5.529  5.509  5.352  5.425  5.426  5.505  5.394  5.312  5.460  5.389  5.490  5.525  5.366  5.347  5.283  5.204  5.214  5.130  5.339  5.069  5.252  5.328  5.342  5.398  5.298  5.242  5.268  5.159  5.375  5.406  5.333  5.333  5.360
5.583  5.361  5.481  5.394  5.421  5.571  5.352  5.547  5.436  5.623  5.517  5.470  5.602  5.505  5.645  5.472  5.345  5.371  5.561  5.642  5.460  5.358  5.402  5.384  5.310  5.365  5.333  5.357  5.181  5.308  5.278  5.159  5.474  5.375  5.517  5.447  5.384  5.564  5.313  5.328  5.366  5.375
5.063  4.771  4.771  4.905  4.990  4.779  4.796  4.893  4.762  4.864  4.934  4.922  5.075  4.898  4.934  4.828  4.954  4.723  5.004  5.075  4.883  4.875  4.828  4.796  4.595  4.831  4.754  4.745  4.575  4.625  4.691  4.691  4.673  4.858  4.927  4.771  4.727  4.890  4.779  4.736  4.820  4.710
4.304  4.108  4.234  4.190  4.094  4.025  4.111  4.174  4.341  4.369  4.094  4.220  4.227  4.277  4.317  4.127  4.124  4.159  4.205  4.290  4.290  4.190  4.025  4.205  3.951  4.078  4.127  4.004  4.078  4.127  4.277  4.060  4.301  4.159  4.060  4.156  4.078  4.127  4.111  4.057  4.048  4.060
5.389  5.159  5.247  5.254  5.241  5.236  5.333  5.352  5.328  5.476  5.529  5.460  5.539  5.377  5.398  5.342  5.170  5.318  5.185  5.416  5.176  5.153  5.268  5.246  5.094  5.226  5.209  5.293  5.118  5.204  5.273  5.112  5.143  5.293  5.161  5.193  5.257  5.263  5.357  5.313  5.159  5.252
4.369  4.331  4.363  4.304  4.431  4.263  4.304  4.290  4.425  4.489  4.452  4.277  4.564  4.454  4.541  4.220  4.369  4.373  4.595  4.533  4.710  4.464  4.466  4.489  4.060  4.357  4.419  4.328  4.202  4.321  4.369  4.248  4.274  4.284  4.277  4.454  4.231  4.263  4.248  4.317  4.290  4.263
4.419  4.190  4.256  4.317  4.248  4.190  4.111  4.094  4.159  4.357  4.078  4.270  4.533  4.407  4.615  4.263  4.094  4.290  4.369  4.357  4.477  4.231  4.472  4.382  4.078  4.220  4.231  4.234  4.078  4.111  4.220  4.317  4.220  4.171  4.220  4.277  4.159  4.205  4.156  4.241  4.143  4.234
4.357  4.209  4.500  4.369  4.369  4.301  4.419  4.344  4.234  4.431  4.317  4.382  4.431  4.394  4.466  4.369  4.248  4.350  4.331  4.394  4.419  4.404  4.357  4.331  4.281  4.205  4.174  4.124  3.951  4.202  4.159  4.248  4.315  4.304  4.419  4.277  4.190  4.234  4.159  4.288  4.127  4.220
3.912  3.829  4.132  4.174  3.892  3.985  3.829  4.007  4.007  4.078  3.818  3.932  4.069  3.985  4.190  3.738  3.861  4.094  3.922  4.031  4.143  3.932  3.850  4.043  3.829  3.912  3.784  3.867  3.871  3.877  3.761  3.738  4.094  3.757  3.807  3.784  3.684  3.951  3.664  4.013  3.738  3.829
4.440  4.575  4.419  4.605  4.454  4.466  4.331  4.477  4.489  4.575  4.431  4.443  4.590  4.554  4.718  4.514  4.443  4.382  4.644  4.483  4.564  4.446  4.477  4.500  4.407  4.373  4.357  4.344  3.970  4.143  4.304  4.500  4.443  4.311  4.392  4.317  4.253  4.382  4.419  4.443  4.369  4.369
4.187  4.182  4.094  4.159  4.025  4.116  3.871  4.119  4.143  4.277  3.912  4.419  4.238  4.202  4.277  4.007  4.060  3.951  4.094  4.205  4.205  4.297  4.043  4.127  4.060  3.947  4.007  3.912  3.784  3.932  3.829  4.078  4.111  4.043  4.060  4.111  3.813  3.970  4.057  3.961  4.074  4.043
5.338  5.208  5.187  5.282  5.333  5.323  5.268  5.262  5.165  5.409  5.352  5.346  5.513  5.298  5.389  5.242  5.231  5.220  5.403  5.425  5.361  5.298  5.305  5.372  5.108  5.036  5.198  5.106  5.024  4.984  5.075  5.043  5.153  5.222  5.268  5.252  5.142  5.306  5.187  5.230  4.997  5.215
5.620  5.442  5.557  5.720  5.549  5.537  5.421  5.549  5.497  5.662  5.663  5.609  5.762  5.517  5.691  5.480  5.476  5.507  5.727  5.710  5.659  5.583  5.549  5.620  5.476  5.457  5.375  5.434  5.165  5.288  5.333  5.342  5.572  5.602  5.492  5.545  5.407  5.542  5.620  5.427  5.468  5.517
4.977  4.875  4.984  5.075  5.100  5.075  4.860  4.963  5.030  4.909  4.984  5.016  5.106  4.970  5.130  4.875  4.890  4.949  5.094  5.215  5.094  5.017  5.011  4.956  5.050  4.920  4.866  4.913  4.786  4.752  4.827  4.804  5.142  5.011  4.890  4.860  4.844  5.027  4.937  4.875  4.860  5.034
4.937  4.538  4.828  4.828  4.752  4.708  4.710  4.736  4.804  4.708  4.808  4.794  4.844  4.710  4.844  4.654  4.644  4.820  4.804  4.949  4.875  4.682  4.710  4.779  4.615  4.575  4.625  4.615  4.416  4.466  4.477  4.585  4.745  4.682  4.605  4.779  4.489  4.752  4.691  4.613  4.625  4.710
