5.468  5.139  5.308  5.209  5.288  5.273  5.204  5.130  5.252  5.389  5.303  5.421  5.412  5.312  5.347  5.268  4.977  5.263  5.094  5.267  5.301  5.075  5.209  5.209  5.133  5.061  4.879  4.934  4.847  5.024  5.140  4.970  5.182  5.211  5.100  5.142  5.170  5.165  5.257  5.236  4.977  5.242
4.394  4.143  4.078  4.197  4.111  4.220  4.431  4.127  4.263  4.394  4.357  4.344  4.407  4.380  4.290  4.274  4.025  4.331  4.094  4.328  4.234  4.290  4.066  4.277  4.220  4.007  3.850  3.892  3.829  4.094  4.171  4.025  4.078  4.248  4.159  4.025  4.197  4.167  4.094  4.277  4.025  4.190
4.736  4.710  4.691  4.745  4.970  4.913  4.836  4.836  4.890  5.088  4.942  4.956  5.162  5.105  5.106  5.017  4.792  5.043  5.056  4.934  4.963  4.847  4.836  4.828  4.847  4.898  4.762  4.777  4.736  4.543  4.779  4.779  4.736  4.874  4.754  4.835  4.890  4.710  4.844  4.828  4.511  4.696
4.663  4.431  4.419  4.533  4.554  4.522  4.700  4.533  4.662  4.623  4.745  4.718  4.963  4.970  5.027  4.554  4.533  4.745  4.820  4.779  4.860  4.557  4.635  4.771  4.605  4.615  4.511  4.595  4.452  4.511  4.605  4.489  4.454  4.520  4.562  4.575  4.533  4.533  4.533  4.489  4.350  4.520
6.107  5.597  5.962  5.970  6.001  5.969  5.900  6.035  6.047  6.269  5.989  6.021  6.042  5.873  5.993  5.804  5.702  5.886  6.236  5.976  5.778  5.753  5.728  5.677  5.805  5.948  5.781  5.826  5.429  5.670  5.677  5.704  5.919  5.971  5.943  5.887  5.846  5.974  5.841  5.865  5.822  5.991
6.805  6.560  6.677  6.620  6.668  6.751  6.821  6.721  6.822  6.996  6.836  6.811  6.810  6.711  6.813  6.686  6.623  6.695  6.906  6.707  6.714  6.677  6.667  6.676  6.668  6.683  6.633  6.550  6.361  6.623  6.588  6.485  6.612  6.741  6.808  6.676  6.654  6.657  6.659  6.548  6.568  6.668
6.064  5.796  5.966  5.881  5.985  5.889  5.894  5.971  5.894  6.131  6.026  6.075  6.107  5.927  6.038  5.805  5.733  5.899  5.953  5.972  5.898  5.776  5.775  5.746  5.756  5.710  5.768  5.781  5.642  5.675  5.765  5.746  5.781  5.823  5.855  5.832  5.833  5.889  5.892  5.841  5.740  5.846
6.373  6.142  6.290  6.378  6.375  6.334  6.293  6.303  6.246  6.455  6.261  6.412  6.418  6.238  6.431  6.161  6.107  6.254  6.358  6.322  6.295  6.198  6.174  6.157  6.075  6.155  6.199  6.201  6.116  6.101  6.182  6.178  6.277  6.190  6.276  6.246  6.222  6.229  6.174  6.148  6.205  6.252
4.522  4.440  4.613  4.331  4.615  4.466  4.376  4.564  4.605  4.369  4.386  4.615  4.663  4.498  4.522  4.443  4.290  4.564  4.668  4.543  4.654  4.419  4.494  4.644  4.466  4.443  4.394  4.452  4.111  4.469  4.443  4.344  4.477  4.344  4.407  4.514  4.443  4.464  4.277  4.585  4.380  4.454
3.932  3.784  4.022  3.807  4.078  4.007  4.004  4.060  4.091  3.780  3.605  4.043  4.159  3.871  4.078  3.892  3.761  3.912  4.159  4.007  4.025  4.078  4.007  4.043  3.932  4.007  3.829  3.714  3.664  4.069  3.871  3.888  3.829  3.932  3.951  3.947  3.912  3.807  3.829  3.829  3.829  3.912
5.451  5.236  5.288  5.308  5.308  5.361  5.249  5.226  5.412  5.541  5.455  5.347  5.609  5.357  5.497  5.273  5.244  5.295  5.407  5.366  5.438  5.185  5.312  5.328  5.187  5.193  5.230  5.133  5.127  5.136  5.209  5.226  5.254  5.416  5.460  5.308  5.382  5.204  5.182  5.187  5.127  5.159
5.759  5.591  5.697  5.697  5.684  5.557  5.670  5.620  5.638  5.677  5.620  5.724  5.710  5.642  5.859  5.598  5.623  5.547  5.697  5.727  5.723  5.668  5.497  5.695  5.493  5.602  5.431  5.496  5.235  5.352  5.501  5.517  5.531  5.565  5.649  5.631  5.580  5.663  5.533  5.463  5.513  5.447
5.468  5.176  5.170  5.215  5.357  5.235  5.170  5.204  5.030  5.356  5.218  5.307  5.357  5.398  5.338  5.198  5.063  5.153  5.364  5.352  5.215  5.153  5.142  5.226  5.204  5.024  5.099  5.257  4.913  4.883  5.086  5.100  5.215  5.246  5.146  5.066  4.989  5.308  5.257  5.164  4.963  5.120
4.500  4.771  4.543  4.477  4.331  4.554  4.431  4.466  4.437  4.533  4.625  4.522  4.691  4.644  4.771  4.564  4.625  4.663  4.549  4.543  4.802  4.466  4.625  4.525  4.357  4.344  4.401  4.564  4.284  4.357  4.554  4.367  4.394  4.509  4.357  4.477  4.331  4.454  4.710  4.425  4.357  4.357
4.663  4.533  4.543  4.700  4.466  4.644  4.533  4.615  4.633  4.762  4.533  4.511  4.654  4.760  4.700  4.595  4.533  4.668  4.700  4.700  4.673  4.663  4.635  4.625  4.500  4.662  4.585  4.511  4.344  4.437  4.454  4.419  4.562  4.625  4.644  4.628  4.428  4.500  4.575  4.477  4.489  4.533
4.718  4.615  4.530  4.394  4.533  4.552  4.477  4.610  4.554  4.762  4.489  4.710  4.644  4.741  4.673  4.570  4.585  4.595  4.500  4.615  4.710  4.700  4.635  4.736  4.407  4.407  4.575  4.382  4.277  4.246  4.543  4.401  4.585  4.522  4.431  4.642  4.315  4.443  4.554  4.419  4.331  4.394
5.075  4.883  5.063  5.226  5.204  5.017  4.804  5.024  4.933  5.112  4.949  5.094  5.222  5.075  5.132  4.934  4.820  5.118  5.252  5.176  5.136  4.927  4.927  5.017  4.894  4.924  4.977  4.860  4.718  4.710  4.944  4.835  5.165  4.942  5.050  4.996  4.890  5.100  5.037  4.940  4.945  5.147
5.247  4.984  5.182  5.267  5.118  5.220  5.021  5.029  5.077  5.187  5.112  5.170  5.212  5.011  5.211  4.977  5.053  4.961  5.204  5.288  5.226  5.011  5.088  5.088  4.938  5.102  4.990  4.836  4.875  4.937  4.844  4.977  5.138  5.017  5.081  5.147  4.940  5.198  5.152  5.072  4.977  5.063
5.011  4.940  4.963  5.081  4.997  5.036  4.890  4.997  4.852  5.011  5.030  5.017  5.043  5.050  5.176  4.852  4.904  5.088  5.063  5.124  5.099  4.927  4.990  5.050  4.726  4.875  4.942  4.779  4.727  4.787  4.894  4.812  5.024  4.898  4.879  4.963  4.961  4.920  4.890  4.990  4.771  4.883
5.727  5.635  5.613  5.697  5.631  5.720  5.589  5.626  5.519  5.743  5.690  5.642  5.706  5.730  5.754  5.489  5.544  5.742  5.724  5.829  5.677  5.553  5.677  5.680  5.462  5.553  5.464  5.455  5.361  5.388  5.547  5.513  5.637  5.580  5.537  5.625  5.432  5.628  5.656  5.505  5.587  5.535
4.708  4.533  4.771  4.644  4.754  4.588  4.525  4.635  4.673  4.615  4.536  4.710  4.775  4.736  4.860  4.494  4.610  4.773  4.852  4.615  4.640  4.533  4.635  4.533  4.595  4.642  4.575  4.590  4.367  4.533  4.466  4.431  4.745  4.620  4.644  4.538  4.620  4.682  4.700  4.585  4.543  4.595
4.357  4.159  4.290  4.091  4.290  4.124  4.057  4.187  4.140  4.234  4.197  4.277  4.407  4.382  4.538  4.111  4.148  4.392  4.367  4.361  4.174  4.248  4.234  4.205  4.174  4.167  4.043  3.970  3.951  4.043  4.094  4.111  4.127  4.234  4.331  4.224  4.159  4.331  4.234  4.263  4.043  4.311
