5.944  5.861  5.936  5.804  5.919  6.032  6.016  5.962  6.011  6.031  5.927  6.050  6.114  5.938  6.004  5.956  5.771  5.996  6.065  5.935  6.019  6.002  5.900  5.924  5.951  5.958  5.886  5.820  5.793  5.877  5.812  5.787  5.896  6.023  6.017  5.939  6.019  5.878  5.793  5.948  5.835  5.960
5.117  5.136  4.929  4.898  4.871  4.980  5.130  4.828  5.142  5.193  4.956  5.100  5.094  5.147  5.187  4.970  4.975  4.977  5.088  5.017  5.242  5.136  5.017  5.069  4.966  5.017  4.997  4.615  4.848  4.752  4.954  4.691  4.868  4.977  5.013  4.858  5.004  4.779  4.787  4.852  4.844  4.977
6.252  6.059  6.308  6.124  6.302  6.310  6.251  6.250  6.305  6.354  6.249  6.405  6.489  6.279  6.350  6.250  5.994  6.254  6.340  6.225  6.307  6.144  6.148  6.107  6.186  6.198  6.039  6.118  5.908  6.054  6.091  6.073  6.146  6.210  6.161  6.119  6.227  6.232  6.054  6.168  6.104  6.244
5.187  5.136  5.075  5.120  5.156  5.153  5.004  4.963  5.091  5.106  4.920  5.026  4.984  5.106  5.075  4.852  4.745  4.898  5.063  4.992  4.990  4.927  4.890  4.893  4.787  4.913  4.843  4.786  4.522  4.682  4.890  4.840  4.754  4.890  4.779  4.890  4.997  4.913  4.860  4.860  4.893  4.787
5.823  5.529  5.549  5.580  5.700  5.573  5.472  5.565  5.583  5.694  5.710  5.697  5.717  5.595  5.716  5.517  5.246  5.672  5.631  5.517  5.476  5.451  5.497  5.442  5.407  5.489  5.421  5.598  5.231  5.259  5.568  5.236  5.371  5.553  5.442  5.489  5.398  5.652  5.707  5.663  5.288  5.513
5.130  4.929  4.913  4.812  4.963  4.927  4.898  4.883  4.868  5.088  5.204  5.209  5.043  5.030  5.088  4.852  4.749  5.043  4.956  4.762  4.779  4.942  4.920  5.004  4.663  4.812  4.727  4.839  4.585  4.673  4.916  4.635  4.690  4.966  4.804  4.777  4.875  4.727  4.875  4.819  4.736  4.850
6.122  5.801  5.919  5.914  5.966  6.094  5.994  6.040  6.052  6.154  6.087  6.052  6.226  6.124  6.207  5.958  5.916  6.064  6.122  5.899  5.943  5.820  5.994  5.984  5.870  6.016  5.986  6.103  5.991  5.988  5.972  5.784  5.919  6.105  5.927  6.004  6.016  6.019  6.052  6.050  5.841  6.078
5.681  5.434  5.513  5.537  5.670  5.587  5.439  5.527  5.659  5.852  5.668  5.724  5.768  5.740  5.657  5.560  5.487  5.586  5.670  5.617  5.472  5.384  5.499  5.476  5.371  5.449  5.577  5.517  5.403  5.371  5.455  5.407  5.592  5.554  5.553  5.517  5.620  5.572  5.537  5.452  5.537  5.583
4.977  4.956  4.752  4.820  4.868  4.997  5.069  4.898  4.922  5.074  5.130  5.140  5.252  5.176  5.429  5.024  4.920  4.820  4.980  4.970  4.963  4.896  4.949  5.011  4.820  4.984  4.968  4.820  4.820  4.890  5.001  4.804  4.654  4.893  4.898  4.915  4.970  4.862  4.782  4.949  4.710  4.942
4.828  4.942  4.913  4.885  4.804  4.875  5.001  4.836  4.966  5.030  4.905  5.029  4.984  4.852  5.027  4.771  4.848  4.934  4.984  4.949  5.050  4.852  4.828  4.893  4.812  4.790  4.779  4.717  4.700  4.843  4.816  4.804  4.824  4.956  4.875  4.927  4.717  4.839  4.691  4.745  4.775  4.858
6.582  6.535  6.498  6.455  6.566  6.683  6.525  6.370  6.550  6.605  6.589  6.649  6.731  6.720  6.767  6.564  6.335  6.632  6.585  6.404  6.445  6.513  6.571  6.560  6.384  6.375  6.442  6.360  6.097  6.285  6.497  6.250  6.144  6.398  6.394  6.314  6.589  6.496  6.474  6.585  6.244  6.449
4.736  4.847  4.836  4.787  4.786  4.963  4.758  4.893  4.832  4.996  4.905  4.883  5.043  5.036  5.071  4.864  4.710  4.714  4.812  4.890  4.999  4.963  4.920  5.001  4.575  4.567  4.736  4.475  4.500  4.419  4.812  4.727  4.585  4.700  4.718  4.710  4.804  4.887  4.812  4.708  4.625  4.615
5.263  5.147  4.949  5.086  5.182  5.198  5.106  5.204  5.124  5.318  5.182  5.318  5.273  5.218  5.357  5.204  5.118  5.198  5.147  5.112  5.187  5.011  5.063  5.056  5.017  5.112  4.949  4.982  4.836  4.700  5.130  4.990  5.043  5.100  5.142  5.063  5.124  5.100  5.085  5.142  4.860  5.100
4.828  4.736  4.673  4.745  4.673  4.677  4.745  4.796  4.727  4.881  4.796  4.844  4.852  4.913  5.017  4.552  4.654  4.605  4.890  4.835  4.771  4.682  4.727  4.777  4.590  4.673  4.673  4.554  4.511  4.331  4.745  4.613  4.625  4.727  4.570  4.760  4.718  4.771  4.762  4.682  4.543  4.620
6.313  6.157  6.146  6.016  6.337  6.332  6.299  6.301  6.389  6.368  6.336  6.392  6.397  6.335  6.449  6.211  6.059  6.344  6.338  6.199  6.232  6.174  6.234  6.219  6.170  6.209  6.220  6.209  5.964  5.969  6.148  6.098  6.168  6.215  6.144  6.215  6.216  6.252  6.190  6.244  5.960  6.124
5.283  5.293  5.312  5.049  5.352  5.489  5.361  5.204  5.313  5.402  5.497  5.333  5.553  5.379  5.613  5.352  5.159  5.231  5.484  5.298  5.342  5.485  5.438  5.468  5.347  5.421  5.211  5.257  5.136  5.078  5.333  5.342  5.147  5.307  5.345  5.455  5.352  5.465  5.356  5.236  5.130  5.333
5.198  4.798  5.170  5.193  5.142  5.322  4.963  5.226  5.106  5.303  4.963  5.220  5.198  5.030  5.306  5.004  4.836  5.230  5.200  5.273  4.997  4.956  4.968  4.966  5.173  5.182  4.860  5.030  4.769  5.030  4.940  4.920  5.106  5.056  5.165  5.150  5.011  5.236  5.037  5.032  4.990  5.168
5.687  5.438  5.759  5.753  5.730  5.756  5.645  5.787  5.735  5.846  5.771  5.778  5.749  5.711  5.745  5.645  5.663  5.740  5.830  5.724  5.685  5.710  5.594  5.654  5.883  5.943  5.775  5.579  5.472  5.493  5.493  5.481  5.649  5.717  5.730  5.694  5.591  5.684  5.603  5.629  5.635  5.680
5.513  5.252  5.638  5.447  5.505  5.398  5.223  5.464  5.338  5.513  5.521  5.407  5.497  5.417  5.493  5.434  5.231  5.501  5.438  5.481  5.447  5.226  5.357  5.407  5.262  5.347  5.220  5.434  5.094  5.220  5.318  5.218  5.375  5.366  5.436  5.323  5.170  5.533  5.298  5.421  5.209  5.375
6.173  5.782  6.052  5.984  6.144  6.033  5.948  6.057  6.047  6.156  6.034  6.006  6.136  5.999  6.105  6.000  5.955  6.118  6.035  6.114  5.924  5.924  5.903  6.098  5.814  5.808  5.892  5.971  5.679  5.900  5.835  5.875  5.956  5.999  5.906  6.045  5.886  6.026  6.035  6.004  5.916  5.964
5.115  5.069  5.069  5.176  5.207  5.217  5.187  5.068  5.124  5.247  5.220  5.193  5.244  5.236  5.283  5.142  4.924  5.288  5.169  5.165  5.049  4.968  5.220  5.231  5.004  5.069  5.034  5.159  4.970  5.056  5.069  4.920  4.984  5.112  5.075  5.075  5.040  5.176  5.124  5.303  4.963  4.949
4.025  4.132  4.156  4.304  4.234  4.043  4.078  4.043  4.132  4.043  4.174  4.108  4.263  4.369  4.284  4.127  3.989  4.074  4.182  4.248  4.174  4.111  4.159  4.111  3.871  4.156  3.932  4.025  3.892  3.970  4.111  4.004  4.043  3.989  4.111  4.253  4.094  4.007  4.127  4.111  4.007  4.174
