5.513  5.303  5.273  5.153  5.389  5.533  5.337  5.352  5.476  5.645  5.521  5.501  5.598  5.461  5.493  5.412  5.118  5.517  5.328  5.254  5.288  5.017  5.303  5.112  5.147  5.380  5.323  5.351  5.147  5.283  5.233  4.828  5.124  5.251  5.338  5.226  5.303  5.280  5.272  5.306  5.124  5.263
4.304  4.111  4.057  3.951  4.190  4.078  4.167  4.194  4.263  4.357  4.220  4.277  4.357  4.202  4.464  4.248  3.932  4.217  4.263  4.288  4.263  4.078  4.331  4.159  4.060  4.083  4.220  4.060  3.912  3.970  4.034  3.861  4.007  4.174  3.932  4.190  4.205  3.932  4.078  3.951  3.951  3.892
5.207  5.017  5.112  4.968  5.158  5.037  5.030  5.043  5.083  5.159  5.017  5.130  5.252  5.136  5.187  5.032  5.004  5.042  5.193  5.124  5.242  5.088  5.017  5.053  4.796  4.871  4.866  4.771  4.934  4.828  5.037  4.927  4.875  4.990  5.130  4.980  4.984  4.934  4.934  4.927  4.787  5.024
5.112  4.844  5.069  4.977  4.963  5.099  5.017  5.011  5.068  5.088  4.977  5.094  5.176  4.920  5.149  4.890  4.934  4.977  5.165  5.124  5.030  4.890  4.779  5.024  4.920  4.875  4.775  4.852  4.844  4.787  4.760  4.787  5.069  4.934  4.844  4.942  4.836  4.827  4.871  4.949  4.911  4.963
4.690  4.533  4.644  4.489  4.552  4.522  4.600  4.522  4.644  4.762  4.635  4.654  4.796  4.804  4.836  4.585  4.466  4.850  4.700  4.779  4.682  4.585  4.652  4.595  4.522  4.543  4.635  4.690  4.357  4.477  4.625  4.443  4.649  4.505  4.615  4.533  4.615  4.575  4.595  4.663  4.443  4.635
4.662  4.431  4.466  4.466  4.615  4.520  4.575  4.595  4.466  4.583  4.541  4.682  4.820  4.749  4.754  4.533  4.466  4.615  4.595  4.625  4.533  4.615  4.659  4.562  4.500  4.466  4.500  4.511  4.234  4.546  4.489  4.419  4.477  4.413  4.509  4.543  4.369  4.522  4.466  4.357  4.304  4.466
4.509  4.277  4.575  4.344  4.466  4.422  4.344  4.605  4.466  4.564  4.425  4.615  4.543  4.673  4.382  4.248  4.373  4.394  4.500  4.380  4.483  4.277  4.317  4.454  4.267  4.220  4.369  4.357  3.970  4.315  4.394  4.159  4.234  4.290  4.419  4.382  4.060  4.431  4.331  4.369  4.248  4.248
4.111  4.094  4.094  4.174  4.143  4.234  4.202  4.174  4.248  4.337  4.111  4.143  4.277  4.174  4.348  4.263  4.078  4.119  4.111  4.187  4.231  4.025  4.119  4.238  4.007  3.912  4.108  4.060  3.888  4.057  4.025  4.094  4.004  4.159  4.174  4.004  3.912  4.043  3.912  3.892  3.951  4.007
5.252  5.136  5.231  5.147  5.088  5.252  5.147  5.081  5.168  5.472  5.139  5.143  5.278  5.115  5.204  5.152  5.004  5.127  5.323  5.193  5.118  5.024  5.075  5.257  5.052  4.968  5.030  5.083  5.045  5.024  5.106  5.136  5.175  5.182  5.081  4.990  5.109  5.272  5.130  5.053  5.037  5.056
6.114  5.878  5.872  5.953  5.991  5.881  5.788  5.942  5.869  6.096  6.131  5.962  6.033  5.980  5.996  5.844  5.684  5.984  5.841  5.927  5.832  5.793  5.846  5.938  5.680  5.846  5.811  5.874  5.749  5.710  5.920  5.704  5.817  5.697  5.886  5.873  5.785  5.990  6.019  6.027  5.740  5.811
4.682  4.494  4.642  4.644  4.600  4.615  4.710  4.625  4.663  4.779  4.543  4.736  4.736  4.564  4.820  4.690  4.700  4.443  4.691  4.734  4.754  4.511  4.554  4.682  4.644  4.762  4.466  4.585  4.696  4.682  4.554  4.710  4.554  4.718  4.640  4.718  4.745  4.654  4.407  4.475  4.700  4.623
4.197  4.094  4.119  4.025  4.078  4.277  4.174  4.290  4.190  4.256  4.234  4.234  4.382  4.174  4.205  4.078  4.234  3.970  4.344  4.308  4.205  4.159  4.234  4.132  4.078  4.231  4.127  4.111  4.159  4.022  4.127  4.094  4.111  4.143  4.167  4.127  4.094  4.111  4.060  4.060  4.004  4.060
4.190  4.074  4.043  4.127  4.143  4.078  4.074  4.111  4.135  4.190  4.043  4.270  4.174  4.135  4.290  4.127  4.143  4.143  4.094  4.248  4.290  4.078  4.174  4.143  4.078  4.043  4.074  4.135  3.892  4.043  4.007  4.220  4.060  4.043  3.928  4.159  4.143  3.970  3.989  3.970  4.060  4.159
4.248  4.248  4.190  4.317  4.337  4.171  4.007  4.094  4.143  4.078  4.308  4.369  4.331  4.367  4.500  4.111  4.205  4.263  4.466  4.357  4.382  4.304  4.382  4.443  4.220  4.060  4.043  3.989  4.016  4.078  4.159  4.127  4.246  4.143  4.111  4.290  4.108  4.263  4.171  3.932  4.043  4.234
4.205  4.263  4.263  4.394  4.057  4.317  4.234  4.290  5.436  4.220  4.220  4.304  4.290  4.234  4.419  4.043  4.270  4.205  4.263  4.367  4.301  4.404  4.263  4.344  4.231  4.220  4.234  3.989  4.078  4.091  4.187  4.263  4.234  4.190  4.304  4.094  4.190  4.078  4.025  4.069  4.220  4.234
4.290  4.190  4.248  4.344  4.234  4.127  4.357  4.290  4.190  4.324  4.290  4.277  4.369  4.317  4.454  4.094  4.220  4.290  4.304  4.337  4.394  4.143  4.317  4.317  4.074  4.205  4.127  4.174  4.127  4.043  4.111  4.025  4.277  4.315  4.127  4.174  4.127  4.174  4.078  4.238  3.989  4.094
5.677  5.527  5.630  5.624  5.704  5.628  5.447  5.635  5.464  5.666  5.628  5.549  5.663  5.677  5.787  5.434  5.050  5.756  5.566  5.645  5.421  5.303  5.431  5.549  5.442  5.416  5.381  5.406  5.024  5.246  5.447  5.325  5.545  5.405  5.323  5.503  5.342  5.737  5.661  5.649  5.338  5.598
5.298  5.349  5.357  5.509  5.485  5.451  5.215  5.298  5.246  5.416  5.416  5.472  5.505  5.457  5.638  5.236  4.828  5.517  5.388  5.371  5.215  5.207  5.460  5.407  5.220  5.100  5.214  5.063  4.883  5.080  5.333  5.130  5.283  5.209  5.187  5.316  5.100  5.472  5.545  5.342  5.112  5.106
4.773  4.595  4.741  4.765  4.779  4.835  4.633  4.870  4.691  4.860  4.745  4.800  4.934  4.831  4.927  4.765  4.691  4.949  4.954  4.890  5.026  4.635  4.635  4.883  4.625  4.745  4.710  4.635  4.615  4.654  4.605  4.644  4.762  4.671  4.786  4.804  4.710  4.682  4.615  4.718  4.762  4.736
4.477  4.267  4.341  4.341  4.367  4.434  4.277  4.583  4.382  4.500  4.317  4.331  4.533  4.481  4.522  4.260  4.489  4.404  4.644  4.762  4.633  4.304  4.317  4.419  4.263  4.220  4.263  4.174  4.025  4.217  4.263  4.394  4.394  4.331  4.315  4.369  4.190  4.205  4.220  4.324  4.159  4.317
4.771  4.820  4.699  4.762  4.638  4.605  4.625  4.585  4.543  4.804  4.691  4.668  4.852  4.771  4.844  4.575  4.657  4.762  4.762  4.718  4.828  4.718  4.836  4.754  4.654  4.654  4.511  4.564  4.554  4.682  4.608  4.644  4.682  4.727  4.625  4.676  4.714  4.520  4.538  4.585  4.554  4.522
4.909  4.963  4.844  4.927  4.905  4.868  4.663  4.883  4.700  5.040  4.811  4.879  4.970  4.885  4.934  4.796  4.699  4.905  4.804  4.970  4.868  4.856  4.852  5.009  4.745  4.762  4.965  4.860  4.812  4.745  4.762  4.575  4.812  4.893  4.804  4.779  4.690  4.866  4.736  4.949  4.687  4.812
