4.890  4.820  4.883  4.700  4.949  4.875  4.836  4.898  4.956  5.059  4.942  4.938  5.043  4.942  4.913  4.860  4.541  4.862  5.023  4.819  4.710  4.644  4.852  4.745  4.590  4.718  4.736  4.754  4.449  4.654  4.779  4.443  4.580  4.796  4.758  4.812  4.687  4.699  4.836  4.727  4.554  4.920
3.714  3.738  3.784  3.733  3.738  3.632  3.795  3.714  3.807  3.892  3.738  3.867  3.922  4.040  4.060  3.761  3.738  3.795  3.951  3.846  3.807  3.888  3.512  3.780  3.738  3.638  3.584  3.520  3.466  3.689  3.664  3.780  3.709  3.714  3.784  3.526  3.714  3.638  3.638  3.611  3.638  3.526
5.063  5.200  5.088  4.828  5.030  5.037  5.091  5.052  5.100  5.306  5.176  5.303  5.288  5.176  5.203  5.088  4.883  5.193  5.204  5.032  4.984  5.059  5.159  5.030  4.927  4.965  5.080  4.898  4.858  4.890  5.037  4.844  4.741  5.063  4.989  5.124  4.979  5.043  5.017  4.913  4.806  4.904
3.829  3.970  3.784  3.932  3.989  3.714  3.871  3.784  3.947  4.007  3.970  3.998  3.932  3.995  3.995  3.970  3.829  3.689  4.052  3.932  4.007  3.802  3.761  3.932  3.784  3.664  3.807  3.664  3.689  3.664  3.829  3.850  3.611  3.714  3.638  3.784  4.060  3.807  3.632  3.466  3.664  3.784
4.241  4.167  4.025  3.784  4.127  3.947  4.043  4.108  4.094  4.174  3.784  4.197  4.174  4.205  4.205  4.060  3.989  4.007  3.989  3.951  4.111  3.951  4.111  4.013  4.078  3.951  4.060  3.912  3.850  4.052  3.932  4.025  3.961  4.078  4.025  4.220  4.025  4.119  3.932  3.995  3.871  4.083
3.658  3.664  3.611  3.497  3.526  3.658  3.709  3.768  3.807  3.807  3.497  3.761  3.738  3.664  3.733  3.611  3.738  3.497  3.664  3.761  3.892  3.689  3.824  3.738  3.638  3.658  3.638  3.689  3.401  3.497  3.807  3.689  3.684  3.714  3.611  3.555  3.664  3.611  3.611  3.597  3.466  3.550
5.586  5.371  5.303  5.425  5.446  5.553  5.468  5.451  5.375  5.756  5.572  5.572  5.565  5.493  5.496  5.407  5.227  5.511  5.476  5.434  5.358  5.263  5.394  5.438  5.246  5.283  5.293  5.361  5.011  5.215  5.371  5.130  5.293  5.257  5.239  5.257  5.283  5.352  5.312  5.303  5.112  5.352
5.717  5.704  5.597  5.717  5.661  5.680  5.659  5.704  5.663  5.984  5.894  5.878  5.883  5.746  5.872  5.687  5.537  5.784  5.720  5.694  5.700  5.720  5.643  5.733  5.409  5.394  5.482  5.666  5.328  5.386  5.642  5.549  5.551  5.624  5.720  5.641  5.684  5.649  5.754  5.710  5.501  5.635
5.544  5.242  5.384  5.220  5.347  5.464  5.487  5.356  5.497  5.485  5.303  5.505  5.519  5.394  5.493  5.181  5.252  5.380  5.464  5.434  5.549  5.384  5.389  5.360  5.395  5.429  5.333  5.278  5.138  5.292  5.175  5.150  5.257  5.429  5.421  5.370  5.238  5.394  5.231  5.357  5.278  5.342
3.928  3.912  3.932  3.689  3.807  3.989  3.871  3.932  3.892  4.174  3.970  4.159  4.025  3.932  3.976  3.761  3.761  3.846  3.912  4.078  4.078  3.784  3.807  4.043  3.701  3.807  4.043  3.738  3.638  3.807  3.733  3.957  3.738  3.932  3.892  3.664  3.696  3.761  3.738  3.671  3.632  3.664
5.193  4.942  5.143  5.063  5.106  5.136  5.278  5.226  5.316  5.437  5.241  5.440  5.416  5.370  5.366  5.198  5.118  5.187  5.398  5.330  5.323  5.142  5.215  5.118  5.242  5.307  5.182  5.235  5.004  5.139  5.165  5.007  5.257  5.306  5.268  5.283  5.145  5.228  5.198  5.235  5.215  5.242
4.111  4.025  4.234  4.060  4.124  3.912  3.932  4.094  3.970  4.132  4.066  4.205  4.099  4.159  4.025  4.060  3.784  3.912  4.043  4.246  4.143  3.829  3.892  4.143  3.961  3.932  3.892  3.932  3.951  3.867  3.989  4.007  4.007  3.932  3.784  3.892  3.871  3.951  4.007  3.807  3.784  3.807
3.780  3.526  3.592  3.434  3.578  3.555  3.497  3.526  3.555  3.738  3.497  3.611  3.738  3.658  3.738  3.584  3.638  3.611  3.638  3.632  3.611  3.578  3.497  3.555  3.434  3.555  3.490  3.497  3.296  3.520  3.367  3.638  3.611  3.611  3.466  3.555  3.611  3.526  3.632  3.526  3.490  3.611
3.332  3.434  3.395  3.367  3.434  3.296  3.258  3.367  3.466  3.288  3.178  3.332  3.434  3.450  3.584  3.401  3.384  3.135  3.258  3.611  3.466  3.555  3.332  3.434  3.332  3.296  3.434  3.296  3.332  3.332  3.296  3.367  3.401  3.288  3.332  3.367  3.178  3.219  3.307  3.258  3.258  3.360
4.890  4.844  4.860  4.819  4.852  4.771  4.771  4.836  4.802  4.920  5.030  4.828  5.080  4.997  5.036  4.691  4.588  4.866  4.956  4.787  4.804  4.890  4.963  4.852  4.642  4.625  4.736  4.694  4.419  4.613  4.762  4.718  4.699  4.779  4.754  4.754  4.779  4.844  4.883  4.866  4.564  4.754
3.332  3.367  3.497  3.555  3.584  3.497  3.497  3.434  3.434  3.526  3.401  3.638  3.714  3.689  3.871  3.611  3.605  3.520  3.584  3.638  3.714  3.578  3.611  3.784  3.645  3.332  3.434  3.466  3.466  3.497  3.651  3.638  3.611  3.578  3.526  3.466  3.624  3.584  3.526  3.401  3.497  3.526
5.481  5.468  5.468  5.429  5.432  5.561  5.302  5.394  5.420  5.431  5.501  5.433  5.493  5.472  5.491  5.352  5.226  5.501  5.489  5.515  5.523  5.472  5.595  5.754  5.384  5.505  5.429  5.371  5.347  5.437  5.338  5.323  5.440  5.425  5.342  5.407  5.318  5.431  5.371  5.298  5.370  5.384
5.298  5.352  5.384  5.247  5.252  5.389  5.351  5.220  5.421  5.301  5.328  5.451  5.412  5.380  5.451  5.252  5.398  5.434  5.425  5.405  5.594  5.565  5.505  5.707  5.293  5.424  5.341  5.209  5.252  5.389  5.313  5.338  5.226  5.371  5.371  5.375  5.321  5.302  5.252  5.226  5.349  5.136
3.459  3.584  3.526  3.578  3.401  3.466  3.367  3.555  3.497  3.584  3.296  3.611  3.555  3.664  3.738  3.428  3.497  3.466  3.689  3.813  3.550  3.664  3.434  3.395  3.332  3.350  3.555  3.434  3.178  3.434  3.258  3.466  3.401  3.332  3.332  3.367  3.258  3.526  3.325  3.360  3.325  3.367
3.555  3.466  3.550  3.526  3.611  3.526  3.584  3.664  3.401  3.434  3.332  3.497  3.714  3.664  3.773  3.555  3.490  3.664  3.555  3.721  3.490  3.584  3.497  3.689  3.605  3.584  3.638  3.526  3.526  3.459  3.497  3.611  3.466  3.497  3.526  3.526  3.332  3.570  3.288  3.367  3.434  3.584
3.401  3.332  3.434  3.466  3.526  3.611  3.401  3.550  3.434  3.555  3.219  3.434  3.738  3.624  3.638  3.434  3.738  3.466  3.401  3.638  3.490  3.490  3.526  3.434  3.401  3.332  3.434  3.258  3.296  3.367  3.434  3.367  3.526  3.555  3.434  3.520  3.395  3.466  3.367  3.401  3.296  3.434
3.296  3.332  3.258  3.401  3.434  3.258  3.288  3.325  3.367  3.367  3.135  3.401  3.296  3.258  3.401  3.466  3.490  3.135  3.434  3.466  3.450  3.401  3.178  3.367  3.332  3.258  3.219  3.466  3.178  3.135  3.401  3.401  3.367  3.332  3.296  3.258  3.428  3.219  3.332  3.367  3.332  3.211
