5.858  5.580  5.620  5.525  5.642  5.799  5.663  5.572  5.704  5.796  5.765  5.799  5.717  5.743  5.714  5.620  5.256  5.690  5.476  5.569  5.606  5.537  5.637  5.571  5.568  5.365  5.341  5.533  5.342  5.412  5.434  5.206  5.568  5.624  5.491  5.595  5.557  5.509  5.609  5.561  5.390  5.529
4.913  4.625  4.625  4.812  4.682  4.615  4.771  4.710  4.847  4.889  4.736  4.844  4.779  4.745  4.927  4.625  4.522  4.852  4.625  4.811  4.875  4.766  4.662  4.682  4.844  4.489  4.431  4.541  4.595  4.466  4.511  4.533  4.714  4.682  4.673  4.710  4.585  4.615  4.533  4.500  4.533  4.663
3.871  3.733  3.850  3.689  4.190  4.143  3.807  3.932  3.967  4.143  3.829  4.174  4.060  4.094  4.344  3.807  3.970  3.932  4.094  3.932  4.248  3.738  3.784  3.714  3.738  3.871  3.780  3.784  3.466  3.664  3.658  3.738  3.664  3.850  3.829  3.829  3.829  3.761  3.807  3.638  3.784  3.684
3.332  3.332  3.332  3.296  3.367  3.296  3.332  3.526  3.360  3.584  3.332  3.550  3.584  3.497  3.689  3.401  3.428  3.401  3.526  3.638  3.624  3.434  3.367  3.490  3.401  3.378  3.434  3.401  3.178  3.332  3.367  3.367  3.434  3.584  3.401  3.401  3.526  3.434  3.325  3.367  3.497  3.332
4.883  4.564  4.635  4.348  4.927  4.647  4.443  4.796  4.527  4.769  4.673  4.796  4.779  4.644  4.710  4.511  4.369  4.511  4.714  4.454  4.625  4.357  4.431  4.454  4.382  4.382  4.511  4.564  4.124  4.290  4.428  4.290  4.575  4.605  4.443  4.413  4.489  4.472  4.546  4.663  4.290  4.489
3.638  3.611  3.526  3.802  3.611  3.638  3.555  3.638  3.738  3.757  3.466  3.714  3.714  3.733  3.784  3.689  3.664  3.555  3.802  3.882  3.738  3.611  3.555  3.638  3.689  3.367  3.401  3.466  3.497  3.555  3.550  3.689  3.611  3.611  3.367  3.658  3.401  3.555  3.497  3.434  3.638  3.638
4.043  3.932  3.947  3.989  4.143  3.932  3.989  4.094  3.989  4.220  3.839  4.025  4.234  4.167  4.156  3.761  3.850  4.066  4.205  4.094  3.871  3.761  3.892  3.850  3.932  3.784  3.989  3.802  3.689  3.807  3.871  3.714  3.970  3.947  3.850  3.892  3.761  3.932  3.784  3.902  3.761  3.989
3.570  3.526  3.526  3.481  3.434  3.418  3.288  3.550  3.638  3.466  3.296  3.611  3.555  3.434  3.738  3.367  3.434  3.367  3.526  3.738  3.578  3.401  3.360  3.714  3.497  3.526  3.428  3.418  3.526  3.466  3.332  3.497  3.434  3.632  3.434  3.434  3.332  3.296  3.367  3.481  3.288  3.466
3.892  3.664  4.078  3.912  4.060  3.892  3.738  3.892  4.022  4.248  4.007  4.234  4.174  4.025  4.111  3.932  3.871  4.094  3.947  3.850  3.932  3.721  3.714  3.738  3.733  3.584  3.807  3.871  3.757  3.632  3.989  3.714  3.932  4.025  3.989  3.989  3.761  3.784  4.078  3.989  3.867  3.970
3.689  3.526  3.611  3.555  3.434  3.497  3.526  3.611  3.570  3.526  3.296  3.526  3.611  3.555  3.795  3.555  3.638  3.466  3.802  3.795  3.932  3.714  3.466  3.696  3.434  3.466  3.434  3.497  3.434  3.466  3.466  3.611  3.714  3.555  3.466  3.584  3.555  3.555  3.401  3.395  3.597  3.434
6.846  6.689  6.779  6.834  6.888  6.923  6.775  6.802  6.874  6.911  6.807  6.957  6.932  6.818  7.039  6.661  6.460  6.763  6.919  6.723  6.744  6.693  6.671  6.643  6.685  6.623  6.620  6.697  6.423  6.400  6.615  6.625  6.619  6.694  6.668  6.760  6.744  6.935  6.793  6.809  6.534  6.775
5.215  5.226  4.956  5.136  5.159  5.024  5.118  5.036  5.176  5.112  5.094  5.338  5.384  5.264  5.468  4.984  4.984  5.147  5.150  5.024  5.263  5.142  5.230  5.252  4.984  4.875  4.997  4.977  4.727  4.635  4.890  4.836  4.913  5.187  4.963  5.204  5.133  5.063  5.283  5.003  4.779  5.075
3.846  3.664  3.738  3.664  3.784  3.967  3.526  3.784  3.664  3.912  3.738  3.807  3.932  3.892  3.951  3.638  3.638  3.989  3.951  3.932  3.761  3.664  3.829  3.871  3.664  3.611  3.689  3.689  3.401  3.738  3.757  3.714  3.761  3.882  3.526  3.761  3.555  3.714  3.689  3.761  3.555  3.761
3.367  3.526  3.401  3.401  3.434  3.401  3.325  3.434  3.526  3.401  3.401  3.611  3.526  3.555  3.664  3.401  3.434  3.434  3.401  3.829  3.584  3.434  3.466  3.624  3.395  3.367  3.497  3.490  3.497  3.434  3.258  3.555  3.434  3.401  3.526  3.296  3.258  3.459  3.367  3.258  3.434  3.466
5.412  5.106  5.196  5.050  5.236  5.312  5.037  5.193  5.182  5.252  5.371  5.328  5.432  5.379  5.273  5.043  5.030  5.338  5.193  5.318  4.984  4.963  5.220  5.209  5.030  5.278  5.236  5.236  5.030  5.001  5.069  4.942  5.088  5.121  5.056  5.136  5.088  5.268  5.170  5.338  4.970  5.338
4.454  4.386  4.350  4.234  4.398  4.277  4.331  4.407  4.331  4.331  4.357  4.416  4.522  4.595  4.494  4.290  4.234  4.407  4.331  4.382  4.217  4.246  4.331  4.369  4.007  4.394  4.205  4.135  3.892  4.344  4.205  3.871  4.167  4.205  4.060  4.220  4.143  4.091  4.212  4.357  4.111  4.124
6.134  5.823  6.030  6.152  6.052  6.073  5.855  6.109  6.189  6.159  6.061  6.176  6.205  6.054  6.105  5.829  5.883  6.006  6.190  6.174  6.071  5.956  6.009  5.964  6.009  6.080  5.916  5.916  5.687  5.820  5.784  5.861  6.133  6.066  6.009  5.900  5.855  5.823  5.985  5.914  6.011  6.028
4.025  4.025  4.174  4.505  4.443  3.976  4.078  3.951  4.159  4.078  4.263  4.074  4.078  4.159  4.357  3.912  4.043  3.951  3.970  4.543  4.297  4.025  4.234  4.094  4.543  3.807  4.091  4.277  3.928  4.277  4.025  3.989  3.829  4.234  4.190  4.060  3.829  3.867  3.947  3.850  4.290  3.912
4.511  4.007  4.511  4.644  4.466  4.564  4.094  4.522  4.376  4.380  4.205  4.578  4.489  4.357  4.600  4.263  4.091  4.234  4.727  4.696  4.331  4.174  4.111  4.190  4.407  4.382  4.060  4.159  4.022  3.989  4.043  3.995  4.659  4.401  4.260  4.344  4.231  4.382  4.111  4.174  4.263  4.466
3.638  3.550  3.497  3.664  3.638  3.611  3.497  3.497  3.761  3.638  3.296  3.526  3.784  3.867  3.912  3.466  3.676  3.526  3.807  3.824  3.892  3.689  3.466  3.578  3.761  3.714  3.738  3.434  3.520  3.555  3.434  3.892  3.526  3.638  3.784  3.611  3.638  3.526  3.332  3.367  3.466  3.638
3.850  3.714  3.892  3.912  4.111  4.127  3.938  3.892  3.932  4.111  3.714  4.143  4.043  3.761  4.234  3.750  3.773  3.892  4.025  4.043  4.060  3.951  4.007  3.829  3.738  3.871  3.829  4.025  3.829  3.714  3.824  3.714  3.784  3.871  3.970  3.846  3.938  3.892  3.829  3.912  3.995  4.025
3.497  3.459  3.632  3.497  3.367  3.434  3.332  3.526  3.584  3.497  3.219  3.526  3.689  3.497  3.638  3.332  3.497  3.401  3.506  3.738  3.664  3.401  3.497  3.401  3.555  3.638  3.466  3.497  3.401  3.296  3.258  3.466  3.490  3.526  3.434  3.578  3.360  3.526  3.512  3.434  3.219  3.578
