4.363  4.284  4.344  4.205  4.317  4.357  4.328  4.227  4.290  4.190  4.234  4.382  4.460  4.304  4.190  4.241  4.205  4.443  4.277  4.317  4.174  4.016  4.187  4.304  4.127  4.190  4.174  4.174  3.989  4.052  4.248  4.124  4.124  4.274  4.078  4.205  4.124  4.159  4.190  4.290  4.143  4.094
4.234  3.989  4.060  3.951  4.143  4.060  4.074  4.094  4.248  4.043  4.078  3.970  4.205  4.111  4.094  4.234  3.932  4.159  4.043  4.094  4.094  4.043  3.970  3.951  4.007  3.912  4.007  4.078  3.784  4.007  3.761  3.912  3.892  3.850  3.871  3.932  3.961  3.871  3.970  4.025  3.784  4.025
4.369  4.317  4.304  4.277  4.248  4.220  4.331  4.288  4.464  4.277  4.331  4.367  4.361  4.477  4.382  4.263  4.127  4.431  4.454  4.401  4.369  4.241  4.205  4.260  4.159  4.040  4.304  4.281  4.143  4.190  4.212  4.407  4.220  4.078  4.277  4.317  4.248  4.159  4.394  4.108  4.091  4.220
3.989  3.867  4.007  3.892  3.928  3.867  3.882  3.932  3.871  3.871  3.871  3.912  3.998  4.048  4.111  3.780  3.807  3.970  3.714  4.007  3.807  3.761  3.829  3.970  3.850  3.784  3.689  3.807  3.638  3.638  3.829  3.807  3.807  3.850  3.829  3.784  3.714  3.850  3.970  3.714  3.738  3.757
5.173  5.170  5.159  5.278  5.106  5.225  5.361  5.165  5.139  5.215  5.124  5.153  5.298  5.277  5.338  5.252  5.118  5.159  5.366  5.320  5.438  5.162  5.242  5.357  5.150  5.187  5.042  4.947  5.112  5.187  5.209  5.242  5.247  5.193  5.142  5.153  5.112  5.159  5.147  4.883  5.078  5.061
5.697  5.656  5.631  5.617  5.591  5.746  5.714  5.509  5.609  5.635  5.652  5.730  5.690  5.790  5.728  5.645  5.587  5.592  5.783  5.771  5.932  5.835  5.756  5.805  5.564  5.624  5.559  5.594  5.521  5.592  5.595  5.549  5.513  5.572  5.672  5.684  5.697  5.622  5.587  5.418  5.533  5.519
5.481  5.352  5.298  5.318  5.313  5.366  5.273  5.421  5.366  5.384  5.366  5.447  5.423  5.407  5.442  5.293  5.136  5.337  5.303  5.403  5.457  5.346  5.308  5.429  5.142  5.050  5.146  5.242  5.124  5.112  5.342  5.153  5.105  5.265  5.181  5.288  5.238  5.308  5.242  5.097  5.142  5.159
4.575  4.520  4.522  4.443  4.466  4.533  4.564  4.511  4.564  4.673  4.522  4.564  4.605  4.575  4.489  4.401  4.466  4.454  4.552  4.615  4.595  4.394  4.525  4.585  4.407  4.394  4.304  4.220  4.220  4.246  4.290  4.401  4.419  4.367  4.481  4.443  4.407  4.625  4.220  4.220  4.718  4.394
4.419  4.407  4.404  4.404  4.344  4.143  4.673  4.431  4.575  4.710  4.382  4.543  4.543  4.585  4.718  4.595  4.654  4.290  4.466  4.466  4.575  4.585  4.538  4.585  4.618  4.443  4.511  4.394  4.234  4.331  4.407  4.464  4.454  4.431  4.382  4.394  4.431  4.331  4.156  4.324  4.466  4.454
3.898  3.970  3.784  3.892  3.989  3.892  4.007  4.060  3.912  4.043  3.761  3.989  4.099  3.970  4.108  3.871  3.989  3.807  4.025  4.174  4.078  4.078  3.892  4.078  4.060  3.957  3.850  3.611  3.761  3.784  3.892  3.970  3.807  3.947  3.892  3.807  3.784  3.784  3.714  3.877  3.738  3.970
5.056  4.987  5.030  4.883  4.860  4.977  4.997  4.984  4.868  5.003  5.088  5.017  4.990  4.927  5.030  4.890  4.864  4.949  4.949  4.984  5.088  4.992  4.927  5.043  4.765  4.843  4.881  4.673  4.615  4.673  4.787  4.727  4.885  4.828  5.026  4.913  4.828  4.852  4.836  4.765  4.644  4.883
4.394  4.344  4.382  4.382  4.331  4.394  4.425  4.274  4.431  4.357  4.357  4.466  4.369  4.543  4.511  4.331  4.256  4.248  4.466  4.431  4.580  4.392  4.344  4.575  4.277  4.290  4.394  4.159  4.248  4.234  4.190  4.311  4.205  4.357  4.394  4.357  4.234  4.431  4.171  4.174  4.263  4.263
4.394  4.354  4.413  4.174  4.248  4.277  4.159  4.489  4.263  4.297  4.234  4.308  4.530  4.489  4.585  4.357  4.171  4.382  4.419  4.554  4.452  4.505  4.331  4.578  4.234  4.143  4.190  4.078  3.951  4.317  4.111  4.369  4.277  4.304  4.202  4.290  4.091  4.281  4.119  4.156  4.143  4.317
4.143  4.288  4.284  3.970  4.331  4.171  4.007  4.263  4.308  4.190  3.912  4.290  4.344  4.290  4.419  4.263  4.135  4.331  4.394  4.369  4.344  4.301  4.284  4.369  4.060  4.174  4.094  4.220  3.970  4.091  4.171  4.248  4.127  4.094  4.202  4.205  4.224  4.060  4.048  4.159  4.094  4.159
4.754  4.844  4.927  4.898  4.700  4.860  4.741  4.766  4.615  4.898  4.736  4.748  4.777  4.760  4.927  4.836  4.673  4.736  4.868  4.887  4.868  4.779  4.718  4.812  4.564  4.708  4.691  4.625  4.443  4.700  4.600  4.812  4.673  4.771  4.727  4.754  4.812  4.736  4.520  4.511  4.682  4.654
5.201  5.061  5.159  5.246  5.182  5.175  5.198  5.024  5.136  5.158  5.165  5.273  5.204  5.049  5.257  5.011  5.075  5.069  5.288  5.170  5.322  5.112  4.989  5.308  4.989  5.043  4.904  4.905  4.894  5.017  4.970  5.045  5.100  5.220  5.130  5.043  5.030  4.984  5.030  5.016  5.056  4.970
5.695  5.438  5.501  5.575  5.500  5.541  5.505  5.493  5.553  5.714  5.565  5.638  5.673  5.553  5.690  5.533  5.683  5.710  5.612  5.598  5.575  5.576  5.398  5.609  5.313  5.454  5.391  5.197  5.186  5.333  5.403  5.398  5.416  5.476  5.557  5.521  5.434  5.485  5.434  5.338  5.416  5.318
5.201  5.100  5.081  5.225  5.176  5.081  5.043  5.165  4.970  5.308  5.130  5.159  5.450  5.209  5.313  5.198  5.280  5.268  5.233  5.273  5.182  5.176  5.117  5.273  4.875  5.081  4.990  4.860  4.796  4.904  5.083  5.023  5.112  5.085  5.011  5.088  5.030  5.088  5.037  5.011  4.883  5.030
4.419  4.407  4.373  4.407  4.394  4.443  4.277  4.290  4.431  4.554  4.511  4.466  4.500  4.543  4.522  4.419  4.443  4.522  4.514  4.498  4.605  4.598  4.419  4.500  4.388  4.394  4.454  4.263  4.263  4.344  4.419  4.304  4.404  4.454  4.344  4.357  4.489  4.304  4.382  4.382  4.317  4.382
4.007  4.025  3.892  3.947  4.111  4.094  3.912  4.190  4.048  4.127  4.111  4.127  4.111  4.202  4.091  4.016  3.892  4.159  4.111  4.267  4.034  4.111  4.127  4.043  3.951  3.912  4.052  3.989  3.784  3.912  4.094  3.871  3.807  4.043  4.135  4.060  3.807  3.861  4.007  4.132  3.912  4.060
4.477  4.394  4.317  4.220  4.234  4.317  4.290  4.263  4.304  4.419  4.369  4.382  4.431  4.248  4.369  4.159  4.407  4.315  4.466  4.407  4.304  4.174  4.369  4.394  4.425  4.220  4.263  4.205  4.171  4.205  4.277  4.256  4.382  4.246  4.344  4.317  4.277  4.331  4.202  4.167  3.761  4.331
3.761  3.714  3.761  3.784  3.850  3.780  3.701  3.689  3.784  3.761  3.784  3.892  3.912  3.932  3.850  3.638  3.912  3.726  3.829  3.912  3.951  3.850  3.689  3.951  3.761  3.802  3.738  3.784  3.638  3.638  3.757  3.818  3.947  3.684  3.761  3.871  3.738  3.892  3.829  3.689  3.526  3.807
