7.338  7.063  7.206  7.084  7.216  7.335  7.129  7.219  7.219  7.292  7.284  7.258  7.187  7.175  7.202  7.188  7.062  7.285  7.310  7.136  7.233  7.159  7.119  7.059  7.272  7.198  7.194  7.276  7.009  7.093  7.225  7.034  7.168  7.275  7.233  7.222  7.283  7.276  7.184  7.261  7.196  7.304
5.106  5.077  5.069  4.934  5.037  5.142  5.193  5.011  5.165  5.143  5.298  5.193  5.081  5.100  5.088  5.108  4.984  5.056  5.283  5.026  5.315  5.145  5.136  5.244  5.100  5.061  5.198  5.030  4.934  5.037  5.215  4.977  4.905  5.207  5.111  5.308  5.434  4.990  4.970  4.942  5.121  5.162
6.045  5.952  5.984  5.981  6.071  6.038  6.087  6.127  6.153  6.315  6.124  6.120  6.151  6.006  6.116  6.071  5.935  5.955  6.297  6.028  6.078  6.103  5.976  5.996  6.033  5.995  5.958  5.918  5.737  6.066  6.026  5.949  5.982  6.108  6.273  6.032  6.012  5.976  5.881  5.996  5.908  6.067
6.825  6.836  6.811  6.727  6.746  6.894  6.925  6.846  6.970  7.091  6.955  6.950  6.909  6.805  6.872  6.796  6.837  6.738  7.009  6.750  6.928  6.895  6.825  6.845  6.773  6.773  6.789  6.660  6.589  6.834  6.843  6.832  6.775  6.883  7.070  6.888  6.784  6.778  6.729  6.752  6.692  6.868
6.869  6.631  6.749  6.616  6.749  6.917  6.741  6.788  6.806  7.012  6.883  6.972  6.919  6.862  6.872  6.748  6.424  6.840  6.808  6.642  6.567  6.479  6.693  6.697  6.624  6.748  6.704  6.771  6.465  6.576  6.808  6.332  6.574  6.681  6.609  6.706  6.717  6.743  6.682  6.753  6.546  6.767
4.477  4.443  4.431  4.369  4.449  4.595  4.522  4.595  4.682  4.779  4.633  4.844  4.657  4.615  4.790  4.605  4.369  4.382  4.562  4.477  4.431  4.511  4.546  4.398  4.466  4.575  4.394  4.277  4.248  4.274  4.394  4.190  4.407  4.500  4.483  4.454  4.466  4.159  4.190  4.205  4.428  4.369
7.516  7.475  7.432  7.341  7.498  7.513  7.444  7.407  7.474  7.544  7.505  7.524  7.579  7.512  7.510  7.459  7.277  7.491  7.498  7.321  7.399  7.356  7.444  7.431  7.337  7.418  7.431  7.434  7.399  7.394  7.471  7.274  7.281  7.466  7.396  7.411  7.529  7.474  7.411  7.449  7.305  7.409
6.058  6.061  5.798  5.793  5.872  5.953  5.986  5.913  5.964  6.057  6.159  5.969  6.142  6.066  6.050  6.041  5.811  6.001  5.951  5.802  5.938  5.930  6.075  6.138  5.871  5.875  5.911  5.819  5.891  5.945  5.958  5.733  5.656  5.916  5.867  5.937  6.178  5.771  5.924  5.905  5.728  5.846
6.317  6.038  6.328  6.389  6.356  6.468  6.172  6.341  6.351  6.370  6.324  6.488  6.356  6.304  6.413  6.109  6.080  6.232  6.444  6.416  6.351  6.269  6.127  6.196  6.328  6.257  6.201  6.215  5.883  6.073  6.153  6.159  6.261  6.250  6.221  6.242  6.217  6.344  6.368  6.144  6.319  6.337
6.513  6.346  6.420  6.645  6.482  6.593  6.507  6.480  6.592  6.561  6.497  6.668  6.568  6.560  6.653  6.378  6.375  6.498  6.617  6.534  6.772  6.479  6.457  6.547  6.601  6.548  6.409  6.455  6.271  6.405  6.495  6.472  6.529  6.506  6.499  6.534  6.529  6.594  6.531  6.425  6.565  6.475
5.308  5.204  5.334  5.273  5.313  5.313  5.153  5.412  5.283  5.517  5.257  5.380  5.472  5.206  5.375  5.263  5.176  5.342  5.421  5.380  5.375  5.278  5.209  5.159  5.234  5.338  4.954  5.204  4.963  5.030  5.130  5.106  5.323  5.283  5.268  5.323  5.187  5.176  5.153  5.170  5.069  5.242
5.088  5.252  4.977  5.081  5.075  5.193  5.365  5.068  5.215  5.231  5.273  5.149  5.283  5.187  5.298  5.193  5.024  5.220  5.197  5.147  5.390  5.187  5.230  5.223  5.093  5.136  5.135  5.204  4.905  4.956  5.130  5.017  4.990  5.193  5.069  5.186  5.094  4.927  5.011  5.042  4.881  5.165
7.253  7.084  7.181  7.052  7.274  7.278  6.978  7.099  7.123  7.188  7.226  7.197  7.231  7.239  7.273  7.162  6.810  7.263  7.203  7.074  6.896  6.925  7.066  7.093  7.001  7.003  7.030  7.072  6.790  6.875  7.018  6.770  6.952  7.028  6.923  7.059  6.995  7.150  7.123  7.201  6.890  7.081
6.155  6.213  6.050  5.969  6.087  6.242  6.084  5.949  6.177  6.161  6.186  6.205  6.328  6.330  6.315  6.172  5.976  6.064  6.310  5.974  6.176  6.234  6.347  6.380  6.031  6.176  6.168  6.066  5.919  6.037  6.136  5.885  5.984  6.165  6.091  6.299  6.157  6.111  6.114  6.109  6.009  6.107
6.422  6.230  6.342  6.321  6.371  6.405  6.194  6.347  6.340  6.412  6.255  6.405  6.385  6.199  6.378  6.106  6.089  6.417  6.425  6.349  6.182  6.105  6.229  6.190  6.244  6.313  6.172  6.246  6.114  6.137  6.100  5.971  6.252  6.305  6.244  6.286  6.164  6.292  6.275  6.335  6.203  6.363
4.931  4.787  4.875  4.885  4.762  4.949  4.883  4.820  4.881  4.927  4.922  5.017  5.037  4.883  4.970  4.690  4.769  4.984  5.006  4.942  5.081  4.927  4.875  4.828  4.949  4.947  4.920  4.762  4.690  4.727  4.771  4.549  4.898  4.812  4.852  5.023  4.868  4.754  4.762  4.736  4.836  4.800
6.758  6.448  6.717  6.574  6.682  6.687  6.510  6.673  6.593  6.766  6.626  6.764  6.838  6.644  6.782  6.534  6.391  6.640  6.728  6.708  6.435  6.345  6.359  6.452  6.504  6.673  6.495  6.521  6.287  6.372  6.360  6.124  6.525  6.529  6.407  6.592  6.433  6.623  6.561  6.562  6.423  6.547
4.952  4.812  4.868  4.984  4.968  4.970  4.754  4.898  4.804  4.989  4.840  4.975  5.063  5.198  5.189  4.718  4.745  4.840  5.004  5.050  4.920  4.673  4.875  4.820  4.787  5.053  4.718  4.754  4.644  4.736  4.615  4.644  4.927  4.860  4.762  4.875  4.717  4.868  4.736  4.771  4.824  4.796
4.723  4.392  4.635  4.615  4.736  4.762  4.477  4.712  4.615  4.673  4.745  4.654  4.779  4.827  4.905  4.559  4.543  4.682  4.804  4.812  4.635  4.533  4.580  4.564  4.416  4.533  4.635  4.710  4.331  4.357  4.481  4.357  4.533  4.472  4.419  4.564  4.380  4.868  4.771  4.836  4.477  4.741
4.190  4.143  4.078  4.159  4.234  4.220  4.025  4.094  4.043  4.025  4.007  4.234  4.369  4.248  4.407  4.205  4.190  4.220  4.246  4.317  4.290  4.190  4.094  4.091  3.989  4.043  4.043  3.912  3.871  4.043  3.951  4.220  4.174  3.970  4.159  4.060  4.111  4.060  4.174  3.932  3.912  4.263
4.564  4.500  4.543  4.522  4.700  4.615  4.575  4.644  4.564  4.666  4.533  4.585  4.828  4.726  4.804  4.541  4.466  4.603  4.625  4.644  4.511  4.440  4.605  4.585  4.394  4.388  4.620  4.503  4.466  4.595  4.564  4.454  4.483  4.536  4.562  4.564  4.585  4.466  4.564  4.500  4.472  4.578
4.990  4.736  4.890  5.043  4.977  4.796  4.745  4.977  4.875  4.771  5.069  4.949  5.130  5.159  5.056  4.913  4.905  5.024  4.997  5.056  5.063  4.920  4.828  4.942  4.942  4.850  4.883  4.860  4.630  4.736  4.890  4.812  4.924  4.819  4.942  4.898  4.804  4.984  4.970  4.843  4.898  4.850
