5.760  5.553  5.654  5.598  5.720  5.790  5.759  5.720  5.724  5.811  5.753  5.864  5.777  5.656  5.759  5.629  5.492  5.642  5.771  5.609  5.820  5.602  5.601  5.517  5.641  5.717  5.485  5.583  5.423  5.511  5.609  5.481  5.602  5.618  5.555  5.609  5.700  5.635  5.613  5.647  5.513  5.687
5.539  5.263  5.379  5.442  5.346  5.438  5.447  5.459  5.398  5.557  5.537  5.543  5.490  5.517  5.489  5.288  5.220  5.267  5.384  5.349  5.493  5.251  5.242  5.328  5.153  5.109  5.112  5.074  4.949  5.059  5.176  5.061  5.130  5.302  5.187  5.215  5.283  5.257  5.318  5.182  5.136  5.242
4.828  4.754  4.828  4.852  4.779  4.762  4.727  4.836  4.779  4.820  4.771  4.815  4.860  4.786  4.984  4.787  4.677  4.942  4.898  4.852  4.786  4.633  4.662  4.700  4.564  4.754  4.691  4.635  4.509  4.644  4.754  4.633  4.663  4.771  4.654  4.717  4.644  4.804  4.718  4.663  4.635  4.787
5.464  5.371  5.425  5.438  5.485  5.357  5.513  5.537  5.388  5.471  5.447  5.540  5.486  5.423  5.460  5.293  5.363  5.455  5.455  5.428  5.500  5.293  5.411  5.426  5.170  5.268  5.338  5.293  5.112  5.283  5.298  5.219  5.323  5.257  5.323  5.308  5.368  5.278  5.278  5.268  5.201  5.387
4.317  3.995  4.060  4.190  4.111  4.094  4.212  4.043  4.022  4.277  4.022  4.212  4.190  4.094  4.373  4.164  4.190  4.205  4.263  4.277  4.246  4.099  3.951  4.060  4.025  4.111  4.111  4.159  3.738  3.976  4.007  4.094  4.143  3.951  3.989  4.277  4.025  4.060  4.205  3.989  4.022  4.159
4.127  4.060  4.060  4.248  4.043  4.025  4.217  4.234  4.094  4.248  4.025  4.190  4.277  4.205  4.078  4.025  4.182  3.951  4.263  4.234  4.190  4.074  4.143  4.143  3.970  4.078  3.970  3.871  3.951  3.850  3.932  4.143  4.111  4.094  4.043  4.007  3.684  4.060  3.850  3.951  3.961  4.174
5.861  5.670  5.838  5.729  5.787  5.697  5.744  5.720  5.823  5.886  5.781  5.866  5.869  5.762  5.846  5.652  5.684  5.710  5.759  5.787  5.727  5.589  5.677  5.759  5.513  5.617  5.666  5.537  5.371  5.587  5.677  5.607  5.642  5.652  5.580  5.690  5.606  5.697  5.670  5.620  5.545  5.675
5.204  5.043  5.130  5.114  5.142  4.966  5.147  4.956  5.159  5.252  5.124  5.257  5.099  5.050  5.198  4.898  4.927  5.011  5.136  5.195  5.187  4.934  4.913  5.106  4.811  4.905  4.920  4.850  4.700  4.766  4.796  4.945  4.956  4.927  4.927  4.973  4.963  4.927  4.812  4.828  4.881  4.877
4.779  4.804  4.743  4.783  4.796  4.771  4.723  4.766  4.691  4.804  4.787  4.898  4.820  4.787  4.840  4.796  4.625  4.786  4.883  4.852  4.927  4.804  4.727  4.868  4.625  4.762  4.820  4.673  4.585  4.600  4.736  4.680  4.852  4.673  4.691  4.920  4.718  4.644  4.673  4.771  4.605  4.682
4.644  4.533  4.554  4.454  4.489  4.466  4.443  4.454  4.443  4.564  4.466  4.578  4.522  4.554  4.710  4.369  4.578  4.407  4.554  4.522  4.615  4.605  4.446  4.625  4.500  4.431  4.511  4.331  4.331  4.331  4.440  4.407  4.489  4.477  4.419  4.522  4.443  4.552  4.500  4.373  4.454  4.489
4.968  4.623  4.815  4.779  4.710  4.745  4.673  4.868  4.710  4.898  4.654  4.997  4.990  4.947  4.915  4.708  4.605  4.734  4.890  4.804  4.875  4.673  4.676  4.623  4.663  4.852  4.769  4.796  4.699  4.712  4.771  4.736  4.691  4.860  4.796  4.710  4.798  4.827  4.827  4.786  4.635  4.850
3.912  3.733  3.829  3.802  3.871  3.912  3.761  3.892  3.912  3.892  3.951  3.951  4.111  4.004  3.970  3.761  3.892  3.892  4.007  4.078  3.951  3.829  3.871  3.912  3.912  3.807  3.932  3.784  3.638  3.892  3.738  3.714  3.761  3.912  3.807  3.761  3.784  3.555  3.714  3.912  3.761  3.689
4.890  4.920  4.963  4.927  4.942  4.920  4.771  5.011  4.874  4.961  4.831  4.894  5.043  4.934  5.093  4.727  4.779  4.927  4.977  5.094  4.718  4.828  4.920  4.758  4.836  4.840  4.762  4.762  4.575  4.615  4.792  4.820  4.860  5.037  4.762  4.777  4.694  4.942  4.860  4.796  4.745  4.847
4.407  4.290  4.317  4.341  4.331  4.466  4.078  4.304  4.256  4.428  4.111  4.394  4.431  4.341  4.466  4.111  4.220  4.234  4.324  4.570  4.344  4.263  4.260  4.159  4.111  3.970  4.094  4.119  4.091  4.248  4.220  4.127  4.212  4.220  4.263  4.290  4.111  4.274  4.308  4.274  4.156  4.246
4.394  4.304  4.419  4.277  4.369  4.308  4.151  4.277  4.263  4.477  4.290  4.454  4.573  4.419  4.595  4.431  4.127  4.443  4.392  4.440  4.437  4.290  4.431  4.394  4.174  4.231  4.376  4.304  4.248  4.317  4.357  4.394  4.369  4.220  4.290  4.538  4.369  4.500  4.212  4.290  4.159  4.369
4.004  3.791  3.951  4.025  3.846  3.912  3.867  4.078  3.932  4.022  3.850  4.060  4.111  4.159  4.127  3.714  3.912  4.025  4.043  3.989  4.060  3.908  3.928  3.871  3.871  3.807  4.060  3.818  3.638  3.912  3.989  3.780  3.807  3.892  4.043  3.912  3.738  4.007  3.867  3.871  3.757  3.829
5.075  5.075  5.024  5.152  5.077  5.063  5.086  5.117  5.014  4.999  5.209  5.124  5.209  5.069  5.265  5.056  5.043  5.159  5.198  5.011  5.088  5.179  5.063  5.170  4.905  4.959  4.963  4.977  4.963  5.011  5.130  5.072  5.024  4.963  5.040  5.187  5.112  5.189  4.927  4.934  4.904  5.078
4.489  4.466  4.454  4.794  4.628  4.654  4.625  4.605  4.654  4.543  4.527  4.543  4.644  4.500  4.820  4.466  4.625  4.700  4.745  4.839  4.796  4.618  4.500  4.673  4.677  4.511  4.413  4.205  4.354  4.466  4.511  4.500  4.585  4.477  4.673  4.543  4.466  4.443  4.382  4.477  4.635  4.511
4.828  4.500  4.663  4.682  4.673  4.691  4.615  4.543  4.595  4.682  4.477  4.635  4.743  4.654  4.787  4.625  4.567  4.635  4.635  4.804  4.717  4.625  4.625  4.603  4.562  4.522  4.608  4.454  4.317  4.431  4.419  4.564  4.575  4.625  4.511  4.771  4.554  4.543  4.533  4.605  4.554  4.500
4.887  4.625  4.844  4.839  4.862  4.836  4.654  4.934  4.762  4.820  4.787  4.844  4.984  4.913  5.030  4.804  4.827  4.934  4.883  5.011  4.868  4.860  4.727  4.836  4.615  4.682  4.595  4.691  4.494  4.600  4.727  4.727  4.970  4.736  4.812  4.796  4.567  4.771  4.836  4.691  4.868  4.779
5.298  4.984  5.303  5.268  5.366  5.247  4.905  5.323  5.236  5.451  5.193  5.318  5.371  5.273  5.333  5.100  4.949  5.468  5.447  5.352  5.247  5.173  5.153  5.328  5.193  5.106  5.136  5.241  4.771  5.024  5.118  5.056  5.318  5.252  5.198  5.231  5.170  5.333  5.247  5.170  5.207  5.170
6.616  6.528  6.583  6.604  6.690  6.715  6.463  6.657  6.648  6.703  6.649  6.635  6.641  6.678  6.801  6.576  6.394  6.742  6.718  6.682  6.586  6.585  6.733  6.821  6.564  6.535  6.612  6.583  6.344  6.429  6.489  6.303  6.691  6.569  6.540  6.675  6.471  6.759  6.627  6.531  6.492  6.607
