5.170  4.975  5.147  5.004  5.013  5.030  5.075  5.061  4.990  5.208  5.140  5.142  5.200  5.056  5.153  5.043  4.975  5.043  5.016  5.124  5.075  4.956  4.977  5.112  4.975  5.004  4.905  4.990  4.736  4.812  5.040  4.881  4.956  5.078  5.050  4.984  4.898  5.037  4.934  4.898  4.844  4.994
4.787  4.443  4.554  4.416  4.575  4.635  4.625  4.595  4.554  4.671  4.431  4.659  4.682  4.694  4.605  4.585  4.407  4.673  4.605  4.554  4.654  4.511  4.522  4.595  4.428  4.428  4.460  4.369  4.380  4.394  4.511  4.489  4.511  4.489  4.394  4.486  4.431  4.514  4.466  4.357  4.452  4.552
5.778  5.541  5.733  5.733  5.720  5.714  5.781  5.775  5.790  5.782  5.736  5.853  5.916  5.812  5.948  5.994  5.873  5.905  5.858  5.922  5.874  5.572  5.613  5.642  5.677  5.743  5.620  5.620  5.448  5.527  5.529  5.537  5.609  5.743  5.606  5.652  5.768  5.700  5.697  5.684  5.724  5.808
4.220  4.025  4.277  4.248  4.274  4.127  4.140  4.388  4.043  4.361  4.124  4.159  4.190  4.143  4.454  4.220  4.043  4.127  4.440  4.394  4.205  4.220  4.238  4.174  4.205  4.078  4.078  4.190  4.043  3.989  4.159  4.159  4.263  4.078  4.197  4.164  4.111  4.127  4.174  3.970  3.970  4.159
5.611  5.403  5.485  5.324  5.513  5.613  5.318  5.493  5.505  5.645  5.486  5.579  5.527  5.403  5.468  5.347  5.187  5.638  5.658  5.421  5.257  5.165  5.220  5.305  5.333  5.403  5.388  5.335  5.081  5.298  5.328  5.063  5.357  5.298  5.351  5.308  5.263  5.451  5.333  5.517  5.198  5.485
4.522  4.511  4.369  4.304  4.543  4.567  4.434  4.520  4.533  4.543  4.554  4.615  4.808  4.644  4.700  4.477  4.317  4.554  4.580  4.443  4.454  4.431  4.428  4.369  4.382  4.516  4.530  4.277  4.311  4.190  4.357  4.111  4.321  4.357  4.464  4.354  4.317  4.220  4.277  4.190  4.263  4.357
5.739  5.620  5.601  5.604  5.717  5.817  5.670  5.670  5.714  5.793  5.826  5.805  5.842  5.739  5.892  5.652  5.529  5.650  5.714  5.645  5.642  5.533  5.595  5.568  5.465  5.460  5.563  5.649  5.357  5.525  5.611  5.460  5.451  5.561  5.602  5.598  5.537  5.582  5.570  5.576  5.561  5.617
5.631  5.547  5.464  5.481  5.533  5.616  5.666  5.529  5.609  5.710  5.805  5.731  5.765  5.715  5.790  5.645  5.489  5.537  5.647  5.557  5.761  5.561  5.670  5.684  5.333  5.333  5.468  5.428  5.323  5.472  5.531  5.371  5.406  5.571  5.583  5.591  5.606  5.505  5.521  5.380  5.434  5.438
5.894  5.951  5.782  5.756  5.953  6.038  6.009  5.875  5.953  6.090  6.061  6.004  6.040  5.984  6.026  5.971  5.835  5.911  6.026  5.858  5.976  5.828  5.927  6.006  5.691  5.707  5.852  5.838  5.781  5.775  5.974  5.753  5.727  5.857  5.883  5.951  5.964  5.894  5.869  5.862  5.826  5.859
5.480  5.564  5.460  5.497  5.450  5.618  5.717  5.481  5.687  5.807  5.781  5.744  5.987  5.820  5.964  6.070  6.091  5.922  5.629  5.553  5.781  5.609  5.513  5.624  5.403  5.449  5.433  5.335  5.328  5.429  5.617  5.568  5.394  5.438  5.673  5.666  5.613  5.361  5.474  5.302  5.493  5.389
5.124  5.047  5.042  5.124  5.105  5.075  5.063  5.118  5.130  5.262  5.209  5.182  5.170  5.106  5.187  5.056  5.118  5.112  5.147  5.096  5.204  5.187  5.136  5.126  5.063  5.040  4.927  4.934  4.828  4.905  4.940  4.934  4.997  5.106  5.165  5.003  5.043  5.037  5.069  5.037  4.812  5.034
5.513  5.357  5.416  5.421  5.468  5.360  5.673  5.434  5.657  5.679  5.323  5.638  5.620  5.429  5.673  5.519  5.690  5.263  5.740  5.549  5.697  5.714  5.333  5.541  5.609  5.598  5.389  5.117  5.198  5.159  5.236  5.517  5.318  5.630  5.743  5.572  5.493  5.316  5.215  5.220  5.404  5.321
6.100  5.914  6.006  6.038  6.105  6.082  5.758  6.057  5.964  6.192  6.079  6.098  6.094  6.165  6.116  5.922  5.841  6.054  6.038  6.120  6.006  5.948  5.881  6.035  5.846  5.849  5.855  5.869  5.712  5.820  5.849  5.784  5.948  5.889  5.861  5.884  5.900  6.057  6.026  6.035  5.869  5.979
6.377  6.271  6.574  6.192  6.312  6.425  6.186  6.301  6.355  6.430  6.507  6.410  6.445  6.339  6.453  6.169  6.103  6.467  6.347  6.366  6.395  6.236  6.349  6.385  6.237  6.122  6.246  6.258  6.021  6.337  6.255  6.178  6.232  6.230  6.165  6.249  6.252  6.295  6.244  6.205  6.252  6.226
4.367  4.284  4.419  4.443  4.304  4.419  4.159  4.394  4.274  4.394  4.344  4.382  4.562  4.543  4.804  4.369  4.357  4.344  4.344  4.522  4.489  4.419  4.357  4.401  4.164  4.304  4.317  4.143  4.182  4.164  4.263  4.190  4.382  4.301  4.284  4.466  4.190  4.511  4.304  4.304  4.205  4.328
3.951  3.871  4.013  4.078  3.888  3.807  3.951  3.989  3.829  4.078  3.912  4.043  4.174  4.094  4.052  3.985  4.022  3.846  4.094  4.190  4.190  3.970  4.111  4.069  3.951  4.043  3.761  3.877  3.850  3.709  3.951  4.060  4.007  3.850  3.867  3.850  3.970  4.057  3.761  3.761  3.850  3.947
4.977  5.043  5.069  4.942  5.011  4.961  4.905  4.864  5.075  5.165  4.984  5.030  5.159  5.103  5.252  5.003  4.942  4.997  4.970  5.220  5.088  5.030  5.004  5.043  4.812  4.920  4.920  4.868  4.736  4.954  4.844  4.966  4.963  4.977  4.990  4.883  5.024  4.947  5.052  4.966  5.004  4.875
4.094  4.182  4.288  4.382  4.078  4.295  4.078  4.260  4.595  4.354  4.205  4.111  4.159  4.301  4.357  4.241  4.220  4.357  4.220  4.369  4.331  4.174  4.127  4.288  4.202  4.220  4.060  4.016  4.043  4.217  4.143  4.111  4.382  4.304  4.246  4.190  4.159  4.205  3.970  4.034  4.202  4.190
5.017  4.927  4.889  4.963  5.027  5.124  4.963  4.963  4.934  5.159  4.990  5.187  5.204  5.036  5.093  4.949  4.804  4.989  5.159  5.014  4.898  4.920  4.949  4.913  4.905  5.105  5.037  4.890  4.659  4.771  4.890  4.771  4.890  5.026  4.890  5.112  4.844  5.017  4.927  4.927  4.907  5.088
4.466  4.317  4.477  4.331  4.288  4.452  4.290  4.331  4.301  4.543  4.369  4.585  4.554  4.407  4.460  4.234  4.489  4.401  4.533  4.505  4.454  4.500  4.369  4.522  4.394  4.407  4.428  4.431  4.284  4.394  4.489  4.369  4.416  4.324  4.466  4.394  4.443  4.290  4.263  4.328  4.284  4.357
4.927  4.673  4.769  4.820  4.828  4.682  4.620  4.922  4.852  4.990  4.812  4.919  4.956  4.889  5.030  4.844  4.723  4.866  4.966  4.952  4.762  4.852  4.771  4.836  4.779  4.625  4.625  4.779  4.562  4.663  4.543  4.820  4.794  4.783  4.787  4.792  4.654  4.754  4.673  4.771  4.691  4.710
4.248  4.205  4.357  4.382  4.394  4.234  4.337  4.260  4.234  4.394  4.494  4.159  4.331  4.220  4.585  4.159  4.331  4.159  4.357  4.419  4.357  4.357  4.407  4.234  4.111  4.190  4.094  4.205  4.022  4.078  4.103  4.248  4.376  4.263  4.190  4.301  4.060  4.331  4.382  4.205  4.111  4.382
