5.037  4.905  4.852  4.963  4.970  5.030  5.118  5.130  5.129  5.182  4.942  5.182  5.050  4.956  5.037  4.977  4.860  4.920  4.959  4.787  5.017  4.956  4.894  4.905  4.836  4.812  4.844  4.677  4.489  4.736  4.875  4.762  4.804  4.836  4.836  4.828  4.682  4.812  4.754  4.875  4.635  4.812
4.949  4.852  4.812  4.883  4.852  4.852  5.147  4.927  5.037  5.037  4.820  5.056  5.024  5.011  5.075  4.942  4.836  4.868  5.043  4.852  5.074  4.931  4.992  4.963  4.905  4.934  4.819  4.625  4.654  4.762  4.745  4.718  4.806  4.771  4.905  4.852  4.682  4.804  4.754  4.726  4.787  4.875
4.644  4.615  4.477  4.525  4.585  4.663  4.419  4.466  4.543  4.727  4.500  4.615  4.762  4.644  4.654  4.554  4.369  4.727  4.682  4.673  4.718  4.509  4.500  4.573  4.357  4.522  4.533  4.440  4.331  4.394  4.443  4.382  4.489  4.500  4.454  4.575  4.522  4.522  4.511  4.344  4.477  4.475
4.043  3.932  4.111  3.932  4.086  4.074  4.143  4.111  4.220  4.127  3.932  4.078  4.212  4.277  4.277  4.111  3.970  4.111  4.094  4.277  4.290  4.174  4.094  4.116  4.094  4.127  3.970  4.127  3.951  4.111  4.159  3.951  4.007  3.980  3.970  4.094  3.989  3.970  4.143  3.932  3.871  4.060
5.112  4.934  4.975  4.982  5.081  5.112  5.127  5.064  5.094  5.204  5.136  5.198  5.267  4.875  5.153  5.056  4.990  4.977  5.037  5.075  5.100  5.132  4.874  5.017  4.977  4.984  4.836  4.956  4.824  4.860  4.824  4.956  4.997  5.037  5.136  5.056  4.942  4.982  4.942  4.949  4.836  5.030
5.531  5.298  5.338  5.394  5.288  5.434  5.511  5.468  5.421  5.598  5.447  5.505  5.425  5.235  5.545  5.320  5.308  5.412  5.517  5.332  5.501  5.293  5.252  5.394  5.342  5.308  5.293  5.394  5.328  5.370  5.198  5.242  5.293  5.323  5.407  5.389  5.290  5.342  5.257  5.190  5.198  5.328
5.523  5.429  5.431  5.368  5.442  5.576  5.552  5.495  5.609  5.463  5.529  5.466  5.496  5.517  5.485  5.476  5.357  5.620  5.509  5.398  5.529  5.421  5.576  5.414  5.452  5.442  5.429  5.366  5.247  5.386  5.476  5.313  5.318  5.447  5.438  5.468  5.505  5.448  5.397  5.412  5.268  5.384
5.214  5.182  5.071  5.063  5.061  5.166  5.176  5.215  5.242  5.233  5.239  5.310  5.231  5.182  5.460  5.215  5.147  5.094  5.158  5.169  5.251  5.207  5.099  5.215  5.069  5.053  5.162  5.096  5.034  5.088  5.024  4.984  4.970  5.168  5.187  5.086  5.283  4.956  5.069  4.963  4.970  5.072
5.209  5.238  4.875  4.875  4.963  5.187  5.099  5.004  5.042  5.283  5.303  5.193  5.297  5.273  5.215  5.347  5.055  5.043  4.920  4.898  5.094  5.078  5.204  5.231  4.858  5.050  5.204  5.159  4.954  5.136  5.273  4.812  4.898  5.017  5.030  5.124  5.247  4.905  4.963  5.027  4.777  4.963
3.714  3.807  3.714  3.733  3.784  3.738  3.989  3.989  3.951  4.127  3.892  4.111  3.795  3.871  3.892  3.912  3.638  3.738  3.829  3.908  3.807  3.757  3.989  3.784  3.784  3.784  3.714  3.784  3.761  3.912  3.961  3.761  3.664  3.780  3.714  3.867  3.970  3.611  3.714  3.696  3.555  3.664
5.043  4.762  4.883  4.779  4.843  4.875  4.754  4.934  4.905  4.984  4.905  4.905  4.942  4.743  4.949  4.762  4.635  4.844  4.860  4.920  4.905  4.852  4.762  4.942  4.710  4.644  4.773  4.820  4.585  4.777  4.762  4.754  4.605  4.844  4.718  4.727  4.736  4.691  4.718  4.804  4.802  4.700
4.394  4.274  4.111  4.248  4.331  4.231  4.357  4.489  4.248  4.382  4.231  4.304  4.511  4.290  4.477  4.187  4.220  4.290  4.466  4.288  4.416  4.392  4.202  4.344  4.380  4.007  4.224  4.078  4.099  4.159  4.331  4.311  4.094  4.205  4.078  4.220  4.182  4.205  4.143  4.034  4.190  4.174
5.617  5.426  5.565  5.617  5.612  5.545  5.396  5.476  5.497  5.635  5.733  5.659  5.690  5.576  5.627  5.375  5.384  5.553  5.604  5.580  5.700  5.541  5.499  5.533  5.489  5.394  5.521  5.476  5.278  5.288  5.460  5.418  5.447  5.444  5.494  5.338  5.471  5.549  5.460  5.580  5.375  5.407
4.820  4.663  4.522  4.710  4.530  4.598  4.522  4.533  4.644  4.804  4.691  4.682  4.812  4.533  4.754  4.498  4.615  4.615  4.654  4.635  4.710  4.625  4.466  4.691  4.350  4.522  4.477  4.394  4.466  4.533  4.644  4.419  4.615  4.543  4.608  4.419  4.595  4.649  4.486  4.595  4.580  4.615
4.425  4.522  4.466  4.443  4.575  4.625  4.419  4.498  4.382  4.673  4.642  4.615  4.615  4.564  4.736  4.454  4.382  4.644  4.554  4.588  4.554  4.304  4.477  4.522  4.190  4.434  4.357  4.419  4.263  4.369  4.443  4.263  4.369  4.454  4.454  4.610  4.477  4.394  4.394  4.419  4.234  4.392
4.630  4.477  4.466  4.543  4.500  4.369  4.425  4.494  4.382  4.663  4.652  4.554  4.533  4.605  4.663  4.443  4.246  4.431  4.630  4.691  4.625  4.605  4.477  4.511  4.263  4.060  4.344  4.394  4.248  4.304  4.454  4.344  4.443  4.317  4.369  4.431  4.419  4.489  4.419  4.357  4.248  4.304
5.024  4.700  4.769  4.771  4.875  5.017  4.682  4.898  4.844  5.143  4.992  5.004  4.970  4.963  4.996  4.804  4.673  4.866  5.152  5.016  4.868  4.700  4.860  4.883  4.588  4.771  4.682  4.732  4.437  4.585  4.615  4.489  4.868  4.771  4.934  4.819  4.717  4.862  4.927  4.940  4.708  4.875
3.784  3.605  3.584  3.709  3.638  3.664  3.738  3.611  3.807  3.850  3.780  3.835  3.689  3.714  3.761  3.584  3.871  3.638  3.802  3.784  3.892  3.807  3.664  3.738  3.584  3.824  3.555  3.676  3.733  3.584  3.555  3.664  3.807  3.784  3.807  3.696  3.709  3.520  3.664  3.791  3.638  3.802
5.690  5.352  5.645  5.691  5.613  5.919  5.501  5.642  5.587  5.787  5.511  5.733  5.730  5.485  5.899  5.445  5.375  5.562  5.680  5.652  5.513  5.485  5.499  5.553  5.420  5.451  5.356  5.434  5.143  5.268  5.404  5.333  5.541  5.486  5.403  5.453  5.384  5.775  5.628  5.600  5.497  5.624
6.399  6.096  6.312  6.472  6.470  6.798  6.394  6.358  6.439  6.589  6.396  6.525  6.494  6.294  6.685  6.251  6.275  6.242  6.542  6.376  6.444  6.337  6.308  6.330  6.217  6.253  6.146  6.122  6.114  6.176  6.161  6.372  6.324  6.413  6.457  6.420  6.360  6.507  6.430  6.344  6.314  6.354
5.844  5.727  5.805  5.838  5.817  5.707  5.654  5.886  5.712  5.930  5.817  5.768  5.831  5.749  5.923  5.687  5.637  5.803  5.811  5.866  5.666  5.604  5.687  5.727  5.684  5.667  5.645  5.652  5.442  5.505  5.645  5.602  5.792  5.694  5.740  5.730  5.728  5.826  5.841  5.746  5.598  5.746
5.215  5.011  5.037  5.117  5.106  5.030  4.970  5.056  5.004  5.170  5.220  5.094  5.159  5.043  5.187  4.868  5.021  5.024  5.004  5.250  5.056  4.997  4.956  4.989  5.024  4.992  4.868  4.927  4.718  4.870  5.003  5.136  4.989  5.017  5.106  5.050  5.112  5.215  5.186  5.004  4.927  5.124
