5.416  5.293  5.165  5.142  5.318  5.407  5.472  5.147  5.529  5.580  5.380  5.568  5.513  5.371  5.549  5.407  5.242  5.366  5.263  5.165  5.407  5.434  5.346  5.357  5.288  5.347  5.263  5.273  5.152  5.501  5.231  5.273  5.100  5.218  5.447  5.425  5.367  5.187  4.947  5.136  5.142  5.056
5.247  5.146  4.840  5.069  4.987  5.143  5.170  4.852  5.247  5.268  5.081  5.298  5.231  5.200  5.273  5.112  4.828  5.050  5.043  5.024  5.412  5.262  5.088  5.207  5.130  5.130  5.004  4.934  4.977  5.004  5.024  4.951  4.905  4.905  5.187  5.100  5.043  4.816  4.860  4.890  4.883  4.927
5.697  5.578  5.700  5.541  5.568  5.606  5.589  5.656  5.670  5.687  5.613  5.765  5.595  5.680  5.700  5.620  5.541  5.749  5.670  5.638  5.694  5.545  5.505  5.697  5.476  5.476  5.507  5.472  5.425  5.464  5.548  5.361  5.576  5.533  5.602  5.628  5.478  5.602  5.527  5.557  5.374  5.545
5.359  5.226  5.375  5.226  5.153  5.272  5.208  5.247  5.318  5.268  5.236  5.384  5.347  5.242  5.323  5.112  5.198  5.349  5.257  5.347  5.380  5.201  5.153  5.398  5.204  5.081  5.187  5.063  5.011  5.120  5.112  5.170  5.179  5.233  5.112  5.220  5.124  5.215  5.220  5.068  4.984  5.236
5.659  5.457  5.544  5.521  5.553  5.656  5.583  5.563  5.707  5.805  5.592  5.740  5.666  5.540  5.765  5.620  5.505  5.591  5.811  5.576  5.787  5.603  5.481  5.380  5.656  5.586  5.497  5.481  5.298  5.455  5.387  5.452  5.561  5.616  5.628  5.576  5.694  5.479  5.416  5.521  5.521  5.645
5.262  5.206  5.273  5.227  5.124  5.136  5.312  5.315  5.198  5.342  5.204  5.242  5.328  5.247  5.288  5.147  5.063  5.176  5.317  5.097  5.288  5.050  5.124  5.236  5.078  5.111  5.209  4.961  5.063  5.096  5.124  5.050  5.145  5.150  5.165  5.081  5.100  5.100  5.037  5.037  5.112  5.159
6.436  6.070  6.426  6.207  6.412  6.413  6.215  6.342  6.326  6.420  6.240  6.445  6.354  6.252  6.374  6.192  5.991  6.187  6.516  6.186  6.213  6.174  6.238  6.105  6.134  6.321  6.168  6.221  5.852  6.021  6.159  5.962  6.109  6.252  6.105  6.174  6.199  6.229  6.071  6.194  6.155  6.335
5.398  5.198  5.268  5.187  5.293  5.438  5.342  5.338  5.323  5.432  5.349  5.435  5.421  5.262  5.472  5.176  5.118  5.321  5.398  5.100  5.344  5.268  5.290  5.403  5.023  5.170  5.094  5.056  4.771  5.130  5.089  4.959  5.102  5.283  5.215  5.328  5.220  5.195  5.124  5.108  5.043  5.209
5.958  5.703  5.677  5.704  5.836  5.919  5.789  5.745  5.765  5.883  5.714  5.870  5.908  5.861  5.940  5.796  5.570  5.858  5.819  5.805  5.867  5.746  5.930  5.756  5.663  5.687  5.705  5.654  5.631  5.700  5.798  5.606  5.617  5.749  5.727  5.799  5.757  5.795  5.701  5.805  5.525  5.649
5.247  5.293  5.179  5.193  5.136  5.193  5.231  5.215  5.374  5.366  5.367  5.306  5.359  5.323  5.332  5.173  5.105  5.288  5.301  5.193  5.341  5.190  5.323  5.318  5.068  5.056  5.130  5.198  5.024  4.997  5.335  5.088  5.040  5.136  5.218  5.193  5.235  5.198  5.267  5.106  5.026  5.130
4.700  4.437  4.820  4.691  4.736  4.554  4.668  4.644  4.734  4.942  4.794  4.942  4.820  4.771  4.792  4.575  4.494  4.708  4.771  4.663  4.673  4.575  4.564  4.644  4.522  4.654  4.703  4.718  4.595  4.511  4.682  4.382  4.691  4.762  4.736  4.736  4.710  4.680  4.511  4.575  4.494  4.635
3.850  3.912  3.850  3.888  3.813  3.850  3.932  3.951  3.802  3.970  3.932  4.143  4.078  4.143  4.135  3.951  3.912  4.060  4.108  3.970  4.043  3.892  3.947  4.007  3.807  3.938  3.824  3.932  3.784  3.738  3.947  3.908  3.807  3.857  3.932  3.989  4.043  3.970  3.689  3.761  3.738  3.761
5.866  5.595  5.694  5.602  5.698  5.635  5.690  5.727  5.753  5.729  5.654  5.805  5.733  5.723  5.790  5.656  5.602  5.838  5.678  5.689  5.720  5.663  5.613  5.670  5.569  5.635  5.552  5.635  5.549  5.490  5.644  5.587  5.670  5.689  5.707  5.626  5.590  5.765  5.464  5.740  5.521  5.618
5.063  5.081  5.114  5.024  5.071  5.075  5.017  4.919  5.086  5.165  5.027  5.263  5.162  5.159  5.159  5.032  4.970  5.094  5.165  5.140  5.164  5.056  4.990  5.024  4.959  5.009  4.997  4.890  4.804  4.787  4.843  4.927  4.990  5.016  4.963  4.913  4.963  5.004  4.913  5.056  4.836  4.942
6.227  6.196  6.205  6.260  6.264  6.254  6.133  6.260  6.287  6.339  6.215  6.342  6.262  6.275  6.372  6.148  6.060  6.268  6.306  6.263  6.182  6.186  6.148  6.196  6.161  6.091  6.103  6.154  5.881  5.958  6.142  6.040  6.070  6.223  6.194  6.215  6.151  6.265  6.191  6.160  6.107  6.229
5.338  5.313  5.268  5.268  5.357  5.370  5.298  5.242  5.298  5.371  5.338  5.296  5.382  5.352  5.497  5.109  5.220  5.252  5.403  5.361  5.438  5.293  5.357  5.501  5.165  5.088  5.165  4.984  4.942  5.050  5.185  5.293  5.153  5.196  5.136  5.429  5.181  5.313  5.283  5.138  5.063  5.106
6.038  5.948  5.740  5.894  6.004  6.006  5.787  5.872  5.914  6.019  5.940  5.953  6.073  5.914  6.009  5.881  5.746  5.991  5.930  5.869  5.894  5.778  5.790  5.844  5.737  5.744  5.749  5.749  5.566  5.622  5.533  5.549  5.549  5.852  5.793  5.820  5.859  5.817  5.841  5.930  5.652  5.802
4.260  4.025  4.151  4.174  4.190  4.231  4.205  4.260  4.108  4.407  4.277  4.341  4.489  4.220  4.382  4.078  4.220  4.043  4.234  4.369  4.434  4.127  4.174  4.234  4.217  4.156  4.253  4.143  3.829  3.932  3.892  3.970  4.159  4.111  4.127  4.156  4.263  4.159  4.060  3.951  4.159  4.190
6.583  6.125  6.390  6.482  6.505  6.489  6.377  6.535  6.402  6.540  6.420  6.537  6.531  6.400  6.528  6.265  6.324  6.488  6.525  6.551  6.465  6.329  6.308  6.347  6.395  6.430  6.233  6.333  6.154  6.148  6.265  6.240  6.404  6.402  6.365  6.354  6.303  6.426  6.443  6.457  6.344  6.455
5.198  4.997  5.176  5.234  5.094  5.094  5.094  5.220  5.469  5.338  5.152  5.252  5.231  5.159  5.330  5.088  5.147  5.024  5.288  5.318  5.214  5.153  5.197  5.290  5.153  5.118  5.004  4.860  4.913  4.905  4.949  4.977  5.081  5.063  5.204  5.056  4.990  5.124  4.956  5.085  5.218  5.170
5.425  5.313  5.394  5.437  5.533  5.451  5.247  5.429  5.380  5.394  5.357  5.468  5.485  5.394  5.486  5.263  5.308  5.517  5.491  5.417  5.325  5.226  5.380  5.464  5.338  5.422  5.282  5.361  5.050  5.247  5.236  5.234  5.416  5.412  5.215  5.380  5.231  5.553  5.335  5.366  5.366  5.485
4.522  4.585  4.549  4.500  4.533  4.522  4.575  4.466  4.477  4.554  4.554  4.552  4.736  4.723  4.673  4.401  4.533  4.691  4.694  4.595  4.673  4.543  4.554  4.605  4.575  4.585  4.503  4.483  4.443  4.344  4.419  4.394  4.620  4.443  4.533  4.605  4.554  4.644  4.498  4.489  4.511  4.615
