4.787  4.659  4.804  4.543  4.682  4.710  4.710  4.663  4.673  4.875  4.736  4.890  4.940  4.804  4.804  4.766  4.615  4.745  4.717  4.575  4.796  4.654  4.635  4.635  4.677  4.580  4.663  4.635  4.514  4.477  4.644  4.443  4.691  4.644  4.673  4.575  4.644  4.585  4.500  4.620  4.625  4.812
6.114  6.061  6.023  5.945  6.043  6.144  6.093  6.068  6.194  6.188  6.001  6.116  6.230  6.004  6.155  6.084  6.001  6.071  6.122  5.937  6.023  6.066  6.001  6.148  6.040  6.089  5.967  5.911  6.034  6.031  5.945  5.971  5.889  6.006  6.054  6.157  6.087  6.001  5.979  6.050  5.829  6.131
4.977  5.056  4.913  4.828  4.752  4.883  4.934  4.958  4.913  4.942  4.942  4.874  4.937  4.868  4.954  4.922  5.006  4.905  4.938  4.956  4.984  5.069  5.011  5.147  4.745  4.580  4.787  4.828  4.874  4.835  4.963  4.979  4.682  4.819  4.919  4.905  4.934  4.804  4.762  4.710  4.585  4.828
5.106  5.094  5.069  5.075  5.029  5.088  5.080  5.024  5.193  5.182  5.088  5.189  5.361  5.186  5.198  5.212  5.069  5.256  5.130  5.078  5.187  5.118  5.147  5.278  5.037  4.942  5.030  5.024  4.954  4.875  5.063  5.017  5.017  5.017  5.004  5.043  5.037  5.050  4.984  5.094  4.852  5.030
6.486  6.351  6.446  6.461  6.468  6.534  6.482  6.471  6.558  6.628  6.531  6.622  6.579  6.514  6.535  6.412  6.410  6.390  6.583  6.438  6.553  6.421  6.391  6.459  6.394  6.392  6.360  6.290  6.243  6.342  6.317  6.297  6.337  6.458  6.500  6.443  6.375  6.418  6.347  6.418  6.336  6.429
5.069  4.787  5.112  5.085  4.760  5.011  5.003  4.945  5.247  5.075  5.021  5.017  4.942  4.919  5.220  4.990  4.970  5.126  5.481  5.147  5.220  5.150  4.977  5.081  4.913  4.916  4.836  4.913  4.736  4.934  4.812  4.828  5.069  4.979  4.812  4.997  4.860  4.942  4.787  4.920  5.209  4.934
5.942  5.725  5.979  5.663  5.919  5.905  5.784  5.849  5.971  6.198  5.832  6.028  6.011  5.836  6.047  5.687  5.642  5.833  5.920  5.720  5.710  5.652  5.777  5.673  5.707  5.881  5.752  5.762  5.561  5.680  5.727  5.529  5.790  5.815  5.717  5.829  5.858  5.811  5.742  5.861  5.635  5.922
4.546  4.533  4.554  4.522  4.357  4.595  4.304  4.610  4.500  4.762  4.469  4.754  4.727  4.489  4.635  4.357  4.317  4.369  4.605  4.522  4.357  4.398  4.382  4.483  4.419  4.454  4.369  4.331  4.260  4.205  4.263  4.315  4.575  4.394  4.331  4.431  4.407  4.331  4.382  4.407  4.304  4.344
7.067  6.837  6.976  6.903  6.990  6.996  6.938  6.939  7.023  7.150  6.984  6.961  7.041  6.910  6.991  6.860  6.784  6.908  7.020  6.969  6.896  6.876  6.846  6.890  6.930  7.004  6.821  6.877  6.746  6.842  6.828  6.751  6.908  6.954  6.964  6.824  6.974  6.968  6.948  7.037  6.917  6.965
6.174  6.028  5.900  5.919  6.124  6.098  6.168  6.089  6.138  6.254  6.181  6.163  6.211  6.059  6.122  5.905  5.933  5.914  6.180  6.118  6.163  6.038  5.981  6.037  5.986  5.948  5.916  5.786  5.777  5.793  5.808  5.849  5.771  5.945  5.976  5.957  5.971  5.872  5.878  5.835  5.693  5.885
5.814  5.398  5.507  5.439  5.585  5.540  5.489  5.541  5.470  5.663  5.415  5.631  5.487  5.607  5.635  5.442  5.296  5.537  5.628  5.572  5.476  5.403  5.352  5.412  5.434  5.437  5.481  5.434  5.127  5.278  5.375  5.252  5.455  5.448  5.384  5.509  5.313  5.460  5.366  5.425  5.226  5.481
5.043  4.804  4.820  4.934  4.916  4.828  4.796  4.920  4.927  4.997  4.945  5.021  4.883  4.860  5.094  4.771  4.839  4.890  4.820  4.934  4.997  4.836  4.875  4.942  4.699  4.745  4.836  4.762  4.727  4.654  4.836  4.654  4.852  4.786  4.796  4.836  4.804  4.585  4.736  4.663  4.673  4.662
5.673  5.236  5.595  5.485  5.628  5.519  5.450  5.565  5.635  5.714  5.521  5.704  5.609  5.529  5.623  5.257  5.290  5.490  5.638  5.642  5.400  5.407  5.352  5.325  5.494  5.545  5.432  5.447  5.186  5.438  5.267  5.231  5.521  5.548  5.439  5.361  5.489  5.580  5.333  5.533  5.472  5.581
4.308  4.248  4.234  4.111  4.290  4.331  4.367  4.234  4.344  4.290  4.241  4.554  4.443  4.511  4.407  4.304  4.260  4.304  4.234  4.466  4.317  4.220  4.304  4.248  4.388  4.263  4.220  4.127  4.057  4.205  4.031  4.174  4.205  4.220  4.182  4.344  4.248  4.174  4.111  4.234  4.190  4.094
6.380  6.129  6.186  6.080  6.236  6.314  6.192  6.295  6.323  6.411  6.273  6.347  6.410  6.246  6.360  6.215  6.118  6.304  6.315  6.215  6.263  6.297  6.211  6.214  6.267  6.378  6.215  6.201  6.138  6.148  6.218  5.996  6.091  6.216  6.162  6.236  6.309  6.180  6.234  6.344  6.127  6.258
6.215  6.072  6.059  5.979  6.051  6.014  6.082  6.028  6.127  6.309  6.163  6.226  6.293  6.103  6.232  6.071  6.035  5.909  6.149  6.086  6.182  6.138  6.086  6.128  5.892  6.054  6.000  5.886  5.883  5.943  6.014  5.952  5.930  6.045  6.120  6.035  5.999  6.017  5.999  5.951  5.964  5.994
6.593  6.006  6.283  6.328  6.310  6.357  6.103  6.294  6.360  6.443  6.394  6.426  6.445  6.345  6.314  6.227  5.974  6.389  6.256  6.337  6.211  5.969  6.100  6.031  6.066  6.192  6.157  6.254  5.991  6.005  6.159  5.841  6.103  6.100  5.944  6.174  6.044  6.326  6.293  6.385  6.061  6.306
6.032  5.717  5.954  5.944  5.905  5.974  5.875  5.892  5.989  6.073  6.011  6.050  6.091  5.959  5.996  5.807  5.852  5.976  5.974  6.033  5.799  5.694  5.754  5.811  5.724  5.808  5.771  5.761  5.684  5.727  5.771  5.618  5.768  5.820  5.804  5.775  5.849  5.883  5.781  5.883  5.802  5.900
4.663  4.762  4.800  4.687  4.898  4.864  4.573  4.762  4.875  4.779  4.623  4.811  5.024  4.836  4.905  4.723  4.489  4.898  4.762  4.956  4.836  4.860  4.997  4.934  4.654  4.710  4.779  4.779  4.533  4.710  4.828  4.543  4.745  4.743  4.654  4.779  4.796  4.812  4.754  4.802  4.644  4.682
4.691  4.682  4.749  4.787  4.812  4.852  4.620  4.736  4.680  4.806  4.649  4.927  4.852  4.868  4.931  4.790  4.595  4.717  4.868  4.860  4.977  4.783  4.796  4.779  4.585  4.615  4.691  4.595  4.443  4.615  4.685  4.680  4.673  4.654  4.787  4.779  4.820  4.690  4.654  4.710  4.605  4.796
5.434  4.898  5.320  5.361  5.360  5.398  5.357  5.416  5.389  5.505  5.288  5.481  5.724  5.318  5.631  5.153  5.298  5.159  5.620  5.602  5.333  5.263  5.112  5.159  5.212  5.433  5.197  5.165  4.868  4.940  4.973  4.984  5.354  5.352  5.142  5.226  5.118  5.204  5.075  5.153  5.226  5.333
3.829  3.689  3.738  3.738  3.611  3.638  3.664  3.761  3.714  3.761  3.701  3.951  3.850  3.761  4.060  3.689  3.738  3.813  3.761  3.871  3.871  3.738  3.761  3.761  3.780  3.726  3.611  3.714  3.638  3.584  3.839  3.689  3.807  3.664  3.584  3.689  3.761  3.829  3.738  3.689  3.434  3.689
