6.450  6.256  6.334  6.087  6.242  6.380  6.441  6.446  6.467  6.628  6.524  6.616  6.650  6.467  6.603  6.447  6.261  6.529  6.567  6.423  6.461  6.340  6.458  6.433  6.443  6.519  6.447  6.447  6.282  6.363  6.441  6.290  6.315  6.479  6.461  6.425  6.420  6.436  6.234  6.469  6.284  6.417
5.394  5.431  5.313  5.165  5.193  5.278  5.493  5.361  5.501  5.684  5.485  5.505  5.624  5.403  5.557  5.447  5.476  5.318  5.505  5.338  5.517  5.420  5.485  5.533  5.342  5.447  5.357  5.293  5.323  5.293  5.472  5.182  5.165  5.333  5.460  5.298  5.499  5.257  5.226  5.277  5.106  5.268
7.113  6.905  6.970  6.907  6.996  7.078  7.016  7.028  7.123  7.164  6.932  7.059  7.126  7.053  7.071  6.984  6.806  7.053  7.149  6.977  6.996  6.958  6.981  6.912  7.092  7.076  7.045  7.000  6.873  7.033  6.963  6.816  6.896  7.122  7.041  7.052  7.048  6.971  6.780  7.031  6.869  7.130
5.606  5.738  5.576  5.565  5.656  5.782  5.861  5.694  5.869  5.916  5.620  5.852  5.916  5.778  5.811  5.727  5.663  5.605  5.844  5.513  5.875  5.717  5.784  5.762  5.733  5.714  5.743  5.576  5.694  5.855  5.663  5.525  5.381  5.802  5.881  5.807  5.754  5.438  5.489  5.613  5.468  5.690
7.737  7.476  7.589  7.553  7.683  7.724  7.630  7.681  7.658  7.750  7.695  7.763  7.686  7.689  7.692  7.653  7.480  7.670  7.703  7.608  7.661  7.508  7.563  7.499  7.610  7.672  7.604  7.659  7.533  7.533  7.591  7.465  7.523  7.655  7.593  7.645  7.643  7.643  7.529  7.689  7.526  7.640
6.483  6.218  6.354  6.337  6.404  6.450  6.518  6.486  6.461  6.555  6.314  6.527  6.568  6.375  6.554  6.265  6.392  6.250  6.481  6.329  6.494  6.413  6.268  6.303  6.381  6.409  6.304  6.219  6.070  6.214  6.310  6.273  6.256  6.450  6.382  6.357  6.434  6.328  6.148  6.172  6.282  6.342
6.621  6.379  6.576  6.529  6.565  6.546  6.619  6.585  6.691  6.763  6.494  6.695  6.627  6.531  6.678  6.340  6.503  6.482  6.686  6.504  6.721  6.556  6.447  6.491  6.604  6.639  6.558  6.480  6.337  6.431  6.416  6.479  6.504  6.677  6.581  6.509  6.522  6.483  6.380  6.455  6.482  6.612
6.087  5.768  5.886  5.872  5.940  5.935  6.064  5.916  6.103  6.138  5.919  6.089  6.023  5.849  6.063  5.737  5.943  5.860  6.045  5.886  6.052  5.969  5.767  5.832  5.974  5.858  5.805  5.787  5.684  5.714  5.784  5.875  5.927  5.966  5.998  5.911  5.889  5.811  5.802  5.732  5.697  5.930
7.457  7.088  7.414  7.274  7.481  7.499  7.445  7.484  7.512  7.581  7.427  7.585  7.502  7.313  7.540  7.304  7.203  7.371  7.627  7.298  7.406  7.257  7.243  7.126  7.462  7.525  7.344  7.394  7.112  7.238  7.142  7.219  7.311  7.492  7.438  7.408  7.366  7.383  7.272  7.371  7.370  7.447
5.429  5.283  5.371  5.242  5.333  5.571  5.628  5.517  5.645  5.609  5.673  5.694  5.707  5.553  5.749  5.589  5.489  5.323  5.557  5.398  5.677  5.549  5.519  5.370  5.513  5.466  5.505  5.353  5.226  5.338  5.328  5.162  5.338  5.565  5.501  5.645  5.529  5.278  5.242  5.308  5.236  5.464
6.820  6.644  6.620  6.624  6.802  6.907  6.862  6.789  6.875  6.983  6.871  6.912  6.942  6.859  6.958  6.772  6.522  6.742  6.791  6.524  6.714  6.695  6.756  6.737  6.623  6.628  6.690  6.714  6.572  6.709  6.780  6.507  6.497  6.760  6.698  6.767  6.836  6.750  6.532  6.746  6.467  6.645
5.252  5.187  4.942  5.030  5.126  5.142  5.308  5.268  5.225  5.366  5.328  5.226  5.366  5.364  5.373  5.088  4.970  4.996  5.161  4.905  5.241  5.193  5.236  5.231  4.984  5.072  5.037  5.069  5.029  5.100  5.197  5.130  4.875  5.106  5.050  5.278  5.182  5.111  4.883  5.011  4.951  4.905
6.436  6.176  6.384  6.360  6.443  6.498  6.305  6.370  6.342  6.330  6.378  6.265  6.441  6.390  6.438  6.246  6.031  6.420  6.373  6.273  6.238  6.170  6.209  6.168  6.263  6.303  6.153  6.342  6.061  6.118  6.205  6.155  6.207  6.174  6.246  6.236  6.289  6.312  6.223  6.378  6.126  6.366
5.953  5.872  5.902  5.903  6.040  6.031  5.886  5.908  5.919  5.818  5.975  5.750  6.095  5.960  6.038  5.881  5.746  5.908  5.911  5.897  5.948  5.951  5.876  5.942  5.793  5.743  5.808  5.838  5.549  5.656  5.793  5.649  5.786  5.846  5.813  5.864  5.914  5.819  5.741  5.820  5.673  5.824
6.230  6.116  6.196  6.195  6.161  6.308  6.178  6.146  6.180  6.195  6.207  6.275  6.242  6.171  6.205  6.144  6.026  6.252  6.282  6.159  6.248  6.122  6.155  6.120  6.240  6.236  6.120  6.152  6.068  6.136  6.107  6.057  6.089  6.218  6.098  6.164  5.971  6.064  6.005  6.182  6.148  6.224
5.525  5.468  5.442  5.447  5.472  5.501  5.551  5.438  5.643  5.438  5.519  5.545  5.612  5.513  5.638  5.455  5.407  5.460  5.628  5.500  5.692  5.509  5.511  5.384  5.521  5.497  5.525  5.412  5.268  5.361  5.323  5.342  5.263  5.616  5.493  5.366  5.525  5.342  5.212  5.298  5.357  5.557
7.663  7.498  7.551  7.390  7.636  7.591  7.357  7.560  7.490  7.683  7.603  7.650  7.610  7.573  7.677  7.480  7.203  7.735  7.555  7.501  7.394  7.314  7.467  7.403  7.339  7.354  7.424  7.510  7.235  7.276  7.408  7.140  7.348  7.412  7.361  7.467  7.447  7.544  7.607  7.658  7.326  7.439
6.009  6.001  5.829  5.638  6.011  5.908  5.724  5.787  5.858  6.004  6.043  6.125  6.109  6.004  6.025  5.796  5.602  6.180  5.894  5.724  5.710  5.756  6.045  6.082  5.565  5.781  5.733  5.814  5.643  5.647  5.781  5.469  5.587  5.697  5.704  5.885  5.835  5.878  6.006  6.038  5.645  5.761
6.122  5.861  6.238  6.114  6.145  6.100  5.979  6.114  6.045  6.289  6.174  6.165  6.190  6.103  6.142  5.958  5.852  6.203  6.182  6.082  6.087  5.859  5.960  5.964  6.084  5.940  5.991  6.192  5.858  5.922  5.846  5.935  5.984  6.156  5.924  5.988  5.974  6.144  6.016  6.139  5.958  6.009
4.858  4.771  5.016  4.860  4.883  4.691  4.654  4.754  4.913  4.945  4.898  5.026  4.839  4.970  5.024  4.754  4.543  4.844  4.920  4.875  4.963  4.654  4.700  4.796  4.700  4.564  4.840  4.691  4.564  4.654  4.615  4.585  4.745  4.585  4.673  4.779  4.700  4.889  4.836  4.741  4.615  4.644
6.879  6.723  6.755  6.728  6.881  6.814  6.819  6.789  6.861  6.920  6.879  6.922  6.950  6.806  6.899  6.772  6.753  6.867  6.857  6.801  6.791  6.712  6.765  6.739  6.808  6.852  6.822  6.832  6.756  6.752  6.746  6.721  6.702  6.845  6.782  6.817  6.849  6.842  6.743  6.867  6.752  6.811
5.656  5.576  5.661  5.659  5.641  5.694  5.680  5.521  5.663  5.707  5.817  5.733  5.831  5.666  5.790  5.609  5.620  5.684  5.695  5.631  5.810  5.710  5.598  5.726  5.617  5.587  5.553  5.481  5.484  5.403  5.553  5.486  5.591  5.695  5.676  5.717  5.700  5.663  5.587  5.541  5.525  5.595
