3.807  3.555  3.658  3.497  3.714  3.611  3.497  3.714  3.638  3.497  3.555  3.709  3.632  3.871  3.761  3.638  3.497  3.638  3.526  3.738  3.611  3.689  3.611  3.664  3.638  3.555  3.689  3.550  3.401  3.645  3.550  3.578  3.584  3.541  3.738  3.555  3.658  3.584  3.367  3.520  3.570  3.664
3.418  3.258  3.367  3.367  3.450  3.332  3.444  3.555  3.466  3.497  3.332  3.497  3.367  3.401  3.555  3.434  3.497  3.434  3.401  3.526  3.584  3.434  3.466  3.332  3.296  3.395  3.296  3.296  3.296  3.325  3.466  3.367  3.466  3.367  3.555  3.428  3.466  3.367  3.250  3.401  3.258  3.401
4.802  4.913  4.802  4.779  4.800  4.796  4.883  4.949  5.088  5.209  4.743  4.913  5.069  4.927  4.920  4.860  4.736  4.883  5.004  4.721  4.820  4.848  4.779  4.710  4.860  4.796  4.762  4.605  4.475  4.691  4.559  4.815  4.492  4.787  4.804  4.804  4.644  4.754  4.536  4.630  4.605  4.787
4.734  4.489  4.454  4.718  4.543  4.575  4.779  4.718  4.714  4.754  4.615  4.700  4.595  4.635  4.644  4.673  4.613  4.431  4.726  4.530  4.828  4.677  4.454  4.635  4.615  4.564  4.533  4.350  4.231  4.394  4.431  4.585  4.263  4.625  4.745  4.564  4.489  4.543  4.407  4.419  4.407  4.466
5.875  5.826  5.762  5.829  5.914  5.932  5.861  5.697  5.765  5.889  5.839  5.844  6.001  5.781  5.881  5.775  5.694  5.794  5.740  5.746  5.799  5.779  5.749  5.835  5.595  5.529  5.634  5.497  5.384  5.644  5.771  5.666  5.562  5.705  5.730  5.735  5.743  5.675  5.638  5.620  5.509  5.602
6.280  6.291  6.164  6.116  6.180  6.305  6.271  6.107  6.161  6.321  6.347  6.261  6.378  6.205  6.363  6.200  6.155  6.132  6.261  6.120  6.315  6.228  6.308  6.361  5.989  5.976  6.070  5.984  5.914  6.027  6.211  6.012  5.993  6.082  6.179  6.172  6.210  6.118  6.078  6.023  5.974  6.003
4.511  4.407  4.466  4.472  4.454  4.434  4.583  4.533  4.573  4.615  4.543  4.663  4.575  4.543  4.677  4.369  4.477  4.425  4.583  4.644  4.613  4.500  4.357  4.625  4.514  4.460  4.431  4.573  4.290  4.489  4.328  4.431  4.454  4.431  4.595  4.369  4.304  4.407  4.422  4.357  4.382  4.522
4.500  4.454  4.543  4.489  4.533  4.583  4.620  4.440  4.806  4.595  4.511  4.694  4.575  4.394  4.802  4.369  4.635  4.413  4.615  4.771  4.663  4.687  4.543  4.852  4.739  4.663  4.500  4.559  4.564  4.533  4.373  4.533  4.734  4.543  4.718  4.419  4.443  4.344  4.335  4.419  4.475  4.443
5.117  5.094  5.081  5.130  5.011  4.984  5.103  5.019  5.034  5.089  5.039  5.124  5.187  5.063  5.218  4.990  5.069  5.042  5.142  5.120  5.263  5.193  5.088  5.219  4.938  4.933  4.900  4.745  4.718  4.786  4.875  5.004  4.979  5.075  5.077  4.898  5.088  4.963  4.835  4.942  4.819  4.919
5.366  5.338  5.357  5.277  5.333  5.236  5.286  5.195  5.235  5.209  5.291  5.220  5.280  5.416  5.407  5.186  5.204  5.259  5.276  5.324  5.347  5.425  5.223  5.442  5.091  5.081  5.055  5.040  5.003  5.112  5.153  5.118  5.112  5.195  5.193  5.276  5.230  5.231  5.204  5.209  5.105  5.138
4.710  4.498  4.407  4.428  4.331  4.554  4.613  4.593  4.585  4.700  4.407  4.605  4.745  4.625  4.564  4.543  4.522  4.500  4.644  4.585  4.635  4.575  4.554  4.642  4.620  4.443  4.419  4.522  4.220  4.419  4.317  4.511  4.489  4.710  4.500  4.625  4.635  4.554  4.585  4.673  4.585  4.718
4.043  4.043  3.871  3.892  3.998  4.025  4.094  4.007  4.060  4.078  3.932  4.074  4.069  4.197  3.989  4.043  4.040  3.912  4.034  4.248  4.182  4.174  3.922  3.989  3.970  3.989  3.995  3.784  3.709  3.829  3.867  3.938  3.951  3.951  3.908  3.912  3.951  4.022  4.025  4.043  3.784  3.912
4.443  4.407  4.398  4.498  4.509  4.477  4.394  4.357  4.277  4.443  4.585  4.541  4.615  4.673  4.615  4.454  4.263  4.431  4.771  4.635  4.585  4.511  4.489  4.407  4.382  4.127  4.159  4.220  4.143  4.197  4.317  4.500  4.344  4.317  4.419  4.443  4.543  4.595  4.654  4.511  4.454  4.585
4.564  4.394  4.527  4.454  4.500  4.575  4.277  4.605  4.248  4.477  4.503  4.575  4.595  4.595  4.654  4.431  4.431  4.311  4.410  4.564  4.431  4.217  4.454  4.443  4.190  4.344  4.392  4.317  4.091  4.174  4.304  4.344  4.270  4.357  4.625  4.543  4.317  4.605  4.682  4.625  4.394  4.522
4.691  4.605  4.691  4.585  4.745  4.820  4.466  4.662  4.583  4.852  4.620  4.700  4.700  4.775  4.800  4.673  4.477  4.745  4.703  4.690  4.734  4.644  4.663  4.828  4.498  4.407  4.489  4.431  4.263  4.511  4.466  4.434  4.585  4.522  4.511  4.578  4.554  4.469  4.603  4.466  4.380  4.533
4.997  4.736  4.915  4.840  4.898  4.927  4.710  4.691  4.723  4.806  4.771  4.823  4.927  4.828  5.032  4.662  4.615  4.947  4.970  4.920  4.920  4.779  4.949  4.868  4.708  4.663  4.564  4.483  4.511  4.533  4.691  4.615  4.710  4.605  4.671  4.677  4.585  4.710  4.762  4.710  4.541  4.682
4.769  4.890  4.852  4.762  4.802  4.864  4.710  4.736  4.745  4.804  4.745  4.820  4.931  4.854  4.942  4.760  4.580  4.820  4.913  4.815  4.889  4.836  4.875  4.970  4.745  4.500  4.503  4.464  4.543  4.489  4.745  4.654  4.673  4.682  4.762  4.779  4.811  4.644  4.714  4.662  4.623  4.615
5.130  5.045  4.883  4.942  5.019  4.963  4.963  4.883  4.860  5.009  5.004  4.990  5.214  4.951  5.165  4.990  4.934  4.972  5.037  5.050  5.088  4.975  4.977  5.106  4.700  4.779  4.852  4.927  4.625  4.771  4.905  4.779  4.931  4.847  4.823  4.927  4.752  4.982  4.839  4.919  4.663  4.779
4.094  4.060  4.341  4.060  4.111  4.174  4.143  4.124  4.148  4.187  3.932  4.220  4.217  4.317  4.248  4.179  3.970  4.127  4.190  4.248  4.246  4.025  4.382  4.174  4.057  4.060  4.159  4.043  3.970  3.892  4.074  3.892  4.078  4.043  4.111  4.127  4.143  4.043  4.248  3.932  3.912  4.187
4.341  4.407  4.277  4.344  4.205  4.263  4.143  4.205  4.382  4.317  4.174  4.369  4.260  4.263  4.394  4.060  4.220  4.124  4.369  4.500  4.354  4.431  4.344  4.443  4.143  4.277  4.143  4.241  3.989  4.159  4.078  4.127  4.248  4.288  4.234  4.220  4.143  4.234  4.119  4.127  4.111  4.419
3.951  3.892  3.967  4.060  4.094  4.159  4.167  4.043  4.119  4.111  4.013  4.187  4.140  4.263  4.295  4.007  4.174  3.985  4.234  4.331  4.317  4.025  4.060  4.094  3.970  3.951  3.947  4.025  3.871  3.951  3.912  4.078  3.989  3.989  4.094  3.951  4.069  3.892  3.947  4.220  3.947  3.892
3.664  3.611  3.584  3.689  3.738  3.584  3.658  3.714  3.611  3.664  3.664  3.689  3.807  3.807  3.784  3.611  3.664  3.689  3.784  3.818  3.761  3.738  3.689  3.714  3.689  3.555  3.597  3.526  3.689  3.520  3.584  3.714  3.714  3.664  3.584  3.611  3.555  3.434  3.664  3.850  3.632  3.526
