3.466  4.811  4.588  4.635  4.593  4.915  4.868  4.682  4.796  4.913  4.726  4.898  4.787  4.705  4.827  4.663  4.663  4.749  4.852  4.714  4.812  4.745  4.691  4.652  4.703  4.676  4.593  4.820  4.585  4.564  4.682  4.644  4.644  4.431  4.644  4.625  4.699  4.580  4.699  4.477  4.644  4.543
3.638  3.555  3.664  3.726  3.632  3.684  3.733  3.714  3.750  3.829  3.611  3.761  3.970  3.835  3.912  3.784  3.611  3.555  3.638  3.908  3.807  3.684  3.611  3.684  3.689  3.638  3.780  3.466  3.726  3.497  3.497  3.638  3.584  3.466  3.605  3.584  3.526  3.555  3.526  3.434  3.689  3.611
4.680  4.367  4.567  4.500  4.511  4.820  4.615  4.771  4.710  4.726  4.533  4.787  4.736  4.554  4.745  4.454  4.443  4.407  4.762  4.554  4.831  4.700  4.522  4.477  4.583  4.663  4.489  4.500  4.277  4.443  4.431  4.454  4.394  4.608  4.663  4.625  4.644  4.533  4.205  4.511  4.475  4.573
4.025  4.004  3.912  3.892  3.784  3.951  4.078  3.892  4.094  4.392  3.951  4.281  4.205  3.951  3.989  4.301  4.094  4.094  4.202  4.143  4.238  4.111  3.871  4.025  3.846  3.807  3.871  3.584  3.664  3.784  3.970  4.060  3.932  3.985  3.967  3.976  4.043  3.839  3.892  3.871  3.892  3.985
4.419  4.263  4.454  4.500  4.382  4.654  4.407  4.585  4.640  4.554  4.475  4.673  4.511  4.419  4.546  4.533  4.304  4.290  4.623  4.489  4.543  4.317  4.357  4.392  4.466  4.407  4.263  4.431  4.217  4.344  4.407  4.290  4.369  4.477  4.477  4.317  4.331  4.431  4.174  4.388  4.267  4.357
4.394  4.167  4.290  4.277  4.277  4.094  4.220  4.277  4.304  4.382  4.263  4.344  4.369  4.331  4.344  4.304  4.331  4.174  4.369  4.344  4.489  4.263  4.143  4.143  4.127  4.060  4.007  4.127  3.998  4.078  4.040  4.111  4.156  4.220  4.290  4.317  4.143  4.078  4.179  4.057  4.083  4.194
5.268  5.420  5.268  5.429  5.438  5.360  5.464  5.361  5.394  5.308  5.278  5.371  5.503  5.384  5.472  5.357  5.222  5.182  5.442  5.394  5.447  5.338  5.394  5.397  5.226  5.182  5.214  5.218  5.011  5.111  5.333  5.257  5.220  5.286  5.193  5.288  5.291  5.273  5.238  5.273  5.081  5.204
4.934  4.966  4.990  5.088  5.052  5.121  4.996  5.030  5.204  5.204  5.050  5.182  5.195  5.100  5.147  5.063  4.902  4.828  5.198  5.069  5.257  5.106  5.050  5.023  5.011  4.956  5.019  4.815  4.913  4.927  4.934  4.852  5.069  5.081  5.017  5.159  4.973  4.920  4.868  4.913  5.011  4.844
5.631  5.340  5.468  5.409  5.361  5.635  5.476  5.525  5.529  5.583  5.481  5.620  5.707  5.624  5.631  5.509  5.381  5.485  5.652  5.412  5.505  5.451  5.396  5.313  5.557  5.730  5.545  5.384  5.275  5.322  5.352  5.513  5.447  5.648  5.557  5.352  5.549  5.407  5.302  5.389  5.429  5.553
4.328  4.431  4.489  4.317  4.111  4.238  4.431  4.205  4.554  4.458  4.248  4.575  4.638  4.428  4.543  4.466  4.477  4.585  4.511  4.443  4.357  4.564  4.127  4.304  4.354  4.489  4.419  4.143  4.274  4.111  4.205  4.111  4.205  4.413  4.231  4.270  4.231  4.143  4.025  4.234  4.111  4.270
4.694  4.647  4.623  4.775  4.635  4.618  4.533  4.522  4.613  4.663  4.644  4.575  4.543  4.595  4.771  4.536  4.394  4.676  4.522  4.836  4.595  4.727  4.615  4.771  4.466  4.511  4.595  4.477  4.290  4.431  4.511  4.522  4.498  4.489  4.477  4.628  4.522  4.615  4.690  4.559  4.419  4.644
4.407  4.605  4.649  4.585  4.516  4.564  4.344  4.533  4.625  4.500  4.382  4.431  4.562  4.590  4.682  4.583  4.344  4.546  4.625  4.691  4.615  4.530  4.625  4.595  4.407  4.454  4.382  4.263  4.277  4.413  4.369  4.522  4.712  4.498  4.533  4.509  4.419  4.511  4.662  4.458  4.407  4.687
5.004  4.775  4.904  4.989  5.011  4.887  4.984  4.769  4.927  5.017  5.040  5.136  5.182  5.059  5.106  4.875  5.043  4.840  4.982  5.142  4.796  4.984  5.106  5.118  4.779  5.106  4.840  4.812  4.875  4.848  4.913  4.736  4.866  4.852  4.890  5.017  4.890  4.875  4.736  4.883  4.779  4.787
4.654  4.564  4.680  4.654  4.682  4.466  4.466  4.492  4.575  4.710  4.500  4.640  4.771  4.662  4.736  4.443  4.727  4.511  4.500  4.779  4.682  4.673  4.466  4.635  4.511  4.605  4.369  4.344  4.522  4.404  4.644  4.585  4.779  4.595  4.727  4.718  4.554  4.530  4.274  4.419  4.454  4.567
4.227  4.143  4.281  4.317  4.127  4.143  4.127  4.111  4.443  4.220  4.111  4.248  4.331  4.331  4.543  4.182  4.324  4.094  4.304  4.317  4.511  4.253  4.174  4.224  4.277  3.912  4.043  4.031  3.871  4.119  4.069  4.220  4.094  4.205  4.111  4.290  4.217  4.174  4.174  4.060  4.231  4.127
4.277  4.143  4.317  4.382  4.357  4.202  4.246  4.357  4.736  4.590  4.416  4.344  4.552  4.382  4.663  4.382  4.288  4.419  4.443  4.673  4.483  4.331  4.382  4.585  4.295  4.369  4.171  4.187  3.951  4.143  4.190  4.190  4.454  4.190  4.367  4.317  4.315  4.281  4.060  4.373  4.344  4.344
5.394  5.270  5.363  5.371  5.375  5.275  5.189  5.301  5.313  5.403  5.448  5.226  5.298  5.327  5.451  5.263  5.056  5.242  5.527  5.471  5.354  5.262  5.283  5.347  5.043  5.129  5.069  5.081  4.934  5.153  5.193  5.147  5.239  5.215  5.263  5.085  5.100  5.236  5.291  5.247  5.088  5.081
4.654  4.615  4.682  4.663  4.644  4.676  4.500  4.585  4.595  4.812  4.691  4.652  4.736  4.710  4.762  4.533  4.509  4.762  4.766  4.779  4.832  4.635  4.554  4.682  4.489  4.454  4.500  4.394  4.187  4.428  4.486  4.475  4.673  4.585  4.500  4.554  4.460  4.673  4.792  4.564  4.511  4.477
4.386  4.111  4.267  4.174  4.419  4.260  4.174  4.357  4.277  4.419  4.304  4.317  4.500  4.205  4.505  4.205  4.190  4.220  4.419  4.394  4.410  4.304  4.260  4.248  4.190  4.231  4.124  4.057  4.277  4.127  4.143  4.057  4.127  4.369  4.357  4.234  4.290  4.331  4.148  4.094  4.159  4.331
4.043  3.850  3.861  3.912  4.007  3.846  3.761  4.007  3.761  3.951  3.761  3.912  3.970  3.892  4.127  3.932  3.892  3.912  4.156  4.143  3.976  3.761  4.078  3.970  3.892  3.807  3.871  3.745  3.664  3.664  3.784  3.795  3.922  3.829  3.780  3.850  3.850  3.989  4.007  3.850  3.850  3.871
4.277  4.124  4.404  4.407  4.533  4.369  4.304  4.489  4.394  4.394  4.304  4.354  4.477  4.331  4.605  4.288  4.205  4.443  4.489  4.575  4.500  4.304  4.317  4.449  4.263  4.554  4.263  4.382  4.277  4.224  4.263  4.511  4.585  4.625  4.454  4.543  4.654  4.754  4.613  5.011  5.030  5.130
4.111  3.970  4.127  4.174  4.179  4.263  4.040  4.234  4.127  4.260  4.043  4.159  4.231  4.304  4.205  4.094  4.190  3.932  4.078  4.489  4.127  4.179  4.248  3.980  3.892  4.078  4.007  3.967  3.951  3.932  4.052  4.140  4.369  4.007  4.140  4.127  4.043  4.156  4.057  4.007  4.078  4.174
