4.135  4.007  4.127  4.022  3.970  4.205  4.220  4.187  3.892  4.108  4.111  4.167  4.151  4.159  4.205  4.174  3.989  3.989  4.234  4.481  4.078  4.238  4.174  4.127  4.187  3.970  4.078  3.989  3.867  4.174  4.078  4.060  4.127  3.912  4.074  4.025  4.091  3.951  4.043  3.932  4.127  4.007
5.050  5.043  4.990  4.984  4.934  5.220  5.100  5.176  5.030  5.100  5.142  5.153  5.100  5.011  5.152  4.913  4.984  4.866  5.234  5.030  5.056  5.043  5.118  5.088  4.987  4.916  4.927  4.952  4.970  5.013  4.934  4.977  5.043  4.919  5.011  5.004  4.920  5.050  4.889  4.924  4.970  5.055
4.382  4.369  4.263  4.562  3.989  4.443  4.357  4.369  4.205  4.431  4.205  4.407  4.522  4.489  4.575  4.344  4.284  4.290  4.388  4.382  4.489  4.317  4.248  4.331  4.263  4.382  4.321  4.143  4.007  4.220  4.108  4.277  4.248  4.304  4.363  4.263  4.290  4.419  4.057  4.348  4.369  4.248
4.344  4.477  4.220  4.425  4.025  4.443  4.454  4.304  4.533  4.640  4.464  4.373  4.644  4.464  4.682  4.386  4.317  4.419  4.466  4.419  4.533  4.443  4.290  4.277  4.304  4.290  4.277  4.263  4.060  4.234  4.443  4.290  4.248  4.260  4.304  4.317  4.382  4.288  4.111  4.248  4.234  4.454
4.431  4.290  4.357  4.357  4.220  4.382  4.357  4.234  4.263  4.489  4.190  4.454  4.369  4.500  4.394  4.290  4.357  4.277  4.452  4.466  4.416  4.290  4.277  4.317  4.369  4.290  4.277  4.267  4.220  4.317  4.234  4.277  4.234  4.281  4.317  4.220  4.143  4.174  4.205  4.357  4.190  4.328
4.710  4.575  4.533  4.557  4.369  4.489  4.644  4.489  4.635  4.595  4.511  4.635  4.615  4.682  4.662  4.472  4.585  4.522  4.585  4.644  4.804  4.625  4.511  4.466  4.344  4.419  4.369  4.369  4.263  4.382  4.489  4.489  4.477  4.595  4.489  4.538  4.394  4.466  4.407  4.382  4.324  4.431
4.703  4.477  4.522  4.477  4.304  4.682  4.585  4.605  4.673  4.625  4.454  4.644  4.615  4.673  4.708  4.520  4.511  4.557  4.654  4.615  4.820  4.603  4.522  4.654  4.263  4.382  4.407  4.382  4.234  4.357  4.407  4.564  4.413  4.466  4.466  4.466  4.277  4.454  4.425  4.533  4.357  4.522
4.525  4.500  4.595  4.673  4.734  4.543  4.554  4.654  4.575  4.595  4.575  4.663  4.718  4.666  4.691  4.673  4.511  4.603  4.736  4.605  4.595  4.630  4.554  4.533  4.466  4.419  4.431  4.304  4.274  4.440  4.511  4.317  4.324  4.500  4.466  4.489  4.443  4.419  4.533  4.419  4.407  4.443
6.449  6.181  6.317  6.358  6.296  6.269  6.265  6.250  6.184  6.491  6.483  6.342  6.378  6.244  6.387  6.146  5.983  6.218  6.259  6.338  6.203  6.178  6.133  6.165  6.119  6.084  6.050  6.098  5.861  6.005  6.192  6.006  6.104  6.073  6.078  6.196  6.089  6.280  6.186  6.103  6.127  6.170
5.922  5.744  5.733  5.796  5.784  5.775  5.677  5.793  5.697  5.991  5.929  5.889  5.864  5.823  5.829  5.684  5.643  5.661  5.780  5.706  5.775  5.649  5.700  5.704  5.570  5.489  5.580  5.578  5.429  5.511  5.587  5.497  5.600  5.568  5.642  5.663  5.611  5.678  5.656  5.617  5.541  5.624
4.060  4.174  4.111  4.103  4.171  4.151  4.260  4.111  4.143  4.190  4.086  4.220  4.220  4.205  4.431  4.060  4.078  4.205  4.043  4.091  4.234  4.111  4.094  4.143  3.989  3.932  4.013  3.932  3.989  3.932  4.060  4.060  4.025  3.985  4.111  4.025  4.025  4.007  4.013  3.912  3.970  3.912
4.197  4.190  4.159  3.951  4.231  4.315  4.295  4.060  4.078  4.341  4.431  4.220  4.315  4.220  4.543  4.263  4.143  4.220  4.290  4.143  4.277  4.290  4.174  4.407  4.043  4.111  4.209  3.912  4.127  4.043  4.234  4.174  4.052  4.159  4.328  4.094  4.290  4.190  4.111  4.060  4.025  4.119
5.425  5.397  5.357  5.468  5.434  5.476  5.501  5.468  5.434  5.407  5.412  5.106  5.533  5.468  5.412  5.371  5.293  5.464  5.333  5.442  5.517  5.442  5.337  5.449  5.234  5.165  5.231  5.117  5.236  5.231  5.375  5.425  5.313  5.357  5.283  5.373  5.356  5.118  5.357  5.357  5.298  5.347
6.312  6.216  6.232  6.172  6.234  6.215  6.229  6.244  6.248  6.286  6.244  6.073  6.385  6.286  6.399  6.203  6.107  6.230  6.254  6.087  6.169  6.207  6.238  6.244  6.139  6.082  6.045  6.052  5.940  5.999  6.168  6.091  6.053  6.091  6.129  6.208  6.136  6.071  6.071  6.102  6.047  6.126
4.382  4.357  4.277  4.357  4.220  4.253  4.354  4.274  4.290  4.431  4.477  4.407  4.317  4.369  4.595  4.315  4.331  4.217  4.341  4.575  4.357  4.248  4.205  4.317  4.231  4.220  4.234  4.220  3.970  4.060  4.234  4.159  4.274  4.234  4.304  4.234  4.344  4.344  4.267  4.103  4.220  4.187
4.494  4.277  4.425  4.440  4.443  4.367  4.398  4.382  4.520  4.603  4.394  4.431  4.595  4.452  4.500  4.357  4.304  4.392  4.394  4.575  4.489  4.344  4.317  4.344  4.440  4.288  4.454  4.187  4.288  4.248  4.357  4.263  4.428  4.454  4.486  4.317  4.394  4.466  4.328  4.234  4.509  4.466
4.796  4.673  5.243  4.732  4.727  4.965  4.511  4.804  5.063  4.927  4.804  4.745  4.649  4.685  5.030  4.552  4.691  5.173  5.024  4.883  4.883  4.843  4.820  4.860  5.034  4.570  4.727  4.727  4.466  4.844  4.625  4.554  4.965  4.732  4.905  4.877  4.500  4.500  4.489  4.605  4.710  4.615
4.673  4.477  4.696  4.564  4.554  4.583  4.428  4.407  4.489  4.605  4.575  4.644  4.654  4.500  4.585  4.437  4.483  4.618  4.585  4.700  4.644  4.564  4.489  4.812  4.564  4.331  4.419  4.304  4.277  4.440  4.382  4.407  4.481  4.509  4.546  4.613  4.304  4.394  4.477  4.500  4.489  4.369
4.205  4.013  4.078  4.043  4.078  4.025  4.143  4.094  4.060  4.205  4.060  4.190  4.407  4.171  4.263  4.025  4.025  4.135  4.143  4.143  4.382  4.260  3.989  3.989  3.871  4.043  3.932  3.970  3.850  3.807  4.078  4.069  4.022  4.060  4.060  3.985  4.143  4.127  4.159  3.932  3.989  4.007
3.784  3.757  3.850  3.888  3.871  3.846  3.757  3.892  3.761  3.829  3.638  3.932  4.078  3.802  4.103  3.761  3.761  3.807  3.912  4.007  3.912  3.850  3.807  3.892  3.784  3.784  3.784  3.555  3.611  3.689  3.932  3.850  3.867  3.807  3.761  3.761  3.784  3.738  3.714  3.651  3.829  3.784
4.654  4.500  4.635  4.654  4.615  4.663  4.500  4.682  4.657  4.828  4.700  4.615  4.812  4.736  4.808  4.543  4.687  4.673  4.758  4.890  4.710  4.605  4.666  4.700  4.500  4.654  4.644  4.543  4.419  4.477  4.575  4.736  4.625  4.635  4.595  4.710  4.466  4.511  4.766  4.489  4.625  4.710
5.659  5.342  5.525  5.481  5.472  5.517  5.318  5.533  5.484  5.631  5.687  5.545  5.704  5.635  5.616  5.515  5.601  5.557  5.450  5.609  5.467  5.474  5.416  5.525  5.391  5.529  5.583  5.485  5.283  5.318  5.400  5.416  5.541  5.545  5.541  5.460  5.476  5.485  5.595  5.489  5.421  5.537
