4.187  4.220  4.124  3.989  4.060  4.159  4.007  4.127  4.205  4.174  4.159  4.281  4.248  4.234  4.317  4.078  3.970  4.407  4.220  4.220  4.288  4.094  4.127  4.277  4.248  4.159  4.127  4.025  3.970  3.850  4.060  3.912  4.111  4.171  4.159  4.078  4.094  4.060  3.989  4.094  4.007  4.159
4.335  4.317  4.202  4.078  4.094  4.290  4.277  4.277  4.369  4.475  4.209  4.317  4.369  4.407  4.443  4.220  4.060  4.344  4.190  4.407  4.431  4.171  4.127  4.277  4.174  4.078  4.205  4.234  4.043  4.043  4.111  4.060  4.078  4.159  4.205  4.025  4.094  4.066  4.288  4.156  3.912  4.407
4.187  4.190  4.127  4.246  4.025  4.116  4.159  4.220  4.174  4.277  4.007  4.111  4.363  4.290  4.357  4.171  4.108  4.094  4.231  4.348  4.290  4.174  4.290  4.357  4.043  4.174  4.205  4.078  4.060  4.007  4.060  4.094  4.190  4.277  4.111  4.174  4.094  4.156  4.094  3.932  4.043  4.277
4.277  4.078  4.234  4.174  3.967  4.060  4.007  4.094  4.220  4.357  4.074  4.111  4.124  4.111  4.190  3.912  4.043  4.119  4.281  4.317  4.159  4.202  4.007  4.220  4.078  4.060  3.871  4.060  3.892  3.892  4.094  3.995  4.140  3.951  3.912  4.007  3.932  4.043  4.143  4.060  4.111  4.043
4.533  4.682  4.522  4.575  4.533  4.564  4.654  4.500  4.635  4.600  4.454  4.575  4.610  4.543  4.703  4.489  4.605  4.350  4.511  4.691  4.654  4.585  4.522  4.595  4.500  4.578  4.407  4.477  4.290  4.511  4.380  4.530  4.466  4.509  4.498  4.522  4.431  4.407  4.394  4.437  4.394  4.369
4.913  4.836  4.736  4.752  4.718  4.700  4.727  4.883  4.820  4.970  4.762  4.883  4.752  4.816  4.779  4.673  4.710  4.812  4.836  4.787  4.745  4.710  4.623  4.779  4.613  4.620  4.694  4.595  4.486  4.575  4.605  4.682  4.682  4.595  4.673  4.635  4.654  4.745  4.543  4.522  4.382  4.898
4.808  4.745  4.875  4.934  4.754  4.848  4.924  4.796  4.766  4.868  4.934  4.804  4.972  4.736  5.042  4.691  4.806  4.812  4.875  4.920  4.898  4.956  4.844  4.920  4.700  4.741  4.727  4.573  4.625  4.779  4.673  4.628  4.717  4.836  4.843  4.682  4.710  4.890  4.575  4.644  4.752  4.905
4.143  4.159  4.043  4.127  4.238  4.270  4.190  4.143  4.060  4.290  4.094  4.108  4.304  4.317  4.304  4.156  4.159  4.025  4.143  4.187  4.277  4.127  4.043  4.311  3.970  4.007  4.043  4.094  3.784  4.025  4.043  4.069  3.989  4.025  4.187  3.951  4.156  4.078  4.248  4.025  4.007  4.043
5.026  5.004  4.883  4.898  4.804  4.898  4.844  4.804  4.984  5.111  4.874  5.156  5.100  4.956  5.147  4.883  4.920  4.934  5.069  5.024  5.043  5.030  4.796  5.130  4.820  4.762  4.796  4.727  4.654  4.718  4.771  4.718  4.934  4.832  4.836  4.905  4.927  4.787  4.682  4.758  4.564  4.977
4.673  4.635  4.575  4.623  4.522  4.580  4.871  4.585  4.615  4.787  4.511  4.691  4.771  4.710  4.792  4.758  4.533  4.543  4.734  4.654  4.779  4.585  4.454  4.605  4.543  4.419  4.466  4.407  4.449  4.498  4.511  4.522  4.638  4.404  4.543  4.477  4.543  4.554  4.575  4.543  4.350  4.472
4.956  4.890  4.885  4.977  4.777  4.920  4.920  4.890  4.883  5.130  4.997  4.920  5.069  4.852  5.088  4.771  4.883  4.920  4.913  4.990  4.879  4.942  4.942  5.004  4.736  4.812  4.777  4.745  4.682  4.605  4.890  4.745  4.844  4.756  4.954  4.700  4.654  4.890  4.852  4.691  4.615  4.836
4.477  4.477  4.500  4.407  4.489  4.328  4.554  4.394  4.466  4.625  4.585  4.443  4.663  4.317  4.605  4.500  4.443  4.466  4.489  4.691  4.564  4.543  4.394  4.477  4.348  4.431  4.369  4.290  4.143  4.248  4.407  4.431  4.454  4.376  4.522  4.657  4.443  4.304  4.361  4.380  4.369  4.500
5.242  5.071  5.135  5.069  5.017  5.112  5.112  5.182  5.088  5.172  5.175  5.193  5.357  5.153  5.295  4.956  5.047  5.283  5.187  5.094  5.278  5.030  5.118  5.124  4.913  4.934  5.004  4.828  4.828  5.130  5.024  4.868  4.933  5.004  4.870  4.920  5.147  4.913  5.004  4.816  4.954  5.112
4.766  4.554  4.635  4.615  4.590  4.700  4.663  4.595  4.668  4.745  4.783  4.812  4.820  4.843  4.769  4.605  4.605  4.745  4.635  4.615  4.836  4.828  4.779  4.663  4.615  4.635  4.691  4.522  4.380  4.511  4.673  4.443  4.615  4.625  4.489  4.673  4.543  4.585  4.680  4.595  4.472  4.564
5.056  4.970  4.889  5.043  5.088  5.117  4.990  5.083  5.003  5.153  5.112  5.118  5.236  5.158  5.277  5.069  5.136  5.027  5.165  5.206  5.209  5.159  5.100  5.220  4.875  4.883  4.963  4.868  4.866  5.037  5.153  5.081  5.069  5.056  5.118  5.075  5.127  5.142  5.091  4.934  4.874  4.963
5.533  5.476  5.568  5.687  5.596  5.583  5.572  5.602  5.472  5.576  5.428  5.666  5.638  5.602  5.797  5.476  5.557  5.375  5.687  5.623  5.741  5.640  5.568  5.631  5.583  5.545  5.398  5.283  5.328  5.403  5.396  5.561  5.645  5.505  5.511  5.591  5.654  5.609  5.587  5.485  5.529  5.553
5.308  5.030  5.313  5.293  5.182  5.081  5.139  5.103  5.159  5.352  5.165  5.333  5.209  5.323  5.293  5.075  5.100  5.283  5.236  5.361  5.187  5.170  5.223  5.303  5.037  5.024  5.173  5.147  4.956  4.963  5.093  5.142  5.136  5.159  5.165  5.088  5.118  5.200  5.130  5.093  5.085  5.192
4.922  4.736  4.816  4.877  4.868  4.828  4.796  4.710  4.852  4.965  4.836  4.927  4.956  4.879  4.990  4.796  4.779  4.868  4.852  4.956  4.949  4.808  4.754  4.934  4.673  4.595  4.771  4.734  4.533  4.796  4.812  4.771  4.804  4.754  4.754  4.836  4.700  4.657  4.732  4.595  4.727  4.682
4.248  4.187  4.078  4.277  4.167  4.078  4.159  4.159  4.190  4.317  4.111  4.043  4.328  4.382  4.554  4.263  4.234  4.246  4.394  4.357  4.452  4.220  4.143  4.431  4.143  4.040  4.135  4.263  4.025  4.205  4.337  4.290  4.190  4.263  4.078  4.311  4.103  4.190  4.220  4.060  4.094  4.190
4.078  3.951  3.989  4.025  4.043  3.912  4.108  3.867  4.277  4.143  4.025  4.159  4.227  4.248  4.419  4.025  4.111  4.111  4.220  4.143  4.248  4.078  3.850  4.227  3.892  3.871  4.143  4.143  4.025  3.970  4.164  4.174  4.159  4.205  4.078  4.078  3.871  3.951  3.985  4.004  4.083  3.980
4.812  4.635  4.762  4.771  4.710  4.779  4.691  4.771  4.575  4.779  4.868  4.787  4.844  4.804  4.956  4.820  4.575  4.762  4.956  4.771  4.977  4.615  4.745  4.779  4.676  4.595  4.543  4.760  4.511  4.615  4.625  4.516  4.762  4.625  4.736  4.642  4.595  4.754  4.663  4.600  4.605  4.762
4.533  4.505  4.407  4.452  4.466  4.443  4.382  4.394  4.623  4.654  4.477  4.554  4.673  4.625  4.687  4.466  4.394  4.578  4.754  4.717  4.727  4.344  4.557  4.623  4.357  4.416  4.344  4.277  4.171  4.357  4.331  4.369  4.500  4.205  4.431  4.454  4.419  4.500  4.570  4.331  4.190  4.522
