4.392  4.127  4.212  4.043  4.220  4.431  4.111  4.341  4.246  4.575  4.103  4.454  4.315  4.331  4.454  4.111  4.159  4.263  4.464  4.394  4.344  4.078  4.171  4.202  4.127  4.143  3.970  4.220  4.043  3.871  4.094  3.912  4.263  4.220  4.256  4.060  4.140  4.078  4.127  4.078  3.970  4.205
3.401  3.360  3.367  3.367  3.466  3.395  3.296  3.535  3.367  3.664  3.250  3.638  3.638  3.466  3.651  3.296  3.401  3.401  3.611  3.714  3.550  3.466  3.466  3.696  3.466  3.466  3.418  3.401  3.367  3.178  3.570  3.584  3.367  3.258  3.428  3.466  3.638  3.401  3.466  3.258  3.490  3.584
4.217  4.057  4.143  4.111  4.159  4.151  4.246  4.290  4.190  4.562  4.220  4.248  4.431  4.127  4.363  4.190  4.094  4.060  4.220  4.127  4.234  4.174  4.263  4.060  4.025  4.124  3.970  4.190  4.094  4.143  4.094  3.951  3.989  3.989  3.912  4.078  4.119  4.116  4.043  4.127  3.871  3.967
3.497  3.367  3.401  3.784  3.367  3.466  3.497  3.526  3.367  3.497  3.258  3.475  3.490  3.497  3.526  3.526  3.555  3.584  3.526  3.638  3.526  3.555  3.367  3.466  3.490  3.466  3.367  3.332  3.401  3.367  3.401  3.526  3.466  3.497  3.497  3.401  3.401  3.434  3.343  3.258  3.466  3.497
3.584  3.578  3.664  3.578  3.689  3.761  3.658  3.714  3.750  3.738  3.332  3.632  3.784  3.638  3.850  3.871  3.526  3.664  3.829  3.932  3.709  3.709  3.689  3.611  3.701  3.401  3.555  3.714  3.497  3.714  3.664  3.684  3.638  3.497  3.658  3.664  3.555  3.466  3.497  3.555  3.689  3.664
4.274  4.159  4.111  3.938  4.111  4.174  4.140  4.220  4.277  4.394  4.263  4.407  4.344  4.295  4.277  4.263  4.108  4.174  4.543  4.248  4.078  3.912  4.350  4.127  4.127  4.234  4.111  4.143  3.892  4.174  4.331  3.951  4.159  4.220  4.190  4.246  4.205  4.060  4.217  4.248  3.970  4.304
3.555  3.638  3.714  3.578  3.632  3.658  3.564  3.611  3.761  3.761  3.497  3.761  3.761  3.578  3.632  3.490  3.611  3.714  3.871  3.714  3.761  3.555  3.714  3.664  3.526  3.651  3.466  3.689  3.526  3.570  3.526  3.584  3.738  3.638  3.497  3.714  3.664  3.555  3.434  3.578  3.526  3.689
3.638  3.664  3.611  3.795  3.912  3.850  3.664  3.689  3.638  3.714  3.664  3.835  3.664  3.578  3.555  3.689  3.726  3.555  3.638  3.780  3.664  3.802  3.526  3.829  3.829  3.632  3.684  3.497  3.611  3.401  3.664  3.689  3.664  3.664  3.714  3.807  3.526  3.757  3.689  3.584  3.541  3.714
3.932  3.807  3.908  3.632  3.714  3.761  3.584  3.892  3.932  3.784  3.807  3.871  3.932  3.912  3.951  3.807  3.689  3.757  4.025  3.738  3.932  3.807  3.638  3.738  3.871  3.857  3.784  3.611  3.555  3.490  3.584  3.651  3.709  3.761  3.761  3.658  3.658  3.839  3.555  3.714  3.689  3.871
3.555  3.526  3.466  3.497  3.434  3.332  3.466  3.555  3.434  3.466  3.332  3.497  3.584  3.526  3.584  3.466  3.526  3.367  3.611  3.784  3.611  3.555  3.466  3.555  3.584  3.332  3.434  3.481  3.367  3.555  3.367  3.550  3.434  3.360  3.526  3.459  3.401  3.296  3.434  3.497  3.332  3.584
5.625  5.485  5.568  5.603  5.442  5.422  5.481  5.442  5.476  5.591  5.481  5.529  5.525  5.472  5.684  5.394  5.380  5.341  5.548  5.561  5.565  5.509  5.403  5.398  5.263  5.308  5.292  5.198  5.170  5.283  5.472  5.513  5.468  5.442  5.489  5.442  5.352  5.455  5.489  5.338  5.318  5.318
5.252  5.129  5.103  5.042  5.198  5.142  5.130  5.142  5.056  5.268  5.273  5.176  5.341  5.124  5.278  5.165  5.074  5.142  5.037  5.106  5.106  5.142  5.293  5.293  4.812  4.792  5.027  4.934  4.945  5.293  5.063  5.081  4.942  5.043  5.106  5.231  5.136  5.147  5.187  5.105  4.875  4.963
3.605  3.497  3.555  3.555  3.709  3.611  3.434  3.689  3.555  3.714  3.401  3.709  3.813  3.829  3.761  3.638  3.632  3.684  3.922  3.761  3.676  3.526  3.638  3.619  3.611  3.466  3.570  3.434  3.428  3.526  3.434  3.434  3.611  3.638  3.444  3.584  3.367  3.584  3.497  3.638  3.401  3.526
3.332  3.332  3.434  3.367  3.434  3.401  3.332  3.466  3.367  3.401  3.401  3.434  3.367  3.605  3.738  3.332  3.434  3.258  3.605  3.497  3.555  3.401  3.434  3.520  3.288  3.367  3.434  3.250  3.219  3.296  3.401  3.434  3.466  3.490  3.332  3.401  3.296  3.332  3.211  3.296  3.367  3.395
4.802  4.615  4.700  4.666  4.883  4.898  4.317  4.754  4.511  4.934  4.771  4.820  4.934  4.890  4.970  4.511  4.174  4.847  4.718  4.663  4.500  4.315  4.673  4.431  4.331  4.382  4.348  4.588  4.217  4.530  4.410  4.317  4.489  4.443  4.382  4.585  4.595  4.543  4.771  4.644  4.143  4.673
3.892  3.951  3.871  3.932  3.871  3.932  3.761  3.892  3.829  3.892  3.970  3.871  4.034  3.951  4.234  3.784  3.947  3.857  3.871  3.970  3.961  3.892  3.892  3.928  3.709  3.829  3.773  3.714  3.658  3.584  3.761  3.892  3.733  3.584  3.850  3.829  3.611  3.871  3.970  3.738  3.611  3.701
4.890  4.663  4.796  4.754  4.934  4.898  4.585  4.700  4.736  4.927  4.769  4.852  5.017  4.812  5.094  4.575  4.543  4.828  4.913  4.635  4.745  4.475  4.796  4.804  4.593  4.685  4.745  4.771  4.454  4.533  4.554  4.511  4.691  4.654  4.691  4.635  4.690  4.522  4.754  4.745  4.511  4.682
3.584  3.689  3.784  3.611  3.664  3.807  3.689  3.638  3.807  3.829  3.714  3.784  3.912  3.989  3.912  3.733  3.658  3.932  3.892  3.784  3.784  3.784  3.829  3.850  3.555  3.689  3.638  3.526  3.664  3.584  3.638  3.611  3.632  3.611  3.807  3.664  3.709  3.584  3.555  3.638  3.555  3.664
4.966  4.593  4.852  4.852  4.831  4.920  4.475  5.029  4.804  4.963  4.868  4.938  4.990  4.875  4.934  4.875  4.525  4.883  4.896  4.890  4.745  4.428  4.727  4.736  4.511  4.787  4.654  4.786  4.477  4.543  4.464  4.443  4.787  4.771  4.673  4.769  4.554  4.920  4.745  4.796  4.603  4.990
4.454  4.466  4.357  4.575  4.489  4.344  4.263  4.489  4.367  4.595  4.522  4.454  4.522  4.600  4.595  4.344  4.331  4.404  4.452  4.575  4.431  4.328  4.394  4.564  4.443  4.369  4.277  4.220  4.116  4.263  4.159  4.304  4.564  4.407  4.489  4.404  4.357  4.489  4.489  4.419  4.277  4.369
5.517  5.219  5.481  5.449  5.471  5.505  5.327  5.328  5.371  5.447  5.384  5.553  5.591  5.460  5.591  5.281  5.338  5.384  5.459  5.384  5.407  5.366  5.333  5.439  5.352  5.464  5.288  5.371  5.159  5.361  5.215  5.338  5.349  5.409  5.318  5.366  5.485  5.407  5.360  5.428  5.479  5.568
4.779  4.756  4.760  4.700  4.804  4.860  4.794  4.796  4.831  4.934  4.771  4.883  4.887  4.927  5.017  4.514  4.654  4.831  4.984  4.824  4.977  4.727  4.710  4.721  4.868  4.796  4.673  4.718  4.595  4.564  4.718  4.691  4.771  4.879  4.690  4.762  4.745  4.836  4.644  4.762  4.585  4.779
