4.934  5.011  4.942  4.890  4.690  4.949  4.852  4.875  4.942  5.273  5.017  4.961  5.124  4.844  4.963  4.949  4.852  4.927  5.003  5.011  5.164  4.990  4.883  4.934  4.736  4.762  4.808  4.777  4.673  4.771  4.860  4.705  4.787  4.806  4.920  4.850  4.819  4.963  4.836  4.854  4.852  4.858
5.438  5.268  5.338  5.371  5.342  5.293  5.403  5.412  5.297  5.489  5.407  5.438  5.501  5.328  5.453  5.301  5.286  5.432  5.407  5.434  5.472  5.332  5.380  5.328  5.165  5.094  5.298  5.075  4.990  5.142  5.311  5.278  5.153  5.244  5.278  5.278  5.338  5.380  5.374  5.357  5.344  5.318
4.159  4.159  4.263  4.127  4.040  4.022  4.238  4.187  4.143  4.143  4.086  4.111  4.143  4.205  4.248  4.043  3.951  4.205  4.328  4.331  4.220  4.043  4.094  4.234  3.970  4.078  3.989  4.060  3.784  3.951  4.111  4.143  4.127  3.928  4.094  4.220  3.970  4.094  4.057  3.807  4.143  4.159
3.932  3.784  3.932  3.932  4.007  3.989  3.998  4.094  4.052  3.989  3.780  4.127  4.357  4.127  4.060  4.174  4.025  4.078  4.052  4.256  4.025  4.078  4.094  4.078  3.912  3.846  3.807  3.912  3.689  3.932  3.892  3.989  4.025  4.043  3.871  3.892  3.829  3.970  3.689  3.689  3.947  4.025
4.407  4.382  4.127  4.174  4.190  4.234  4.217  4.274  4.357  4.500  4.174  4.187  4.331  4.263  4.248  4.127  4.274  4.094  4.344  4.190  4.357  4.174  4.304  4.311  4.217  4.127  4.274  4.078  4.025  4.174  4.140  4.174  4.197  4.140  4.263  4.248  4.220  4.069  3.947  3.970  4.127  4.304
4.043  4.108  4.094  3.970  4.197  4.078  4.234  4.078  4.108  4.277  3.951  4.159  4.341  4.234  4.220  4.094  4.034  4.031  4.382  4.119  4.190  3.989  4.025  4.004  4.094  4.016  3.829  3.908  3.807  3.989  3.985  4.016  4.043  3.912  4.007  4.025  3.967  4.159  3.867  3.638  3.850  3.970
4.466  4.511  4.304  4.357  4.564  4.500  4.500  4.416  4.466  4.585  4.575  4.575  4.673  4.575  4.585  4.419  4.277  4.481  4.533  4.522  4.554  4.489  4.588  4.654  4.369  4.382  4.331  4.344  4.248  4.277  4.382  4.277  4.331  4.449  4.354  4.413  4.505  4.527  4.357  4.533  4.205  4.413
4.382  4.304  4.234  4.263  4.174  4.159  4.174  4.241  4.407  4.127  4.290  4.263  4.460  4.394  4.431  4.263  4.241  4.205  4.367  4.419  4.419  4.174  4.267  4.234  4.094  4.022  3.989  4.143  3.888  4.060  4.304  4.060  4.094  4.220  4.083  4.174  4.304  4.143  4.220  4.127  4.007  4.111
5.762  5.439  5.609  5.407  5.561  5.463  5.434  5.659  5.529  5.883  5.749  5.668  5.628  5.561  5.663  5.427  5.288  5.459  5.537  5.572  5.425  5.293  5.485  5.447  5.268  5.357  5.338  5.497  5.209  5.485  5.411  5.226  5.474  5.442  5.450  5.505  5.464  5.668  5.602  5.583  5.421  5.533
4.977  4.898  4.852  4.875  4.977  4.905  5.077  5.099  5.030  5.170  5.136  5.063  5.153  4.890  5.017  4.949  4.727  4.685  5.086  5.030  4.905  4.844  4.894  4.890  4.691  4.796  4.828  5.004  4.743  4.852  5.024  4.625  4.798  4.898  4.952  4.852  4.875  4.890  4.984  4.860  4.605  4.875
5.649  5.635  5.545  5.617  5.493  5.565  5.412  5.464  5.541  5.638  5.677  5.600  5.644  5.690  5.670  5.568  5.533  5.491  5.585  5.684  5.623  5.575  5.631  5.704  5.390  5.418  5.483  5.434  5.323  5.375  5.605  5.513  5.525  5.541  5.631  5.563  5.485  5.598  5.638  5.494  5.349  5.380
4.454  4.404  4.143  4.511  4.304  4.290  4.431  4.311  4.369  4.373  4.382  4.344  4.344  4.263  4.511  4.431  4.440  4.174  4.382  4.407  4.466  4.416  4.361  4.595  4.363  4.290  4.277  4.143  4.159  4.234  4.220  4.350  4.205  4.317  4.357  4.369  4.382  4.290  4.367  4.407  4.190  4.205
4.284  4.205  4.234  4.143  4.094  4.135  4.290  4.094  4.190  4.331  4.248  4.127  4.382  4.382  4.357  4.159  4.060  4.317  4.431  4.317  4.443  4.248  4.111  4.354  3.871  4.111  3.970  4.078  3.932  4.127  4.143  4.034  4.025  4.220  4.060  4.111  4.174  4.304  4.078  4.159  3.932  4.205
4.025  3.714  3.871  3.857  3.961  3.807  3.757  4.007  3.912  3.970  3.871  3.850  4.025  4.060  4.043  3.888  3.761  3.932  3.932  3.892  3.970  3.850  3.689  3.850  3.664  3.714  3.888  3.632  3.638  3.689  3.807  3.807  4.043  3.829  3.970  3.829  4.025  3.738  3.638  3.664  3.738  3.802
3.957  3.871  4.111  3.892  4.025  3.912  3.989  4.140  4.248  4.132  4.143  4.094  4.094  4.156  4.290  3.807  3.892  4.190  4.281  4.078  3.932  3.850  3.932  3.951  3.989  3.970  3.989  4.127  3.761  3.970  3.951  3.951  4.025  3.989  3.757  4.025  3.932  3.850  3.738  4.060  3.829  3.892
3.696  3.497  3.908  3.497  3.638  3.867  3.761  3.738  3.829  3.611  3.664  3.709  3.784  3.861  3.951  3.738  3.651  3.738  3.912  3.709  3.807  3.664  3.466  3.689  3.829  3.780  3.761  3.584  3.611  3.684  3.466  3.989  3.689  3.761  3.738  3.780  3.526  3.497  3.555  3.632  3.555  3.497
4.454  4.220  4.392  4.434  4.317  4.443  4.248  4.489  4.392  4.428  4.489  4.357  4.541  4.477  4.437  4.190  4.477  4.440  4.595  4.635  4.575  4.344  4.290  4.466  4.407  4.466  4.304  4.311  4.304  4.382  4.454  4.260  4.466  4.382  4.304  4.317  4.394  4.367  4.331  4.425  4.277  4.315
3.951  3.932  3.892  3.989  3.970  3.871  3.892  3.980  3.998  3.970  3.738  4.151  4.103  4.190  4.140  3.989  4.159  3.850  4.060  4.174  4.190  4.007  3.932  4.205  3.850  4.078  4.057  3.908  3.989  3.989  3.951  3.989  4.078  3.970  3.912  4.043  3.807  3.942  3.892  3.970  3.967  3.951
5.415  5.278  5.159  5.136  5.375  5.242  5.352  5.215  5.349  5.509  5.269  5.447  5.549  5.497  5.421  5.215  5.464  5.278  5.366  5.407  5.491  5.464  5.333  5.465  5.069  5.264  5.249  5.142  5.226  5.231  5.111  5.130  5.182  5.313  5.434  5.468  5.505  5.273  5.298  5.265  5.004  5.088
5.072  4.727  4.812  4.839  4.977  4.870  4.828  4.934  4.868  4.997  4.860  4.898  5.011  4.990  5.129  4.896  5.011  4.710  5.024  5.069  4.890  5.016  4.736  4.905  4.771  4.771  4.836  4.654  4.804  4.554  4.745  4.828  4.885  4.796  4.860  4.977  4.836  4.836  4.890  4.827  4.915  4.815
3.689  3.757  3.761  3.757  3.714  3.738  3.638  3.714  3.611  3.850  3.892  3.871  3.922  3.912  3.912  3.857  3.733  3.664  3.995  3.829  3.967  3.780  3.738  3.689  3.664  3.584  3.738  3.611  3.332  3.714  3.696  3.638  3.638  3.638  3.733  3.784  3.632  3.784  3.611  3.584  3.497  3.664
3.689  3.664  3.701  3.757  3.611  3.632  3.638  3.761  3.664  3.664  3.497  3.761  3.871  3.689  3.912  3.555  3.850  3.738  3.912  3.738  3.807  3.871  3.738  3.784  3.664  3.526  3.638  3.689  3.466  3.584  3.761  3.761  3.714  3.555  3.684  3.555  3.578  3.664  3.611  3.584  3.526  3.497
