5.029  4.820  4.890  4.956  4.796  4.997  4.938  4.920  4.956  5.026  4.990  5.047  5.024  5.040  5.159  5.187  5.056  5.153  4.836  5.043  5.034  4.938  4.890  4.947  4.820  4.860  4.754  4.754  4.588  4.760  4.754  4.812  4.727  4.847  4.836  4.718  4.860  4.820  4.796  4.605  4.860  4.682
5.069  4.673  4.934  4.977  5.030  4.961  4.816  4.934  4.820  4.965  4.949  4.866  4.926  4.736  4.977  4.787  4.723  4.787  4.860  4.920  5.009  4.677  4.696  4.718  4.820  4.700  4.654  4.710  4.511  4.615  4.717  4.727  4.762  4.745  4.732  4.804  4.860  4.783  4.836  4.736  4.913  4.736
4.489  4.398  4.357  4.367  4.500  4.344  4.317  4.407  4.407  4.564  4.331  4.466  4.583  4.516  4.500  4.357  4.401  4.367  4.554  4.328  4.428  4.277  4.324  4.317  4.190  4.290  4.317  4.328  4.091  4.220  4.304  4.220  4.331  4.425  4.304  4.443  4.227  4.317  4.290  4.220  4.220  4.407
4.013  3.928  4.025  3.709  3.871  3.947  3.850  3.829  3.942  3.892  3.750  4.007  4.119  4.060  4.263  3.892  3.970  3.829  3.908  4.040  4.022  3.784  3.871  3.932  3.807  3.738  3.714  3.850  3.689  3.638  3.689  3.947  3.867  3.714  3.738  3.871  3.611  3.658  3.802  3.738  3.664  3.951
5.164  5.068  5.226  5.193  5.176  5.153  5.165  5.075  5.198  5.313  5.050  5.308  5.268  5.142  5.318  5.142  5.088  5.124  5.142  5.159  5.366  5.170  5.042  5.215  5.011  5.100  4.919  4.860  4.787  4.990  4.905  5.069  4.977  5.147  5.209  5.094  5.176  5.136  4.898  4.927  5.100  4.975
5.357  5.043  5.442  5.352  5.297  5.347  5.225  5.384  5.303  5.429  5.330  5.384  5.451  5.357  5.497  5.340  5.278  5.438  5.352  5.442  5.338  5.195  5.239  5.327  5.176  5.146  5.042  5.105  4.875  5.007  5.298  4.997  5.308  5.138  5.161  5.069  5.136  5.377  5.136  5.063  5.133  5.193
4.844  4.787  4.718  4.852  4.564  4.956  4.718  4.743  4.736  4.820  4.769  4.852  4.836  4.812  4.934  4.771  4.754  4.812  4.905  4.990  4.933  4.815  4.836  4.905  4.883  4.905  4.749  4.911  4.860  5.063  4.754  4.710  4.736  4.745  4.710  4.718  4.718  4.644  4.754  4.625  4.605  4.718
4.369  4.246  4.190  4.234  4.174  4.159  4.143  4.174  4.205  4.331  4.205  4.248  4.394  4.304  4.443  4.108  4.220  4.263  4.344  4.454  4.477  4.277  4.190  4.394  4.220  4.304  4.220  4.238  4.043  4.143  4.135  4.205  4.290  4.078  4.220  4.190  4.234  4.277  4.159  4.190  4.111  4.094
6.407  6.188  6.308  6.392  6.323  6.382  6.405  6.304  6.458  6.749  6.415  6.526  6.537  6.328  6.489  6.351  6.354  6.192  6.539  6.418  6.439  6.365  6.347  6.321  6.291  6.297  6.220  6.157  6.113  6.238  6.240  6.269  6.213  6.355  6.453  6.326  6.314  6.190  6.206  6.220  6.340  6.332
7.107  7.013  7.006  7.090  7.072  7.097  7.162  7.074  7.206  7.376  7.162  7.249  7.194  7.115  7.199  7.077  7.120  6.925  7.268  7.222  7.209  7.175  7.107  7.105  7.129  7.076  7.060  7.028  6.970  7.128  7.178  7.188  7.218  7.321  7.443  7.296  7.623  7.441  7.366  7.720  7.751  7.777
5.140  5.081  5.170  5.112  5.196  5.263  5.162  5.100  5.257  5.323  5.118  5.338  5.100  5.029  5.182  4.997  4.977  4.898  5.272  5.204  5.278  5.004  4.852  4.984  5.056  5.142  5.100  4.852  4.868  5.017  4.965  5.006  5.094  5.236  5.223  5.252  5.117  5.094  5.056  4.997  5.118  5.063
4.431  4.205  4.159  4.331  4.234  4.620  4.094  4.369  4.522  4.727  4.369  4.723  4.394  4.369  4.428  4.464  4.159  4.290  4.511  4.331  4.290  4.440  4.449  4.394  4.220  4.078  4.277  4.159  4.220  4.025  4.394  4.522  4.369  4.392  4.388  4.174  4.151  4.190  4.357  4.317  4.143  4.043
4.159  4.290  4.354  4.187  4.246  4.248  4.190  4.304  4.190  4.205  4.190  4.392  4.500  4.440  4.431  4.078  4.205  4.431  4.331  4.290  4.543  4.382  4.315  4.288  4.220  4.190  4.281  4.111  4.159  4.171  4.143  4.190  4.234  4.288  4.431  4.277  4.143  4.171  4.060  4.205  4.174  4.220
4.007  3.932  3.839  3.871  3.807  3.912  3.871  3.912  3.807  4.043  3.784  3.892  4.094  4.103  4.127  4.007  4.043  4.248  4.111  4.094  4.277  4.043  3.985  3.947  3.780  3.714  3.846  3.761  3.714  3.871  3.784  3.871  3.892  4.043  3.784  3.932  3.871  3.989  3.784  4.007  3.802  3.761
3.951  3.824  4.016  3.850  3.902  3.970  3.664  3.867  3.912  3.912  3.922  3.970  3.985  4.007  3.970  3.850  3.761  3.892  3.850  4.143  4.127  3.912  3.922  3.970  3.664  3.784  3.912  3.738  3.871  3.839  3.818  3.835  3.829  3.850  3.807  3.795  3.807  3.829  3.689  3.850  3.850  3.802
4.043  3.938  4.321  4.043  4.007  4.127  3.928  4.111  4.220  4.321  4.091  4.094  4.277  4.202  4.248  3.928  3.970  4.290  4.143  4.248  4.143  3.922  3.871  4.094  3.757  4.060  3.871  4.007  3.784  4.069  3.835  3.850  4.248  3.871  3.850  3.892  3.738  4.124  3.738  4.004  3.985  3.951
4.875  4.654  4.615  4.760  4.828  4.696  4.682  4.696  4.644  4.828  4.700  4.796  4.860  4.748  4.868  4.585  4.836  4.562  4.868  4.852  4.787  4.700  4.615  4.718  4.644  4.682  4.625  4.527  4.437  4.554  4.564  4.522  4.717  4.663  4.700  4.671  4.654  4.663  4.605  4.575  4.654  4.691
4.127  3.947  4.040  4.004  4.143  3.967  3.829  3.995  4.127  4.127  3.951  3.912  4.111  4.190  4.094  3.892  3.938  3.871  4.004  4.143  3.908  4.025  3.850  4.060  3.961  3.970  4.025  3.882  3.871  3.624  3.829  3.829  3.957  3.951  3.871  3.989  4.060  3.989  3.985  3.871  3.951  3.850
5.215  4.951  5.043  5.085  5.009  5.024  4.835  4.907  5.030  5.069  5.004  5.130  5.100  5.037  5.242  4.804  5.050  5.124  5.204  5.100  5.165  5.142  5.050  5.108  4.870  4.949  4.836  4.625  4.714  4.745  4.866  4.956  5.182  5.004  4.947  5.050  4.787  4.966  4.942  4.956  4.819  4.990
5.187  5.050  5.056  5.112  5.068  5.075  4.875  4.970  4.956  5.106  5.088  5.130  5.257  5.100  5.153  4.958  4.977  5.147  5.106  5.153  5.231  5.034  5.004  5.192  4.881  4.927  4.963  4.963  4.700  4.808  4.874  4.913  5.088  4.931  5.081  5.215  4.860  5.024  4.984  4.913  4.942  5.024
4.605  4.516  4.357  4.644  4.522  4.682  4.443  4.443  4.533  4.682  4.554  4.522  4.673  4.533  4.954  4.575  4.644  4.559  4.554  4.677  4.832  4.779  4.605  4.644  4.369  4.575  4.516  4.241  4.317  4.481  4.605  4.682  4.654  4.680  4.828  4.663  4.477  4.635  4.392  4.357  4.536  4.489
4.635  4.654  4.718  4.804  4.654  4.754  4.736  4.663  4.708  4.812  4.723  4.812  4.783  4.700  4.887  4.754  4.718  4.779  4.913  4.937  4.949  4.745  4.736  4.771  4.682  4.708  4.710  4.633  4.431  4.530  4.625  4.543  4.710  4.666  4.654  4.644  4.533  4.710  4.605  4.578  4.657  4.787
