3.611  3.555  3.689  3.526  3.676  3.689  3.689  3.520  3.584  3.709  3.564  3.619  3.714  3.555  3.818  3.871  3.664  3.689  3.684  3.918  3.757  3.638  3.638  3.689  3.466  3.497  3.497  3.664  3.638  3.555  3.555  3.684  3.611  3.497  3.689  3.550  3.714  3.611  3.555  3.611  3.367  3.578
3.497  3.332  3.611  3.611  3.450  3.555  3.526  3.434  3.466  3.555  3.288  3.611  3.664  3.611  3.714  3.619  3.664  3.638  3.584  3.671  3.578  3.332  3.466  3.497  3.401  3.520  3.555  3.466  3.258  3.332  3.395  3.570  3.258  3.434  3.497  3.497  3.555  3.497  3.434  3.332  3.325  3.401
4.460  4.454  4.516  4.357  4.317  4.489  4.489  4.489  4.575  4.644  4.466  4.564  4.741  4.642  4.605  4.500  4.344  4.394  4.625  4.554  4.533  4.522  4.394  4.369  4.449  4.317  4.454  4.369  4.143  4.337  4.533  4.205  4.317  4.522  4.407  4.425  4.263  4.477  4.331  4.317  4.246  4.369
5.123  5.112  4.970  4.844  4.868  4.920  5.063  5.069  5.215  5.252  5.011  5.017  5.186  5.118  5.196  5.083  4.952  4.986  5.198  5.086  5.147  4.977  5.130  5.118  5.056  4.924  5.075  4.984  4.883  4.940  4.979  5.030  4.927  5.030  5.088  5.118  5.017  4.984  4.956  4.990  4.779  5.063
5.222  5.251  5.147  5.187  5.215  5.321  5.298  5.211  5.296  5.361  5.380  5.313  5.338  5.273  5.352  5.268  5.242  4.990  5.464  5.384  5.433  5.438  5.557  5.632  5.094  5.016  5.139  4.997  5.043  5.204  5.223  4.997  5.193  5.176  5.252  5.147  5.412  5.118  5.247  5.017  5.147  5.043
6.270  6.023  6.094  6.094  5.971  6.227  6.205  6.128  6.225  6.229  6.275  6.186  6.143  6.059  6.312  6.142  6.174  6.082  6.174  6.045  6.380  6.228  6.170  6.166  6.004  5.960  6.026  5.976  6.026  6.109  6.209  6.086  5.958  6.180  6.234  6.155  6.361  6.161  5.986  5.978  6.068  6.028
4.570  4.654  4.443  4.454  4.277  4.477  4.727  4.373  4.564  4.585  4.407  4.642  4.605  4.543  4.654  4.369  4.357  4.357  4.489  4.234  4.613  4.543  4.615  4.844  4.263  4.174  4.454  4.078  4.111  4.111  4.367  4.217  4.263  4.431  4.419  4.317  4.094  4.277  4.205  4.220  4.202  4.454
4.159  4.227  4.004  3.664  3.928  4.043  4.094  4.248  3.970  4.094  4.069  4.043  4.205  4.060  4.256  3.970  3.850  3.932  4.234  4.016  4.234  4.241  4.004  4.248  3.932  3.871  4.060  3.912  3.850  3.795  4.007  3.807  3.892  3.970  4.111  4.159  3.850  3.912  3.780  3.951  3.813  3.932
3.497  3.520  3.332  3.444  3.497  3.526  3.434  3.466  3.434  3.526  3.401  3.434  3.738  3.526  3.689  3.434  3.434  3.526  3.497  3.611  3.761  3.526  3.475  3.550  3.459  3.526  3.526  3.332  3.288  3.434  3.466  3.611  3.578  3.584  3.497  3.526  3.332  3.466  3.466  3.250  3.367  3.520
3.434  3.434  3.401  3.490  3.497  3.360  3.555  3.466  3.555  3.757  3.367  3.555  3.689  3.664  3.611  3.497  3.466  3.490  3.578  3.689  3.761  3.401  3.459  3.689  3.466  3.555  3.664  3.332  3.332  3.434  3.520  3.497  3.570  3.497  3.584  3.401  3.401  3.434  3.401  3.434  3.401  3.555
3.784  3.807  3.784  3.846  3.850  3.871  3.761  3.829  3.784  3.829  3.892  3.871  4.078  3.932  4.078  3.829  3.807  3.871  3.989  3.824  3.985  3.932  3.689  3.761  3.689  3.689  3.807  3.784  3.611  3.761  3.807  3.689  3.761  3.850  3.871  3.818  3.738  3.932  3.745  3.684  3.807  3.714
3.761  3.497  3.689  3.526  3.664  3.584  3.497  3.829  3.578  3.664  3.584  3.605  3.829  3.807  3.850  3.689  3.624  3.714  3.757  3.871  3.784  3.611  3.555  3.745  3.555  3.428  3.584  3.638  3.497  3.497  3.714  3.638  3.611  3.638  3.584  3.605  3.638  3.773  3.526  3.638  3.497  3.638
3.989  4.069  4.143  4.220  4.083  4.094  3.951  4.212  4.078  4.156  4.190  4.060  4.231  3.970  4.341  3.951  4.143  4.078  4.143  4.159  4.074  4.190  4.220  4.143  3.829  3.989  4.043  3.850  3.807  3.871  4.048  3.985  4.094  4.043  4.043  4.083  4.060  4.111  4.094  3.757  3.951  4.069
4.034  4.111  4.290  4.277  4.057  3.951  4.025  4.025  4.043  4.263  3.951  4.078  4.220  3.951  4.263  3.829  4.025  3.970  4.220  4.419  4.277  4.159  3.989  4.263  3.892  3.892  3.761  3.912  3.970  3.850  3.802  4.078  3.989  4.025  3.892  3.989  4.052  3.871  3.761  3.928  3.807  3.850
3.526  3.632  3.689  3.555  3.664  3.497  3.367  3.555  3.367  3.550  3.611  3.638  3.784  3.459  3.738  3.592  3.497  3.555  3.611  3.714  3.780  3.584  3.526  3.497  3.466  3.434  3.434  3.584  3.541  3.367  3.689  3.611  3.497  3.584  3.550  3.714  3.459  3.526  3.367  3.332  3.401  3.401
3.466  3.401  3.367  3.401  3.584  3.466  3.332  3.807  3.490  3.367  3.401  3.584  3.497  3.526  3.555  3.497  3.466  3.497  3.802  3.761  3.526  3.689  3.584  3.550  3.555  3.332  3.497  3.296  3.367  3.434  3.526  3.555  3.497  3.367  3.466  3.434  3.434  3.466  3.401  3.367  3.401  3.401
3.761  3.807  4.522  3.928  3.989  4.297  3.932  3.970  4.248  4.234  3.714  4.078  4.167  3.829  4.025  3.761  3.985  4.078  4.060  4.790  3.867  3.989  3.784  4.007  4.227  3.871  4.040  4.007  3.658  4.217  3.807  4.212  4.007  3.761  4.297  3.951  3.689  3.664  3.550  4.159  3.989  3.738
3.932  4.007  4.108  3.918  3.871  3.967  3.850  3.867  4.060  3.951  3.807  3.932  4.007  4.048  4.078  3.784  4.078  3.807  3.912  4.111  3.970  3.807  3.807  3.892  3.942  3.829  3.912  3.871  3.784  3.638  3.761  3.802  3.951  3.807  3.784  3.761  3.784  3.664  3.689  3.750  3.850  3.664
3.584  3.750  3.526  3.738  3.738  3.807  3.584  3.689  3.784  3.807  3.738  3.664  3.850  3.867  3.829  3.555  3.611  3.709  3.726  3.850  3.611  3.733  3.497  3.761  3.497  3.611  3.638  3.555  3.466  3.466  3.632  3.784  3.664  3.555  3.689  3.584  3.611  3.689  3.611  3.761  3.497  3.605
3.258  3.434  3.434  3.332  3.434  3.526  3.497  3.434  3.512  3.367  3.434  3.526  3.784  3.638  3.689  3.578  3.497  3.418  3.578  3.611  3.520  3.526  3.367  3.466  3.367  3.526  3.526  3.555  3.296  3.401  3.367  3.526  3.466  3.526  3.490  3.466  3.367  3.258  3.466  3.332  3.401  3.325
3.829  3.829  3.871  3.784  3.784  3.714  3.791  3.802  3.829  3.970  3.888  3.829  3.892  4.060  3.829  3.761  3.761  3.807  3.918  4.007  3.951  3.664  3.761  3.802  3.892  3.761  3.689  3.709  3.689  3.664  3.638  3.761  3.714  3.761  3.638  3.738  3.638  3.784  3.611  3.526  3.738  3.664
3.258  3.526  3.258  3.395  3.434  3.296  3.296  3.555  3.466  3.401  3.258  3.466  3.512  3.497  3.555  3.367  3.434  3.401  3.466  3.497  3.428  3.428  3.332  3.497  3.401  3.434  3.466  3.490  3.497  3.434  3.466  3.466  3.434  3.332  3.332  3.367  3.367  3.296  3.258  3.307  3.401  3.526
