3.932  4.022  3.970  3.912  3.871  3.871  3.989  3.912  3.970  3.829  3.970  3.932  4.124  3.932  4.174  3.951  3.888  3.892  3.932  3.932  4.094  3.892  3.989  4.043  3.784  3.829  3.850  3.951  3.807  3.802  3.928  3.871  3.912  3.877  3.871  3.709  3.850  3.850  3.738  3.780  3.807  4.094
4.182  4.103  4.057  4.127  4.143  4.111  4.290  4.111  4.159  4.274  4.060  4.263  4.156  4.220  4.394  4.094  4.202  4.078  4.205  4.234  4.159  4.078  4.174  4.159  4.159  4.174  4.060  4.159  3.892  3.922  4.194  4.174  4.151  4.108  4.040  4.043  4.111  3.989  4.007  4.060  3.970  4.025
5.209  4.977  5.063  4.984  5.043  5.017  5.088  5.165  5.063  5.209  5.190  5.239  5.106  5.091  5.153  4.944  4.868  5.037  5.136  5.056  5.133  4.963  4.937  5.088  4.828  4.956  4.961  4.881  4.743  4.913  4.905  4.844  4.898  4.836  5.017  4.968  4.868  4.979  4.913  4.984  4.775  5.182
4.382  4.171  4.187  4.304  4.143  4.234  4.263  4.344  4.260  4.367  4.304  4.297  4.369  4.290  4.382  4.246  4.205  4.111  4.190  4.407  4.382  4.304  4.224  4.341  4.164  4.060  4.143  4.025  4.124  4.060  4.127  3.970  4.263  4.094  4.143  4.304  4.220  4.231  4.135  4.060  4.094  4.190
4.116  3.888  3.989  4.190  4.143  3.951  4.111  4.111  4.111  4.159  4.143  4.234  4.231  4.304  4.263  3.970  3.892  4.094  4.288  4.217  4.205  3.892  4.043  4.025  4.034  3.951  3.932  3.976  3.714  3.892  4.016  4.007  4.007  4.025  4.127  3.912  3.951  4.043  4.043  3.989  4.025  3.970
4.290  4.290  4.220  4.511  4.205  4.248  4.143  4.277  4.331  4.419  4.212  4.407  4.440  4.234  4.466  4.301  4.234  4.443  4.344  4.367  4.419  4.304  4.263  4.382  4.344  4.187  4.205  4.267  4.220  4.202  4.274  4.197  4.205  4.394  4.382  4.382  4.248  4.357  4.277  4.304  4.043  4.317
4.043  3.989  3.761  3.709  3.738  3.871  3.947  3.989  4.007  4.094  3.912  3.932  3.871  3.932  4.132  3.912  3.807  3.912  3.850  3.989  3.967  3.871  4.007  4.086  3.738  3.638  3.967  3.807  3.738  3.807  3.951  3.892  3.829  3.850  3.738  3.892  3.892  3.807  3.824  3.932  3.802  3.807
3.714  3.611  3.584  3.664  3.611  3.526  3.541  3.689  3.689  3.780  3.555  3.611  3.733  3.850  3.802  3.638  3.721  3.664  3.638  3.807  3.807  3.584  3.584  3.761  3.658  3.506  3.584  3.497  3.584  3.497  3.664  3.689  3.555  3.658  3.526  3.526  3.638  3.784  3.714  3.497  3.520  3.497
3.745  3.784  3.761  3.689  3.555  3.761  3.761  3.611  3.912  3.888  3.689  3.861  3.871  3.829  3.970  3.818  3.824  3.829  4.025  4.060  3.892  3.761  3.824  3.829  3.738  3.738  3.638  3.497  3.611  3.761  3.761  3.829  3.664  3.733  3.714  3.829  3.714  3.813  3.664  3.721  3.850  3.738
3.497  3.497  3.367  3.555  3.401  3.490  3.466  3.497  3.497  3.605  3.497  3.584  3.611  3.611  3.555  3.497  3.466  3.434  3.584  3.761  3.638  3.632  3.497  3.638  3.367  3.638  3.401  3.526  3.332  3.367  3.497  3.611  3.466  3.466  3.434  3.490  3.401  3.360  3.434  3.332  3.555  3.428
5.303  5.147  5.011  5.170  5.112  5.043  5.124  5.088  5.109  5.356  5.209  5.257  5.307  5.226  5.249  5.088  5.262  4.934  5.130  5.153  5.243  5.176  5.142  5.278  5.024  5.069  5.039  4.920  4.890  4.905  5.074  5.075  5.102  5.147  5.108  5.132  5.088  5.069  5.030  4.890  5.042  5.017
4.394  4.431  4.404  4.407  4.331  4.419  4.554  4.248  4.354  4.454  4.500  4.635  4.263  4.407  4.590  4.419  4.407  4.263  4.407  4.443  4.654  4.511  4.419  4.440  4.290  4.205  4.290  4.194  4.111  4.315  4.290  4.248  4.304  4.331  4.380  4.304  4.413  4.263  4.475  4.167  4.295  4.205
4.394  4.127  4.710  4.174  4.174  4.159  4.156  4.060  4.111  4.407  4.091  4.217  4.290  4.315  4.477  4.156  4.190  4.234  4.382  4.407  4.367  4.220  4.174  4.234  4.094  4.091  4.197  3.912  3.738  4.234  3.967  4.094  4.094  4.074  4.094  4.111  3.989  4.099  4.057  3.970  4.007  4.025
4.344  4.159  4.796  4.369  4.263  4.522  4.174  4.094  4.369  4.431  4.344  4.317  4.443  4.388  4.369  4.466  4.357  4.190  4.419  4.657  4.654  4.386  4.220  4.754  4.317  4.025  4.246  4.190  4.124  4.475  4.127  4.234  4.263  4.281  4.202  4.248  4.025  4.290  4.231  4.190  4.190  4.190
4.500  4.454  4.382  4.511  4.317  4.248  4.437  4.317  4.174  4.509  4.288  4.541  4.538  4.357  4.407  4.205  4.363  4.256  4.369  4.454  4.431  4.331  4.419  4.543  4.344  4.143  4.263  4.253  4.234  4.263  4.344  4.454  4.220  4.369  4.541  4.388  4.220  4.304  4.511  4.357  4.143  4.290
4.234  4.078  4.174  4.248  4.220  4.248  4.290  4.127  4.094  4.344  4.159  4.194  4.344  4.043  4.407  4.190  4.159  4.277  4.369  4.284  4.328  4.277  4.263  4.317  3.829  3.892  4.094  3.970  3.912  4.025  4.263  4.263  4.066  4.174  4.290  4.171  4.094  4.182  4.290  4.025  3.970  4.078
3.850  3.829  3.807  3.784  3.850  3.850  3.871  3.888  3.738  3.989  4.094  3.829  4.060  3.784  4.094  3.829  3.932  3.871  3.989  3.951  3.970  3.932  4.043  4.007  3.829  3.932  3.850  3.795  3.970  3.850  3.818  3.898  3.784  3.967  3.807  3.829  3.850  3.757  3.784  3.932  3.807  4.060
3.611  3.555  3.490  3.497  3.466  3.258  3.296  3.428  3.466  3.367  3.401  3.367  3.367  3.466  3.638  3.497  3.689  3.611  3.401  3.611  3.611  3.466  3.401  3.526  3.475  3.401  3.466  3.434  3.360  3.434  3.401  3.555  3.401  3.466  3.550  3.434  3.490  3.497  3.367  3.219  3.367  3.555
4.007  3.850  4.007  4.078  4.174  3.892  3.932  4.094  4.007  3.951  3.942  3.892  4.220  4.220  4.143  3.912  3.970  4.057  3.970  4.174  4.182  3.985  4.025  4.094  3.908  3.824  3.867  4.016  3.721  3.912  3.871  3.989  4.031  4.174  3.922  4.007  3.807  4.022  3.932  3.951  3.951  4.007
4.277  4.060  4.234  4.094  4.220  4.220  3.970  4.220  4.234  4.431  4.194  4.357  4.419  4.159  4.511  4.234  4.304  4.256  4.407  4.248  4.369  4.159  4.190  4.220  4.174  3.892  4.143  4.151  3.738  4.143  4.091  4.111  4.281  4.099  4.078  4.127  3.932  4.220  4.190  4.025  4.190  4.260
4.111  4.205  4.060  4.031  3.989  4.111  4.111  3.912  4.111  4.174  4.060  4.290  4.386  4.317  4.290  4.111  4.304  4.127  4.220  4.263  4.182  4.205  4.369  4.234  4.111  4.111  4.078  3.970  3.892  4.060  4.119  3.976  4.205  4.094  4.224  4.315  4.190  4.025  4.043  3.829  4.111  4.091
3.757  3.892  3.611  3.738  3.664  3.850  3.733  3.784  3.709  3.807  3.738  3.689  3.892  3.912  3.951  3.689  3.738  3.757  3.989  3.757  3.892  3.932  3.989  3.738  3.714  3.611  3.664  3.611  3.689  3.520  3.638  3.584  3.733  3.638  3.645  3.738  3.664  3.726  3.638  3.555  3.761  3.555
