4.159  3.932  4.094  4.060  4.143  4.111  4.174  4.043  4.159  4.248  3.970  4.127  4.111  4.069  4.040  4.248  4.205  4.086  4.111  4.074  3.951  4.043  4.007  4.248  4.040  4.007  3.892  3.932  3.784  4.127  3.761  3.989  4.043  4.234  4.060  3.871  4.159  4.078  4.111  4.004  3.807  3.584
4.025  3.761  3.784  3.928  3.912  3.989  4.007  3.892  3.970  3.802  3.871  3.970  3.689  3.892  3.829  3.970  3.761  3.738  4.007  3.970  3.912  4.025  3.951  4.078  3.784  3.761  3.714  3.892  3.584  3.784  3.784  3.807  3.892  3.970  3.829  3.829  3.761  3.912  3.714  3.829  3.490  3.497
4.290  3.932  4.111  4.111  4.205  4.007  3.970  4.111  4.094  4.111  4.174  4.190  4.205  4.174  4.187  4.043  3.932  4.241  4.004  4.224  4.174  4.060  4.069  4.171  3.932  3.980  4.111  4.094  3.871  3.892  3.989  3.932  4.143  3.967  3.967  4.007  4.091  4.111  4.127  4.143  3.871  4.174
3.912  3.733  3.871  3.980  3.951  3.871  4.066  4.083  3.951  4.127  3.784  3.932  4.078  4.016  3.989  3.892  3.871  4.220  3.951  4.025  4.040  4.022  3.871  3.980  3.908  3.611  3.888  3.784  3.638  3.761  3.932  4.025  3.932  3.871  3.985  3.947  3.892  3.784  3.689  3.689  3.714  3.951
4.331  4.127  4.238  4.277  4.394  4.205  4.234  4.220  4.220  4.419  4.234  4.357  4.500  4.431  4.354  4.331  4.043  4.354  4.277  4.304  4.248  4.174  4.060  4.331  3.989  4.127  4.132  4.187  4.143  4.004  4.234  4.202  4.174  4.103  4.124  4.394  4.091  4.248  4.290  4.290  4.078  4.043
4.190  4.205  3.967  4.159  4.159  4.174  3.989  4.190  3.951  4.174  4.074  4.111  4.190  4.078  4.220  4.043  4.060  4.060  4.205  4.205  4.190  4.060  4.159  3.970  3.932  4.111  3.824  3.861  3.902  3.912  3.912  4.066  4.217  4.022  4.040  4.094  3.932  4.060  3.989  3.932  4.127  4.111
4.871  4.654  4.844  4.710  4.779  4.644  4.736  4.787  4.875  4.836  4.828  4.868  4.850  4.824  4.984  4.779  4.732  4.710  4.883  4.762  4.783  4.836  4.771  4.808  4.762  4.736  4.633  4.575  4.466  4.533  4.721  4.787  4.700  4.771  4.836  4.635  4.710  4.615  4.682  4.710  4.673  4.754
4.321  4.060  4.290  4.297  4.007  4.238  4.111  4.094  4.205  4.159  4.143  4.301  4.091  4.060  4.234  4.217  3.970  4.190  4.260  4.304  4.344  4.248  4.127  4.174  4.159  4.119  4.205  4.007  3.912  4.043  4.091  4.124  4.078  4.143  4.174  3.932  4.004  4.148  4.159  4.078  4.004  4.174
5.429  5.183  5.380  5.277  5.236  5.256  5.130  5.318  5.159  5.442  5.342  5.272  5.398  5.147  5.342  5.176  5.164  5.242  5.455  5.451  5.303  5.075  5.215  5.231  5.176  5.153  5.024  5.233  4.868  5.056  5.158  5.198  5.193  5.088  5.152  5.159  5.118  5.420  5.293  5.140  5.153  5.252
5.225  5.190  5.112  5.037  5.100  5.030  5.030  5.112  5.114  5.318  5.380  5.136  5.112  5.231  5.215  5.152  5.024  5.043  5.182  5.159  5.226  5.094  5.132  5.075  4.852  5.056  5.066  4.933  4.956  4.977  5.153  4.984  5.142  5.056  5.072  4.920  5.004  5.043  5.106  5.055  4.889  5.081
3.750  3.714  3.850  3.802  3.807  3.850  3.757  3.932  3.932  3.807  3.611  3.912  3.970  4.094  4.025  3.932  3.807  3.689  3.932  3.850  3.850  3.892  3.807  3.932  3.761  3.846  3.818  3.738  3.689  3.761  3.892  3.638  3.721  3.784  3.689  3.807  3.807  3.689  3.912  3.714  3.784  3.888
3.807  3.738  3.912  3.892  3.689  3.689  3.624  3.738  3.829  3.802  3.632  3.850  4.025  3.989  3.912  3.714  3.807  3.871  3.871  3.892  4.007  3.733  3.829  3.912  3.761  3.784  3.714  3.638  3.784  3.829  3.829  3.689  3.829  3.714  3.701  3.555  3.738  3.791  3.605  3.526  3.664  3.638
6.230  6.161  6.198  6.194  6.114  6.211  6.420  6.154  6.263  6.433  6.268  6.356  6.404  6.169  6.246  6.112  6.148  6.115  6.288  6.277  6.290  6.200  6.243  6.326  6.146  6.223  6.159  6.105  6.064  6.261  6.168  6.184  6.195  6.213  6.286  6.234  6.178  6.176  6.213  6.052  6.019  6.168
6.019  6.105  6.144  6.100  5.979  6.080  6.390  6.075  6.144  6.284  6.238  6.353  6.387  6.067  6.182  6.184  6.239  5.990  6.397  6.186  6.304  6.337  6.243  6.400  5.981  5.958  6.045  6.035  5.966  6.212  6.133  6.203  5.961  6.186  6.248  6.201  6.273  5.974  6.057  5.991  5.900  6.001
4.341  4.197  4.466  4.419  4.344  4.454  4.127  4.190  4.205  4.394  4.357  4.673  4.564  4.419  4.477  4.205  4.522  4.382  4.500  4.625  4.419  4.256  4.274  4.573  4.434  4.220  4.263  4.171  4.004  4.094  4.357  4.159  4.357  4.194  4.127  4.143  4.091  4.407  4.404  4.187  4.248  4.304
4.712  4.369  4.554  4.844  4.511  4.464  4.419  4.498  4.564  4.727  4.500  4.703  4.700  4.595  4.736  4.369  4.454  4.419  4.777  4.736  4.543  4.483  4.394  4.489  4.570  4.511  4.466  4.277  3.995  4.263  4.369  4.277  4.562  4.533  4.477  4.511  4.317  4.530  4.554  4.388  4.500  4.500
4.248  3.989  4.007  4.111  4.060  4.074  4.025  4.078  4.025  4.260  4.382  4.159  4.241  4.190  4.277  4.043  4.043  4.220  4.094  4.234  4.290  4.025  4.025  3.970  3.989  4.190  4.078  3.871  3.871  3.989  4.143  4.205  4.060  4.140  4.043  4.111  3.892  3.970  4.004  3.932  3.989  4.156
3.791  3.761  3.932  3.918  3.970  3.784  3.761  3.761  3.850  4.007  3.714  3.951  3.850  3.951  4.007  3.807  3.684  3.689  3.784  3.807  3.951  3.892  3.578  3.807  3.689  3.761  3.638  3.632  3.584  3.807  3.761  3.733  3.757  3.555  3.871  3.738  3.761  3.714  3.757  3.807  3.714  3.738
5.043  5.017  4.952  5.149  5.085  4.990  5.159  5.130  5.262  5.281  5.193  5.058  5.260  5.124  5.239  4.875  5.097  5.061  5.257  5.303  5.187  5.236  5.037  5.409  5.303  5.011  5.072  4.883  4.977  5.182  4.997  5.209  5.142  5.063  5.130  4.920  5.050  5.053  4.893  4.779  5.273  4.990
4.159  4.078  4.234  4.190  4.043  4.140  4.060  4.217  4.159  4.267  4.091  4.341  4.304  4.066  4.290  4.043  4.111  4.078  4.369  4.337  4.220  4.344  4.127  4.288  4.248  4.127  4.159  4.069  4.007  3.932  4.043  4.167  4.159  4.060  4.220  4.174  4.190  4.190  4.043  3.951  4.190  4.127
4.852  4.927  4.852  4.875  4.824  4.883  4.875  4.812  4.771  4.883  4.792  4.875  4.982  4.949  5.056  4.771  4.868  4.963  5.074  4.934  5.209  4.934  4.850  5.050  4.721  4.868  4.898  4.762  4.762  4.812  4.714  4.883  4.836  4.963  4.905  4.984  4.836  4.771  4.798  4.673  4.836  4.804
4.820  4.777  4.663  4.840  4.668  4.635  4.691  4.736  4.727  4.823  4.663  4.700  4.752  4.710  4.700  4.642  4.673  4.796  4.782  4.852  4.977  4.603  4.745  4.858  4.511  4.663  4.477  4.533  4.419  4.573  4.583  4.588  4.673  4.644  4.625  4.875  4.654  4.671  4.754  4.732  4.533  4.754
