4.836  4.635  4.673  4.605  4.595  4.533  4.475  4.509  4.583  4.749  4.644  4.765  4.777  4.673  4.691  4.419  4.446  4.595  4.605  4.477  4.618  4.593  4.486  4.615  4.382  4.477  4.380  4.337  4.220  4.231  4.443  4.419  4.407  4.431  4.454  4.466  4.331  4.486  4.394  4.248  4.234  4.489
4.736  4.673  4.585  4.511  4.595  4.554  4.663  4.691  4.564  4.741  4.691  4.618  4.533  4.543  4.718  4.530  4.317  4.654  4.585  4.605  4.583  4.682  4.541  4.649  4.304  4.394  4.443  4.234  4.263  4.205  4.419  4.344  4.344  4.460  4.440  4.382  4.344  4.392  4.443  4.357  4.404  4.489
5.771  5.602  5.635  5.791  5.749  5.687  5.717  5.775  5.677  5.916  5.743  5.844  5.855  5.673  5.855  5.604  5.613  5.572  5.886  5.635  5.768  5.749  5.587  5.635  5.568  5.609  5.587  5.511  5.340  5.493  5.595  5.628  5.572  5.684  5.733  5.629  5.620  5.710  5.687  5.602  5.659  5.687
6.288  6.148  6.244  6.312  6.301  6.413  6.471  6.324  6.428  6.512  6.444  6.500  6.450  6.262  6.500  6.308  6.306  6.323  6.450  6.292  6.495  6.435  6.245  6.303  6.155  6.230  6.155  6.226  6.129  6.174  6.282  6.255  6.237  6.373  6.410  6.351  6.279  6.214  6.242  6.098  6.187  6.246
5.566  5.425  5.412  5.467  5.361  5.328  5.488  5.424  5.476  5.617  5.263  5.495  5.476  5.455  5.631  5.328  5.257  5.357  5.415  5.380  5.595  5.342  5.368  5.568  5.349  5.252  5.236  5.014  4.894  5.081  5.226  5.318  5.342  5.339  5.318  5.198  5.198  5.159  5.231  5.176  5.147  5.333
5.878  5.684  5.749  5.844  5.659  5.714  5.775  5.753  5.816  6.004  5.717  5.829  5.886  5.704  5.911  5.740  5.673  5.673  5.757  5.799  5.849  5.687  5.749  5.785  5.711  5.620  5.565  5.485  5.357  5.529  5.568  5.753  5.665  5.651  5.737  5.622  5.509  5.587  5.565  5.468  5.431  5.638
5.663  5.431  5.394  5.493  5.460  5.455  5.573  5.649  5.645  5.823  5.694  5.651  5.678  5.580  5.650  5.517  5.375  5.416  5.642  5.533  5.375  5.361  5.242  5.434  5.147  5.366  5.342  5.361  5.130  5.416  5.351  5.115  5.451  5.387  5.429  5.455  5.338  5.400  5.416  5.394  5.193  5.403
4.554  4.357  4.304  4.562  4.500  4.369  4.248  4.382  4.382  4.520  4.503  4.638  4.498  4.449  4.511  4.331  4.263  4.382  4.654  4.443  4.443  4.234  4.382  4.407  4.263  4.094  4.190  4.111  4.159  4.174  4.234  4.190  4.317  4.190  4.344  4.248  4.094  4.416  4.394  4.304  4.171  4.331
5.830  5.549  5.673  5.662  5.762  5.652  5.732  5.808  5.650  5.914  5.755  5.826  5.819  5.756  5.855  5.649  5.635  5.714  5.787  5.740  5.717  5.724  5.595  5.662  5.617  5.509  5.489  5.438  5.338  5.546  5.525  5.613  5.602  5.677  5.694  5.537  5.552  5.680  5.673  5.705  5.679  5.737
5.050  4.970  4.942  5.187  5.069  5.118  4.945  5.004  5.043  5.333  5.283  5.215  5.486  5.438  5.357  4.890  4.905  4.754  5.037  5.130  4.997  4.890  4.875  4.934  4.898  4.832  4.959  4.860  4.642  4.804  4.796  4.820  5.063  4.868  4.920  4.956  4.913  4.956  4.949  4.820  4.883  4.760
4.836  4.752  4.952  4.804  4.792  4.779  4.718  4.779  4.633  5.037  4.605  4.754  4.779  4.896  4.870  4.787  4.673  4.926  4.927  4.762  4.868  4.635  4.743  4.819  4.673  4.554  4.696  4.690  4.443  4.605  4.727  4.500  4.792  4.762  4.771  4.705  4.718  4.644  4.605  4.625  4.638  4.844
6.174  6.030  6.111  6.038  6.131  6.153  6.047  6.100  6.087  6.205  6.221  6.246  6.252  6.070  6.273  6.057  5.924  6.005  6.201  6.120  6.118  6.014  6.035  6.114  5.927  5.893  5.973  5.901  5.696  5.908  5.976  5.818  5.981  6.075  5.996  6.073  5.969  5.930  5.841  5.956  5.935  5.996
6.081  5.809  5.916  6.057  5.924  5.903  5.948  5.961  5.936  6.111  6.026  6.006  6.002  5.881  5.989  5.759  5.820  5.826  6.043  5.951  6.071  5.900  5.808  5.889  5.811  5.760  5.811  5.727  5.605  5.693  5.742  5.760  5.792  5.835  5.843  5.832  5.771  5.707  5.907  5.861  5.762  5.710
6.677  6.461  6.535  6.535  6.557  6.521  6.469  6.569  6.568  6.720  6.605  6.608  6.677  6.492  6.603  6.418  6.524  6.450  6.596  6.569  6.531  6.489  6.541  6.510  6.326  6.443  6.346  6.306  6.198  6.273  6.375  6.367  6.397  6.463  6.436  6.435  6.426  6.489  6.452  6.444  6.312  6.394
4.671  4.500  4.605  4.500  4.321  4.522  4.625  4.454  4.691  4.673  4.533  4.644  4.635  4.522  4.554  4.477  4.431  4.304  4.564  4.543  4.676  4.595  4.554  4.466  4.407  4.454  4.367  4.290  4.094  4.205  4.443  4.486  4.454  4.575  4.500  4.511  4.407  4.394  4.431  4.317  4.217  4.419
5.120  4.893  5.004  4.994  4.934  4.934  5.030  5.030  5.045  5.263  5.056  5.170  5.159  5.017  5.124  5.042  5.004  4.913  5.201  5.123  5.231  5.007  4.926  5.043  4.796  4.848  4.883  4.730  4.652  4.852  4.920  5.024  4.812  4.905  4.762  4.860  4.883  4.850  4.812  4.663  4.898  4.852
4.500  4.564  4.533  4.477  4.575  4.533  4.469  4.585  4.564  4.615  4.533  4.868  4.815  4.635  4.875  4.605  4.543  4.541  4.691  4.554  4.762  4.552  4.644  4.575  4.466  4.564  4.443  4.464  4.388  4.419  4.434  4.533  4.652  4.543  4.598  4.454  4.458  4.554  4.494  4.428  4.434  4.585
4.288  4.127  4.304  4.538  4.413  4.263  4.220  4.350  4.324  4.431  4.373  4.477  4.367  4.554  4.317  4.234  4.143  4.224  4.248  4.454  4.290  4.413  4.357  4.290  4.167  4.127  3.932  4.140  3.989  4.127  4.140  4.127  4.187  4.127  4.143  4.127  4.124  4.174  4.124  4.060  4.078  4.197
4.843  4.662  4.854  4.977  4.852  4.754  4.691  4.828  4.771  4.828  4.762  4.868  4.920  4.868  4.934  4.736  4.736  4.762  4.820  4.911  4.898  4.828  4.736  4.771  4.635  4.559  4.682  4.654  4.382  4.543  4.691  4.771  4.828  4.796  4.820  4.844  4.710  4.860  4.762  4.727  4.745  4.700
5.680  5.489  5.468  5.566  5.529  5.553  5.394  5.557  5.447  5.793  5.849  5.517  5.820  5.666  5.730  5.541  5.313  5.733  5.493  5.533  5.523  5.492  5.483  5.604  5.263  5.238  5.363  5.541  5.050  5.357  5.476  5.394  5.455  5.421  5.497  5.442  5.407  5.656  5.753  5.553  5.333  5.438
4.852  4.828  4.736  5.017  4.883  4.911  4.771  4.796  4.820  4.887  4.828  4.828  4.927  4.913  5.030  4.691  4.700  4.762  4.942  4.952  4.905  4.727  4.866  4.898  4.625  4.666  4.736  4.564  4.527  4.727  4.673  4.745  4.875  4.554  4.642  4.852  4.620  5.004  4.864  4.771  4.710  4.727
4.489  4.394  4.344  4.554  4.410  4.220  4.111  4.489  4.369  4.522  4.443  4.382  4.477  4.443  4.710  4.277  4.357  4.248  4.598  4.489  4.530  4.357  4.288  4.466  4.297  4.217  4.392  4.190  4.135  4.094  4.263  4.369  4.248  4.248  4.443  4.315  4.348  4.369  4.344  4.127  4.331  4.263
