4.754  4.625  4.575  4.798  4.615  4.828  4.663  4.727  4.734  4.977  4.625  4.862  4.836  4.727  4.890  4.615  4.625  4.787  4.727  4.787  4.745  4.718  4.595  4.762  4.562  4.673  4.608  4.613  4.489  4.652  4.443  4.635  4.615  4.690  4.673  4.736  4.652  4.642  4.595  4.533  4.585  4.644
4.452  4.382  4.331  4.331  4.431  4.527  4.317  4.419  4.382  4.567  4.625  4.564  4.522  4.477  4.454  4.382  4.394  4.317  4.382  4.543  4.483  4.522  4.205  4.522  4.290  4.369  4.369  4.522  4.317  4.331  4.241  4.511  4.382  4.394  4.331  4.361  4.290  4.398  4.311  4.159  4.227  4.516
4.956  4.913  4.816  4.812  4.934  4.944  4.997  4.990  4.963  4.997  5.094  4.835  5.063  4.860  4.966  4.787  4.736  4.942  5.029  4.819  4.949  4.868  4.875  4.890  4.682  4.691  4.754  4.718  4.543  4.583  4.954  4.844  4.796  4.868  4.860  4.820  5.024  4.927  4.844  4.866  4.654  4.766
4.743  4.466  4.454  4.475  4.598  4.659  4.382  4.549  4.635  4.554  4.564  4.673  4.625  4.431  4.654  4.304  4.511  4.419  4.475  4.416  4.466  4.543  4.564  4.500  4.331  4.382  4.344  4.382  4.304  4.231  4.635  4.263  4.489  4.331  4.357  4.182  4.407  4.466  4.691  4.394  4.277  4.419
4.666  4.710  4.615  4.762  4.718  4.811  4.635  4.564  4.663  4.730  4.644  4.836  4.718  4.756  4.663  4.710  4.477  4.625  4.804  4.804  4.736  4.673  4.654  4.758  4.635  4.509  4.700  4.511  4.541  4.454  4.625  4.533  4.595  4.533  4.498  4.575  4.605  4.527  4.603  4.511  4.522  4.489
4.483  4.564  4.489  4.605  4.605  4.691  4.690  4.736  4.570  4.779  4.489  4.771  4.673  4.657  4.710  4.741  4.477  4.564  4.736  4.625  4.771  4.554  4.792  4.625  4.610  4.419  4.682  4.452  4.419  4.530  4.794  4.727  4.595  4.605  4.644  4.543  4.564  4.543  4.564  4.511  4.644  4.477
4.605  4.680  4.691  4.640  4.543  4.575  4.644  4.527  4.543  4.710  4.511  4.754  4.690  4.615  4.625  4.673  4.647  4.407  4.575  4.635  4.710  4.625  4.573  4.635  4.477  4.317  4.543  4.475  4.425  4.543  4.605  4.527  4.500  4.382  4.554  4.543  4.522  4.666  4.369  4.416  4.331  4.489
5.069  4.860  4.844  4.927  5.014  4.927  4.868  5.013  5.011  5.187  5.063  5.136  5.030  4.977  5.069  4.881  4.883  4.905  5.040  5.004  4.984  4.920  4.835  4.990  4.812  4.898  4.680  4.779  4.575  4.625  4.835  4.860  4.970  4.839  4.990  4.875  4.875  4.754  4.919  4.977  4.736  4.883
4.949  4.898  4.836  4.920  4.934  4.970  5.085  4.887  4.970  5.050  5.016  4.963  5.124  4.949  5.037  4.868  4.804  4.787  4.970  4.972  4.968  5.182  4.852  4.963  4.820  4.883  4.927  4.929  5.004  4.905  4.975  4.852  4.736  4.927  4.905  4.990  4.927  4.905  4.883  4.850  4.699  4.898
4.820  4.749  4.749  4.654  4.712  4.718  4.754  4.638  4.635  4.904  4.779  4.771  4.852  4.804  4.745  4.736  4.754  4.691  4.796  4.745  4.723  4.615  4.690  4.575  4.500  4.585  4.628  4.654  4.543  4.520  4.623  4.454  4.644  4.595  4.687  4.489  4.673  4.644  4.745  4.685  4.723  4.595
4.246  4.094  4.419  4.288  4.248  4.190  4.277  4.190  4.277  4.407  4.248  4.382  4.472  4.419  4.454  4.197  4.174  4.057  4.357  4.431  4.304  4.277  4.111  4.174  4.248  4.111  4.234  4.171  3.892  4.111  3.970  4.164  4.407  4.127  4.357  4.277  4.167  4.220  4.143  4.060  4.025  4.234
3.584  3.638  3.555  3.664  3.664  3.578  3.689  3.584  3.611  3.664  3.768  3.714  3.780  3.807  3.714  3.638  3.689  3.584  3.611  3.912  3.761  3.726  3.738  3.892  3.526  3.611  3.638  3.584  3.714  3.611  3.497  3.664  3.714  3.689  3.850  3.597  3.611  3.459  3.526  3.475  3.550  3.497
5.796  5.371  5.759  5.787  5.743  5.673  5.425  5.704  5.568  5.775  5.609  5.762  5.808  5.533  5.700  5.464  5.580  5.561  5.796  5.894  5.607  5.437  5.463  5.402  5.505  5.670  5.434  5.579  5.439  5.359  5.402  5.489  5.762  5.669  5.557  5.580  5.535  5.849  5.608  5.765  5.591  5.724
6.719  6.360  6.577  6.688  6.652  6.654  6.535  6.593  6.535  6.752  6.641  6.732  6.758  6.536  6.762  6.507  6.613  6.596  6.627  6.778  6.738  6.592  6.488  6.619  6.500  6.560  6.550  6.422  6.330  6.403  6.426  6.519  6.685  6.593  6.639  6.629  6.571  6.792  6.673  6.558  6.557  6.633
4.234  4.315  4.234  4.205  4.472  4.394  4.331  4.205  4.369  4.369  4.407  4.394  4.466  4.443  4.454  4.159  4.190  4.386  4.443  4.401  4.466  4.174  4.407  4.382  4.357  4.500  4.220  4.407  4.304  4.205  4.290  4.078  4.380  4.388  4.394  4.159  4.060  4.190  4.111  4.143  4.156  4.234
4.454  4.407  4.317  4.511  4.407  4.394  4.652  4.434  4.489  4.673  4.458  4.575  4.562  4.635  4.644  4.357  4.357  4.522  4.595  4.673  4.600  4.419  4.595  4.564  4.354  4.454  4.533  4.376  4.317  4.419  4.483  4.443  4.564  4.530  4.836  4.533  4.425  4.331  4.301  4.304  4.407  4.554
4.762  4.552  4.691  4.787  4.718  4.762  4.625  4.682  4.717  4.700  4.489  4.749  4.635  4.654  4.771  4.710  4.533  4.710  4.736  4.812  4.691  4.525  4.564  4.575  4.564  4.615  4.595  4.522  4.483  4.489  4.498  4.615  4.690  4.538  4.736  4.718  4.575  4.700  4.625  4.520  4.605  4.673
4.025  4.205  4.248  4.159  4.159  4.091  4.074  3.951  4.143  4.174  4.025  4.277  4.311  4.234  4.357  4.190  4.111  4.246  4.277  4.220  4.331  4.248  4.277  4.143  4.078  3.951  4.022  4.159  3.970  4.060  4.007  4.127  4.127  4.263  4.234  4.234  4.174  4.111  4.007  4.127  4.007  4.263
4.407  4.357  4.248  4.511  4.431  4.367  4.304  4.559  4.419  4.559  4.419  4.413  4.477  4.431  4.682  4.369  4.440  4.317  4.554  4.691  4.595  4.489  4.317  4.304  4.422  4.394  4.354  4.331  4.234  4.083  4.052  4.187  4.489  4.419  4.357  4.489  4.256  4.454  4.324  4.174  4.522  4.443
4.466  4.354  4.344  4.431  4.367  4.369  4.419  4.382  4.543  4.394  4.317  4.398  4.522  4.394  4.673  4.274  4.290  4.220  4.500  4.522  4.431  4.290  4.337  4.344  4.404  4.290  4.500  4.317  4.317  4.234  4.256  4.317  4.317  4.357  4.317  4.443  4.317  4.394  4.246  4.404  4.344  4.344
5.030  4.984  5.097  5.100  5.069  4.954  4.938  4.959  4.934  5.206  5.081  5.011  5.075  4.990  5.118  4.934  4.990  5.004  5.094  5.215  5.050  5.081  5.014  5.011  4.934  5.017  4.856  4.836  4.680  4.649  4.868  4.894  5.063  4.990  4.920  5.050  4.949  5.080  5.064  4.977  4.898  5.042
4.078  3.892  4.194  4.220  4.040  3.829  3.892  4.143  4.060  4.094  4.116  4.124  4.290  4.253  4.143  4.025  3.989  3.989  4.317  4.127  4.078  3.951  4.043  4.060  4.111  4.025  3.951  4.116  3.912  3.676  4.025  3.877  4.043  4.025  3.951  4.119  3.850  4.040  3.989  4.124  4.025  4.034
