4.483  4.174  4.354  4.274  4.205  4.220  4.277  4.304  4.274  4.407  4.007  4.344  4.500  4.382  4.536  4.220  4.220  4.288  4.369  4.394  4.489  4.511  4.234  4.464  4.140  4.151  4.143  4.190  4.057  4.190  4.016  4.111  4.220  4.094  4.190  4.234  4.143  4.205  4.043  4.143  4.308  4.234
4.290  4.431  4.348  4.382  4.297  4.522  4.380  4.404  4.324  4.317  4.260  4.290  4.454  4.407  4.376  4.369  4.111  4.357  4.475  4.466  4.466  4.174  4.328  4.341  4.295  4.344  4.190  4.234  4.159  4.331  4.290  4.174  4.234  4.301  4.407  4.344  4.205  4.317  4.174  4.190  4.108  4.304
4.472  4.404  4.475  4.413  4.369  4.500  4.466  4.304  4.575  4.615  4.331  4.477  4.543  4.573  4.562  4.454  4.369  4.533  4.522  4.477  4.771  4.595  4.357  4.640  4.489  4.394  4.394  4.248  4.111  4.357  4.263  4.431  4.394  4.407  4.419  4.458  4.290  4.263  4.248  4.407  4.241  4.443
4.745  4.413  4.620  4.543  4.431  4.564  4.500  4.466  4.583  4.615  4.449  4.673  4.554  4.573  4.498  4.575  4.277  4.431  4.564  4.654  4.710  4.610  4.564  4.608  4.460  4.425  4.357  4.443  4.078  4.281  4.331  4.388  4.486  4.386  4.511  4.522  4.454  4.367  4.369  4.500  4.509  4.466
3.632  3.689  3.829  3.757  3.497  3.714  3.584  3.526  3.638  3.761  3.664  3.892  3.689  3.784  3.912  3.689  3.738  3.497  3.773  3.738  3.951  3.664  3.714  3.684  3.611  3.689  3.526  3.526  3.638  3.434  3.664  3.526  3.466  3.638  3.526  3.611  3.664  3.584  3.611  3.839  3.624  3.780
3.526  3.738  3.526  3.611  3.466  3.632  3.578  3.689  3.632  3.784  3.555  3.784  3.791  3.757  3.871  3.658  3.839  3.738  3.738  3.829  3.850  3.526  3.638  3.664  3.555  3.555  3.807  3.664  3.466  3.497  3.555  3.658  3.638  3.757  3.466  3.784  3.450  3.526  3.584  3.611  3.555  3.605
4.828  4.638  4.691  4.745  4.682  4.691  4.749  4.802  4.654  4.633  4.779  4.879  4.836  4.745  4.828  4.736  4.663  4.802  4.782  4.835  4.949  4.852  4.691  4.860  4.543  4.588  4.691  4.449  4.489  4.454  4.615  4.625  4.700  4.600  4.663  4.786  4.570  4.654  4.947  4.564  4.585  4.708
4.663  4.522  4.564  4.511  4.562  4.500  4.564  4.564  4.595  4.516  4.578  4.712  4.682  4.595  4.796  4.516  4.431  4.654  4.625  4.543  4.777  4.615  4.575  4.635  4.595  4.477  4.500  4.422  4.331  4.382  4.522  4.595  4.625  4.527  4.673  4.654  4.605  4.500  4.477  4.511  4.380  4.460
4.174  4.043  3.970  4.094  4.094  4.086  4.132  3.989  4.234  4.205  4.363  4.127  4.315  4.248  4.304  3.951  3.932  4.234  4.234  4.127  4.190  4.111  4.025  4.094  4.094  3.970  4.022  4.127  3.942  4.078  3.912  4.043  4.317  3.961  4.025  4.143  3.951  3.932  3.970  3.989  4.040  4.179
3.867  3.846  3.861  3.951  3.829  3.871  3.989  3.928  3.970  4.094  4.007  3.807  4.007  4.127  4.317  3.738  3.871  4.060  4.057  4.159  4.209  4.094  3.807  3.871  3.761  3.738  3.835  3.784  3.761  3.818  3.761  3.829  3.989  3.871  3.807  3.850  3.611  3.689  3.664  3.714  3.829  3.829
4.091  4.060  4.007  3.980  3.947  4.078  3.970  3.871  4.025  4.143  4.083  4.078  3.970  4.007  4.234  3.888  3.912  4.148  4.171  4.190  4.135  4.043  3.970  4.205  4.069  3.967  3.989  3.871  3.850  3.912  3.857  3.932  4.007  4.094  4.025  3.932  3.871  4.025  3.761  3.807  3.888  4.143
3.989  4.007  3.892  3.807  3.850  3.989  3.784  4.007  3.871  3.989  4.013  3.951  3.989  4.078  4.111  3.857  3.912  3.951  3.970  3.989  4.074  3.912  3.932  4.057  3.928  3.888  3.829  3.951  3.850  3.807  4.007  3.829  3.850  3.892  3.928  3.892  3.867  3.761  3.738  3.989  3.932  3.951
4.357  4.344  4.388  4.498  4.328  4.277  4.205  4.220  4.394  4.369  4.317  4.317  4.369  4.277  4.654  4.190  4.263  4.382  4.564  4.654  4.407  4.190  4.143  4.407  4.234  4.277  4.344  4.174  4.078  4.127  4.231  4.369  4.331  4.304  4.205  4.317  4.205  4.256  4.317  4.290  4.288  4.304
4.787  4.741  4.850  4.828  4.812  4.752  4.723  4.708  4.890  4.994  4.812  4.812  4.820  4.663  4.997  4.652  4.700  4.673  5.043  5.030  4.909  4.787  4.673  4.905  4.635  4.595  4.538  4.477  4.477  4.454  4.598  4.828  4.691  4.595  4.749  4.682  4.762  4.820  4.771  4.666  4.718  4.625
5.142  4.820  5.192  5.147  5.136  5.043  4.844  4.997  5.056  5.140  4.919  3.664  5.136  5.052  5.165  4.762  4.997  4.970  5.112  5.226  5.042  5.030  4.802  4.942  4.828  5.081  4.754  4.710  4.673  4.862  4.828  4.956  5.094  5.014  4.966  4.913  4.754  4.997  4.997  4.890  4.875  4.905
4.883  4.635  5.053  5.165  4.982  4.710  4.745  5.004  4.852  5.043  4.804  3.597  4.736  4.905  5.004  4.500  4.844  4.615  5.004  5.056  5.024  4.835  4.642  4.727  4.804  4.771  4.585  4.554  4.357  4.549  4.477  4.694  4.970  4.812  4.754  4.820  4.605  4.883  4.691  4.642  4.844  4.858
4.331  4.246  4.431  4.454  4.357  4.489  4.263  4.380  4.143  4.074  4.234  4.220  4.489  4.511  4.543  4.392  4.382  4.321  4.633  4.466  4.710  4.357  4.357  4.489  4.174  4.248  4.220  4.060  4.220  4.234  4.179  4.220  4.337  4.224  4.190  4.431  4.246  4.382  4.248  4.297  4.394  4.394
4.174  4.111  4.277  4.248  4.205  4.111  4.025  4.220  4.007  3.932  4.060  4.078  4.263  4.363  4.466  4.277  4.277  4.344  4.410  4.407  4.466  4.174  4.187  4.357  4.016  4.174  4.143  4.127  3.998  4.025  4.007  4.159  4.167  4.143  4.263  4.234  4.094  4.190  4.043  4.094  4.174  4.060
4.889  4.779  4.812  4.777  4.852  4.889  4.836  4.668  4.836  4.898  4.736  4.883  4.970  4.904  4.956  4.852  4.787  4.934  4.904  5.011  4.977  4.890  4.860  4.963  4.786  4.754  4.852  4.745  4.575  4.700  4.783  4.844  4.682  4.710  4.836  4.852  4.736  4.852  4.727  4.682  4.727  4.663
4.486  4.350  4.376  4.522  4.317  4.357  4.290  4.277  4.443  4.407  4.317  4.454  4.533  4.357  4.595  4.304  4.419  4.431  4.595  4.489  4.625  4.489  4.290  4.475  4.369  4.317  4.443  4.317  4.140  4.367  4.304  4.533  4.477  4.234  4.394  4.382  4.248  4.248  4.304  4.220  4.419  4.304
4.848  4.644  4.796  4.794  4.691  4.875  4.654  4.844  4.758  4.905  4.819  4.942  4.958  4.868  4.949  4.652  4.654  4.745  4.922  5.081  4.868  4.881  4.736  4.850  4.654  4.625  4.718  4.654  4.564  4.605  4.543  4.615  4.779  4.860  4.844  4.868  4.575  4.875  4.708  4.938  4.628  4.796
5.209  4.982  5.209  5.118  5.136  5.136  5.153  5.139  5.176  5.142  5.231  5.215  5.288  5.236  5.220  5.058  5.152  5.140  5.197  5.329  5.055  5.138  5.030  5.204  5.011  5.032  4.963  4.934  4.811  4.913  4.927  4.864  5.193  5.130  4.990  5.088  4.879  5.130  5.089  5.053  4.984  5.017
