4.543  4.234  4.466  4.220  4.454  4.174  4.331  4.431  4.554  4.700  4.454  4.452  4.654  4.511  4.522  4.315  4.220  4.317  4.585  4.382  4.600  4.466  4.248  4.431  4.187  4.304  4.241  4.344  3.989  4.234  4.341  4.140  4.174  4.205  4.260  4.369  4.140  4.263  4.419  4.425  4.263  4.174
4.205  4.290  4.108  4.043  4.043  4.159  4.344  4.174  4.248  4.331  4.357  4.304  4.382  4.449  4.331  4.224  4.043  4.143  4.361  4.263  4.205  4.277  4.392  4.220  4.140  4.277  4.290  3.980  4.127  4.190  4.263  3.912  4.111  4.127  4.317  4.321  4.143  4.074  4.174  4.111  4.025  4.127
4.060  3.892  3.829  4.094  4.078  3.951  3.951  4.043  3.989  4.127  4.143  4.135  4.167  4.127  4.091  4.022  3.908  3.947  4.094  4.159  4.043  3.951  4.007  4.171  3.784  3.961  3.824  3.829  3.850  3.829  3.850  3.912  3.892  3.871  3.912  3.850  3.638  3.888  3.761  3.784  3.970  3.761
4.575  4.290  4.331  4.380  4.543  4.443  4.533  4.419  4.404  4.673  4.419  4.536  4.489  4.575  4.564  4.500  4.564  4.248  4.477  4.511  4.580  4.564  4.394  4.516  4.290  4.234  4.344  4.238  4.016  4.234  4.357  4.317  4.554  4.248  4.503  4.277  4.357  4.382  4.094  4.260  4.220  4.454
3.689  3.829  3.829  3.932  3.738  3.664  3.932  3.850  3.829  3.871  3.611  3.664  3.780  3.850  4.040  3.780  3.784  3.802  3.824  3.932  3.912  3.664  3.871  3.912  3.584  3.638  3.892  3.584  3.497  3.638  3.807  3.892  3.802  3.784  3.714  3.871  3.632  3.526  3.632  3.466  3.611  3.664
3.829  3.784  3.835  3.807  3.738  3.784  3.871  3.857  3.714  3.846  3.714  3.761  3.871  3.989  4.007  3.807  3.664  3.807  3.850  4.060  3.951  3.761  3.829  3.807  3.664  3.714  3.714  3.807  3.611  3.611  3.807  3.829  3.829  3.791  3.791  3.664  3.738  3.638  3.908  3.689  3.638  3.846
4.277  4.143  4.304  4.277  4.335  4.224  4.407  4.174  4.190  4.281  4.174  4.248  4.190  4.234  4.466  4.220  4.246  4.205  4.331  4.382  4.489  4.317  4.263  4.174  4.220  4.031  4.127  3.912  3.970  4.040  4.078  4.111  4.174  4.331  4.331  4.304  4.159  3.970  4.094  3.850  3.970  4.007
4.263  4.094  4.220  4.190  4.025  4.246  4.376  4.127  4.127  4.231  4.078  4.174  4.410  4.270  4.344  4.241  4.167  4.205  4.174  4.190  4.220  4.277  4.277  4.348  3.970  3.967  4.220  4.111  3.951  4.025  4.124  3.989  4.007  4.234  4.111  4.007  3.998  4.060  3.932  4.007  4.025  3.989
4.025  3.912  4.407  4.094  3.871  4.078  4.043  4.143  4.091  4.202  4.111  4.350  4.127  4.060  4.205  4.135  3.892  3.951  4.052  4.143  4.220  4.078  3.942  4.111  3.942  3.784  3.829  3.989  3.761  4.111  3.807  3.912  4.007  3.932  3.970  3.912  3.871  3.912  3.932  4.119  3.922  3.970
4.048  3.970  4.108  4.108  3.932  3.912  3.947  4.083  3.970  4.140  3.807  4.060  4.060  3.892  4.025  3.947  4.007  3.861  4.078  3.951  4.094  3.932  3.829  3.918  3.709  3.664  3.689  3.784  3.689  3.912  3.888  4.022  3.761  3.773  3.892  3.807  3.761  3.947  3.850  3.846  3.829  4.025
5.380  4.977  5.187  5.273  5.231  5.273  5.153  5.164  5.182  5.438  5.225  5.328  5.165  5.130  5.198  4.989  4.977  5.075  5.257  5.247  5.187  5.050  5.142  5.121  4.984  4.997  4.913  4.868  4.503  4.745  4.984  4.782  5.075  4.977  4.984  4.970  4.836  5.075  5.004  4.938  5.017  5.170
5.030  5.043  5.100  5.081  5.100  5.081  4.860  5.017  5.026  5.217  4.982  5.220  5.102  5.030  5.263  4.952  5.004  4.977  5.136  5.153  5.165  4.871  5.017  5.034  4.828  4.868  4.820  4.828  4.605  4.762  4.868  4.734  4.968  4.890  4.968  5.030  4.836  4.875  4.909  4.808  4.836  5.037
4.475  4.143  4.394  4.407  4.331  4.304  4.171  4.281  4.248  4.477  4.388  4.304  4.419  4.475  4.382  4.127  4.263  4.317  4.357  4.407  4.369  4.297  4.304  4.394  4.220  4.253  4.304  3.989  4.234  4.127  4.234  4.202  4.369  4.585  4.220  4.304  4.220  4.263  4.290  4.220  4.263  4.317
4.649  4.331  4.663  4.595  4.394  4.543  4.454  4.454  4.454  4.615  4.559  4.543  4.543  4.654  4.564  4.522  4.380  4.500  4.644  4.700  4.590  4.605  4.277  4.533  4.277  4.394  4.328  4.234  4.246  4.277  4.431  4.578  4.575  4.522  4.595  4.489  4.304  4.407  4.394  4.431  4.304  4.477
4.277  4.295  4.361  4.404  4.248  4.277  4.284  4.382  4.357  4.288  4.248  4.274  4.419  4.382  4.605  4.174  4.392  4.500  4.290  4.590  4.443  4.234  4.388  4.464  4.197  4.205  4.190  4.174  4.060  4.205  4.190  4.151  4.277  4.234  4.159  4.317  4.220  4.108  4.111  4.217  4.174  4.174
4.357  4.317  4.220  4.290  4.202  4.248  4.263  4.190  4.248  4.382  4.124  4.410  4.401  4.143  4.407  4.159  4.234  4.256  4.350  4.472  4.331  4.419  4.301  4.248  4.190  4.190  4.197  4.094  4.040  4.111  4.321  4.197  4.248  4.205  4.143  4.394  4.159  4.179  4.140  4.194  4.135  4.248
4.673  4.543  4.605  4.585  4.691  4.723  4.575  4.635  4.477  4.443  4.575  4.605  4.796  4.625  4.718  4.536  4.511  4.575  4.771  4.762  4.682  4.663  4.625  4.682  4.361  4.477  4.469  4.331  4.205  4.452  4.443  4.464  4.489  4.575  4.575  4.425  4.554  4.595  4.635  4.575  4.407  4.635
4.997  5.050  4.977  5.085  5.115  5.161  4.994  5.117  5.017  4.866  5.108  5.170  5.152  5.169  5.176  4.877  5.061  5.088  5.252  5.152  5.159  5.037  5.069  5.165  4.909  4.920  4.940  4.949  4.779  4.898  4.913  4.977  5.040  4.997  5.058  5.011  4.942  5.217  5.069  5.096  4.915  4.858
4.248  4.043  4.159  4.284  4.078  4.094  4.007  4.111  4.277  4.248  4.111  4.234  4.290  4.156  4.277  4.151  4.094  4.143  4.263  4.361  4.202  4.220  4.111  4.220  4.069  3.989  4.074  3.970  4.094  4.034  4.025  4.025  4.304  4.078  4.094  4.016  4.078  4.078  4.060  4.078  3.989  4.094
3.976  3.807  3.912  3.932  3.932  3.892  3.701  4.016  3.664  4.007  3.871  4.078  4.007  3.892  4.007  3.892  3.761  3.784  3.951  4.270  3.807  3.829  3.871  4.143  3.784  3.689  3.888  3.807  3.970  3.664  3.850  3.932  3.970  3.867  3.714  3.757  3.638  3.912  3.892  3.932  3.807  3.658
4.522  4.419  4.357  4.469  4.557  4.382  4.354  4.369  4.394  4.466  4.554  4.431  4.454  4.533  4.543  4.304  4.425  4.382  4.554  4.635  4.509  4.575  4.489  4.533  4.263  4.263  4.331  4.234  4.174  4.094  4.234  4.174  4.331  4.477  4.554  4.331  4.212  4.394  4.394  4.317  4.263  4.369
4.078  4.094  4.234  4.148  4.263  4.127  3.892  4.094  4.043  4.190  4.140  4.220  4.331  4.315  4.311  4.025  4.043  3.970  4.304  4.380  4.267  4.174  4.066  4.135  4.108  4.174  4.060  4.060  3.951  4.040  4.094  4.043  4.304  4.078  4.202  4.111  3.882  4.190  3.957  3.989  4.007  4.174
