4.934  4.970  4.820  4.779  4.691  4.883  4.779  4.543  4.804  4.920  4.866  4.898  4.673  4.699  4.754  4.676  4.585  4.796  4.454  4.726  4.796  4.754  4.804  4.898  4.625  4.489  4.554  4.431  4.248  4.407  4.466  4.557  4.640  4.727  4.500  4.633  4.595  4.489  4.543  4.635  4.394  4.756
4.727  4.736  4.644  4.710  4.419  4.754  4.635  4.290  4.682  4.644  4.595  4.710  4.554  4.590  4.633  4.600  4.511  4.475  4.363  4.630  4.680  4.593  4.804  4.613  4.489  4.392  4.231  4.212  4.043  4.394  4.317  4.317  4.394  4.454  4.431  4.475  4.543  4.304  4.543  4.554  4.317  4.464
5.156  4.907  4.963  4.779  5.037  5.004  5.050  4.990  4.951  5.273  5.050  5.064  5.147  5.024  5.100  5.081  4.836  5.176  5.019  5.108  5.102  4.942  4.879  4.942  4.779  4.823  4.956  4.875  4.575  4.812  4.871  4.682  4.779  4.710  4.820  4.984  4.843  4.920  4.881  5.112  4.796  4.970
5.251  5.208  5.069  5.100  5.147  5.142  5.118  5.118  5.209  5.219  5.298  5.083  5.291  5.220  5.342  5.153  4.911  5.230  5.159  5.106  5.251  5.069  5.153  5.182  4.905  4.927  5.118  5.142  4.852  5.011  4.896  4.965  4.990  5.094  4.963  5.075  4.989  5.078  5.006  5.004  4.866  5.017
5.720  5.609  5.668  5.553  5.638  5.681  5.690  5.509  5.753  5.704  5.690  5.705  5.724  5.684  5.743  5.666  5.489  5.684  5.662  5.666  5.695  5.513  5.680  5.650  5.501  5.497  5.493  5.455  5.412  5.533  5.617  5.407  5.463  5.588  5.472  5.529  5.602  5.714  5.563  5.428  5.493  5.598
5.544  5.434  5.384  5.421  5.425  5.505  5.587  5.507  5.517  5.586  5.505  5.673  5.659  5.598  5.684  5.501  5.389  5.298  5.609  5.568  5.842  5.743  5.700  5.720  5.407  5.366  5.333  5.242  5.247  5.366  5.491  5.513  5.342  5.468  5.549  5.505  5.521  5.351  5.357  5.328  5.421  5.394
5.165  4.977  5.112  5.124  5.136  5.187  5.150  5.242  5.165  5.320  5.201  5.142  5.187  5.165  5.242  5.159  5.056  5.242  5.231  5.083  5.175  4.905  5.176  5.024  4.970  5.009  5.100  5.061  4.836  4.984  5.039  4.956  4.990  5.075  5.075  5.165  5.147  5.117  5.043  5.091  4.920  5.112
4.369  4.354  4.394  4.477  4.277  4.431  4.369  4.443  4.344  4.416  4.533  4.380  4.317  4.407  4.477  4.416  4.288  4.317  4.489  4.187  4.452  4.367  4.277  4.564  4.277  4.078  4.263  4.256  4.007  4.025  4.174  4.224  4.174  4.317  4.205  4.331  4.217  4.174  4.290  4.234  4.108  4.263
5.598  5.447  5.371  5.438  5.501  5.548  5.416  5.568  5.403  5.624  5.549  5.541  5.525  5.543  5.580  5.489  5.298  5.595  5.517  5.515  5.545  5.421  5.389  5.545  5.323  5.325  5.325  5.328  5.118  5.332  5.341  5.307  5.388  5.286  5.366  5.398  5.451  5.423  5.521  5.429  5.247  5.460
4.431  4.394  4.541  4.220  4.290  4.552  4.290  4.443  4.341  4.538  4.344  4.394  4.357  4.564  4.452  4.511  4.190  4.472  4.500  4.500  4.174  4.263  4.382  4.533  4.094  4.007  4.174  4.174  4.143  4.270  4.290  4.220  4.516  4.182  4.231  4.143  4.301  4.331  4.205  4.260  4.190  4.205
5.515  5.313  5.352  5.455  5.361  5.425  5.384  5.327  5.517  5.561  5.425  5.529  5.541  5.342  5.549  5.380  5.293  5.338  5.484  5.447  5.447  5.273  5.398  5.505  5.247  5.324  5.259  5.169  5.150  5.328  5.165  5.545  5.347  5.283  5.379  5.357  5.347  5.313  5.193  5.257  5.466  5.338
4.630  4.511  4.787  4.835  4.489  4.682  4.673  4.595  4.796  4.890  4.567  4.844  4.608  4.673  4.543  4.477  4.623  4.234  4.718  4.673  4.868  4.699  4.431  4.717  4.516  4.509  4.394  4.290  4.174  4.454  4.394  4.625  4.419  4.500  4.454  4.437  4.454  4.290  4.328  4.466  4.466  4.500
5.100  4.949  5.024  5.017  5.094  5.017  5.063  5.037  5.159  5.226  5.088  5.061  5.193  4.977  5.142  5.049  4.997  5.088  5.203  5.162  5.100  5.017  5.004  5.093  4.987  4.944  4.956  4.975  4.812  4.961  4.977  5.007  4.920  4.977  4.989  4.956  5.069  4.972  4.942  4.852  4.860  4.875
6.304  6.028  6.176  6.282  6.219  6.153  6.271  6.277  6.360  6.453  6.250  6.392  6.395  6.301  6.361  6.206  6.271  6.230  6.339  6.260  6.306  6.097  6.117  6.073  6.348  6.377  6.182  6.180  6.026  6.194  6.205  6.198  6.192  6.332  6.321  6.182  6.280  6.213  6.202  6.139  6.217  6.238
5.438  5.406  5.278  5.247  5.460  5.501  5.293  5.447  5.323  5.371  5.308  5.529  5.781  5.434  5.525  5.236  5.220  5.380  5.493  5.421  5.505  5.277  5.313  5.277  5.209  5.357  5.308  5.252  4.934  5.209  5.170  5.193  5.159  5.323  5.273  5.292  5.357  5.231  5.037  5.403  5.176  5.361
4.680  4.771  4.663  4.671  4.820  4.854  4.852  4.771  4.881  4.691  4.654  4.920  4.820  4.870  4.958  4.605  4.796  4.562  4.870  4.963  5.001  4.913  4.745  4.718  4.691  4.663  4.567  4.522  4.369  4.580  4.522  4.816  4.635  4.771  4.762  4.710  4.673  4.718  4.511  4.718  4.727  4.663
5.069  4.852  4.852  4.820  4.875  4.844  4.844  5.056  4.836  5.037  5.075  4.997  5.242  5.215  5.204  4.933  4.771  5.030  4.927  5.075  5.043  4.949  4.970  4.736  4.820  4.771  4.905  5.112  4.745  4.745  4.990  4.765  4.898  4.777  4.828  4.852  4.868  4.956  4.883  4.997  4.699  4.844
4.843  4.771  4.635  4.812  4.766  4.915  4.820  4.741  4.736  5.037  4.828  4.852  5.153  5.136  5.024  4.828  4.710  4.875  4.804  5.011  5.040  4.949  4.942  4.958  4.762  4.844  4.881  4.883  4.741  4.963  5.215  4.996  5.011  4.820  4.700  4.820  4.792  4.820  4.847  4.804  4.585  4.754
4.086  3.989  4.094  4.025  4.043  4.013  3.892  3.970  3.985  4.127  3.989  4.174  4.127  4.205  4.159  3.942  3.784  4.143  4.190  4.060  4.174  3.922  3.892  4.078  3.892  3.951  3.850  4.025  3.761  3.892  3.829  3.871  3.912  4.025  3.829  3.951  3.882  3.989  3.829  4.043  3.932  3.912
3.918  3.807  3.932  3.807  3.985  4.043  3.709  4.022  3.871  3.912  4.025  4.174  4.205  4.060  4.040  3.850  3.922  4.116  4.078  4.143  4.043  3.892  3.912  3.892  3.738  3.714  3.784  3.689  3.839  3.892  3.892  3.714  4.007  4.007  3.824  3.807  3.795  3.829  3.738  3.802  3.738  3.807
5.118  4.883  4.979  5.097  5.064  5.114  4.927  4.940  5.011  5.063  4.970  5.106  5.242  4.919  5.220  4.905  5.011  5.017  5.179  5.043  5.088  5.011  5.056  4.942  5.056  5.063  4.920  4.933  4.852  4.831  4.970  4.931  4.940  5.069  5.049  5.029  4.922  5.037  4.904  5.029  4.828  5.032
4.615  4.663  4.682  4.657  4.644  4.603  4.620  4.673  4.754  4.663  4.730  4.710  4.691  4.593  4.727  4.509  4.710  4.583  4.654  4.783  4.718  4.554  4.595  4.593  4.605  4.663  4.543  4.440  4.357  4.304  4.466  4.369  4.633  4.652  4.522  4.585  4.595  4.511  4.533  4.443  4.578  4.394
