4.883  4.700  4.691  4.718  4.811  4.754  4.754  4.771  4.844  4.984  4.836  4.812  4.942  4.796  4.900  4.827  4.543  4.890  4.905  4.811  4.836  4.804  4.866  4.727  4.615  4.605  4.652  4.739  4.585  4.564  4.654  4.685  4.726  4.644  4.625  4.663  4.727  4.652  4.787  4.605  4.500  4.779
5.338  5.124  5.290  5.215  5.242  5.246  5.147  5.220  5.147  5.398  5.370  5.273  5.338  5.252  5.257  5.219  4.970  5.225  5.303  5.247  5.176  5.056  5.198  5.124  4.940  5.030  4.997  5.017  4.864  4.804  5.147  4.920  5.088  4.933  4.984  5.024  5.056  5.182  5.252  5.040  4.956  5.100
5.080  4.942  4.852  4.836  4.990  5.064  5.056  4.963  5.094  5.165  5.069  5.132  5.187  5.037  5.100  5.072  4.907  5.109  4.984  5.004  5.075  5.017  5.011  5.030  5.056  4.844  4.796  4.942  4.745  4.804  5.152  4.997  4.896  5.017  4.977  4.965  4.956  4.956  4.942  4.956  4.844  4.956
5.537  5.313  5.447  5.335  5.407  5.505  5.553  5.384  5.436  5.652  5.566  5.576  5.638  5.421  5.580  5.509  5.378  5.454  5.609  5.380  5.602  5.537  5.394  5.656  5.193  5.263  5.438  5.352  5.252  5.312  5.476  5.394  5.329  5.438  5.397  5.398  5.442  5.338  5.347  5.457  5.338  5.375
4.762  4.477  4.727  4.575  4.567  4.682  4.552  4.494  4.726  4.762  4.633  4.652  4.754  4.787  4.734  4.533  4.419  4.691  4.741  4.717  4.758  4.466  4.543  4.522  4.357  4.628  4.380  4.492  4.304  4.500  4.489  4.454  4.460  4.530  4.625  4.533  4.489  4.477  4.554  4.489  4.541  4.635
4.575  4.407  4.477  4.369  4.369  4.363  4.615  4.394  4.505  4.477  4.277  4.443  4.710  4.477  4.644  4.443  4.533  4.522  4.573  4.394  4.564  4.575  4.386  4.511  4.304  4.331  4.431  4.234  4.190  4.382  4.382  4.263  4.277  4.263  4.575  4.394  4.277  4.127  4.220  4.331  4.241  4.331
4.794  4.522  4.864  4.779  4.762  4.868  4.754  4.786  4.787  4.868  4.718  4.890  5.050  4.819  5.037  4.673  4.673  4.820  4.929  4.852  4.883  4.691  4.771  4.625  4.654  4.644  4.511  4.638  4.477  4.593  4.779  4.710  4.804  4.699  4.615  4.760  4.625  4.787  4.682  4.533  4.625  4.615
5.100  4.915  5.192  5.278  5.130  5.220  5.075  4.942  5.024  5.153  5.088  5.142  5.176  5.118  5.204  5.009  4.927  4.980  5.256  5.124  5.142  5.136  4.949  5.069  4.860  4.984  4.927  4.832  4.739  4.937  4.836  4.887  4.997  5.136  4.977  4.958  4.968  4.997  4.949  4.956  4.963  4.980
6.148  5.987  6.061  5.914  6.080  6.071  5.919  6.144  6.097  6.216  6.118  6.115  6.133  6.133  6.197  5.991  5.704  5.994  6.176  6.115  5.969  5.991  6.028  6.140  5.929  5.938  5.975  6.033  5.686  5.690  5.900  5.892  6.014  5.969  6.057  5.976  6.001  6.169  6.207  6.023  5.932  5.931
5.201  5.297  5.193  5.043  5.235  5.278  5.088  5.242  5.242  5.267  5.359  5.241  5.384  5.262  5.406  5.247  5.078  5.118  5.242  5.233  5.349  5.293  5.338  5.481  5.034  5.081  5.182  5.112  4.905  5.130  5.165  5.159  5.115  5.142  5.063  5.138  5.198  5.298  5.303  5.182  5.130  5.075
4.700  4.615  4.828  4.666  4.554  4.605  4.605  4.736  4.663  4.682  4.530  4.654  4.787  4.663  4.779  4.554  4.635  4.605  4.812  4.812  4.654  4.590  4.580  4.741  4.615  4.419  4.477  4.382  4.331  4.344  4.585  4.454  4.718  4.682  4.543  4.585  4.522  4.590  4.554  4.554  4.663  4.673
5.318  5.106  5.263  5.278  5.323  5.247  5.298  5.283  5.288  5.278  5.231  5.373  5.394  5.236  5.403  5.081  5.425  5.198  5.421  5.529  5.517  5.654  5.416  5.438  5.371  5.335  5.024  4.905  5.103  4.890  5.050  5.175  5.198  5.231  5.257  5.220  5.106  5.153  5.069  5.017  5.283  5.162
5.631  5.485  5.505  5.517  5.582  5.464  5.318  5.505  5.283  5.737  5.572  5.472  5.659  5.418  5.580  5.489  5.380  5.474  5.540  5.572  5.555  5.489  5.446  5.529  5.220  5.298  5.257  5.263  5.170  5.124  5.425  5.375  5.357  5.489  5.482  5.403  5.346  5.501  5.545  5.447  5.298  5.384
5.464  5.322  5.421  5.451  5.333  5.288  5.380  5.303  5.291  5.525  5.389  5.389  5.533  5.489  5.537  5.225  5.231  5.250  5.338  5.460  5.352  5.220  5.257  5.412  5.150  5.209  5.106  5.124  5.130  5.075  5.260  5.159  5.244  5.288  5.380  5.434  5.285  5.333  5.247  5.153  5.282  5.328
6.162  5.849  6.016  6.023  5.991  6.045  6.019  5.943  6.001  6.148  6.054  6.035  6.238  5.971  6.196  5.916  6.006  5.872  6.144  6.150  6.116  5.976  5.900  6.043  5.787  5.927  5.835  5.756  5.652  5.737  5.878  5.956  6.033  6.026  6.075  6.038  6.071  6.116  6.111  6.114  6.358  6.303
5.817  5.697  5.678  5.799  5.753  5.743  5.717  5.720  5.765  5.886  5.883  5.749  5.968  5.835  5.930  5.737  5.779  5.690  5.784  5.846  5.927  5.892  5.690  5.852  5.590  5.775  5.602  5.580  5.620  5.649  5.583  5.694  5.855  5.844  5.958  5.814  5.697  5.909  5.814  5.762  6.026  5.900
4.796  4.682  4.927  4.847  4.860  4.779  4.902  4.913  4.904  4.868  4.848  4.954  5.004  4.812  5.117  4.812  4.875  4.754  5.004  5.050  5.089  5.037  4.894  4.984  4.736  4.804  4.749  4.615  4.554  4.710  4.828  4.942  4.898  4.920  4.977  4.926  4.862  4.754  4.718  4.663  4.836  4.710
4.942  4.796  4.718  5.030  4.874  4.745  4.984  4.820  4.883  4.949  4.766  5.030  4.984  4.796  4.990  4.796  4.927  4.654  4.927  5.011  5.204  4.963  4.754  4.890  4.898  4.890  4.635  4.736  4.690  4.718  4.743  4.963  4.977  4.963  4.963  4.968  4.905  4.875  4.585  4.736  4.792  4.771
4.475  4.431  4.559  4.477  4.344  4.431  4.304  4.290  4.454  4.404  4.344  4.431  4.533  4.394  4.585  4.357  4.297  4.290  4.530  4.522  4.543  4.331  4.357  4.466  4.344  4.317  4.238  4.277  4.234  4.331  4.344  4.369  4.446  4.344  4.443  4.407  4.263  4.270  4.328  4.234  4.382  4.354
4.663  4.419  4.546  4.652  4.677  4.590  4.357  4.745  4.543  4.745  4.511  4.600  4.644  4.741  4.883  4.477  4.605  4.543  4.625  4.942  4.654  4.603  4.595  4.710  4.573  4.635  4.585  4.477  4.562  4.567  4.543  4.625  4.644  4.615  4.635  4.575  4.419  4.642  4.500  4.575  4.533  4.498
4.025  3.928  4.078  4.094  4.094  4.025  4.060  4.078  4.052  4.025  3.970  3.970  4.174  4.190  4.260  4.025  4.031  4.143  4.277  4.217  4.344  4.241  4.111  4.007  4.111  3.970  3.912  3.912  3.829  3.850  4.013  4.060  4.143  4.143  4.205  4.267  4.099  4.407  4.234  3.892  3.912  4.190
3.714  3.714  3.664  3.951  3.824  3.829  3.689  3.761  3.664  3.850  3.807  3.951  4.043  3.951  3.912  3.761  3.664  3.761  3.989  3.989  4.060  3.784  3.733  3.912  3.861  3.784  3.871  3.784  3.664  3.807  3.664  3.807  4.007  3.714  3.829  3.761  3.684  4.043  3.850  3.780  3.709  3.632
