3.459  3.401  3.428  3.434  3.497  3.401  3.466  3.466  3.367  3.526  3.497  3.401  3.584  3.526  3.689  3.611  3.466  3.526  3.555  3.584  3.761  3.570  3.497  3.434  3.638  3.325  3.497  3.475  3.332  3.395  3.578  3.555  3.689  3.428  3.584  3.332  3.360  3.401  3.434  3.332  3.219  3.466
3.401  3.332  3.428  3.258  3.367  3.555  3.332  3.459  3.401  3.296  3.178  3.367  3.526  3.497  3.555  3.497  3.434  3.497  3.360  3.761  3.466  3.367  3.418  3.367  3.497  3.401  3.526  3.296  3.401  3.258  3.332  3.401  3.258  3.367  3.401  3.250  3.367  3.332  3.395  3.367  3.434  3.258
4.489  4.277  4.382  4.341  4.449  4.394  4.380  4.369  4.357  4.559  4.489  4.533  4.407  4.304  4.489  4.394  4.179  4.174  4.466  4.477  4.407  4.369  4.205  4.466  4.212  4.331  4.111  4.094  4.060  4.159  4.159  4.220  4.317  4.407  4.290  4.220  4.143  4.190  4.127  4.127  4.111  4.290
4.295  4.094  4.220  4.156  4.060  4.156  4.007  4.143  4.111  4.248  4.148  4.357  4.317  4.220  4.419  4.025  3.928  4.094  4.350  4.331  4.290  4.190  4.060  4.205  4.143  3.989  3.970  3.871  3.813  3.892  3.912  3.967  4.127  4.174  3.989  4.004  3.829  3.989  3.989  3.989  4.007  4.094
3.714  3.824  3.784  3.714  3.807  3.664  3.555  3.664  3.714  3.761  3.526  3.784  3.850  3.892  3.829  3.664  3.714  3.850  4.025  3.846  3.807  3.902  3.689  3.738  3.807  3.611  3.526  3.611  3.570  3.938  3.664  3.664  3.611  3.871  3.714  3.733  3.813  3.584  3.761  3.570  3.611  3.664
3.912  3.611  3.918  3.761  3.829  3.829  3.714  3.784  3.850  3.951  3.714  3.871  3.970  3.892  4.094  3.912  3.714  3.807  3.989  3.989  3.951  3.689  3.912  3.871  3.689  3.839  3.611  3.611  3.497  3.784  3.714  3.738  3.871  3.714  3.839  3.689  3.658  3.714  3.829  3.745  3.689  3.784
4.771  4.771  4.736  4.644  4.682  4.595  4.727  4.663  4.673  4.820  4.680  4.812  4.804  4.714  4.871  4.605  4.718  4.635  4.862  4.771  4.843  4.727  4.663  4.633  4.575  4.625  4.575  4.413  4.520  4.419  4.559  4.500  4.625  4.766  4.654  4.736  4.575  4.522  4.419  4.543  4.472  4.511
4.407  4.466  4.256  4.304  4.304  4.321  4.331  4.554  4.344  4.564  4.290  4.500  4.443  4.344  4.605  4.234  4.357  4.220  4.489  4.564  4.662  4.522  4.344  4.344  4.357  4.304  4.248  4.127  4.159  4.202  4.202  4.234  4.331  4.315  4.357  4.317  4.331  4.248  4.317  4.127  4.284  4.234
5.428  5.236  5.333  5.268  5.342  5.136  5.112  5.220  5.235  5.375  5.425  5.509  5.273  5.263  5.371  5.147  4.997  5.242  5.293  5.351  5.303  5.220  5.159  5.407  4.970  4.947  4.961  5.030  4.868  5.075  5.142  5.056  5.142  4.956  5.153  5.136  5.030  5.112  5.124  5.124  4.990  5.069
5.255  5.075  5.352  5.215  5.050  5.004  5.235  5.037  5.438  5.273  5.195  5.230  5.094  5.115  5.247  5.011  4.990  5.004  5.226  5.176  5.209  5.278  5.075  5.497  4.831  4.997  5.055  4.796  4.831  4.984  5.030  4.977  5.153  4.990  4.927  5.102  5.100  4.997  4.942  4.762  5.050  4.934
4.190  4.078  4.205  4.297  4.234  4.190  4.159  4.094  4.025  4.277  4.111  4.382  4.263  4.260  4.382  3.912  4.094  4.007  4.431  4.344  4.315  4.103  4.263  4.234  4.007  4.135  4.124  4.043  3.850  4.103  4.111  4.086  4.234  4.060  4.217  4.043  4.205  4.290  4.094  4.060  3.989  4.341
4.511  4.546  4.500  4.492  4.543  4.522  4.454  4.489  4.511  4.625  4.477  4.595  4.659  4.489  4.726  4.452  4.354  4.486  4.605  4.654  4.605  4.516  4.533  4.394  4.369  4.317  4.277  4.350  4.231  4.369  4.357  4.357  4.613  4.376  4.460  4.454  4.382  4.344  4.382  4.357  4.341  4.595
4.500  4.331  4.431  4.431  4.277  4.369  4.277  4.344  4.248  4.618  4.248  4.392  4.525  4.500  4.657  4.419  4.304  4.369  4.419  4.575  4.357  4.341  4.407  4.419  4.007  4.234  4.357  4.078  4.135  4.078  4.357  4.127  4.205  4.248  4.419  4.466  4.317  4.331  4.234  4.174  4.217  4.220
5.081  5.056  4.920  4.887  4.752  4.913  4.754  4.804  4.828  5.027  4.836  4.924  5.152  5.030  5.037  4.745  4.787  4.804  5.030  4.934  4.984  4.931  4.890  5.063  4.562  4.762  4.671  4.635  4.580  4.691  4.796  4.705  4.860  4.663  4.754  4.890  4.682  4.762  4.836  4.682  4.700  4.673
5.781  5.533  5.583  5.606  5.591  5.715  5.574  5.611  5.485  5.714  5.710  5.586  5.793  5.634  5.869  5.583  5.371  5.624  5.612  5.673  5.720  5.531  5.558  5.645  5.586  5.423  5.505  5.613  5.204  5.318  5.451  5.649  5.513  5.620  5.565  5.714  5.663  5.874  5.835  5.645  5.455  5.507
6.225  6.221  6.153  6.196  6.231  6.286  6.082  6.089  6.157  6.263  6.349  6.239  6.337  6.269  6.430  6.190  6.071  6.199  6.175  6.188  6.223  6.214  6.244  6.170  6.038  6.021  6.135  6.084  5.951  5.971  6.159  6.153  6.019  6.125  6.137  6.186  6.234  6.308  6.229  6.103  6.019  6.038
4.034  4.060  3.970  3.912  3.932  4.103  3.912  3.989  3.951  4.074  3.784  3.967  4.094  4.140  4.159  3.912  4.094  4.007  4.234  4.143  4.127  4.043  4.043  4.057  3.850  4.043  3.784  3.967  3.807  3.951  4.013  3.850  4.043  3.912  3.871  3.989  3.951  3.989  3.850  4.057  3.807  4.060
4.238  4.277  4.174  4.398  4.489  4.404  4.317  4.382  4.341  4.437  4.407  4.394  4.533  4.472  4.663  4.344  4.369  4.354  4.605  4.575  4.615  4.386  4.419  4.357  4.190  4.382  4.205  4.288  4.025  4.159  4.086  4.263  4.344  4.331  4.357  4.290  4.357  4.407  4.331  4.205  4.190  4.344
4.860  4.615  4.718  4.844  4.615  4.787  4.727  4.691  4.934  4.736  4.796  4.828  4.883  4.828  4.934  4.682  4.635  4.808  4.844  4.909  4.771  4.745  4.745  4.840  4.700  4.610  4.673  4.663  4.564  4.644  4.710  4.533  4.727  4.682  4.700  4.644  4.673  4.673  4.828  4.682  4.710  4.905
4.369  4.331  4.331  4.477  4.489  4.575  4.394  4.331  4.431  4.511  4.344  4.419  4.585  4.454  4.543  4.190  4.382  4.486  4.382  4.564  4.625  4.443  4.263  4.401  4.281  4.248  4.190  4.174  4.164  4.331  4.328  4.394  4.328  4.452  4.466  4.382  4.277  4.174  4.344  4.248  4.111  4.489
4.554  4.578  4.691  4.520  4.593  4.663  4.543  4.533  4.575  4.640  4.522  4.585  4.760  4.691  4.794  4.654  4.635  4.520  4.710  4.824  4.812  4.552  4.721  4.625  4.500  4.437  4.654  4.431  4.443  4.419  4.466  4.585  4.595  4.718  4.593  4.700  4.466  4.662  4.514  4.522  4.489  4.615
4.691  4.663  4.673  4.595  4.610  4.625  4.564  4.536  4.605  4.663  4.543  4.673  4.734  4.771  4.997  4.580  4.663  4.663  4.644  4.956  4.691  4.668  4.615  4.769  4.394  4.489  4.486  4.520  4.431  4.533  4.477  4.567  4.615  4.511  4.654  4.595  4.522  4.682  4.477  4.344  4.466  4.554
