5.375  5.215  5.391  5.242  5.220  5.315  5.252  5.236  5.403  5.521  5.509  5.412  5.338  5.239  5.495  5.291  5.050  5.320  5.438  5.325  5.247  5.204  5.209  5.204  5.123  5.117  5.118  5.187  5.063  5.071  5.165  5.100  5.283  5.075  5.308  5.178  5.106  5.357  5.283  5.313  5.071  5.357
5.869  5.574  5.804  5.717  5.613  5.642  5.749  5.700  5.746  5.967  5.796  5.858  5.785  5.743  5.846  5.652  5.598  5.642  5.844  5.730  5.659  5.624  5.645  5.694  5.565  5.663  5.505  5.543  5.374  5.513  5.485  5.442  5.704  5.595  5.581  5.659  5.521  5.704  5.710  5.620  5.535  5.835
3.638  3.526  3.829  3.555  3.807  3.738  3.761  3.689  3.664  3.784  3.497  3.611  3.651  3.807  3.867  3.761  3.761  3.877  3.912  3.871  3.829  3.761  3.951  3.664  3.733  3.829  3.664  3.597  3.689  3.818  3.714  3.714  3.807  3.807  3.714  3.829  3.578  3.638  3.689  3.497  3.664  3.689
4.060  3.807  4.241  4.143  3.932  3.951  3.932  4.143  3.989  3.970  3.892  4.025  3.912  3.784  3.932  3.951  3.714  3.829  3.829  4.007  4.091  3.967  3.892  4.007  3.738  3.664  3.839  3.738  3.689  3.709  3.912  3.970  4.078  3.784  3.689  3.970  3.807  4.043  3.922  3.761  3.689  4.043
3.584  3.802  3.757  3.922  3.757  3.768  3.738  3.689  3.714  3.780  3.714  3.645  3.912  3.714  3.912  3.738  3.829  3.807  3.813  3.892  3.908  3.689  3.714  3.912  3.658  3.780  3.638  3.664  3.466  3.584  3.773  3.824  3.932  3.714  3.780  3.714  3.733  3.791  3.638  3.520  3.658  3.761
3.490  3.512  3.526  3.611  3.584  3.434  3.497  3.526  3.466  3.481  3.434  3.526  3.714  3.709  3.761  3.555  3.526  3.714  3.611  3.611  3.578  3.584  3.584  3.466  3.466  3.428  3.434  3.611  3.332  3.526  3.434  3.638  3.401  3.401  3.651  3.418  3.466  3.535  3.466  3.434  3.497  3.434
4.644  4.382  4.522  4.557  4.585  4.522  4.331  4.443  4.234  4.472  4.357  4.380  4.605  4.575  4.615  4.431  4.454  4.422  4.533  4.511  4.575  4.466  4.361  4.466  4.304  4.454  4.404  4.331  4.094  4.248  4.382  4.419  4.458  4.522  4.460  4.500  4.380  4.388  4.407  4.500  4.344  4.290
4.060  4.040  4.127  4.197  4.025  3.989  4.007  4.159  3.989  4.174  3.892  4.127  4.248  4.284  4.277  4.159  4.083  4.060  4.143  4.263  4.331  4.103  4.034  4.094  3.908  4.103  3.970  3.932  3.829  3.967  4.151  3.989  4.127  4.111  4.111  4.108  4.060  4.108  4.043  4.078  3.970  4.159
3.638  3.902  3.824  3.784  3.689  3.689  3.689  3.738  3.784  3.829  3.664  3.892  4.007  3.850  3.892  3.689  3.689  3.689  3.861  3.829  3.867  3.951  3.689  3.784  3.829  3.902  3.638  3.605  3.611  3.497  3.871  3.611  3.784  3.638  3.738  3.689  3.638  3.584  3.497  3.497  3.638  3.689
3.658  3.592  3.738  3.611  3.497  3.497  3.526  3.638  3.689  3.526  3.658  3.611  3.850  3.784  3.912  3.696  3.671  3.689  3.784  3.807  3.738  3.555  3.638  3.757  3.526  3.638  3.638  3.497  3.401  3.611  3.611  3.709  3.714  3.497  3.584  3.497  3.791  3.638  3.555  3.434  3.466  3.584
4.335  4.174  4.489  4.500  4.477  4.277  4.248  4.369  4.202  4.543  4.428  4.466  4.575  4.533  4.564  4.297  4.263  4.174  4.595  4.564  4.394  4.382  4.317  4.404  4.440  4.238  4.060  4.205  4.078  4.111  4.174  4.311  4.625  4.234  4.344  4.344  4.078  4.234  4.143  4.205  4.288  4.143
4.277  4.220  4.277  4.174  4.331  4.357  4.060  4.043  4.111  4.382  4.217  4.344  4.454  4.290  4.369  4.091  4.078  4.171  4.304  4.718  4.274  4.217  4.277  4.246  4.022  4.119  3.970  4.127  3.835  4.083  3.970  4.074  4.263  4.171  4.127  4.111  4.043  4.060  4.094  4.127  4.078  4.078
3.829  3.689  3.839  3.908  3.761  3.761  3.850  3.638  3.912  3.947  3.807  3.932  3.912  4.043  3.871  3.902  3.871  4.043  4.007  4.060  4.151  3.892  3.784  4.094  3.922  3.611  3.850  3.892  3.689  3.871  3.773  3.829  3.871  3.871  3.888  3.738  3.738  3.871  3.888  3.714  3.714  3.829
3.951  3.829  3.912  3.850  3.850  3.892  3.850  3.784  3.773  3.967  3.824  4.004  3.912  3.970  4.022  3.829  3.784  4.052  3.932  3.951  4.060  4.052  3.989  4.078  3.784  3.892  3.784  3.784  3.784  3.871  3.989  3.908  3.912  3.970  3.951  3.928  3.829  3.871  3.850  3.689  3.892  3.938
3.871  3.970  3.995  3.947  3.932  3.784  3.802  3.850  3.871  4.007  4.007  3.807  4.171  4.159  4.094  3.829  3.980  3.784  3.829  3.932  3.989  3.714  3.850  4.297  3.807  3.738  3.807  4.159  3.497  3.928  3.738  3.829  3.976  3.912  3.780  3.867  3.784  3.829  3.807  3.784  4.007  3.807
3.714  3.761  3.871  3.714  3.584  3.584  3.684  3.555  3.912  3.761  3.597  3.689  3.780  3.829  3.928  3.611  3.664  3.709  3.829  3.850  3.807  3.850  3.611  3.807  3.466  3.555  3.434  3.611  3.401  3.632  3.550  3.526  3.689  3.638  3.611  3.611  3.658  3.555  3.459  3.555  3.689  3.584
4.344  4.290  4.248  4.311  4.317  4.174  4.127  4.304  4.290  4.290  4.369  4.344  4.522  4.304  4.331  4.190  4.127  4.159  4.317  4.398  4.369  4.248  4.382  4.348  4.277  4.227  4.205  4.140  4.043  4.171  4.263  4.263  4.357  4.231  4.182  4.143  4.159  4.277  4.143  4.174  4.159  4.174
4.363  4.205  4.344  4.335  4.290  4.317  4.159  4.290  4.419  4.522  4.344  4.311  4.745  4.394  4.533  4.190  4.317  4.220  4.394  4.489  4.575  4.290  4.304  4.324  4.048  4.238  4.234  4.060  4.007  4.043  4.143  4.274  4.367  4.331  4.392  4.380  4.369  4.394  4.317  4.311  4.290  4.260
3.664  3.584  3.584  3.892  3.526  3.761  3.807  3.611  3.738  3.773  3.871  3.738  3.829  3.807  3.871  3.714  3.611  3.784  3.867  3.912  3.912  3.784  3.829  4.007  3.497  3.664  3.664  3.497  3.578  3.638  3.664  3.850  3.784  3.689  3.757  3.784  3.497  3.757  3.761  3.526  3.689  3.850
3.584  3.434  3.401  3.584  3.584  3.466  3.434  3.497  3.555  3.664  3.401  3.497  3.892  3.829  3.714  3.555  3.555  3.497  3.989  3.871  3.892  3.555  3.584  3.638  3.466  3.497  3.555  3.466  3.497  3.497  3.367  3.555  3.738  3.401  3.714  3.709  3.497  3.761  3.466  3.526  3.555  3.450
3.892  3.850  3.850  3.888  3.951  3.850  3.877  3.761  3.850  3.932  3.824  3.829  3.871  3.951  4.060  3.970  3.902  3.829  4.127  3.989  4.143  4.057  3.912  4.069  3.829  3.829  3.738  3.829  3.664  3.689  3.780  3.761  3.892  3.970  3.850  4.022  3.824  3.932  3.738  3.526  3.829  3.902
3.850  3.611  3.611  3.835  3.784  3.490  3.761  3.638  3.733  3.989  3.761  3.807  3.761  3.664  3.928  3.714  3.658  3.714  3.912  3.888  3.912  3.807  3.714  3.892  3.784  3.512  3.761  3.714  3.611  3.638  3.689  3.664  3.850  3.850  3.871  3.658  3.714  3.611  3.584  3.497  3.689  3.664
