4.151  4.127  4.274  3.951  4.159  4.159  4.078  4.277  4.124  4.205  4.143  4.078  4.220  4.174  4.328  4.108  4.025  4.190  4.331  4.143  4.344  4.094  4.171  4.187  4.083  4.025  4.007  4.060  3.850  4.057  3.951  4.159  3.932  4.074  4.094  4.234  4.094  3.932  3.985  3.967  4.140  3.970
4.454  4.489  4.503  4.440  4.394  4.500  4.466  4.431  4.549  4.394  4.533  4.585  4.509  4.394  4.562  4.407  4.425  4.419  4.505  4.575  4.771  4.522  4.500  4.583  4.443  4.317  4.394  4.174  4.234  4.335  4.452  4.466  4.205  4.475  4.477  4.489  4.511  4.394  4.248  4.234  4.437  4.394
4.919  4.823  4.934  4.868  4.844  4.844  4.890  4.904  4.844  5.024  4.860  5.075  4.852  4.984  5.061  4.934  4.820  4.898  4.816  4.852  5.009  4.915  4.913  4.860  4.808  4.777  4.802  4.836  4.718  4.605  4.771  4.811  4.820  4.836  4.868  4.798  4.691  4.875  4.766  4.745  4.710  4.820
4.635  4.454  4.628  4.522  4.522  4.533  4.635  4.505  4.564  4.625  4.580  4.682  4.777  4.615  4.575  4.585  4.573  4.673  4.603  4.654  4.509  4.511  4.564  4.700  4.623  4.394  4.511  4.520  4.522  4.578  4.500  4.466  4.477  4.595  4.511  4.475  4.522  4.500  4.407  4.454  4.431  4.394
6.767  6.657  6.661  6.671  6.771  6.749  6.836  6.838  6.812  7.101  7.045  7.133  6.893  6.775  6.836  6.725  6.526  6.611  6.827  6.719  6.629  6.696  6.798  6.667  6.683  6.723  6.667  6.707  6.501  6.680  6.697  6.483  6.551  6.756  6.777  6.714  6.653  6.723  6.666  6.687  6.621  6.691
6.987  7.002  6.863  6.809  6.899  6.933  7.102  6.958  6.956  7.145  7.091  7.073  7.106  6.927  7.045  7.020  6.975  6.812  7.031  6.902  6.965  7.048  7.078  7.073  6.957  6.953  6.958  6.902  6.978  6.990  7.021  6.904  6.770  7.045  7.128  7.018  6.978  6.886  6.807  6.801  6.889  6.915
4.111  3.970  3.867  3.989  3.989  3.871  3.738  3.970  3.784  4.127  3.932  4.094  4.094  4.091  4.248  3.850  3.912  4.043  3.961  4.127  3.989  3.850  3.928  3.951  3.932  3.892  3.892  3.784  3.738  3.784  4.025  3.980  3.970  3.892  4.007  3.951  3.951  4.156  3.850  3.951  3.892  3.970
5.333  5.344  5.252  5.263  5.278  5.335  5.366  5.204  5.220  5.541  5.432  5.313  5.649  5.425  5.591  5.318  5.366  5.220  5.380  5.313  5.361  5.416  5.247  5.447  5.338  5.267  5.136  5.112  5.181  5.283  5.292  5.268  5.187  5.338  5.361  5.407  5.236  5.273  5.311  5.094  5.187  5.142
5.231  5.063  5.303  5.303  5.318  5.236  5.115  5.226  5.069  5.308  5.176  5.263  5.273  5.136  5.346  4.977  5.088  5.123  5.361  5.384  5.389  5.384  5.198  5.252  4.986  4.875  5.030  4.875  4.816  4.779  5.030  5.124  5.156  5.030  5.165  5.118  5.017  5.063  5.112  4.905  5.071  5.112
4.234  4.127  4.344  4.234  4.143  4.057  4.111  4.094  4.197  4.248  4.119  4.290  4.231  4.127  4.263  3.989  4.143  4.234  4.238  4.159  4.344  4.331  4.263  4.357  3.951  3.932  4.025  4.025  3.802  4.078  4.060  4.127  4.187  4.007  4.022  4.060  3.970  4.078  4.048  4.060  3.970  4.263
4.469  4.220  4.575  4.376  4.431  4.549  4.533  4.489  4.968  4.635  4.288  4.419  4.431  4.564  4.779  4.171  4.516  4.369  4.804  4.828  4.392  4.394  4.248  4.369  4.382  4.290  4.248  4.025  4.078  4.220  3.951  4.256  4.407  4.308  4.543  4.288  4.270  4.043  4.197  4.454  4.779  4.217
4.111  3.714  3.970  3.824  3.932  3.857  3.892  3.761  3.829  3.871  3.850  3.738  4.127  3.912  3.951  3.738  3.738  3.738  4.060  4.040  4.007  3.912  3.850  4.007  3.784  3.791  3.829  3.611  3.611  3.664  3.738  3.761  3.738  3.761  3.714  3.807  3.738  3.784  3.807  3.689  3.689  3.807
4.443  4.419  4.382  4.466  4.394  4.304  4.086  4.331  4.357  4.489  4.440  4.431  4.489  4.304  4.489  4.248  4.331  4.331  4.500  4.489  4.431  4.205  4.419  4.361  4.238  4.187  4.290  4.443  4.159  4.124  4.260  4.263  4.174  4.217  4.315  4.344  4.108  4.369  4.511  4.290  4.220  4.290
4.159  4.025  4.143  4.043  4.108  4.078  4.083  4.111  4.174  4.143  4.069  4.094  4.159  4.190  4.290  4.025  3.951  4.190  4.094  4.060  4.174  4.043  3.989  4.227  3.908  4.016  3.970  4.127  3.932  3.951  4.094  3.970  3.989  3.932  3.970  4.143  3.932  4.078  3.985  3.912  4.078  4.022
5.354  5.112  5.220  5.256  5.278  5.288  5.187  5.247  5.288  5.352  5.282  5.298  5.407  5.225  5.444  5.323  5.088  5.312  5.349  5.338  5.323  5.268  5.215  5.389  5.037  5.130  5.198  5.063  5.081  5.014  5.209  5.056  5.226  5.187  5.209  5.247  5.136  5.226  5.136  5.187  5.123  5.244
5.886  5.688  5.782  5.852  5.740  5.875  5.793  5.823  5.858  5.940  5.750  5.832  5.935  5.843  6.052  5.697  5.727  5.864  5.916  5.896  5.883  5.832  5.755  5.930  5.549  5.805  5.829  5.613  5.545  5.509  5.652  5.645  5.790  5.740  5.826  5.823  5.758  5.855  5.846  5.810  5.687  5.741
4.844  4.595  4.840  4.796  4.794  4.782  4.745  4.804  4.949  4.852  4.727  4.860  4.898  4.977  5.050  4.625  4.771  4.762  4.934  4.970  4.913  4.804  4.726  4.847  4.741  4.595  4.673  4.754  4.304  4.638  4.654  4.585  4.942  4.804  4.736  4.691  4.663  4.812  4.654  4.691  4.663  4.754
6.120  5.916  6.008  5.822  6.058  6.098  5.932  6.015  6.001  6.261  6.195  6.213  6.279  6.187  6.184  6.004  5.886  6.176  6.131  6.190  6.068  6.009  6.021  6.043  5.858  5.914  5.948  5.966  5.553  5.808  5.948  5.782  5.958  6.001  6.026  6.118  5.844  5.979  6.073  6.035  5.889  5.924
4.956  4.790  4.870  4.811  4.997  4.852  4.710  4.852  4.959  4.820  4.942  5.004  5.106  4.913  4.977  4.771  4.779  4.736  4.970  4.977  5.050  4.796  4.787  5.037  4.727  4.762  4.913  4.762  4.541  4.730  4.682  4.804  4.905  4.990  4.913  4.913  4.828  4.860  4.864  4.710  4.804  4.875
4.625  4.752  4.682  4.635  4.573  4.575  4.585  4.533  4.718  4.700  4.640  4.605  4.927  4.848  4.898  4.522  4.585  4.779  4.783  4.673  4.727  4.827  4.595  4.779  4.644  4.564  4.718  4.522  4.288  4.623  4.615  4.554  4.500  4.605  4.718  4.736  4.489  4.543  4.635  4.585  4.663  4.554
3.989  4.135  4.048  4.007  3.871  3.850  4.043  3.932  4.171  4.220  4.025  3.932  4.267  4.171  4.217  3.902  4.052  3.989  4.060  4.234  4.311  4.078  4.025  4.111  3.961  3.932  3.829  4.016  3.951  3.932  3.932  4.074  4.007  4.004  4.103  3.951  3.932  3.970  3.989  3.829  4.094  4.025
4.127  4.256  4.171  4.174  4.094  4.043  4.143  4.143  4.212  4.344  4.190  4.078  4.304  4.428  4.317  4.111  4.143  4.220  4.369  4.361  4.260  4.220  4.248  4.290  4.127  3.967  4.007  4.043  4.174  4.167  4.234  4.140  4.159  4.060  4.111  4.094  4.074  3.989  4.057  3.912  4.022  4.094
