5.347  5.288  5.241  5.256  5.219  5.273  5.220  5.268  5.341  5.497  5.277  5.375  5.366  5.342  5.472  5.360  5.165  5.347  5.451  5.293  5.438  5.273  5.257  5.384  5.159  5.186  5.147  5.138  4.963  5.075  5.257  5.108  5.193  5.298  5.263  5.170  5.126  5.170  5.226  5.162  5.100  5.328
5.866  5.838  5.897  5.725  5.864  5.883  5.916  5.878  5.943  6.084  5.925  5.981  6.006  5.869  6.016  5.855  5.823  5.710  5.881  5.720  5.986  5.892  5.903  5.974  5.855  5.836  5.881  5.779  5.580  5.705  5.861  5.669  5.808  5.849  5.869  5.886  5.763  5.759  5.690  5.846  5.682  5.787
5.948  5.768  5.861  5.852  5.880  5.897  5.883  5.908  5.858  6.148  5.911  5.981  5.862  5.813  5.991  5.714  5.805  5.730  5.945  5.922  5.914  5.943  5.778  5.881  5.684  5.802  5.835  5.740  5.613  5.724  5.818  5.802  5.793  5.849  5.855  5.805  5.740  5.844  5.659  5.596  5.730  5.779
5.642  5.455  5.624  5.682  5.609  5.779  5.539  5.561  5.657  5.844  5.659  5.869  5.652  5.485  5.609  5.366  5.472  5.485  5.617  5.679  5.677  5.746  5.517  5.656  5.389  5.525  5.428  5.398  5.425  5.425  5.328  5.590  5.375  5.529  5.529  5.533  5.465  5.497  5.497  5.382  5.403  5.537
4.977  4.868  4.913  4.934  5.019  4.898  4.905  4.898  4.933  5.050  5.024  4.970  4.949  4.940  5.069  4.824  4.875  5.024  4.949  4.920  5.056  4.934  4.779  4.956  4.771  4.762  4.787  4.615  4.500  4.682  4.734  4.732  4.942  4.883  4.844  4.779  4.796  4.736  4.890  4.771  4.749  4.787
4.190  4.394  4.431  4.344  4.290  4.466  4.263  4.234  4.369  4.344  4.373  4.407  4.407  4.431  4.443  4.410  4.277  4.164  4.413  4.500  4.466  4.454  4.337  4.516  4.190  4.238  4.143  4.290  3.970  4.304  4.060  4.317  4.335  4.328  4.220  4.231  4.025  4.290  4.344  4.209  4.394  4.094
4.541  4.533  4.511  4.522  4.585  4.615  4.603  4.654  4.666  4.877  4.700  4.700  4.779  4.454  4.771  4.452  4.477  4.635  4.762  4.739  4.595  4.500  4.625  4.673  4.623  4.533  4.736  4.500  4.437  4.407  4.575  4.522  4.543  4.691  4.530  4.522  4.511  4.543  4.595  4.331  4.419  4.615
5.039  4.905  5.017  4.990  5.056  5.127  5.056  5.075  5.106  5.124  5.011  5.236  5.187  4.982  5.088  4.949  5.004  5.050  5.170  4.990  5.030  4.956  5.063  4.990  5.017  4.804  4.779  4.905  4.779  4.927  4.997  4.896  4.898  5.017  4.997  4.947  4.926  4.934  4.916  4.860  4.828  4.986
4.522  4.382  4.454  4.344  4.357  4.304  4.466  4.344  4.382  4.486  4.431  4.431  4.511  4.331  4.654  4.331  4.277  4.443  4.509  4.543  4.503  4.331  4.317  4.625  4.500  4.290  4.357  4.301  4.288  4.357  4.248  4.263  4.466  4.304  4.431  4.369  4.127  4.217  4.234  4.419  4.248  4.454
4.575  4.477  4.745  4.663  4.419  4.654  4.605  4.489  4.633  4.823  4.509  4.734  4.635  4.511  4.533  4.452  4.469  4.663  4.754  4.608  4.783  4.416  4.443  4.603  4.357  4.466  4.489  4.443  4.382  4.527  4.382  4.344  4.489  4.437  4.248  4.533  4.454  4.407  4.440  4.369  4.382  4.454
5.717  5.490  5.694  5.626  5.509  5.586  5.625  5.609  5.598  5.771  5.561  5.716  5.814  5.659  5.620  5.598  5.539  5.489  5.616  5.734  5.670  5.529  5.595  5.655  5.421  5.537  5.509  5.485  5.433  5.412  5.575  5.529  5.489  5.529  5.521  5.537  5.505  5.571  5.447  5.537  5.438  5.493
4.654  4.615  4.673  4.682  4.585  4.522  4.659  4.769  4.595  4.898  4.771  4.779  4.727  4.736  4.762  4.700  4.662  4.700  4.754  4.796  4.762  4.635  4.758  4.727  4.635  4.505  4.554  4.605  4.489  4.680  4.682  4.543  4.642  4.662  4.533  4.625  4.736  4.700  4.691  4.475  4.394  4.618
4.489  4.394  4.331  4.407  4.392  4.428  4.220  4.431  4.260  4.363  4.382  4.425  4.454  4.394  4.454  4.263  4.234  4.344  4.428  4.511  4.644  4.290  4.159  4.398  4.094  4.217  4.290  4.108  3.989  4.143  4.234  4.274  4.466  4.234  4.431  4.344  4.304  4.159  4.159  4.164  4.246  4.202
4.543  4.443  4.615  4.644  4.477  4.673  4.498  4.559  4.466  4.663  4.443  4.595  4.575  4.454  4.734  4.454  4.341  4.477  4.743  4.625  4.762  4.477  4.419  4.520  4.446  4.640  4.380  4.301  4.078  4.234  4.419  4.520  4.533  4.522  4.514  4.454  4.511  4.489  4.443  4.331  4.290  4.498
4.898  4.860  4.860  4.905  4.820  4.898  4.820  4.804  4.796  4.856  4.883  4.965  5.043  4.812  4.920  4.756  4.860  4.831  4.942  4.852  5.050  4.843  4.913  4.952  4.718  4.762  4.710  4.700  4.585  4.509  4.844  4.625  4.703  4.708  4.752  4.949  4.625  4.739  4.754  4.691  4.593  4.685
4.466  4.466  4.489  4.595  4.466  4.549  4.431  4.466  4.583  4.522  4.585  4.673  4.654  4.431  4.792  4.443  4.382  4.533  4.644  4.644  4.662  4.511  4.546  4.748  4.394  4.357  4.419  4.425  4.301  4.357  4.401  4.533  4.489  4.536  4.428  4.522  4.357  4.543  4.361  4.290  4.290  4.454
5.513  5.445  5.525  5.464  5.521  5.389  5.497  5.429  5.380  5.598  5.493  5.509  5.545  5.583  5.606  5.468  5.467  5.429  5.541  5.537  5.576  5.533  5.591  5.568  5.406  5.451  5.378  5.235  5.278  5.380  5.403  5.417  5.497  5.434  5.481  5.509  5.442  5.371  5.489  5.265  5.278  5.407
5.956  5.814  5.916  5.935  5.935  5.873  5.900  5.927  5.802  5.969  5.971  5.943  6.021  5.922  6.009  5.849  5.875  5.866  5.930  5.973  5.914  5.976  5.876  6.008  5.775  5.886  5.829  5.694  5.743  5.760  5.823  5.790  5.778  5.892  5.883  5.943  5.852  5.855  5.805  5.846  5.743  5.704
3.638  3.761  3.611  3.651  3.555  3.526  3.555  3.555  3.676  3.738  3.434  3.733  3.714  3.761  3.871  3.664  3.738  3.738  3.611  3.807  3.898  3.664  3.761  3.745  3.824  3.434  3.624  3.497  3.434  3.526  3.550  3.434  3.638  3.401  3.584  3.555  3.664  3.638  3.434  3.401  3.526  3.497
3.434  3.611  3.497  3.526  3.466  3.605  3.611  3.555  3.638  3.466  3.401  3.555  3.807  3.761  3.839  3.584  3.526  3.367  3.611  3.784  3.624  3.555  3.332  3.757  3.535  3.497  3.611  3.497  3.444  3.466  3.709  3.466  3.689  3.526  3.584  3.689  3.526  3.526  3.401  3.384  3.367  3.584
6.275  6.277  6.213  6.244  6.301  6.240  6.320  6.339  6.333  6.392  6.388  6.306  6.345  6.394  6.400  6.263  6.272  6.292  6.438  6.385  6.428  6.353  6.303  6.549  6.236  6.178  6.250  6.208  6.082  6.120  6.339  6.254  6.326  6.371  6.339  6.340  6.258  6.271  6.168  6.144  6.205  6.254
5.094  5.075  5.118  5.263  5.074  5.173  5.313  5.009  5.252  5.170  5.285  5.273  5.094  5.263  5.394  5.058  5.204  5.112  5.521  5.257  5.352  5.236  5.230  5.803  4.927  4.970  4.927  4.963  4.820  5.037  4.736  5.024  5.042  5.081  4.913  5.030  5.042  5.142  4.828  4.812  5.209  4.927
