4.500  4.431  4.564  4.603  4.454  4.205  4.652  4.477  4.585  4.708  4.511  4.620  4.663  4.554  4.673  4.454  4.477  4.331  4.635  4.654  4.598  4.608  4.419  4.625  4.527  4.344  4.437  4.220  4.290  4.277  4.595  4.452  4.407  4.543  4.644  4.443  4.449  4.337  4.382  4.317  4.217  4.317
4.883  4.543  4.605  4.754  4.635  4.673  4.654  4.554  4.736  4.875  4.727  4.864  4.860  4.771  4.812  4.533  4.718  4.575  4.820  4.739  4.806  4.812  4.644  4.682  4.700  4.583  4.419  4.394  4.248  4.407  4.498  4.628  4.475  4.673  4.633  4.595  4.642  4.538  4.536  4.357  4.357  4.727
4.454  4.431  4.394  4.543  4.407  4.419  4.431  4.498  4.454  4.644  4.489  4.477  4.533  4.443  4.635  4.277  4.525  4.394  4.605  4.554  4.564  4.454  4.357  4.500  4.394  4.466  4.277  4.392  4.263  4.304  4.431  4.369  4.382  4.407  4.443  4.344  4.454  4.304  4.419  4.382  4.159  4.454
5.081  4.734  5.004  4.934  4.894  4.828  4.824  4.898  4.905  5.102  4.920  4.915  5.030  4.796  4.990  4.858  4.852  4.727  4.994  4.942  4.919  4.883  4.754  4.858  4.710  4.691  4.649  4.745  4.477  4.652  4.844  4.771  4.905  4.779  4.794  4.771  4.804  4.811  4.858  4.710  4.808  4.787
4.595  4.575  4.522  4.644  4.454  4.489  4.500  4.511  4.392  4.823  4.595  4.605  4.700  4.564  4.657  4.522  4.477  4.419  4.533  4.564  4.590  4.564  4.543  4.745  4.190  4.277  4.337  4.331  4.382  4.344  4.288  4.458  4.431  4.533  4.477  4.511  4.344  4.585  4.644  4.344  4.452  4.382
3.761  3.714  3.584  3.761  3.714  3.664  3.584  3.738  3.757  3.738  3.871  3.761  3.829  3.871  3.888  3.912  3.807  3.761  3.871  3.850  3.807  3.784  3.871  3.807  3.555  3.684  3.664  3.555  3.550  3.611  3.738  3.761  3.928  3.689  3.689  3.689  3.638  3.664  3.689  3.689  3.658  3.584
5.242  5.361  5.252  5.389  5.360  5.313  5.275  5.241  5.242  5.407  5.421  5.361  5.455  5.263  5.609  5.204  5.257  5.170  5.416  5.380  5.328  5.352  5.455  5.421  5.256  5.100  5.159  5.001  5.050  5.069  5.252  5.208  5.193  5.187  5.263  5.308  5.176  5.298  5.193  5.118  5.077  5.173
4.820  4.990  4.887  5.023  4.990  4.963  4.762  4.511  4.615  4.710  4.815  4.852  4.970  4.828  4.970  4.682  4.710  4.635  4.792  4.804  4.905  4.727  4.852  4.812  4.533  4.644  4.575  4.652  4.554  4.511  4.533  4.620  4.600  4.564  4.727  4.682  4.682  4.615  4.673  4.543  4.407  4.559
5.043  5.011  4.997  5.136  5.024  4.979  5.009  4.949  4.868  5.145  5.043  4.970  5.265  4.949  5.129  4.997  5.006  4.990  5.088  5.226  5.193  5.200  5.011  4.938  4.905  4.836  4.828  4.796  4.898  4.844  5.026  4.881  4.844  4.997  5.147  5.011  5.039  5.030  5.024  4.927  4.896  4.802
6.146  6.116  6.004  6.103  5.970  5.964  6.066  5.866  5.851  6.154  6.242  6.014  6.182  6.052  6.161  5.883  5.989  6.045  6.023  6.094  6.178  6.107  6.047  6.179  5.846  5.762  5.911  5.814  5.796  5.869  6.059  5.964  5.908  5.958  6.004  5.974  5.924  6.082  6.027  6.001  5.899  5.938
4.248  4.190  4.419  4.277  4.159  4.127  4.111  4.248  4.369  4.500  4.290  4.331  4.575  4.392  4.554  4.078  4.127  4.190  4.454  4.431  4.380  4.187  4.284  4.344  3.989  4.094  4.127  4.263  4.007  4.227  3.932  4.167  4.290  4.171  4.190  4.164  4.174  4.043  4.060  4.187  4.290  4.171
4.205  4.004  4.220  4.111  4.234  4.025  4.025  4.111  4.143  4.187  4.143  4.220  4.357  4.331  4.394  3.888  4.057  4.111  4.317  4.234  4.419  4.119  4.127  4.007  4.248  3.989  3.932  3.932  3.912  3.989  3.989  3.871  4.143  3.951  4.086  4.007  3.989  4.057  4.007  4.069  4.060  4.111
4.682  4.443  4.726  4.625  4.673  4.509  4.635  4.647  4.615  4.727  4.533  4.564  4.710  4.489  4.727  4.554  4.595  4.615  4.605  4.745  4.779  4.613  4.466  4.562  4.605  4.564  4.449  4.489  4.407  4.357  4.475  4.718  4.700  4.564  4.585  4.644  4.419  4.554  4.511  4.466  4.644  4.500
4.808  4.419  4.762  4.691  4.522  4.573  4.564  4.573  4.718  4.454  4.635  4.673  4.654  4.691  4.771  4.477  4.443  4.610  4.595  4.820  4.779  4.635  4.472  4.575  4.454  4.703  4.344  4.500  4.605  4.554  4.466  4.673  4.792  4.554  4.625  4.489  4.331  4.489  4.554  4.705  4.654  4.516
3.761  3.922  3.882  3.932  3.807  3.912  3.761  3.658  3.738  3.829  3.689  3.932  3.951  3.951  4.007  3.807  3.850  3.738  3.985  4.078  3.961  3.871  3.888  3.928  3.658  3.761  3.829  3.689  3.611  3.784  3.761  3.867  3.892  3.738  3.714  3.908  3.638  3.709  3.871  3.784  3.714  3.802
3.689  3.664  3.871  3.846  3.850  3.738  3.555  3.784  3.761  3.829  3.829  3.714  4.108  4.007  4.127  3.714  3.750  3.912  3.942  4.217  4.025  3.638  3.871  3.970  3.738  3.861  3.664  3.689  3.689  3.738  3.638  3.738  3.892  3.813  3.726  3.664  3.714  3.784  3.638  3.555  3.757  3.738
5.421  5.346  5.468  5.527  5.438  5.403  5.389  5.431  5.357  5.636  5.460  5.497  5.545  5.442  5.638  5.228  5.220  5.384  5.474  5.442  5.553  5.361  5.346  5.438  5.165  5.178  5.328  5.256  4.977  5.069  5.214  5.283  5.387  5.303  5.380  5.389  5.298  5.499  5.517  5.384  5.293  5.226
4.654  4.625  4.727  4.875  4.758  4.745  4.431  4.699  4.779  4.815  4.663  4.705  4.771  4.700  4.898  4.475  4.564  4.431  4.625  4.762  4.762  4.691  4.500  4.575  4.585  4.635  4.489  4.575  4.248  4.407  4.394  4.583  4.603  4.736  4.605  4.718  4.489  4.625  4.595  4.486  4.640  4.625
5.869  5.592  5.720  5.781  5.684  5.717  5.601  5.716  5.808  5.861  5.823  5.787  5.920  5.753  5.919  5.645  5.623  5.805  5.827  5.846  5.723  5.730  5.687  5.778  5.460  5.649  5.591  5.541  5.438  5.517  5.638  5.620  5.659  5.751  5.737  5.746  5.558  5.730  5.765  5.765  5.759  5.753
4.511  4.477  4.472  4.595  4.663  4.533  4.443  4.431  4.407  4.605  4.466  4.516  4.522  4.500  4.595  4.248  4.344  4.382  4.466  4.522  4.588  4.357  4.552  4.511  4.419  4.511  4.263  4.277  4.159  4.220  4.331  4.367  4.489  4.394  4.382  4.301  4.357  4.511  4.382  4.425  4.454  4.394
5.371  5.024  5.273  5.318  5.302  5.278  5.050  5.170  5.124  5.394  5.256  5.308  5.252  5.283  5.333  5.029  5.124  5.257  5.246  5.313  5.283  5.220  5.017  5.231  5.156  5.220  5.075  5.106  4.883  4.877  5.017  5.170  5.247  5.182  5.182  5.193  5.106  5.204  5.333  5.124  5.094  5.236
5.024  4.820  4.868  4.984  4.937  4.875  4.663  4.820  4.682  5.030  5.017  4.796  5.043  5.094  4.963  4.894  4.827  4.905  4.800  5.043  4.779  4.718  4.844  4.820  4.752  4.700  4.754  4.804  4.625  4.585  4.762  4.585  4.875  4.680  4.815  4.762  4.691  4.858  4.896  4.736  4.710  4.762
