5.775  5.505  5.627  5.455  5.659  5.676  5.724  5.666  5.724  5.760  5.727  5.817  5.752  5.619  5.586  5.577  5.549  5.677  5.692  5.595  5.663  5.690  5.541  5.517  5.620  5.690  5.460  5.342  5.291  5.507  5.273  5.371  5.268  5.730  5.519  5.634  5.624  5.425  5.466  5.659  5.416  5.593
4.357  4.304  4.304  4.357  4.277  4.324  4.585  4.304  4.477  4.419  4.357  4.516  4.562  4.460  4.543  4.392  4.220  4.443  4.382  4.407  4.500  4.511  4.382  4.394  4.357  4.382  4.304  4.277  4.256  4.388  4.248  4.159  4.094  4.331  4.394  4.344  4.263  4.220  4.174  4.143  4.040  4.234
4.820  4.654  4.700  4.419  4.682  4.718  4.828  4.682  4.812  4.890  4.745  4.920  4.934  4.771  4.868  4.573  4.615  4.762  4.868  4.647  4.828  4.682  4.671  4.787  4.564  4.691  4.630  4.663  4.422  4.538  4.736  4.554  4.554  4.699  4.644  4.682  4.593  4.595  4.654  4.500  4.443  4.644
4.190  4.031  4.060  3.892  3.807  4.007  3.892  3.871  4.159  3.989  4.066  4.025  4.281  4.277  4.317  4.086  4.091  3.922  4.164  4.094  4.167  4.060  3.947  4.022  3.989  3.892  3.857  3.932  3.784  3.902  3.932  3.967  4.004  3.967  3.989  4.007  3.980  3.714  3.761  3.892  3.829  3.970
6.594  6.297  6.472  6.213  6.176  6.211  6.151  6.231  6.198  6.346  6.201  6.286  6.317  6.243  6.304  6.165  6.082  6.250  6.215  6.124  6.087  6.019  6.105  6.033  6.140  6.124  6.118  6.083  5.951  6.004  6.109  5.953  6.203  6.207  6.164  6.248  6.248  6.292  6.208  6.337  6.198  6.356
6.973  6.745  6.875  6.542  6.577  6.585  6.611  6.603  6.600  6.833  6.657  6.698  6.671  6.569  6.632  6.579  6.443  6.545  6.636  6.579  6.542  6.522  6.497  6.564  6.392  6.413  6.472  6.339  6.238  6.314  6.492  6.382  6.418  6.532  6.528  6.557  6.541  6.585  6.531  6.637  6.575  6.759
3.664  3.689  3.555  3.497  3.807  3.857  3.555  3.638  3.738  3.850  3.611  3.689  3.867  3.638  3.684  3.807  3.584  3.611  3.784  3.850  3.807  3.689  3.638  3.584  3.638  3.664  3.773  3.709  3.526  3.526  3.638  3.555  3.651  3.709  3.780  3.861  3.638  3.497  3.526  3.738  3.638  3.584
3.401  3.555  3.497  3.497  3.689  3.490  3.802  3.611  3.738  3.738  3.466  3.773  3.658  3.466  3.611  3.611  3.466  3.584  4.016  3.761  3.664  3.611  3.526  3.497  3.497  3.651  3.490  3.512  3.526  3.401  3.401  3.526  3.555  3.434  3.611  3.638  3.401  3.466  3.555  3.296  3.526  3.497
3.555  3.401  3.584  3.578  3.578  3.592  3.466  3.466  3.497  3.611  3.497  3.584  3.689  3.664  3.761  3.526  3.434  3.466  3.611  3.709  3.689  3.689  3.624  3.761  3.584  3.555  3.520  3.395  3.434  3.664  3.466  3.497  3.689  3.584  3.434  3.555  3.526  3.401  3.332  3.490  3.367  3.466
3.401  3.497  3.497  3.444  3.578  3.434  3.550  3.555  3.401  3.584  3.360  3.555  3.689  3.611  3.555  3.584  3.459  3.434  3.584  3.584  3.638  3.466  3.466  3.434  3.401  3.332  3.497  3.466  3.325  3.459  3.638  3.481  3.555  3.497  3.584  3.497  3.367  3.526  3.296  3.367  3.219  3.367
5.424  5.117  5.236  5.220  5.412  5.497  5.254  5.328  5.482  5.257  5.363  5.412  5.525  5.531  5.455  5.263  5.130  5.449  5.537  5.418  5.442  5.170  5.328  5.303  5.118  5.313  5.129  5.112  4.673  5.006  5.081  4.920  5.214  5.249  5.273  5.257  5.298  5.220  5.142  5.333  5.159  5.308
3.947  3.989  3.932  4.156  3.951  4.025  4.111  3.970  4.143  3.989  4.111  4.078  4.159  4.224  4.328  3.908  3.989  4.094  4.040  4.187  4.344  4.220  4.205  4.143  3.738  4.078  3.829  3.932  3.584  3.714  3.871  4.025  3.807  4.043  4.007  3.951  4.111  3.829  3.850  3.807  3.928  3.807
4.043  4.004  3.807  3.802  3.824  4.007  3.980  3.989  3.850  4.127  3.807  4.060  4.007  3.951  4.069  3.888  4.031  3.802  4.025  3.951  4.007  3.932  3.967  3.932  4.040  3.912  3.892  3.795  3.850  3.850  3.829  3.912  4.007  3.892  3.932  3.829  3.850  3.871  3.807  3.871  3.829  3.829
4.220  4.043  4.466  4.209  4.220  4.304  4.331  4.174  4.263  4.605  4.443  4.419  4.732  4.635  4.700  4.159  4.140  4.317  4.511  4.454  4.234  4.159  3.888  4.428  4.217  4.174  4.143  4.263  3.784  4.111  4.025  4.174  4.290  4.151  4.190  4.094  4.094  4.190  4.174  4.043  4.060  4.174
6.581  6.529  6.465  6.297  6.357  6.315  6.229  6.219  6.165  6.375  6.384  6.317  6.397  6.271  6.380  6.232  6.131  6.284  6.316  6.180  6.176  6.047  6.133  6.129  6.163  6.229  6.144  6.207  6.100  6.035  6.217  6.107  6.153  6.282  6.221  6.272  6.353  6.441  6.395  6.431  6.258  6.404
5.069  4.977  4.942  5.069  5.056  5.050  5.063  4.984  4.970  5.176  5.017  5.124  5.088  5.143  5.242  5.063  4.898  5.017  4.959  4.997  5.159  4.963  5.063  5.094  4.980  4.905  5.024  4.990  4.860  4.883  5.130  4.947  4.796  4.977  4.920  5.063  4.994  4.970  4.920  5.066  4.812  4.875
3.932  3.784  3.780  3.638  3.932  3.882  3.714  3.932  3.932  4.220  3.850  3.932  4.140  4.135  4.127  3.892  3.784  3.850  3.985  3.951  3.967  3.970  3.892  4.007  3.888  3.850  3.912  3.961  3.701  3.761  3.871  3.951  3.932  3.912  3.850  4.159  4.013  3.850  3.738  3.932  3.714  3.824
3.714  3.638  3.520  3.555  3.520  3.611  3.664  3.401  3.555  3.714  3.475  3.664  3.733  3.738  3.892  3.497  3.714  3.466  3.638  3.784  3.780  3.611  3.555  3.638  3.520  3.466  3.761  3.584  3.550  3.605  3.555  3.497  3.497  3.638  3.584  3.497  3.401  3.466  3.459  3.401  3.332  3.497
4.344  4.190  4.187  4.205  4.220  4.315  4.078  4.263  4.248  4.443  4.248  4.382  4.454  4.317  4.454  4.174  4.040  4.315  4.263  4.328  4.148  4.220  3.932  4.171  4.148  4.260  4.253  4.182  4.143  4.060  4.156  4.007  4.159  4.127  4.290  4.290  4.304  4.202  4.248  4.187  4.025  4.394
3.784  3.871  3.807  3.714  3.757  3.871  3.638  3.714  3.638  3.829  3.733  3.726  3.912  3.892  3.970  3.611  3.829  3.784  3.829  3.932  3.867  3.761  3.892  3.709  3.709  3.802  3.638  3.689  3.497  3.829  3.761  3.829  3.867  3.738  3.773  3.892  3.664  3.714  3.611  3.714  3.664  3.850
5.360  5.004  5.357  5.260  5.298  5.438  5.094  5.313  5.318  5.298  5.242  5.412  5.313  5.366  5.468  5.215  5.106  5.428  5.387  5.371  5.165  5.187  5.252  5.081  5.069  5.209  5.081  5.238  5.026  5.026  4.977  4.862  5.063  5.114  5.030  5.268  5.204  5.273  5.209  5.247  5.170  5.375
3.989  3.932  4.119  4.127  3.970  3.912  3.995  4.004  3.947  4.111  3.989  4.007  4.248  4.111  4.304  4.025  4.143  4.025  4.260  4.043  4.190  4.040  3.850  4.116  4.034  4.025  3.932  3.761  3.871  3.871  3.807  3.951  4.007  3.871  3.989  3.989  4.143  3.892  4.060  3.846  3.850  3.970
