3.466  3.611  3.638  3.611  3.555  3.526  3.664  3.497  3.664  3.689  3.497  3.466  3.850  3.784  3.689  3.555  3.555  3.466  3.638  3.738  3.584  3.689  3.714  3.738  3.611  3.497  3.526  3.555  3.466  3.466  3.555  3.611  3.401  3.638  3.664  3.632  3.550  3.466  3.497  3.555  3.367  3.526
3.367  3.550  3.428  3.526  3.367  3.296  3.296  3.401  3.490  3.401  3.401  3.401  3.584  3.738  3.689  3.497  3.401  3.497  3.550  3.555  3.605  3.497  3.497  3.664  3.367  3.401  3.296  3.466  3.611  3.434  3.428  3.497  3.434  3.367  3.434  3.401  3.434  3.401  3.367  3.466  3.332  3.401
4.718  4.530  4.585  4.752  4.654  4.745  4.605  4.652  4.595  4.769  4.673  4.644  4.642  4.625  4.625  4.644  4.231  4.477  4.419  4.511  4.673  4.575  4.419  4.511  4.331  4.454  4.489  4.394  4.205  4.407  4.428  4.382  4.407  4.564  4.469  4.562  4.422  4.357  4.466  4.454  4.304  4.367
4.094  3.947  4.025  4.007  3.951  4.094  4.094  3.928  3.989  3.912  3.957  4.025  4.043  4.127  4.205  4.060  3.932  3.932  3.989  4.078  4.127  4.007  3.892  3.970  3.951  4.078  3.928  3.932  3.738  3.784  3.989  3.932  3.892  3.784  3.970  3.892  4.043  3.932  3.850  3.912  3.932  3.892
4.615  4.554  4.290  4.620  4.533  4.628  4.605  4.533  4.673  4.796  4.663  4.762  4.787  4.500  4.663  4.603  4.673  4.382  4.682  4.625  4.743  4.700  4.489  4.595  4.466  4.369  4.516  4.290  4.321  4.248  4.440  4.416  4.477  4.546  4.635  4.437  4.605  4.419  4.460  4.394  4.248  4.449
5.247  4.989  5.030  5.088  5.026  5.196  5.215  5.235  5.112  5.268  5.143  5.145  5.198  5.059  5.176  5.050  5.099  4.984  5.215  5.182  5.069  5.004  4.905  5.056  4.949  4.875  4.898  4.779  4.615  4.836  4.977  4.860  5.108  5.011  5.170  4.951  4.883  5.069  4.970  4.898  4.852  4.958
3.970  3.892  4.078  3.970  3.871  3.871  3.989  3.989  4.007  3.932  3.784  4.043  4.078  4.190  4.277  4.022  3.871  4.022  4.297  4.190  4.159  3.976  3.951  4.159  3.912  3.867  4.043  3.989  3.807  4.025  3.970  4.078  4.156  3.882  3.784  4.025  3.985  3.970  3.689  3.912  3.951  4.074
3.912  3.750  3.689  3.738  3.807  3.738  3.757  3.947  3.892  3.689  3.802  3.871  3.928  3.967  4.078  3.807  3.867  3.892  3.957  3.967  3.932  3.738  3.942  3.892  3.835  3.976  3.892  3.824  3.773  3.807  4.060  3.773  3.802  3.928  3.584  3.912  3.989  3.846  3.714  3.750  3.761  3.898
4.205  4.151  4.454  4.140  4.190  4.290  4.224  4.281  4.394  4.419  3.976  4.419  4.234  4.344  3.989  4.004  4.248  4.369  4.654  4.419  4.454  4.466  4.127  4.205  4.304  4.277  4.060  3.995  3.850  4.357  3.932  4.094  4.246  4.151  4.331  4.060  4.234  4.277  3.989  4.119  4.143  4.277
4.007  4.290  4.575  4.212  4.127  4.454  4.373  4.613  4.248  4.431  4.040  4.116  4.394  4.190  4.466  4.248  4.331  4.234  4.419  4.500  4.458  4.419  4.202  4.533  4.536  4.124  4.246  4.159  3.807  4.554  4.281  4.094  4.304  4.111  4.317  4.007  4.094  4.083  3.902  4.091  4.220  4.159
4.060  3.892  4.205  4.304  4.007  4.052  4.078  4.190  4.263  4.220  4.108  4.290  4.290  4.277  4.220  4.143  4.043  4.060  4.190  4.369  4.220  4.143  4.111  4.043  3.951  3.989  4.111  3.970  3.867  3.932  4.078  4.060  4.234  4.220  4.234  4.190  4.094  4.190  4.159  4.111  3.989  4.078
4.171  3.892  4.111  4.159  4.220  4.007  4.159  4.190  4.078  4.078  3.989  4.164  4.220  4.220  4.127  4.052  4.043  3.932  4.202  4.394  4.220  4.174  3.989  4.151  4.060  3.951  4.025  3.892  3.850  3.850  3.912  4.007  4.111  4.007  4.205  4.143  3.784  4.171  4.159  3.912  4.111  4.205
3.526  3.638  3.592  3.434  3.526  3.497  3.550  3.664  3.497  3.497  3.550  3.526  3.867  3.689  3.738  3.401  3.584  3.541  3.664  3.689  3.611  3.611  3.497  3.733  3.526  3.578  3.541  3.401  3.401  3.434  3.367  3.555  3.535  3.401  3.584  3.497  3.526  3.526  3.526  3.584  3.367  3.535
3.497  3.526  3.384  3.444  3.466  3.401  3.367  3.466  3.526  3.555  3.258  3.605  3.526  3.611  3.611  3.434  3.466  3.367  3.367  3.638  3.466  3.466  3.434  3.584  3.332  3.434  3.459  3.526  3.258  3.411  3.332  3.497  3.520  3.611  3.466  3.555  3.250  3.428  3.428  3.332  3.258  3.401
3.632  3.689  3.555  3.689  3.611  3.434  3.466  3.584  3.611  3.714  3.526  3.664  3.892  3.951  3.829  3.773  3.611  3.638  3.912  3.888  3.871  3.466  3.497  3.689  3.526  3.555  3.555  3.689  3.638  3.497  3.401  3.684  3.689  3.555  3.738  3.520  3.550  3.395  3.638  3.813  3.555  3.611
3.676  3.526  3.555  3.584  3.611  3.578  3.570  3.696  3.611  3.738  3.584  3.733  3.784  3.738  3.638  3.497  3.584  3.664  3.689  3.970  3.638  3.584  3.632  3.807  3.584  3.578  3.638  4.277  3.497  3.555  3.466  3.611  3.738  3.584  3.466  3.466  3.401  3.526  3.611  3.497  3.638  3.664
3.892  3.871  3.985  3.985  3.861  3.738  3.932  3.888  3.908  3.932  3.942  3.807  4.220  4.135  3.989  3.829  3.932  3.970  4.060  4.007  4.043  3.932  3.989  4.060  4.078  3.638  3.989  3.871  3.768  3.892  3.932  3.829  3.932  3.951  3.784  3.912  3.824  3.714  3.829  3.791  3.584  3.664
3.829  3.664  3.829  3.970  3.761  3.850  3.611  3.714  3.784  3.738  3.651  3.714  3.850  3.829  3.892  3.555  3.738  3.689  3.871  3.807  3.850  3.664  3.761  3.850  3.497  3.684  3.611  3.526  3.632  3.555  3.638  3.689  3.689  3.584  3.611  3.829  3.638  3.784  3.689  3.714  3.466  3.738
3.466  3.584  3.466  3.466  3.526  3.584  3.584  3.584  3.611  3.526  3.497  3.689  3.709  3.714  3.892  3.367  3.784  3.520  3.761  3.658  3.807  3.664  3.535  3.497  3.638  3.632  3.526  3.466  3.555  3.401  3.526  3.709  3.550  3.497  3.664  3.638  3.555  3.584  3.526  3.497  3.367  3.578
3.466  3.428  3.638  3.520  3.401  3.332  3.584  3.497  3.555  3.332  3.367  3.555  3.658  3.526  3.689  3.434  3.584  3.490  3.611  3.638  3.829  3.624  3.541  3.466  3.459  3.555  3.555  3.466  3.526  3.434  3.466  3.714  3.497  3.490  3.526  3.584  3.497  3.526  3.314  3.428  3.466  3.395
3.871  3.807  4.004  3.976  3.818  3.802  3.784  3.829  3.738  3.932  3.951  4.031  4.007  4.111  4.094  3.846  3.912  3.738  4.040  4.103  4.234  3.912  3.871  4.116  3.807  3.839  3.807  3.761  3.768  3.802  4.025  3.951  3.970  3.761  3.951  3.839  3.829  3.867  3.757  3.664  3.780  3.658
3.638  3.526  3.761  3.664  3.780  3.611  3.466  3.757  3.638  3.824  3.466  3.802  3.807  3.780  4.025  3.584  3.638  3.829  4.007  3.932  3.861  3.658  3.638  3.824  3.721  3.584  3.584  3.761  3.434  3.689  3.721  3.780  3.871  3.638  3.526  3.638  3.761  3.807  3.466  3.466  3.689  3.526
