5.166  4.787  4.997  5.059  5.106  5.108  5.011  5.081  5.112  5.196  5.112  5.165  5.159  5.050  5.142  4.883  4.663  5.049  5.017  4.933  4.984  4.723  4.828  4.898  4.779  4.949  4.956  4.890  4.625  4.708  4.762  4.796  4.883  4.868  4.790  4.844  4.844  4.927  4.836  4.870  4.745  5.117
4.354  4.227  4.094  4.295  4.277  4.256  4.159  4.369  4.205  4.290  4.143  4.516  4.382  4.263  4.304  4.171  4.025  4.060  4.297  4.382  4.317  4.078  4.127  4.159  4.174  4.159  4.060  4.174  4.111  3.892  4.304  4.025  3.980  4.143  4.094  4.127  4.094  4.205  4.217  4.248  3.932  4.220
6.365  6.035  6.151  6.103  6.312  6.265  6.035  6.170  6.084  6.327  6.317  6.269  6.286  6.125  6.261  6.073  5.823  6.142  6.178  6.133  6.050  5.928  6.082  6.063  5.861  5.974  6.028  6.078  5.858  5.908  6.152  5.867  5.985  6.028  6.043  6.100  5.964  6.171  6.219  6.111  5.970  6.026
6.295  6.151  6.254  6.273  6.242  6.286  6.254  6.176  6.251  6.460  6.423  6.350  6.409  6.242  6.420  6.107  6.066  6.174  6.256  6.286  6.299  6.256  6.259  6.366  6.066  6.073  6.196  6.144  6.100  6.133  6.297  6.047  6.213  6.213  6.203  6.217  6.269  6.287  6.332  6.203  6.095  6.172
5.805  5.638  5.645  5.666  5.740  5.777  5.602  5.749  5.716  5.823  5.786  5.811  5.849  5.720  5.783  5.712  5.525  5.628  5.684  5.713  5.677  5.497  5.568  5.670  5.591  5.611  5.572  5.572  5.389  5.485  5.724  5.573  5.613  5.628  5.609  5.769  5.499  5.730  5.617  5.606  5.549  5.666
6.100  5.969  6.019  6.148  5.986  6.163  6.061  6.073  6.133  6.339  6.142  6.148  6.205  6.089  6.161  6.122  5.989  5.895  6.217  6.142  6.142  6.052  5.976  6.075  5.969  6.039  6.033  5.930  5.846  6.040  6.045  6.016  6.066  6.045  6.129  6.057  6.041  6.075  5.914  5.956  5.966  6.026
4.610  4.625  4.644  4.564  4.852  4.647  4.595  4.635  4.673  4.745  4.736  4.875  4.743  4.663  4.758  4.585  4.466  4.533  4.654  4.394  4.673  4.477  4.615  4.682  4.489  4.708  4.443  4.691  4.407  4.605  4.575  4.533  4.277  4.554  4.404  4.562  4.595  4.500  4.595  4.392  4.357  4.489
4.094  4.078  4.094  4.179  3.989  3.989  4.078  4.174  4.078  4.111  3.912  4.274  4.263  4.124  4.382  4.048  3.951  4.043  4.094  3.989  4.182  4.094  4.057  4.143  3.932  3.829  4.124  4.078  4.025  3.850  4.025  4.127  3.892  3.932  4.022  4.108  3.871  3.970  4.091  3.912  3.932  4.060
5.287  5.170  5.193  5.268  5.193  5.242  5.193  5.209  5.165  5.361  5.273  5.308  5.323  5.187  5.329  5.124  5.106  5.283  5.263  5.198  5.293  5.201  5.192  5.024  5.165  5.130  5.193  5.165  5.004  5.094  5.037  5.081  5.024  5.231  5.112  5.220  5.247  5.283  5.050  5.165  5.081  5.069
4.344  4.277  4.220  4.317  4.331  4.369  4.348  4.315  4.295  4.554  4.317  4.382  4.454  4.454  4.585  4.295  4.477  4.220  4.443  4.277  4.585  4.394  4.407  4.477  4.205  4.419  4.344  4.190  4.174  4.304  4.220  4.317  4.159  4.263  4.357  4.369  4.248  4.394  4.357  4.248  4.060  4.277
5.633  5.332  5.505  5.447  5.394  5.549  5.398  5.513  5.407  5.509  5.533  5.521  5.557  5.468  5.580  5.404  5.303  5.460  5.449  5.513  5.638  5.412  5.451  5.505  5.400  5.434  5.323  5.489  5.198  5.209  5.308  5.425  5.460  5.527  5.442  5.497  5.357  5.403  5.346  5.423  5.318  5.493
5.166  5.017  4.934  4.963  5.075  5.056  4.977  5.056  4.997  5.187  5.140  5.179  5.159  5.069  5.318  4.942  5.030  5.069  5.118  5.083  5.215  5.159  5.121  5.153  4.927  4.905  4.883  4.850  4.779  4.844  4.779  4.787  5.017  4.994  5.071  4.972  5.056  4.916  5.068  4.868  4.875  4.881
6.054  5.921  6.028  5.940  5.938  5.944  5.746  5.932  5.844  6.021  5.938  5.967  6.021  5.994  6.122  5.710  5.638  5.768  5.953  6.073  5.956  5.899  5.894  6.008  5.620  5.587  5.670  5.724  5.588  5.631  5.762  5.659  5.737  5.647  5.733  5.814  5.720  5.866  5.905  5.822  5.746  5.680
4.927  5.100  5.050  5.118  5.193  5.189  5.242  5.063  5.239  5.004  5.187  5.187  5.269  5.176  5.507  5.099  5.106  4.975  5.298  5.242  5.371  5.384  5.136  5.247  4.890  4.977  4.990  4.828  4.710  5.024  4.682  4.847  5.069  4.949  5.081  5.182  5.112  4.963  4.905  4.905  4.984  5.088
7.792  7.460  7.494  7.487  7.541  7.597  7.494  7.542  7.578  7.647  7.679  7.588  7.797  7.593  7.578  7.461  7.573  7.553  7.489  7.699  7.466  7.512  7.520  7.542  7.330  7.655  7.519  7.491  7.534  7.419  7.551  7.437  7.534  7.575  7.565  7.555  7.528  7.600  7.632  7.536  7.440  7.504
7.630  7.471  7.318  7.354  7.433  7.460  7.372  7.380  7.471  7.523  7.595  7.459  7.692  7.492  7.507  7.375  7.556  7.418  7.416  7.546  7.376  7.465  7.494  7.514  7.309  7.554  7.485  7.366  7.500  7.405  7.456  7.341  7.284  7.431  7.462  7.478  7.462  7.428  7.451  7.129  7.279  7.341
5.050  4.852  4.996  4.954  5.043  4.977  4.875  5.011  4.812  5.063  4.909  4.933  5.117  5.112  5.118  4.852  4.832  5.043  5.042  5.026  4.942  4.824  4.866  4.963  4.745  4.796  4.798  4.860  4.820  4.673  4.852  4.808  4.905  4.779  4.804  4.890  4.820  4.875  4.603  4.966  4.843  4.820
4.263  4.241  4.248  4.143  4.328  4.205  4.159  4.394  4.220  4.440  4.246  4.477  4.419  4.317  4.489  4.094  4.220  4.290  4.522  4.469  4.357  4.443  4.277  4.357  4.220  4.367  4.108  4.007  4.127  4.094  4.220  4.074  4.241  4.205  4.290  4.143  4.288  4.267  4.205  4.234  4.263  4.253
5.963  5.866  5.826  6.035  5.898  5.961  5.820  5.919  5.844  5.984  5.881  5.931  5.996  5.845  5.979  5.805  5.846  5.953  6.005  6.138  5.939  5.940  5.964  6.057  5.985  5.924  5.928  5.768  5.617  5.811  5.760  5.881  5.979  5.864  5.943  5.841  5.746  5.906  6.014  5.832  5.849  5.869
5.190  4.919  5.142  5.192  5.170  5.209  4.942  5.100  4.970  5.313  5.106  5.081  5.203  5.140  5.273  4.927  4.996  5.136  5.165  5.308  5.081  5.016  4.956  5.159  5.019  5.011  5.017  5.212  4.875  4.926  4.986  5.043  5.147  5.142  5.112  5.069  4.987  5.182  5.236  5.176  4.898  4.905
5.252  5.094  5.165  5.225  5.124  5.142  4.868  5.063  5.058  5.159  5.135  5.006  5.338  5.091  5.105  5.003  5.030  5.235  5.259  5.282  5.049  5.056  5.069  5.094  5.011  5.043  5.050  4.997  4.913  4.977  4.984  4.926  5.159  5.209  5.136  5.138  5.147  5.349  5.268  5.204  5.136  5.265
4.804  4.700  4.938  5.004  4.796  4.762  4.615  4.691  4.758  4.811  4.635  4.739  4.754  4.766  4.856  4.593  4.836  4.710  4.982  4.893  4.812  4.635  4.564  4.771  4.762  4.654  4.723  4.618  4.464  4.538  4.625  4.673  4.984  4.812  4.771  4.644  4.625  4.718  4.868  4.625  4.887  4.745
