5.438  5.247  5.394  5.172  5.303  5.352  5.347  5.425  5.635  5.476  5.421  5.371  5.482  5.635  5.583  5.464  5.250  5.431  5.641  5.400  5.493  5.426  5.303  5.467  5.464  5.335  5.429  5.358  5.075  5.220  5.187  5.231  5.278  5.416  5.288  5.429  5.509  5.464  5.342  5.371  5.272  5.317
4.187  4.111  4.111  3.850  3.932  4.060  4.288  4.103  4.407  4.277  4.094  4.190  4.260  4.111  4.127  4.174  4.034  4.143  4.220  4.159  4.304  4.277  4.290  4.304  3.989  4.174  4.111  4.022  3.989  4.025  4.078  3.892  4.143  4.205  4.159  4.202  4.277  4.025  4.078  4.078  3.761  4.159
5.318  5.226  5.198  4.920  5.136  5.252  5.124  5.204  5.209  5.306  5.298  5.230  5.281  5.239  5.236  5.094  4.961  5.100  5.075  5.081  5.147  5.100  5.193  5.220  5.017  5.100  5.042  5.100  4.868  5.050  5.147  4.920  5.071  5.094  5.004  5.023  5.204  5.063  5.030  5.100  4.990  5.112
5.270  5.017  5.273  5.094  5.142  5.231  5.220  5.220  5.338  5.328  5.170  5.268  5.292  5.152  5.264  5.147  5.011  5.140  5.100  5.111  5.198  5.165  5.170  5.037  4.970  4.966  4.963  5.111  4.990  4.883  4.940  4.883  5.050  5.069  4.990  5.039  5.074  5.100  5.016  5.130  4.852  5.150
6.118  6.023  5.991  5.881  6.016  6.038  6.041  6.038  6.075  6.162  6.035  6.089  6.122  6.006  6.155  6.089  5.889  6.059  6.091  5.869  5.869  5.961  6.052  6.019  5.996  6.031  6.005  5.873  5.697  5.986  5.986  5.729  5.872  5.970  5.994  5.991  5.908  5.961  5.855  5.951  5.930  6.061
4.913  4.854  4.762  4.635  4.898  4.860  4.919  4.927  4.977  4.934  4.904  4.894  5.100  4.907  5.030  4.827  4.913  4.804  4.956  4.654  4.852  4.927  4.963  4.940  4.844  4.824  4.787  4.472  4.736  4.796  4.745  4.673  4.690  4.852  4.898  4.871  4.710  4.654  4.500  4.564  4.700  4.866
4.644  4.635  4.628  4.575  4.610  4.625  4.603  4.663  4.736  4.726  4.644  4.654  4.673  4.682  4.762  4.590  4.543  4.541  4.625  4.673  4.615  4.687  4.603  4.710  4.503  4.392  4.367  4.466  4.410  4.437  4.382  4.489  4.419  4.585  4.593  4.516  4.454  4.331  4.543  4.458  4.344  4.644
4.860  4.836  4.794  4.860  4.700  4.771  4.752  4.804  4.934  4.927  4.836  5.034  4.779  4.779  4.963  4.727  4.615  4.718  4.771  4.736  4.984  4.811  4.700  4.847  4.635  4.642  4.654  4.520  4.357  4.554  4.593  4.625  4.489  4.644  4.760  4.710  4.743  4.615  4.654  4.477  4.605  4.736
5.722  5.525  5.595  5.447  5.652  5.706  5.580  5.533  5.620  5.665  5.587  5.720  5.509  5.577  5.765  5.572  5.493  5.672  5.765  5.591  5.762  5.487  5.624  5.628  5.313  5.451  5.568  5.489  5.342  5.521  5.563  5.298  5.480  5.423  5.428  5.505  5.609  5.645  5.451  5.386  5.347  5.488
4.970  4.997  4.868  4.804  4.956  5.170  4.963  4.947  5.017  5.066  5.050  5.153  4.828  4.997  5.061  4.999  4.860  5.077  5.153  5.037  5.242  5.050  4.926  5.112  4.883  4.890  4.832  4.956  4.700  5.007  4.905  4.836  4.920  4.839  5.037  4.905  5.063  4.954  4.812  4.890  4.812  4.986
4.986  4.691  4.700  4.812  4.718  4.990  4.828  4.828  4.787  4.875  4.786  4.890  4.997  4.836  5.056  4.828  4.677  4.787  4.942  4.812  4.905  4.710  4.663  4.796  4.756  4.804  4.844  4.708  4.625  4.605  4.783  4.644  4.820  4.963  4.771  4.705  4.852  4.796  4.687  4.827  4.625  4.777
3.638  3.829  3.714  3.671  3.689  3.721  3.689  3.951  3.882  3.850  3.584  3.555  4.043  3.839  3.892  3.738  3.584  3.638  3.689  3.795  3.829  3.867  3.738  3.807  3.578  3.932  3.664  3.611  3.611  3.714  3.807  3.850  3.709  3.839  3.951  3.714  3.761  3.761  3.555  3.676  3.714  3.714
5.189  4.885  5.024  4.997  5.036  5.075  4.963  5.024  5.112  5.257  5.053  5.176  5.198  5.153  5.231  5.050  5.017  5.106  5.132  4.977  5.103  5.063  5.043  4.905  5.081  5.165  4.961  4.820  4.710  4.898  4.954  4.860  5.017  5.069  4.956  4.920  4.913  4.977  4.844  5.094  5.024  5.080
4.762  4.718  4.682  4.608  4.762  4.663  4.792  4.710  4.860  4.860  4.856  4.836  4.771  4.796  4.875  4.654  4.779  4.787  4.736  4.820  4.905  4.638  4.727  4.734  4.815  4.700  4.673  4.533  4.404  4.511  4.541  4.625  4.700  4.625  4.736  4.543  4.771  4.573  4.575  4.635  4.533  4.635
5.257  5.147  5.187  5.153  5.124  5.231  5.112  5.220  5.063  5.421  5.147  5.247  5.247  5.226  5.283  5.159  5.186  5.263  5.192  5.198  5.175  5.089  5.159  5.138  5.069  5.124  5.123  5.056  5.147  4.997  5.088  5.037  5.032  5.252  5.030  5.162  5.235  5.198  5.118  5.231  5.011  5.238
4.615  4.644  4.691  4.533  4.649  4.644  4.554  4.644  4.705  4.812  4.710  4.856  4.977  4.762  4.862  4.673  4.585  4.712  4.691  4.721  4.710  4.680  4.663  4.754  4.682  4.680  4.575  4.635  4.562  4.625  4.595  4.605  4.638  4.663  4.663  4.673  4.605  4.659  4.673  4.668  4.419  4.500
6.450  6.329  6.375  6.483  6.428  6.392  6.297  6.411  6.331  6.494  6.385  6.404  6.506  6.328  6.465  6.326  6.286  6.314  6.456  6.525  6.370  6.337  6.342  6.324  6.404  6.383  6.306  6.368  6.169  6.155  6.274  6.205  6.348  6.368  6.360  6.301  6.354  6.477  6.378  6.400  6.277  6.401
4.575  4.575  4.595  4.762  4.654  4.644  4.564  4.705  4.564  4.663  4.575  4.718  4.883  4.585  4.798  4.466  4.787  4.575  4.682  4.644  4.771  4.644  4.564  4.828  4.736  4.687  4.522  4.277  4.503  4.511  4.422  4.739  4.525  4.564  4.654  4.691  4.595  4.663  4.705  4.533  4.575  4.657
5.505  5.198  5.418  5.357  5.407  5.557  5.215  5.364  5.403  5.418  5.407  5.470  5.580  5.438  5.553  5.283  5.081  5.429  5.390  5.415  5.295  5.220  5.352  5.334  5.273  5.425  5.364  5.338  5.165  5.165  5.318  5.069  5.371  5.303  5.295  5.403  5.153  5.339  5.347  5.375  5.303  5.425
4.500  4.431  4.454  4.369  4.500  4.354  4.111  4.382  4.454  4.446  4.248  4.477  4.428  4.419  4.575  4.205  4.127  4.263  4.248  4.583  4.564  4.304  4.454  4.489  4.344  4.331  4.328  4.290  4.167  4.317  4.304  4.263  4.454  4.382  4.350  4.407  4.227  4.270  4.284  4.171  4.127  4.311
4.443  4.091  4.281  4.357  4.357  4.205  4.060  4.416  4.025  4.404  4.078  4.274  4.304  4.277  4.344  4.060  4.263  4.304  4.263  4.394  4.263  4.290  4.304  4.248  4.344  4.248  4.238  4.344  4.025  3.995  4.234  4.317  4.190  4.174  4.159  4.205  4.143  4.335  4.143  4.205  4.277  4.205
3.839  3.850  3.947  3.912  3.932  3.850  3.892  3.829  3.947  3.970  3.867  3.932  4.025  3.912  3.989  3.784  3.989  3.871  3.932  4.234  3.932  3.908  3.807  3.951  3.951  3.850  3.807  3.689  3.738  3.780  3.761  3.780  3.761  3.850  3.871  3.829  3.807  3.932  3.784  3.738  3.795  3.871
