5.572  5.226  5.449  5.056  5.525  5.690  5.521  5.591  5.807  5.783  5.562  5.805  5.613  5.447  5.785  5.394  5.333  5.282  5.759  5.209  5.832  5.496  5.398  5.313  5.037  5.193  5.182  5.030  4.654  5.152  5.155  5.075  5.170  5.409  5.321  5.389  5.545  5.176  5.027  5.142  5.206  5.386
3.490  3.497  3.428  3.367  3.497  3.367  3.434  3.497  3.497  3.401  3.332  3.395  3.664  3.584  3.689  3.526  3.555  3.332  3.466  3.611  3.611  3.520  3.466  3.497  3.401  3.434  3.526  3.466  3.434  3.428  3.434  3.611  3.401  3.570  3.401  3.466  3.526  3.332  3.367  3.367  3.428  3.367
6.333  6.009  6.198  6.004  6.185  6.387  6.264  6.360  6.252  6.394  6.215  6.418  6.346  6.230  6.386  6.215  5.958  6.000  6.353  6.120  6.373  6.080  6.008  6.012  6.082  6.190  6.088  5.951  5.841  6.061  6.111  5.953  6.019  6.178  6.152  6.137  6.140  6.131  5.805  5.958  6.035  6.242
4.615  4.654  4.522  4.522  4.585  4.734  4.745  4.691  4.860  4.796  4.652  4.718  4.762  4.723  4.745  4.644  4.394  4.466  4.827  4.615  4.887  4.575  4.567  4.625  4.437  4.522  4.386  4.290  4.419  4.304  4.443  4.416  4.419  4.564  4.466  4.440  4.595  4.505  4.357  4.369  4.304  4.382
5.100  4.984  4.905  4.890  5.030  5.029  5.037  4.970  5.042  5.056  5.159  4.927  5.153  5.212  5.136  5.069  4.977  5.088  5.106  4.929  5.043  5.043  5.050  5.063  4.898  5.040  4.970  5.106  4.956  4.927  5.049  4.858  4.999  5.100  5.056  5.064  5.124  5.024  4.927  4.990  4.944  4.970
4.898  5.061  4.779  4.920  4.762  4.804  4.942  4.771  4.835  4.970  5.100  5.003  5.106  5.050  5.043  4.920  4.804  4.911  4.944  5.030  5.030  4.942  4.990  5.100  4.787  4.949  4.875  4.787  4.696  4.812  4.934  4.804  4.749  4.913  4.956  4.883  4.828  4.823  4.792  4.820  4.754  4.796
5.293  5.159  5.313  5.231  5.226  5.293  5.375  5.366  5.398  5.533  5.352  5.467  5.533  5.263  5.394  5.176  5.344  5.187  5.434  5.380  5.474  5.165  5.209  5.263  5.460  5.412  5.197  5.136  5.170  5.096  5.124  5.250  5.318  5.318  5.442  5.215  5.344  5.162  5.165  5.153  5.342  5.298
4.554  4.564  4.673  4.644  4.673  4.663  4.710  4.605  4.836  4.934  4.787  4.762  4.844  4.522  4.782  4.475  4.522  4.380  4.700  4.963  4.844  4.605  4.652  4.652  4.680  4.585  4.511  4.595  4.615  4.564  4.446  4.585  4.562  4.717  4.615  4.554  4.554  4.344  4.431  4.605  4.533  4.413
5.903  5.675  5.802  5.557  5.746  5.790  5.698  5.796  5.627  5.887  5.839  5.903  5.815  5.790  5.872  5.652  5.624  5.940  5.868  5.733  5.743  5.602  5.749  5.645  5.733  5.835  5.649  5.784  5.628  5.521  5.733  5.737  5.716  5.775  5.791  5.673  5.786  5.781  5.823  5.790  5.617  5.781
4.762  4.654  4.844  4.691  4.734  4.787  4.562  4.682  4.511  4.812  4.787  4.890  4.889  4.796  4.920  4.575  4.771  4.739  4.898  4.654  4.852  4.583  4.673  4.718  4.816  4.736  4.691  4.673  4.564  4.663  4.564  4.717  4.754  4.543  4.691  4.700  4.752  4.762  4.769  4.748  4.419  4.727
4.949  4.850  4.927  4.927  5.050  4.860  4.796  4.883  4.934  5.029  4.898  5.017  5.198  4.990  5.081  4.898  4.812  5.058  5.017  4.885  4.927  4.690  4.796  4.726  4.779  4.775  4.812  4.883  4.635  4.754  4.868  4.700  4.700  4.812  4.905  4.890  4.868  5.016  4.915  4.997  4.736  4.875
3.871  3.942  3.738  3.807  3.871  3.912  3.664  3.892  3.829  3.908  3.651  3.829  4.043  3.989  3.850  3.871  3.761  3.714  3.850  3.850  3.807  3.761  3.784  3.818  3.684  3.761  3.761  3.761  3.784  3.738  3.738  3.807  3.714  3.738  3.784  3.922  3.761  3.807  3.611  3.871  3.555  3.761
7.176  6.648  6.977  6.868  7.000  7.002  6.765  7.016  7.009  7.126  7.172  7.132  7.196  7.049  7.095  6.900  6.631  7.123  7.085  7.031  6.809  6.640  6.880  6.712  6.751  6.997  6.839  6.991  6.603  6.667  6.752  6.418  6.774  6.905  6.740  6.868  6.800  7.020  6.975  7.031  6.775  6.946
4.754  4.543  4.748  4.827  4.605  4.472  4.382  4.677  4.754  4.844  4.727  4.745  4.924  4.654  4.736  4.654  4.644  4.671  4.762  4.927  4.745  4.663  4.644  4.779  4.600  4.682  4.543  4.673  4.369  4.492  4.578  4.431  4.564  4.654  4.511  4.554  4.472  4.511  4.575  4.392  4.477  4.554
5.680  5.328  5.694  5.759  5.745  5.717  5.416  5.595  5.571  5.720  5.642  5.787  5.689  5.714  5.807  5.460  5.222  5.775  5.811  5.573  5.525  5.342  5.403  5.375  5.568  5.582  5.308  5.525  5.209  5.161  5.398  5.147  5.606  5.529  5.400  5.557  5.457  5.714  5.652  5.666  5.525  5.568
4.407  4.202  4.234  4.466  4.335  4.341  4.290  4.078  4.419  4.344  4.263  4.431  4.562  4.477  4.585  4.127  4.124  4.317  4.454  4.367  4.477  4.416  4.344  4.419  4.234  4.205  4.344  4.328  3.980  4.127  4.143  4.331  4.344  4.194  4.416  4.407  4.205  4.304  4.253  4.277  4.238  4.263
6.387  5.858  6.194  6.060  5.900  6.223  5.996  6.209  6.006  6.341  6.194  6.255  6.377  6.184  6.184  6.031  5.751  6.148  6.234  6.265  5.964  5.872  6.054  5.914  5.994  6.150  6.006  6.027  5.690  5.894  5.505  5.583  5.425  6.111  5.916  6.016  5.951  6.021  5.996  6.198  5.940  6.211
4.718  4.522  4.754  4.754  4.304  4.745  4.673  4.787  4.635  4.893  4.743  4.782  4.963  4.942  4.887  4.575  4.452  4.454  4.812  4.787  4.723  4.503  4.673  4.605  4.554  4.585  4.600  4.454  4.331  4.486  4.111  4.304  4.127  4.500  4.452  4.745  4.564  4.458  4.270  4.511  4.500  4.543
7.570  7.256  7.492  7.470  7.526  7.476  7.320  7.485  7.463  7.556  7.439  7.583  7.634  7.419  7.507  7.305  7.194  7.439  7.560  7.527  7.308  7.225  7.340  7.302  7.383  7.538  7.283  7.366  7.154  7.199  7.271  7.070  7.447  7.425  7.309  7.411  7.320  7.423  7.357  7.489  7.362  7.501
5.820  5.778  5.727  5.659  5.936  5.892  5.727  5.771  5.872  5.941  5.862  5.836  6.028  5.919  5.966  5.638  5.568  5.817  5.876  5.834  5.737  5.624  5.740  5.704  5.664  5.790  5.641  5.537  5.437  5.412  5.467  5.276  5.529  5.781  5.727  5.797  5.568  5.563  5.513  5.677  5.591  5.721
7.217  6.839  7.154  7.112  7.209  7.200  6.935  7.107  7.069  7.171  7.070  7.183  7.171  7.032  7.159  6.881  6.809  7.133  7.165  7.186  6.923  6.890  6.930  6.944  6.899  7.112  6.955  6.963  6.753  6.738  6.775  6.668  6.973  7.009  6.896  7.017  6.899  7.075  7.026  7.093  6.919  7.060
5.805  5.557  5.690  5.730  5.790  5.891  5.645  5.816  5.796  5.924  5.802  5.998  6.008  5.869  5.948  5.563  5.613  5.649  5.926  5.891  5.740  5.587  5.663  5.781  5.459  5.753  5.565  5.505  5.142  5.451  5.476  5.195  5.609  5.666  5.620  5.826  5.481  5.597  5.501  5.533  5.505  5.771
