5.910  5.835  5.740  5.617  5.838  5.784  5.832  5.823  5.862  5.924  5.984  5.963  5.927  5.811  5.882  5.916  5.572  5.864  5.938  5.700  5.723  5.765  5.855  5.861  5.706  5.793  5.763  5.894  5.714  5.819  5.788  5.541  5.609  5.762  5.807  5.859  5.886  5.686  5.775  5.856  5.537  5.893
4.238  4.466  4.167  4.143  4.159  4.234  4.394  4.277  4.344  4.376  4.454  4.335  4.431  4.394  4.454  4.392  4.220  4.357  4.274  4.369  4.274  4.443  4.394  4.260  4.164  4.205  4.290  4.234  4.205  4.209  4.297  4.043  4.078  4.220  4.315  4.248  3.989  4.174  4.234  4.119  4.174  4.277
5.357  5.196  5.063  5.055  5.124  5.263  5.318  5.273  5.226  5.403  5.283  5.398  5.394  5.288  5.380  5.308  5.170  5.328  5.357  5.142  5.318  5.242  5.226  5.288  5.242  5.226  5.260  5.215  5.030  5.159  5.292  5.114  5.268  5.263  5.288  5.323  5.147  5.247  5.203  5.283  5.124  5.147
5.088  4.920  4.828  4.794  4.854  4.843  4.984  4.934  4.942  5.187  5.069  5.036  5.204  5.153  5.037  4.965  4.754  4.942  4.852  4.898  5.017  5.061  4.883  4.922  4.754  4.828  4.796  4.905  4.844  4.828  4.875  4.717  4.773  4.836  4.819  4.913  4.881  4.927  4.968  5.088  4.522  4.881
5.464  5.215  5.379  5.176  5.394  5.371  5.263  5.328  5.366  5.517  5.434  5.472  5.541  5.403  5.485  5.352  5.106  5.424  5.375  5.308  5.434  5.124  5.147  5.242  5.130  5.257  5.375  5.306  5.021  5.187  5.195  4.984  5.118  5.306  5.127  5.220  5.375  5.288  5.187  5.384  5.081  5.308
4.828  4.625  4.585  4.477  4.564  4.654  4.663  4.489  4.745  4.736  4.642  4.652  4.771  4.575  4.844  4.369  4.477  4.659  4.703  4.585  4.787  4.662  4.610  4.796  4.440  4.554  4.533  4.564  4.494  4.489  4.595  4.416  4.613  4.543  4.554  4.575  4.615  4.533  4.575  4.538  4.454  4.575
6.410  6.094  6.236  6.155  6.216  6.244  6.252  6.267  6.240  6.358  6.234  6.368  6.295  6.184  6.261  6.174  5.988  6.247  6.301  6.238  6.159  6.059  6.061  6.128  6.118  6.118  6.103  6.192  5.996  6.071  6.078  6.033  6.174  6.186  6.194  6.066  6.154  6.155  6.094  6.153  6.100  6.207
5.613  5.429  5.493  5.447  5.395  5.447  5.500  5.541  5.609  5.624  5.586  5.455  5.533  5.380  5.553  5.398  5.220  5.460  5.505  5.606  5.472  5.347  5.460  5.461  5.412  5.375  5.257  5.244  5.182  5.208  5.368  5.352  5.193  5.434  5.384  5.489  5.412  5.357  5.257  5.292  5.182  5.394
5.704  5.533  5.628  5.568  5.600  5.665  5.529  5.501  5.541  5.707  5.602  5.690  5.737  5.697  5.805  5.632  5.303  5.591  5.649  5.598  5.638  5.485  5.603  5.609  5.501  5.416  5.476  5.537  5.283  5.421  5.623  5.347  5.438  5.479  5.455  5.557  5.481  5.659  5.612  5.568  5.455  5.509
4.868  4.564  4.533  4.477  4.603  4.864  4.615  4.443  4.654  5.094  4.533  4.615  4.902  4.771  4.828  4.887  4.382  4.585  4.654  4.820  4.615  4.831  4.775  4.905  4.248  4.407  4.344  4.593  4.127  4.443  4.554  4.419  4.407  4.274  4.595  4.477  4.613  4.369  4.452  4.595  4.263  5.100
5.449  5.146  5.389  5.190  5.429  5.315  5.226  5.308  5.165  5.485  5.447  5.361  5.394  5.434  5.425  5.204  5.026  5.476  5.219  5.182  5.198  4.968  5.075  5.118  5.011  4.997  5.121  5.130  4.836  5.063  5.187  4.970  5.176  4.982  4.956  5.112  5.132  5.215  5.243  5.226  4.963  5.146
5.017  4.905  4.970  4.820  4.854  4.887  4.919  4.779  4.787  5.088  5.170  5.036  4.942  5.094  4.990  4.913  4.875  4.828  4.927  4.963  4.937  4.868  4.852  4.956  4.644  4.754  4.663  4.736  4.727  4.682  4.844  4.682  4.700  4.573  4.860  4.812  4.860  4.898  4.940  4.718  4.554  4.734
5.063  5.106  5.037  4.954  5.209  5.123  5.136  5.069  5.176  5.226  5.164  5.075  5.268  5.252  5.257  5.153  4.977  5.124  5.130  5.068  5.198  5.193  5.030  4.977  5.043  5.094  4.966  5.069  4.911  4.997  5.182  4.931  4.920  5.063  5.176  5.234  5.209  5.142  5.011  5.103  4.913  5.176
5.011  4.913  4.990  5.037  4.984  5.043  5.118  5.017  4.942  5.159  5.109  4.796  5.109  5.069  5.118  4.875  4.965  5.037  5.017  5.050  5.140  4.975  4.980  4.965  4.745  4.836  4.808  4.860  4.682  4.820  4.990  4.919  4.812  4.927  4.852  4.963  5.043  4.860  4.820  4.920  4.858  4.890
5.124  5.165  5.106  5.182  4.956  5.077  5.176  5.047  5.088  5.268  5.075  5.263  5.268  5.182  5.288  5.063  5.130  5.106  5.214  5.255  5.247  5.153  5.030  5.081  5.050  5.182  5.069  5.011  4.904  4.977  5.100  4.997  4.984  5.147  5.159  5.100  5.124  5.011  5.007  5.017  5.030  5.094
4.354  4.317  4.205  4.344  4.290  4.111  4.357  4.231  4.394  4.263  4.527  4.363  4.407  4.357  4.454  4.234  4.331  4.205  4.431  4.546  4.500  4.514  4.354  4.394  4.344  4.454  4.304  4.248  4.094  4.043  4.284  4.274  4.304  4.382  4.357  4.234  4.220  4.140  4.317  4.159  4.205  4.127
4.736  4.754  4.771  4.522  4.673  4.836  4.625  4.883  4.787  4.682  4.691  4.796  4.970  4.956  4.804  4.682  4.522  4.927  4.905  4.868  4.804  4.580  4.748  4.745  4.718  4.635  4.615  4.615  4.443  4.511  4.615  4.489  4.511  4.682  4.673  4.718  4.654  4.852  4.522  4.700  4.673  4.787
4.078  3.989  4.060  3.892  4.016  4.194  3.912  4.007  4.025  3.989  4.094  4.111  4.205  4.220  4.174  3.932  4.025  4.127  4.205  4.143  4.111  4.111  4.043  4.159  3.850  3.985  4.060  3.932  3.951  4.007  3.912  3.951  4.094  4.060  4.043  4.094  4.108  4.060  3.871  3.871  3.807  4.043
5.050  4.500  4.926  4.812  4.894  4.860  4.852  4.796  4.890  5.063  4.779  5.004  5.037  4.979  5.112  4.794  4.736  4.934  4.913  4.977  4.868  4.754  4.754  4.754  4.828  4.718  4.812  4.875  4.585  4.694  4.812  4.890  4.796  4.883  4.771  4.905  4.860  4.771  4.812  4.836  4.820  4.883
4.419  4.205  4.234  4.301  4.317  4.263  4.187  4.290  4.202  4.401  4.431  4.530  4.620  4.654  4.625  4.274  4.094  4.357  4.460  4.564  4.431  4.489  4.277  4.308  4.220  4.167  4.304  4.159  4.127  4.220  4.274  4.174  4.159  4.317  4.220  4.357  4.428  4.241  4.317  4.311  4.074  4.277
6.016  6.033  6.021  6.102  5.991  5.943  6.034  5.969  6.198  6.174  6.081  6.066  6.109  5.897  6.337  5.848  5.983  6.050  6.078  6.031  6.028  5.953  5.964  6.009  5.892  5.811  5.953  5.844  5.811  5.768  5.905  6.035  6.094  6.038  6.014  5.994  5.928  6.201  6.087  6.043  6.165  5.948
5.852  5.919  5.823  5.976  5.872  5.903  5.872  5.796  5.890  5.999  5.945  5.903  5.881  5.742  6.010  5.814  5.847  5.781  5.841  5.787  5.964  5.820  5.852  5.961  5.704  5.765  5.749  5.683  5.733  5.652  5.743  5.855  5.816  5.808  5.861  5.811  5.736  5.897  5.892  5.784  5.755  5.724
