6.122  5.858  5.914  5.879  6.075  6.234  6.217  6.153  6.155  6.368  6.016  6.254  6.292  6.196  6.229  6.089  5.733  5.953  6.310  5.942  5.958  5.900  6.006  5.932  6.014  6.017  6.016  5.966  5.720  5.989  5.900  5.667  5.878  5.918  6.001  6.011  5.819  5.964  5.840  5.992  5.875  6.100
4.595  4.477  4.277  4.416  4.380  4.598  4.700  4.644  4.630  4.836  4.662  4.779  4.677  4.541  4.836  4.762  4.425  4.443  4.543  4.428  4.376  4.522  4.635  4.603  4.413  4.543  4.520  4.212  4.248  4.317  4.304  4.094  4.290  4.394  4.454  4.475  4.407  4.331  4.246  4.331  4.234  4.386
4.140  3.850  3.912  4.263  4.363  4.297  4.367  4.290  4.500  4.443  4.094  4.382  4.382  4.248  4.357  4.234  3.871  4.025  4.369  4.317  4.143  4.174  4.156  4.190  4.060  4.248  3.989  3.867  3.684  4.007  4.060  3.664  4.159  3.989  4.025  4.217  3.664  4.111  4.060  4.060  4.111  4.111
3.466  3.497  3.296  3.332  3.555  3.367  3.466  3.526  3.367  3.466  3.497  3.466  3.638  3.611  3.611  3.664  3.367  3.367  3.526  3.689  3.689  3.555  3.296  3.638  3.497  3.332  3.258  3.401  3.611  3.367  3.611  3.332  3.401  3.466  3.497  3.296  3.367  3.367  3.526  3.332  3.466  3.401
5.759  5.412  5.786  5.665  5.677  5.811  5.793  5.775  5.976  6.120  5.820  6.116  6.155  5.771  5.960  5.720  5.670  5.606  5.991  5.875  5.861  5.429  5.598  5.552  5.724  5.783  5.580  5.694  5.239  5.576  5.541  5.283  5.718  5.820  5.639  5.672  5.583  5.583  5.714  5.638  5.597  5.727
3.850  3.871  4.025  3.807  3.871  3.928  3.928  3.932  4.248  4.190  3.932  4.277  4.234  4.025  4.187  4.174  4.060  3.918  4.103  4.220  4.369  3.912  4.174  3.989  3.807  3.813  3.892  3.871  3.768  3.784  3.784  3.951  3.871  4.022  3.807  3.932  4.069  3.638  3.871  3.807  3.850  3.761
4.796  4.466  4.812  4.736  4.700  4.736  4.644  4.820  4.792  4.868  4.771  4.890  4.922  4.718  4.762  4.533  4.344  4.804  4.868  4.804  4.585  4.410  4.386  4.443  4.615  4.593  4.394  4.575  4.220  4.304  4.419  4.357  4.745  4.509  4.357  4.337  4.394  4.682  4.736  4.575  4.543  4.623
3.714  3.714  3.738  3.638  3.761  3.611  3.658  3.773  3.892  3.807  3.829  3.861  3.807  3.807  3.932  3.584  3.526  3.689  3.664  3.932  3.829  3.738  3.584  3.714  3.459  3.761  3.638  3.658  3.584  3.466  3.611  3.664  3.689  3.611  3.714  3.738  3.714  3.773  3.689  3.584  3.526  3.807
5.389  4.839  5.328  5.037  5.481  5.318  4.760  5.140  4.942  5.366  5.257  5.293  5.247  5.165  5.328  4.956  4.633  5.243  5.226  5.328  4.977  4.466  4.820  4.819  4.635  4.796  4.875  5.118  4.344  4.454  4.828  4.344  4.889  4.779  4.644  5.034  4.762  5.170  5.158  5.176  4.673  5.094
3.932  3.689  3.738  3.738  3.824  3.738  3.638  3.738  3.726  3.892  4.025  3.850  3.892  3.892  3.989  3.807  3.584  3.850  3.807  3.892  3.761  3.733  3.761  3.733  3.709  3.714  3.664  3.714  3.367  3.466  3.526  3.658  3.611  3.638  3.689  3.761  3.912  3.714  3.802  3.871  3.434  3.466
4.844  4.472  4.700  4.466  4.595  4.732  4.394  4.573  4.595  4.663  4.625  4.868  4.804  4.796  4.812  4.615  4.511  4.575  4.618  4.625  4.500  4.437  4.564  4.431  4.407  4.543  4.477  4.625  4.416  4.304  4.511  4.290  4.625  4.605  4.554  4.511  4.425  4.796  4.644  4.633  4.431  4.663
4.220  4.108  4.066  4.143  4.143  4.159  4.078  4.220  4.354  4.159  4.190  4.357  4.428  4.407  4.533  4.007  4.094  4.220  4.350  4.382  4.331  4.205  4.220  4.308  4.034  4.263  4.078  3.932  4.007  3.951  4.043  4.164  4.238  4.202  4.111  4.263  4.094  4.111  4.127  3.912  4.007  4.111
4.623  4.477  4.449  4.522  4.620  4.533  4.500  4.466  4.588  4.663  4.443  4.454  4.625  4.578  4.736  4.394  4.344  4.511  4.635  4.543  4.466  4.533  4.575  4.564  4.220  4.595  4.431  4.317  4.190  4.530  4.304  4.078  4.416  4.363  4.416  4.454  4.443  4.290  4.392  4.503  4.407  4.363
3.850  3.784  4.013  3.912  3.892  3.784  3.738  3.714  3.912  4.190  3.947  3.850  4.066  3.888  3.892  3.784  3.824  3.995  4.025  4.078  4.025  3.912  3.738  4.094  3.664  3.846  3.970  3.738  3.714  3.888  3.714  3.664  4.034  3.689  3.892  3.850  3.584  3.802  3.898  3.791  4.094  3.888
4.431  3.932  4.253  4.317  4.376  4.290  3.892  4.174  4.187  4.386  4.197  4.148  4.350  4.190  4.613  3.938  3.757  4.143  4.407  4.290  4.094  4.091  3.829  3.871  3.912  3.892  4.007  4.004  3.689  3.829  3.871  3.850  4.227  3.839  3.871  4.060  3.578  4.187  4.248  4.052  3.951  4.025
3.434  3.401  3.466  3.520  3.401  3.497  3.296  3.466  3.401  3.466  3.219  3.332  3.497  3.526  3.638  3.428  3.434  3.520  3.401  3.555  3.611  3.611  3.434  3.481  3.638  3.325  3.401  3.584  3.258  3.296  3.466  3.428  3.434  3.428  3.526  3.481  3.332  3.395  3.332  3.434  3.434  3.497
5.100  4.647  4.727  4.575  4.898  4.875  4.593  4.973  4.898  5.130  4.823  5.094  5.124  4.956  4.997  4.745  4.700  4.905  4.913  5.024  4.620  4.673  4.663  4.920  4.564  4.820  4.552  4.756  4.595  4.564  4.771  4.290  4.844  4.605  4.543  4.682  4.779  4.902  4.796  4.966  4.583  4.881
3.784  3.784  3.912  3.664  3.829  3.714  3.714  3.611  3.802  3.947  3.714  3.928  4.094  4.025  3.980  3.761  3.829  3.850  3.850  3.871  4.007  3.638  3.807  3.892  3.761  3.850  3.714  3.714  3.761  3.709  3.871  3.466  3.611  3.738  3.709  3.989  3.638  3.584  3.624  3.638  3.638  3.738
5.533  5.052  5.318  5.272  5.633  5.485  5.130  5.434  5.421  5.606  5.489  5.438  5.501  5.349  5.591  5.220  4.963  5.485  5.451  5.338  4.898  4.970  5.318  5.268  5.024  5.112  5.088  5.394  4.942  4.982  5.050  4.796  5.247  5.112  4.977  5.263  5.106  5.384  5.434  5.447  5.081  5.389
3.684  3.401  3.526  3.541  3.564  3.555  3.332  3.555  3.466  3.506  3.466  3.611  3.714  3.671  3.555  3.497  3.497  3.526  3.526  3.611  3.645  3.555  3.584  3.584  3.526  3.526  3.709  3.466  3.434  3.258  3.520  3.466  3.526  3.555  3.611  3.526  3.689  3.555  3.395  3.434  3.401  3.466
5.409  5.263  5.322  5.257  5.422  5.482  5.075  5.451  5.228  5.571  5.337  5.388  5.493  5.402  5.500  5.204  4.956  5.467  5.439  5.287  4.942  5.011  5.236  5.231  4.894  5.106  5.204  5.352  4.949  5.030  5.068  4.868  5.103  5.161  5.030  5.182  4.984  5.315  5.489  5.244  4.996  5.380
3.829  3.664  3.807  3.738  3.738  3.761  3.733  3.757  3.761  3.813  3.726  3.773  4.007  3.829  3.967  3.638  3.664  3.871  3.947  4.022  3.932  3.689  3.850  3.912  3.689  3.745  3.867  3.738  3.611  3.645  3.619  3.611  3.757  3.818  3.846  3.714  3.526  3.738  3.892  3.738  3.714  3.738
