4.500  4.290  4.410  4.407  4.452  4.533  4.543  4.454  4.382  4.564  4.522  4.533  4.673  4.533  4.538  4.452  4.585  4.382  4.543  4.357  4.392  4.434  4.533  4.434  4.277  4.394  4.398  4.248  4.174  4.270  4.344  4.331  4.304  4.369  4.477  4.308  4.263  4.220  4.304  4.466  4.212  4.361
3.818  3.714  3.846  3.738  3.684  3.709  3.912  3.784  3.802  3.892  3.714  3.850  4.124  3.829  3.985  4.007  3.824  3.761  3.928  3.912  3.932  3.738  3.738  4.007  3.780  3.664  3.768  3.829  3.555  3.795  3.807  4.078  3.888  3.807  3.912  3.689  3.689  3.738  3.689  3.584  3.684  3.829
4.489  4.419  4.431  4.404  4.394  4.533  4.407  4.585  4.500  4.509  4.440  4.543  4.575  4.503  4.615  4.419  4.382  4.357  4.454  4.500  4.593  4.522  4.194  4.477  4.331  4.331  4.416  4.344  4.143  4.357  4.328  4.466  4.575  4.585  4.357  4.407  4.452  4.460  4.431  4.263  4.437  4.419
4.933  4.812  4.860  4.866  4.920  4.913  4.828  4.920  4.844  4.883  5.030  4.975  5.159  5.075  5.075  5.013  4.954  5.075  4.949  4.977  5.006  4.839  4.898  4.942  4.700  4.771  4.804  4.804  4.564  4.787  4.852  4.828  4.762  4.714  4.844  4.828  4.836  4.752  4.864  4.847  4.727  4.754
5.521  5.149  5.409  5.236  5.263  5.204  5.226  5.412  5.317  5.537  5.317  5.497  5.338  5.197  5.303  5.198  5.050  5.328  5.455  5.366  5.257  5.298  5.170  5.238  5.017  5.136  5.069  5.147  4.836  5.004  5.200  5.102  5.136  5.118  5.209  5.193  5.088  5.308  5.169  5.103  5.049  5.220
4.956  4.489  4.820  4.736  4.773  4.680  4.769  4.839  4.769  4.990  4.852  4.868  4.864  4.727  4.874  4.835  4.625  4.804  4.820  4.727  4.691  4.771  4.635  4.718  4.625  4.554  4.489  4.505  4.452  4.443  4.644  4.635  4.754  4.477  4.575  4.644  4.727  4.625  4.700  4.583  4.570  4.663
4.710  4.585  4.752  4.615  4.595  4.615  4.654  4.710  4.663  4.625  4.718  4.691  4.736  4.635  4.875  4.585  4.644  4.605  4.762  4.860  4.828  4.712  4.543  4.585  4.475  4.431  4.575  4.394  4.443  4.543  4.570  4.691  4.603  4.682  4.700  4.554  4.583  4.659  4.593  4.522  4.477  4.564
5.043  4.779  4.875  4.898  4.913  4.804  4.934  4.905  4.812  5.014  4.844  4.907  5.061  4.835  5.100  4.866  4.907  4.881  4.871  4.984  5.111  4.990  4.700  4.940  4.815  4.919  4.680  4.671  4.575  4.625  4.762  4.796  4.836  4.860  4.984  4.812  4.828  4.871  4.828  4.871  4.779  4.875
6.321  6.231  6.120  6.146  6.206  6.299  6.258  6.194  6.246  6.357  6.363  6.286  6.261  6.217  6.308  6.132  6.054  6.267  6.182  6.109  6.252  6.211  6.312  6.321  6.180  6.084  6.140  6.194  6.111  6.163  6.340  6.170  6.138  6.252  6.368  6.335  6.236  6.165  6.119  6.207  6.105  6.144
6.114  6.186  5.976  6.129  6.042  6.157  6.154  6.064  6.098  6.236  6.191  6.187  6.142  6.143  6.184  6.038  6.023  6.031  6.125  6.075  6.159  6.203  6.151  6.254  5.945  6.038  6.043  5.940  5.984  6.116  6.240  6.114  6.045  6.064  6.182  6.122  6.148  6.099  6.059  5.986  6.031  5.940
4.663  4.466  4.477  4.564  4.585  4.533  4.394  4.369  4.500  4.673  4.585  4.727  4.718  4.625  4.760  4.466  4.595  4.583  4.628  4.605  4.708  4.605  4.552  4.562  4.407  4.394  4.357  4.500  4.290  4.317  4.407  4.522  4.344  4.443  4.443  4.304  4.522  4.331  4.498  4.419  4.238  4.573
4.373  4.234  4.220  4.263  4.248  4.263  4.454  4.290  4.111  4.489  4.369  4.357  4.575  4.533  4.585  4.317  4.288  4.357  4.317  4.344  4.564  4.248  4.248  4.331  4.159  4.304  4.127  4.367  4.174  4.094  4.489  4.190  4.127  4.174  4.315  4.317  4.443  4.263  4.281  4.263  4.091  4.373
5.136  4.942  4.949  5.014  4.956  4.966  5.136  5.115  5.130  5.278  5.037  5.159  5.185  5.100  5.130  5.037  5.001  4.836  5.066  5.118  5.176  5.080  5.036  5.024  4.996  4.977  4.942  4.860  4.727  4.883  4.963  4.990  4.860  5.121  4.990  4.997  5.024  5.124  4.927  4.868  4.828  5.093
4.836  4.736  4.663  5.045  4.924  4.881  4.860  4.836  4.979  5.109  4.828  4.860  4.949  4.864  4.913  4.883  4.820  4.691  5.225  4.905  4.968  4.934  4.717  4.820  4.676  4.718  4.654  4.533  4.533  4.787  4.718  5.103  4.696  4.635  4.954  4.745  4.896  4.654  4.762  4.754  4.585  4.779
4.127  4.034  4.274  4.159  4.159  4.025  4.083  4.124  4.094  4.190  4.277  4.382  4.392  4.369  4.231  3.970  4.025  4.094  4.234  4.263  4.344  4.205  4.094  4.248  4.004  4.060  4.174  4.060  4.043  3.888  4.127  3.912  4.220  4.078  4.078  4.174  4.060  4.078  4.004  4.069  4.094  4.159
4.078  4.074  4.078  4.164  3.932  4.143  4.043  3.932  4.171  4.116  4.159  4.094  4.281  4.220  4.274  3.932  4.086  4.111  4.248  4.304  4.234  4.060  4.151  4.290  3.922  4.143  3.951  3.912  4.025  3.761  3.980  4.043  4.094  4.004  3.951  4.159  3.912  3.947  3.882  3.980  3.850  4.111
4.477  4.407  4.500  4.575  4.452  4.552  4.394  4.595  4.543  4.663  4.404  4.710  4.625  4.564  4.543  4.425  4.489  4.635  4.500  4.575  4.605  4.331  4.464  4.500  4.454  4.419  4.382  4.454  4.025  4.274  4.477  4.522  4.489  4.511  4.477  4.489  4.615  4.615  4.428  4.357  4.277  4.331
4.156  4.304  4.260  4.174  4.220  4.119  4.043  4.159  4.220  4.277  4.248  4.190  4.263  4.205  4.407  4.220  4.108  4.263  4.277  4.277  4.234  4.234  4.288  4.317  3.912  3.989  4.127  4.078  3.932  4.025  4.031  4.078  4.202  4.025  4.331  4.220  4.311  3.989  4.094  4.143  4.143  4.043
4.828  4.787  4.564  4.756  4.718  4.682  4.543  4.605  4.687  4.875  4.820  4.703  4.868  4.911  4.862  4.668  4.625  4.766  4.804  4.890  4.745  4.682  4.727  4.779  4.552  4.605  4.700  4.812  4.575  4.522  4.839  4.564  4.812  4.635  4.718  4.792  4.663  4.710  4.718  4.754  4.489  4.546
5.659  5.697  5.407  5.485  5.557  5.627  5.460  5.438  5.472  5.762  5.889  5.537  5.802  5.823  5.680  5.489  5.407  5.720  5.421  5.566  5.525  5.564  5.680  5.883  5.270  5.333  5.466  5.591  5.432  5.549  5.765  5.219  5.389  5.394  5.521  5.545  5.429  5.505  5.557  5.501  5.136  5.485
6.243  6.019  5.951  6.122  6.162  6.021  6.011  6.004  6.014  6.190  6.165  6.109  6.122  6.136  6.271  5.991  6.028  6.172  6.168  6.205  6.213  6.033  5.951  6.184  5.872  5.935  5.968  5.956  5.730  5.864  6.035  5.961  6.209  6.001  6.091  6.068  6.006  6.140  6.129  6.033  5.961  5.875
5.293  5.338  5.403  5.366  5.416  5.273  5.298  5.278  5.352  5.398  5.455  5.576  5.551  5.394  5.580  5.236  5.318  5.394  5.407  5.525  5.557  5.450  5.118  5.464  5.176  5.226  5.153  5.243  5.011  5.069  5.130  5.235  5.357  5.310  5.303  5.346  5.242  5.460  5.488  5.361  5.182  5.346
