6.469  6.240  6.317  6.265  6.337  6.431  6.399  6.415  6.425  6.534  6.343  6.516  6.539  6.356  6.422  6.335  6.164  6.458  6.500  6.288  6.326  6.254  6.322  6.320  6.323  6.404  6.317  6.335  6.186  6.250  6.252  6.114  6.301  6.375  6.314  6.317  6.344  6.353  6.213  6.375  6.232  6.326
4.927  4.860  4.927  4.775  4.875  4.904  4.836  4.868  4.832  5.011  4.844  4.852  5.030  4.934  5.003  4.905  4.820  4.883  4.922  4.942  4.864  4.984  4.748  4.734  4.779  4.883  4.871  4.700  4.726  4.647  4.760  4.620  4.522  4.804  4.745  4.836  4.860  4.700  4.533  4.762  4.745  4.812
6.422  6.138  6.196  6.109  6.285  6.326  6.235  6.221  6.342  6.392  6.203  6.382  6.394  6.267  6.306  6.279  6.078  6.306  6.354  6.230  6.174  6.196  6.138  6.146  6.191  6.217  6.175  6.297  6.096  6.187  6.211  6.009  6.115  6.271  6.217  6.209  6.263  6.236  6.144  6.255  6.082  6.157
4.844  4.942  4.766  4.828  4.890  4.973  4.905  4.875  5.043  4.984  5.011  4.966  5.017  4.868  5.063  4.956  4.949  4.970  4.905  4.934  5.030  4.984  5.030  4.958  4.922  4.956  4.836  4.956  4.779  4.779  4.804  4.804  4.754  4.905  4.913  4.875  4.963  4.860  4.745  4.736  4.812  4.804
5.805  5.328  5.724  5.513  5.826  5.688  5.549  5.627  5.704  5.799  5.666  5.801  5.690  5.628  5.737  5.561  5.303  5.647  5.787  5.531  5.513  5.347  5.424  5.412  5.609  5.743  5.464  5.476  5.241  5.338  5.497  5.367  5.645  5.576  5.414  5.450  5.557  5.733  5.519  5.529  5.505  5.677
4.682  4.263  4.644  4.500  4.575  4.595  4.500  4.673  4.615  4.625  4.573  4.682  4.700  4.454  4.682  4.431  4.357  4.434  4.644  4.628  4.663  4.419  4.234  4.466  4.575  4.690  4.357  4.464  4.187  4.248  4.388  4.277  4.401  4.625  4.505  4.543  4.431  4.466  4.350  4.443  4.443  4.564
5.094  4.905  5.011  4.762  4.920  4.934  4.927  4.898  5.004  5.112  5.165  5.078  5.288  5.112  5.182  5.043  4.804  5.094  5.112  4.913  5.100  4.796  4.875  5.042  4.990  4.963  5.097  5.037  4.827  4.949  4.860  4.635  4.868  5.037  4.839  4.990  4.970  5.069  4.956  5.026  4.934  4.868
4.727  4.644  4.663  4.466  4.640  4.644  4.575  4.635  4.812  4.663  4.682  4.783  4.844  4.852  4.811  4.727  4.668  4.726  4.796  4.663  4.754  4.745  4.673  4.718  4.663  4.727  4.700  4.489  4.382  4.575  4.564  4.585  4.580  4.682  4.615  4.603  4.644  4.595  4.600  4.541  4.466  4.536
6.760  6.461  6.662  6.641  6.677  6.738  6.585  6.686  6.749  6.790  6.694  6.784  6.800  6.609  6.744  6.611  6.447  6.775  6.795  6.700  6.615  6.529  6.582  6.474  6.699  6.653  6.631  6.664  6.238  6.433  6.564  6.341  6.686  6.685  6.593  6.608  6.592  6.605  6.590  6.719  6.553  6.733
4.977  5.056  5.100  4.836  4.883  4.868  4.961  4.966  5.026  5.106  4.875  4.963  5.118  5.043  5.124  4.990  4.836  4.954  5.027  4.934  5.106  4.905  5.037  5.081  4.934  4.997  4.898  4.828  4.762  4.982  4.752  4.898  4.779  4.920  4.836  4.970  4.890  4.771  4.682  4.786  4.690  4.920
5.352  5.220  5.247  5.247  5.293  5.242  5.231  5.170  5.288  5.315  5.366  5.312  5.375  5.338  5.425  5.208  5.124  5.297  5.215  5.231  5.342  5.257  5.242  5.338  5.086  5.187  5.100  5.106  4.911  5.043  5.247  5.118  5.147  5.142  5.153  5.187  5.146  5.267  5.277  5.118  5.043  5.088
4.875  4.787  4.787  4.812  4.881  4.905  4.723  4.852  4.663  4.836  4.977  4.815  4.905  4.868  4.883  4.844  4.700  4.883  4.828  4.816  4.699  4.812  4.718  4.820  4.489  4.564  4.771  4.673  4.543  4.454  4.752  4.642  4.673  4.466  4.605  4.654  4.714  4.777  4.835  4.644  4.543  4.700
6.601  6.311  6.404  6.404  6.430  6.472  6.433  6.441  6.487  6.620  6.535  6.548  6.564  6.454  6.561  6.389  6.349  6.499  6.613  6.485  6.510  6.392  6.380  6.305  6.422  6.506  6.337  6.465  6.170  6.182  6.295  6.246  6.436  6.489  6.408  6.340  6.355  6.450  6.312  6.458  6.379  6.415
5.687  5.576  5.531  5.611  5.649  5.642  5.675  5.537  5.616  5.740  5.635  5.753  5.765  5.814  5.733  5.587  5.549  5.583  5.717  5.579  5.652  5.595  5.632  5.606  5.561  5.710  5.523  5.558  5.398  5.468  5.489  5.485  5.426  5.638  5.545  5.665  5.463  5.455  5.394  5.481  5.460  5.497
5.717  5.347  5.619  5.587  5.576  5.697  5.517  5.608  5.645  5.829  5.613  5.720  5.796  5.749  5.773  5.541  5.313  5.778  5.628  5.652  5.497  5.403  5.548  5.472  5.545  5.720  5.529  5.656  5.459  5.313  5.583  5.176  5.576  5.501  5.447  5.442  5.438  5.541  5.476  5.649  5.333  5.421
4.392  4.288  4.382  4.369  4.394  4.331  4.369  4.407  4.500  4.511  4.477  4.585  4.769  4.575  4.644  4.311  4.511  4.511  4.522  4.511  4.593  4.290  4.593  4.489  4.331  4.489  4.573  4.407  4.238  4.407  4.248  4.290  4.354  4.443  4.277  4.369  4.380  4.277  4.143  4.304  4.290  4.220
6.246  5.903  6.114  5.944  6.129  6.096  5.989  6.061  6.109  6.185  5.958  6.184  6.274  6.148  6.192  5.935  5.944  6.244  6.150  6.157  5.999  5.892  6.009  5.922  5.929  6.094  5.948  6.019  5.788  5.826  5.869  5.835  6.064  6.105  5.994  5.989  5.931  6.045  6.037  6.102  5.989  6.131
5.519  5.293  5.308  5.200  5.438  5.236  5.273  5.338  5.370  5.463  5.394  5.429  5.631  5.451  5.545  5.219  5.268  5.447  5.539  5.407  5.394  5.247  5.320  5.278  5.352  5.438  5.386  5.176  5.236  5.153  5.156  5.100  5.182  5.442  5.257  5.276  5.322  5.302  5.342  5.334  5.124  5.283
6.529  6.306  6.423  6.430  6.420  6.447  6.225  6.418  6.322  6.550  6.503  6.535  6.485  6.449  6.464  6.280  6.259  6.481  6.487  6.413  6.321  6.284  6.399  6.248  6.335  6.415  6.340  6.394  6.134  6.184  6.329  6.182  6.369  6.375  6.288  6.330  6.313  6.394  6.361  6.466  6.330  6.454
5.480  5.361  5.425  5.418  5.505  5.434  5.368  5.366  5.366  5.505  5.429  5.517  5.525  5.503  5.613  5.451  5.328  5.455  5.450  5.420  5.541  5.375  5.541  5.465  5.371  5.390  5.375  5.313  5.209  5.227  5.371  5.204  5.242  5.421  5.481  5.484  5.386  5.400  5.403  5.236  5.283  5.338
6.367  6.090  6.223  6.323  6.326  6.306  6.098  6.297  6.211  6.368  6.286  6.194  6.340  6.225  6.365  6.138  6.059  6.407  6.333  6.344  6.190  6.155  6.180  6.258  6.118  6.131  6.093  6.227  5.980  6.060  6.118  6.028  6.235  6.282  6.144  6.110  6.234  6.341  6.254  6.310  6.176  6.290
5.517  5.457  5.496  5.583  5.557  5.513  5.403  5.513  5.541  5.553  5.624  5.558  5.586  5.597  5.697  5.476  5.323  5.549  5.645  5.606  5.624  5.451  5.595  5.746  5.501  5.438  5.413  5.371  5.247  5.293  5.403  5.380  5.434  5.568  5.541  5.452  5.533  5.689  5.609  5.533  5.412  5.482
