7.534  7.466  7.490  7.486  7.525  7.572  7.704  7.605  7.688  7.793  7.601  7.664  7.652  7.512  7.627  7.500  7.513  7.425  7.833  7.470  7.594  7.615  7.526  7.516  7.596  7.590  7.508  7.446  7.416  7.619  7.550  7.590  7.548  7.628  7.806  7.634  7.532  7.546  7.426  7.521  7.511  7.644
7.231  7.209  7.155  7.179  7.215  7.294  7.505  7.296  7.449  7.448  7.324  7.430  7.351  7.194  7.361  7.255  7.284  7.087  7.554  7.194  7.402  7.431  7.266  7.273  7.310  7.384  7.231  7.171  7.207  7.450  7.242  7.269  7.271  7.369  7.585  7.387  7.306  7.217  7.130  7.195  7.259  7.319
5.509  5.379  5.418  5.252  5.416  5.412  5.425  5.357  5.464  5.505  5.332  5.442  5.565  5.366  5.451  5.434  5.298  5.429  5.533  5.411  5.561  5.341  5.398  5.576  5.338  5.460  5.302  5.308  5.288  5.308  5.361  5.338  5.380  5.447  5.360  5.515  5.318  5.242  5.193  5.307  5.352  5.418
5.088  4.956  4.927  4.871  4.949  4.984  4.977  4.949  5.024  5.017  4.852  4.926  5.106  5.040  5.112  4.938  4.990  4.990  5.081  5.030  5.081  5.056  4.927  5.017  4.970  4.883  5.003  4.762  4.771  4.852  4.718  4.786  4.868  4.913  4.924  4.949  4.963  4.844  4.804  4.752  4.828  4.956
6.672  6.574  6.544  6.479  6.550  6.549  6.537  6.564  6.574  6.738  6.682  6.694  6.662  6.612  6.783  6.636  6.446  6.596  6.582  6.477  6.588  6.663  6.601  6.654  6.409  6.365  6.588  6.479  6.428  6.460  6.552  6.365  6.469  6.532  6.544  6.534  6.550  6.465  6.545  6.540  6.234  6.516
6.317  6.261  6.138  6.127  6.213  6.116  6.293  6.131  6.273  6.396  6.234  6.269  6.248  6.174  6.354  6.234  6.064  6.207  6.167  6.168  6.248  6.267  6.201  6.335  6.142  6.091  6.150  6.125  6.043  6.094  6.099  6.151  6.148  6.178  6.194  6.157  6.250  6.074  6.111  6.066  5.988  6.131
4.511  4.492  4.466  4.454  4.407  4.500  4.522  4.625  4.536  4.700  4.466  4.543  4.500  4.454  4.635  4.605  4.492  4.564  4.557  4.644  4.486  4.554  4.419  4.511  4.454  4.431  4.522  4.440  4.060  4.367  4.354  4.443  4.466  4.605  4.357  4.522  4.331  4.344  4.277  4.369  4.477  4.511
4.804  4.605  4.443  4.509  4.642  4.673  4.593  4.754  4.721  4.828  4.575  4.718  4.644  4.644  4.858  4.595  4.613  4.466  4.745  4.819  4.877  4.652  4.712  4.663  4.533  4.588  4.419  4.317  4.143  4.304  4.498  4.489  4.575  4.511  4.511  4.588  4.234  4.419  4.500  4.477  4.281  4.477
5.897  5.889  5.808  5.808  5.714  5.744  5.832  5.760  5.785  5.881  5.864  5.826  5.859  5.740  5.923  5.743  5.793  5.784  5.840  5.820  5.951  5.969  5.844  5.971  5.642  5.771  5.740  5.583  5.527  5.595  5.746  5.730  5.720  5.759  5.765  5.785  5.717  5.611  5.648  5.670  5.470  5.805
5.328  5.147  5.273  5.198  5.181  5.050  5.226  5.146  5.099  5.260  5.153  5.252  5.176  5.036  5.277  5.103  5.088  5.293  5.124  5.200  5.242  5.273  5.209  5.247  5.043  5.052  5.100  4.905  4.920  4.956  5.050  5.094  5.215  5.106  5.081  5.102  4.987  4.970  5.138  5.023  4.919  5.093
4.934  4.754  4.808  4.820  4.787  4.779  4.691  4.754  4.605  4.947  4.812  4.907  4.990  4.835  4.843  4.727  4.644  4.762  4.905  4.831  4.796  4.762  4.745  4.745  4.564  4.618  4.727  4.580  4.419  4.554  4.635  4.625  4.828  4.662  4.673  4.554  4.700  4.714  4.419  4.615  4.699  4.898
5.112  4.990  5.030  5.024  5.257  4.990  5.049  5.109  5.124  5.225  5.263  5.195  5.142  5.121  5.190  4.896  4.997  5.147  5.124  5.004  5.273  5.106  5.088  5.120  5.004  4.717  4.970  4.864  4.844  4.871  4.984  4.942  4.963  5.075  4.970  5.099  5.030  5.045  4.942  4.796  4.938  4.949
5.017  5.017  4.963  4.787  4.942  5.063  4.954  4.840  5.094  5.159  4.963  5.003  5.069  5.004  5.075  4.934  4.920  4.875  4.942  5.063  4.984  5.037  4.927  4.852  4.860  4.949  4.968  4.956  4.739  4.874  4.836  4.905  4.828  4.970  5.030  4.927  4.979  4.858  4.804  4.990  4.820  4.812
4.078  4.344  4.290  4.304  4.190  4.190  4.205  4.205  4.357  4.290  4.143  4.317  4.419  4.290  4.376  4.127  4.304  4.174  4.277  4.344  4.404  4.317  4.388  4.431  4.212  4.111  4.263  4.025  4.143  4.317  4.151  4.241  4.174  4.217  4.205  4.277  4.357  4.143  4.143  4.127  4.174  4.111
4.477  4.382  4.382  4.369  4.477  4.376  4.311  4.382  4.317  4.369  4.407  4.234  4.564  4.511  4.605  4.533  4.234  4.654  4.428  4.413  4.511  4.464  4.354  4.369  4.407  4.348  4.407  4.078  4.143  4.357  4.369  4.454  4.301  4.284  4.454  4.382  4.304  4.331  4.277  4.317  4.159  4.477
4.111  4.419  4.234  4.241  4.407  4.317  4.308  4.220  4.419  4.357  4.202  4.263  4.559  4.263  4.533  4.263  4.260  4.344  4.304  4.331  4.527  4.290  4.284  4.331  4.263  4.205  4.187  4.174  4.004  4.078  4.248  4.321  4.304  4.301  4.174  4.205  4.220  4.111  4.111  4.159  4.094  4.331
6.035  5.759  5.920  5.901  5.892  5.820  5.820  5.881  5.820  5.964  5.886  5.892  5.958  5.875  5.943  5.771  5.817  5.861  5.948  5.855  5.947  5.841  5.749  5.858  5.778  5.771  5.762  5.790  5.677  5.693  5.858  5.749  5.855  5.855  5.950  5.908  5.846  5.901  5.793  5.762  5.817  5.916
5.511  5.341  5.438  5.382  5.493  5.412  5.317  5.333  5.361  5.464  5.318  5.497  5.523  5.404  5.412  5.281  5.384  5.384  5.318  5.509  5.273  5.468  5.351  5.416  5.288  5.447  5.328  5.268  5.333  5.197  5.332  5.269  5.342  5.412  5.352  5.342  5.398  5.438  5.328  5.451  5.273  5.380
5.820  5.674  5.673  5.785  5.746  5.727  5.658  5.727  5.638  5.812  5.720  5.723  5.849  5.771  5.796  5.631  5.666  5.775  5.768  5.724  5.725  5.638  5.705  5.740  5.591  5.583  5.565  5.576  5.533  5.447  5.609  5.529  5.784  5.688  5.738  5.680  5.550  5.656  5.655  5.624  5.533  5.645
4.605  4.600  4.745  4.644  4.700  4.543  4.483  4.477  4.754  4.554  4.736  4.710  4.663  4.489  4.956  4.443  4.673  4.446  4.691  4.990  4.625  4.564  4.511  4.575  4.522  4.625  4.443  4.407  4.564  4.647  4.290  4.357  4.489  4.454  4.489  4.549  4.443  4.394  4.407  4.635  4.628  4.363
5.772  5.700  5.738  5.762  5.703  5.802  5.557  5.666  5.723  5.748  5.737  5.722  5.697  5.682  5.852  5.591  5.568  5.768  5.874  5.814  5.786  5.620  5.616  5.759  5.444  5.612  5.496  5.402  5.263  5.440  5.433  5.307  5.618  5.635  5.595  5.618  5.342  5.533  5.591  5.572  5.446  5.710
4.947  4.710  4.942  4.804  4.890  4.875  4.652  4.905  4.907  4.848  4.956  4.931  4.820  4.835  5.091  4.691  4.575  4.979  4.902  4.893  5.081  4.820  4.812  4.984  4.766  4.712  4.736  4.654  4.431  4.527  4.590  4.492  4.705  4.748  4.745  4.727  4.500  4.710  4.754  4.625  4.756  4.779
