5.733  5.617  5.635  5.635  5.620  5.759  5.677  5.613  5.732  5.617  5.628  5.682  5.670  5.711  5.700  5.642  5.583  5.681  5.624  5.677  5.753  5.521  5.568  5.641  5.642  5.576  5.497  5.533  5.455  5.476  5.521  5.565  5.565  5.673  5.591  5.561  5.603  5.595  5.509  5.572  5.461  5.658
4.790  4.745  4.690  4.595  4.760  4.958  4.726  4.718  4.771  4.864  4.779  4.854  4.916  4.836  4.802  4.898  4.541  4.820  4.812  4.766  4.787  4.600  4.787  4.699  4.685  4.659  4.745  4.765  4.503  4.654  4.654  4.610  4.554  4.710  4.700  4.804  4.779  4.705  4.625  4.796  4.615  4.700
5.030  4.812  4.942  5.063  4.970  4.956  4.970  4.890  5.075  5.103  5.024  5.097  5.001  4.956  5.027  4.883  4.890  4.913  4.956  4.975  5.066  4.905  4.875  4.990  4.913  4.920  4.920  4.832  4.673  4.723  5.017  4.874  4.913  4.927  4.868  4.852  4.984  4.828  4.920  4.836  4.890  4.924
4.905  5.063  4.883  4.868  4.816  4.890  5.106  4.890  5.019  5.111  5.081  5.106  5.106  5.069  5.050  4.927  4.963  4.942  5.155  4.913  5.032  4.942  4.875  5.124  4.858  4.854  4.804  4.779  4.762  4.890  4.984  4.963  4.844  4.927  4.997  4.920  4.931  4.860  4.868  4.898  4.794  5.001
5.375  5.263  5.215  5.323  5.403  5.292  5.273  5.303  5.313  5.328  5.322  5.389  5.421  5.361  5.394  5.136  5.187  5.263  5.288  5.236  5.384  5.118  5.257  5.135  5.301  5.193  5.328  5.133  5.159  5.182  5.273  5.233  5.142  5.316  5.215  5.342  5.252  5.236  5.124  5.259  5.247  5.231
4.304  4.317  4.357  4.263  4.263  4.315  4.328  4.331  4.328  4.344  4.500  4.382  4.505  4.331  4.382  4.354  4.290  4.331  4.357  4.380  4.511  4.394  4.304  4.337  4.220  4.263  4.304  4.174  4.159  4.234  4.234  4.413  4.337  4.466  4.344  4.248  4.369  4.277  4.205  4.227  4.205  4.419
5.842  5.732  5.656  5.602  5.666  5.673  5.839  5.700  5.768  6.026  5.908  5.878  5.935  5.892  5.922  5.771  5.649  5.720  5.762  5.656  5.825  5.710  5.737  5.704  5.690  5.733  5.756  5.733  5.609  5.670  5.838  5.628  5.628  5.720  5.799  5.772  5.735  5.771  5.609  5.799  5.635  5.654
6.162  6.269  6.080  6.288  6.261  6.228  6.188  6.052  6.180  6.308  6.146  6.203  6.326  6.148  6.312  6.087  6.127  5.883  6.099  5.989  6.203  6.170  6.165  6.230  5.916  5.940  6.026  5.886  5.974  6.073  6.163  6.092  5.950  6.180  6.172  6.131  6.192  6.181  6.146  6.310  6.154  6.277
5.620  5.613  5.629  5.554  5.620  5.694  5.576  5.632  5.545  5.745  5.652  5.714  5.710  5.628  5.714  5.561  5.412  5.559  5.649  5.598  5.572  5.413  5.609  5.554  5.497  5.406  5.493  5.501  5.268  5.556  5.501  5.428  5.537  5.521  5.466  5.642  5.457  5.620  5.460  5.576  5.501  5.503
5.690  5.525  5.836  5.529  5.562  5.743  5.631  5.561  5.566  5.727  5.661  5.602  5.617  5.598  5.841  5.624  5.451  5.545  5.694  5.565  5.642  5.602  5.472  5.733  5.420  5.384  5.501  5.415  5.333  5.519  5.451  5.455  5.537  5.469  5.604  5.561  5.455  5.505  5.513  5.375  5.442  5.489
5.580  5.403  5.541  5.398  5.415  5.389  5.455  5.454  5.429  5.481  5.521  5.493  5.585  5.416  5.583  5.465  5.338  5.505  5.549  5.371  5.437  5.513  5.333  5.357  5.438  5.493  5.380  5.444  5.109  5.332  5.393  5.303  5.464  5.416  5.509  5.409  5.529  5.537  5.384  5.403  5.323  5.431
5.971  5.669  5.726  5.733  5.781  5.762  5.746  5.769  5.881  5.948  6.016  5.869  5.855  5.663  5.811  5.666  5.697  5.790  5.878  5.905  5.887  5.717  5.749  5.720  5.624  5.697  5.700  5.769  5.700  5.576  5.671  5.690  5.638  5.757  5.854  5.746  5.616  5.677  5.979  5.652  5.606  5.602
5.056  4.954  4.898  4.963  4.874  5.004  4.997  4.952  4.966  5.030  5.124  5.088  5.298  5.112  5.214  5.063  4.819  5.112  5.193  5.130  5.043  4.898  5.029  4.975  4.718  4.920  4.883  4.947  4.752  4.718  4.905  4.745  4.889  4.875  4.883  4.956  5.075  4.997  5.011  4.990  4.858  4.938
4.388  4.369  4.503  4.357  4.234  4.317  4.527  4.348  4.567  4.394  4.603  4.635  4.538  4.469  4.721  4.398  4.514  4.443  4.489  4.344  4.615  4.394  4.536  4.608  4.337  4.297  4.533  4.270  4.304  4.369  4.344  4.357  4.431  4.380  4.317  4.404  4.416  4.094  4.394  4.407  4.428  4.246
5.421  5.124  5.247  5.086  5.403  5.398  4.997  5.176  5.236  5.268  5.278  5.268  5.162  5.342  5.323  5.145  4.654  5.425  5.394  5.118  4.963  4.949  5.206  5.118  5.017  5.069  5.153  5.313  4.779  4.847  5.049  4.790  4.920  4.990  5.030  5.106  5.023  5.273  5.370  5.328  4.898  5.158
4.140  3.846  4.094  4.094  4.171  4.074  4.116  4.159  4.043  4.127  4.074  4.143  4.277  4.148  4.205  4.151  3.980  4.048  4.304  4.143  4.159  4.217  4.043  4.466  4.025  3.871  3.970  4.127  3.970  3.738  3.871  3.989  4.048  3.912  4.043  4.127  3.888  4.205  4.187  4.190  3.908  3.970
4.762  4.654  4.860  4.564  4.890  4.644  4.419  4.754  4.682  4.916  4.860  4.787  4.828  4.773  4.883  4.691  4.538  4.970  4.771  4.727  4.559  4.419  4.578  4.727  4.663  4.710  4.527  4.796  4.511  4.654  4.654  4.452  4.696  4.723  4.618  4.605  4.618  4.741  4.615  4.877  4.477  4.662
4.970  5.017  5.106  5.004  5.094  5.024  5.017  5.030  5.118  5.100  5.017  5.231  5.094  5.112  5.347  5.043  4.994  5.027  5.088  4.934  5.088  5.017  4.977  5.269  4.883  4.844  5.109  4.913  4.708  4.920  4.913  5.011  5.175  5.088  5.030  4.970  4.945  5.037  5.014  4.951  4.934  4.956
5.468  5.209  5.215  5.342  5.293  5.236  5.236  5.308  5.318  5.451  5.380  5.366  5.416  5.333  5.405  5.328  5.225  5.364  5.378  5.439  5.407  5.328  5.423  5.468  5.124  5.293  5.257  5.230  5.147  5.308  5.288  5.208  5.412  5.298  5.342  5.293  5.436  5.460  5.394  5.334  5.187  5.434
4.382  4.443  4.500  4.452  4.304  4.431  4.369  4.317  4.205  4.344  4.543  4.382  4.454  4.575  4.522  4.500  4.431  4.369  4.392  4.525  4.373  4.500  4.452  4.443  4.174  4.321  4.369  4.111  4.357  4.277  4.290  4.190  4.094  4.407  4.304  4.301  4.382  4.317  4.407  4.267  4.078  4.394
4.862  4.533  4.775  4.605  4.745  4.771  4.691  4.745  4.771  4.894  4.718  4.804  4.860  4.831  5.063  4.644  4.662  4.852  4.905  4.804  4.779  4.680  4.700  4.956  4.682  4.762  4.554  4.710  4.625  4.425  4.668  4.745  4.852  4.804  4.613  4.823  4.593  4.680  4.682  4.691  4.575  4.771
5.030  4.736  4.958  4.905  4.911  4.836  4.762  4.942  4.871  5.011  4.907  4.949  5.142  5.011  5.152  4.727  4.727  4.875  5.066  5.030  4.956  4.794  4.852  4.804  4.875  4.836  4.654  4.663  4.509  4.595  4.765  4.605  4.913  4.883  4.844  4.831  4.749  4.898  4.796  4.804  4.911  4.970
