7.268  7.156  7.170  6.956  7.208  7.317  7.194  7.041  7.210  7.212  7.314  7.182  7.220  7.198  7.066  7.232  6.894  7.292  7.196  7.018  7.033  7.036  7.227  7.125  7.031  7.115  7.107  7.214  7.073  7.160  7.187  6.894  6.930  7.163  6.954  7.183  7.288  7.193  7.078  7.192  6.907  7.095
5.884  5.759  5.733  5.425  5.730  5.832  5.787  5.557  5.841  5.775  5.872  5.663  5.817  5.908  5.704  5.841  5.591  5.852  5.691  5.442  5.690  5.734  5.900  5.781  5.704  5.740  5.768  5.684  5.561  5.728  5.684  5.491  5.513  5.746  5.592  5.799  5.930  5.700  5.580  5.715  5.497  5.697
7.510  7.458  7.388  7.173  7.519  7.602  7.519  7.508  7.572  7.599  7.582  7.617  7.566  7.538  7.630  7.515  7.315  7.522  7.542  7.291  7.504  7.372  7.520  7.417  7.380  7.534  7.463  7.413  7.239  7.336  7.462  7.220  7.243  7.491  7.438  7.451  7.557  7.421  7.275  7.412  7.312  7.377
5.927  6.084  5.747  5.694  5.811  6.001  6.194  5.878  6.132  6.014  6.061  6.127  6.136  6.116  6.241  6.023  5.964  5.802  6.100  5.671  6.174  6.073  6.174  6.197  5.836  5.881  5.953  5.718  5.832  5.791  6.031  5.875  5.642  5.969  6.021  6.027  6.150  5.727  5.746  5.793  5.743  5.863
7.191  6.690  7.140  6.967  7.175  7.086  6.792  7.106  7.063  7.268  7.138  7.269  7.132  6.976  7.167  6.747  6.350  6.970  7.144  6.969  6.698  6.516  6.744  6.680  6.642  6.896  6.738  6.833  6.186  6.484  6.681  6.335  6.733  6.774  6.629  6.793  6.698  6.890  6.825  6.873  6.798  6.948
4.754  4.700  4.615  4.530  4.745  4.522  4.585  4.844  4.868  4.811  4.745  5.142  4.812  4.588  5.030  4.443  4.380  4.419  4.847  4.500  4.727  4.514  4.469  4.779  4.425  4.443  4.331  4.078  4.094  4.025  4.431  4.248  4.324  4.392  4.317  4.673  4.317  4.159  4.290  4.127  4.274  4.443
7.824  7.526  7.640  7.579  7.731  7.661  7.462  7.662  7.559  7.730  7.714  7.659  7.667  7.640  7.682  7.516  7.328  7.731  7.629  7.629  7.452  7.340  7.484  7.395  7.510  7.624  7.548  7.611  7.356  7.385  7.498  7.326  7.474  7.506  7.407  7.526  7.529  7.709  7.666  7.718  7.438  7.586
6.790  6.614  6.697  6.636  6.782  6.649  6.506  6.686  6.560  6.823  6.750  6.717  6.789  6.719  6.743  6.495  6.366  6.727  6.661  6.635  6.445  6.430  6.514  6.492  6.449  6.604  6.569  6.556  6.340  6.335  6.472  6.238  6.485  6.488  6.439  6.560  6.534  6.703  6.611  6.625  6.395  6.535
6.437  6.230  6.345  6.238  6.466  6.385  6.242  6.370  6.334  6.599  6.452  6.377  6.405  6.396  6.459  6.169  6.054  6.337  6.448  6.436  6.273  6.099  6.258  6.127  6.105  6.254  6.194  6.221  5.784  5.878  6.045  5.924  6.101  6.234  6.116  6.225  6.177  6.213  6.236  6.342  6.168  6.267
4.156  3.970  3.892  4.078  4.043  3.970  4.043  4.025  4.066  4.127  4.094  4.288  4.052  3.871  4.052  3.970  3.932  3.902  3.892  4.108  4.357  3.947  3.839  4.007  3.967  3.908  3.829  3.850  3.807  3.829  3.829  3.829  4.022  3.807  3.829  4.025  3.861  3.689  3.932  3.784  3.908  3.829
7.317  7.055  7.316  7.167  7.423  7.429  7.175  7.343  7.304  7.172  7.211  7.498  7.393  7.263  7.448  7.133  6.846  7.302  7.442  7.226  7.185  7.110  7.150  7.053  7.114  7.169  7.151  7.054  6.701  6.905  7.022  6.839  7.132  7.225  7.175  7.194  7.132  7.220  7.065  7.231  7.088  7.327
5.889  5.805  5.901  5.749  5.933  6.009  6.096  5.916  5.991  5.513  5.787  6.190  6.133  6.078  6.186  5.743  5.609  5.704  6.103  5.787  6.086  5.858  5.948  5.955  5.889  5.874  5.875  5.455  5.366  5.574  5.583  5.521  5.759  5.953  5.886  6.050  5.961  5.803  5.638  5.707  5.683  5.935
6.957  6.883  6.747  6.737  6.932  6.963  6.632  6.847  6.774  7.069  6.999  6.877  7.032  7.017  7.107  6.848  6.389  6.932  6.918  6.624  6.581  6.548  6.834  6.862  6.596  6.604  6.706  6.883  6.503  6.551  6.795  6.360  6.506  6.697  6.556  6.792  6.730  6.903  6.877  6.855  6.472  6.659
4.317  4.248  4.074  4.171  4.190  4.290  4.127  4.159  4.220  4.290  4.328  4.234  4.557  4.477  4.691  4.143  4.187  4.263  4.489  4.205  4.234  4.331  4.344  4.369  4.103  4.290  4.086  4.382  4.025  3.802  4.220  4.060  4.074  3.989  4.078  4.234  4.357  4.290  4.205  4.357  4.016  4.007
7.188  6.958  7.028  7.031  7.079  7.089  6.935  7.042  7.075  7.068  7.031  7.133  7.169  7.103  7.086  6.962  6.967  7.179  7.139  7.083  7.055  6.930  6.964  7.003  7.026  7.122  7.021  7.049  6.938  6.947  7.054  6.856  7.030  7.078  7.013  7.040  7.047  7.100  6.970  7.134  6.978  7.088
5.994  5.858  5.829  5.883  5.787  5.884  5.897  5.762  5.883  5.878  5.848  5.886  5.951  5.943  5.914  5.759  5.795  5.858  5.838  5.903  5.935  5.826  5.720  5.872  5.819  5.787  5.724  5.640  5.583  5.690  5.707  5.529  5.716  5.876  5.855  5.826  5.703  5.814  5.694  5.753  5.674  5.775
6.867  6.704  6.822  6.640  6.854  6.835  6.864  6.856  6.877  6.968  6.863  6.951  6.993  6.884  7.018  6.744  6.707  6.975  6.942  6.824  6.841  6.708  6.880  6.878  6.697  6.828  6.790  6.766  6.658  6.691  6.714  6.649  6.667  6.867  6.804  6.902  6.869  6.803  6.712  6.839  6.648  6.777
5.409  5.442  5.298  5.182  5.396  5.425  5.371  5.483  5.428  5.450  5.557  5.511  5.624  5.537  5.659  5.251  5.318  5.517  5.591  5.481  5.511  5.357  5.628  5.620  5.252  5.312  5.290  5.136  5.032  5.215  5.236  5.112  5.159  5.380  5.333  5.533  5.347  5.196  5.288  5.257  5.170  5.333
6.402  6.068  6.326  6.155  6.304  6.328  6.157  6.342  6.418  6.427  6.255  6.562  6.508  6.323  6.357  6.165  6.006  6.319  6.428  6.375  6.215  5.894  6.162  6.033  6.275  6.450  6.203  6.320  5.852  5.935  6.089  5.894  6.301  6.334  6.129  6.176  6.064  6.209  6.143  6.274  6.290  6.350
4.585  4.486  4.489  4.546  4.477  4.585  4.595  4.564  4.765  4.585  4.635  4.615  4.890  4.754  5.004  4.543  4.543  4.388  4.727  4.620  4.718  4.543  4.394  4.552  4.575  4.610  4.489  4.431  4.324  4.304  4.419  4.369  4.475  4.804  4.682  4.682  4.500  4.357  4.290  4.369  4.559  4.554
7.341  6.927  7.191  7.132  7.270  7.324  7.038  7.259  7.243  7.336  7.200  7.292  7.343  7.246  7.290  6.943  6.905  7.317  7.294  7.320  7.056  6.985  7.048  6.969  7.181  7.248  7.116  7.223  6.849  6.934  7.037  6.848  7.167  7.195  7.113  7.140  6.971  7.209  7.132  7.188  7.195  7.310
5.298  5.288  5.384  5.147  5.490  5.550  5.323  5.464  5.505  5.472  5.421  5.438  5.673  5.576  5.541  5.112  5.196  5.333  5.485  5.416  5.442  5.283  5.352  5.298  5.412  5.517  5.425  5.298  5.136  5.257  5.165  5.112  5.193  5.493  5.308  5.342  5.277  5.288  5.187  5.162  5.434  5.404
