6.629  6.525  6.524  6.258  6.629  6.768  6.637  6.477  6.636  6.594  6.686  6.611  6.742  6.624  6.547  6.607  6.360  6.589  6.632  6.384  6.579  6.483  6.512  6.542  6.468  6.480  6.510  6.560  6.300  6.436  6.429  6.282  6.288  6.610  6.420  6.600  6.640  6.517  6.297  6.488  6.330  6.497
5.375  5.505  5.398  5.081  5.412  5.724  5.576  5.273  5.642  5.481  5.525  5.421  5.645  5.561  5.403  5.620  5.379  5.425  5.481  5.298  5.663  5.561  5.537  5.656  5.303  5.407  5.509  5.501  5.313  5.357  5.282  5.268  5.159  5.497  5.320  5.619  5.663  5.231  5.231  5.389  5.252  5.403
6.582  6.219  6.471  6.256  6.414  6.513  6.413  6.430  6.488  6.637  6.373  6.610  6.593  6.404  6.509  6.366  6.207  6.431  6.599  6.318  6.428  6.295  6.304  6.227  6.286  6.404  6.306  6.168  5.985  6.340  6.246  6.180  6.150  6.489  6.361  6.379  6.349  6.333  6.229  6.269  6.196  6.498
4.812  4.828  4.677  4.511  4.771  4.980  4.890  4.836  4.883  5.037  4.875  5.056  5.037  4.860  4.963  4.682  4.741  4.905  5.124  4.575  4.898  4.700  4.745  4.718  4.700  4.828  4.804  4.369  4.533  4.628  4.615  4.394  4.522  4.727  4.595  4.804  4.875  4.357  4.673  4.705  4.598  4.844
6.227  6.019  6.040  6.075  6.240  6.227  6.047  6.075  6.059  6.187  6.173  6.150  6.184  6.178  6.213  6.103  5.798  6.143  6.091  6.047  5.878  5.961  6.019  6.019  5.900  5.883  6.006  6.004  5.670  5.802  5.956  5.757  5.824  6.006  5.864  6.040  5.948  6.142  6.094  6.114  5.709  5.984
4.890  4.779  4.796  4.812  4.868  4.844  4.860  4.820  4.848  4.890  4.836  4.942  4.890  4.868  5.036  4.796  4.615  4.819  4.796  4.727  4.905  4.787  4.927  5.004  4.723  4.654  4.585  4.710  4.533  4.585  4.727  4.452  4.541  4.893  4.710  4.875  4.828  4.828  4.727  4.828  4.546  4.787
5.860  5.595  5.705  5.720  5.784  5.746  5.572  5.753  5.631  5.799  5.733  5.746  5.858  5.749  5.793  5.609  5.451  5.791  5.875  5.734  5.617  5.609  5.628  5.602  5.659  5.559  5.423  5.485  5.187  5.400  5.340  5.315  5.565  5.576  5.517  5.613  5.509  5.591  5.553  5.617  5.361  5.527
3.555  3.757  3.684  3.882  3.738  3.605  3.888  3.802  3.689  3.850  3.902  3.714  4.007  3.932  4.078  3.714  3.784  3.835  3.989  3.912  3.970  3.829  3.846  4.043  4.078  3.989  3.738  3.807  3.466  3.526  3.714  3.757  3.526  3.761  3.714  3.850  3.784  3.714  3.664  3.638  3.689  3.664
6.196  5.924  5.838  5.762  6.170  6.035  5.848  5.969  5.953  6.157  6.218  6.071  6.213  6.181  6.211  6.028  5.551  6.188  5.956  5.841  5.746  5.717  5.961  5.753  5.775  5.570  5.908  6.047  5.464  5.694  5.753  5.511  5.663  5.765  5.677  5.897  5.768  6.080  6.153  6.109  5.628  5.697
4.060  4.094  3.989  4.060  4.174  4.094  4.099  4.007  3.970  4.263  4.182  4.060  4.174  4.212  4.317  4.025  3.989  3.912  4.040  4.304  4.083  4.025  4.290  4.124  4.083  3.888  4.043  4.060  3.951  3.761  4.143  4.022  3.807  3.970  3.892  4.234  3.970  4.174  4.263  4.007  3.714  3.807
6.600  6.114  6.422  6.255  6.553  6.416  6.004  6.347  6.229  6.609  6.417  6.553  6.603  6.337  6.531  6.136  5.826  6.404  6.384  6.373  6.061  5.901  6.192  6.133  6.073  6.144  6.100  6.246  5.697  5.913  5.961  5.638  6.187  6.168  6.026  6.122  6.118  6.337  6.368  6.333  6.105  6.298
4.727  4.575  4.575  4.564  4.696  4.525  4.443  4.511  4.443  4.575  4.723  4.745  4.883  4.595  4.736  4.382  4.431  4.635  4.690  4.730  4.635  4.394  4.533  4.635  4.246  4.401  4.331  4.246  4.078  3.970  4.331  4.182  4.452  4.317  4.277  4.431  4.344  4.454  4.419  4.382  4.205  4.369
6.001  5.846  5.917  5.832  5.961  6.004  5.826  5.908  5.855  5.953  5.966  6.064  6.089  5.971  6.045  5.817  5.649  5.966  5.944  5.829  5.749  5.737  5.794  5.836  5.754  5.948  5.749  5.802  5.574  5.649  5.607  5.417  5.775  5.846  5.678  5.799  5.680  5.755  5.787  5.943  5.673  5.826
4.500  4.466  4.511  4.605  4.522  4.466  4.263  4.489  4.460  4.538  4.673  4.505  4.595  4.543  4.662  4.380  4.431  4.477  4.425  4.554  4.585  4.477  4.522  4.472  4.248  4.369  4.331  4.260  4.143  4.205  4.382  4.431  4.369  4.419  4.328  4.407  4.344  4.407  4.511  4.394  4.394  4.394
6.316  6.172  6.265  6.252  6.339  6.381  6.174  6.288  6.326  6.420  6.312  6.407  6.455  6.326  6.344  6.282  6.127  6.340  6.304  6.308  6.149  6.170  6.282  6.265  6.254  6.339  6.323  6.207  6.064  6.101  6.127  6.038  6.280  6.333  6.133  6.306  6.198  6.349  6.225  6.239  6.180  6.227
5.771  5.352  5.608  5.694  5.655  5.677  5.384  5.509  5.563  5.697  5.722  5.673  5.695  5.580  5.606  5.429  5.360  5.635  5.678  5.778  5.549  5.384  5.537  5.497  5.460  5.613  5.429  5.389  5.241  5.267  5.298  5.323  5.481  5.493  5.451  5.438  5.407  5.700  5.684  5.609  5.389  5.517
5.773  5.529  5.677  5.628  5.678  5.775  5.489  5.656  5.673  5.782  5.668  5.773  5.793  5.583  5.768  5.553  5.426  5.652  5.875  5.753  5.697  5.552  5.562  5.663  5.480  5.617  5.539  5.540  5.375  5.438  5.472  5.451  5.790  5.765  5.591  5.561  5.470  5.713  5.591  5.707  5.598  5.656
4.034  4.140  4.290  4.025  4.043  4.190  4.197  4.086  4.224  4.205  4.094  4.140  4.159  4.277  4.220  4.111  4.274  4.094  4.331  4.407  4.431  4.205  4.241  4.190  4.143  4.248  4.274  3.888  4.127  3.892  4.108  4.007  4.190  4.159  4.205  4.277  3.995  4.209  4.111  3.985  4.124  3.951
5.694  5.293  5.411  5.519  5.615  5.513  5.359  5.572  5.509  5.602  5.497  5.618  5.501  5.537  5.472  5.328  5.106  5.457  5.517  5.561  5.358  5.246  5.434  5.347  5.357  5.529  5.411  5.460  5.165  5.318  5.290  5.145  5.380  5.339  5.345  5.333  5.493  5.642  5.445  5.576  5.427  5.442
4.543  4.541  4.477  4.585  4.533  4.605  4.494  4.407  4.625  4.736  4.603  4.575  4.691  4.663  4.691  4.431  4.407  4.454  4.625  4.564  4.511  4.407  4.564  4.489  4.404  4.691  4.443  4.554  4.317  4.382  4.446  4.369  4.554  4.500  4.419  4.554  4.454  4.543  4.443  4.489  4.419  4.564
6.534  6.330  6.421  6.449  6.605  6.616  6.326  6.490  6.478  6.620  6.515  6.488  6.603  6.571  6.636  6.403  6.014  6.523  6.608  6.496  6.248  6.258  6.382  6.374  6.295  6.384  6.298  6.527  6.015  6.206  6.337  6.146  6.355  6.283  6.271  6.373  6.204  6.554  6.443  6.416  6.209  6.347
5.088  4.905  5.071  4.896  5.081  5.158  4.858  4.947  5.040  5.150  5.106  5.129  5.256  5.218  5.265  4.893  4.726  5.039  5.209  4.996  4.915  4.956  5.004  5.123  4.787  4.942  4.779  4.898  4.605  4.705  4.787  4.533  4.871  4.890  4.827  5.045  4.741  4.945  4.844  4.732  4.819  4.794
