6.049  5.971  5.945  5.700  5.864  5.872  5.994  5.930  6.073  6.042  6.038  6.084  5.866  5.835  5.996  5.883  5.740  6.040  5.913  5.927  5.991  5.966  5.958  6.041  5.965  5.984  5.969  5.921  5.768  5.927  5.939  5.829  5.861  6.001  5.966  6.028  5.969  5.867  5.943  5.961  5.768  5.938
5.481  5.422  5.252  5.292  5.166  5.243  5.366  5.268  5.389  5.447  5.302  5.470  5.333  5.215  5.438  5.165  5.106  5.323  5.017  5.198  5.474  5.345  5.236  5.470  5.016  5.004  5.215  5.147  4.963  5.165  5.094  5.159  5.142  5.165  5.193  5.293  5.187  5.016  5.257  5.059  4.963  5.273
6.924  6.642  6.736  6.615  6.739  6.854  6.806  6.753  6.721  6.836  6.823  6.790  6.772  6.772  6.758  6.727  6.585  6.799  6.783  6.655  6.832  6.700  6.739  6.741  6.670  6.615  6.685  6.692  6.503  6.640  6.764  6.586  6.585  6.716  6.644  6.687  6.869  6.738  6.682  6.725  6.625  6.613
5.732  5.493  5.503  5.451  5.447  5.659  5.572  5.591  5.624  5.628  5.687  5.598  5.549  5.595  5.641  5.572  5.561  5.561  5.645  5.517  5.777  5.617  5.375  5.561  5.553  5.590  5.517  5.572  5.288  5.269  5.580  5.576  5.375  5.652  5.704  5.638  5.889  5.762  5.778  5.881  5.706  5.849
6.612  6.263  6.535  6.411  6.553  6.598  6.399  6.513  6.605  6.630  6.488  6.633  6.629  6.500  6.506  6.314  6.252  6.491  6.733  6.482  6.365  6.260  6.361  6.289  6.482  6.525  6.400  6.488  5.976  6.308  6.221  6.078  6.410  6.436  6.426  6.428  6.409  6.483  6.288  6.612  6.431  6.589
4.682  4.489  4.595  4.394  4.595  4.511  4.477  4.477  4.511  4.603  4.500  4.625  4.654  4.615  4.575  4.419  4.431  4.357  4.691  4.654  4.554  4.500  4.500  4.290  4.522  4.564  4.464  4.260  4.091  4.419  4.277  4.290  4.394  4.505  4.552  4.428  4.541  4.304  4.094  4.369  4.522  4.498
6.789  6.376  6.727  6.513  6.722  6.867  6.608  6.711  6.720  6.752  6.710  6.843  6.708  6.532  6.746  6.467  6.148  6.425  6.673  6.551  6.591  6.390  6.463  6.412  6.279  6.344  6.360  6.298  5.889  6.215  6.428  5.995  6.317  6.377  6.297  6.481  6.494  6.470  6.282  6.361  6.409  6.588
4.344  4.174  4.511  4.060  4.440  4.344  4.388  4.443  4.446  4.644  4.469  4.543  4.477  4.190  4.625  4.094  4.094  3.932  4.554  4.267  4.477  4.315  4.290  4.419  4.025  4.132  4.060  3.829  3.555  3.850  4.099  3.932  4.220  4.094  4.248  4.290  4.143  4.007  3.989  3.829  4.094  4.025
7.048  6.849  6.902  6.872  6.961  6.939  6.875  6.886  6.865  7.029  7.019  6.965  6.995  6.898  6.939  6.896  6.699  6.991  6.971  6.862  6.771  6.792  6.924  6.846  6.631  6.786  6.890  6.887  6.668  6.786  6.849  6.608  6.723  6.816  6.781  6.823  6.885  6.865  6.838  6.916  6.629  6.850
6.277  6.170  6.026  5.969  6.159  6.105  6.049  6.108  6.091  6.261  6.219  6.198  6.203  5.999  6.226  6.129  5.814  6.156  6.089  5.979  6.019  6.054  6.122  6.158  5.791  5.951  5.908  5.889  5.894  5.878  6.021  5.727  5.768  5.905  5.880  5.974  5.940  5.936  5.852  5.951  5.638  5.897
6.413  6.290  6.246  6.337  6.297  6.292  6.292  6.232  6.252  6.450  6.418  6.402  6.397  6.344  6.362  6.273  6.188  6.194  6.344  6.265  6.244  6.304  6.219  6.261  6.147  6.286  6.098  6.184  6.014  6.043  6.219  6.174  6.180  6.260  6.207  6.330  6.312  6.339  6.339  6.234  6.087  6.163
6.378  6.129  6.278  6.352  6.217  6.240  6.265  6.163  6.159  6.399  6.339  6.358  6.310  6.246  6.301  6.168  6.111  6.111  6.241  6.314  6.306  6.210  6.123  6.194  6.163  6.165  6.050  6.078  5.875  5.977  6.120  6.157  6.091  6.150  6.192  6.188  6.118  6.261  6.223  6.081  6.021  6.143
6.236  6.057  6.169  6.058  6.217  6.205  6.125  6.299  6.230  6.477  6.354  6.415  6.363  6.207  6.256  6.052  5.749  6.182  6.415  6.248  6.101  5.956  6.140  6.033  6.028  6.078  6.082  6.155  5.666  5.885  6.067  5.835  6.096  6.111  6.038  6.120  5.981  6.161  6.080  6.068  6.080  6.205
5.176  5.027  5.121  4.949  4.982  5.094  5.164  5.118  5.204  5.447  5.318  5.434  5.264  5.147  5.361  4.947  4.835  5.037  5.257  5.153  5.204  5.236  5.303  5.130  5.069  5.187  5.037  5.063  4.745  4.970  4.828  4.820  5.011  5.153  5.126  5.176  5.024  5.056  5.030  4.942  4.796  4.947
6.221  6.125  6.161  6.004  6.118  6.221  6.170  6.083  6.068  6.298  6.184  6.113  6.273  6.188  6.280  6.041  5.930  6.248  6.178  6.063  6.174  6.096  6.170  6.209  5.996  6.092  6.057  6.006  5.948  5.984  6.061  5.962  5.940  6.136  6.040  6.126  6.153  6.115  6.083  6.133  5.882  6.146
5.549  5.525  5.412  5.338  5.451  5.472  5.384  5.448  5.422  5.525  5.505  5.493  5.656  5.552  5.513  5.442  5.366  5.493  5.517  5.342  5.472  5.418  5.521  5.541  5.298  5.380  5.380  5.257  5.328  5.384  5.347  5.323  5.312  5.447  5.412  5.493  5.468  5.409  5.267  5.313  5.231  5.338
6.667  6.400  6.561  6.543  6.673  6.587  6.435  6.532  6.565  6.686  6.601  6.681  6.623  6.602  6.629  6.483  6.288  6.786  6.565  6.532  6.465  6.378  6.509  6.506  6.346  6.392  6.439  6.512  6.306  6.430  6.400  6.254  6.444  6.515  6.430  6.552  6.547  6.577  6.542  6.607  6.326  6.512
5.507  5.322  5.268  5.281  5.454  5.394  5.403  5.313  5.349  5.566  5.529  5.468  5.525  5.421  5.533  5.293  5.230  5.519  5.418  5.366  5.463  5.298  5.592  5.389  5.192  5.288  5.357  5.398  5.242  5.159  5.298  5.228  5.257  5.346  5.332  5.361  5.428  5.342  5.416  5.429  5.081  5.375
6.471  6.340  6.328  6.185  6.445  6.460  6.277  6.373  6.351  6.480  6.483  6.393  6.554  6.521  6.522  6.400  6.111  6.392  6.444  6.286  6.236  6.286  6.372  6.481  6.198  6.276  6.286  6.292  6.158  6.242  6.267  5.823  6.195  6.262  6.277  6.360  6.286  6.263  6.248  6.373  6.201  6.277
4.625  4.605  4.554  4.466  4.559  4.595  4.466  4.394  4.663  4.671  4.644  4.710  4.787  4.635  4.860  4.443  4.394  4.663  4.585  4.407  4.796  4.691  4.673  4.787  4.297  4.248  4.437  4.317  4.197  4.344  4.466  4.277  4.369  4.466  4.635  4.717  4.382  4.410  4.536  4.588  4.419  4.407
5.822  5.645  5.724  5.765  5.855  5.911  5.724  5.835  5.856  5.879  5.838  5.955  5.864  5.834  5.856  5.710  5.602  5.841  5.905  5.832  5.798  5.684  5.787  5.816  5.704  5.797  5.730  5.759  5.602  5.677  5.785  5.642  5.717  5.820  5.781  5.787  5.762  5.736  5.793  5.821  5.663  5.903
4.475  4.290  4.341  4.380  4.263  4.533  4.419  4.174  4.357  4.404  4.317  4.354  4.425  4.443  4.585  4.354  4.260  4.344  4.533  4.317  4.431  4.466  4.522  4.460  4.331  4.248  4.246  4.246  4.354  4.288  4.234  4.143  4.078  4.489  4.304  4.466  4.094  4.290  4.290  4.111  4.248  4.382
