5.347  5.103  5.198  5.030  5.273  5.328  5.231  5.204  5.389  5.481  5.380  5.323  5.338  5.230  5.342  5.264  5.198  5.209  5.100  5.111  5.316  5.182  5.159  5.140  5.118  5.108  5.086  5.242  5.063  5.136  5.050  5.004  5.094  5.189  5.182  5.318  5.249  5.185  5.074  5.165  5.094  5.170
4.025  3.985  4.074  3.892  3.985  4.202  4.111  3.932  4.159  4.220  4.094  4.190  4.174  4.040  4.220  4.040  4.060  4.025  3.932  4.034  4.174  3.970  3.989  4.013  3.850  3.850  4.159  3.888  3.807  3.951  3.871  3.871  3.932  4.174  3.989  3.967  3.912  3.850  3.738  3.850  3.611  3.970
4.382  4.127  4.277  4.382  4.263  4.234  4.174  4.205  4.227  4.220  4.094  4.511  4.301  4.290  4.263  4.043  4.094  4.205  4.324  4.277  4.290  4.007  4.043  4.025  4.159  4.363  4.025  4.127  3.947  4.007  4.078  4.060  4.025  4.103  4.190  4.074  4.007  4.263  4.043  4.031  4.140  4.212
3.689  3.882  3.664  3.761  3.709  3.664  3.761  3.795  3.761  3.738  3.738  3.829  4.004  3.908  3.829  3.664  3.664  3.689  3.846  3.784  3.784  3.932  3.807  3.829  3.689  3.638  3.714  3.807  3.605  3.611  3.807  3.638  3.664  3.757  3.638  3.658  3.689  3.632  3.434  3.526  3.664  3.664
5.147  4.868  5.036  4.844  5.063  5.037  4.812  4.970  4.963  5.030  4.952  5.049  5.043  4.850  5.004  4.997  4.787  5.257  5.118  4.968  4.990  5.050  4.898  4.802  4.890  4.999  4.913  5.021  4.710  4.812  4.828  4.883  4.909  4.982  4.913  4.890  5.004  4.984  4.904  4.765  4.796  5.049
4.369  4.263  4.290  4.205  4.220  4.094  4.205  4.288  4.277  4.489  4.344  4.407  4.466  4.477  4.585  4.489  4.277  4.301  4.357  4.382  4.382  4.341  4.220  4.301  4.194  4.190  4.234  4.284  4.190  4.167  4.094  4.190  4.094  4.194  4.290  4.231  4.205  4.135  4.174  4.202  4.007  4.094
5.953  5.677  5.737  5.549  5.753  5.714  5.572  5.746  5.598  5.916  5.899  5.872  5.861  5.805  5.811  5.756  5.447  5.781  5.754  5.578  5.537  5.505  5.760  5.659  5.421  5.659  5.606  5.633  5.323  5.389  5.638  5.226  5.445  5.576  5.537  5.553  5.474  5.595  5.533  5.700  5.481  5.572
4.220  4.048  4.007  4.043  4.060  3.784  3.928  4.182  4.025  4.263  4.094  4.270  4.078  4.187  4.304  4.086  4.078  4.060  4.369  4.182  4.043  4.246  3.980  4.205  3.922  4.025  3.957  3.882  3.738  3.850  4.094  4.007  4.016  3.912  3.912  3.932  4.060  4.043  4.004  3.951  3.850  4.007
6.134  6.031  5.950  5.981  5.953  6.031  6.059  5.949  6.066  6.236  6.120  6.105  6.131  5.994  6.146  5.961  5.945  5.956  6.073  5.945  6.085  6.071  5.951  6.068  5.900  5.979  5.899  5.945  5.802  5.927  5.989  5.872  5.966  6.011  5.985  6.029  5.944  5.940  5.951  5.953  5.930  5.937
4.369  4.288  4.344  4.357  4.388  4.290  4.324  4.317  4.263  4.477  4.344  4.394  4.392  4.394  4.443  4.174  4.263  4.127  4.290  4.489  4.407  4.331  4.159  4.431  4.174  4.205  4.148  4.248  4.111  4.159  4.220  4.290  4.407  4.297  4.220  4.277  4.190  4.277  4.174  4.156  4.159  4.290
5.838  5.710  5.624  5.509  5.748  5.802  5.700  5.761  5.673  5.872  5.799  5.737  5.935  5.905  5.866  5.841  5.438  5.911  5.802  5.656  5.663  5.513  5.700  5.717  5.565  5.642  5.580  5.572  5.472  5.624  5.743  5.432  5.472  5.765  5.613  5.540  5.666  5.823  5.648  5.811  5.464  5.635
5.106  5.056  4.894  5.050  5.030  5.050  5.004  5.016  5.103  5.207  5.088  5.024  5.088  5.153  5.233  5.085  4.844  5.069  5.124  5.088  5.021  5.132  5.139  5.170  4.990  4.984  5.003  4.934  4.889  4.852  5.147  4.874  4.844  5.112  4.984  5.209  5.209  5.135  5.075  4.913  4.905  5.024
5.192  5.118  5.357  5.176  5.170  5.159  5.075  5.100  5.100  5.278  5.251  5.094  5.207  5.182  5.288  5.024  5.024  5.142  5.268  5.182  5.242  5.004  5.152  5.136  4.934  4.927  5.024  4.860  4.844  4.990  5.100  4.956  4.979  5.058  5.056  5.056  4.982  5.118  5.011  4.942  4.997  5.037
4.700  4.605  4.745  4.820  4.615  4.613  4.644  4.654  4.615  4.718  4.562  4.595  4.710  4.489  4.727  4.511  4.727  4.454  4.605  4.635  4.860  4.796  4.736  4.812  4.466  4.615  4.454  4.290  4.466  4.357  4.419  4.771  4.554  4.500  4.615  4.500  4.460  4.500  4.489  4.304  4.454  4.564
5.308  5.159  5.247  5.257  5.438  5.398  5.231  5.286  5.272  5.357  5.421  5.501  5.416  5.463  5.457  5.236  4.970  5.267  5.425  5.278  5.170  5.176  5.270  5.257  5.088  5.130  5.088  5.226  5.011  5.112  5.187  5.094  5.108  5.242  5.142  5.247  5.124  5.273  5.624  5.252  5.011  5.142
4.234  4.220  4.111  4.220  4.290  4.234  4.143  4.187  4.007  4.357  4.234  4.277  4.437  4.466  4.369  4.205  4.060  4.111  4.277  4.344  4.274  4.238  4.159  4.197  4.025  4.127  4.111  4.220  3.932  4.007  4.078  3.912  4.159  4.025  3.970  4.025  4.078  4.197  4.260  4.190  3.912  4.143
5.775  5.652  5.624  5.673  5.676  5.841  5.539  5.692  5.700  5.813  5.697  5.826  5.945  5.869  6.014  5.487  5.268  5.773  5.729  5.768  5.580  5.460  5.645  5.677  5.493  5.464  5.438  5.537  5.182  5.308  5.461  5.280  5.463  5.455  5.434  5.694  5.424  5.691  5.784  5.606  5.375  5.533
3.526  3.824  3.733  3.689  3.829  3.761  3.689  3.555  3.829  3.671  3.611  3.850  3.807  3.689  4.007  3.584  3.689  3.761  3.689  3.951  3.829  3.829  3.689  3.912  3.689  3.664  3.638  3.684  3.526  3.497  3.664  3.611  3.791  3.676  3.745  3.784  3.611  3.638  3.871  3.892  3.367  3.664
5.231  4.431  4.836  4.905  4.956  4.963  4.752  4.970  4.898  5.136  4.868  5.106  5.173  4.890  5.100  4.443  4.477  4.868  4.963  4.844  4.642  4.644  4.554  4.585  4.500  4.820  4.575  4.654  4.205  4.331  4.511  4.205  4.864  4.812  4.595  4.585  4.595  4.771  4.717  4.804  4.682  4.860
3.871  3.638  3.738  3.664  3.877  3.611  3.526  3.738  3.757  3.951  3.714  3.738  4.143  4.132  4.205  3.807  3.611  3.829  3.882  3.761  3.888  3.611  3.738  3.664  3.664  3.714  3.664  3.555  3.611  3.684  3.497  3.555  3.761  3.761  3.664  3.829  3.784  3.638  3.738  3.584  3.555  3.632
5.165  4.868  4.913  4.942  5.056  5.165  4.762  4.963  4.836  5.085  5.093  5.105  5.147  5.089  5.100  4.827  4.820  5.003  5.100  4.977  5.004  4.745  4.836  4.966  4.920  5.016  4.898  4.956  4.777  4.771  4.812  4.736  4.947  4.890  4.890  4.989  4.911  4.956  4.956  4.875  4.691  4.934
4.431  4.486  4.317  4.317  4.331  4.394  4.357  4.344  4.315  4.595  4.317  4.431  4.419  4.443  4.511  4.404  4.419  4.260  4.466  4.290  4.458  4.404  4.466  4.575  4.367  4.317  4.260  4.369  4.143  4.331  4.227  4.401  4.091  4.407  4.354  4.419  4.354  4.357  4.094  4.317  4.331  4.094
