4.431  4.174  4.220  4.143  4.248  4.477  4.190  4.367  4.477  4.522  4.394  4.454  4.533  4.369  4.498  4.357  4.060  4.290  4.452  4.477  4.263  4.094  4.369  4.220  4.143  4.304  4.143  4.140  3.829  4.052  4.094  3.761  4.007  4.220  4.234  4.382  4.454  4.304  4.277  4.304  4.263  4.394
3.611  3.497  3.497  3.638  3.434  3.418  3.555  3.689  3.584  3.497  3.296  3.526  3.526  3.578  3.714  3.555  3.526  3.526  3.624  3.689  3.664  3.555  3.578  3.526  3.584  3.434  3.497  3.466  3.332  3.466  3.434  3.367  3.490  3.466  3.497  3.526  3.401  3.497  3.584  3.258  3.434  3.434
4.663  4.749  4.511  4.691  4.585  4.635  4.533  4.605  4.663  4.745  4.745  4.673  4.745  4.727  4.718  4.736  4.554  4.522  4.603  4.564  4.575  4.549  4.691  4.625  4.554  4.443  4.246  4.277  4.248  4.331  4.663  4.615  4.564  4.466  4.419  4.505  4.440  4.700  4.564  4.492  4.407  4.464
4.477  4.317  4.369  4.477  4.344  4.234  4.190  4.234  4.159  4.369  4.202  4.341  4.369  4.331  4.357  4.263  4.202  4.127  4.331  4.489  4.156  4.194  4.522  4.277  4.284  4.143  4.060  4.194  4.078  4.094  4.205  4.078  4.234  4.111  4.174  4.190  4.220  4.277  4.140  4.231  4.127  4.205
4.894  4.673  4.963  4.710  4.949  5.069  4.937  4.966  5.027  5.159  4.949  5.105  5.004  4.920  5.030  4.843  4.868  4.927  5.037  4.800  5.136  4.804  4.710  4.745  4.956  4.748  4.836  4.682  4.489  4.691  4.736  4.654  4.771  4.984  4.920  4.909  4.956  4.779  4.820  4.852  4.752  4.883
3.611  3.555  3.664  3.497  3.526  3.497  3.584  3.555  3.466  3.658  3.497  3.638  3.738  3.555  3.761  3.584  3.689  3.664  3.638  3.632  3.689  3.761  3.605  3.584  3.434  3.401  3.584  3.611  3.466  3.555  3.526  3.466  3.526  3.497  3.466  3.506  3.459  3.497  3.526  3.611  3.584  3.459
6.395  6.153  6.232  6.111  6.270  6.346  6.215  6.235  6.215  6.472  6.342  6.321  6.439  6.315  6.342  6.271  6.047  6.313  6.293  6.233  6.240  6.198  6.293  6.178  6.198  6.299  6.195  6.271  6.003  6.125  6.215  6.038  6.186  6.196  6.261  6.217  6.203  6.190  6.184  6.321  6.091  6.261
5.106  4.997  5.050  4.913  5.120  5.050  5.323  5.036  5.209  5.159  4.811  5.153  5.106  5.142  5.130  5.088  5.352  4.792  5.292  4.944  5.375  5.262  4.934  5.017  5.303  5.298  5.030  4.787  4.860  5.042  4.883  5.176  4.881  5.371  5.366  5.204  5.069  4.836  4.844  4.904  5.027  5.094
5.080  4.691  4.942  4.860  4.997  5.069  4.973  5.040  5.081  5.198  4.970  5.195  5.094  5.007  5.139  4.890  4.754  4.854  5.159  5.043  4.949  4.844  4.786  4.811  5.029  5.050  4.883  4.823  4.546  4.804  4.673  4.736  4.951  5.136  4.977  4.847  4.913  4.883  4.685  4.977  4.828  4.972
4.947  4.407  4.868  4.920  4.982  5.004  5.056  5.011  5.030  5.030  4.812  5.159  5.009  4.860  5.142  4.580  5.001  4.717  5.209  4.934  5.272  4.844  4.583  4.752  5.017  4.828  4.525  4.458  4.489  4.511  4.454  4.812  4.726  4.942  4.942  4.934  4.779  4.783  4.682  4.682  4.824  4.868
4.220  4.248  4.357  3.689  4.382  4.608  4.171  4.477  4.644  4.091  3.605  4.317  4.727  4.605  4.745  4.111  3.871  4.585  4.489  4.382  4.595  4.304  4.443  4.382  4.174  4.143  4.205  4.043  3.611  3.892  4.143  4.025  4.143  4.317  4.224  4.246  4.224  3.850  3.932  4.143  4.094  4.317
3.584  3.611  3.857  3.526  3.638  3.555  3.497  3.611  3.638  3.434  3.332  3.584  3.892  3.807  3.780  3.611  3.555  3.605  3.664  3.784  3.807  3.664  3.555  3.784  3.584  3.466  3.497  3.526  3.360  3.632  3.526  3.664  3.555  3.520  3.651  3.611  3.555  3.555  3.367  3.490  3.526  3.658
5.405  5.043  5.273  5.146  5.170  5.129  5.156  5.254  5.332  5.438  5.246  5.342  5.231  5.268  5.281  5.247  5.112  5.278  5.257  5.303  5.293  5.133  5.193  5.142  5.124  5.218  5.198  5.219  4.956  4.997  5.037  5.118  5.069  5.159  5.069  5.142  5.268  5.153  5.215  5.333  5.093  5.257
4.481  4.533  4.317  4.407  4.443  4.428  4.546  4.522  4.541  4.654  4.718  4.749  4.578  4.644  4.583  4.554  4.367  4.511  4.489  4.736  4.657  4.543  4.727  4.585  4.331  4.425  4.361  4.407  4.086  4.431  4.277  4.367  4.311  4.431  4.419  4.407  4.452  4.416  4.357  4.369  4.376  4.477
6.218  5.889  6.014  6.059  6.172  6.161  5.974  6.061  6.050  6.176  6.230  6.315  6.277  6.173  6.310  6.014  5.793  6.184  6.249  6.050  6.075  5.878  5.944  5.926  5.922  5.930  5.858  5.969  5.717  5.690  5.874  5.830  5.927  6.016  5.876  6.094  5.854  6.080  5.930  5.969  5.866  5.927
4.043  3.802  4.060  3.989  4.007  4.025  3.932  3.871  4.043  4.159  3.871  4.174  4.159  4.007  4.290  3.871  3.892  3.892  4.060  4.078  4.060  3.888  3.850  3.951  3.871  3.871  3.908  3.829  3.689  3.714  3.784  3.922  3.829  3.761  3.738  3.970  3.714  4.004  3.761  3.714  3.784  3.912
6.279  6.231  6.021  6.170  6.196  6.144  6.031  6.116  6.088  6.236  6.211  6.161  6.232  6.201  6.260  6.121  6.098  6.172  6.235  6.109  6.277  6.136  6.202  6.194  6.040  5.984  6.083  5.932  5.905  6.009  6.028  6.006  5.999  6.084  6.019  6.047  6.047  6.111  6.109  6.104  5.966  6.005
5.861  5.836  5.866  5.938  5.866  5.814  5.814  5.866  5.728  5.900  5.932  5.835  5.961  5.896  5.978  5.784  5.714  5.805  5.882  5.850  5.916  5.826  5.866  6.000  5.790  5.790  5.717  5.628  5.652  5.609  5.775  5.781  5.778  5.811  5.746  5.781  5.749  5.841  5.816  5.781  5.702  5.875
5.342  5.200  5.170  5.176  5.247  5.217  5.170  5.153  5.283  5.247  5.264  5.298  5.286  5.193  5.313  5.112  5.166  5.308  5.361  5.257  5.204  5.236  5.283  5.268  5.081  5.196  5.124  5.088  5.049  5.088  5.118  5.069  5.176  5.182  5.142  5.182  5.204  5.159  5.118  5.204  4.984  5.236
4.380  4.344  4.304  4.220  4.331  4.274  4.220  4.220  4.263  4.419  4.190  4.331  4.460  4.290  4.554  4.143  4.369  4.205  4.317  4.416  4.431  4.290  4.382  4.331  4.205  4.253  4.361  4.174  4.220  4.182  4.304  4.143  4.174  4.369  4.143  4.331  4.159  4.290  4.248  4.127  4.159  4.174
5.613  5.170  5.455  5.460  5.505  5.502  5.403  5.476  5.472  5.666  5.481  5.624  5.605  5.481  5.620  5.421  5.265  5.707  5.525  5.521  5.433  5.412  5.333  5.342  5.416  5.342  5.346  5.425  5.106  5.338  5.312  5.281  5.468  5.394  5.394  5.380  5.252  5.595  5.420  5.481  5.268  5.403
4.382  4.007  4.234  4.304  4.277  4.091  4.060  4.148  4.143  4.331  4.143  4.190  4.111  4.321  4.248  4.052  4.043  4.174  4.234  4.127  4.263  4.060  4.234  4.220  4.111  4.140  4.135  3.989  3.807  4.060  4.007  4.127  4.025  4.078  4.078  4.143  4.111  4.263  4.194  3.989  4.034  4.060
