6.193  6.006  6.009  5.844  6.161  6.246  6.045  6.057  6.219  6.223  6.240  6.218  6.219  6.177  6.295  6.230  5.720  6.122  6.075  5.919  6.087  5.953  6.044  6.096  5.940  6.073  6.054  6.116  5.753  5.915  6.176  5.720  5.858  6.122  6.078  6.091  6.279  6.019  5.988  6.019  5.894  6.035
4.787  4.819  4.718  4.382  4.677  4.920  4.924  4.527  4.836  4.900  4.890  4.916  4.852  4.883  4.890  4.844  4.585  4.500  4.691  4.522  4.769  4.682  4.640  4.673  4.454  4.431  4.718  4.511  4.413  4.605  4.642  4.344  4.466  4.657  4.543  4.691  4.883  4.428  4.511  4.541  4.500  4.748
6.180  5.849  5.881  5.710  5.995  6.132  5.958  6.016  6.133  6.215  6.174  6.227  6.078  6.016  6.094  5.935  5.568  6.024  6.087  5.858  6.057  5.760  5.825  5.831  5.701  5.820  5.886  5.864  5.416  5.759  5.859  5.421  5.637  5.837  5.740  5.989  6.041  5.818  5.908  5.931  5.849  5.820
3.807  3.689  3.877  3.611  3.784  3.757  3.802  3.701  3.871  3.908  3.871  3.761  3.951  3.807  3.912  3.784  3.738  3.733  3.912  3.871  3.970  3.888  3.632  3.784  3.651  3.738  3.578  3.611  3.434  3.584  3.738  3.526  3.780  3.829  3.564  3.714  3.664  3.584  3.784  3.632  3.520  3.555
6.286  6.151  6.234  6.269  6.180  6.282  6.263  6.209  6.271  6.317  6.269  6.338  6.197  6.175  6.244  6.188  6.027  6.188  6.315  6.068  6.312  6.190  6.410  6.178  6.082  6.195  6.091  6.127  5.892  6.054  6.082  6.004  6.084  6.271  6.118  6.101  6.229  6.100  6.116  6.079  6.096  6.170
4.248  4.205  4.248  4.078  4.124  4.164  4.159  4.159  4.143  4.337  4.238  4.357  4.248  4.174  4.380  4.220  4.043  4.066  4.217  4.248  4.404  4.344  4.344  4.304  4.025  4.304  4.078  4.094  4.111  4.007  4.248  4.190  4.156  4.182  4.078  4.116  4.111  4.048  4.127  4.043  4.094  4.074
6.693  6.532  6.444  6.541  6.559  6.548  6.562  6.540  6.626  6.809  6.692  6.717  6.719  6.579  6.578  6.475  6.418  6.707  6.646  6.492  6.545  6.555  6.594  6.519  6.537  6.588  6.507  6.466  6.336  6.351  6.297  6.214  5.922  5.996  5.961  5.974  6.551  6.522  6.512  6.647  6.347  6.574
5.269  5.169  5.081  5.037  5.250  5.121  5.142  5.236  5.204  5.483  5.186  5.403  5.308  5.298  5.278  5.318  5.147  5.182  5.273  5.220  5.278  4.977  5.209  5.182  5.088  5.056  5.004  4.926  4.866  4.890  4.860  4.762  4.477  4.762  4.739  4.779  5.017  5.153  5.019  5.037  5.011  5.081
5.973  5.748  5.808  5.883  5.945  5.923  5.930  5.817  5.979  6.121  6.016  6.068  6.059  5.875  6.068  5.799  5.724  6.006  6.096  5.903  5.942  5.864  5.700  5.823  5.930  5.909  5.779  5.799  5.631  5.525  5.714  5.722  5.735  5.919  5.897  5.883  5.852  5.855  5.897  5.838  5.746  5.861
4.511  4.509  4.500  4.492  4.554  4.546  4.668  4.452  4.625  4.820  4.745  4.710  4.787  4.673  4.736  4.466  4.525  4.564  4.771  4.554  4.815  4.533  4.554  4.575  4.585  4.477  4.369  4.331  4.187  4.382  4.304  4.290  4.443  4.654  4.583  4.533  4.344  4.407  4.489  4.382  4.331  4.503
5.966  5.557  5.878  5.768  5.769  5.869  5.595  5.823  5.775  5.930  5.820  5.944  6.028  5.872  5.918  5.652  5.414  5.814  5.883  5.889  5.557  5.481  5.606  5.592  5.589  5.679  5.666  5.714  5.425  5.429  5.537  5.236  5.789  5.670  5.489  5.687  5.626  5.905  5.802  5.911  5.673  5.835
4.477  4.281  4.382  4.489  4.585  4.533  4.369  4.543  4.443  4.605  4.511  4.533  4.741  4.615  4.700  4.431  4.256  4.449  4.533  4.677  4.500  4.382  4.304  4.533  4.398  4.437  4.554  4.234  4.217  4.205  4.124  4.111  4.354  4.431  4.284  4.407  4.281  4.477  4.277  4.413  5.124  4.431
6.243  6.222  6.170  6.087  6.232  6.353  6.061  6.089  6.282  6.230  6.270  6.286  6.324  6.310  6.337  6.190  5.916  6.280  6.365  6.147  6.104  6.064  6.240  6.209  6.075  6.076  6.107  6.127  5.756  5.964  6.154  5.852  6.092  6.131  6.047  6.116  6.065  6.182  6.103  6.138  5.986  6.205
4.498  4.290  4.380  4.500  4.431  4.466  4.369  4.344  4.654  4.431  4.615  4.489  4.522  4.804  4.585  4.317  4.190  4.522  4.644  4.511  4.466  4.263  4.543  4.625  4.564  4.317  4.331  4.304  4.231  4.301  4.443  4.331  4.357  4.344  4.437  4.419  4.277  4.489  4.394  4.288  4.234  4.344
6.529  6.288  6.244  6.307  6.417  6.490  6.213  6.377  6.356  6.478  6.474  6.495  6.545  6.544  6.541  6.380  6.159  6.492  6.447  6.422  6.256  6.234  6.423  6.384  6.172  6.415  6.399  6.371  6.176  6.295  6.430  5.964  6.321  6.377  6.236  6.439  6.373  6.444  6.381  6.397  6.144  6.323
4.277  4.277  4.341  4.111  4.341  4.570  4.127  4.260  4.248  4.522  4.404  4.407  4.635  4.564  4.554  4.593  4.277  4.277  4.428  4.290  4.522  4.575  4.533  4.543  4.422  4.331  4.317  4.043  4.190  4.190  4.263  4.263  4.143  4.344  4.174  4.454  4.220  4.174  4.127  4.127  4.304  4.382
5.964  5.591  5.844  5.656  6.075  6.038  5.652  5.934  5.875  6.028  6.028  5.924  5.940  5.956  5.989  5.838  5.302  6.001  5.900  5.889  5.565  5.404  5.666  5.717  5.583  5.557  5.745  5.938  5.181  5.549  5.790  5.338  5.710  5.707  5.591  5.793  5.513  5.991  5.914  5.974  5.460  5.720
4.094  4.078  3.912  4.263  3.989  3.970  4.007  3.970  3.989  4.111  4.094  4.159  4.127  4.111  4.078  4.111  4.040  4.078  4.078  4.043  4.234  4.022  3.932  4.156  3.807  3.989  4.025  4.040  3.807  3.829  3.892  4.060  4.078  4.060  3.932  4.159  3.850  4.025  4.270  4.057  3.932  4.025
6.681  6.240  6.627  6.598  6.654  6.635  6.346  6.636  6.567  6.718  6.572  6.561  6.673  6.581  6.725  6.268  6.063  6.557  6.672  6.650  6.290  6.223  6.410  6.334  6.295  6.420  6.373  6.439  5.944  6.174  6.118  5.922  6.485  6.404  6.273  6.376  6.224  6.632  6.516  6.461  6.346  6.510
5.187  5.220  5.142  5.231  5.218  5.147  5.017  5.030  5.170  5.328  5.158  5.204  5.308  5.247  5.380  5.069  4.997  5.030  5.328  5.176  5.204  5.053  5.147  5.236  4.942  5.063  5.106  4.927  4.682  4.827  5.006  4.811  5.094  5.088  4.990  5.136  4.979  5.136  5.037  5.075  4.787  5.135
6.850  6.509  6.724  6.673  6.792  6.833  6.555  6.777  6.782  6.858  6.792  6.875  6.873  6.748  6.880  6.644  6.495  6.895  6.853  6.833  6.555  6.525  6.669  6.597  6.567  6.748  6.630  6.774  6.370  6.498  6.574  6.441  6.640  6.721  6.586  6.767  6.609  6.766  6.705  6.637  6.551  6.662
5.460  5.301  5.347  5.338  5.447  5.568  5.313  5.425  5.497  5.624  5.375  5.583  5.624  5.472  5.666  5.288  5.159  5.513  5.521  5.549  5.277  5.220  5.318  5.416  5.263  5.357  5.273  5.328  5.024  5.165  5.259  5.081  5.247  5.318  5.259  5.513  5.328  5.357  5.398  4.982  5.193  5.425
