3.951  5.153  5.230  5.342  5.398  5.389  5.318  5.434  5.471  5.493  5.347  5.447  5.416  5.388  5.412  5.285  5.187  5.193  5.308  5.303  5.342  5.242  5.004  5.198  5.187  5.209  5.142  5.169  4.907  5.193  5.153  5.140  5.298  5.165  5.252  5.231  5.118  5.298  5.231  5.170  5.209  5.231
3.773  4.718  4.820  5.004  4.875  4.977  4.977  5.043  5.024  5.165  4.890  5.165  5.030  5.011  5.069  4.883  4.844  4.820  4.905  5.081  4.934  4.898  4.736  4.961  4.934  4.898  4.852  4.762  4.472  4.654  4.595  4.779  4.942  4.762  4.868  4.836  4.682  4.977  4.836  4.866  4.812  4.904
4.060  4.069  4.025  3.871  4.078  4.127  4.143  4.094  4.220  4.143  4.135  4.205  4.220  4.159  4.164  4.060  3.951  4.074  4.248  4.217  4.060  3.967  4.111  4.099  4.094  4.124  4.094  3.850  3.967  4.025  4.007  4.094  4.060  4.060  3.989  4.022  4.025  3.938  3.912  3.976  3.829  3.942
3.846  3.611  3.733  3.761  3.684  3.701  3.584  3.611  3.689  3.912  3.638  3.738  3.980  3.829  4.007  3.829  3.578  3.638  3.829  3.807  3.912  3.584  3.780  3.807  3.584  3.611  3.689  3.584  3.584  3.638  3.709  3.584  3.912  3.714  3.611  3.584  3.780  3.584  3.466  3.550  3.689  3.689
5.124  4.977  4.889  5.017  5.091  5.037  5.130  4.977  5.112  5.182  5.112  5.161  5.220  5.165  5.257  5.153  5.004  5.130  5.037  5.135  5.263  5.050  5.037  5.169  5.130  5.030  5.118  5.056  5.068  5.149  5.201  5.053  4.990  5.053  5.181  5.130  5.100  5.066  5.075  5.004  4.956  5.153
4.625  4.671  4.525  4.422  4.369  4.328  4.564  4.564  4.522  4.543  4.573  4.652  4.635  4.644  4.635  4.564  4.511  4.419  4.533  4.613  4.595  4.554  4.595  4.600  4.554  4.357  4.543  4.357  4.419  4.452  4.500  4.477  4.443  4.585  4.489  4.522  4.511  4.357  4.260  4.344  4.431  4.443
5.247  5.286  5.389  5.231  5.361  5.384  5.124  5.061  5.103  4.968  5.268  5.123  5.505  5.337  5.357  4.999  5.193  5.412  5.259  5.438  5.429  5.328  5.361  5.349  5.004  5.004  5.069  4.633  4.573  4.875  5.074  4.920  4.927  5.106  5.159  4.844  5.165  5.063  5.153  5.153  5.043  5.081
4.304  4.143  4.369  4.202  4.234  4.290  4.260  4.328  4.449  4.140  4.317  4.304  4.422  4.407  4.464  4.354  4.190  4.464  4.419  4.500  4.431  4.407  4.489  4.466  4.094  4.248  4.394  4.234  4.127  4.419  4.234  4.167  4.434  4.317  4.284  4.234  4.301  4.241  4.091  4.174  4.060  4.304
4.718  4.794  4.787  4.828  4.875  4.828  4.543  4.875  4.828  4.640  4.811  4.771  4.977  4.949  4.972  4.477  4.836  4.927  4.794  4.990  4.924  4.804  4.779  4.940  4.745  4.585  4.736  4.516  4.357  4.419  4.663  4.533  4.700  4.710  4.836  4.754  4.585  4.635  4.734  4.782  4.564  4.787
4.127  4.159  4.190  4.159  4.220  4.099  4.212  4.315  4.224  4.277  4.078  4.344  4.341  4.344  4.443  4.277  4.202  4.277  4.231  4.369  4.331  4.337  4.357  4.205  4.205  4.277  4.174  4.116  4.043  4.111  4.187  4.143  4.328  4.274  4.234  4.159  4.078  4.159  4.202  4.174  4.060  4.143
4.174  3.829  4.234  4.007  4.091  4.094  4.034  4.007  4.094  4.094  3.829  4.127  4.174  4.094  4.094  3.970  3.932  3.989  4.156  4.078  4.202  4.078  3.951  3.850  4.007  3.761  3.761  3.824  3.738  3.714  3.892  3.912  3.807  3.989  4.078  3.871  3.892  4.078  3.738  3.738  3.761  4.078
3.526  3.555  3.684  3.550  3.684  3.526  3.526  3.807  3.714  3.689  3.434  3.714  3.807  3.689  4.025  3.605  3.839  3.738  3.773  3.726  3.932  3.850  3.611  3.784  3.497  3.750  3.658  3.624  3.401  3.497  3.520  3.638  3.761  3.605  3.584  3.714  3.555  3.466  3.638  3.750  3.611  3.597
6.529  6.515  6.425  6.602  6.488  6.513  6.409  6.436  6.455  6.609  6.604  6.590  6.659  6.585  6.719  6.553  6.286  6.407  6.525  6.463  6.512  6.538  6.478  6.590  6.395  6.279  6.332  6.267  6.148  6.159  6.392  6.405  6.399  6.422  6.387  6.428  6.368  6.557  6.572  6.419  6.304  6.314
5.384  5.635  5.288  5.493  5.505  5.384  5.384  5.425  5.406  5.684  5.673  5.568  5.583  5.670  5.645  5.564  5.400  5.409  5.509  5.561  5.549  5.595  5.788  5.624  5.318  5.220  5.159  5.207  5.146  5.069  5.377  5.338  5.153  5.328  5.384  5.493  5.318  5.493  5.513  5.377  5.187  5.384
4.477  4.277  4.382  4.344  4.369  4.248  4.248  4.290  4.407  4.419  4.253  4.428  4.477  4.516  4.477  4.354  4.209  4.489  4.543  4.585  4.682  4.248  4.404  4.691  4.386  4.288  4.220  4.369  4.290  4.575  4.143  4.401  4.489  4.431  4.267  4.290  4.382  4.317  4.234  4.277  4.248  4.234
4.190  4.127  4.234  4.060  4.174  4.094  4.111  4.111  4.043  4.344  4.094  4.143  4.277  4.344  4.382  4.057  4.171  4.234  4.246  4.304  4.337  4.344  4.025  4.407  3.970  4.091  4.022  4.078  3.912  4.060  4.190  4.103  4.263  4.111  4.143  4.143  3.932  4.220  3.989  4.043  4.151  4.052
4.644  4.615  4.564  4.575  4.554  4.578  4.466  4.595  4.588  4.694  4.509  4.682  4.700  4.769  4.883  4.477  4.454  4.543  4.522  4.663  4.647  4.505  4.562  4.779  4.454  4.454  4.489  4.380  4.407  4.505  4.394  4.304  4.477  4.431  4.413  4.419  4.454  4.615  4.554  4.290  4.277  4.443
4.419  4.363  4.562  4.434  4.511  4.392  4.328  4.290  4.443  4.443  4.394  4.595  4.431  4.440  4.644  4.187  4.263  4.317  4.454  4.431  4.464  4.407  4.335  4.483  4.335  4.143  4.277  4.143  4.143  4.171  4.304  4.205  4.263  4.270  4.277  4.376  4.454  4.317  4.369  4.344  4.220  4.248
4.836  4.754  4.860  4.765  4.868  4.800  4.718  4.615  4.718  5.011  4.673  4.804  4.890  4.835  4.920  4.625  4.625  4.898  4.927  4.875  4.836  4.734  4.721  4.870  4.454  4.564  4.580  4.630  4.386  4.615  4.554  4.595  4.700  4.754  4.718  4.700  4.595  4.860  4.647  4.633  4.575  4.633
4.779  4.635  4.673  4.700  4.762  4.787  4.654  4.727  4.691  4.883  4.673  4.691  4.852  4.844  4.913  4.483  4.779  4.844  4.796  4.804  4.852  4.734  4.654  4.828  4.392  4.613  4.628  4.440  4.317  4.511  4.466  4.605  4.635  4.625  4.605  4.682  4.605  4.723  4.708  4.623  4.533  4.625
6.650  6.230  6.335  6.400  6.506  6.479  6.353  6.435  6.473  6.603  6.454  6.513  6.605  6.395  6.551  6.318  6.330  6.477  6.420  6.546  6.479  6.407  6.400  6.436  6.288  6.391  6.418  6.419  6.205  6.297  6.407  6.232  6.431  6.506  6.452  6.516  6.446  6.524  6.488  6.413  6.330  6.501
5.043  4.881  5.043  4.977  5.187  4.977  4.836  4.949  4.997  5.047  4.984  5.056  5.136  4.860  5.056  4.828  5.170  4.844  5.094  4.990  5.050  5.068  5.226  5.004  5.136  4.920  4.990  5.001  4.766  4.927  4.796  4.898  4.990  5.019  5.329  4.898  5.030  5.228  4.844  4.970  4.990  5.043
