6.043  5.704  6.011  6.108  5.930  6.136  5.905  5.991  5.970  6.090  5.893  6.155  6.031  5.900  6.094  5.781  5.844  5.855  6.091  6.017  6.082  5.799  5.826  5.852  5.924  5.951  5.824  5.763  5.460  5.680  5.771  5.979  5.924  5.875  5.933  5.869  5.897  5.981  5.938  5.875  5.815  5.955
5.573  5.204  5.613  5.487  5.485  5.489  5.476  5.493  5.555  5.583  5.509  5.533  5.535  5.505  5.643  5.204  5.449  5.228  5.455  5.513  5.535  5.489  5.380  5.416  5.308  5.333  5.204  5.195  4.938  5.088  5.209  5.328  5.384  5.371  5.387  5.505  5.288  5.593  5.425  5.313  5.242  5.351
5.371  4.990  5.112  5.252  5.226  5.247  5.050  5.220  5.220  5.347  5.327  5.406  5.323  5.108  5.342  5.069  4.956  5.136  5.300  5.333  5.185  5.081  5.024  5.072  5.124  4.883  4.970  5.069  4.820  4.804  4.997  4.949  5.068  5.226  5.081  5.105  5.100  5.187  5.063  5.011  4.902  5.189
4.060  3.908  4.159  3.970  3.951  3.970  3.738  4.007  3.892  4.060  3.951  4.007  4.078  3.970  3.989  3.829  3.989  4.007  4.174  4.190  4.108  3.970  3.807  4.205  3.850  3.664  3.664  3.867  3.664  3.761  4.094  3.970  4.060  3.738  3.829  3.829  3.892  3.888  3.932  3.871  3.807  3.871
5.670  5.624  5.598  5.557  5.541  5.566  5.580  5.563  5.659  5.869  5.684  5.642  5.620  5.707  5.684  5.537  5.517  5.587  5.595  5.591  5.743  5.631  5.602  5.654  5.467  5.505  5.549  5.447  5.366  5.429  5.628  5.513  5.468  5.525  5.527  5.529  5.452  5.481  5.470  5.455  5.428  5.429
5.111  4.949  5.029  5.068  5.081  5.069  4.963  5.007  4.904  5.106  5.017  5.017  5.142  4.905  5.130  4.927  4.860  5.100  5.030  5.050  5.147  4.963  4.997  5.088  4.874  4.796  4.812  4.718  4.811  4.850  4.868  4.796  4.920  4.875  4.832  5.016  4.868  4.804  4.919  4.754  4.771  4.787
4.942  4.898  5.009  4.949  5.011  5.050  5.058  5.063  5.112  5.069  4.736  5.004  5.037  4.990  5.069  4.942  4.920  5.130  5.112  5.176  5.142  5.021  4.927  5.050  5.024  4.883  4.870  4.852  4.663  4.926  4.779  4.898  4.927  4.949  4.970  5.004  4.898  4.990  4.844  4.812  4.875  4.875
5.505  5.489  5.457  5.513  5.545  5.621  5.628  5.505  5.591  5.529  5.310  5.481  5.645  5.576  5.787  5.438  5.561  5.509  5.609  5.505  5.784  5.595  5.545  5.650  5.460  5.442  5.434  5.416  5.318  5.403  5.575  5.541  5.389  5.497  5.568  5.533  5.549  5.481  5.472  5.505  5.400  5.509
5.859  5.707  5.781  5.805  5.862  5.868  5.680  5.855  5.742  5.779  5.517  5.691  5.956  5.903  5.916  5.730  5.557  5.784  5.878  5.852  5.820  5.645  5.705  5.799  5.717  5.680  5.743  5.670  5.447  5.631  5.746  5.652  5.753  5.613  5.756  5.658  5.613  5.726  5.805  5.717  5.568  5.677
6.323  6.269  6.538  6.209  6.274  6.588  6.261  6.221  6.304  6.378  5.969  6.332  6.222  6.188  6.379  6.300  6.027  6.454  6.303  6.369  6.415  6.165  6.201  6.503  6.080  6.109  6.192  6.330  6.006  6.321  6.232  6.096  6.409  6.223  6.228  6.170  6.127  6.112  6.194  6.144  6.174  6.204
5.263  5.106  5.124  4.919  5.193  5.011  5.063  5.118  5.272  5.298  5.143  5.112  5.236  5.081  5.321  4.990  5.043  5.169  5.263  5.176  5.142  5.118  5.100  5.168  4.942  5.042  4.890  5.037  4.839  4.836  5.017  4.938  4.771  5.024  5.037  5.001  5.130  4.890  4.860  5.147  4.973  5.068
6.178  6.022  6.107  6.033  6.089  6.090  6.120  6.118  6.138  6.392  6.122  6.301  6.263  5.956  6.220  5.876  5.951  5.932  6.267  6.188  6.131  6.138  6.038  6.155  5.870  5.891  5.902  5.823  5.731  5.775  5.883  5.876  5.944  6.050  6.146  6.028  6.059  5.940  5.827  5.858  5.914  5.974
4.671  4.477  4.654  4.595  4.489  4.703  4.625  4.575  4.691  4.663  4.603  4.727  4.754  4.630  4.644  4.416  4.477  4.541  4.644  4.635  4.710  4.511  4.522  4.620  4.610  4.564  4.554  4.449  4.394  4.443  4.533  4.454  4.533  4.635  4.585  4.613  4.505  4.511  4.600  4.454  4.407  4.543
4.209  4.016  4.078  4.174  3.932  4.143  4.124  4.074  4.277  4.159  4.143  4.234  4.220  4.043  4.260  3.989  4.127  4.143  4.143  4.220  4.220  4.091  4.078  4.025  4.108  4.057  4.060  3.846  3.951  3.970  3.951  4.111  4.060  4.094  4.007  4.022  3.892  4.043  3.892  3.892  3.970  4.060
4.522  4.297  4.615  4.369  4.466  4.533  4.331  4.500  4.466  4.489  4.407  4.543  4.585  4.625  4.603  4.317  4.202  4.440  4.673  5.323  4.509  4.369  4.416  4.443  4.331  4.419  4.317  4.376  4.078  4.159  4.060  4.288  4.443  4.357  4.401  4.431  4.344  4.477  4.443  4.431  4.317  4.500
3.932  3.850  3.985  3.928  3.951  3.892  4.043  3.989  3.807  3.932  3.871  3.989  4.043  4.060  4.078  3.932  3.942  3.912  4.094  4.256  4.140  4.111  4.094  4.094  3.829  3.957  3.892  3.784  3.664  3.922  3.714  3.932  4.025  3.951  3.882  3.761  3.714  3.871  3.738  3.951  3.850  3.871
5.509  5.460  5.412  5.421  5.460  5.438  5.283  5.485  5.426  5.635  5.565  5.537  5.617  5.591  5.540  5.455  5.407  5.509  5.402  5.425  5.412  5.384  5.380  5.451  5.257  5.234  5.384  5.422  5.193  5.268  5.468  5.242  5.353  5.411  5.398  5.525  5.347  5.481  5.442  5.384  5.257  5.386
5.447  5.283  5.303  5.347  5.384  5.366  5.375  5.308  5.366  5.509  5.583  5.451  5.587  5.649  5.602  5.380  5.361  5.574  5.427  5.354  5.476  5.460  5.394  5.551  5.252  5.351  5.220  5.389  5.147  5.231  5.252  5.327  5.273  5.325  5.357  5.525  5.303  5.273  5.390  5.333  5.371  5.263
5.220  5.198  5.126  5.342  5.481  5.442  4.796  4.952  4.989  4.949  4.894  4.934  5.115  5.037  5.217  4.844  4.804  4.900  4.990  5.130  4.963  4.931  5.017  5.011  4.736  4.934  4.804  4.847  4.754  4.727  4.730  4.820  4.868  4.779  4.828  5.011  4.887  4.883  4.920  4.890  5.004  4.997
5.247  5.242  5.283  5.338  5.366  5.265  5.252  5.280  5.226  5.347  5.165  5.318  5.361  5.204  5.347  5.075  5.303  5.293  5.242  5.313  5.394  5.278  5.267  5.347  5.130  5.106  5.069  4.968  5.024  5.017  5.075  5.149  5.204  5.257  5.303  5.318  5.263  5.209  5.142  5.094  5.130  5.164
5.086  4.758  5.014  5.004  5.030  5.100  4.889  5.009  4.977  5.021  5.056  5.004  5.088  5.058  5.118  4.836  4.762  5.093  5.069  5.011  5.036  4.828  4.984  4.997  5.011  4.915  4.997  4.997  4.682  4.816  4.868  4.828  4.989  5.006  4.949  4.984  4.852  5.096  4.942  4.977  4.896  5.142
3.846  3.714  3.761  3.871  3.824  3.791  3.726  3.892  3.942  3.985  3.882  3.807  3.912  3.861  4.074  3.761  3.784  3.989  3.829  3.888  3.989  3.757  3.738  3.892  3.761  3.818  3.701  3.807  3.664  3.757  3.684  3.951  3.784  3.664  3.850  3.689  3.638  3.684  3.784  3.824  3.882  3.714
