5.869  5.455  5.642  5.347  5.697  5.744  5.576  5.714  5.677  5.932  5.841  5.837  5.897  5.729  5.855  5.667  5.303  5.756  5.765  5.523  5.565  5.318  5.489  5.479  5.394  5.464  5.505  5.670  5.024  5.338  5.541  5.288  5.333  5.451  5.384  5.496  5.485  5.451  5.521  5.624  5.313  5.509
3.784  3.871  3.738  3.877  3.689  3.638  3.867  3.829  3.867  3.928  3.738  3.867  4.016  3.664  3.892  3.721  3.818  4.007  3.871  3.888  3.947  3.835  3.807  3.807  3.689  3.738  3.497  3.714  3.689  3.611  3.611  3.658  3.738  3.807  3.689  3.761  3.738  3.684  3.714  3.738  3.584  3.584
6.091  5.568  5.976  5.753  5.811  5.926  5.762  5.940  5.966  6.133  5.882  6.057  6.059  5.771  5.945  5.746  5.438  5.943  5.970  5.938  5.583  5.515  5.730  5.609  5.384  5.642  5.628  5.709  5.142  5.342  5.613  5.251  5.697  5.746  5.587  5.764  5.702  5.793  5.826  5.861  5.609  5.943
4.564  4.475  4.407  4.407  4.304  4.533  4.557  4.625  4.618  4.852  4.431  4.727  4.804  4.608  4.691  4.341  4.477  4.369  4.687  4.543  4.640  4.274  4.431  4.382  4.234  4.344  4.331  4.111  4.040  4.263  4.260  4.060  4.331  4.220  4.369  4.440  4.274  4.190  4.060  4.220  4.094  4.382
5.914  5.759  5.756  5.757  5.886  5.835  5.638  5.710  5.742  5.855  5.861  5.938  5.964  5.775  5.817  5.684  5.384  5.798  5.951  5.728  5.704  5.557  5.589  5.498  5.618  5.649  5.465  5.541  5.303  5.384  5.447  5.398  5.582  5.684  5.553  5.587  5.565  5.697  5.529  5.684  5.591  5.591
4.174  4.060  4.043  3.951  4.007  4.159  3.980  3.985  4.043  4.190  4.156  4.174  4.301  4.328  4.248  3.871  4.034  3.932  4.205  4.057  4.234  4.004  4.159  3.961  4.103  3.932  3.970  3.839  3.638  3.912  3.829  3.892  3.989  4.135  4.007  4.127  4.043  3.871  3.807  3.989  3.850  4.124
6.254  5.934  6.203  6.107  6.253  6.220  6.050  6.115  6.144  6.269  6.138  6.221  6.221  6.117  6.111  6.082  5.938  6.203  6.165  6.148  6.035  6.045  6.091  6.045  6.094  6.109  6.083  6.120  5.919  5.889  5.986  5.866  6.059  6.068  6.006  5.999  6.075  6.196  6.084  6.203  6.023  6.180
5.333  5.100  5.257  5.301  5.273  5.209  5.068  5.193  5.247  5.485  5.236  5.476  5.352  5.357  5.404  5.328  5.036  5.339  5.268  5.313  5.313  5.056  5.198  5.278  5.088  5.158  5.118  5.017  4.898  4.913  4.990  4.868  5.165  5.037  5.011  5.081  5.142  5.308  4.977  5.086  5.193  5.129
5.412  5.354  5.451  5.226  5.349  5.436  5.254  5.402  5.389  5.521  5.411  5.499  5.572  5.371  5.449  5.318  5.106  5.485  5.400  5.412  5.313  5.158  5.263  5.293  5.231  5.352  5.288  5.407  5.293  5.086  5.371  5.147  5.273  5.323  5.209  5.316  5.242  5.313  5.421  5.412  5.238  5.360
4.605  4.401  4.357  4.443  4.419  4.543  4.419  4.466  4.543  4.663  4.533  4.543  4.787  4.736  4.527  4.382  4.454  4.440  4.522  4.663  4.443  4.443  4.554  4.615  4.511  4.585  4.522  4.477  4.407  4.263  4.466  4.297  4.344  4.511  4.394  4.431  4.407  4.500  4.413  4.376  4.407  4.324
6.052  5.905  5.778  5.811  5.956  5.940  5.800  5.788  5.775  6.019  5.892  6.045  6.144  5.994  6.047  5.852  5.615  5.974  6.019  5.817  5.862  5.790  5.854  5.855  5.829  5.746  5.720  5.897  5.666  5.663  5.900  5.634  5.720  5.849  5.666  5.905  5.986  5.932  5.822  5.949  5.631  5.826
4.997  5.159  4.966  4.977  5.043  5.153  4.987  4.787  5.069  5.187  4.977  4.990  5.204  5.187  5.215  4.963  4.828  5.100  5.088  4.883  5.030  4.905  5.030  5.061  4.875  4.852  4.905  4.828  4.635  4.775  4.956  4.635  4.844  5.030  4.868  4.919  4.984  4.913  4.831  4.942  4.710  4.736
5.998  5.793  5.892  5.964  5.897  5.974  5.849  5.842  5.849  6.052  5.921  5.999  6.089  5.886  5.943  5.964  5.879  5.956  6.006  5.903  5.958  5.944  5.864  5.829  5.892  5.922  5.811  5.768  5.652  5.724  5.730  5.694  5.817  5.753  5.771  5.743  5.864  5.808  5.905  5.958  5.846  5.900
5.856  5.775  5.757  5.771  5.846  5.722  5.737  5.737  5.814  5.979  5.926  5.914  5.866  5.814  5.948  5.781  5.905  5.796  5.807  5.861  5.878  5.908  5.856  5.927  5.697  5.768  5.697  5.617  5.521  5.557  5.755  5.799  5.743  5.767  5.875  5.738  5.743  5.802  5.727  5.775  5.638  5.649
5.517  5.217  5.394  5.324  5.260  5.480  5.361  5.404  5.482  5.517  5.580  5.497  5.649  5.489  5.553  5.402  5.380  5.576  5.553  5.519  5.328  5.421  5.389  5.394  5.352  5.379  5.407  5.525  5.247  5.323  5.308  5.142  5.446  5.325  5.398  5.451  5.375  5.366  5.403  5.531  5.354  5.472
4.927  4.844  4.852  4.875  4.745  4.927  4.942  4.819  4.900  4.990  4.898  4.852  5.053  4.997  5.036  4.828  4.860  4.828  4.864  5.030  5.011  4.963  4.828  4.984  4.812  4.868  4.736  4.736  4.575  4.644  4.905  4.828  4.727  4.949  4.913  4.956  4.890  4.736  4.754  4.820  4.760  4.860
5.723  5.345  5.771  5.759  5.720  5.631  5.545  5.649  5.638  5.638  5.529  5.737  5.661  5.576  5.730  5.445  5.529  5.704  5.753  5.808  5.579  5.455  5.509  5.580  5.628  5.704  5.471  5.489  5.407  5.521  5.434  5.447  5.684  5.684  5.561  5.576  5.591  5.694  5.557  5.601  5.525  5.698
5.138  5.007  5.153  5.142  5.165  5.017  4.956  5.118  5.165  5.153  5.007  5.147  5.159  5.103  5.273  4.920  4.934  5.165  5.268  5.220  5.136  5.004  4.999  4.990  4.942  5.069  4.970  4.934  4.875  4.820  4.905  4.977  5.118  5.030  5.075  5.017  4.949  5.118  5.075  5.003  4.982  5.111
5.717  5.704  5.694  5.583  5.760  5.751  5.531  5.708  5.721  5.784  5.749  5.717  5.803  5.883  5.836  5.694  5.565  5.713  5.798  5.763  5.720  5.634  5.808  5.799  5.451  5.489  5.690  5.620  5.489  5.575  5.659  5.577  5.585  5.609  5.684  5.682  5.715  5.781  5.752  5.628  5.507  5.434
6.138  6.293  6.146  6.192  6.159  6.242  6.174  6.174  6.252  6.304  6.328  6.293  6.258  6.376  6.422  6.187  6.075  6.159  6.251  6.242  6.275  6.217  6.266  6.319  6.142  6.120  6.219  6.146  5.958  6.155  6.245  6.149  6.258  6.134  6.265  6.188  6.145  6.320  6.342  6.213  6.151  6.035
6.738  6.590  6.736  6.745  6.730  6.800  6.714  6.791  6.858  6.732  6.836  6.827  6.792  6.745  6.887  6.712  6.616  6.818  6.882  6.736  6.933  6.735  6.778  6.796  6.711  6.770  6.654  6.615  6.423  6.569  6.636  6.589  6.817  6.821  6.739  6.798  6.562  6.695  6.668  6.546  6.639  6.702
5.849  5.768  5.835  5.940  5.884  5.885  5.832  5.733  6.023  5.844  5.935  5.930  5.894  5.846  6.047  5.795  5.818  5.756  6.028  5.886  6.116  5.935  5.908  6.021  5.773  5.796  5.737  5.669  5.412  5.652  5.753  5.847  5.864  5.841  5.852  5.880  5.635  5.781  5.727  5.637  5.753  5.682
