5.905  5.802  5.727  5.645  5.808  5.919  5.759  5.808  5.864  5.974  5.986  5.858  5.921  5.878  5.872  5.869  5.661  5.852  5.859  5.677  5.817  5.687  5.658  5.733  5.700  5.659  5.700  5.766  5.606  5.802  5.802  5.659  5.624  5.726  5.790  5.820  5.757  5.730  5.706  5.743  5.620  5.710
4.543  4.533  4.630  4.554  4.483  4.428  4.562  4.644  4.466  4.595  4.419  4.522  4.615  4.509  4.595  4.522  4.382  4.317  4.625  4.642  4.428  4.407  4.481  4.520  4.304  4.367  4.331  4.317  4.290  4.248  4.443  4.443  4.369  4.263  4.419  4.357  4.376  4.382  4.260  4.284  4.394  4.477
5.666  4.977  5.549  5.364  5.540  5.561  5.371  5.583  5.422  5.709  5.398  5.717  5.570  5.318  5.677  5.226  5.182  5.389  5.690  5.542  5.371  4.980  5.036  5.136  5.411  5.569  5.037  5.305  4.942  4.982  4.820  5.056  5.366  5.374  5.264  5.268  5.029  5.366  5.236  5.273  5.352  5.366
3.784  3.584  3.701  3.632  3.664  3.611  3.761  3.761  3.761  3.871  3.555  3.784  3.802  3.922  3.871  3.555  3.664  3.664  3.761  3.784  3.888  3.857  3.780  3.689  3.664  3.912  3.632  3.676  3.497  3.664  3.550  3.638  3.689  3.671  3.773  3.824  3.584  3.761  3.802  3.466  3.526  3.714
6.468  6.299  6.368  6.385  6.457  6.447  6.361  6.425  6.404  6.544  6.506  6.531  6.555  6.397  6.557  6.297  6.221  6.399  6.515  6.351  6.492  6.361  6.304  6.277  6.352  6.425  6.319  6.236  6.077  6.068  6.230  6.156  6.304  6.397  6.392  6.435  6.314  6.299  6.254  6.392  6.287  6.335
4.727  4.635  4.564  4.585  4.644  4.654  4.779  4.663  4.745  4.860  4.743  4.931  4.804  4.769  4.911  4.736  4.533  4.494  4.727  4.654  4.883  4.687  4.623  4.680  4.500  4.673  4.668  4.344  4.533  4.344  4.585  4.466  4.682  4.745  4.710  4.749  4.900  4.593  4.288  4.963  4.344  4.489
5.368  5.179  5.247  5.252  5.361  5.363  5.323  5.236  5.244  5.347  5.318  5.323  5.357  5.380  5.403  5.204  5.011  5.347  5.407  5.323  5.252  5.278  5.195  5.214  5.247  5.176  5.130  5.214  5.059  4.934  5.226  5.029  5.112  5.201  5.187  5.269  5.068  5.394  5.208  5.298  5.115  5.204
4.557  4.454  4.357  4.489  4.394  4.317  4.443  4.357  4.522  4.489  4.357  4.344  4.595  4.554  4.644  4.344  4.263  4.274  4.477  4.440  4.477  4.443  4.477  4.205  4.290  4.454  4.431  4.297  4.344  4.078  4.419  4.344  4.419  4.434  4.205  4.354  4.357  4.443  4.317  4.344  4.290  4.357
5.583  5.549  5.495  5.411  5.598  5.583  5.455  5.505  5.485  5.606  5.517  5.659  5.645  5.497  5.737  5.374  5.303  5.525  5.587  5.389  5.434  5.226  5.375  5.497  5.275  5.394  5.347  5.288  5.023  5.164  5.230  5.106  5.278  5.371  5.375  5.357  5.407  5.468  5.257  5.371  5.153  5.323
3.951  4.057  4.108  3.912  4.190  3.850  3.829  3.892  4.007  3.912  3.932  4.217  4.217  4.094  4.234  4.091  4.091  3.951  4.143  3.951  4.094  4.127  3.932  4.159  3.951  3.888  3.784  3.932  3.689  3.871  3.871  3.761  3.829  3.985  3.912  3.892  3.829  3.989  3.932  3.877  3.761  3.829
4.277  4.143  4.078  4.159  4.174  4.078  3.989  4.202  3.871  4.220  4.290  4.220  4.511  4.260  4.290  3.989  4.007  4.344  4.143  4.301  4.143  3.912  4.190  4.127  3.892  3.912  4.025  3.888  3.784  3.824  3.970  3.738  4.025  3.932  4.025  3.989  4.078  4.174  4.248  4.060  3.829  4.060
3.578  3.664  3.611  3.714  3.611  3.664  3.555  3.689  3.638  3.714  3.664  3.738  3.829  3.871  3.784  3.550  3.584  3.714  3.912  3.802  3.784  3.664  3.555  3.638  3.526  3.584  3.676  3.526  3.738  3.738  3.611  3.658  3.780  3.632  3.664  3.555  3.611  3.555  3.638  3.550  3.497  3.611
5.193  5.118  5.158  5.063  5.215  5.164  5.052  5.234  5.017  5.218  5.273  5.196  5.220  5.198  5.316  5.007  4.990  5.384  5.069  5.247  5.130  5.043  5.112  5.056  5.030  5.069  5.080  5.089  4.836  4.913  5.204  4.956  5.063  5.147  5.030  5.124  5.043  5.147  5.081  5.100  4.771  5.165
4.844  4.796  4.836  4.771  4.875  4.832  4.564  4.685  4.804  4.945  4.934  4.828  4.997  5.017  4.905  4.677  4.595  4.927  4.804  4.968  4.796  4.663  4.804  4.852  4.644  4.783  4.492  4.812  4.511  4.575  4.682  4.489  4.752  4.736  4.758  4.836  4.644  4.726  4.836  4.754  4.564  4.804
5.189  4.913  5.152  5.037  5.088  5.105  5.100  5.069  5.220  5.100  4.990  5.247  5.361  5.118  5.288  4.890  5.037  4.898  5.303  5.226  5.147  5.159  4.979  5.112  5.247  5.328  5.158  5.024  5.017  5.037  4.970  5.045  5.124  5.186  5.252  5.100  5.094  4.977  4.898  5.162  5.159  5.170
5.030  4.860  5.225  5.242  5.074  5.056  5.268  5.100  5.485  5.004  5.286  5.118  5.283  5.017  5.170  4.937  5.215  4.990  5.472  5.273  5.318  5.273  5.126  5.124  5.203  5.209  5.069  5.323  5.075  5.186  4.905  5.352  5.136  5.209  5.283  5.030  5.100  5.047  4.913  5.165  5.226  5.030
5.749  5.236  5.539  5.591  5.714  5.659  5.231  5.617  5.505  5.753  5.673  5.613  5.680  5.553  5.721  5.421  5.323  5.577  5.598  5.787  5.465  5.438  5.476  5.434  5.285  5.338  5.439  5.523  5.242  5.328  5.342  5.357  5.609  5.388  5.485  5.415  5.367  5.787  5.591  5.505  5.464  5.684
5.106  4.890  4.997  5.088  5.176  5.063  4.977  5.069  5.043  5.361  5.004  5.117  5.318  5.209  5.366  5.003  4.956  5.036  5.204  5.238  5.136  5.004  4.984  5.030  4.902  4.987  5.050  4.947  4.808  4.812  4.970  5.075  5.175  4.992  5.043  5.077  5.016  5.187  5.165  4.970  4.905  5.043
5.429  5.298  5.384  5.360  5.420  5.485  5.313  5.283  5.342  5.577  5.624  5.461  5.509  5.572  5.697  5.398  5.187  5.561  5.497  5.461  5.580  5.375  5.393  5.468  5.379  5.356  5.357  5.400  5.069  5.209  5.268  5.252  5.442  5.403  5.447  5.380  5.293  5.442  5.384  5.412  5.231  5.352
5.227  5.037  4.972  5.159  5.159  5.182  5.081  5.153  5.193  5.318  5.263  5.272  5.342  5.270  5.425  5.159  5.043  5.204  5.204  5.257  5.212  5.075  5.176  5.170  5.132  5.069  5.088  5.147  4.796  5.023  5.142  4.956  5.142  5.176  5.136  5.136  4.979  5.152  5.118  5.136  4.961  5.056
6.435  6.363  6.399  6.449  6.513  6.433  6.273  6.380  6.397  6.449  6.495  6.516  6.615  6.553  6.521  6.370  6.174  6.460  6.480  6.404  6.168  6.203  6.377  6.356  6.405  6.444  6.384  6.447  6.304  6.365  6.375  6.201  6.392  6.318  6.303  6.353  6.422  6.457  6.339  6.371  6.332  6.397
5.683  5.549  5.684  5.787  5.817  5.777  5.629  5.652  5.724  5.768  5.659  5.796  5.878  5.823  5.883  5.572  5.472  5.656  5.858  5.866  5.717  5.677  5.641  5.778  5.740  5.727  5.624  5.513  5.373  5.620  5.517  5.553  5.645  5.826  5.784  5.817  5.598  5.778  5.594  5.568  5.652  5.697
