5.923  5.958  5.916  5.875  6.057  6.068  6.057  5.945  6.040  6.073  5.914  6.066  6.130  6.035  5.973  5.948  5.780  5.962  5.926  5.821  5.986  5.976  6.038  6.039  5.948  6.066  5.977  5.911  5.798  5.938  5.869  5.802  5.769  6.043  5.943  5.920  5.841  5.844  5.835  5.869  5.846  5.961
4.659  4.860  4.760  4.623  4.625  4.682  4.762  4.796  4.812  4.844  4.812  4.718  4.727  4.927  4.779  4.754  4.673  4.727  4.654  4.575  4.905  4.694  4.898  4.883  4.700  4.700  4.712  4.663  4.511  4.654  4.736  4.682  4.691  4.736  4.541  4.798  4.663  4.500  4.673  4.520  4.454  4.489
5.556  4.990  5.476  5.412  5.525  5.568  5.313  5.517  5.509  5.602  5.439  5.587  5.451  5.460  5.659  5.252  5.209  5.541  5.427  5.447  5.403  5.193  5.187  5.109  5.447  5.303  5.302  5.394  5.153  5.130  5.219  5.159  5.485  5.421  5.323  5.352  5.303  5.521  5.438  5.505  5.257  5.360
5.176  4.986  5.165  5.278  5.152  5.270  5.223  5.212  5.147  5.254  5.050  5.269  5.273  5.246  5.403  5.050  5.112  5.094  5.412  5.235  5.333  5.096  4.977  5.203  5.293  5.100  5.120  5.109  5.014  5.011  5.176  5.235  5.165  5.256  5.328  5.283  5.398  5.705  5.565  4.860  5.140  5.112
5.981  5.991  5.883  5.817  6.086  6.041  5.883  5.768  5.966  5.700  5.966  5.790  6.001  6.050  6.059  5.838  5.645  6.035  5.911  5.891  5.802  5.841  5.835  5.960  5.754  5.819  5.757  5.810  5.497  5.624  5.772  5.595  5.673  5.829  5.778  5.844  5.808  5.690  5.826  5.855  5.723  5.930
5.036  5.220  5.081  5.050  5.208  5.075  5.024  4.883  4.920  4.727  5.030  4.913  5.182  5.162  5.268  4.790  4.754  5.050  5.153  5.142  5.017  5.118  5.161  5.239  4.913  4.898  5.037  4.963  4.466  4.625  5.011  4.765  4.691  5.129  5.024  5.242  5.017  4.828  4.984  5.088  4.927  4.881
6.063  5.908  5.999  5.803  6.066  6.068  5.796  5.979  5.936  6.196  6.103  6.011  6.223  6.180  6.229  5.928  5.638  6.254  6.017  5.826  5.790  5.580  5.838  5.865  5.771  5.866  5.956  6.017  5.730  5.704  5.878  5.642  5.762  5.791  5.787  5.939  5.849  6.028  6.019  6.140  5.695  5.816
5.037  5.030  4.949  4.828  5.147  5.193  5.017  4.913  5.040  5.252  5.278  5.159  5.278  5.198  5.292  5.198  4.691  5.142  5.155  4.982  4.982  4.850  5.066  5.081  4.864  4.919  5.081  5.150  4.682  5.011  4.997  4.554  4.762  4.945  4.828  5.043  5.066  5.056  4.970  5.094  4.748  4.890
6.609  6.426  6.407  6.368  6.611  6.501  6.423  6.344  6.469  6.644  6.575  6.541  6.636  6.512  6.588  6.352  6.365  6.569  6.606  6.431  6.498  6.494  6.382  6.389  6.476  6.542  6.497  6.504  6.370  6.339  6.399  6.370  6.330  6.489  6.435  6.461  6.513  6.486  6.471  6.474  6.412  6.408
4.887  5.017  4.673  4.796  4.875  4.961  4.894  4.749  4.828  5.072  5.043  4.691  4.977  4.970  4.972  4.754  4.956  4.898  4.862  4.787  5.115  4.839  4.844  4.949  4.522  4.808  4.794  4.796  4.630  4.691  4.691  4.898  4.673  4.800  4.800  4.933  4.820  4.691  4.820  4.691  4.585  4.741
6.384  5.892  6.205  6.174  6.346  6.385  6.146  6.249  6.252  6.450  6.280  6.310  6.368  6.349  6.463  6.163  6.061  6.413  6.450  6.217  6.275  6.094  6.075  6.045  6.199  6.275  6.230  6.240  5.864  6.011  6.144  6.064  6.157  6.184  6.096  6.181  6.190  6.267  6.228  6.299  6.157  6.324
4.843  4.771  4.736  4.718  4.828  4.927  4.779  4.811  4.956  5.050  4.779  4.997  4.965  4.852  5.011  4.754  4.700  4.682  5.004  4.922  4.812  4.796  4.860  4.754  4.668  4.832  4.700  4.723  4.554  4.644  4.730  4.575  4.575  4.868  4.754  4.699  4.673  4.769  4.625  4.554  4.673  4.691
6.142  6.050  6.172  6.209  6.163  6.190  6.105  6.120  6.105  6.263  6.167  6.213  6.173  6.105  6.287  6.086  5.988  6.130  6.290  6.155  6.134  6.129  6.114  6.072  6.061  6.100  6.127  6.032  5.914  5.932  6.045  5.919  6.006  6.166  6.119  6.078  6.180  6.223  6.071  6.194  6.151  6.071
4.699  4.771  4.745  4.804  4.710  4.796  4.691  4.644  4.682  4.787  4.766  4.727  4.875  4.836  4.828  4.644  4.640  4.673  4.771  4.710  4.856  4.802  4.787  4.934  4.603  4.559  4.605  4.454  4.605  4.682  4.700  4.745  4.745  4.691  4.554  4.649  4.718  4.575  4.543  4.585  4.511  4.676
5.995  5.675  5.924  5.805  6.014  6.014  5.700  5.899  5.864  6.049  5.957  6.068  6.023  5.875  6.014  5.872  5.638  5.971  6.109  5.911  5.580  5.533  5.781  5.666  5.932  5.979  5.808  5.876  5.557  5.595  5.756  5.505  5.749  5.848  5.661  5.868  5.829  6.004  5.838  5.899  5.799  6.003
4.527  4.564  4.615  4.522  4.605  4.736  4.466  4.585  4.603  4.718  4.644  4.615  5.004  4.868  5.017  4.710  4.543  4.682  4.819  4.575  4.734  4.590  4.593  4.647  4.762  4.682  4.730  4.595  4.363  4.454  4.605  4.297  4.603  4.657  4.543  4.727  4.511  4.663  4.489  4.522  4.489  4.522
6.407  6.246  6.211  6.155  6.293  6.360  6.254  6.234  6.224  6.392  6.275  6.310  6.420  6.309  6.387  6.178  6.142  6.337  6.382  6.215  6.227  6.267  6.240  6.364  6.114  6.267  6.238  6.194  6.138  6.151  6.107  6.242  6.165  6.293  6.251  6.292  6.292  6.297  6.194  6.287  6.075  6.236
4.127  4.263  3.970  4.007  4.248  4.060  4.328  4.108  4.187  4.159  4.248  4.205  4.357  4.174  4.348  4.143  4.238  4.007  4.171  4.217  4.156  4.187  4.263  4.335  3.932  4.094  4.248  4.127  4.016  4.111  4.007  3.989  4.127  3.970  4.256  4.127  4.007  4.148  4.060  3.951  3.850  4.025
6.384  6.182  6.297  6.232  6.436  6.382  6.061  6.303  6.336  6.404  6.454  6.372  6.382  6.468  6.297  6.351  5.999  6.555  6.308  6.303  6.209  6.052  6.275  6.337  6.155  6.168  6.301  6.310  6.061  6.151  6.240  5.996  6.219  6.197  6.129  6.157  6.260  6.377  6.304  6.425  6.110  6.198
5.513  5.328  5.361  5.479  5.493  5.533  5.308  5.361  5.438  5.537  5.447  5.565  5.635  5.537  5.529  5.497  5.176  5.509  5.476  5.366  5.464  5.398  5.505  5.497  5.438  5.517  5.464  5.338  5.203  5.371  5.447  5.247  5.367  5.403  5.308  5.476  5.497  5.470  5.342  5.523  5.485  5.517
6.332  6.078  6.244  6.129  6.363  6.282  6.151  6.313  6.181  6.355  6.275  6.339  6.333  6.254  6.264  6.186  6.009  6.400  6.243  6.173  6.221  6.189  6.219  6.180  6.150  6.130  6.194  6.263  6.061  6.080  6.105  5.986  6.109  6.209  6.111  6.163  6.174  6.242  6.159  6.330  6.080  6.207
5.037  4.890  4.905  4.691  4.913  4.823  4.913  4.743  4.844  4.956  4.852  4.927  4.990  4.920  5.050  4.890  4.787  4.920  4.771  4.691  4.907  4.771  4.997  4.875  4.712  4.836  4.929  4.840  4.700  4.852  4.608  4.605  4.745  4.875  4.828  4.812  4.835  4.820  4.771  4.898  4.668  4.595
