6.891  6.883  6.890  6.680  6.933  6.897  6.767  6.864  6.901  7.030  6.991  6.913  6.969  6.911  6.935  6.890  6.508  6.999  6.763  6.828  6.655  6.753  6.879  6.856  6.553  6.741  6.779  6.819  6.613  6.701  6.815  6.391  6.673  6.736  6.668  6.766  6.805  6.864  6.862  6.918  6.637  6.735
4.727  4.554  4.682  4.575  4.575  4.644  4.603  4.824  4.844  4.927  4.915  4.787  4.743  4.773  4.844  4.511  4.527  4.633  4.595  4.585  4.500  4.727  4.718  4.585  4.610  4.404  4.380  4.454  4.317  4.344  4.635  4.304  4.419  4.369  4.635  4.533  4.382  4.440  4.644  4.509  4.317  4.564
7.238  7.015  7.112  7.075  7.164  7.242  7.089  7.144  7.197  7.214  7.181  7.160  7.182  7.089  7.163  7.085  6.908  7.153  7.214  7.101  7.180  7.044  7.056  7.049  7.045  7.092  7.092  7.073  6.948  7.019  7.030  6.973  6.961  7.092  7.107  7.038  7.210  7.111  7.039  7.065  7.034  7.112
6.795  6.588  6.617  6.690  6.617  6.795  6.719  6.771  6.746  6.832  6.902  6.675  6.729  6.640  6.726  6.621  6.670  6.561  6.724  6.625  6.898  6.748  6.644  6.739  6.620  6.491  6.530  6.525  6.522  6.486  6.662  6.663  6.465  6.683  6.646  6.675  6.802  6.600  6.632  6.535  6.612  6.506
4.758  4.635  4.644  4.673  4.644  4.718  4.663  4.779  4.682  4.671  4.668  4.762  4.745  4.796  4.843  4.732  4.522  4.760  4.718  4.644  4.796  4.644  4.690  4.736  4.673  4.605  4.663  4.486  4.498  4.494  4.700  4.522  4.673  4.736  4.708  4.575  4.615  4.564  4.575  4.635  4.500  4.625
5.460  5.429  5.338  5.313  5.366  5.298  5.378  5.357  5.403  5.425  5.545  5.375  5.404  5.375  5.407  5.312  5.296  5.257  5.357  5.273  5.425  5.349  5.393  5.529  5.298  5.346  5.328  5.307  5.043  5.283  5.394  5.091  5.262  5.425  5.416  5.313  5.257  5.257  5.278  5.186  5.242  5.273
6.943  6.540  6.666  6.489  6.831  6.906  6.613  6.735  6.727  6.985  6.914  6.928  6.852  6.777  6.858  6.625  6.314  6.830  6.787  6.582  6.644  6.457  6.624  6.475  6.428  6.569  6.574  6.690  6.266  6.503  6.575  6.311  6.449  6.628  6.621  6.558  6.647  6.718  6.742  6.795  6.489  6.528
4.870  4.927  4.431  4.317  4.787  4.700  4.762  4.663  4.824  5.004  4.937  4.916  5.063  4.984  5.043  4.736  4.431  4.806  4.812  4.654  4.836  4.498  4.654  4.615  4.419  4.578  4.710  4.745  4.394  4.530  4.762  4.404  4.304  4.700  4.466  4.745  4.871  4.522  4.554  4.700  4.357  4.500
5.922  5.802  5.820  5.930  5.971  5.903  5.841  5.820  5.805  5.940  5.886  5.891  5.945  5.799  5.981  5.897  5.666  5.846  5.877  5.826  5.874  5.778  5.832  5.858  5.690  5.560  5.707  5.638  5.501  5.561  5.765  5.513  5.730  5.855  5.666  5.765  5.715  5.814  5.743  5.705  5.537  5.727
4.111  4.143  4.920  4.234  4.074  4.094  4.140  4.217  4.341  4.317  4.267  4.357  4.277  4.197  4.197  4.124  4.025  4.190  4.357  4.498  4.290  4.007  4.004  4.234  4.190  4.135  3.970  3.850  3.784  4.074  3.912  3.989  4.190  3.951  4.007  4.094  3.912  4.040  3.989  3.850  4.217  3.989
4.380  4.511  4.317  4.234  4.407  4.369  4.369  4.357  4.382  4.443  4.419  4.419  4.511  4.500  4.559  4.419  4.159  4.324  4.317  4.394  4.605  4.369  4.369  4.431  4.248  4.290  4.419  4.407  4.234  4.290  4.369  4.248  4.304  4.344  4.382  4.331  4.277  4.190  4.304  4.297  4.202  4.357
4.159  4.060  4.127  4.094  4.234  4.234  4.274  4.217  4.190  4.341  4.246  4.234  4.290  4.357  4.263  4.267  4.111  4.190  4.290  4.190  4.317  4.263  4.288  4.380  4.205  3.989  4.159  4.190  3.850  4.290  4.227  4.043  4.060  4.143  4.127  4.174  4.111  4.025  4.127  4.234  4.043  4.234
6.504  6.332  6.502  6.466  6.516  6.554  6.313  6.353  6.445  6.543  6.407  6.523  6.556  6.366  6.637  6.284  6.174  6.447  6.560  6.423  6.301  6.293  6.279  6.365  6.349  6.423  6.315  6.339  6.128  6.146  6.324  6.153  6.377  6.363  6.349  6.419  6.398  6.463  6.304  6.321  6.168  6.450
4.844  4.779  4.723  4.804  4.710  4.883  4.652  4.635  4.691  4.796  4.852  4.811  4.852  4.890  4.919  4.685  4.533  4.600  4.787  4.890  4.779  4.691  4.554  4.769  4.554  4.671  4.615  4.511  4.431  4.357  4.564  4.477  4.511  4.691  4.710  4.775  4.511  4.647  4.726  4.585  4.511  4.682
6.877  6.575  6.714  6.694  6.876  6.836  6.407  6.648  6.568  6.798  6.860  6.805  6.846  6.753  6.824  6.518  6.165  6.743  6.748  6.604  6.380  6.299  6.532  6.430  6.534  6.578  6.496  6.671  6.134  6.261  6.366  6.234  6.537  6.504  6.390  6.554  6.388  6.854  6.842  6.789  6.554  6.627
5.273  5.204  5.187  5.075  5.208  5.298  5.004  5.094  4.970  5.323  5.226  5.268  5.265  5.360  5.361  4.970  4.883  5.069  5.268  5.043  5.011  4.951  5.118  5.069  4.942  4.997  4.938  4.927  4.652  4.727  4.864  4.836  4.890  5.017  5.043  5.055  4.875  5.338  5.164  5.136  4.860  5.032
6.626  6.399  6.522  6.468  6.599  6.607  6.337  6.508  6.450  6.683  6.555  6.641  6.659  6.474  6.642  6.458  6.192  6.641  6.594  6.561  6.395  6.244  6.477  6.417  6.365  6.417  6.415  6.465  6.254  6.301  6.405  6.180  6.452  6.456  6.408  6.476  6.418  6.503  6.395  6.508  6.351  6.463
5.112  4.942  4.927  5.165  5.007  5.130  4.977  4.970  4.956  5.094  5.050  5.142  5.215  5.198  5.293  4.852  4.868  4.970  5.190  5.190  5.118  5.063  5.039  5.024  4.942  4.972  4.961  5.017  4.727  4.890  4.984  4.905  5.027  5.017  4.920  5.030  4.927  4.927  4.975  4.938  4.812  5.088
6.091  5.720  5.953  6.054  6.045  6.096  5.684  6.021  5.964  6.070  6.014  6.118  6.084  6.019  6.204  5.811  5.505  5.883  6.101  5.948  5.750  5.529  5.730  5.583  6.035  5.832  5.699  5.916  5.361  5.621  5.745  5.635  5.862  5.881  5.694  5.642  5.654  6.174  6.040  5.974  5.795  5.986
3.689  3.738  3.867  3.871  3.807  3.989  3.784  3.784  3.867  3.850  3.892  3.967  3.871  3.951  4.069  3.689  3.807  3.829  3.942  3.989  3.892  3.733  3.871  3.932  3.714  3.784  3.733  3.757  3.757  3.714  3.714  3.733  3.689  3.850  3.807  4.253  3.638  3.784  3.757  3.689  3.839  3.861
5.136  4.990  5.094  5.075  5.244  5.267  5.074  5.256  5.298  5.219  5.021  5.344  5.380  5.293  5.442  5.142  4.868  5.165  5.432  5.220  5.088  5.037  4.942  5.017  5.136  5.068  5.075  5.026  4.710  4.836  5.056  4.868  5.081  5.075  5.100  5.102  5.004  5.152  4.997  5.080  4.997  5.050
3.989  3.888  3.922  3.784  4.043  3.871  3.951  3.807  4.007  3.961  3.784  4.066  4.304  4.111  4.111  3.714  3.892  3.829  4.202  3.850  4.069  3.951  3.989  3.932  3.738  3.970  3.892  3.714  3.892  3.829  3.738  3.989  3.908  3.807  3.912  3.850  3.850  3.795  3.932  3.784  3.664  3.761
