5.489  5.308  5.364  5.198  5.429  5.583  5.374  5.440  5.434  5.593  5.513  5.551  5.609  5.453  5.613  5.465  5.118  5.464  5.561  5.373  5.375  5.215  5.333  5.416  5.236  5.354  5.371  5.268  5.081  5.215  5.416  5.001  5.247  5.268  5.318  5.375  5.421  5.291  5.159  5.429  5.198  5.323
4.043  3.871  3.807  3.871  3.951  3.951  3.932  3.932  4.078  4.124  3.918  3.918  4.025  3.951  4.234  3.947  3.829  3.850  4.127  4.007  4.004  4.116  3.807  3.892  3.761  3.807  3.871  3.714  3.871  3.738  3.912  3.784  3.829  4.060  3.989  3.829  4.025  3.871  3.871  3.784  3.829  3.807
6.418  6.256  6.303  6.196  6.269  6.380  6.354  6.340  6.418  6.523  6.439  6.471  6.492  6.330  6.461  6.340  6.166  6.319  6.430  6.240  6.303  6.268  6.375  6.290  6.346  6.385  6.366  6.295  6.133  6.265  6.310  6.160  6.280  6.332  6.252  6.287  6.266  6.256  6.269  6.301  6.265  6.417
4.922  4.927  4.860  4.625  4.844  4.824  5.037  4.836  5.050  5.209  5.053  5.118  5.017  5.093  5.106  5.094  4.836  4.673  4.977  4.828  5.030  4.820  5.021  4.942  4.828  4.913  4.905  4.827  4.754  4.875  4.898  4.633  4.615  4.920  4.890  4.916  4.835  4.663  4.819  4.718  4.700  4.673
6.438  6.248  6.243  6.328  6.370  6.382  6.244  6.306  6.233  6.465  6.358  6.385  6.394  6.288  6.399  6.238  6.016  6.246  6.236  6.194  6.164  6.174  6.198  6.217  6.202  6.280  6.118  6.213  6.087  6.081  6.326  6.096  6.176  6.203  6.125  6.178  6.368  6.227  6.217  6.341  6.120  6.284
5.308  4.898  5.270  5.209  5.088  5.193  5.047  5.175  5.236  5.273  5.375  5.220  5.293  5.091  5.257  4.977  4.942  5.011  5.069  5.136  5.100  5.017  4.970  5.147  4.922  4.883  5.063  4.984  4.812  4.956  5.004  4.990  4.990  5.004  4.934  5.019  4.949  4.890  4.920  4.883  4.879  4.996
5.642  5.280  5.359  5.407  5.467  5.333  5.354  5.468  5.481  5.642  5.509  5.505  5.541  5.417  5.549  5.398  5.257  5.509  5.476  5.542  5.357  5.242  5.406  5.307  5.301  5.447  5.296  5.366  5.024  5.298  5.220  5.186  5.338  5.379  5.242  5.298  5.298  5.403  5.242  5.366  5.263  5.342
4.852  4.489  4.673  4.680  4.734  4.543  4.605  4.543  4.691  4.860  4.694  4.745  4.796  4.794  4.787  4.527  4.585  4.762  4.625  4.777  4.804  4.585  4.682  4.718  4.437  4.635  4.454  4.500  4.394  4.533  4.562  4.449  4.583  4.705  4.564  4.625  4.443  4.654  4.394  4.613  4.522  4.635
4.511  4.419  4.635  4.304  4.766  4.796  4.533  4.595  4.443  4.852  4.836  4.828  4.844  4.700  4.796  4.525  4.111  4.635  4.680  4.595  4.615  4.443  4.317  4.386  4.304  4.304  4.575  4.500  3.989  4.174  4.344  4.220  4.328  4.443  4.328  4.533  4.394  4.710  4.489  4.514  4.454  4.407
3.466  3.584  3.689  3.714  3.664  3.555  3.401  3.584  3.526  3.584  3.466  3.611  3.684  3.761  3.714  3.332  3.701  3.466  3.466  3.738  3.689  3.611  3.466  3.555  3.664  3.689  3.332  3.401  3.434  3.434  3.466  3.638  3.401  3.466  3.619  3.611  3.466  3.611  3.526  3.506  3.584  3.550
5.583  5.361  5.328  5.364  5.565  5.552  5.247  5.413  5.447  5.537  5.338  5.455  5.521  5.444  5.557  5.254  5.219  5.455  5.485  5.380  5.425  5.303  5.360  5.323  5.268  5.425  5.293  5.366  5.204  5.242  5.262  5.236  5.308  5.389  5.291  5.403  5.416  5.406  5.407  5.461  5.204  5.352
6.073  5.775  5.869  5.892  5.892  5.928  5.765  5.829  5.886  6.103  6.038  6.004  6.178  5.954  5.991  5.796  5.749  5.861  5.844  5.958  5.981  5.819  5.900  5.740  5.690  5.753  5.740  5.858  5.544  5.690  5.799  5.676  5.883  5.805  5.736  5.878  5.805  5.922  5.924  5.911  5.659  5.753
6.284  5.765  6.192  6.131  6.107  6.219  6.127  6.203  5.872  6.103  6.142  6.337  6.317  6.057  6.286  5.781  6.004  6.050  6.354  6.265  6.109  5.989  5.969  5.935  6.267  6.323  6.084  6.004  5.866  5.935  5.793  5.903  5.998  6.197  6.118  6.033  6.105  6.184  6.076  6.029  6.196  6.250
4.437  4.337  4.700  4.466  4.477  4.585  4.533  4.682  4.111  4.416  4.625  4.700  4.754  4.583  4.654  4.277  4.452  4.248  4.812  4.691  4.575  4.373  4.407  4.466  4.317  4.673  4.127  4.143  4.317  4.344  4.127  4.143  4.127  4.489  4.301  4.394  4.220  4.234  4.281  4.331  4.428  4.477
6.124  5.892  6.087  5.637  6.163  6.217  5.662  5.945  6.098  6.100  6.116  6.151  6.151  6.205  6.225  5.971  5.489  6.050  6.166  5.943  5.740  5.861  5.943  5.864  5.883  5.916  5.905  6.057  5.652  5.714  5.787  5.537  5.835  5.927  5.784  5.919  5.822  6.109  6.092  6.087  5.881  5.985
4.361  4.369  4.489  4.111  4.452  4.522  3.970  4.290  4.625  4.428  4.437  4.625  4.605  4.685  4.727  4.382  4.124  4.263  4.533  4.618  4.419  4.357  4.522  4.564  4.367  4.525  4.234  4.354  4.111  4.205  4.220  4.407  4.256  4.277  4.398  4.522  4.398  4.500  4.357  4.344  4.135  4.290
4.593  4.727  4.543  4.758  4.700  4.727  4.454  4.635  4.654  4.858  4.663  4.673  4.743  4.736  4.828  4.754  4.505  4.718  4.815  4.543  4.500  4.575  4.605  4.615  4.615  4.595  4.407  4.745  4.324  4.304  4.481  4.710  4.489  4.700  4.605  4.673  4.644  4.680  4.564  4.745  4.533  4.511
4.369  4.263  4.625  4.690  4.443  4.466  4.477  4.419  4.452  4.527  4.477  4.567  4.638  4.603  4.605  4.554  4.431  4.410  4.615  4.575  4.700  4.477  4.419  4.652  4.500  4.277  4.357  4.205  4.248  4.277  4.263  4.454  4.625  4.466  4.477  4.464  4.231  4.419  4.407  4.304  4.407  4.394
4.990  4.963  4.844  4.977  4.968  5.036  4.890  4.898  5.056  5.159  5.016  5.094  5.219  5.027  5.220  4.945  4.850  5.056  5.050  4.938  5.030  4.852  4.898  5.039  4.700  4.734  4.922  4.796  4.663  4.615  4.710  4.787  4.984  4.905  4.844  5.004  4.890  4.905  4.890  4.951  4.710  4.856
4.543  4.304  4.431  4.419  4.654  4.413  4.394  4.369  4.533  4.635  4.585  4.486  4.466  4.575  4.673  4.407  4.331  4.489  4.927  4.419  4.644  4.514  4.466  4.567  4.357  4.231  4.394  4.234  4.159  4.234  4.290  4.407  4.434  4.595  4.337  4.344  4.277  4.386  4.376  4.060  4.267  4.392
5.384  5.106  5.204  5.162  5.551  5.451  5.136  5.389  5.416  5.529  5.447  5.434  5.416  5.460  5.587  5.247  4.963  5.403  5.588  5.347  5.263  5.088  5.165  5.226  5.273  5.226  5.136  5.366  4.883  4.970  5.130  5.120  5.159  5.375  5.252  5.243  5.153  5.485  5.235  5.371  5.198  5.455
4.143  3.970  4.025  4.220  4.220  4.094  3.892  4.190  4.260  4.234  4.111  4.304  4.354  4.443  4.260  4.074  3.951  4.143  4.419  4.297  4.263  4.164  3.970  4.301  4.060  4.159  4.025  3.892  3.664  3.892  4.025  4.025  4.159  4.034  3.951  4.263  4.007  4.143  4.179  3.989  3.970  4.094
