5.875  5.749  5.633  5.493  5.829  5.981  5.730  5.687  5.808  5.986  5.964  5.932  5.903  5.892  5.874  5.746  5.465  5.911  5.866  5.543  5.684  5.521  5.727  5.609  5.434  5.498  5.613  5.561  5.380  5.568  5.775  5.233  5.371  5.457  5.464  5.525  5.761  5.549  5.371  5.720  5.407  5.523
4.727  4.635  4.449  4.454  4.533  4.718  4.654  4.644  4.654  4.644  4.663  4.710  4.844  4.754  4.812  4.543  4.511  4.779  4.590  4.337  4.676  4.466  4.605  4.696  4.407  4.419  4.404  4.344  4.331  4.331  4.595  4.231  4.290  4.466  4.431  4.605  4.739  4.304  4.253  4.481  4.357  4.419
5.317  5.172  5.209  5.106  5.421  5.451  5.288  5.318  5.263  5.306  5.380  5.489  5.454  5.371  5.384  5.298  5.007  5.455  5.407  5.318  5.268  5.209  5.339  5.311  5.081  5.187  5.257  5.247  5.004  5.130  5.059  5.050  5.037  5.147  5.061  5.288  5.292  5.247  5.292  5.300  5.112  5.011
4.074  4.220  3.951  4.094  4.304  4.288  4.060  4.190  4.151  4.094  4.234  4.277  4.209  4.263  4.288  4.124  3.961  4.297  4.143  4.127  4.217  4.078  4.220  4.281  3.951  4.091  4.057  4.025  3.850  4.016  4.078  4.025  4.007  3.989  4.078  4.094  4.078  3.989  4.025  4.007  3.784  3.932
5.649  5.568  5.479  5.559  5.694  5.606  5.495  5.611  5.541  5.727  5.707  5.652  5.609  5.690  5.697  5.529  5.412  5.649  5.617  5.533  5.694  5.425  5.596  5.468  5.426  5.357  5.436  5.499  5.187  5.178  5.580  5.298  5.398  5.519  5.513  5.509  5.521  5.561  5.690  5.615  5.425  5.494
5.464  5.617  5.455  5.394  5.576  5.517  5.323  5.455  5.412  5.680  5.580  5.303  5.684  5.580  5.677  5.460  5.357  5.549  5.454  5.389  5.565  5.496  5.631  5.609  5.262  5.187  5.360  5.342  5.030  5.340  5.680  5.288  5.368  5.317  5.460  5.421  5.493  5.481  5.687  5.434  5.252  5.417
4.498  4.464  4.554  4.492  4.500  4.541  4.443  4.290  4.331  4.605  4.595  4.575  4.682  4.543  4.663  4.500  4.344  4.466  4.554  4.583  4.331  4.489  4.419  4.603  4.527  4.367  4.344  4.431  4.337  4.190  4.277  4.357  4.475  4.315  4.386  4.511  4.344  4.431  4.317  4.380  4.234  4.454
4.220  4.248  4.304  4.407  4.220  4.357  4.263  4.315  4.277  4.394  4.277  4.344  4.466  4.331  4.394  4.174  4.127  4.277  4.304  4.440  4.394  4.295  4.337  4.394  4.111  4.143  4.111  4.094  4.094  4.248  4.419  4.443  4.078  4.369  4.344  4.263  4.190  4.234  4.234  4.069  4.220  4.159
5.375  5.257  5.156  4.949  5.338  5.445  5.468  5.398  5.509  5.427  5.451  5.472  5.572  5.481  5.602  5.176  4.852  5.349  5.529  5.106  5.363  5.193  5.242  5.115  5.165  5.112  5.170  5.220  4.736  4.920  5.118  5.169  5.036  5.244  5.071  5.272  5.313  5.103  5.170  5.349  5.050  5.246
6.662  6.504  6.588  6.615  6.569  6.515  6.472  6.557  6.469  6.583  6.473  6.528  6.615  6.455  6.561  6.417  6.415  6.488  6.615  6.594  6.525  6.450  6.447  6.458  6.525  6.486  6.330  6.392  6.314  6.260  6.308  6.330  6.474  6.446  6.449  6.372  6.428  6.426  6.400  6.525  6.392  6.494
3.638  3.638  3.689  3.611  3.689  3.784  3.738  3.611  3.857  3.584  3.689  3.584  3.846  3.784  3.857  3.761  3.520  3.592  3.807  3.807  3.850  3.780  3.784  3.871  3.714  3.584  3.555  3.638  3.497  3.664  3.526  3.611  3.578  3.664  3.526  3.611  3.611  3.584  3.497  3.738  3.526  3.555
7.122  6.910  6.977  6.977  7.023  7.048  7.091  7.026  7.098  7.155  7.044  7.107  7.153  7.045  7.100  6.960  6.987  7.028  7.062  7.032  7.060  7.012  6.970  7.001  6.931  7.080  6.935  6.939  6.913  6.901  6.828  6.929  6.923  7.053  7.066  7.024  7.033  6.966  6.926  6.956  6.894  6.940
5.760  5.626  5.820  5.683  5.814  5.906  5.730  5.740  5.714  5.706  5.752  5.823  5.765  5.789  5.799  5.677  5.517  5.727  5.808  5.677  5.749  5.631  5.638  5.753  5.817  5.759  5.768  5.740  5.633  5.549  5.656  5.628  5.677  5.639  5.788  5.737  5.700  5.645  5.565  5.731  5.670  5.595
5.050  4.898  5.069  4.868  5.004  4.977  4.927  4.820  4.836  5.056  4.997  4.956  5.056  5.043  5.088  4.956  4.827  4.868  5.081  4.915  5.011  4.907  4.771  5.011  4.954  4.856  4.787  4.860  4.625  4.852  4.771  4.868  4.916  4.949  4.970  4.868  4.771  4.796  4.852  4.982  4.736  4.718
5.981  5.730  5.908  5.808  5.914  5.899  5.743  5.835  5.805  6.095  5.813  6.059  6.094  5.863  6.010  5.638  5.629  5.822  5.916  5.798  5.753  5.768  5.724  5.727  5.762  5.694  5.810  5.778  5.545  5.609  5.740  5.683  5.689  5.762  5.778  5.861  5.835  5.828  5.796  5.905  5.613  5.858
5.583  5.193  5.617  5.533  5.572  5.572  5.398  5.421  5.442  5.606  5.565  5.529  5.568  5.553  5.631  5.136  5.345  5.549  5.582  5.819  5.517  5.380  5.357  5.561  5.220  5.366  5.165  5.298  5.112  5.302  5.142  5.341  5.565  5.318  5.447  5.357  5.236  5.429  5.464  5.384  5.389  5.389
5.778  5.447  5.519  5.491  5.617  5.613  5.317  5.577  5.598  5.714  5.609  5.690  5.841  5.576  5.692  5.407  5.328  5.498  5.635  5.645  5.421  5.438  5.513  5.398  5.513  5.645  5.474  5.467  5.323  5.397  5.501  5.220  5.527  5.493  5.416  5.591  5.568  5.587  5.572  5.511  5.427  5.513
4.868  4.779  4.924  4.811  4.934  4.766  4.956  4.843  4.927  5.043  4.913  5.056  5.153  4.919  5.017  4.734  4.898  4.920  4.949  4.919  4.975  4.920  4.844  4.890  4.779  5.017  4.771  4.820  4.710  4.748  4.898  4.812  4.844  4.905  4.956  4.984  4.844  4.848  4.754  4.779  4.868  4.804
6.256  6.114  6.082  6.118  6.213  6.219  6.165  6.148  6.127  6.320  6.203  6.258  6.297  6.165  6.270  6.041  6.011  6.267  6.225  6.318  6.181  6.040  6.139  6.176  5.986  6.106  6.073  6.098  5.924  5.927  6.084  6.001  6.188  6.165  6.180  6.233  6.111  6.254  6.157  6.105  5.953  6.165
6.151  5.889  5.996  6.087  6.082  6.006  5.894  6.040  5.945  6.168  6.087  6.098  6.035  6.071  6.184  5.919  5.805  5.971  6.031  6.105  5.945  5.986  5.925  6.041  5.801  5.989  5.938  5.878  5.745  5.787  5.916  5.784  6.068  5.956  5.962  6.050  5.940  6.089  6.047  5.844  5.826  5.994
6.158  5.956  6.065  6.064  5.981  6.091  6.021  6.091  6.075  6.198  6.107  6.151  6.198  6.124  6.197  6.152  6.016  6.176  6.129  6.133  6.091  6.059  6.095  6.140  6.054  6.155  6.094  6.082  5.852  5.953  6.221  5.981  6.091  6.016  6.079  6.064  6.050  6.011  6.125  6.127  6.048  6.172
6.040  5.858  5.954  5.900  5.994  5.989  5.881  5.878  6.003  6.111  6.094  6.029  6.045  5.967  6.056  5.881  5.900  6.116  5.998  6.078  6.065  5.943  5.953  6.009  5.974  5.930  5.928  5.866  5.738  5.887  5.919  5.802  5.948  6.016  5.973  5.956  5.872  5.868  5.999  5.966  6.033  5.951
