6.373  6.361  6.279  6.142  6.378  6.452  6.450  6.435  6.458  6.512  6.417  6.465  6.414  6.438  6.413  6.322  6.128  6.293  6.608  6.290  6.423  6.356  6.370  6.339  6.420  6.532  6.405  6.284  6.304  6.519  6.188  6.306  6.233  6.486  6.558  6.397  6.393  6.317  6.209  6.342  6.240  6.420
4.644  4.779  4.443  4.522  4.489  4.659  4.812  4.615  4.812  4.718  4.654  4.820  4.654  4.771  4.736  4.690  4.263  4.533  4.844  4.477  4.796  4.710  4.671  4.844  4.819  4.696  4.820  4.394  4.654  4.745  4.281  4.633  4.317  4.819  4.875  4.673  4.615  4.304  4.367  4.489  4.554  4.595
6.017  5.762  5.961  5.805  5.951  5.976  5.974  5.962  6.094  6.163  5.975  6.173  6.066  5.962  6.144  5.905  5.733  5.962  6.144  5.927  6.068  5.808  5.852  5.742  6.064  6.122  5.858  5.981  5.790  5.930  5.790  5.814  5.966  6.011  6.074  5.996  6.002  5.979  5.866  6.006  5.897  5.937
4.828  4.828  4.771  4.812  4.700  4.748  4.920  4.819  4.868  4.990  4.951  4.890  5.130  4.927  4.927  4.904  4.779  4.717  4.875  4.760  4.984  4.911  4.832  4.820  4.779  4.875  4.844  4.654  4.466  4.615  4.844  4.786  4.752  4.736  4.874  4.860  4.754  4.723  4.575  4.694  4.682  4.662
6.453  6.209  6.425  6.387  6.389  6.516  6.351  6.404  6.465  6.548  6.375  6.556  6.624  6.385  6.583  6.323  6.148  6.369  6.566  6.327  6.407  6.271  6.332  6.248  6.461  6.425  6.317  6.373  6.131  6.176  6.205  6.140  6.364  6.501  6.315  6.366  6.297  6.320  6.236  6.392  6.288  6.504
4.277  4.373  4.277  4.392  4.354  4.277  4.500  4.263  4.483  4.522  4.413  4.564  4.500  4.443  4.564  4.466  4.205  4.040  4.489  4.392  4.419  4.443  4.357  4.277  4.369  4.682  4.220  4.159  4.111  4.263  4.238  4.260  4.171  4.344  4.398  4.234  4.304  4.060  4.111  4.034  4.205  4.290
6.083  5.967  5.854  5.662  5.973  6.052  5.852  5.887  6.052  6.196  6.146  6.043  6.169  6.103  6.054  6.078  5.700  6.233  5.953  5.896  5.852  5.793  5.971  5.922  5.886  5.936  5.989  6.105  5.757  5.903  6.019  5.664  5.802  5.924  5.819  5.944  5.981  6.014  5.971  6.067  5.775  5.894
4.773  4.732  4.615  4.710  4.682  4.644  4.754  4.736  4.663  4.836  4.844  4.745  4.883  4.868  4.802  4.718  4.625  4.777  4.816  4.787  4.736  4.779  4.745  4.754  4.708  4.654  4.710  4.640  4.509  4.595  4.820  4.682  4.585  4.771  4.663  4.654  4.812  4.754  4.654  4.654  4.663  4.654
7.603  7.274  7.482  7.484  7.544  7.577  7.445  7.522  7.588  7.701  7.568  7.615  7.623  7.509  7.575  7.464  7.327  7.505  7.700  7.503  7.480  7.417  7.439  7.369  7.576  7.578  7.470  7.502  7.297  7.426  7.421  7.328  7.525  7.591  7.528  7.420  7.498  7.501  7.407  7.468  7.390  7.589
6.360  6.043  6.208  6.188  6.260  6.283  6.163  6.252  6.304  6.463  6.319  6.375  6.299  6.252  6.346  6.192  6.031  6.230  6.433  6.228  6.242  6.043  6.105  6.046  6.163  6.103  6.109  6.023  5.814  6.052  6.042  5.971  6.059  6.236  6.153  6.009  6.093  6.109  6.026  6.087  5.869  6.118
5.823  5.749  5.762  5.635  5.826  5.892  5.787  5.846  5.743  5.805  5.914  5.919  5.986  5.855  5.974  5.890  5.645  5.872  5.944  5.684  5.720  5.704  5.748  5.762  5.774  5.883  5.759  5.817  5.598  5.714  5.755  5.529  5.505  5.746  5.759  5.832  5.680  5.762  5.778  5.886  5.666  5.775
5.023  4.862  4.905  4.779  4.820  4.942  5.047  4.871  4.963  4.896  4.992  5.011  5.111  5.083  5.069  4.977  4.874  4.796  5.088  4.868  4.956  5.011  4.997  5.004  4.970  4.868  4.796  4.898  4.671  4.913  5.017  4.762  4.796  4.926  4.840  4.890  4.940  4.868  4.905  4.843  4.771  4.883
5.805  5.746  5.875  5.731  5.796  5.887  5.707  5.858  5.762  5.883  5.852  5.939  5.883  5.740  5.940  5.730  5.505  5.855  5.875  5.859  5.678  5.654  5.859  5.697  5.740  5.543  5.707  5.743  5.288  5.595  5.680  5.652  5.598  5.700  5.624  5.730  5.609  5.857  5.811  5.869  5.617  5.683
5.075  4.949  4.949  5.043  5.050  4.913  4.963  4.852  5.024  5.059  4.883  5.100  5.142  5.081  5.182  5.050  4.771  4.956  5.159  4.984  5.135  5.045  4.977  4.984  4.787  4.736  4.970  4.787  4.696  4.812  4.852  4.844  4.898  4.933  4.975  5.037  5.024  4.893  5.050  4.970  4.854  4.984
6.267  6.064  6.182  6.084  6.236  6.265  6.165  6.131  6.159  6.241  6.183  6.348  6.306  6.178  6.260  6.089  6.099  6.232  6.284  6.138  6.157  6.087  6.107  6.133  6.255  6.267  6.106  6.133  6.028  6.064  6.166  6.006  6.100  6.230  6.151  6.138  6.269  6.111  6.001  6.081  6.059  6.134
4.500  4.277  4.554  4.588  4.407  4.454  4.431  4.277  4.564  4.610  4.419  4.685  4.736  4.595  4.585  4.369  4.466  4.407  4.625  4.691  4.663  4.407  4.419  4.533  4.466  4.331  4.317  4.248  4.220  4.111  4.260  4.564  4.431  4.489  4.407  4.382  4.311  4.407  4.407  4.304  4.419  4.304
6.196  6.105  6.129  6.124  6.178  6.174  6.179  6.050  6.186  6.260  6.142  6.287  6.208  6.144  6.194  6.142  6.069  6.221  6.188  6.131  6.224  6.077  6.110  6.061  6.168  6.129  6.088  6.071  5.974  6.096  6.120  6.178  6.221  6.180  6.181  6.169  6.109  6.057  6.026  6.170  6.098  6.121
5.056  4.860  4.942  5.052  5.100  4.860  5.013  4.913  4.958  5.037  5.030  4.927  4.970  5.011  5.094  4.796  4.844  4.956  4.997  5.037  5.004  4.913  4.887  5.004  4.868  4.890  4.934  4.879  4.828  4.836  4.836  4.911  4.787  4.970  4.898  4.844  4.937  4.844  4.820  5.024  4.905  4.779
6.841  6.639  6.696  6.686  6.680  6.731  6.649  6.774  6.735  6.752  6.695  6.814  6.855  6.772  6.783  6.668  6.631  6.748  6.777  6.790  6.696  6.666  6.609  6.708  6.724  6.744  6.645  6.623  6.500  6.508  6.425  6.615  6.652  6.748  6.680  6.685  6.702  6.696  6.649  6.775  6.836  6.831
6.087  6.100  6.059  6.122  6.136  6.061  6.026  6.043  6.120  6.128  6.201  6.138  6.203  6.154  6.129  6.010  5.946  6.080  6.089  6.147  6.089  6.004  6.023  6.150  6.040  6.110  5.932  6.042  5.796  5.969  6.012  5.994  6.079  6.169  6.112  6.135  6.133  6.075  6.130  6.238  6.394  6.312
6.668  6.381  6.574  6.619  6.657  6.574  6.273  6.600  6.503  6.713  6.704  6.653  6.680  6.627  6.683  6.458  6.288  6.719  6.596  6.676  6.461  6.422  6.414  6.538  6.463  6.482  6.461  6.578  6.188  6.299  6.389  6.319  6.624  6.504  6.441  6.468  6.488  6.683  6.663  6.625  6.482  6.542
5.663  5.535  5.517  5.545  5.604  5.564  5.425  5.485  5.553  5.631  5.702  5.609  5.717  5.697  5.756  5.533  5.460  5.680  5.645  5.505  5.635  5.481  5.500  5.541  5.440  5.580  5.517  5.557  5.270  5.425  5.462  5.236  5.537  5.489  5.485  5.529  5.380  5.565  5.666  5.620  5.409  5.425
