8.522  8.461  8.434  8.328  8.480  8.554  8.500  8.406  8.491  8.483  8.530  8.438  8.504  8.501  8.361  8.520  8.350  8.456  8.480  8.360  8.500  8.429  8.479  8.425  8.436  8.477  8.444  8.454  8.365  8.371  8.436  8.299  8.299  8.479  8.354  8.488  8.567  8.456  8.236  8.450  8.343  8.444
6.918  6.962  6.840  6.726  6.811  7.020  7.022  6.744  7.064  6.933  7.004  6.842  7.001  7.008  6.766  7.016  6.722  6.758  6.980  6.753  7.006  6.930  6.938  6.998  6.801  6.911  6.853  6.828  6.722  6.799  6.903  6.589  6.701  6.923  6.659  7.025  7.111  6.790  6.513  6.816  6.691  6.858
7.942  7.746  7.757  7.701  7.875  7.936  7.814  7.881  7.843  8.003  7.987  7.959  7.972  7.960  7.991  7.892  7.576  7.884  7.912  7.747  7.752  7.669  7.801  7.770  7.827  7.864  7.837  7.960  7.706  7.820  7.926  7.633  7.720  7.854  7.787  7.832  7.935  7.833  7.822  7.905  7.711  7.784
6.180  6.285  6.114  6.001  6.196  6.290  6.344  6.161  6.288  6.433  6.412  6.339  6.413  6.301  6.363  6.380  6.050  6.173  6.245  5.991  6.209  6.163  6.377  6.413  6.225  6.267  6.236  6.216  6.116  6.246  6.306  5.986  5.900  6.331  6.244  6.351  6.433  6.117  6.033  6.107  6.054  6.107
7.973  7.729  7.890  7.677  7.958  8.020  7.681  7.914  7.840  8.015  8.014  7.990  8.040  8.043  7.983  7.887  7.504  8.013  7.904  7.816  7.660  7.614  7.801  7.734  7.672  7.867  7.831  8.022  7.497  7.708  7.668  7.462  7.595  7.811  7.714  7.803  7.869  7.952  7.832  8.048  7.639  7.878
5.771  5.829  5.743  5.636  5.771  5.971  5.775  5.720  6.025  5.900  5.829  5.996  6.142  6.107  6.064  5.862  5.481  5.891  5.969  5.765  5.638  5.720  5.844  5.823  5.620  5.805  5.874  5.872  5.486  5.793  5.781  5.465  5.493  5.868  5.684  5.806  5.858  5.814  5.565  5.875  5.545  5.802
7.816  7.624  7.781  7.731  7.787  7.790  7.691  7.717  7.720  7.838  7.774  7.834  7.710  7.573  7.724  7.648  7.534  7.735  7.806  7.772  7.720  7.616  7.634  7.622  7.699  7.734  7.664  7.667  7.529  7.514  7.624  7.523  7.667  7.784  7.703  7.688  7.745  7.755  7.624  7.718  7.656  7.717
7.796  7.542  7.732  7.682  7.743  7.770  7.677  7.752  7.801  7.885  7.784  7.845  7.843  7.674  7.772  7.667  7.492  7.793  7.837  7.718  7.637  7.619  7.699  7.616  7.642  7.734  7.625  7.722  7.509  7.598  7.622  7.492  7.678  7.789  7.645  7.686  7.713  7.707  7.671  7.775  7.669  7.756
5.922  5.710  5.750  5.855  5.854  5.881  5.858  5.624  5.756  6.003  5.903  5.986  5.951  5.652  6.058  5.705  5.743  5.631  5.998  5.883  6.031  5.811  5.762  5.894  5.537  5.694  5.697  5.602  5.509  5.493  5.645  5.561  5.677  5.889  5.829  5.811  5.812  5.710  5.391  5.537  5.655  5.642
5.945  5.846  5.938  5.746  5.916  5.903  6.004  5.892  6.180  6.248  5.961  6.127  6.153  6.111  6.127  5.866  5.844  5.820  5.948  5.922  6.040  5.849  6.100  5.919  5.823  5.966  5.889  5.726  5.736  5.768  5.733  5.620  5.682  5.886  5.927  5.916  5.864  5.595  5.620  5.788  5.697  5.808
8.152  7.944  8.064  8.104  8.122  8.111  7.836  8.070  7.985  8.168  8.136  8.137  8.148  8.071  8.182  7.875  7.601  8.066  8.009  7.937  7.784  7.602  7.749  7.660  7.948  7.910  7.845  7.948  7.505  7.635  7.801  7.629  7.893  7.929  7.800  7.936  7.810  8.095  8.027  8.032  7.838  7.979
6.103  6.057  6.194  6.299  6.231  6.219  5.894  6.064  6.144  6.229  6.292  6.381  6.223  6.155  6.410  5.869  5.602  5.852  6.198  6.003  5.945  5.561  5.802  5.775  5.940  5.974  5.838  5.756  5.268  5.525  5.798  5.557  5.976  5.947  5.853  6.151  5.826  6.000  5.771  5.940  5.869  6.019
7.227  6.955  7.222  7.033  7.187  7.231  7.084  7.184  7.125  7.288  7.143  7.268  7.252  7.175  7.223  7.060  6.972  7.305  7.225  7.032  7.093  7.026  7.085  7.051  7.143  7.165  7.054  7.158  6.962  6.973  6.910  6.982  6.971  7.167  7.100  7.079  7.161  7.223  7.121  7.199  7.040  7.116
5.580  5.425  5.429  5.481  5.577  5.572  5.553  5.533  5.507  5.684  5.638  5.572  5.724  5.694  5.702  5.535  5.455  5.771  5.587  5.533  5.638  5.578  5.561  5.442  5.468  5.546  5.525  5.452  5.273  5.371  5.371  5.354  5.328  5.481  5.366  5.545  5.467  5.485  5.476  5.517  5.379  5.412
8.065  7.903  7.975  7.869  8.042  8.022  7.765  7.964  7.952  8.017  8.056  8.006  8.059  8.034  8.052  7.962  7.578  8.116  7.998  7.896  7.738  7.740  7.893  7.851  7.741  7.806  7.837  7.796  7.653  7.686  7.854  7.584  7.784  7.847  7.720  7.861  7.845  8.047  8.056  8.050  7.720  7.911
6.359  6.326  6.217  6.133  6.282  6.279  6.073  6.236  6.198  6.284  6.465  6.254  6.404  6.513  6.469  6.246  5.787  6.389  6.378  6.132  6.157  6.125  6.368  6.381  5.953  6.079  6.132  6.309  5.753  5.811  6.174  5.753  5.927  5.989  5.974  6.252  6.054  6.330  6.504  6.324  5.873  6.059
5.537  5.312  5.357  5.371  5.663  5.635  5.313  5.429  5.454  5.666  5.609  5.491  5.690  5.595  5.766  5.187  5.147  5.535  5.609  5.434  5.412  5.176  5.275  5.318  5.226  5.321  5.293  5.239  5.004  5.037  5.412  5.094  5.118  5.252  5.198  5.323  5.330  5.546  5.576  5.537  5.209  5.231
4.431  4.234  4.277  4.274  4.304  4.277  4.190  4.205  4.290  4.394  4.217  4.156  4.373  4.407  4.522  4.234  4.297  4.277  4.394  4.382  4.369  4.248  4.234  4.443  4.174  4.297  4.111  4.164  4.060  4.111  4.260  4.159  4.190  4.248  4.263  4.274  4.190  4.094  4.304  4.263  4.094  4.143
7.800  7.529  7.659  7.610  7.799  7.726  7.569  7.659  7.651  7.808  7.720  7.738  7.847  7.633  7.885  7.452  7.407  7.706  7.798  7.653  7.635  7.488  7.589  7.582  7.492  7.510  7.385  7.493  7.123  7.267  7.396  7.255  7.498  7.620  7.461  7.568  7.508  7.611  7.550  7.554  7.428  7.574
5.935  5.892  5.659  5.636  6.027  5.892  5.649  5.684  5.914  6.115  5.938  5.877  6.035  5.771  6.089  5.556  5.612  5.822  5.979  5.733  5.966  5.717  5.964  5.875  5.252  5.442  5.439  5.328  5.234  5.352  5.517  5.403  5.513  5.670  5.595  5.864  5.732  5.491  5.576  5.464  5.380  5.613
7.869  7.599  7.751  7.731  7.891  7.807  7.571  7.758  7.688  7.876  7.831  7.846  7.822  7.796  7.833  7.656  7.380  7.894  7.746  7.750  7.513  7.461  7.704  7.682  7.576  7.685  7.625  7.716  7.385  7.513  7.542  7.318  7.623  7.627  7.533  7.666  7.612  7.816  7.791  7.815  7.569  7.726
6.163  6.021  6.038  5.938  6.116  6.149  5.892  5.946  6.059  6.133  6.165  6.201  6.196  6.136  6.328  5.919  5.606  6.276  6.078  6.016  6.022  5.794  6.094  6.038  5.887  6.011  5.969  5.866  5.592  5.817  5.841  5.505  5.919  5.905  5.746  5.940  5.811  5.911  6.064  5.996  5.753  5.974
