4.854  4.663  4.970  4.745  4.852  4.820  4.913  4.828  4.745  4.902  4.820  5.004  4.866  4.787  5.037  4.727  4.727  4.754  4.875  4.940  4.887  4.843  4.836  4.934  4.844  4.812  4.714  4.745  4.625  4.718  4.700  4.847  4.745  4.820  4.949  4.852  4.804  4.777  4.635  4.762  4.575  4.771
4.898  4.745  4.860  4.812  4.811  4.836  4.843  4.860  4.900  4.958  4.852  4.905  4.881  4.758  5.037  4.868  4.802  4.736  5.024  5.004  5.086  4.836  4.866  4.913  4.779  4.663  4.595  4.718  4.635  4.554  4.644  4.796  4.796  4.844  4.787  4.860  4.754  4.907  4.771  4.756  4.779  4.754
7.639  7.451  7.520  7.415  7.498  7.630  7.494  7.576  7.503  7.669  7.720  7.600  7.584  7.507  7.620  7.479  7.302  7.562  7.568  7.487  7.569  7.442  7.538  7.462  7.348  7.320  7.407  7.436  7.254  7.311  7.577  7.339  7.366  7.377  7.467  7.512  7.533  7.532  7.483  7.490  7.489  7.456
7.161  6.998  7.070  6.982  7.016  7.191  7.135  7.030  7.131  7.185  7.234  7.127  7.148  7.062  7.132  7.035  6.931  6.996  7.082  6.967  7.166  7.103  7.090  7.160  6.870  6.931  6.968  6.987  6.849  6.953  7.127  6.923  6.921  6.954  6.975  7.054  7.163  7.047  6.950  7.017  6.967  6.954
4.848  4.595  4.564  4.593  4.644  4.700  4.727  4.730  4.700  4.890  4.875  4.779  4.718  4.554  4.771  4.654  4.500  4.745  4.796  4.843  4.663  4.625  4.605  4.765  4.443  4.633  4.533  4.500  4.605  4.489  4.564  4.452  4.554  4.588  4.585  4.585  4.543  4.541  4.605  4.466  4.443  4.543
4.013  3.892  3.928  3.970  3.689  3.784  4.007  3.850  4.007  4.078  3.892  4.127  3.985  3.951  4.108  3.850  3.867  3.780  4.078  4.060  4.135  4.025  3.784  4.069  3.761  3.892  3.802  3.784  3.658  3.689  3.892  3.892  3.912  3.892  3.871  3.871  3.892  3.714  3.892  3.829  3.584  3.761
5.318  5.313  5.162  5.192  5.204  5.231  5.333  5.242  5.338  5.429  5.283  5.371  5.361  5.293  5.318  5.198  5.308  5.273  5.324  5.156  5.328  5.268  5.297  5.256  5.063  5.081  5.187  5.043  5.003  5.096  5.142  5.069  5.024  5.195  5.209  5.273  5.230  5.112  5.088  5.043  5.124  5.193
4.533  4.673  4.413  4.304  4.407  4.369  4.644  4.595  4.615  4.635  4.500  4.718  4.583  4.466  4.760  4.500  4.654  4.559  4.595  4.522  4.663  4.575  4.673  4.691  4.489  4.522  4.344  4.407  4.443  4.446  4.489  4.644  4.500  4.466  4.522  4.500  4.394  4.419  4.404  4.546  4.382  4.382
5.159  5.027  5.043  5.209  5.130  5.097  5.147  5.075  5.175  5.313  5.278  5.220  5.165  5.193  5.219  4.887  4.977  5.069  5.323  5.037  5.318  5.161  5.004  5.112  4.898  4.843  4.997  4.947  4.831  4.875  5.135  4.905  4.898  4.934  5.004  5.100  5.050  5.099  5.094  4.883  4.881  4.956
5.193  5.219  4.977  5.268  5.209  5.277  5.277  5.305  5.218  5.557  5.384  5.278  5.305  5.159  5.364  5.219  5.150  5.268  5.298  5.204  5.378  5.278  5.100  5.333  5.130  5.140  5.077  5.030  4.999  5.069  5.187  5.112  5.088  5.178  5.147  5.236  5.176  5.170  5.094  5.017  5.019  4.997
4.407  4.174  4.745  4.564  4.443  4.466  4.477  4.454  4.615  4.635  4.511  4.477  4.344  4.500  4.710  4.743  4.407  4.554  4.673  4.705  4.635  4.628  4.543  4.575  4.481  4.357  4.419  4.354  4.301  4.666  4.344  4.564  4.564  4.431  4.533  4.317  4.394  4.605  4.304  4.431  4.492  4.382
5.447  5.437  5.352  5.323  5.403  5.425  5.442  5.268  5.338  5.394  5.398  5.631  5.247  5.485  5.493  5.467  5.268  5.263  5.361  5.464  5.545  5.318  5.517  5.371  5.256  5.288  5.365  5.182  5.011  5.182  5.451  5.338  5.226  5.257  5.303  5.421  5.366  5.338  5.303  5.273  5.112  5.323
4.511  4.469  4.317  4.407  4.443  4.419  4.401  4.428  4.369  4.605  4.248  4.392  4.536  4.585  4.498  4.443  4.171  4.454  4.659  4.477  4.344  4.369  4.443  4.317  4.543  4.489  4.304  4.263  4.094  4.190  4.369  4.174  4.025  4.392  4.277  4.431  4.348  4.148  4.317  4.407  4.246  4.625
3.784  3.932  3.951  3.871  3.802  3.807  3.989  3.807  3.829  4.060  3.784  3.942  4.217  4.174  4.159  3.714  3.761  3.807  4.094  3.989  3.947  3.970  3.947  3.733  3.829  3.892  3.802  3.738  3.780  3.784  3.807  3.761  3.676  3.784  3.714  3.912  3.664  3.733  3.689  3.611  3.684  3.892
5.042  4.852  4.913  5.017  4.920  4.934  4.860  5.037  4.796  5.147  4.990  4.970  5.017  5.039  5.053  4.875  4.812  4.868  4.956  5.063  4.997  4.745  4.984  4.898  4.836  4.812  4.836  4.963  4.682  4.700  4.828  4.796  4.736  5.100  4.970  4.942  4.840  4.949  4.979  4.990  4.812  4.898
4.625  4.700  4.644  4.585  4.573  4.625  4.543  4.595  4.407  4.762  4.773  4.736  4.875  4.796  4.754  4.975  4.745  4.779  4.585  4.489  4.644  4.575  4.691  4.687  4.475  4.443  4.344  4.452  4.344  4.466  4.554  4.477  4.317  4.525  4.454  4.585  4.500  4.541  4.369  4.595  4.317  4.466
4.605  4.575  4.440  4.554  4.503  4.575  4.522  4.460  4.625  4.640  4.509  4.700  4.575  4.583  4.633  4.564  4.511  4.543  4.500  4.663  4.673  4.564  4.522  4.543  4.522  4.443  4.564  4.443  4.369  4.241  4.533  4.635  4.489  4.613  4.595  4.546  4.431  4.350  4.452  4.407  4.354  4.500
5.094  4.860  4.977  4.997  5.011  5.024  5.069  4.904  5.039  5.130  5.093  5.124  5.118  5.023  5.195  5.094  4.949  4.970  5.037  5.159  5.236  4.977  4.990  5.112  4.905  4.734  4.860  4.942  4.852  4.771  5.027  4.970  4.883  5.170  5.100  5.032  4.977  4.819  4.997  4.889  4.832  4.883
7.928  7.621  7.837  7.852  7.748  7.787  7.727  7.834  7.773  8.003  7.822  7.951  7.863  7.747  7.823  7.675  7.684  7.730  7.899  7.918  7.814  7.774  7.713  7.719  7.738  7.780  7.634  7.658  7.489  7.582  7.654  7.669  7.768  7.770  7.795  7.674  7.679  7.845  7.731  7.742  7.751  7.779
7.574  7.308  7.452  7.452  7.443  7.419  7.390  7.476  7.505  7.667  7.516  7.575  7.545  7.448  7.506  7.384  7.326  7.354  7.570  7.570  7.413  7.441  7.415  7.443  7.437  7.474  7.334  7.307  7.120  7.245  7.313  7.261  7.395  7.461  7.437  7.391  7.371  7.402  7.339  7.412  7.337  7.402
3.555  3.696  3.466  3.550  3.738  3.466  3.541  3.651  3.689  3.526  3.526  3.871  3.861  3.871  3.714  3.611  3.714  3.584  3.664  3.761  3.892  3.761  3.829  3.738  3.664  3.555  3.638  3.611  3.526  3.466  3.664  3.738  3.638  3.651  3.664  3.807  3.570  3.497  4.620  3.490  3.578  3.611
3.325  3.434  3.401  3.395  3.526  3.555  3.466  3.434  3.401  3.401  3.170  3.497  3.773  3.584  3.784  3.367  3.584  3.401  3.526  3.584  3.584  3.497  3.367  3.466  3.367  3.459  3.401  3.466  3.332  3.332  3.459  3.512  3.526  3.497  3.332  3.466  3.497  3.401  3.332  3.434  3.332  3.332
4.871  4.732  4.804  4.968  4.986  4.794  4.786  4.832  4.844  4.875  4.745  4.820  4.949  4.804  5.056  4.699  4.635  4.771  4.956  4.893  4.816  4.745  4.752  4.682  4.727  4.691  4.615  4.605  4.575  4.554  4.623  4.771  4.949  4.820  4.682  4.760  4.673  4.920  4.786  4.682  4.762  4.905
3.807  3.839  3.850  3.932  4.004  3.850  3.871  3.947  3.871  3.892  3.584  3.807  4.025  3.912  3.989  3.757  3.784  3.664  3.888  3.867  3.908  3.757  3.714  3.784  3.757  3.714  3.689  3.664  3.638  3.714  3.689  3.829  3.829  3.871  3.714  3.709  3.584  3.761  3.780  3.761  3.738  3.638
5.429  5.301  5.297  5.384  5.598  5.501  5.252  5.493  5.447  5.371  5.517  5.464  5.565  5.513  5.635  5.283  5.198  5.371  5.481  5.407  5.447  5.421  5.421  5.533  5.298  5.204  5.252  5.270  4.984  5.207  5.273  5.361  5.357  5.357  5.293  5.338  5.215  5.298  5.361  5.403  5.257  5.170
5.106  5.112  5.133  5.162  5.165  5.124  5.242  5.030  5.118  5.112  5.220  5.263  5.278  5.198  5.342  5.080  4.997  5.069  5.250  5.209  5.283  5.118  5.158  5.242  5.037  5.056  5.075  4.997  4.905  4.905  5.088  5.165  5.017  5.094  5.159  5.170  5.069  5.209  5.112  4.979  4.984  4.949
5.204  4.920  4.963  4.979  5.118  5.176  5.030  5.068  5.066  5.236  5.209  5.170  5.263  5.313  5.247  5.039  5.017  5.130  5.209  5.236  5.220  5.094  5.139  5.130  4.852  4.828  5.088  4.963  4.836  4.913  4.994  4.820  5.004  5.069  5.106  5.063  4.927  5.106  5.088  4.927  4.843  5.094
4.875  4.754  4.796  4.787  4.984  4.875  4.710  4.844  4.824  4.977  4.875  4.898  4.984  4.949  5.032  4.860  4.682  4.984  4.924  4.947  4.997  4.836  4.858  4.968  4.691  4.682  4.844  4.820  4.498  4.736  4.779  4.673  4.812  4.804  4.796  4.771  4.779  4.875  4.949  4.644  4.575  4.875
4.575  4.357  4.407  4.527  4.625  4.443  4.394  4.407  4.543  4.605  4.357  4.543  4.691  4.489  4.663  4.454  4.392  4.443  4.682  4.615  4.638  4.543  4.369  4.498  4.376  4.446  4.344  4.446  4.263  4.220  4.466  4.277  4.382  4.344  4.475  4.477  4.317  4.477  4.401  4.416  4.443  4.511
4.382  4.094  4.443  4.369  4.511  4.344  4.288  4.335  4.220  4.431  4.369  4.357  4.564  4.431  4.511  4.344  4.205  4.202  4.564  4.605  4.505  4.382  4.331  4.419  4.205  4.274  4.277  4.212  4.043  4.004  4.263  4.094  4.290  4.111  4.297  4.304  4.260  4.382  4.234  4.234  4.205  4.382
4.143  4.111  4.174  4.124  4.304  4.111  4.025  4.234  4.078  4.197  4.143  4.205  4.246  4.220  4.143  4.094  4.174  4.174  4.234  4.277  4.263  4.263  4.094  4.354  4.190  4.111  4.220  4.205  4.174  4.007  4.078  3.970  3.850  4.277  4.156  4.111  4.234  4.043  4.078  3.970  4.060  4.263
4.043  3.714  3.912  3.761  3.867  3.664  3.638  3.807  3.829  3.795  3.738  3.807  3.970  3.970  3.970  3.850  3.892  3.871  4.016  3.912  3.970  3.932  3.912  3.892  3.784  3.871  3.795  3.829  3.807  3.761  3.664  3.584  4.016  3.638  3.784  3.733  3.611  3.761  3.721  3.638  3.726  3.802
