8.128  7.930  8.038  7.852  8.057  8.110  7.937  8.017  8.054  8.161  8.084  8.095  8.081  8.019  8.032  8.033  7.750  8.100  8.070  7.908  7.851  7.854  7.957  7.931  7.875  7.978  7.959  8.026  7.858  7.904  8.010  7.679  7.866  7.926  7.928  8.012  8.041  7.967  7.927  8.017  7.831  7.993
5.961  5.851  5.897  5.717  5.784  5.903  6.105  5.904  6.080  6.028  6.091  6.066  6.089  6.005  6.014  5.969  5.919  5.805  6.004  5.738  6.049  6.006  5.897  5.994  5.897  5.864  5.844  5.775  5.886  5.802  5.974  5.726  5.740  5.967  5.881  6.052  6.157  5.621  5.476  5.691  5.580  5.756
6.519  6.159  6.423  6.091  6.390  6.482  6.409  6.449  6.666  6.694  6.423  6.593  6.569  6.435  6.524  6.210  6.131  6.256  6.616  6.301  6.311  6.213  6.207  6.109  6.208  6.361  6.333  6.246  5.981  6.260  6.159  5.991  6.103  6.339  6.426  6.384  6.265  6.208  6.136  6.337  6.127  6.410
4.394  4.369  4.554  4.290  4.220  4.263  4.498  4.443  4.585  4.593  4.394  4.644  4.595  4.590  4.625  4.127  4.220  4.143  4.615  4.304  4.404  4.407  4.317  4.344  4.256  4.263  4.357  4.094  4.127  4.174  4.148  4.205  4.060  4.234  4.410  4.344  4.174  4.127  4.060  4.270  4.060  4.321
8.064  7.905  7.955  7.900  8.027  8.026  7.989  8.016  8.040  8.066  8.060  8.061  8.079  8.012  8.039  7.966  7.849  8.000  8.060  7.850  7.994  7.924  7.960  7.889  7.953  7.993  7.936  7.945  7.743  7.857  7.877  7.768  7.790  7.904  7.855  7.808  7.680  7.524  7.480  7.721  7.624  7.675
6.917  6.840  6.817  6.571  6.846  6.882  6.949  6.890  6.922  7.016  6.933  6.945  6.959  6.876  6.961  6.796  6.810  6.797  6.889  6.624  6.870  6.766  6.911  6.875  6.763  6.806  6.756  6.741  6.665  6.733  6.738  6.557  6.506  6.662  6.627  6.616  6.361  6.138  6.122  6.426  6.360  6.504
6.906  6.625  6.732  6.616  6.923  6.895  6.878  6.891  6.955  7.121  6.979  7.022  7.094  6.983  6.989  6.867  6.544  6.805  6.930  6.613  6.736  6.668  6.691  6.752  6.738  6.877  6.771  6.835  6.435  6.711  6.812  6.515  6.581  6.890  6.766  6.836  6.780  6.727  6.666  6.797  6.681  6.799
4.220  4.205  4.171  4.007  4.248  4.103  4.234  4.263  4.263  4.344  4.369  4.263  4.511  4.344  4.407  3.967  4.140  4.025  4.350  4.007  4.190  4.140  4.040  4.304  4.277  4.148  4.127  3.871  3.951  3.908  4.111  4.060  3.970  3.970  4.086  4.220  4.127  3.932  4.083  4.040  4.060  4.043
6.194  6.146  6.299  6.157  6.337  6.438  5.707  6.326  6.457  6.317  6.356  6.544  6.408  6.507  6.492  6.172  5.811  6.435  6.547  6.306  6.109  6.105  6.180  6.197  6.176  6.216  6.142  6.292  5.811  6.023  4.970  6.014  6.120  6.188  6.129  6.267  6.213  6.399  6.093  6.333  6.125  6.297
4.997  4.977  5.047  5.004  5.043  5.197  4.290  5.088  5.212  5.081  5.118  5.442  5.411  5.442  5.351  5.114  4.673  5.063  5.372  5.106  5.142  4.927  4.997  5.050  4.898  5.056  5.100  5.081  4.691  4.811  4.615  4.762  4.860  4.934  4.898  5.136  5.066  5.017  4.970  5.088  4.890  5.069
7.146  6.707  7.074  6.889  7.062  6.955  6.762  6.969  6.971  7.065  6.991  7.128  7.044  6.908  7.010  6.811  6.585  7.016  7.020  7.022  6.846  6.633  6.681  6.715  6.795  6.882  6.774  6.933  6.579  6.669  6.717  6.598  6.854  6.804  6.717  6.836  6.741  6.992  6.884  6.978  6.702  7.008
6.294  5.971  6.205  6.139  6.244  6.192  5.986  6.121  6.165  6.319  6.238  6.358  6.277  6.223  6.303  6.026  5.898  6.227  6.297  6.157  6.034  5.930  5.971  5.979  5.998  6.131  6.064  6.122  5.697  5.823  5.914  5.651  6.043  6.019  5.956  6.096  6.065  6.221  6.084  6.151  5.940  6.125
8.356  8.035  8.215  8.157  8.193  8.249  8.108  8.228  8.204  8.302  8.201  8.296  8.289  8.173  8.221  8.113  8.076  8.245  8.248  8.206  8.120  7.931  8.122  8.041  8.155  8.281  8.132  8.197  8.111  8.091  8.109  8.054  8.113  8.188  8.167  8.184  8.184  8.296  8.196  8.263  8.123  8.241
7.514  7.229  7.368  7.209  7.324  7.495  7.374  7.411  7.523  7.565  7.478  7.514  7.611  7.384  7.503  7.308  7.310  7.422  7.488  7.389  7.328  7.126  7.326  7.287  7.228  7.456  7.315  7.305  7.193  7.216  7.269  7.077  7.060  7.346  7.317  7.402  7.352  7.380  7.289  7.338  7.205  7.324
6.978  6.950  6.878  6.667  6.948  7.015  6.785  6.938  6.972  6.999  6.975  6.987  7.066  7.075  7.101  6.940  6.675  6.994  6.908  6.793  6.683  6.688  6.941  6.955  6.764  6.906  6.921  6.554  6.711  6.830  6.906  6.384  6.578  6.977  6.846  6.906  6.825  6.902  6.905  6.935  6.715  6.773
4.718  4.820  4.727  4.736  4.710  4.718  4.771  4.691  4.745  4.771  4.860  4.860  4.874  4.949  4.942  4.654  4.676  4.942  4.804  4.820  4.927  4.663  4.883  5.286  4.564  4.802  4.889  4.934  4.585  4.758  4.836  4.663  4.677  4.608  4.673  4.862  4.666  4.779  4.819  4.762  4.585  4.554
5.986  5.328  5.844  5.568  5.940  5.849  5.338  5.796  5.713  6.016  5.787  5.991  5.961  5.704  5.986  5.434  5.043  5.764  5.940  5.905  5.278  5.353  5.565  5.541  5.011  5.407  5.247  5.242  4.754  4.990  5.147  4.682  5.513  5.313  5.204  5.566  5.250  5.533  5.537  5.600  5.255  5.652
3.526  3.497  3.932  3.671  3.526  3.664  3.434  3.526  3.689  3.664  3.584  3.584  3.664  3.807  3.738  3.401  3.611  3.526  3.807  3.818  3.584  3.664  3.584  3.791  3.658  3.619  3.611  3.555  3.434  3.434  3.555  3.638  3.664  3.761  3.664  3.632  3.564  3.611  3.658  3.384  3.664  3.611
8.151  8.075  8.094  8.055  8.181  8.186  7.988  8.120  8.112  8.195  8.162  8.161  8.208  8.149  8.204  8.045  7.961  8.194  8.180  8.078  8.022  8.026  8.159  8.148  8.018  8.063  8.054  8.100  7.967  8.010  8.076  7.894  8.021  8.088  8.035  8.105  8.106  8.143  8.052  8.134  7.961  8.068
6.664  6.757  6.532  6.528  6.750  6.837  6.701  6.614  6.692  6.735  6.801  6.797  6.864  6.827  6.886  6.689  6.537  6.723  6.739  6.513  6.786  6.653  6.867  6.796  6.417  6.553  6.716  6.554  6.499  6.616  6.590  6.418  6.479  6.602  6.597  6.731  6.704  6.553  6.486  6.625  6.349  6.526
5.746  5.407  5.600  5.595  5.682  5.720  5.283  5.659  5.557  5.771  5.666  5.741  5.746  5.572  5.649  5.501  5.226  5.892  5.642  5.611  5.447  5.380  5.388  5.446  5.396  5.591  5.455  5.537  5.187  5.354  5.476  5.013  5.529  5.394  5.263  5.500  5.464  5.460  5.576  5.527  5.295  5.533
4.331  4.321  4.174  4.248  4.301  4.301  4.174  4.290  4.382  4.344  4.301  4.431  4.428  4.404  4.304  4.263  4.263  4.270  4.331  4.159  4.357  4.078  4.410  4.369  4.174  4.174  4.190  4.060  4.060  4.156  4.167  4.078  4.197  4.159  4.174  4.369  4.220  4.234  4.143  4.174  4.127  4.263
