5.303  5.081  5.136  5.088  5.055  5.201  5.106  5.050  5.257  5.247  5.091  5.273  5.187  5.075  5.181  5.075  4.883  5.146  4.956  5.080  5.153  5.094  5.165  5.231  5.130  5.164  5.153  5.004  4.905  5.024  4.963  4.831  4.984  4.990  4.977  5.118  5.043  5.004  5.006  5.081  4.934  4.970
4.898  4.771  4.511  4.718  4.615  4.743  4.812  4.605  4.771  4.934  4.804  4.898  4.718  4.691  4.700  4.717  4.509  4.585  4.522  4.625  4.929  4.786  4.625  4.779  4.700  4.710  4.578  4.466  4.530  4.603  4.605  4.659  4.680  4.530  4.673  4.700  4.677  4.564  4.554  4.554  4.443  4.787
5.517  5.298  5.409  5.215  5.501  5.509  5.416  5.464  5.501  5.416  5.407  5.489  5.511  5.446  5.472  5.384  5.179  5.407  5.472  5.464  5.421  5.397  5.312  5.464  5.170  5.352  5.438  5.464  5.129  5.193  5.273  5.220  5.268  5.283  5.354  5.247  5.303  5.446  5.352  5.468  5.220  5.451
4.644  4.431  4.575  4.533  4.583  4.564  4.557  4.552  4.595  4.718  4.511  4.595  4.663  4.673  4.700  4.533  4.331  4.663  4.615  4.663  4.610  4.466  4.500  4.527  4.431  4.585  4.562  4.466  4.304  4.317  4.564  4.159  4.344  4.431  4.331  4.500  4.443  4.575  4.522  4.522  4.431  4.443
5.081  4.844  4.727  4.754  4.920  4.997  5.100  5.026  5.056  5.063  4.844  5.069  5.017  5.081  5.037  4.875  4.691  4.920  5.075  4.766  5.004  4.977  4.875  4.800  4.843  5.011  4.754  4.754  4.736  4.860  4.844  4.662  4.860  5.024  5.063  4.997  4.913  4.905  4.812  4.836  4.927  4.852
3.555  3.434  3.526  3.401  3.497  3.497  3.466  3.555  3.555  3.526  3.450  3.466  3.829  3.526  3.466  3.296  3.497  3.332  3.664  3.745  3.664  3.555  3.526  3.526  3.555  3.526  3.296  3.367  3.466  3.401  3.450  3.434  3.526  3.401  3.555  3.434  3.401  3.401  3.332  3.490  3.434  3.497
5.394  5.063  5.313  5.252  5.178  5.278  5.338  5.318  5.272  5.434  5.307  5.387  5.466  5.337  5.396  5.203  4.958  5.286  5.479  5.268  5.247  5.106  5.142  5.100  5.272  5.323  5.152  5.231  5.030  5.075  5.147  5.030  5.170  5.193  5.238  5.204  5.193  5.247  5.094  5.247  5.089  5.278
4.060  4.127  4.194  4.111  4.341  4.407  4.234  4.277  4.151  4.357  4.231  4.234  4.270  4.248  4.205  4.127  4.127  4.060  4.111  4.159  4.205  4.111  4.078  4.224  4.274  4.234  4.197  4.174  3.888  4.040  3.989  4.190  4.127  4.380  4.248  4.212  4.094  3.947  4.060  3.932  3.912  4.217
6.426  6.170  6.157  6.256  6.247  6.248  6.190  6.291  6.273  6.522  6.463  6.378  6.360  6.363  6.402  6.269  6.011  6.340  6.308  6.203  6.190  6.061  6.194  6.234  6.170  6.100  6.109  6.310  5.996  6.055  6.330  5.994  6.153  6.140  6.121  6.178  6.176  6.301  6.261  6.344  6.034  6.219
6.382  6.237  6.279  6.317  6.184  6.297  6.332  6.295  6.300  6.447  6.402  6.320  6.394  6.310  6.357  6.265  6.144  6.282  6.304  6.248  6.346  6.248  6.256  6.378  6.234  6.201  6.215  6.152  6.109  6.151  6.299  6.154  6.242  6.252  6.291  6.332  6.313  6.215  6.230  6.197  6.206  6.217
6.677  6.545  6.450  6.616  6.588  6.639  6.482  6.583  6.609  6.752  6.822  6.655  6.661  6.657  6.703  6.590  6.399  6.612  6.593  6.548  6.596  6.417  6.611  6.607  6.378  6.428  6.435  6.431  6.330  6.413  6.640  6.331  6.447  6.354  6.407  6.526  6.533  6.582  6.584  6.503  6.405  6.418
5.807  5.759  5.595  5.702  5.714  5.749  5.688  5.742  5.743  5.897  5.866  5.782  5.872  5.802  5.897  5.645  5.628  5.596  5.707  5.749  5.829  5.670  5.669  5.749  5.464  5.576  5.595  5.594  5.521  5.624  5.749  5.529  5.633  5.652  5.659  5.737  5.628  5.673  5.685  5.558  5.656  5.591
6.443  6.400  6.279  6.340  6.531  6.573  6.436  6.455  6.411  6.465  6.399  6.636  6.328  6.455  6.537  6.433  6.159  6.368  6.507  6.411  6.493  6.438  6.535  6.504  6.310  6.380  6.365  6.409  6.252  6.409  6.486  6.335  6.263  6.335  6.444  6.368  6.466  6.431  6.310  6.213  6.318  5.576
7.010  7.120  6.944  6.991  7.090  7.217  7.182  7.089  7.098  7.120  7.090  7.293  6.983  7.109  7.155  7.105  6.941  7.012  7.186  7.051  7.219  7.053  7.199  7.205  7.004  7.020  7.044  7.028  6.937  7.002  7.177  7.063  6.869  7.075  7.133  7.147  7.227  6.990  6.942  6.859  6.943  6.260
5.088  4.984  4.990  5.004  5.100  5.036  4.977  5.165  5.094  5.349  5.142  5.215  5.215  5.100  5.267  5.050  4.970  4.951  5.112  5.043  5.075  5.069  5.063  4.808  5.011  5.081  5.170  4.927  4.811  4.836  5.047  5.063  4.997  5.209  5.074  5.004  5.100  5.081  5.004  4.893  5.037  5.003
4.682  4.382  4.575  4.443  4.454  4.522  4.419  4.511  4.500  4.654  4.588  4.625  4.635  4.477  4.691  4.522  4.407  4.443  4.575  4.633  4.431  4.511  4.475  4.605  4.263  4.407  4.407  4.407  4.263  4.274  4.486  4.277  4.514  4.407  4.543  4.454  4.304  4.419  4.354  4.564  4.304  4.394
5.267  5.231  5.204  4.804  5.193  5.349  5.231  5.283  5.371  5.170  5.106  5.323  5.374  5.416  5.407  5.159  5.064  5.338  5.283  5.209  5.342  5.112  5.220  5.182  5.193  5.153  5.242  5.176  4.927  5.056  5.153  5.182  5.118  5.257  5.298  5.147  5.176  5.056  4.940  5.187  4.920  5.081
4.143  4.078  3.951  3.829  4.094  3.989  4.190  4.043  4.159  4.174  3.784  3.989  4.143  4.190  4.194  4.043  4.057  4.103  4.174  4.205  4.190  4.094  4.111  3.989  3.871  3.951  4.078  4.007  3.784  3.850  3.871  3.807  3.970  3.912  3.970  4.007  4.099  3.989  3.784  4.099  3.908  4.007
5.371  5.278  5.100  5.231  5.183  5.236  5.204  5.130  5.298  5.446  5.359  5.365  5.352  5.170  5.231  5.159  5.088  5.293  5.172  5.135  5.247  5.056  5.262  5.242  4.927  5.130  5.089  5.176  4.843  5.021  4.927  4.977  5.050  5.146  5.037  5.176  5.118  4.990  5.192  5.118  5.056  5.086
5.396  5.384  5.400  5.332  5.231  5.425  5.313  5.403  5.429  5.562  5.501  5.474  5.472  5.264  5.425  5.263  5.366  5.380  5.349  5.509  5.493  5.476  5.468  5.418  5.123  5.209  5.311  5.242  5.106  5.283  5.272  5.130  5.147  5.282  5.257  5.283  5.242  5.195  5.342  5.268  5.112  5.231
5.344  5.142  5.521  5.442  5.460  5.517  5.389  5.323  5.425  5.438  5.372  5.497  5.617  5.454  5.495  5.354  5.257  5.481  5.505  5.476  5.425  5.354  5.296  5.242  5.247  5.293  5.252  5.247  5.017  5.112  5.106  5.231  5.308  5.448  5.293  5.257  5.347  5.403  5.448  5.334  5.352  5.464
5.209  5.043  5.117  5.111  5.159  5.246  5.278  5.263  5.187  5.323  5.268  5.263  5.525  5.126  5.460  5.109  5.209  5.069  5.257  5.168  5.467  5.238  5.246  5.273  5.153  5.142  5.061  5.081  4.836  5.037  5.094  4.984  5.136  5.204  5.209  5.278  5.252  5.069  5.032  5.056  5.037  5.153
4.836  4.554  4.828  4.718  4.357  4.787  4.511  4.700  4.977  4.847  4.691  4.717  4.717  4.595  4.758  4.357  4.691  4.585  4.663  4.860  4.605  4.489  4.489  4.644  4.787  4.654  4.498  4.673  4.605  4.494  4.407  4.652  4.564  4.575  4.703  4.533  4.367  4.557  4.533  4.694  4.682  4.543
4.514  3.989  4.174  3.980  3.829  4.094  3.989  4.025  5.043  4.536  3.850  4.248  4.220  4.248  4.522  4.007  3.951  3.912  4.248  4.511  3.932  3.970  4.174  4.690  4.234  3.989  4.234  4.363  4.357  3.850  3.912  4.595  4.394  4.007  4.676  4.111  3.932  3.892  3.850  4.317  4.357  4.554
7.860  7.607  7.749  7.818  7.852  7.806  7.750  7.725  7.749  7.961  7.811  7.869  7.945  7.723  7.956  7.803  7.794  7.809  7.838  7.867  7.870  7.754  7.681  7.705  7.701  7.748  7.649  7.641  7.593  7.615  7.588  7.718  7.752  7.766  7.769  7.730  7.740  7.810  7.725  7.688  7.704  7.752
8.044  7.906  7.940  8.040  7.972  7.961  8.007  7.957  7.950  8.124  7.992  8.062  8.109  7.930  8.078  7.918  8.007  7.952  8.016  8.040  8.072  7.981  7.915  7.984  7.909  7.955  7.870  7.827  7.883  7.882  7.845  7.947  7.935  7.998  8.047  7.985  7.944  7.970  7.908  7.860  7.905  7.895
4.431  3.947  4.431  4.220  4.304  4.317  4.205  4.348  4.290  4.516  4.248  4.492  4.585  4.382  4.663  4.187  4.159  4.317  4.522  4.248  4.234  4.111  4.190  4.143  4.094  4.301  4.143  4.179  3.989  4.127  4.048  3.807  4.317  4.231  4.094  4.369  4.256  4.388  4.277  4.284  4.140  4.290
3.611  3.555  3.664  3.584  3.611  3.497  3.611  3.584  3.605  3.651  3.611  3.578  3.638  3.684  3.824  3.564  3.611  3.570  3.784  3.871  3.684  3.714  3.611  3.638  3.584  3.555  3.619  4.595  3.434  3.555  3.526  3.638  3.835  3.555  3.497  3.638  3.497  3.584  3.520  3.428  3.555  3.689
4.304  4.094  4.234  4.263  4.398  4.290  4.111  4.380  4.344  4.458  4.060  4.392  4.431  4.263  4.543  4.127  4.043  4.277  4.522  4.431  4.174  3.932  4.143  4.060  4.179  4.086  4.069  4.234  3.989  3.970  3.850  4.025  4.143  4.025  4.171  4.205  4.277  4.209  4.174  4.288  4.190  4.263
3.611  3.466  3.714  3.689  3.550  3.611  3.638  3.584  3.714  3.684  3.555  3.733  3.912  3.829  3.892  3.584  3.714  3.564  3.850  3.850  3.850  3.401  3.584  3.638  3.611  3.555  3.592  3.526  3.401  3.434  3.497  3.526  3.555  3.555  3.638  3.714  3.497  3.584  3.638  3.578  3.555  3.714
4.727  4.394  4.522  4.718  4.593  4.644  4.489  4.595  4.533  4.691  4.522  4.585  4.804  4.635  4.718  4.543  4.500  4.754  4.727  4.673  4.625  4.466  4.505  4.454  4.466  4.498  4.431  4.564  4.431  4.317  4.382  4.357  4.676  4.593  4.554  4.554  4.407  4.605  4.348  4.369  4.625  4.671
4.174  4.060  4.043  4.171  4.025  4.060  4.025  3.850  4.099  4.060  3.932  4.220  4.060  4.190  4.220  3.985  3.951  4.043  4.227  4.174  4.127  4.043  3.995  3.908  3.807  3.871  3.970  3.932  3.738  3.761  3.951  3.932  3.951  4.007  4.007  3.932  4.025  3.985  3.807  3.892  3.951  3.989
