3.761  3.726  3.638  3.738  3.807  3.807  3.611  3.738  3.709  3.689  3.714  3.807  4.043  3.892  3.761  3.829  3.611  3.912  3.839  3.892  3.761  3.784  3.761  3.714  3.684  3.584  3.632  3.689  3.526  3.584  3.689  3.555  3.664  3.850  3.497  3.555  3.638  3.750  3.638  3.526  3.401  3.584
3.584  3.497  3.638  3.555  3.658  3.475  3.497  3.520  3.664  3.684  3.466  3.664  3.892  3.932  3.750  3.638  3.497  3.733  3.664  3.768  3.738  3.466  3.638  3.611  3.555  3.428  3.466  3.584  3.296  3.367  3.434  3.555  3.611  3.714  3.526  3.584  3.401  3.555  3.434  3.466  3.555  3.638
5.198  5.159  5.050  5.017  5.068  5.094  5.196  5.040  5.130  5.267  5.063  5.063  5.215  5.198  5.204  5.118  4.934  5.075  5.081  4.970  5.153  5.056  5.075  5.129  4.883  5.037  5.021  4.745  4.820  5.024  5.030  4.942  4.979  4.984  5.078  5.159  5.106  5.011  5.003  4.989  4.844  5.094
4.676  4.625  4.654  4.590  4.454  4.691  4.812  4.625  4.804  4.812  4.615  4.769  4.700  4.654  4.787  4.691  4.663  4.779  4.700  4.710  4.913  4.727  4.649  4.828  4.663  4.533  4.533  4.419  4.647  4.554  4.588  4.564  4.394  4.700  4.595  4.682  4.570  4.404  4.522  4.443  4.585  4.605
5.438  5.198  5.468  5.521  5.330  5.407  5.215  5.421  5.412  5.440  5.398  5.503  5.366  5.231  5.425  5.159  5.011  5.262  5.557  5.468  5.438  5.182  5.124  5.159  5.272  5.308  5.011  5.056  4.812  5.003  5.106  5.112  5.380  5.333  5.130  5.215  5.081  5.223  5.139  5.220  5.389  5.497
4.635  4.489  4.431  4.564  4.443  4.425  4.533  4.431  4.536  4.760  4.570  4.575  4.564  4.541  4.736  4.562  4.454  4.443  4.425  4.530  4.677  4.625  4.489  4.615  4.431  4.452  4.304  4.248  4.248  4.369  4.431  4.431  4.344  4.466  4.407  4.407  4.500  4.331  4.373  4.357  4.357  4.500
6.940  6.682  6.731  6.718  6.789  6.769  6.781  6.730  6.733  6.905  6.900  6.875  6.834  6.702  6.874  6.704  6.651  6.818  6.753  6.791  6.904  6.801  6.828  6.860  6.524  6.505  6.607  6.597  6.503  6.560  6.706  6.627  6.597  6.576  6.725  6.637  6.680  6.676  6.765  6.711  6.488  6.694
6.111  5.953  5.938  5.996  5.971  5.958  5.986  5.907  5.940  6.115  6.091  5.996  6.100  5.989  6.091  5.881  5.855  6.059  5.996  5.986  6.078  5.973  5.937  6.008  5.814  5.823  5.881  5.974  5.746  5.805  6.047  6.026  6.090  5.849  5.916  5.874  5.927  5.875  6.001  5.935  5.741  5.939
4.509  4.625  4.608  4.500  4.588  4.682  4.754  4.522  4.710  4.682  4.633  4.562  4.727  4.668  4.779  4.700  4.500  4.357  4.533  4.654  4.812  4.736  4.615  4.852  4.530  4.585  4.543  4.625  4.419  4.466  4.644  4.712  4.573  4.671  4.543  4.685  4.635  4.673  4.562  4.489  4.466  4.564
3.882  3.951  3.738  3.947  4.004  3.795  3.761  3.912  3.761  3.850  3.714  3.892  3.829  4.034  3.892  3.807  3.807  3.807  3.829  3.908  3.892  3.967  3.928  3.829  3.871  3.795  3.871  3.738  3.738  3.714  3.829  3.784  4.025  3.951  3.850  3.738  3.892  3.850  3.761  3.807  3.807  3.664
6.224  6.213  6.146  6.230  6.194  6.168  6.252  6.181  6.109  6.323  6.328  6.223  6.380  6.256  6.310  6.099  6.030  6.009  6.234  6.127  6.288  6.234  6.258  6.390  6.073  6.012  6.146  6.023  6.098  6.094  6.261  6.010  6.052  6.075  6.176  6.252  6.215  6.159  6.159  5.951  5.986  6.098
6.197  6.170  6.060  6.090  6.127  6.192  6.223  6.066  6.180  6.297  6.127  6.174  6.175  6.168  6.250  6.064  6.019  5.916  6.218  6.064  6.153  6.286  6.176  6.246  6.033  6.026  6.032  5.916  6.021  6.151  6.100  6.045  5.924  6.138  6.178  6.100  6.265  6.122  5.993  5.958  5.892  6.014
4.644  4.549  4.603  4.644  4.663  4.552  4.598  4.635  4.718  4.804  4.682  4.787  4.682  4.663  4.828  4.673  4.682  4.615  4.585  4.848  4.782  4.615  4.585  4.635  4.525  4.734  4.562  4.522  4.443  4.498  4.562  4.419  4.431  4.554  4.595  4.533  4.635  4.663  4.570  4.554  4.552  4.466
4.127  4.091  4.143  4.263  4.205  4.301  3.989  4.135  4.127  4.220  4.043  4.127  4.290  4.135  4.248  4.103  4.025  4.094  3.951  4.256  4.190  4.127  4.127  3.989  3.967  4.060  3.951  4.111  3.871  4.060  4.094  4.007  4.127  3.976  4.025  3.989  3.912  4.127  4.094  4.043  3.829  4.171
4.868  4.762  4.913  5.023  4.796  4.850  4.754  4.871  4.796  4.956  4.858  4.970  5.004  4.927  5.004  4.710  4.682  4.727  4.804  4.934  4.904  4.927  4.802  4.920  4.958  4.779  4.771  4.771  4.605  4.659  5.273  5.389  5.455  4.710  4.718  4.844  4.718  4.654  4.721  4.727  4.642  4.635
5.231  5.011  5.111  5.112  5.011  5.043  5.061  5.066  4.989  5.313  5.165  5.187  5.268  5.187  5.193  5.030  4.984  4.997  5.288  5.290  5.127  5.118  5.030  5.220  5.197  5.109  5.056  5.063  4.934  5.032  5.438  5.525  5.858  4.989  4.942  5.011  4.868  4.977  5.112  4.940  4.956  4.963
3.932  3.932  4.094  4.277  4.078  3.951  4.078  4.007  4.119  4.127  4.060  4.290  4.086  4.060  4.132  4.111  3.867  4.074  4.127  4.190  3.871  3.998  4.007  3.998  3.951  4.022  4.143  3.892  3.824  3.951  3.850  3.871  3.989  4.127  3.912  3.970  3.912  3.912  3.932  3.850  3.989  3.892
4.263  4.094  4.187  4.246  4.022  4.025  4.094  4.248  4.274  4.256  4.304  4.394  4.369  4.388  4.288  4.025  4.174  4.074  4.127  4.344  4.263  4.127  4.205  4.277  4.025  4.057  4.060  4.143  4.007  4.078  4.078  3.918  4.074  4.190  3.985  4.119  4.159  4.234  4.060  4.190  4.103  4.159
3.535  3.434  3.526  3.401  3.401  3.550  3.434  3.459  3.466  3.219  3.343  3.367  3.555  3.689  3.714  3.367  3.401  3.434  3.658  3.664  3.651  3.497  3.258  3.526  3.497  3.401  3.466  3.367  3.332  3.296  3.401  3.466  3.555  3.332  3.611  3.526  3.367  3.434  3.434  3.401  3.466  3.526
3.434  3.466  3.584  3.401  3.497  3.497  3.332  3.459  3.578  3.497  3.332  3.466  3.497  3.526  3.611  3.332  3.466  3.332  3.664  4.348  3.696  3.466  3.497  3.555  3.526  3.332  3.434  3.497  3.434  3.497  3.367  3.434  3.526  3.434  3.555  3.401  3.250  3.526  3.490  3.296  3.332  3.332
5.628  5.490  5.617  5.579  5.537  5.568  5.727  5.565  5.690  5.790  5.656  5.743  5.914  5.924  5.952  6.192  6.172  6.164  6.912  6.909  6.831  7.412  7.384  7.416  5.464  5.398  5.351  5.252  5.220  5.342  5.442  5.489  5.394  5.438  5.529  5.381  5.394  5.476  5.591  5.277  5.438  5.384
4.605  4.595  4.522  4.503  4.546  4.431  4.297  4.407  4.635  4.673  4.522  4.554  4.431  4.682  4.466  4.407  4.585  4.382  4.615  4.760  4.875  4.615  4.500  4.820  4.625  4.578  4.159  4.394  4.234  4.263  4.335  4.603  4.419  4.605  4.615  4.431  4.382  4.174  4.505  4.277  4.369  4.111
3.395  3.434  3.434  3.434  3.526  3.526  3.332  3.555  3.497  3.497  3.332  3.466  3.807  3.578  3.611  3.434  3.526  3.428  3.520  3.714  3.664  3.466  3.555  3.638  3.611  3.428  3.497  3.497  3.497  3.466  3.497  3.434  3.555  3.434  3.526  3.658  3.481  3.434  3.296  3.296  3.296  3.401
3.526  3.555  3.434  3.466  3.428  3.367  3.332  3.466  3.401  3.497  3.497  3.638  3.434  3.611  3.664  3.367  3.555  3.428  3.738  3.497  3.584  3.555  3.434  3.401  3.434  3.434  3.434  3.555  3.367  3.401  3.360  3.497  3.550  3.434  3.401  3.520  3.395  3.367  3.367  3.367  3.497  3.296
6.909  6.545  6.691  6.751  6.807  6.779  6.697  6.842  6.764  6.981  6.850  6.853  6.982  6.733  6.977  6.714  6.550  6.870  6.782  6.874  6.691  6.624  6.679  6.704  6.583  6.650  6.620  6.594  6.409  6.571  6.645  6.455  6.768  6.667  6.653  6.742  6.625  6.816  6.843  6.748  6.564  6.686
6.086  6.059  6.351  6.280  6.238  6.352  5.962  6.011  6.304  6.291  6.499  6.382  6.174  6.290  6.333  5.986  6.136  6.282  6.047  6.198  6.248  6.252  6.136  6.368  6.040  5.945  6.031  6.072  6.082  6.080  5.849  5.905  5.984  6.142  6.089  6.078  5.966  6.063  6.331  6.108  6.127  5.984
4.466  4.140  4.290  4.419  4.394  4.344  4.401  4.394  4.369  4.344  4.317  4.394  4.533  4.419  4.394  4.331  4.431  4.277  4.331  4.489  4.337  4.277  4.263  4.234  4.354  4.248  4.419  4.357  4.060  4.331  4.341  4.263  4.419  4.443  4.324  4.357  4.394  4.443  4.263  4.263  4.369  4.443
3.888  3.922  3.951  3.989  4.060  3.985  4.099  3.961  4.086  4.025  3.970  4.043  4.190  3.970  4.231  3.902  4.263  4.057  4.205  4.297  4.304  4.127  3.912  3.951  4.078  4.127  3.951  4.304  3.846  3.867  3.839  4.031  4.187  4.290  4.108  4.043  3.985  4.004  3.829  3.867  4.205  4.069
3.526  3.434  3.555  3.434  3.638  3.611  3.664  3.555  3.664  3.829  3.367  3.638  3.850  3.664  3.638  3.638  3.638  3.584  3.651  3.611  3.584  3.497  3.497  3.689  3.611  3.401  3.526  3.497  3.611  3.555  3.664  3.367  3.761  3.738  3.638  3.932  3.664  3.578  3.466  3.555  3.638  3.497
3.638  3.367  3.761  3.434  3.578  3.611  3.526  3.555  3.578  3.664  3.466  3.555  3.761  3.714  3.850  3.784  3.611  3.578  3.689  3.684  3.555  3.584  3.434  3.664  3.664  3.497  3.555  3.555  3.332  3.550  3.584  3.466  3.555  3.638  3.664  3.611  3.401  3.466  3.497  3.611  3.584  3.664
3.802  3.584  3.709  3.584  3.611  4.060  3.714  3.611  3.570  3.733  3.807  3.757  3.912  4.040  3.951  3.584  3.664  3.714  3.912  3.871  3.784  3.784  3.818  3.871  3.714  3.664  3.664  3.780  3.466  3.733  3.611  3.738  3.689  3.701  3.813  3.555  3.526  3.584  3.401  3.434  3.784  3.638
3.624  3.664  3.745  3.638  3.721  3.671  3.714  3.714  3.714  3.676  3.584  3.664  3.947  3.989  3.888  3.689  3.684  3.689  3.839  3.898  3.818  3.761  3.714  3.829  3.780  3.696  3.584  3.714  3.611  3.564  3.526  3.632  3.658  3.651  3.497  3.709  3.605  3.611  3.733  3.555  3.689  3.784
