8.803  8.613  8.586  8.606  8.782  8.799  8.792  8.813  8.805  8.957  8.849  8.814  8.832  8.814  8.799  8.713  8.612  8.651  8.749  8.662  8.659  8.690  8.701  8.571  8.646  8.715  8.677  8.638  8.445  8.605  8.575  8.406  8.552  8.703  8.765  8.736  8.682  8.642  8.582  8.626  8.565  8.650
7.014  6.878  6.578  6.673  6.872  6.961  7.097  6.969  7.052  7.221  7.088  7.058  7.064  7.035  7.039  6.837  6.805  6.660  6.721  6.797  6.781  6.941  6.912  6.782  6.526  6.700  6.671  6.497  6.373  6.540  6.526  6.265  6.565  6.698  6.759  6.801  6.697  6.488  6.603  6.513  6.373  6.570
9.238  8.996  9.174  9.036  9.153  9.191  9.113  9.188  9.142  9.266  9.220  9.181  9.155  9.112  9.147  9.015  8.828  9.033  8.948  9.123  9.092  9.018  9.111  9.037  9.128  9.135  9.076  9.142  8.923  8.977  9.070  8.952  9.048  9.163  9.118  9.143  9.168  9.157  9.044  9.153  9.044  9.144
8.393  8.195  8.253  8.112  8.254  8.364  8.302  8.327  8.369  8.438  8.351  8.345  8.286  8.277  8.316  8.039  7.821  8.042  7.826  8.153  8.283  8.155  8.264  8.204  8.225  8.250  8.150  8.131  7.958  8.087  8.089  7.948  8.116  8.321  8.229  8.277  8.287  8.129  8.041  8.159  8.075  8.196
7.862  7.409  7.701  7.513  7.778  7.747  7.733  7.834  7.897  8.051  7.812  7.862  7.839  7.802  7.802  7.640  7.316  7.653  7.929  7.457  7.656  7.505  7.536  7.457  7.567  7.559  7.519  7.315  6.988  7.336  7.308  7.142  7.455  7.609  7.672  7.645  7.401  7.532  7.532  7.540  7.397  7.624
5.617  5.451  5.677  5.429  5.442  5.521  5.808  5.799  5.937  5.892  5.680  5.737  5.670  5.606  5.756  5.407  5.361  5.182  5.705  5.346  5.765  5.609  5.517  5.529  5.432  5.308  5.215  4.754  4.762  4.977  5.063  5.069  5.310  5.555  5.434  5.468  5.017  5.050  5.069  4.949  5.004  5.277
8.862  8.557  8.749  8.588  8.779  8.805  8.652  8.784  8.761  8.940  8.848  8.781  8.836  8.781  8.797  8.672  8.461  8.762  8.848  8.713  8.582  8.539  8.669  8.534  8.636  8.754  8.660  8.762  8.427  8.556  8.670  8.370  8.564  8.710  8.656  8.725  8.612  8.722  8.710  8.774  8.555  8.680
7.402  7.128  7.282  7.063  7.252  7.334  7.286  7.365  7.361  7.563  7.415  7.387  7.471  7.366  7.388  7.246  6.966  7.218  7.346  7.098  7.207  7.098  7.191  7.190  7.078  7.209  7.204  7.181  6.798  7.025  7.138  6.780  6.936  7.187  7.175  7.251  7.147  7.078  7.146  7.128  6.919  7.033
9.391  9.303  9.286  9.223  9.385  9.391  9.353  9.357  9.372  9.472  9.456  9.409  9.443  9.411  9.433  9.350  9.192  9.333  9.371  9.287  9.322  9.281  9.381  9.299  9.285  9.341  9.318  9.343  9.185  9.230  9.349  9.171  9.202  9.357  9.331  9.362  9.379  9.341  9.302  9.360  9.255  9.280
8.397  8.426  8.209  8.084  8.355  8.452  8.447  8.307  8.450  8.500  8.601  8.414  8.490  8.531  8.559  8.385  8.248  8.306  8.372  8.152  8.443  8.380  8.498  8.445  8.110  8.288  8.295  8.261  8.163  8.205  8.334  8.087  8.055  8.320  8.317  8.417  8.431  8.200  8.235  8.234  8.014  8.147
7.121  6.836  6.946  6.774  7.115  7.180  7.198  7.069  7.147  7.295  7.171  7.212  7.294  7.184  7.315  7.138  6.958  7.215  7.215  6.839  7.085  7.048  7.035  6.933  7.069  7.084  7.016  7.059  6.698  6.947  7.021  6.882  6.704  7.189  7.126  7.047  7.096  6.849  6.845  7.032  6.791  6.967
5.273  5.238  5.176  4.963  5.130  5.170  5.262  5.100  5.283  5.493  5.371  5.288  5.507  5.303  5.398  5.226  5.072  5.088  5.182  5.069  5.086  5.136  5.231  5.342  5.017  5.226  5.172  5.016  4.977  5.043  5.124  4.820  4.949  5.234  5.242  5.198  5.198  4.938  4.959  4.970  4.762  4.963
8.759  8.434  8.651  8.522  8.729  8.689  8.513  8.640  8.580  8.810  8.753  8.697  8.705  8.629  8.719  8.424  8.158  8.510  8.664  8.544  8.529  8.416  8.541  8.457  8.400  8.515  8.444  8.484  8.167  8.296  8.425  8.170  8.415  8.512  8.429  8.513  8.422  8.539  8.549  8.554  8.433  8.488
7.320  7.258  7.208  7.047  7.388  7.319  7.303  7.237  7.343  7.574  7.451  7.311  7.432  7.302  7.464  6.975  6.668  7.060  7.325  7.129  7.287  7.189  7.284  7.317  6.939  6.977  7.025  6.841  6.702  6.895  7.060  6.789  6.828  7.072  7.075  7.172  7.029  6.955  7.020  7.011  6.795  6.935
8.581  8.353  8.388  8.351  8.553  8.448  8.381  8.522  8.501  8.650  8.583  8.583  8.589  8.537  8.554  8.409  8.193  8.496  8.576  8.434  8.345  8.279  8.353  8.266  8.418  8.514  8.386  8.471  8.126  8.196  8.405  8.146  8.289  8.465  8.396  8.452  8.374  8.494  8.417  8.481  8.355  8.407
7.268  7.276  7.085  6.978  7.292  7.329  7.366  7.209  7.351  7.467  7.429  7.454  7.492  7.389  7.499  7.313  7.059  7.186  7.394  7.097  7.231  7.131  7.206  7.225  7.167  7.250  7.172  7.147  6.912  7.093  7.202  6.960  6.840  7.298  7.151  7.328  7.251  7.014  7.052  7.105  6.977  6.963
9.143  9.105  9.092  9.021  9.141  9.220  9.140  9.157  9.193  9.164  9.090  9.180  9.230  9.231  9.206  9.156  9.011  9.182  9.216  9.122  9.137  9.116  9.179  9.081  9.177  9.225  9.143  9.206  9.023  9.054  9.139  9.048  9.066  9.219  9.181  9.159  9.183  9.111  8.966  9.166  9.118  9.090
8.637  8.668  8.537  8.466  8.617  8.719  8.666  8.652  8.749  8.612  8.582  8.679  8.760  8.782  8.742  8.663  8.463  8.707  8.716  8.581  8.646  8.676  8.766  8.646  8.622  8.681  8.651  8.671  8.400  8.502  8.657  8.506  8.515  8.715  8.668  8.687  8.712  8.535  8.370  8.614  8.552  8.547
9.251  9.127  9.143  9.118  9.199  9.194  8.994  9.144  9.095  9.260  9.287  9.200  9.281  9.242  9.250  9.117  8.968  9.177  9.216  9.193  9.040  8.997  9.102  9.073  9.087  9.157  9.047  9.147  8.912  8.903  9.139  8.927  8.989  9.116  9.103  9.142  9.042  9.184  9.139  9.149  9.046  9.091
8.240  8.197  8.081  8.072  8.226  8.172  8.092  8.070  8.127  8.369  8.361  8.229  8.344  8.309  8.319  8.140  7.958  8.115  8.249  8.143  8.097  8.006  8.170  8.200  8.055  8.092  7.996  8.048  7.834  7.874  8.092  7.763  7.900  8.079  8.042  8.175  8.037  8.059  8.081  8.061  7.926  8.010
9.406  9.240  9.368  9.360  9.407  9.386  9.288  9.399  9.361  9.401  9.414  9.375  9.406  9.396  9.433  9.294  9.134  9.392  9.404  9.373  9.277  9.240  9.299  9.239  9.327  9.383  9.272  9.368  9.154  9.159  9.269  9.196  9.286  9.352  9.307  9.324  9.293  9.413  9.360  9.410  9.297  9.324
8.923  8.852  8.873  8.881  8.930  8.965  8.860  8.879  8.959  8.959  9.002  8.954  9.003  9.020  9.044  8.882  8.698  8.932  8.983  8.882  8.874  8.817  8.944  8.895  8.886  8.946  8.846  8.894  8.684  8.732  8.834  8.733  8.789  8.923  8.859  8.952  8.898  8.907  8.851  8.946  8.836  8.862
8.809  8.621  8.690  8.668  8.786  8.820  8.698  8.757  8.731  8.852  8.792  8.810  8.816  8.751  8.824  8.705  8.590  8.814  8.785  8.699  8.665  8.584  8.698  8.678  8.757  8.819  8.751  8.783  8.659  8.644  8.678  8.594  8.659  8.796  8.722  8.719  8.713  8.791  8.722  8.808  8.660  8.731
6.558  6.621  6.475  6.413  6.588  6.627  6.624  6.468  6.603  6.773  6.720  6.717  6.758  6.553  6.727  6.532  6.397  6.590  6.616  6.430  6.646  6.502  6.704  6.739  6.452  6.658  6.636  6.439  6.585  6.512  6.422  6.290  6.296  6.553  6.560  6.588  6.536  6.368  6.468  6.443  6.236  6.375
9.341  9.178  9.286  9.311  9.342  9.307  9.217  9.331  9.264  9.377  9.324  9.354  9.352  9.292  9.338  9.269  9.177  9.360  9.342  9.332  9.259  9.205  9.275  9.211  9.327  9.375  9.255  9.332  9.183  9.181  9.229  9.163  9.297  9.368  9.311  9.269  9.256  9.353  9.238  9.362  9.302  9.315
8.472  8.414  8.455  8.444  8.489  8.528  8.439  8.496  8.543  8.623  8.517  8.577  8.622  8.525  8.639  8.458  8.367  8.492  8.555  8.479  8.505  8.416  8.549  8.459  8.498  8.585  8.469  8.420  8.312  8.368  8.404  8.249  8.403  8.577  8.500  8.517  8.494  8.491  8.295  8.478  8.457  8.443
9.161  9.024  9.072  9.083  9.146  9.119  8.992  9.089  9.055  9.199  9.150  9.099  9.149  9.116  9.162  9.046  8.888  9.168  9.104  9.092  8.975  9.002  9.081  9.051  8.997  9.066  9.051  9.122  8.999  8.981  9.058  8.931  9.018  9.079  9.007  9.052  9.058  9.165  9.106  9.175  8.981  9.023
8.037  7.939  7.968  8.025  8.157  8.129  7.957  8.021  8.099  8.153  8.118  8.138  8.142  8.101  8.160  7.980  7.751  8.138  8.040  7.985  7.911  7.888  8.076  8.062  7.870  7.944  7.958  7.982  7.879  7.929  7.934  7.701  7.915  7.967  7.880  8.013  7.961  8.028  7.994  8.090  7.862  7.981
8.282  7.859  8.205  8.155  8.235  8.259  8.034  8.274  8.261  8.315  8.196  8.298  8.351  8.178  8.326  8.028  7.878  8.183  8.358  8.348  8.080  8.034  8.083  8.034  8.108  8.244  8.057  8.057  7.731  7.920  7.959  7.658  8.156  8.220  8.067  8.110  8.005  8.099  8.016  8.193  8.139  8.232
5.465  5.209  5.461  5.293  5.429  5.553  5.394  5.476  5.624  5.598  5.273  5.553  5.687  5.407  5.652  5.223  5.172  5.236  5.600  5.529  5.455  5.416  5.352  5.288  5.521  5.357  5.308  5.088  4.718  5.091  5.123  4.663  5.278  5.434  5.263  5.434  5.209  5.412  4.990  5.313  5.112  5.342
9.426  9.300  9.344  9.315  9.386  9.370  9.314  9.400  9.340  9.431  9.421  9.376  9.404  9.397  9.372  9.352  9.255  9.422  9.355  9.330  9.268  9.294  9.357  9.340  9.353  9.402  9.356  9.437  9.299  9.304  9.346  9.240  9.284  9.388  9.363  9.361  9.334  9.447  9.355  9.420  9.297  9.327
8.307  8.184  8.178  8.092  8.227  8.266  8.149  8.191  8.254  8.317  8.307  8.311  8.307  8.330  8.305  8.216  8.022  8.254  8.152  8.142  8.041  8.116  8.276  8.304  8.071  8.275  8.188  8.292  8.039  8.170  8.186  7.887  7.997  8.184  8.148  8.276  8.140  8.262  8.209  8.205  8.007  8.154
8.895  8.579  8.840  8.799  8.926  8.878  8.651  8.857  8.770  8.970  8.871  8.861  8.879  8.781  8.865  8.658  8.460  8.855  8.902  8.875  8.671  8.561  8.745  8.676  8.627  8.755  8.631  8.771  8.473  8.531  8.576  8.447  8.771  8.734  8.661  8.760  8.638  8.893  8.790  8.845  8.725  8.805
7.818  7.537  7.735  7.648  7.855  7.814  7.616  7.757  7.769  7.959  7.825  7.809  7.860  7.782  7.902  7.551  7.317  7.755  7.847  7.723  7.701  7.519  7.693  7.676  7.528  7.640  7.622  7.554  7.223  7.391  7.464  7.188  7.569  7.634  7.527  7.714  7.544  7.666  7.589  7.653  7.487  7.647
8.560  8.463  8.457  8.496  8.568  8.576  8.517  8.552  8.589  8.646  8.614  8.593  8.678  8.634  8.660  8.541  8.459  8.571  8.655  8.542  8.545  8.544  8.581  8.573  8.583  8.666  8.540  8.578  8.439  8.484  8.515  8.427  8.485  8.641  8.594  8.590  8.574  8.561  8.463  8.514  8.481  8.544
6.620  6.545  6.653  6.571  6.628  6.662  6.724  6.602  6.764  6.764  6.726  6.758  6.895  6.816  6.828  6.586  6.592  6.677  6.778  6.607  6.819  6.752  6.736  6.713  6.589  6.723  6.599  6.516  6.469  6.498  6.483  6.446  6.586  6.719  6.685  6.760  6.576  6.582  6.524  6.513  6.543  7.261
9.134  8.920  9.063  9.027  9.099  9.079  8.980  9.067  9.046  9.131  9.055  9.084  9.094  9.096  9.095  9.013  8.945  9.137  9.061  9.068  8.960  8.982  8.984  8.983  9.063  9.089  9.033  9.160  8.933  8.980  9.006  8.932  9.033  9.081  9.063  9.053  9.015  9.165  9.077  9.105  9.022  9.070
8.378  8.166  8.293  8.287  8.325  8.295  8.239  8.285  8.351  8.370  8.261  8.383  8.372  8.342  8.396  8.236  8.085  8.341  8.321  8.295  8.210  8.207  8.277  8.289  8.228  8.306  8.281  8.391  8.076  8.209  8.245  8.128  8.239  8.283  8.253  8.338  8.229  8.379  8.272  8.275  8.190  8.252
5.298  4.628  5.170  4.875  5.204  5.050  4.796  5.159  5.014  5.263  5.075  5.170  5.203  5.118  5.442  4.620  4.691  5.193  5.454  5.429  5.247  4.934  5.081  5.155  4.511  4.511  4.543  4.489  4.094  4.394  4.585  4.277  4.920  4.828  4.700  5.011  4.564  4.754  4.783  4.762  4.511  4.860
3.332  3.466  3.367  3.526  3.332  3.332  3.258  3.395  3.332  3.296  3.091  3.296  3.497  3.526  3.497  3.332  3.401  3.611  3.475  3.428  3.664  3.497  3.296  3.332  3.466  3.428  3.466  3.332  3.434  3.401  3.178  3.411  3.332  3.296  3.490  3.512  3.367  3.367  3.332  3.258  3.296  3.459
