4.489  4.382  4.511  4.369  4.304  4.394  4.431  4.522  4.595  4.500  4.466  4.419  4.489  4.575  4.440  4.248  4.344  4.443  4.419  4.489  4.527  4.419  4.500  4.554  4.290  4.434  4.344  4.454  4.288  4.357  4.246  4.489  4.331  4.394  4.248  4.341  4.248  4.304  4.317  4.328  4.277  4.401
4.111  4.094  4.007  4.007  4.217  4.148  4.040  4.187  4.127  4.094  4.143  4.190  4.328  4.174  4.248  4.151  3.989  4.111  4.295  4.248  4.263  4.220  4.263  4.174  4.159  4.060  4.052  4.078  3.846  3.850  3.892  3.738  4.174  4.078  4.007  4.143  4.094  4.007  3.892  4.043  3.902  4.083
6.016  5.866  5.889  5.872  5.919  6.021  5.964  5.889  5.990  5.966  5.931  5.948  5.927  5.878  5.897  5.903  5.832  5.872  5.964  5.900  6.082  5.855  5.817  5.855  5.823  5.793  5.817  5.836  5.737  5.644  5.889  5.787  5.819  5.885  5.883  5.846  5.967  5.875  5.740  5.844  5.844  5.883
4.956  4.762  4.907  4.726  4.718  4.883  4.736  4.673  4.856  4.836  4.642  4.913  4.769  4.673  4.752  4.554  4.677  4.644  4.762  4.836  4.927  4.771  4.690  4.959  4.734  4.812  4.533  4.652  4.416  4.662  4.663  4.575  4.635  4.638  4.635  4.754  4.635  4.687  4.564  4.635  4.699  4.700
5.043  4.909  4.868  4.956  4.915  4.898  4.956  5.106  4.994  5.159  4.984  5.165  5.056  5.081  4.994  4.902  4.836  4.905  5.159  4.902  5.039  4.902  4.990  5.030  5.075  4.927  4.860  4.682  4.804  4.736  4.828  4.860  4.883  5.036  5.088  4.997  4.905  4.868  4.804  4.919  4.815  4.933
4.143  3.989  3.784  4.007  3.989  3.871  3.912  3.892  4.043  4.277  4.025  3.951  3.995  3.989  4.124  3.995  4.013  3.892  3.970  4.007  4.205  4.057  3.892  4.007  3.989  3.738  3.761  3.638  3.664  3.689  3.932  3.989  4.025  3.846  3.784  3.807  3.714  3.932  3.951  3.738  3.867  3.850
7.846  7.651  7.707  7.787  7.776  7.808  7.794  7.857  7.871  8.004  7.827  7.933  7.864  7.724  7.814  7.647  7.704  7.682  7.947  7.826  7.838  7.720  7.702  7.703  7.743  7.816  7.669  7.661  7.558  7.641  7.692  7.668  7.771  7.843  7.838  7.699  7.733  7.769  7.718  7.718  7.709  7.811
6.938  6.677  6.724  6.825  6.830  6.874  6.929  6.923  6.967  7.084  6.938  6.986  6.909  6.786  6.924  6.662  6.844  6.732  7.103  6.862  6.980  6.902  6.721  6.775  6.916  6.880  6.687  6.663  6.608  6.731  6.684  6.806  6.818  6.868  6.951  6.773  6.812  6.856  6.786  6.727  6.798  6.846
4.836  4.615  4.804  4.844  4.844  4.920  4.844  4.852  4.911  5.124  4.779  5.023  4.836  4.848  4.982  4.773  4.663  4.762  4.963  4.820  4.970  4.796  4.615  4.866  4.671  4.625  4.663  4.625  4.500  4.682  4.600  4.696  4.844  4.727  4.727  4.762  4.635  4.852  4.691  4.743  4.816  4.654
5.063  4.929  5.288  4.963  4.812  5.437  5.056  4.828  5.273  5.142  4.902  5.476  5.187  5.058  5.074  4.736  5.037  5.017  5.192  5.061  5.252  5.064  4.909  5.272  4.762  4.638  4.812  4.937  4.466  5.277  4.959  4.889  5.236  4.890  4.718  4.771  4.963  4.905  4.792  4.963  4.911  4.963
6.953  6.637  6.909  6.818  6.951  6.948  6.830  6.893  6.782  7.045  6.989  6.966  6.964  6.858  7.070  6.730  6.650  6.779  6.919  6.775  6.886  6.848  6.805  6.805  6.767  6.734  6.799  6.816  6.681  6.743  6.780  6.736  6.757  6.770  6.849  6.773  6.784  6.878  6.832  6.776  6.815  6.797
7.347  7.107  7.238  7.292  7.300  7.358  7.329  7.244  7.237  7.394  7.338  7.361  7.341  7.200  7.404  7.172  7.151  7.071  7.313  7.206  7.335  7.263  7.241  7.278  7.175  7.128  7.130  7.072  7.051  7.143  7.172  7.218  7.136  7.267  7.300  7.255  7.265  7.278  7.223  7.081  7.179  7.145
7.508  7.250  7.428  7.375  7.442  7.487  7.432  7.424  7.349  7.595  7.518  7.480  7.475  7.363  7.547  7.407  7.348  7.375  7.368  7.370  7.409  7.441  7.410  7.440  7.219  7.236  7.317  7.405  7.273  7.340  7.385  7.281  7.272  7.341  7.394  7.366  7.391  7.490  7.417  7.386  7.256  7.290
7.280  6.984  7.224  7.134  7.147  7.283  7.161  7.072  7.152  7.339  7.238  7.358  7.195  7.064  7.336  7.116  7.044  7.105  7.158  7.133  7.085  7.148  7.109  7.313  7.013  7.027  7.098  7.144  6.994  7.102  7.080  6.917  7.080  6.995  7.069  7.128  7.098  7.194  7.059  7.067  7.061  7.135
4.850  4.756  4.644  4.736  4.727  4.836  4.819  4.682  4.682  4.875  4.819  4.783  4.942  4.680  4.942  4.682  4.811  4.598  4.850  4.868  4.913  4.836  4.625  4.787  4.663  4.691  4.635  4.644  4.615  4.575  4.710  4.970  4.717  4.754  4.585  4.718  4.762  4.727  4.538  4.615  4.615  4.663
4.898  4.868  4.963  4.905  4.828  4.771  4.975  4.905  4.990  5.164  4.949  5.124  5.220  5.149  5.129  5.147  5.283  5.227  4.913  4.844  5.094  5.112  4.883  4.984  4.754  4.673  4.787  4.700  4.714  4.727  4.844  4.860  4.802  4.927  5.056  5.016  4.844  4.808  4.625  4.787  4.754  4.844
4.511  4.277  4.317  4.500  4.369  4.443  4.431  4.443  4.541  4.489  4.425  4.573  4.682  4.654  4.477  4.530  4.382  4.533  4.516  4.394  4.533  4.419  4.431  4.344  4.369  4.344  4.419  4.443  4.116  4.174  4.443  4.159  4.357  4.460  4.248  4.407  4.454  4.290  4.197  4.341  4.317  4.317
4.174  4.127  4.159  4.078  4.007  4.124  4.277  4.151  4.190  4.331  4.108  4.331  4.477  4.248  4.344  4.174  4.094  4.190  4.143  4.304  4.344  4.205  4.190  4.234  4.060  4.078  4.094  4.025  3.985  4.119  4.220  4.159  4.060  4.060  4.025  4.069  4.127  4.007  4.205  3.995  3.989  4.111
5.886  5.680  5.785  5.823  5.778  5.829  5.670  5.775  5.835  5.945  5.894  5.930  5.905  5.814  5.911  5.790  5.642  5.935  5.765  5.780  5.680  5.663  5.768  5.756  5.624  5.684  5.645  5.670  5.531  5.645  5.748  5.620  5.608  5.771  5.673  5.759  5.661  5.832  5.887  5.831  5.727  5.767
5.525  5.434  5.497  5.485  5.360  5.394  5.273  5.361  5.489  5.631  5.561  5.613  5.598  5.591  5.497  5.352  5.231  5.384  5.407  5.531  5.492  5.379  5.460  5.402  5.318  5.302  5.215  5.247  5.259  5.136  5.275  5.192  5.204  5.338  5.220  5.242  5.268  5.380  5.346  5.322  5.332  5.407
6.682  6.532  6.631  6.633  6.506  6.544  6.570  6.613  6.477  6.636  6.604  6.753  6.692  6.612  6.681  6.524  6.612  6.438  6.715  6.799  6.605  6.619  6.654  6.631  6.555  6.636  6.575  6.447  6.422  6.460  6.317  6.444  6.460  6.575  6.623  6.583  6.515  6.631  6.550  6.524  6.603  6.616
5.159  5.236  4.920  5.147  4.970  4.989  5.056  4.990  4.996  4.868  4.963  5.176  5.136  4.997  5.088  4.883  5.169  4.913  5.112  5.176  5.182  5.152  5.170  5.209  5.226  5.118  5.075  4.934  5.050  5.056  4.828  5.118  5.024  5.099  5.136  5.056  5.043  5.069  4.979  4.860  4.982  5.043
5.523  5.394  5.427  5.380  5.460  5.553  5.328  5.425  5.384  5.606  5.489  5.501  5.425  5.481  5.558  5.425  5.220  5.407  5.464  5.517  5.485  5.347  5.412  5.421  5.366  5.323  5.313  5.412  5.215  5.257  5.371  5.306  5.367  5.352  5.293  5.394  5.416  5.635  5.421  5.318  5.283  5.416
3.932  3.932  3.850  3.892  3.932  3.738  3.892  3.871  3.871  3.989  3.912  4.111  4.094  4.111  3.989  3.829  3.932  3.733  4.094  3.951  4.078  3.928  4.004  4.060  3.738  3.850  4.007  3.664  3.761  3.912  3.578  3.829  3.802  4.007  3.714  4.124  3.726  3.912  4.004  3.638  3.664  3.867
5.786  5.480  5.631  5.595  5.438  5.656  5.612  5.649  5.704  5.869  5.638  5.838  5.823  5.730  5.814  5.677  5.642  5.624  5.694  5.763  5.730  5.642  5.617  5.680  5.481  5.606  5.591  5.505  5.468  5.447  5.485  5.513  5.361  5.644  5.602  5.647  5.620  5.746  5.642  5.649  5.521  5.588
6.404  5.930  6.105  6.124  6.028  6.140  5.953  6.099  6.080  6.365  6.234  6.229  6.320  6.122  6.258  6.045  6.030  6.178  6.148  6.337  5.938  5.961  6.023  6.022  5.861  5.974  5.994  5.976  5.806  5.796  5.908  5.852  5.883  6.033  5.976  5.979  6.029  6.190  6.290  6.192  5.869  6.001
4.034  4.043  4.111  4.111  4.263  4.205  3.912  4.127  4.220  4.248  4.156  4.290  4.357  4.267  4.382  4.234  3.951  4.205  4.328  4.407  4.304  4.143  4.190  4.260  4.057  4.094  4.060  4.143  3.892  3.970  4.043  3.989  4.174  4.159  4.057  4.127  3.970  4.263  4.057  4.263  3.989  4.190
3.829  3.784  3.871  3.867  3.761  3.738  3.807  3.892  3.871  3.989  3.861  3.912  4.111  3.989  3.970  3.638  3.761  3.932  4.060  4.043  4.025  3.784  3.761  3.989  3.807  3.738  3.784  3.761  3.714  3.835  3.714  3.857  3.802  3.784  3.912  3.664  3.689  3.738  3.605  3.738  3.784  3.664
5.153  4.727  4.920  4.992  4.868  4.968  4.890  4.905  4.920  5.150  4.926  4.911  5.170  5.043  4.997  4.887  4.990  5.147  5.043  5.159  5.165  5.094  4.940  4.911  4.828  4.787  4.850  4.727  4.605  4.754  4.815  4.883  4.920  4.977  4.913  4.956  4.875  4.879  4.905  4.812  4.927  4.949
5.264  5.063  5.293  5.363  5.187  5.186  5.257  5.164  5.265  5.251  5.307  5.335  5.434  5.308  5.394  5.118  5.247  5.236  5.327  5.380  5.366  5.292  5.236  5.175  5.055  5.204  5.099  5.094  4.963  5.021  5.068  5.061  5.352  5.313  5.187  5.170  5.094  5.166  5.124  5.055  5.159  5.257
4.057  4.025  4.025  4.151  3.932  4.043  4.078  4.007  4.108  4.246  4.060  4.151  4.111  4.270  4.431  4.091  4.007  4.091  4.159  4.182  4.187  3.912  4.025  4.135  4.094  4.190  4.025  4.167  3.871  4.034  4.043  3.989  4.007  4.159  4.022  4.127  4.007  4.069  3.989  3.989  4.151  4.078
4.337  4.159  4.328  4.174  4.363  4.394  4.304  4.205  4.311  4.483  4.311  4.458  4.477  4.472  4.541  4.369  4.466  4.376  4.344  4.382  4.440  4.388  4.290  4.234  4.394  4.357  4.297  4.234  4.078  4.108  4.304  4.304  4.297  4.253  4.367  4.263  4.234  4.288  4.357  4.220  4.248  4.304
