6.781  6.654  6.620  6.446  6.637  6.738  6.603  6.680  6.645  6.717  6.669  6.672  6.681  6.590  6.666  6.545  6.301  6.576  6.589  6.555  6.587  6.446  6.596  6.560  6.443  6.489  6.456  6.413  6.218  6.340  6.571  6.152  6.314  6.514  6.430  6.584  6.633  6.512  6.258  6.479  6.420  6.567
5.193  5.169  4.963  5.017  5.030  5.075  4.927  4.920  5.142  5.069  5.056  5.100  4.945  5.043  5.136  4.997  4.866  4.879  4.970  4.965  5.182  5.037  5.030  5.198  4.860  4.792  4.786  4.749  4.700  4.718  4.827  4.668  4.889  4.909  4.682  5.027  4.858  4.727  4.605  4.718  4.625  4.871
7.958  7.727  7.870  7.768  7.838  7.876  7.779  7.808  7.828  7.916  7.794  7.892  7.780  7.709  7.743  7.620  7.462  7.709  7.908  7.767  7.761  7.708  7.781  7.658  7.836  7.858  7.809  7.785  7.621  7.723  7.757  7.692  7.736  7.833  7.823  7.787  7.773  7.839  7.796  7.876  7.716  7.896
6.865  6.680  6.767  6.655  6.763  6.743  6.698  6.797  6.780  6.927  6.753  6.824  6.721  6.628  6.717  6.463  6.417  6.590  6.854  6.620  6.723  6.609  6.617  6.551  6.682  6.742  6.669  6.548  6.489  6.592  6.601  6.468  6.584  6.742  6.685  6.692  6.672  6.654  6.629  6.695  6.475  6.693
7.571  7.139  7.393  7.269  7.454  7.533  7.283  7.465  7.383  7.677  7.537  7.539  7.588  7.452  7.588  7.296  6.945  7.390  7.525  7.370  7.304  7.128  7.251  7.165  7.151  7.299  7.298  7.289  6.971  7.050  7.217  6.969  7.215  7.316  7.186  7.352  7.307  7.337  7.247  7.378  7.163  7.339
5.905  5.781  5.659  5.591  5.822  5.805  5.842  5.799  5.861  6.086  5.908  6.002  6.098  5.886  6.011  5.723  5.442  5.521  5.897  5.616  5.902  5.776  5.864  5.753  5.476  5.587  5.648  5.476  5.303  5.497  5.680  5.421  5.476  5.656  5.635  5.787  5.729  5.480  5.375  5.541  5.328  5.476
7.011  6.524  7.054  6.930  7.000  7.065  6.862  7.044  7.073  7.113  6.881  7.148  7.144  6.964  7.018  6.736  6.698  6.799  7.151  7.016  6.976  6.787  6.726  6.585  7.024  7.080  6.805  6.872  6.542  6.709  6.648  6.696  6.823  7.060  6.898  6.838  6.892  6.945  6.773  6.886  6.916  7.025
5.431  5.124  5.485  5.187  5.357  5.375  5.361  5.497  5.598  5.687  5.451  5.553  5.617  5.553  5.552  5.338  5.118  5.162  5.546  5.505  5.425  5.313  5.308  5.242  5.170  5.521  5.308  5.345  5.147  5.293  5.118  4.890  5.115  5.438  5.257  5.421  5.318  5.165  5.017  5.212  5.200  5.313
8.429  8.244  8.283  8.360  8.353  8.332  8.082  8.282  8.229  8.413  8.370  8.362  8.357  8.343  8.385  8.251  7.969  8.391  8.346  8.265  8.049  8.071  8.242  8.197  8.270  8.270  8.232  8.324  8.085  8.071  8.271  7.999  8.202  8.228  8.111  8.201  8.181  8.425  8.329  8.397  8.168  8.283
7.721  7.655  7.541  7.668  7.658  7.667  7.549  7.540  7.613  7.738  7.681  7.709  7.744  7.723  7.782  7.630  7.360  7.632  7.671  7.504  7.507  7.487  7.631  7.614  7.607  7.604  7.589  7.591  7.460  7.442  7.600  7.428  7.497  7.613  7.553  7.615  7.601  7.684  7.609  7.645  7.463  7.547
5.705  5.613  5.609  5.647  5.752  5.861  5.523  5.670  5.642  5.778  5.776  5.765  5.771  5.710  5.866  5.657  5.357  5.802  5.872  5.666  5.559  5.470  5.585  5.602  5.513  5.593  5.595  5.589  5.431  5.394  5.509  5.381  5.489  5.561  5.468  5.733  5.606  5.561  5.533  5.624  5.455  5.523
4.649  4.820  4.458  4.522  4.787  4.736  4.618  4.654  4.762  4.659  4.640  4.663  4.898  4.771  4.956  4.705  4.652  4.635  4.868  4.682  4.844  4.509  4.779  4.754  4.700  4.440  4.654  4.610  4.407  4.511  4.554  4.466  4.376  4.663  4.567  4.779  4.771  4.564  4.615  4.419  4.440  4.644
8.147  7.979  7.983  8.004  8.026  8.055  7.961  7.992  8.014  8.127  8.038  8.086  8.185  8.082  8.073  7.920  7.877  8.034  8.096  8.040  7.916  7.948  8.055  8.048  7.972  8.148  7.989  7.935  7.897  7.796  7.958  7.745  7.890  8.065  7.954  8.050  8.046  7.976  7.904  7.982  7.923  7.983
6.943  6.872  6.796  6.765  6.912  6.920  6.871  6.841  6.833  6.942  6.948  6.850  7.055  6.868  7.028  6.770  6.799  6.903  6.977  6.906  6.805  6.790  6.863  6.897  6.735  6.861  6.644  6.510  6.583  6.522  6.664  6.450  6.535  6.783  6.711  6.788  6.681  6.650  6.728  6.629  6.655  6.657
6.297  5.862  6.189  5.753  6.373  6.405  5.738  6.166  5.921  5.869  6.287  6.168  6.270  6.263  6.310  5.993  5.329  6.495  5.978  5.984  5.796  5.620  6.021  6.014  5.315  5.628  5.779  6.026  5.347  5.541  5.724  5.257  5.781  5.620  5.620  5.905  5.597  6.140  6.165  6.240  5.543  5.991
4.942  4.736  4.762  4.745  4.887  5.017  4.673  4.762  4.583  4.419  4.782  4.913  4.999  4.963  5.124  4.718  4.505  4.883  4.852  4.811  4.644  4.663  4.864  4.922  4.404  4.431  4.593  4.680  4.533  4.549  4.635  4.304  4.699  4.466  4.369  4.796  4.511  4.691  4.734  4.779  4.446  4.673
8.186  7.980  8.080  8.040  8.170  8.198  7.991  8.102  8.073  8.225  8.209  8.172  8.200  8.125  8.199  7.978  7.821  8.210  8.171  8.062  7.991  7.930  8.032  7.993  7.977  8.120  8.048  8.159  7.954  7.958  8.023  7.923  8.022  8.082  8.041  8.090  8.058  8.205  8.174  8.178  7.976  8.068
6.682  6.697  6.535  6.518  6.778  6.749  6.692  6.616  6.729  6.829  6.880  6.707  6.835  6.766  6.906  6.689  6.486  6.702  6.736  6.553  6.688  6.558  6.744  6.720  6.420  6.623  6.697  6.639  6.538  6.609  6.600  6.402  6.410  6.594  6.662  6.673  6.635  6.600  6.675  6.663  6.488  6.616
7.898  7.612  7.716  7.761  7.853  7.800  7.569  7.739  7.684  7.866  7.767  7.787  7.834  7.711  7.774  7.675  7.377  7.861  7.857  7.770  7.559  7.532  7.665  7.640  7.574  7.666  7.609  7.795  7.444  7.526  7.616  7.410  7.676  7.663  7.557  7.672  7.641  7.829  7.757  7.810  7.562  7.786
7.059  6.950  6.940  7.072  7.038  7.040  6.811  6.920  6.930  7.079  7.061  6.986  7.053  6.999  7.022  6.938  6.658  7.042  7.083  7.052  6.881  6.817  6.973  7.019  6.746  6.906  6.912  7.005  6.736  6.804  6.862  6.637  6.888  6.908  6.774  6.991  6.922  7.031  6.932  6.968  6.837  7.000
7.592  7.371  7.457  7.444  7.754  7.576  7.332  7.516  7.522  7.621  7.620  7.555  7.564  7.607  7.635  7.345  7.220  7.620  7.608  7.493  7.463  7.300  7.391  7.477  7.335  7.375  7.341  7.480  7.061  7.245  7.305  7.205  7.459  7.456  7.413  7.451  7.325  7.518  7.502  7.471  7.357  7.441
6.644  6.514  6.512  6.554  6.574  6.557  6.385  6.540  6.555  6.667  6.703  6.579  6.680  6.642  6.802  6.382  6.321  6.575  6.616  6.583  6.607  6.380  6.518  6.567  6.248  6.353  6.312  6.310  5.955  6.203  6.346  6.105  6.471  6.498  6.404  6.504  6.286  6.489  6.534  6.471  6.299  6.418
