4.344  4.159  4.231  4.022  4.182  4.431  4.649  4.094  4.500  4.277  4.416  4.127  4.331  4.380  4.277  4.620  4.304  4.407  4.357  4.274  4.174  4.736  4.419  4.543  4.425  4.016  3.738  4.331  3.757  4.248  4.263  4.369  4.205  4.754  4.357  4.382  4.536  4.202  4.022  4.205  3.689  4.025
3.258  3.332  3.434  3.367  3.450  3.332  3.219  3.332  3.466  3.689  3.332  3.526  3.367  3.689  3.658  3.466  3.401  3.490  3.658  3.664  3.555  3.332  3.611  3.555  3.497  3.401  3.401  3.526  3.411  3.434  3.332  3.360  3.434  3.526  3.401  3.296  3.428  3.367  3.434  3.555  3.332  3.296
6.431  6.395  6.412  6.301  6.354  6.448  6.475  6.297  6.526  6.569  6.519  6.512  6.497  6.392  6.430  6.472  6.413  6.366  6.454  6.368  6.562  6.447  6.477  6.526  6.267  6.377  6.323  6.240  6.172  6.175  6.288  6.230  6.217  6.397  6.339  6.373  6.458  6.375  6.301  6.319  6.252  6.354
5.501  5.517  5.439  5.416  5.447  5.467  5.541  5.239  5.663  5.464  5.521  5.451  5.509  5.468  5.451  5.440  5.438  5.323  5.484  5.416  5.694  5.600  5.460  5.666  5.308  5.293  5.361  5.257  5.182  5.176  5.283  5.403  5.303  5.403  5.283  5.493  5.493  5.375  5.375  5.351  5.193  5.407
4.234  4.143  4.331  4.190  4.317  4.277  4.337  4.357  4.500  4.460  4.331  4.552  4.466  4.304  4.477  4.317  4.190  4.277  4.489  4.263  4.231  4.267  4.234  4.304  4.094  4.234  4.140  4.043  3.850  4.277  4.060  4.111  4.025  4.464  4.466  4.234  4.094  4.124  3.942  4.094  4.234  4.174
3.638  3.584  3.738  3.611  3.555  3.497  3.584  3.664  3.611  3.857  3.526  3.784  3.829  3.784  3.912  3.784  3.714  3.829  3.714  3.829  3.867  3.676  3.555  3.738  3.824  3.701  3.714  3.611  3.555  3.466  3.466  3.638  3.714  3.795  3.555  3.526  3.738  3.638  3.526  3.434  3.466  3.738
4.927  4.710  4.796  4.726  4.934  4.868  4.718  4.836  4.913  4.990  4.850  4.986  4.919  4.868  4.836  4.852  4.605  4.762  4.927  4.771  4.705  4.520  4.796  4.710  4.700  4.827  4.816  4.762  4.625  4.543  4.682  4.489  4.663  4.748  4.852  4.852  4.710  4.717  4.762  4.732  4.583  4.745
3.638  3.846  3.733  3.584  3.784  3.550  3.829  3.738  3.773  3.892  3.584  3.784  3.908  3.850  3.835  3.850  3.871  3.578  3.892  3.784  3.714  3.761  3.714  3.784  3.714  3.807  3.829  3.709  3.526  3.664  3.638  3.605  3.658  3.784  3.664  3.664  3.733  3.526  3.664  3.709  3.497  3.738
5.069  4.734  4.956  4.828  5.075  4.996  5.037  4.864  5.007  5.056  4.931  5.175  5.159  5.081  5.088  4.920  4.682  4.944  5.089  4.828  4.881  4.794  4.913  4.875  4.949  4.949  4.779  4.782  4.663  4.652  4.828  4.673  4.585  4.949  4.787  4.718  4.839  4.796  4.700  4.804  4.736  4.804
4.111  3.871  3.784  3.912  4.025  3.871  3.912  3.829  3.967  4.094  3.898  4.159  4.220  4.167  4.171  3.951  3.892  3.912  3.989  3.989  4.078  3.989  4.078  4.007  3.908  3.938  3.784  3.824  3.638  3.738  4.022  3.714  3.784  3.850  3.970  3.967  3.932  3.733  3.824  3.784  3.957  4.004
4.043  4.174  4.263  4.174  4.094  4.127  4.143  3.932  4.111  4.304  4.091  4.304  4.174  4.040  4.231  4.034  4.078  4.127  4.234  4.304  4.277  4.078  4.060  4.127  4.156  4.025  4.094  3.970  3.867  3.989  4.116  4.078  4.127  4.078  4.159  4.111  3.970  3.912  3.871  4.007  4.111  4.111
3.871  3.871  3.912  4.043  3.761  4.025  3.871  3.784  4.074  3.998  3.795  3.951  3.970  3.912  4.231  4.048  3.908  3.807  4.205  4.094  4.007  4.025  3.970  3.970  3.892  3.967  3.995  3.664  3.761  3.829  3.892  3.912  3.970  4.007  3.951  3.807  3.850  3.750  3.989  3.676  3.892  3.871
5.894  5.656  6.001  5.684  5.811  5.846  5.872  5.864  5.683  5.892  5.991  5.513  5.914  5.850  5.892  5.785  5.765  5.859  5.826  5.690  5.925  5.743  5.704  5.707  5.613  5.568  5.628  5.714  5.425  5.581  5.645  5.616  5.684  5.572  5.609  5.624  5.580  5.717  5.833  5.775  5.710  5.737
6.358  6.293  6.159  6.142  6.289  6.395  6.337  6.245  6.303  6.439  6.562  6.094  6.500  6.426  6.495  6.495  6.361  6.619  6.256  6.153  6.301  6.238  6.360  6.315  6.073  6.004  6.188  6.229  6.052  6.090  6.379  6.154  6.058  6.125  6.237  6.254  6.203  6.240  6.384  6.349  6.153  6.170
5.523  5.176  5.529  5.521  5.459  5.509  5.241  5.404  5.429  5.591  5.434  5.631  5.398  5.384  5.587  5.259  5.142  5.371  5.447  5.451  5.434  5.297  5.231  5.198  5.246  5.135  5.231  5.278  4.997  5.170  5.209  5.207  5.434  5.332  5.318  5.328  5.244  5.460  5.447  5.318  5.328  5.386
6.027  5.759  6.021  5.805  5.815  5.919  6.014  5.838  6.033  5.894  5.909  5.948  5.930  5.820  6.038  5.813  5.724  6.019  5.958  5.903  5.938  5.811  5.704  6.050  5.801  5.710  5.849  5.652  5.537  5.673  5.690  5.669  6.038  5.784  5.727  5.832  5.746  5.694  5.635  5.740  5.825  5.829
4.673  4.466  4.710  4.603  4.734  4.677  4.575  4.717  4.682  4.828  4.666  4.779  4.850  4.691  4.787  4.585  4.543  4.605  4.573  4.782  4.575  4.431  4.543  4.710  4.533  4.644  4.443  4.595  4.290  4.492  4.382  4.392  4.500  4.516  4.382  4.503  4.472  4.682  4.466  4.682  4.585  4.625
3.497  3.584  3.761  3.611  3.721  3.497  3.555  3.526  3.664  3.466  3.520  3.555  3.829  3.795  3.807  3.497  3.709  3.459  3.555  3.807  3.555  3.689  3.584  3.611  3.584  3.584  3.555  3.520  3.584  3.497  3.466  3.664  3.611  3.506  3.466  3.550  3.526  3.689  3.526  3.658  3.434  3.689
6.457  6.297  6.292  6.297  6.385  6.284  6.194  6.312  6.166  6.394  6.485  6.269  6.483  6.365  6.387  6.309  6.026  6.461  6.258  6.356  6.165  6.168  6.289  6.217  5.976  6.107  6.096  6.163  5.953  5.908  6.219  5.889  6.080  6.047  6.045  6.199  6.120  6.297  6.344  6.232  5.991  6.068
6.161  6.094  6.107  6.143  6.142  6.078  5.911  6.122  5.981  6.230  6.301  6.129  6.265  6.279  6.223  6.122  5.919  6.280  5.996  6.114  6.082  6.012  6.110  6.038  5.740  5.905  5.940  6.064  5.903  5.922  6.091  5.864  5.989  5.979  5.986  6.052  5.945  6.188  6.176  6.174  5.825  5.981
4.078  3.892  4.060  4.127  4.171  4.263  3.807  4.127  3.932  4.297  4.025  4.167  4.369  4.277  4.344  4.111  3.780  4.331  4.143  4.060  4.043  4.007  4.159  4.151  3.961  4.025  3.932  4.094  3.738  3.942  4.094  3.871  3.829  3.892  3.807  4.060  3.938  4.057  3.961  4.190  3.912  3.932
3.738  3.584  3.526  4.220  3.714  3.701  3.714  3.714  3.738  3.882  3.526  3.611  3.908  3.738  3.807  3.475  3.761  3.784  3.714  3.689  3.807  3.664  3.611  3.784  3.584  3.497  3.466  3.658  3.555  3.555  3.459  3.611  3.434  3.555  3.401  3.584  3.395  3.578  3.578  3.497  3.466  3.526
4.043  3.932  3.738  3.761  3.970  4.007  3.829  3.951  3.970  3.888  4.078  3.967  4.290  4.220  4.111  3.824  3.807  4.043  4.007  4.043  3.970  3.846  3.892  3.780  3.714  3.689  3.892  3.761  3.555  3.684  3.871  3.611  3.684  3.701  3.689  3.761  3.689  3.912  3.912  3.970  3.676  3.807
3.367  3.332  3.466  3.314  3.296  3.367  3.258  3.258  3.296  3.497  3.219  3.367  3.401  3.434  3.526  3.307  3.497  3.332  3.526  3.526  3.638  3.434  3.258  3.401  3.367  3.258  3.466  3.219  3.332  3.367  3.520  3.401  3.296  3.178  3.367  3.178  3.091  3.466  3.296  3.332  3.296  3.135
5.242  5.049  5.023  5.182  5.226  5.165  5.142  5.204  5.118  5.198  5.081  5.121  5.282  5.176  5.215  5.172  5.006  5.117  5.185  5.149  5.063  5.056  5.088  5.159  5.056  5.164  5.037  5.006  4.963  4.844  5.100  4.913  5.117  5.108  5.074  5.050  5.142  5.159  4.883  5.133  4.883  5.127
4.127  4.111  4.277  4.277  4.248  4.078  4.234  4.159  4.205  4.159  4.078  4.174  4.290  4.224  4.394  4.182  4.277  4.304  4.543  4.220  4.317  4.304  4.263  4.369  4.159  4.274  4.290  4.111  4.007  4.060  4.174  4.127  4.552  4.220  4.369  4.263  4.127  4.205  4.127  4.156  4.111  4.007
4.025  3.892  3.829  3.714  4.078  3.970  3.605  4.078  3.932  3.970  3.802  4.025  4.190  4.043  4.234  3.932  3.829  3.850  3.898  4.194  3.912  3.784  3.829  3.738  3.784  3.684  3.689  3.829  3.555  3.638  3.892  3.632  3.892  3.780  3.807  3.938  3.664  3.989  3.871  3.912  3.664  3.846
3.332  3.332  3.434  3.332  3.434  3.395  3.296  3.490  3.584  3.401  3.360  3.401  3.664  3.584  3.611  3.490  3.520  3.296  3.497  3.466  3.761  3.367  3.367  3.497  3.466  3.434  3.401  3.434  3.332  3.434  3.332  3.497  3.434  3.367  3.401  3.401  3.367  3.401  3.178  3.332  3.360  3.367
4.094  3.850  4.007  4.078  3.957  3.985  3.807  3.970  3.807  4.190  3.951  4.060  4.369  4.159  3.989  3.898  4.007  4.025  4.140  4.220  4.025  3.871  3.989  4.025  3.912  3.951  4.094  3.912  3.761  3.689  3.912  3.951  4.220  3.892  3.951  4.025  3.829  4.025  4.007  3.850  3.892  4.007
3.932  3.733  3.888  3.871  4.094  4.060  3.871  4.025  3.912  4.034  4.025  4.013  4.111  3.980  4.094  3.738  3.871  3.989  4.025  4.159  3.989  3.850  3.829  3.951  3.932  3.932  3.835  3.850  3.701  3.689  3.802  3.714  3.989  3.892  3.738  3.871  3.928  3.795  3.850  3.829  3.989  3.908
4.416  4.354  4.205  4.344  4.248  4.357  4.190  4.331  4.234  4.321  4.246  4.354  4.331  4.369  4.489  4.263  4.190  4.369  4.466  4.500  4.344  4.331  4.290  4.205  4.220  4.127  4.274  4.167  4.060  4.043  4.304  4.220  4.304  4.317  4.205  4.317  4.190  4.428  4.190  4.246  4.277  4.388
3.624  3.784  3.584  3.490  3.466  3.526  3.555  3.761  3.714  3.676  3.497  3.611  3.773  3.497  3.664  3.664  3.632  3.497  3.714  3.738  3.714  3.714  3.497  3.671  3.555  3.555  3.555  3.526  3.497  3.578  3.526  3.526  3.714  3.367  3.497  3.497  3.578  3.611  3.401  3.332  3.434  3.520
