5.442  5.182  5.303  5.263  5.286  5.273  5.260  5.225  5.412  5.377  5.407  5.312  5.242  5.252  5.247  5.278  5.209  5.247  5.222  5.352  5.318  5.252  5.182  5.185  5.273  5.170  5.029  5.075  4.904  5.094  5.063  5.182  5.112  5.293  5.136  5.142  5.165  5.323  5.316  5.187  5.011  5.236
4.881  4.546  4.682  4.700  4.605  4.673  4.779  4.771  4.858  4.820  4.920  4.796  4.745  4.804  4.820  4.613  4.615  4.595  4.543  4.828  4.787  4.754  4.812  4.752  4.625  4.522  4.394  4.500  4.401  4.297  4.454  4.663  4.736  4.710  4.533  4.538  4.635  4.635  4.595  4.796  4.394  4.787
4.595  4.500  4.500  4.357  4.483  4.615  4.511  4.682  4.673  4.714  4.625  4.836  4.633  4.575  4.644  4.527  4.078  4.673  4.500  4.533  4.533  4.369  4.419  4.477  4.369  4.419  4.533  4.382  4.205  4.202  4.392  4.317  4.407  4.477  4.337  4.559  4.407  4.533  4.419  4.428  4.205  4.489
3.912  3.714  3.850  3.664  3.738  3.912  3.932  3.761  3.912  3.892  3.738  3.995  4.078  3.912  3.951  3.768  3.611  3.638  3.784  4.025  3.989  3.871  3.861  3.932  3.780  3.857  3.761  3.664  3.726  3.664  3.684  3.664  3.738  3.714  3.871  3.757  3.784  3.497  3.784  3.689  3.466  3.824
6.796  6.479  6.730  6.636  6.695  6.794  6.681  6.796  6.770  6.987  6.852  6.835  6.866  6.666  6.758  6.647  6.517  6.579  6.886  6.614  6.533  6.567  6.586  6.636  6.528  6.508  6.610  6.635  6.390  6.671  6.565  6.303  6.607  6.553  6.771  6.662  6.558  6.589  6.601  6.581  6.482  6.664
5.677  5.403  5.598  5.427  5.421  5.545  5.525  5.645  5.656  5.832  5.677  5.652  5.620  5.523  5.619  5.573  5.379  5.293  5.553  5.476  5.476  5.493  5.489  5.628  5.391  5.389  5.606  5.400  5.327  5.513  5.455  5.209  5.338  5.412  5.595  5.513  5.416  5.425  5.425  5.303  5.372  5.470
4.094  4.078  4.179  4.159  4.174  4.043  4.159  4.263  4.422  4.248  4.043  4.290  4.344  4.159  4.227  4.238  4.156  4.043  4.241  4.094  4.277  4.111  4.127  4.248  4.143  3.951  3.967  3.932  3.951  4.190  4.007  3.892  4.159  4.007  3.970  3.951  4.025  3.951  3.989  4.159  4.108  4.143
3.871  3.846  3.932  3.850  3.738  3.784  3.951  3.807  3.970  3.942  3.846  3.829  3.980  4.025  4.074  3.932  3.829  3.761  3.871  4.060  4.078  3.829  3.850  3.871  3.829  3.829  3.738  3.738  3.689  3.784  3.761  3.761  3.928  3.807  3.888  3.761  3.857  3.761  3.714  3.761  3.824  3.664
4.369  4.116  4.277  4.022  4.301  4.419  3.985  4.124  4.317  4.331  4.341  4.350  4.443  4.382  4.369  4.357  4.025  4.394  4.205  4.220  4.234  4.025  4.234  4.156  3.932  4.078  4.190  4.212  4.034  4.043  4.111  3.947  4.182  4.094  4.078  4.159  4.127  4.220  3.989  4.290  4.043  4.277
3.738  3.684  3.738  3.611  3.714  3.689  3.555  3.807  3.651  3.829  3.638  3.784  4.034  3.761  3.871  3.824  3.709  3.714  3.761  3.761  3.850  3.689  3.871  3.738  3.709  3.584  3.611  3.632  3.550  3.584  3.555  3.714  3.638  3.497  3.689  3.497  3.750  3.611  3.638  3.584  3.578  3.611
4.836  4.575  4.663  4.662  4.787  4.718  4.511  4.710  4.890  4.762  4.905  4.775  4.787  4.691  4.970  4.673  4.559  4.700  4.718  4.635  4.852  4.736  4.682  4.743  4.475  4.533  4.511  4.663  4.454  4.500  4.575  4.477  4.543  4.663  4.533  4.595  4.710  4.564  4.554  4.717  4.522  4.700
3.970  3.850  3.912  3.846  3.784  3.850  3.951  3.912  3.912  3.829  3.761  3.871  4.025  3.850  4.060  4.007  3.932  3.912  4.007  3.892  4.052  4.040  3.807  4.074  3.738  3.807  3.791  3.970  3.676  3.951  3.892  3.908  3.912  3.867  3.738  3.871  3.951  3.738  3.784  3.908  3.850  3.867
5.620  5.447  5.596  5.537  5.541  5.705  5.517  5.557  5.628  5.583  5.631  5.717  5.635  5.493  5.730  5.505  5.537  5.640  5.613  5.517  5.800  5.628  5.560  5.779  5.472  5.421  5.577  5.247  5.246  5.405  5.454  5.409  5.396  5.420  5.489  5.545  5.515  5.394  5.505  5.342  5.298  5.451
4.357  4.190  4.246  4.190  4.344  4.452  4.234  4.277  4.190  4.220  4.290  4.194  4.290  4.317  4.419  4.248  4.143  4.256  4.290  4.492  4.394  4.248  4.328  4.419  4.127  4.171  4.238  4.078  3.989  4.078  4.260  4.238  4.263  4.151  4.143  4.217  4.127  4.094  4.277  4.277  4.060  4.143
5.389  5.215  5.371  5.215  5.325  5.215  5.050  5.262  5.263  5.257  5.236  5.364  5.434  5.328  5.468  5.164  5.081  5.182  5.394  5.394  5.323  5.159  5.170  5.264  5.106  5.252  5.142  5.043  4.989  5.100  5.193  5.100  5.267  5.179  5.277  5.166  5.204  5.278  5.118  5.204  5.100  5.198
5.442  5.310  5.278  5.313  5.333  5.318  5.233  5.209  5.100  5.525  5.323  5.533  5.552  5.301  5.535  5.313  5.342  5.209  5.403  5.425  5.366  5.328  5.332  5.404  5.143  5.293  5.187  5.056  5.011  4.989  5.328  5.220  5.338  5.283  5.198  5.195  5.313  5.198  5.112  5.118  5.169  5.242
5.338  4.898  5.198  5.075  5.094  5.209  4.949  5.088  5.130  5.176  5.124  5.263  5.215  5.118  5.147  5.100  5.037  5.135  5.168  5.407  5.037  4.934  5.011  5.069  5.037  5.176  5.017  4.850  4.898  4.811  5.037  4.999  5.138  5.182  5.056  5.153  5.074  5.124  5.030  5.175  4.868  5.118
5.561  5.182  5.620  5.669  5.476  5.479  5.375  5.537  5.501  5.594  5.481  5.620  5.602  5.422  5.612  5.278  5.352  5.244  5.631  5.737  5.583  5.476  5.231  5.352  5.407  5.505  5.252  5.281  5.042  5.112  5.136  5.257  5.521  5.481  5.465  5.499  5.233  5.541  5.323  5.182  5.455  5.434
5.268  5.011  5.088  5.081  5.153  5.247  5.063  5.147  5.106  5.215  5.118  5.366  5.308  5.209  5.243  5.152  5.069  5.287  5.282  5.285  5.170  5.136  5.252  5.215  5.165  5.085  5.100  5.037  4.844  5.075  5.147  4.875  5.112  5.193  5.097  5.228  5.120  5.176  5.204  5.265  5.161  5.246
3.738  3.784  3.738  3.689  3.768  3.829  3.664  3.664  3.611  3.761  3.714  3.714  3.829  3.829  3.714  3.466  3.871  3.611  3.813  3.951  3.892  3.738  3.638  3.850  3.611  3.638  3.761  3.689  3.658  3.714  3.738  3.714  3.829  3.733  3.701  3.784  3.638  3.689  3.584  3.664  3.689  3.857
4.431  4.174  4.454  4.344  4.564  4.564  4.369  4.443  4.357  4.431  4.500  4.564  4.605  4.564  4.745  4.301  4.304  4.466  4.608  4.431  4.564  4.404  4.317  4.419  4.277  4.407  4.190  4.443  4.094  4.344  4.277  4.431  4.511  4.357  4.466  4.511  4.290  4.615  4.248  4.443  4.304  4.511
3.689  3.611  3.584  3.807  3.638  3.714  3.689  3.555  3.689  3.689  3.526  3.664  3.638  3.970  3.714  3.671  3.689  3.738  3.780  3.689  3.912  3.689  3.733  3.709  3.689  3.611  3.658  3.497  3.526  3.526  3.761  3.555  3.738  3.497  3.738  3.611  3.466  3.664  3.584  3.550  3.611  3.850
