6.258  5.894  6.103  5.964  6.129  6.107  6.072  6.182  6.205  6.213  6.103  6.153  6.157  5.988  6.161  5.932  5.841  6.059  6.184  6.075  6.035  5.911  5.924  5.914  6.009  5.986  5.898  5.864  5.648  5.858  5.849  5.823  6.031  6.155  6.136  6.057  5.989  6.176  6.004  6.099  5.938  6.178
5.214  5.030  5.032  4.875  5.100  5.124  5.244  5.112  5.176  5.361  5.231  5.209  5.257  5.209  5.313  5.011  4.942  5.081  5.257  5.063  5.170  5.179  4.963  5.050  5.056  5.037  4.984  4.836  4.762  4.812  4.904  4.831  4.963  5.030  5.165  5.142  4.970  4.951  5.069  5.109  4.942  5.030
5.056  4.804  4.982  4.745  4.942  4.850  4.977  4.890  5.075  5.081  4.931  5.055  5.169  4.920  4.944  4.926  4.800  5.011  5.069  4.949  4.984  4.787  4.762  4.762  4.752  4.883  4.875  4.844  4.769  4.732  5.011  4.682  4.820  4.890  4.820  4.836  4.868  4.691  4.804  4.852  4.605  4.898
4.844  4.827  4.765  4.787  4.779  4.745  4.949  4.812  4.868  4.905  4.956  4.771  4.994  4.920  5.004  4.875  4.760  4.691  4.890  4.736  4.905  4.771  4.771  4.804  4.718  4.804  4.736  4.595  4.710  4.796  4.762  4.718  4.682  4.836  4.828  4.727  4.762  4.718  4.727  4.625  4.605  4.787
5.037  4.956  5.030  4.635  4.963  4.949  5.165  4.977  5.006  5.215  4.927  5.003  5.149  5.204  5.182  5.030  4.870  5.037  4.933  4.736  5.023  4.963  5.037  4.933  4.847  4.893  4.915  4.889  4.771  4.898  5.075  4.796  4.736  4.890  4.920  5.011  4.990  4.762  4.952  4.798  4.659  4.743
3.989  4.174  4.317  3.871  4.043  4.043  4.143  4.060  4.022  4.344  4.159  4.025  4.263  4.220  4.263  4.143  4.025  4.025  3.951  4.124  4.127  4.174  4.344  4.094  3.970  3.871  3.970  3.970  4.060  3.932  4.111  3.829  4.007  4.094  4.078  4.190  4.248  3.932  3.932  4.060  3.857  3.938
4.890  4.580  4.820  4.585  4.736  4.777  4.663  4.890  4.982  5.004  4.736  5.003  5.112  4.828  4.951  4.754  4.533  4.625  4.927  4.760  4.773  4.682  4.905  4.812  4.644  4.856  4.635  4.625  4.317  4.477  4.644  4.443  4.710  4.844  4.615  4.625  4.530  4.741  4.466  4.605  4.554  4.644
3.367  3.367  3.520  3.384  3.367  3.526  3.434  3.434  3.497  3.526  3.497  3.526  3.689  3.526  3.709  3.555  3.689  3.526  3.466  3.638  3.605  3.497  3.497  3.555  3.664  3.584  3.497  3.367  3.401  3.459  3.526  3.466  3.497  3.428  3.497  3.526  3.555  3.434  3.360  3.332  3.506  3.466
6.052  5.943  5.969  5.802  5.981  5.986  5.905  5.916  5.895  6.100  6.026  5.991  6.021  5.916  6.071  5.872  5.677  5.966  5.889  5.794  5.908  5.755  5.940  5.914  5.622  5.659  5.750  5.805  5.578  5.746  5.861  5.609  5.720  5.707  5.816  5.778  5.858  5.889  5.781  5.894  5.694  5.757
4.710  4.500  4.676  4.575  4.533  4.662  4.700  4.557  4.431  4.736  4.466  4.710  4.644  4.543  4.730  4.369  4.554  4.498  4.691  4.635  4.700  4.700  4.575  4.691  4.454  4.369  4.440  4.428  4.135  4.505  4.419  4.344  4.662  4.489  4.443  4.585  4.454  4.554  4.522  4.443  4.288  4.475
6.324  6.122  6.161  6.161  6.217  6.277  6.230  6.230  6.270  6.481  6.254  6.333  6.436  6.332  6.270  6.188  6.174  6.294  6.275  6.180  6.229  6.257  6.203  6.161  6.146  6.271  6.129  6.132  6.052  6.148  6.140  5.976  6.161  6.222  6.205  6.180  6.214  6.297  6.244  6.178  6.041  6.136
6.399  6.153  6.219  6.240  6.296  6.297  6.330  6.331  6.373  6.537  6.482  6.409  6.418  6.292  6.382  6.282  6.252  6.256  6.397  6.217  6.322  6.330  6.258  6.279  6.080  6.109  6.203  6.217  6.047  6.258  6.246  6.101  6.201  6.221  6.349  6.301  6.221  6.260  6.295  6.217  6.078  6.198
4.710  4.520  4.522  4.522  4.905  4.762  4.687  4.647  4.727  4.931  4.812  4.843  4.898  4.727  4.866  4.615  4.443  4.779  4.787  4.642  4.718  4.585  4.595  4.554  4.500  4.494  4.615  4.575  4.331  4.477  4.635  4.231  4.419  4.575  4.498  4.520  4.464  4.533  4.654  4.663  4.382  4.663
4.234  4.043  4.159  4.190  4.209  4.248  4.394  4.274  4.337  4.317  4.308  4.217  4.500  4.382  4.328  4.190  4.159  4.078  4.357  4.263  4.376  4.263  4.357  4.337  4.060  4.234  4.190  4.290  3.989  4.007  4.174  4.174  4.159  4.217  4.111  4.182  4.220  4.205  4.078  4.043  3.989  4.190
5.353  5.011  5.241  5.118  5.357  5.342  5.215  5.252  5.347  5.541  5.434  5.394  5.529  5.382  5.460  5.298  4.980  5.212  5.389  5.215  5.164  5.088  5.056  5.088  5.165  5.214  5.182  5.140  4.997  4.968  5.075  4.804  5.165  5.215  5.159  5.147  5.142  5.288  5.115  5.159  5.081  5.366
4.025  4.135  4.274  4.224  4.094  4.078  4.194  4.140  4.187  4.277  4.094  4.220  4.407  4.388  4.382  4.043  4.143  4.040  4.331  4.304  4.151  4.094  4.043  4.074  4.227  4.127  4.190  4.369  3.714  3.947  4.094  4.025  4.234  4.190  4.190  4.043  4.078  4.043  3.951  4.091  3.928  4.043
6.702  6.589  6.590  6.621  6.664  6.707  6.599  6.600  6.609  6.783  6.741  6.786  6.806  6.631  6.753  6.636  6.399  6.583  6.739  6.585  6.564  6.589  6.517  6.598  6.526  6.522  6.513  6.609  6.324  6.469  6.654  6.519  6.495  6.600  6.509  6.555  6.608  6.562  6.500  6.592  6.436  6.569
6.943  6.665  6.939  6.893  6.908  6.878  6.782  6.947  6.893  7.100  6.987  6.986  6.922  6.832  6.932  6.760  6.733  6.830  6.985  6.972  6.756  6.807  6.792  6.787  6.741  6.847  6.745  6.768  6.621  6.653  6.773  6.633  6.893  6.773  6.799  6.761  6.760  7.009  6.844  6.854  6.768  6.853
5.609  5.565  5.412  5.468  5.543  5.587  5.638  5.405  5.537  5.784  5.602  5.561  5.717  5.598  5.606  5.429  5.375  5.545  5.413  5.380  5.568  5.542  5.451  5.598  5.412  5.455  5.434  5.421  5.220  5.375  5.580  5.318  5.283  5.375  5.457  5.587  5.533  5.465  5.476  5.434  5.273  5.366
7.088  6.780  6.972  6.991  6.962  6.972  6.886  6.978  7.035  7.138  6.993  7.087  7.043  6.877  6.983  6.774  6.818  6.820  7.097  7.004  6.899  6.875  6.855  6.864  6.818  6.957  6.834  6.839  6.653  6.812  6.804  6.758  6.930  6.869  6.902  6.810  6.848  6.892  6.925  6.869  6.821  6.884
5.481  5.268  5.471  5.366  5.420  5.513  5.298  5.509  5.298  5.670  5.525  5.509  5.566  5.583  5.517  5.203  4.968  5.628  5.509  5.333  5.338  5.159  5.333  5.268  5.127  5.394  5.347  5.447  4.970  5.140  5.357  5.014  5.333  5.347  5.165  5.371  5.293  5.352  5.396  5.464  5.136  5.293
3.951  3.807  3.714  3.807  3.726  3.912  3.664  3.850  3.807  4.143  3.824  3.888  3.970  4.111  4.159  3.829  3.584  3.802  3.807  3.829  3.951  3.908  3.658  3.970  3.689  3.738  3.784  3.846  3.638  3.714  3.738  3.605  3.611  3.829  3.520  3.714  3.761  3.714  3.761  3.638  3.555  3.738
6.006  5.940  5.864  5.889  6.133  6.094  5.733  5.875  5.838  6.146  5.951  5.930  6.080  6.004  6.142  5.835  5.493  6.078  5.951  5.690  5.743  5.714  5.826  5.787  5.684  5.561  5.697  5.710  5.293  5.455  5.652  5.609  5.592  5.753  5.659  5.844  5.768  6.011  6.006  5.849  5.539  5.793
4.564  4.290  4.431  4.344  4.595  4.575  4.263  4.344  4.525  4.533  4.489  4.543  4.663  4.583  4.786  4.382  4.220  4.605  4.585  4.590  4.394  4.217  4.477  4.489  4.202  4.369  4.301  4.344  3.932  4.007  4.140  4.094  4.263  4.060  4.263  4.190  4.127  4.635  4.466  4.234  4.217  4.159
6.140  6.084  6.014  6.159  6.143  6.159  6.066  6.109  6.052  6.239  6.142  6.176  6.308  6.114  6.319  6.043  5.872  6.213  6.171  6.014  6.028  5.954  5.953  6.014  6.031  6.057  6.020  6.009  5.832  5.886  5.950  6.060  5.966  6.129  6.003  6.052  5.989  6.110  6.118  6.105  5.989  6.052
5.142  5.176  4.984  5.043  4.966  5.056  5.050  4.931  5.094  5.136  5.056  5.252  5.239  5.088  5.257  5.056  5.017  4.913  5.185  4.997  5.231  5.007  5.050  4.997  4.933  4.940  4.963  4.836  4.779  4.848  4.890  4.999  4.965  5.112  5.011  5.136  4.934  4.947  4.956  4.977  4.850  4.796
5.407  4.874  5.242  4.968  5.242  5.170  5.024  5.149  5.123  5.147  5.147  5.193  5.308  5.220  5.318  5.075  4.883  5.170  5.265  5.118  4.970  4.970  4.860  5.106  4.997  4.934  4.963  5.058  4.691  4.804  4.868  4.541  4.868  5.037  4.898  4.843  4.898  5.100  5.130  5.100  4.843  5.024
3.989  3.466  3.611  3.745  3.714  3.709  3.784  3.761  3.684  3.738  3.664  3.829  3.912  3.989  3.745  3.611  3.738  3.714  3.829  3.985  3.829  3.738  3.638  3.902  3.638  3.664  3.738  3.550  3.466  3.584  3.555  3.497  3.829  3.761  3.714  3.638  3.497  3.761  3.584  3.526  3.651  3.638
4.732  4.625  4.749  4.717  4.762  4.832  4.691  4.745  4.710  4.956  4.827  4.794  4.984  4.827  4.827  4.685  4.615  4.866  4.745  4.802  4.644  4.717  4.754  4.732  4.682  4.804  4.796  4.754  4.625  4.734  4.779  4.608  4.710  4.663  4.727  4.858  4.700  4.771  4.682  4.804  4.407  4.727
4.779  4.762  4.696  4.717  4.883  4.823  4.564  4.794  4.625  4.860  4.718  4.762  4.828  4.794  4.890  4.775  4.710  4.787  4.850  4.844  4.806  4.662  4.812  4.745  4.533  4.691  4.828  4.633  4.682  4.687  4.745  4.595  4.732  4.605  4.682  4.812  4.605  4.654  4.691  4.625  4.691  4.682
7.286  7.007  7.236  7.252  7.182  7.172  7.120  7.278  7.179  7.304  7.219  7.281  7.245  7.153  7.307  7.060  7.043  7.220  7.277  7.271  7.137  7.128  7.090  7.138  7.100  7.188  7.098  7.101  6.963  6.948  7.073  7.012  7.209  7.199  7.107  7.157  7.038  7.293  7.217  6.942  7.070  7.070
6.784  6.589  6.695  6.724  6.659  6.627  6.616  6.713  6.648  6.811  6.741  6.749  6.733  6.688  6.819  6.553  6.614  6.664  6.808  6.806  6.686  6.678  6.641  6.700  6.675  6.675  6.576  6.542  6.392  6.466  6.568  6.541  6.693  6.652  6.632  6.644  6.584  6.765  6.636  6.407  6.600  6.360
