5.190  4.990  5.075  5.165  5.017  5.283  5.215  4.883  5.118  5.198  5.342  5.176  5.198  4.970  5.153  5.043  5.118  4.970  5.147  5.024  5.235  5.099  5.056  5.159  5.089  4.927  4.820  4.905  4.820  4.812  5.030  5.215  5.142  5.024  4.913  5.094  5.017  5.147  4.934  4.828  4.796  5.124
4.779  4.727  4.771  4.727  4.615  4.635  4.779  4.511  4.765  4.796  4.691  4.605  4.673  4.727  4.779  4.663  4.644  4.585  4.736  4.691  4.812  4.694  4.615  4.745  4.717  4.554  4.615  4.554  4.527  4.538  4.500  4.787  4.635  4.736  4.615  4.654  4.762  4.635  4.489  4.638  4.575  4.745
5.529  5.215  5.448  5.541  5.361  5.352  5.252  5.412  5.429  5.659  5.635  5.549  5.656  5.521  5.489  5.323  5.127  5.407  5.489  5.398  5.193  5.165  5.403  5.375  5.130  5.357  5.371  5.278  4.977  5.193  5.384  4.977  5.366  5.204  5.308  5.278  5.136  5.421  5.470  5.322  5.147  5.342
4.578  4.625  4.691  4.605  4.543  4.500  4.344  4.615  4.644  4.787  4.625  4.654  4.543  4.654  4.605  4.431  4.603  4.477  4.585  4.696  4.522  4.554  4.489  4.625  4.443  4.603  4.500  4.431  4.174  4.489  4.543  4.234  4.564  4.588  4.431  4.520  4.369  4.511  4.500  4.440  4.440  4.567
4.127  4.043  4.425  4.069  4.238  4.234  4.040  4.060  4.369  4.392  4.477  4.290  4.159  4.060  4.295  4.277  4.182  3.818  4.263  4.407  4.317  4.190  4.111  4.277  4.135  4.143  4.043  3.998  4.043  4.135  3.951  4.143  4.238  4.217  4.234  4.060  3.976  4.143  4.007  4.040  4.127  4.043
4.344  4.290  4.663  4.382  4.428  4.369  4.663  4.557  4.673  4.718  4.554  4.407  4.673  4.477  4.575  4.564  4.321  4.454  4.522  4.940  4.947  4.494  4.174  4.533  4.344  4.220  4.140  4.119  4.060  4.687  4.143  4.644  4.663  4.549  4.443  4.380  4.595  4.143  4.060  4.174  4.376  4.328
5.043  5.066  5.024  5.130  5.130  5.093  5.003  5.021  5.029  5.252  5.204  5.293  5.252  5.193  5.277  5.100  4.980  5.024  5.081  5.159  5.226  5.142  5.147  5.124  4.927  5.043  4.970  5.017  4.804  4.745  5.050  5.094  4.968  5.017  5.093  5.094  4.947  5.081  5.011  4.920  4.905  5.042
4.758  4.779  4.644  4.682  4.820  4.718  4.734  4.743  4.633  4.691  4.700  4.787  4.734  4.779  4.802  4.663  4.654  4.460  4.652  4.804  4.868  4.804  4.673  4.868  4.613  4.585  4.500  4.625  4.357  4.511  4.605  4.699  4.659  4.682  4.662  4.682  4.598  4.682  4.762  4.595  4.520  4.500
3.526  3.611  3.696  3.892  3.664  3.584  3.611  3.584  3.638  3.761  3.526  3.611  3.714  3.761  3.951  3.714  3.584  3.807  3.638  3.784  3.733  3.578  3.401  3.564  3.584  3.526  3.555  3.664  3.434  3.526  3.611  3.490  3.658  3.638  3.638  3.592  3.434  3.555  4.844  3.555  3.332  3.526
3.367  3.497  3.632  3.578  3.638  3.466  3.434  3.638  3.526  3.664  3.584  3.638  3.970  3.761  3.892  3.428  3.638  3.584  3.714  3.784  3.689  3.689  3.466  3.761  3.401  3.395  3.520  3.689  3.466  3.466  3.466  3.497  3.714  3.526  3.481  3.605  3.466  3.434  6.033  3.584  3.466  3.555
5.366  5.268  5.209  5.817  5.602  5.628  5.617  5.652  5.756  5.820  5.881  5.911  6.050  6.035  6.136  5.730  5.753  5.631  5.910  5.811  5.974  5.953  5.826  5.798  5.697  5.677  5.649  5.442  5.233  5.454  5.727  5.765  5.737  5.730  5.730  5.875  5.746  5.849  5.872  5.559  5.645  5.553
4.094  3.947  3.871  4.111  3.784  3.938  4.234  3.892  4.127  3.829  4.143  3.932  4.022  4.190  4.277  3.761  4.057  4.060  4.284  4.171  4.369  4.052  4.034  4.187  4.004  3.867  3.829  3.784  3.807  4.094  3.850  3.989  4.143  3.995  3.829  4.004  3.912  3.892  3.738  3.761  3.850  3.871
3.942  3.714  3.829  3.947  3.714  3.611  3.892  3.750  3.824  3.850  3.829  3.818  3.892  4.025  3.970  3.584  3.664  3.555  3.829  3.829  3.892  3.738  3.829  3.918  3.871  3.850  3.850  3.824  3.624  3.611  3.664  3.829  3.912  3.638  3.761  3.780  3.632  3.664  3.555  3.726  3.584  3.829
3.638  3.714  3.807  3.738  3.714  3.638  3.795  3.892  3.871  3.721  3.555  3.714  3.850  3.784  3.807  3.638  3.714  3.689  3.932  3.985  3.970  3.714  3.689  3.638  3.733  3.526  3.611  3.773  3.611  3.632  3.555  3.689  3.829  3.584  3.912  3.745  3.550  3.401  3.605  3.584  3.555  3.584
6.721  6.558  6.578  7.167  7.404  7.454  4.890  4.968  4.958  5.037  4.828  4.979  5.056  5.011  5.133  4.769  4.984  5.011  5.037  5.030  5.086  4.938  4.922  5.096  4.752  4.852  4.836  4.700  4.717  4.718  5.019  4.852  5.004  5.088  4.965  5.052  5.215  5.342  5.357  5.595  5.519  5.585
4.564  4.369  4.419  4.585  4.530  4.357  4.143  4.284  4.382  4.454  4.407  4.290  4.595  4.477  4.530  4.337  4.328  4.190  4.376  4.466  4.407  4.263  4.410  4.530  4.143  4.317  4.277  4.263  4.143  4.111  4.190  4.190  4.205  4.331  4.143  4.111  4.277  4.290  4.394  4.220  4.317  4.357
3.892  3.947  3.784  3.989  4.078  3.932  3.829  3.784  3.892  3.784  3.871  3.932  4.007  4.025  4.078  3.951  3.970  3.912  4.007  3.912  4.124  3.967  3.932  4.057  3.761  3.829  3.829  3.829  3.745  3.850  3.850  3.912  3.912  3.738  3.829  3.892  3.829  3.892  3.784  3.807  3.802  3.689
4.212  4.143  4.127  4.234  4.127  4.127  4.060  4.159  3.951  4.143  4.007  4.143  4.331  4.234  4.220  4.078  4.124  4.057  4.304  4.331  4.174  4.159  4.190  4.156  4.025  3.989  4.127  3.989  3.795  3.970  4.127  4.111  4.111  4.057  4.111  4.043  4.197  4.094  4.103  4.094  4.094  3.989
4.060  3.714  3.871  3.738  3.664  3.714  3.714  3.784  3.611  3.912  3.807  3.784  4.060  3.892  3.912  3.791  3.829  3.892  3.807  3.892  3.932  3.584  3.738  3.829  3.578  3.611  3.638  3.555  3.584  3.570  3.584  3.829  3.932  3.745  3.898  3.689  3.555  3.738  3.846  3.555  3.664  3.658
3.520  3.497  3.638  3.466  3.684  3.332  3.466  3.584  3.664  3.434  3.466  3.466  3.738  3.761  3.784  3.434  3.434  3.434  3.497  3.709  3.664  3.401  3.418  3.597  3.401  3.395  3.526  3.459  3.258  3.541  3.401  3.526  3.555  3.332  3.428  3.584  3.367  3.550  3.434  3.367  3.332  3.401
4.060  3.957  4.127  4.174  4.043  4.078  4.043  4.074  4.094  4.078  4.256  4.174  4.290  4.317  4.500  4.127  4.174  4.197  4.078  4.205  4.143  4.124  4.311  4.043  4.013  3.892  4.025  4.048  3.795  3.922  4.057  4.078  4.171  3.967  4.094  4.205  3.807  4.007  3.932  3.784  3.989  4.007
3.829  3.761  3.892  3.871  3.970  3.888  3.709  3.829  3.871  4.078  4.004  3.892  4.060  4.086  4.111  3.638  3.829  3.947  4.078  3.970  3.989  3.829  3.912  3.892  3.928  3.714  3.689  3.791  3.592  3.784  3.584  3.871  4.025  3.761  3.784  3.784  3.807  3.829  3.871  3.892  3.689  3.761
