6.246  5.941  6.148  5.820  6.133  6.363  6.004  6.050  6.097  6.089  6.066  5.989  6.161  6.100  5.961  6.018  5.814  6.223  6.144  6.016  5.944  5.799  5.911  5.846  5.956  5.881  5.934  6.014  5.617  5.707  5.823  5.673  5.846  6.066  5.793  6.050  6.021  6.136  6.033  6.094  5.771  5.817
3.664  6.549  6.385  6.669  6.909  6.984  6.919  6.984  7.008  7.246  6.994  7.002  7.088  6.981  7.028  6.916  6.550  6.731  6.823  6.751  6.662  6.712  6.544  6.594  6.723  6.749  6.829  6.763  6.450  6.743  6.766  6.314  6.601  6.475  6.807  6.909  6.659  6.859  6.659  6.856  6.558  6.562
4.025  3.951  3.970  3.829  3.850  3.932  3.807  3.850  4.007  3.871  3.829  3.871  4.022  3.932  3.932  3.932  3.912  4.004  3.951  4.086  3.871  3.912  3.912  3.912  3.829  3.892  3.664  3.892  3.638  3.555  3.780  3.784  3.892  3.807  3.664  3.912  4.007  3.784  3.871  3.824  3.784  3.892
3.638  4.543  4.043  4.620  4.710  4.828  4.796  4.718  4.947  5.136  4.828  4.890  4.940  4.858  4.913  4.812  4.588  4.407  4.554  4.570  4.673  4.727  4.682  4.741  4.796  4.578  4.671  4.573  4.382  4.466  4.654  4.220  4.407  4.263  4.615  4.633  4.344  4.522  4.443  4.477  4.290  4.220
5.147  4.836  5.187  4.994  5.204  5.198  5.247  5.342  5.375  5.571  5.316  5.434  5.455  5.283  5.380  5.198  4.966  5.130  5.501  5.093  5.094  5.043  4.883  4.808  5.231  5.220  5.193  5.351  4.762  5.159  5.075  4.889  5.069  5.226  5.255  5.158  5.063  5.263  5.118  5.220  5.231  5.225
4.025  3.714  3.802  3.922  3.733  3.829  3.664  3.918  3.850  4.007  3.902  3.761  4.040  3.985  3.912  3.761  3.638  3.807  3.951  4.060  3.932  3.689  3.867  3.807  3.738  3.835  3.761  3.784  3.664  3.738  3.738  3.784  3.888  3.584  3.714  3.850  3.638  3.947  3.850  3.738  3.584  3.918
6.295  6.022  6.197  5.872  6.250  6.352  6.297  6.238  6.332  6.430  6.279  6.376  6.469  6.326  6.438  6.232  5.966  6.203  6.273  6.114  6.156  6.064  6.160  6.151  5.986  6.170  6.115  6.120  5.924  6.023  6.194  5.922  5.827  6.190  6.151  6.256  6.354  6.207  6.163  6.140  5.966  6.153
4.277  4.443  4.127  4.220  4.171  4.324  4.407  4.263  4.419  4.443  4.394  4.357  4.419  4.585  4.567  4.344  4.357  4.205  4.443  4.190  4.500  4.413  4.422  4.514  4.174  4.094  4.231  4.174  4.143  4.277  4.174  4.331  4.143  4.248  4.277  4.472  4.443  4.263  4.263  4.094  4.016  4.159
6.004  5.838  5.805  5.784  5.964  5.881  5.756  5.861  5.844  6.176  6.038  5.964  6.030  6.043  6.031  5.986  5.565  5.900  5.850  5.728  5.756  5.652  5.894  5.737  5.537  5.645  5.710  5.724  5.517  5.680  5.735  5.421  5.553  5.800  5.700  5.802  5.736  5.756  5.749  5.823  5.572  5.694
4.595  4.714  4.543  4.454  4.481  4.585  4.500  4.564  4.615  4.727  4.769  4.800  4.804  4.828  4.836  4.635  4.431  4.443  4.590  4.503  4.682  4.575  4.748  4.864  4.234  4.437  4.419  4.386  4.205  4.277  4.443  4.304  4.111  4.511  4.511  4.595  4.382  4.179  4.357  4.290  4.357  4.407
5.749  5.288  5.549  5.453  5.645  5.746  5.525  5.720  5.635  5.919  5.852  5.785  5.849  5.664  5.823  5.529  5.298  5.595  5.704  5.568  5.624  5.250  5.360  5.313  5.423  5.494  5.398  5.452  4.984  5.193  5.384  5.176  5.493  5.587  5.497  5.529  5.493  5.521  5.557  5.652  5.497  5.652
4.398  4.260  4.454  4.401  4.220  4.290  4.234  4.111  4.394  4.317  4.174  4.443  4.431  4.401  4.511  4.094  4.159  4.220  4.466  4.530  4.533  4.458  4.111  4.392  4.086  4.127  4.234  4.194  4.060  4.043  3.951  3.989  4.220  4.094  4.382  4.194  4.205  4.111  4.331  4.111  4.143  4.151
6.480  6.356  6.504  6.332  6.519  6.616  6.504  6.451  6.503  6.673  6.439  6.735  6.705  6.480  6.599  6.354  6.323  6.353  6.622  6.361  6.509  6.338  6.290  6.238  6.572  6.588  6.441  6.354  6.157  6.157  6.208  6.165  6.262  6.540  6.531  6.547  6.454  6.417  6.219  6.394  6.324  6.386
4.234  4.205  4.328  4.060  4.234  4.317  4.443  4.311  4.635  4.317  4.317  4.220  4.554  4.440  4.554  4.174  4.187  4.220  4.562  4.419  4.494  4.354  4.394  4.357  4.348  4.520  4.190  4.392  4.132  3.951  4.288  4.174  4.290  4.304  4.205  4.159  4.315  4.078  3.989  4.094  4.143  4.025
7.103  6.935  7.066  7.014  7.156  7.210  7.054  7.083  7.120  7.236  7.140  7.260  7.265  7.159  7.319  7.050  6.838  7.067  7.247  7.132  7.109  7.041  7.050  7.006  7.033  6.963  6.947  6.961  6.777  6.876  6.970  6.913  6.892  7.088  6.987  7.066  6.979  7.100  7.039  6.975  6.950  6.911
4.369  4.317  4.074  4.127  4.344  4.331  4.401  4.263  4.248  4.605  4.337  4.394  4.477  4.466  4.710  4.220  4.369  4.174  4.446  4.369  4.500  4.522  4.394  4.533  4.321  4.174  4.143  3.989  4.187  4.004  4.111  4.156  4.143  4.419  4.174  4.522  4.190  4.288  4.111  4.143  4.140  4.124
6.805  6.422  6.688  6.672  6.806  6.806  6.501  6.683  6.585  6.767  6.585  6.759  6.923  6.780  6.952  6.639  6.345  6.727  6.829  6.733  6.553  6.482  6.438  6.474  6.512  6.625  6.565  6.744  6.310  6.370  6.370  6.346  6.460  6.620  6.528  6.661  6.553  6.884  6.707  6.774  6.526  6.717
3.989  3.892  3.738  3.784  4.111  4.007  3.850  3.784  3.784  3.951  3.829  3.951  4.277  4.348  4.263  3.932  3.888  3.912  3.970  4.111  3.932  3.970  4.074  4.156  3.738  3.745  3.932  3.850  3.526  3.784  3.947  3.871  3.922  3.664  3.835  3.784  3.738  4.127  3.829  3.829  3.807  3.714
6.808  6.463  6.664  6.611  6.756  6.751  6.469  6.712  6.649  6.782  6.704  6.821  6.756  6.636  6.712  6.551  6.441  6.881  6.695  6.801  6.520  6.531  6.579  6.519  6.582  6.706  6.495  6.637  6.389  6.328  6.509  6.400  6.617  6.576  6.526  6.615  6.619  6.666  6.693  6.626  6.485  6.673
5.288  5.195  5.170  5.273  5.153  5.159  4.905  5.226  5.176  5.352  5.346  5.322  5.406  5.375  5.130  5.226  4.990  5.338  5.100  5.447  5.126  5.068  5.231  5.198  4.919  5.193  5.043  5.043  4.868  4.949  5.100  4.710  4.990  5.102  4.927  5.100  5.075  5.069  5.106  4.970  4.804  5.066
6.669  6.472  6.499  6.475  6.760  6.681  6.473  6.649  6.582  6.817  6.753  6.674  6.849  6.762  6.844  6.620  6.423  6.762  6.712  6.507  6.541  6.534  6.586  6.590  6.389  6.572  6.629  6.664  6.313  6.421  6.498  6.214  6.438  6.631  6.510  6.644  6.534  6.637  6.580  6.605  6.323  6.494
4.127  4.382  4.116  4.007  4.078  4.167  3.932  4.043  4.290  4.489  4.511  4.127  4.156  4.543  4.394  4.127  3.892  4.234  4.248  4.043  4.238  4.094  4.317  4.290  4.007  4.190  4.127  4.060  3.714  3.867  3.928  3.664  3.761  4.220  4.078  4.143  4.025  3.892  4.205  3.989  3.761  3.989
