4.615  4.677  4.564  4.682  4.741  4.786  4.796  4.787  4.934  4.970  4.682  5.030  4.854  4.949  4.913  4.710  4.557  4.511  5.081  4.554  4.787  4.585  4.745  4.700  4.682  4.663  4.585  4.564  4.511  4.804  4.585  4.419  4.554  4.898  4.868  4.765  4.494  4.663  4.373  4.554  4.727  4.798
3.526  3.555  3.466  3.850  3.466  3.555  3.497  3.611  3.401  3.714  3.466  3.584  3.898  3.555  3.761  3.638  3.550  3.497  3.664  3.689  3.664  3.689  3.592  3.733  3.466  3.555  3.497  3.526  3.428  3.434  3.550  3.401  3.497  3.584  3.555  3.541  3.578  3.497  3.434  3.367  3.526  3.638
5.568  5.489  5.442  5.501  5.472  5.442  5.447  5.412  5.468  5.576  5.472  5.517  5.513  5.485  5.561  5.384  5.429  5.407  5.576  5.517  5.511  5.549  5.455  5.481  5.595  5.595  5.357  5.447  5.298  5.447  5.313  5.433  5.438  5.609  5.617  5.374  5.405  5.333  5.288  5.432  5.416  5.521
4.454  4.331  4.234  4.205  4.317  4.317  4.277  4.466  4.357  4.431  4.344  4.522  4.382  4.419  4.477  4.190  4.440  4.317  4.369  4.357  4.354  4.304  4.369  4.344  4.357  4.304  4.220  4.277  4.205  4.248  4.143  4.290  4.317  4.454  4.277  4.315  4.317  4.419  4.341  4.227  4.263  4.324
6.106  5.951  5.955  5.841  5.981  6.082  5.932  5.958  6.031  6.103  6.064  6.075  5.971  6.023  5.951  6.000  5.727  6.006  5.984  5.967  5.964  5.838  5.911  5.935  5.805  5.785  5.911  5.924  5.785  5.834  5.964  5.852  5.826  5.866  5.866  5.905  5.979  6.032  5.960  6.082  5.841  5.936
6.167  6.014  6.099  5.930  6.016  6.120  6.087  6.047  6.142  6.207  6.187  6.154  6.089  5.999  6.145  5.994  5.854  6.114  6.062  6.019  6.165  6.006  6.047  6.145  5.899  5.849  5.971  6.001  5.866  5.866  6.103  5.916  6.014  6.011  6.026  6.103  6.127  6.225  6.122  6.232  6.213  6.252
4.549  4.007  4.489  4.127  4.543  4.477  4.078  4.407  4.357  4.443  4.419  4.489  4.511  4.382  4.615  4.094  3.761  4.227  4.354  4.277  4.260  4.060  4.159  3.807  3.951  3.951  3.928  4.094  3.733  4.025  4.069  3.951  4.124  4.060  4.111  4.057  3.970  4.331  4.190  4.174  4.263  4.143
3.401  3.459  3.434  3.497  3.434  3.332  3.332  3.526  3.367  3.434  3.367  3.526  3.761  3.664  3.638  3.428  3.497  3.459  3.526  3.784  3.829  3.555  3.584  3.584  3.219  3.367  3.434  3.428  3.367  3.466  3.428  3.597  3.459  3.367  3.434  3.555  3.296  3.466  3.325  3.367  3.434  3.258
6.698  6.589  6.579  6.606  6.678  6.609  6.569  6.609  6.555  6.672  6.659  6.687  6.719  6.653  6.675  6.611  6.433  6.561  6.547  6.555  6.639  6.560  6.585  6.696  6.407  6.405  6.452  6.333  6.191  6.315  6.582  6.371  6.389  6.461  6.474  6.475  6.482  6.525  6.521  6.483  6.445  6.498
6.284  6.219  6.059  6.467  6.575  6.607  5.649  5.642  5.558  5.708  5.521  5.669  5.739  5.568  5.583  5.613  5.487  5.489  5.533  5.637  5.576  5.568  5.606  5.656  5.342  5.389  5.347  5.252  5.111  5.301  5.549  5.407  5.384  5.502  5.498  5.576  5.545  5.657  5.565  5.687  5.500  5.659
6.838  6.708  6.752  6.816  6.748  6.698  6.833  6.775  6.750  6.861  6.828  6.958  6.899  6.741  6.855  6.740  6.691  6.719  6.871  6.878  6.856  6.829  6.864  6.855  6.797  6.704  6.668  6.669  6.509  6.673  6.675  6.613  6.629  6.718  6.753  6.757  6.709  6.741  6.714  6.663  6.616  6.784
6.168  6.138  6.061  6.151  6.026  6.127  6.248  6.217  6.175  6.259  6.223  6.321  6.299  6.161  6.256  6.047  6.213  6.038  6.257  6.194  6.312  6.246  6.180  6.196  6.140  6.176  6.118  5.999  5.953  6.031  6.068  5.986  6.142  6.236  6.261  6.159  6.111  5.986  5.966  5.979  6.021  6.133
5.989  5.674  5.756  5.866  5.969  5.779  5.878  5.749  5.875  5.961  5.832  6.001  5.875  5.680  6.052  5.883  5.720  5.595  5.898  5.823  5.811  6.023  5.690  5.948  5.884  5.740  5.714  5.631  5.673  5.613  5.649  5.730  5.808  5.883  5.930  5.794  5.720  5.642  5.575  5.727  5.796  5.768
6.413  6.302  6.420  6.339  6.412  6.405  6.358  6.298  6.271  6.521  6.384  6.436  6.408  6.328  6.394  6.265  6.297  6.230  6.377  6.363  6.405  6.337  6.260  6.395  6.174  6.227  6.163  6.170  6.074  6.170  6.236  6.215  6.308  6.315  6.306  6.275  6.254  6.346  6.165  6.246  6.208  6.190
4.997  4.654  5.063  4.905  5.197  4.997  4.870  4.958  4.934  5.136  4.844  5.159  5.165  4.997  5.086  4.977  4.732  4.727  5.124  5.056  4.913  4.691  4.756  4.777  4.898  4.787  4.608  4.682  4.404  4.564  4.541  4.625  5.007  4.844  4.860  4.787  4.699  4.883  4.796  4.727  4.820  4.949
3.584  3.584  3.434  3.520  3.584  3.555  3.258  3.555  3.555  3.664  3.466  3.526  3.611  3.684  3.738  3.555  3.555  3.497  3.611  3.638  3.664  3.689  3.466  3.638  3.401  3.555  3.481  3.555  3.434  3.632  3.526  3.367  3.434  3.584  3.526  3.466  3.434  3.466  3.555  3.570  3.466  3.555
3.932  3.813  3.846  3.761  3.951  4.043  3.738  3.902  3.761  4.159  3.912  4.043  4.220  3.807  4.007  3.738  3.802  3.928  3.912  4.078  4.004  3.761  3.807  3.784  3.784  3.638  3.738  3.638  3.466  3.684  3.829  3.638  3.850  3.970  3.784  3.951  3.807  3.829  3.689  3.961  3.818  3.871
3.296  3.360  3.296  3.332  3.450  3.332  3.434  3.367  3.401  3.296  3.178  3.258  3.401  3.555  3.555  3.332  3.450  3.296  3.611  3.497  3.401  3.434  3.332  3.411  3.332  3.332  3.466  3.296  3.401  3.332  3.296  3.497  3.350  3.211  3.434  3.332  3.296  3.401  3.288  3.250  3.466  3.401
5.611  5.525  5.464  5.481  5.493  5.631  5.357  5.457  5.416  5.663  5.642  5.628  5.598  5.540  5.613  5.509  5.303  5.684  5.606  5.577  5.451  5.380  5.455  5.459  5.375  5.434  5.404  5.398  5.182  5.242  5.480  5.421  5.347  5.442  5.489  5.365  5.442  5.442  5.438  5.587  5.375  5.481
4.848  4.718  4.934  4.913  4.848  4.654  4.605  4.708  4.787  4.890  4.844  4.852  4.796  4.762  4.913  4.663  4.745  4.691  4.844  4.844  4.714  4.691  4.663  4.727  4.585  4.787  4.654  4.663  4.536  4.466  4.635  4.477  4.812  4.615  4.754  4.671  4.625  4.898  4.736  4.673  4.654  4.890
6.082  5.938  5.993  5.980  6.038  5.986  6.059  5.966  6.047  6.017  5.971  6.049  6.148  5.961  5.994  5.982  5.961  6.061  5.989  6.075  6.053  5.992  6.071  6.033  5.903  6.071  5.886  5.908  5.922  5.938  5.935  5.999  6.057  5.991  6.089  6.073  5.999  5.924  5.905  6.050  5.974  6.047
5.318  5.381  5.209  5.223  5.226  5.342  5.262  5.276  5.288  5.409  5.328  5.316  5.365  5.308  5.278  5.142  5.242  5.236  5.273  5.375  5.338  5.303  5.247  5.375  5.242  5.198  5.187  5.165  5.055  5.193  5.142  5.187  5.247  5.247  5.273  5.243  5.226  5.179  5.165  5.209  5.204  5.172
4.871  4.898  4.765  4.745  4.831  4.736  4.949  4.804  4.787  4.949  4.727  4.828  4.898  4.956  4.913  4.708  4.779  4.836  4.700  4.831  4.852  4.931  4.754  4.952  4.625  4.676  4.745  4.623  4.649  4.828  4.787  4.920  4.796  4.787  4.820  4.736  4.762  4.644  4.708  4.700  4.663  4.736
5.145  5.075  5.215  5.096  5.187  5.030  5.204  5.100  5.278  5.220  5.142  5.118  5.226  5.176  5.338  5.068  5.175  5.142  5.109  5.159  5.273  5.170  5.088  5.158  5.069  5.075  4.916  4.990  5.037  5.024  5.075  5.257  5.094  5.159  5.187  5.226  5.176  5.024  5.056  5.011  4.984  5.118
5.684  5.715  5.606  5.565  5.609  5.659  5.717  5.572  5.666  5.759  5.649  5.694  5.740  5.813  5.756  5.754  5.829  5.606  5.575  5.624  5.737  5.726  5.738  5.730  5.574  5.605  5.602  5.493  5.585  5.566  5.638  5.638  5.609  5.617  5.690  5.840  5.706  5.714  5.720  5.580  5.509  5.561
5.114  5.247  5.007  5.105  4.934  4.990  5.069  5.088  5.069  5.146  5.220  5.100  5.263  5.053  5.011  5.047  5.081  5.049  5.017  5.214  5.124  5.146  5.209  5.170  5.014  5.013  5.037  4.913  5.006  4.997  5.109  5.071  4.963  5.086  5.027  5.139  5.123  4.990  5.034  5.032  4.934  4.963
4.477  4.413  4.554  4.290  4.543  4.615  4.270  4.489  4.407  4.649  4.443  4.748  4.771  4.554  4.787  4.344  4.171  4.538  4.644  4.564  4.205  4.174  4.248  4.256  4.007  4.454  4.159  4.288  4.074  4.074  4.419  3.932  4.367  4.492  4.159  4.454  4.148  4.483  4.331  4.350  4.382  4.500
3.867  3.714  3.951  3.611  3.807  3.664  3.784  3.738  3.714  3.989  3.932  3.850  3.989  3.951  4.025  3.555  3.768  3.807  3.951  3.807  3.846  3.738  3.738  3.980  3.658  3.738  3.689  3.689  3.555  3.497  3.784  3.714  3.738  3.768  3.689  3.813  3.701  3.689  3.714  3.664  3.664  3.555
6.417  6.311  6.304  6.367  6.386  6.315  6.290  6.351  6.293  6.503  6.435  6.366  6.485  6.438  6.465  6.287  6.219  6.447  6.441  6.444  6.274  6.347  6.420  6.412  6.073  6.148  6.276  6.174  6.129  6.089  6.299  6.114  6.271  6.223  6.308  6.336  6.271  6.370  6.418  6.335  6.164  6.246
5.030  5.064  4.956  4.949  5.085  5.088  4.871  4.839  4.966  4.977  5.112  5.004  5.043  5.011  5.189  4.963  4.956  5.181  5.089  5.263  5.042  4.994  5.150  5.112  4.796  4.898  4.852  4.970  4.836  4.820  5.017  4.745  4.934  4.927  5.056  5.043  4.920  5.124  5.088  4.942  4.804  4.924
6.929  6.846  6.819  6.821  6.901  6.875  6.856  6.852  6.813  6.930  6.940  6.846  6.969  6.908  7.011  6.805  6.760  6.909  6.979  6.903  6.898  6.872  6.957  6.899  6.736  6.717  6.724  6.805  6.594  6.631  6.750  6.703  6.824  6.844  6.818  6.893  6.707  6.879  6.786  6.723  6.693  6.718
6.433  6.428  6.402  6.492  6.441  6.415  6.469  6.370  6.454  6.478  6.477  6.465  6.522  6.492  6.616  6.335  6.400  6.405  6.540  6.544  6.613  6.538  6.501  6.572  6.423  6.400  6.285  6.286  6.163  6.277  6.382  6.468  6.453  6.475  6.449  6.480  6.271  6.348  6.286  6.287  6.360  6.372
