4.718  4.595  4.595  4.585  4.543  4.585  4.673  4.726  4.644  4.682  4.533  4.633  4.812  4.654  4.710  4.554  4.522  4.575  4.685  4.745  4.705  4.625  4.475  4.625  4.564  4.489  4.477  4.220  4.386  4.564  4.644  4.654  4.511  4.500  4.477  4.511  4.516  4.530  4.503  4.549  4.344  4.654
4.317  4.159  4.263  4.220  4.290  4.248  4.304  4.231  4.290  4.274  4.174  4.238  4.431  4.331  4.331  4.288  4.234  4.263  4.533  4.431  4.422  4.382  4.111  4.234  4.190  4.190  4.124  3.850  3.912  4.190  4.078  4.174  4.078  4.159  4.069  4.220  4.127  4.290  4.190  4.078  4.143  4.220
5.118  5.043  5.056  4.979  5.136  5.064  5.215  5.100  5.176  5.278  5.069  5.136  5.165  5.045  5.147  5.156  5.100  4.973  5.037  5.115  5.215  5.075  4.990  5.124  4.963  4.958  4.860  4.913  4.771  4.963  5.037  4.984  5.034  5.024  4.956  5.077  5.056  4.934  4.916  4.856  4.883  5.106
5.979  5.763  5.834  5.841  5.805  5.908  5.989  6.004  6.043  6.009  5.971  6.011  6.026  5.745  6.057  5.790  5.830  5.771  6.000  5.793  5.966  5.953  5.927  5.943  5.828  5.881  5.803  5.961  5.825  5.976  5.796  5.878  5.799  5.905  5.979  5.864  5.820  5.753  5.697  5.666  5.613  5.835
5.869  5.787  5.850  5.808  5.775  5.835  5.778  5.814  5.790  5.934  5.894  5.846  5.849  5.746  5.846  5.771  5.762  5.649  5.888  5.816  5.969  5.727  5.700  5.799  5.545  5.561  5.525  5.545  5.471  5.517  5.811  5.684  5.645  5.683  5.678  5.704  5.740  5.762  5.645  5.609  5.749  5.677
4.879  4.682  4.828  4.754  4.691  4.868  4.828  4.828  4.779  4.868  4.812  4.934  4.828  4.673  4.898  4.881  4.754  4.844  4.920  4.815  5.011  4.745  4.663  4.754  4.673  4.585  4.615  4.595  4.489  4.585  4.700  4.820  4.654  4.745  4.644  4.754  4.663  4.635  4.682  4.700  4.771  4.762
5.663  5.548  5.568  5.557  5.565  5.637  5.694  5.595  5.635  5.662  5.655  5.647  5.730  5.663  5.638  5.525  5.481  5.425  5.609  5.635  5.704  5.583  5.649  5.612  5.434  5.501  5.555  5.501  5.370  5.394  5.740  5.561  5.454  5.438  5.579  5.609  5.642  5.647  5.464  5.420  5.545  5.352
4.875  4.920  4.771  4.796  4.844  4.796  5.004  4.920  4.852  4.963  4.997  5.050  5.004  4.942  4.963  4.913  4.984  4.743  4.970  4.920  5.061  5.056  4.977  5.011  4.736  4.760  4.820  4.771  4.804  4.836  5.011  4.828  4.769  4.771  4.956  4.929  4.852  4.875  4.754  4.762  4.691  4.802
5.905  5.557  5.760  5.729  5.796  5.846  5.724  5.817  5.765  5.951  5.714  5.953  5.811  5.517  5.817  5.656  5.497  5.608  5.814  5.704  5.617  5.572  5.687  5.652  5.568  5.545  5.631  5.609  5.333  5.497  5.608  5.529  5.666  5.568  5.690  5.513  5.814  5.886  5.649  5.652  5.568  5.775
6.059  5.938  5.967  5.956  6.057  6.080  6.094  6.071  6.153  6.253  6.142  6.136  6.098  5.919  6.105  5.849  5.948  5.953  6.014  5.808  6.050  6.111  5.958  6.089  5.787  5.894  5.907  5.889  5.769  5.915  5.910  5.830  6.022  5.928  6.118  6.006  6.165  6.006  5.993  5.968  6.006  6.001
4.212  4.127  4.369  4.277  4.317  4.419  4.205  4.234  4.331  4.382  4.205  4.331  4.382  4.407  4.431  4.500  4.220  4.394  4.477  4.431  4.331  4.127  4.220  4.317  4.140  4.253  4.143  4.357  3.970  4.025  4.135  4.205  4.190  4.227  4.344  4.234  4.205  3.989  4.159  3.951  3.970  4.174
3.829  3.829  3.961  3.761  3.780  3.780  3.829  3.802  3.829  3.912  4.190  3.829  4.043  3.912  4.025  3.761  3.773  3.738  4.143  3.951  4.043  4.007  3.689  3.932  3.871  3.689  3.738  3.733  3.738  3.850  3.784  3.980  3.932  3.784  3.714  3.829  3.867  3.714  3.664  3.664  3.570  3.846
4.920  4.852  4.883  4.787  4.966  4.963  4.926  4.852  5.024  5.011  5.063  4.963  5.030  4.920  4.942  5.013  4.868  4.804  4.927  4.927  5.257  5.147  4.875  5.136  4.703  4.754  4.868  4.812  4.642  4.682  4.931  4.787  4.836  4.779  4.812  4.796  4.718  4.875  4.840  4.877  4.890  4.843
4.875  4.836  4.820  4.864  4.804  4.844  4.904  4.710  4.898  4.877  4.920  4.905  4.796  4.836  5.094  4.815  4.843  4.804  4.796  4.920  4.970  5.013  4.802  4.860  4.736  4.635  4.682  4.625  4.613  4.723  4.663  4.796  4.718  4.718  4.811  4.700  4.771  4.786  4.752  4.680  4.644  4.717
3.664  3.824  4.066  3.738  3.689  3.611  3.829  3.807  3.761  3.784  3.611  3.784  3.802  3.829  3.989  3.829  3.877  3.738  3.664  3.967  3.970  3.714  3.714  3.888  3.780  3.689  3.738  3.466  3.714  3.807  3.689  3.726  3.780  3.871  3.784  3.807  3.829  3.714  3.733  3.584  3.738  3.871
3.689  3.541  3.676  3.497  3.664  3.526  3.434  3.555  3.584  3.526  3.401  3.784  3.784  3.714  3.970  3.611  3.689  3.584  4.127  3.638  3.784  3.638  3.434  3.709  3.578  3.497  3.611  3.526  3.466  3.638  3.466  3.761  3.714  3.664  3.490  3.689  3.555  3.638  3.466  3.555  3.497  3.658
3.714  3.784  3.689  3.714  3.738  3.757  3.664  3.791  3.871  3.871  3.714  3.829  3.807  3.829  3.871  3.738  3.829  3.638  4.007  3.932  3.932  3.985  3.784  3.912  3.555  3.807  3.761  3.689  3.709  3.761  3.689  3.555  4.007  3.780  3.807  3.829  3.638  3.684  3.696  3.684  3.714  3.584
3.714  3.611  3.526  3.497  3.738  3.434  3.584  3.684  3.550  3.912  3.497  3.638  3.584  3.638  3.611  3.632  3.664  3.526  3.761  3.761  3.689  3.555  3.555  3.611  3.584  3.658  3.611  3.578  3.296  3.550  3.497  3.638  3.605  3.605  3.611  3.664  3.526  3.497  3.578  3.332  3.497  3.555
4.263  4.248  4.354  4.331  4.190  4.331  4.143  4.304  4.337  4.419  4.256  4.483  4.263  4.380  4.527  4.304  4.190  4.274  4.304  4.205  4.682  4.304  4.369  4.419  4.111  4.248  4.187  4.111  3.932  4.190  4.127  4.301  4.140  4.190  4.127  4.143  4.127  4.220  4.159  4.025  4.111  4.171
4.466  4.520  4.205  4.564  4.382  4.428  4.419  4.431  4.369  4.304  4.466  4.394  4.511  4.492  4.559  4.419  4.344  4.234  4.472  4.331  4.625  4.443  4.431  4.511  4.227  4.190  4.127  4.212  4.202  4.190  4.331  4.357  4.277  4.290  4.143  4.220  4.394  4.337  4.522  4.190  4.248  4.357
5.077  5.075  5.043  5.024  4.883  4.977  4.913  5.165  5.130  5.204  5.143  5.215  5.176  4.956  5.118  5.024  4.990  5.004  5.219  5.063  5.094  4.990  5.063  5.030  4.949  4.828  5.037  5.009  4.828  4.996  5.094  5.004  4.997  5.081  4.942  5.036  4.934  5.094  4.913  5.011  5.037  5.037
6.155  6.097  6.019  6.031  6.073  6.176  6.145  6.145  6.227  6.284  6.268  6.250  6.338  6.114  6.223  6.223  6.211  6.143  6.308  6.172  6.263  6.066  6.197  6.168  6.094  6.043  6.129  6.006  6.100  6.050  6.232  6.100  6.073  6.131  6.188  6.136  6.129  6.035  6.019  6.059  6.113  6.071
5.505  5.380  5.411  5.507  5.489  5.357  5.451  5.461  5.403  5.600  5.489  5.598  5.583  5.418  5.493  5.421  5.313  5.380  5.493  5.540  5.565  5.427  5.375  5.371  5.293  5.204  5.268  5.172  5.004  5.149  5.307  5.328  5.421  5.387  5.438  5.306  5.308  5.325  5.263  5.328  5.311  5.403
4.605  4.407  4.585  4.575  4.696  4.564  4.500  4.554  4.554  4.823  4.745  4.765  4.883  4.682  4.663  4.615  4.520  4.779  4.673  4.554  4.543  4.575  4.533  4.659  4.543  4.357  4.369  4.505  4.205  4.466  4.564  4.511  4.630  4.511  4.331  4.511  4.522  4.466  4.382  4.416  4.543  4.615
5.298  5.156  5.197  5.145  5.278  5.201  5.286  5.208  5.209  5.460  5.283  5.303  5.493  5.377  5.352  5.252  5.292  5.138  5.328  5.357  5.361  5.316  5.333  5.421  5.153  5.117  5.231  5.165  5.204  5.063  5.230  5.242  5.185  5.283  5.323  5.204  5.247  5.182  5.097  5.226  5.124  5.147
4.739  4.419  4.595  4.710  4.745  4.522  4.671  4.489  4.949  4.585  4.796  4.489  4.595  4.431  4.828  4.605  4.600  4.469  4.541  4.787  4.850  4.762  4.635  4.625  4.500  4.559  4.623  4.331  4.477  4.564  4.419  4.736  4.595  4.605  4.844  4.613  4.575  4.443  4.477  4.500  4.708  4.382
4.585  4.407  4.505  4.595  4.543  4.492  4.483  4.533  4.530  4.615  4.511  4.404  4.625  4.575  4.754  4.357  4.511  4.454  4.682  4.575  4.726  4.682  4.454  4.500  4.428  4.382  4.525  4.369  4.238  4.277  4.331  4.454  4.718  4.543  4.394  4.500  4.466  4.443  4.407  4.416  4.564  4.533
4.246  4.197  4.234  4.277  4.317  4.357  4.060  4.290  4.220  4.431  4.078  4.205  4.511  4.331  4.466  4.246  4.304  4.256  4.454  4.489  4.304  4.274  4.248  4.174  4.127  4.143  4.220  4.304  4.007  4.007  4.190  4.205  4.304  4.253  4.190  4.174  4.174  4.127  4.159  4.094  4.127  4.174
4.836  4.718  4.691  4.605  4.820  4.812  4.850  4.796  4.717  4.949  4.866  4.868  4.956  4.927  5.026  4.745  4.754  4.835  4.828  4.844  4.970  4.812  4.913  4.920  4.605  4.754  4.756  4.635  4.640  4.820  4.787  4.804  4.844  4.852  4.883  4.916  4.762  4.762  4.691  4.727  4.625  4.690
4.431  4.205  4.288  4.274  4.248  4.277  4.335  4.224  4.382  4.274  4.315  4.274  4.475  4.477  4.500  4.331  4.220  4.369  4.335  4.464  4.369  4.407  4.369  4.337  4.094  4.337  4.143  4.174  4.111  4.234  4.111  4.234  4.290  4.263  4.295  4.394  4.190  4.394  4.220  4.111  4.277  4.234
5.886  5.537  5.762  5.749  5.756  5.796  5.710  5.720  5.656  5.737  5.787  5.743  5.811  5.780  5.903  5.728  5.591  5.802  5.866  5.899  5.795  5.656  5.707  5.707  5.568  5.547  5.552  5.521  5.421  5.476  5.541  5.624  5.719  5.716  5.730  5.684  5.638  5.805  5.778  5.666  5.600  5.666
4.997  5.061  4.984  5.159  5.075  5.075  4.997  5.037  5.136  5.152  5.112  5.170  5.231  5.147  5.193  5.043  5.004  5.026  5.162  5.263  5.187  5.150  4.963  5.181  4.970  5.004  4.905  4.831  4.875  4.977  4.956  5.030  4.940  4.972  5.111  5.063  4.875  5.126  5.118  5.014  4.927  4.920
