5.142  4.977  5.088  4.963  4.875  4.938  5.088  4.977  5.088  5.135  5.024  5.138  5.072  4.977  5.069  4.977  4.997  4.934  5.142  4.963  5.152  5.187  4.949  5.017  4.970  4.890  4.963  4.718  4.868  4.977  4.905  5.063  4.934  4.984  5.159  5.017  4.828  5.037  5.004  4.773  4.779  5.063
4.595  4.357  4.454  4.511  4.380  4.398  4.344  4.625  4.575  4.649  4.543  4.615  4.618  4.543  4.615  4.500  4.182  4.454  4.673  4.727  4.477  4.401  4.394  4.317  4.554  4.407  4.407  4.416  4.246  4.443  4.440  4.419  4.771  4.454  4.274  4.290  4.317  4.466  4.466  4.522  4.466  4.623
5.811  5.600  5.690  5.690  5.591  5.649  5.755  5.689  5.676  5.886  5.729  5.752  5.808  5.587  5.779  5.677  5.513  5.740  5.687  5.656  5.645  5.609  5.525  5.609  5.389  5.493  5.549  5.497  5.371  5.398  5.629  5.481  5.597  5.598  5.513  5.633  5.472  5.554  5.533  5.549  5.390  5.690
6.122  5.994  6.031  5.991  5.930  5.953  5.966  6.013  6.011  6.205  5.958  6.153  6.064  5.951  6.052  5.886  5.832  5.878  6.027  5.927  6.011  5.936  5.935  5.986  5.808  5.820  5.846  5.700  5.670  5.752  5.908  5.778  5.956  5.866  5.986  5.858  5.844  5.756  5.924  5.866  5.737  5.900
4.407  4.369  4.431  4.516  4.392  4.317  4.382  4.344  4.533  4.503  4.248  4.431  4.564  4.466  4.595  4.304  4.331  4.533  4.394  4.394  4.454  4.431  4.315  4.500  4.324  4.615  4.382  4.331  4.234  4.481  4.270  4.290  4.554  4.295  4.373  4.304  4.369  4.380  4.357  4.431  4.304  4.344
4.290  4.401  4.317  4.174  4.263  4.344  4.277  4.304  4.317  4.344  4.317  4.575  4.357  4.288  4.500  4.190  4.331  4.407  4.267  4.522  4.575  4.317  4.350  4.425  4.277  4.369  4.382  4.234  4.212  4.277  4.344  4.187  4.348  4.304  4.277  4.376  4.331  4.357  4.331  4.234  4.357  4.382
5.278  5.004  5.093  5.198  5.043  5.056  5.165  5.201  5.170  5.389  5.288  5.268  5.328  5.278  5.361  5.111  5.043  5.176  5.231  5.185  5.283  5.056  5.106  5.220  4.927  5.091  5.011  5.037  4.881  4.987  5.112  5.017  5.094  5.106  5.088  5.153  5.218  4.947  5.017  5.069  4.890  4.986
4.486  4.315  4.437  4.489  4.388  4.500  4.290  4.248  4.454  4.511  4.481  4.615  4.625  4.454  4.500  4.248  4.277  4.419  4.575  4.554  4.685  4.419  4.331  4.357  4.277  4.431  4.337  4.174  4.159  4.231  4.382  4.260  4.431  4.369  4.341  4.357  4.234  4.277  4.348  4.220  4.277  4.317
4.301  4.220  4.277  4.337  4.483  4.315  4.419  4.498  4.317  4.500  4.357  4.419  4.489  4.489  4.369  4.454  4.469  4.119  4.477  4.431  4.663  4.477  4.419  4.380  4.344  4.277  4.277  4.246  4.143  4.277  4.407  4.331  4.357  4.466  4.443  4.348  4.205  4.277  4.290  4.274  4.248  4.394
4.578  4.522  4.516  4.536  4.543  4.543  4.522  4.500  4.527  4.654  4.454  4.522  4.605  4.635  4.625  4.543  4.369  4.505  4.554  4.554  4.673  4.466  4.407  4.522  4.304  4.564  4.331  4.190  4.231  4.328  4.419  4.625  4.494  4.654  4.673  4.538  4.498  4.382  4.288  4.263  4.274  4.500
4.220  4.143  4.174  4.034  4.091  4.007  4.263  4.220  4.190  4.357  4.190  4.263  4.308  4.143  4.522  4.344  4.174  4.369  4.248  4.234  4.454  4.074  4.190  4.304  3.970  3.912  4.234  3.989  4.060  4.167  4.277  3.932  4.143  4.007  4.025  4.205  4.174  4.060  3.951  3.951  3.850  3.985
4.301  4.248  4.304  4.234  4.407  4.187  4.369  4.369  4.533  4.687  4.394  4.419  4.533  4.443  4.466  4.437  4.331  4.466  4.344  4.367  4.443  4.431  4.454  4.585  4.119  4.190  4.205  4.263  4.043  4.277  4.127  4.127  4.331  4.301  4.248  4.344  4.078  4.111  4.007  4.094  4.025  4.190
4.905  4.682  4.949  4.787  4.736  4.794  4.794  4.844  4.727  5.063  4.796  4.887  5.024  4.868  4.883  4.654  4.727  4.820  4.765  4.905  4.820  4.727  4.796  4.771  4.663  4.511  4.673  4.779  4.431  4.691  4.771  4.654  4.718  4.649  4.663  4.745  4.691  4.663  4.771  4.732  4.654  4.745
4.820  4.727  4.682  4.663  4.543  4.557  4.771  4.700  4.543  4.836  4.700  4.812  4.743  4.673  4.868  4.673  4.726  4.615  4.708  4.727  4.828  4.652  4.710  4.615  4.500  4.431  4.477  4.486  4.317  4.344  4.625  4.564  4.500  4.625  4.575  4.608  4.527  4.625  4.605  4.533  4.511  4.743
4.605  4.419  4.585  4.663  4.530  4.500  4.419  4.449  4.543  4.762  4.564  4.727  4.677  4.554  4.700  4.522  4.357  4.466  4.659  4.527  4.635  4.541  4.466  4.652  4.357  4.520  4.431  4.543  4.392  4.394  4.407  4.363  4.477  4.394  4.464  4.466  4.443  4.394  4.263  4.443  4.564  4.443
4.171  4.202  4.317  4.174  4.174  4.263  4.190  4.267  4.277  4.407  4.174  4.331  4.344  4.394  4.394  4.248  4.143  4.220  4.220  4.466  4.394  4.248  4.220  4.202  4.143  4.190  4.174  4.190  4.025  4.159  4.040  4.094  4.190  4.174  4.212  4.127  3.989  4.190  4.007  4.007  4.174  4.143
6.834  6.611  6.792  6.875  6.823  6.809  6.925  6.972  6.891  6.976  6.802  6.825  6.825  6.652  6.825  6.655  6.650  6.613  6.839  6.746  6.807  6.750  6.638  6.719  6.567  6.666  6.571  6.633  6.420  6.557  6.635  6.605  6.708  6.687  6.746  6.604  6.613  6.698  6.664  6.619  6.545  6.639
7.116  6.939  6.959  7.028  6.971  6.949  7.054  6.989  7.013  7.231  7.083  7.077  7.051  6.978  7.066  6.852  6.923  6.923  7.067  7.029  7.086  7.047  6.953  7.045  6.772  6.886  6.889  6.811  6.786  6.823  6.943  6.896  6.965  6.954  7.064  6.896  7.013  6.916  6.946  6.832  6.832  6.882
4.820  4.787  4.787  4.883  4.843  4.812  4.956  4.696  4.898  4.852  4.836  4.913  4.769  4.745  4.820  4.762  4.782  4.860  4.954  4.905  4.934  4.802  4.575  4.820  4.783  4.605  4.860  4.820  4.595  4.673  4.663  4.898  4.779  4.777  4.844  4.773  4.652  4.710  4.564  4.727  4.654  4.775
4.773  4.796  4.883  4.769  4.758  4.663  4.673  4.762  4.690  4.885  4.714  4.828  4.691  4.585  4.868  4.554  4.708  4.718  4.820  4.779  4.844  4.718  4.736  4.699  4.644  4.500  4.585  4.625  4.511  4.503  4.554  4.644  4.762  4.673  4.623  4.710  4.443  4.644  4.500  4.585  4.575  4.654
3.951  4.060  3.912  3.892  3.912  3.912  3.970  3.932  4.060  4.025  3.928  4.025  4.078  4.094  4.143  3.871  4.025  3.970  3.951  4.220  4.043  4.078  3.947  3.912  3.951  3.871  3.970  3.912  3.928  3.807  4.108  3.976  4.060  4.066  4.007  4.078  3.846  3.892  3.892  3.912  3.784  3.932
4.477  4.369  4.315  4.331  4.431  4.295  4.369  4.344  4.290  4.460  4.324  4.500  4.413  4.533  4.541  4.472  4.443  4.354  4.489  4.344  4.489  4.394  4.554  4.466  4.419  4.220  4.344  4.290  4.234  4.143  4.317  4.315  4.220  4.394  4.341  4.464  4.270  4.290  4.290  4.317  4.220  4.277
5.003  4.844  4.868  4.970  4.982  4.956  4.927  4.949  4.911  5.068  4.874  4.916  5.075  4.956  5.080  4.868  4.771  4.745  4.959  4.997  4.963  4.931  4.868  5.050  4.792  4.745  4.718  4.682  4.615  4.533  4.766  4.802  4.875  4.802  4.802  4.913  4.779  4.896  4.771  4.745  4.677  4.905
4.475  4.277  4.443  4.475  4.394  4.394  4.419  4.454  4.344  4.331  4.431  4.431  4.564  4.543  4.804  4.454  4.431  4.220  4.419  4.543  4.615  4.564  4.460  4.511  4.407  4.263  4.369  4.187  4.127  4.234  4.304  4.380  4.248  4.277  4.440  4.357  4.407  4.407  4.431  4.290  4.190  4.246
4.234  4.344  4.159  4.304  4.290  4.174  4.369  4.190  4.246  4.260  4.190  4.341  4.477  4.369  4.511  4.078  4.248  4.331  4.394  4.263  4.357  4.248  4.248  4.369  4.205  4.143  4.060  4.091  4.078  4.007  4.127  4.357  4.290  4.159  4.248  4.231  4.078  4.341  4.094  4.263  3.970  4.140
3.867  3.918  4.043  4.078  4.025  3.989  4.078  3.970  3.970  4.202  3.932  4.108  4.220  4.078  4.227  4.007  3.871  3.951  3.995  4.190  4.344  4.143  3.932  4.057  3.967  3.912  3.951  3.888  3.912  3.951  3.912  4.022  3.989  4.094  3.912  3.932  3.912  3.985  4.013  3.738  3.807  3.761
4.159  4.217  4.263  4.007  4.074  4.205  4.111  3.951  4.297  4.344  4.182  4.344  4.159  4.159  4.401  4.143  4.127  4.304  4.290  4.238  4.394  3.989  4.263  4.111  3.942  3.850  4.007  4.241  3.807  3.951  3.807  3.951  4.094  3.989  4.007  4.094  4.025  4.043  3.989  4.111  4.151  3.912
3.912  3.989  3.912  3.912  3.912  4.007  4.022  3.892  4.108  4.078  3.980  4.052  4.143  4.111  4.404  4.078  4.060  4.190  4.091  4.060  4.111  3.970  4.025  4.060  3.912  3.850  4.007  3.871  3.714  3.761  3.761  3.892  3.985  3.689  3.807  4.060  4.025  3.839  3.888  3.780  3.908  3.912
5.142  4.994  4.997  5.112  5.170  4.970  5.024  4.980  5.024  5.170  4.984  5.124  5.263  5.004  5.215  5.088  5.149  5.036  5.222  5.198  5.298  5.030  5.063  5.024  5.032  5.068  4.942  4.874  4.898  4.796  4.898  4.990  5.111  5.126  5.153  5.226  4.952  5.081  4.905  5.061  4.949  4.984
4.889  4.868  4.673  4.796  4.800  4.844  4.771  4.844  4.762  4.913  4.898  4.956  5.047  4.852  4.920  4.762  4.990  4.741  4.881  4.949  4.934  4.949  4.920  5.069  4.752  4.745  4.828  4.543  4.820  4.718  4.771  4.820  4.900  4.828  5.011  4.875  4.828  4.796  4.754  4.662  4.745  4.820
4.583  4.263  4.483  4.443  4.575  4.466  4.522  4.443  4.522  4.644  4.500  4.593  4.727  4.642  4.762  4.443  4.419  4.500  4.710  4.647  4.608  4.443  4.454  4.477  4.511  4.274  4.431  4.416  4.194  4.284  4.454  4.248  4.369  4.431  4.392  4.382  4.248  4.500  4.382  4.382  4.331  4.419
4.099  4.069  4.344  4.060  4.220  4.108  4.094  4.043  4.205  4.127  4.127  4.159  4.477  4.297  4.394  4.205  4.205  4.127  4.290  4.277  4.187  4.111  4.190  4.234  4.078  4.025  4.143  4.190  4.111  4.111  4.043  4.124  4.159  4.060  4.209  4.274  3.932  4.174  4.182  4.007  4.022  4.241
