6.535  6.534  6.486  6.351  6.461  6.566  6.550  6.540  6.560  6.613  6.572  6.628  6.616  6.521  6.627  6.557  6.318  6.574  6.548  6.397  6.493  6.463  6.503  6.483  6.468  6.412  6.456  6.444  6.417  6.424  6.455  6.343  6.425  6.459  6.507  6.564  6.567  6.538  6.477  6.574  6.397  6.513
5.370  5.252  5.231  5.193  5.318  5.366  5.283  5.268  5.468  5.298  5.317  5.347  5.255  5.231  5.421  5.235  5.124  5.278  5.342  5.288  5.342  5.187  5.347  5.176  5.136  5.291  5.170  5.187  5.075  5.165  5.231  5.056  5.204  5.236  5.112  5.288  5.398  5.170  5.100  5.215  4.970  5.209
7.364  6.730  7.254  7.072  7.183  7.210  6.943  7.292  7.245  7.418  7.253  7.370  7.244  7.022  7.187  6.935  6.700  7.183  7.354  7.146  7.023  6.693  6.779  6.692  6.999  7.099  6.974  7.017  6.439  6.784  6.745  6.608  6.990  7.041  7.067  7.022  6.784  7.233  7.112  7.191  6.930  7.251
5.273  5.158  5.234  5.030  5.165  5.181  5.293  5.247  5.328  5.497  5.268  5.288  5.347  5.130  5.268  5.150  5.175  5.063  5.474  5.288  5.338  5.273  5.069  5.268  5.106  5.063  5.081  4.860  5.011  5.013  5.112  5.196  5.075  5.182  5.153  5.056  5.055  5.030  5.130  5.129  4.913  5.165
5.762  5.416  5.613  5.270  5.724  5.805  5.553  5.631  5.707  5.694  5.656  5.684  5.641  5.737  5.791  5.572  5.208  5.689  5.677  5.476  5.583  5.364  5.545  5.472  5.464  5.611  5.468  5.602  5.187  5.394  5.480  5.252  5.318  5.597  5.497  5.553  5.527  5.620  5.353  5.593  5.366  5.557
3.850  3.892  3.638  3.605  3.871  3.850  3.871  3.922  3.892  3.912  3.951  3.784  4.043  4.025  4.094  3.942  3.850  3.761  3.850  3.850  4.094  3.795  3.951  3.928  3.829  3.807  3.807  3.738  3.605  3.807  3.813  3.738  3.761  3.871  3.784  3.871  3.932  3.761  3.611  3.658  3.466  3.871
6.792  6.641  6.788  6.744  6.803  6.780  6.742  6.815  6.774  6.865  6.773  6.858  6.809  6.770  6.816  6.698  6.611  6.831  6.905  6.752  6.731  6.575  6.652  6.644  6.839  6.846  6.715  6.737  6.541  6.653  6.661  6.556  6.773  6.801  6.773  6.719  6.700  6.768  6.667  6.706  6.714  6.821
4.820  4.663  4.762  4.673  4.871  4.870  4.890  4.812  5.068  4.893  4.927  5.024  4.942  4.977  4.970  4.952  4.860  4.726  4.994  4.808  5.089  4.779  4.762  4.804  4.927  5.011  4.850  4.844  4.754  4.718  4.754  4.745  4.802  4.844  4.951  4.836  4.934  4.760  4.625  4.727  4.754  4.771
5.425  5.215  5.337  5.170  5.226  5.352  5.124  5.226  5.241  5.395  5.380  5.352  5.436  5.398  5.429  5.268  5.094  5.277  5.361  5.215  5.276  5.175  5.182  5.118  5.182  5.178  5.146  5.220  5.063  5.152  5.407  5.252  5.231  5.303  5.281  5.204  5.112  5.273  5.170  5.153  5.182  5.124
5.497  5.533  5.500  5.380  5.561  5.407  5.493  5.394  5.460  5.727  5.656  5.677  5.564  5.545  5.602  5.474  5.278  5.447  5.493  5.405  5.541  5.409  5.476  5.464  5.242  5.347  5.394  5.663  5.339  5.332  5.485  5.391  5.301  5.247  5.425  5.489  5.375  5.403  5.352  5.402  5.357  5.342
6.578  6.394  6.434  6.236  6.516  6.542  6.425  6.479  6.586  6.601  6.304  6.534  6.600  6.525  6.592  6.430  6.284  6.571  6.639  6.472  6.479  6.333  6.384  6.426  6.461  6.522  6.389  6.468  6.294  6.395  6.483  6.284  6.324  6.480  6.461  6.443  6.531  6.528  6.399  6.503  6.407  6.504
6.315  6.351  6.296  6.098  6.333  6.407  6.469  6.314  6.449  6.365  5.999  6.365  6.493  6.477  6.472  6.343  6.278  6.314  6.652  6.439  6.610  6.482  6.431  6.445  6.307  6.353  6.222  6.260  6.182  6.192  6.346  6.344  6.315  6.405  6.384  6.335  6.404  6.308  6.192  6.323  6.234  6.313
7.114  6.752  6.993  6.951  7.035  7.008  6.994  7.054  7.054  7.050  6.940  7.161  7.122  6.934  7.077  6.887  6.847  6.897  7.121  6.974  6.930  6.815  6.882  6.838  7.043  7.062  6.987  6.886  6.806  6.880  6.847  6.702  6.860  7.093  6.957  6.928  6.970  6.960  6.829  6.896  6.928  7.065
5.333  5.159  5.187  5.112  5.252  5.366  5.485  5.263  5.535  5.278  5.187  5.513  5.460  5.339  5.412  5.298  5.308  5.071  5.384  5.247  5.403  5.361  5.396  5.220  5.398  5.398  5.323  5.103  5.159  5.295  5.124  5.153  4.942  5.509  5.328  5.323  5.357  5.088  4.963  5.068  5.159  5.197
6.538  6.209  6.400  6.306  6.410  6.458  6.334  6.423  6.485  6.588  6.433  6.473  6.547  6.423  6.431  6.256  6.177  6.492  6.518  6.403  6.233  6.212  6.218  6.186  6.382  6.463  6.310  6.430  6.028  6.297  6.198  6.040  6.242  6.433  6.385  6.265  6.345  6.409  6.397  6.494  6.188  6.418
5.308  5.147  5.182  5.056  5.361  5.325  5.247  5.313  5.398  5.460  5.252  5.352  5.455  5.412  5.391  5.215  5.081  5.212  5.394  5.302  5.159  5.042  5.204  5.126  5.215  5.268  5.220  5.159  5.064  4.997  5.118  4.779  5.056  5.278  5.159  5.072  5.094  5.182  5.147  5.226  5.176  5.204
7.838  7.575  7.688  7.659  7.789  7.754  7.557  7.683  7.649  7.828  7.759  7.791  7.846  7.735  7.738  7.658  7.443  7.792  7.822  7.739  7.563  7.499  7.625  7.572  7.643  7.701  7.590  7.715  7.435  7.490  7.589  7.377  7.678  7.683  7.591  7.616  7.585  7.703  7.628  7.775  7.593  7.742
6.608  6.472  6.526  6.472  6.590  6.640  6.430  6.498  6.526  6.675  6.541  6.712  6.758  6.600  6.672  6.472  6.339  6.519  6.645  6.491  6.477  6.316  6.454  6.450  6.405  6.482  6.360  6.244  6.163  6.277  6.292  6.078  6.351  6.412  6.330  6.469  6.415  6.279  6.284  6.349  6.349  6.365
7.492  7.288  7.352  7.440  7.468  7.468  7.286  7.375  7.401  7.509  7.362  7.480  7.516  7.386  7.546  7.295  7.145  7.385  7.466  7.467  7.309  7.236  7.261  7.312  7.246  7.234  7.178  7.247  7.041  7.104  7.198  7.131  7.308  7.389  7.221  7.317  7.302  7.419  7.217  7.324  7.181  7.369
6.483  6.469  6.489  6.640  6.569  6.611  6.413  6.438  6.518  6.590  6.529  6.633  6.567  6.536  6.753  6.400  6.328  6.306  6.666  6.482  6.588  6.510  6.615  6.555  6.397  6.409  6.340  6.344  6.175  6.250  6.292  6.252  6.433  6.532  6.431  6.479  6.497  6.498  6.349  6.427  6.402  6.620
6.627  6.341  6.516  6.516  6.557  6.485  6.343  6.498  6.518  6.593  6.629  6.540  6.520  6.579  6.565  6.403  6.252  6.601  6.600  6.575  6.388  6.324  6.315  6.390  6.455  6.428  6.331  6.532  6.059  6.157  6.267  6.225  6.404  6.492  6.275  6.412  6.324  6.650  6.646  6.600  6.337  6.440
5.865  5.765  5.811  5.914  5.825  5.832  5.647  5.820  5.826  5.820  5.871  5.808  5.889  5.951  6.023  5.865  5.820  5.935  5.823  5.883  5.885  5.687  5.720  5.765  5.635  5.638  5.714  5.749  5.409  5.509  5.790  5.624  5.808  5.749  5.743  5.846  5.624  5.940  5.881  5.775  5.652  5.621
