8.415  8.254  8.175  8.271  8.328  8.377  8.294  8.298  8.329  8.426  8.329  8.363  8.368  8.339  8.314  8.335  8.146  8.323  8.298  8.242  8.219  8.264  8.301  8.185  8.340  8.334  8.263  8.357  8.141  8.233  8.288  8.125  8.239  8.315  8.328  8.258  8.315  8.289  8.260  8.358  8.212  8.263
6.731  6.589  6.221  6.323  6.522  6.599  6.565  6.542  6.551  6.815  6.706  6.679  6.688  6.680  6.692  6.686  6.394  6.512  6.508  6.369  6.446  6.498  6.628  6.515  6.433  6.568  6.480  6.528  6.310  6.461  6.566  6.114  6.268  6.534  6.460  6.561  6.545  6.526  6.461  6.506  6.285  6.332
6.889  6.783  6.882  6.454  6.891  7.053  6.875  6.661  6.968  7.048  6.667  6.938  7.036  6.992  6.950  6.923  6.607  6.994  6.881  6.726  6.949  6.768  6.752  6.707  6.636  6.719  6.768  6.721  6.378  6.430  6.593  6.568  6.562  6.845  6.661  6.838  6.886  6.823  6.775  6.848  6.613  6.822
5.130  5.445  4.934  4.762  5.050  5.247  5.421  4.663  5.313  5.333  4.727  5.231  5.492  5.357  5.342  5.327  5.169  5.187  5.273  5.029  5.384  5.366  5.338  5.519  4.970  5.105  5.026  5.056  4.934  4.804  4.828  4.758  4.898  5.257  5.063  5.293  5.416  5.142  4.883  4.922  4.762  5.130
6.988  6.781  6.811  6.582  6.856  6.928  6.820  6.835  6.818  7.028  6.956  6.914  6.959  6.953  6.898  6.925  6.576  6.968  6.859  6.678  6.782  6.596  6.809  6.794  6.709  6.788  6.817  6.877  6.632  6.745  6.843  6.461  6.572  6.807  6.726  6.818  6.903  6.808  6.768  6.906  6.586  6.745
6.136  6.178  5.975  5.849  6.040  6.151  6.131  6.120  6.045  6.244  6.230  6.211  6.139  6.084  6.199  6.153  5.869  6.050  6.130  5.943  6.138  6.028  6.080  6.172  5.924  6.031  5.932  6.006  5.844  5.930  6.176  5.767  5.849  6.016  5.962  6.061  6.162  5.892  5.969  5.940  5.782  6.016
5.823  5.587  5.608  5.485  5.652  5.626  5.704  5.727  5.849  5.844  5.663  5.805  5.700  5.656  5.759  5.717  5.489  5.844  5.771  5.572  5.694  5.572  5.656  5.714  5.566  5.687  5.616  5.663  5.587  5.571  5.537  5.472  5.505  5.683  5.635  5.690  5.659  5.593  5.553  5.628  5.468  5.729
4.440  4.500  4.308  4.256  4.369  4.344  4.820  4.533  4.635  4.443  4.466  4.489  4.533  4.407  4.714  4.419  4.331  4.437  4.416  4.376  4.585  4.533  4.475  4.431  4.407  4.382  4.481  4.382  4.317  4.297  4.304  4.301  4.277  4.498  4.454  4.220  4.413  4.277  4.290  4.466  4.304  4.331
8.143  7.923  8.020  7.861  8.067  8.159  8.034  8.019  8.070  8.144  8.127  8.124  8.135  8.081  8.104  8.018  7.863  8.129  8.070  7.928  8.069  7.927  7.984  7.938  7.902  7.944  7.952  8.012  7.739  7.862  7.976  7.779  7.840  8.021  7.989  7.988  8.093  8.004  7.937  8.039  7.879  7.972
6.472  6.554  6.483  6.358  6.531  6.752  6.647  6.491  6.620  6.713  6.815  6.671  6.757  6.693  6.739  6.588  6.454  6.592  6.613  6.356  6.782  6.562  6.615  6.619  6.332  6.405  6.562  6.348  6.267  6.321  6.599  6.312  6.330  6.588  6.557  6.685  6.717  6.397  6.435  6.428  6.314  6.496
7.523  7.197  7.404  7.323  7.500  7.525  7.322  7.378  7.434  7.634  7.568  7.586  7.608  7.474  7.523  7.409  7.148  7.530  7.574  7.409  7.365  7.221  7.264  7.298  7.340  7.396  7.295  7.380  7.057  7.155  7.220  7.072  7.390  7.330  7.269  7.330  7.305  7.366  7.315  7.406  7.215  7.348
5.727  5.609  5.649  5.466  5.712  5.737  5.684  5.670  5.781  6.011  5.881  5.991  5.948  5.727  5.943  5.704  5.448  5.684  5.872  5.545  5.814  5.681  5.635  5.714  5.460  5.517  5.591  5.505  5.146  5.421  5.474  5.264  5.298  5.446  5.460  5.677  5.505  5.398  5.509  5.434  5.293  5.476
6.727  6.560  6.669  6.633  6.706  6.702  6.742  6.745  6.777  6.808  6.785  6.827  6.802  6.671  6.817  6.655  6.504  6.824  6.865  6.691  6.729  6.485  6.619  6.549  6.789  6.797  6.698  6.653  6.544  6.542  6.600  6.529  6.707  6.843  6.750  6.779  6.756  6.653  6.590  6.720  6.709  6.757
5.086  5.105  5.024  5.059  5.136  5.074  5.236  5.159  5.257  5.192  5.176  5.197  5.209  5.165  5.366  5.075  5.078  5.011  5.247  5.043  5.361  5.050  5.132  5.165  5.126  5.223  5.187  5.061  4.997  4.934  5.053  5.004  5.011  5.176  5.247  5.263  5.080  5.136  4.836  4.852  4.920  5.009
7.495  7.167  7.432  7.399  7.452  7.400  7.137  7.367  7.269  7.540  7.455  7.498  7.525  7.348  7.494  7.223  7.117  7.474  7.526  7.396  7.228  7.120  7.207  7.129  7.412  7.430  7.238  7.375  7.061  7.117  7.205  7.147  7.393  7.368  7.207  7.349  7.334  7.565  7.486  7.479  7.324  7.465
5.242  4.875  5.039  5.153  5.064  5.063  4.828  4.898  5.108  5.273  5.384  5.268  5.255  5.219  5.186  4.920  4.902  5.050  5.159  5.094  4.947  4.804  4.977  4.896  4.970  5.198  4.913  5.043  4.635  4.685  4.700  4.666  4.927  4.986  4.850  5.088  4.970  4.949  5.124  5.088  4.898  5.075
7.134  6.728  6.950  6.888  7.098  7.060  6.764  6.976  6.967  7.102  7.058  7.120  7.105  7.014  7.063  6.856  6.669  7.125  6.997  7.026  6.696  6.726  6.888  6.803  6.734  6.924  6.832  6.967  6.697  6.655  6.777  6.439  6.835  6.790  6.653  6.861  6.847  6.950  6.941  7.062  6.802  7.055
5.346  5.182  5.357  5.282  5.497  5.497  5.193  5.481  5.445  5.549  5.451  5.474  5.537  5.513  5.666  5.373  4.984  5.489  5.340  5.472  5.313  5.226  5.421  5.313  5.004  5.375  5.338  5.293  4.963  5.118  5.100  4.913  5.193  5.130  5.242  5.231  5.313  5.275  5.297  5.318  5.231  5.318
7.256  7.077  7.174  7.137  7.185  7.240  7.068  7.096  7.135  7.265  7.228  7.231  7.259  7.171  7.250  7.144  6.887  7.335  7.203  7.144  7.054  6.999  7.127  7.140  7.054  7.170  7.145  7.170  7.032  7.069  7.063  6.884  7.067  7.142  7.063  7.128  7.125  7.266  7.140  7.286  7.076  7.205
4.920  4.980  4.839  4.745  4.875  5.007  4.691  4.748  4.959  5.081  5.004  4.963  5.088  4.984  5.063  4.836  4.883  5.124  4.959  4.852  4.769  4.787  5.069  4.961  4.812  4.860  4.868  4.736  4.663  4.673  4.756  4.654  4.663  4.736  4.796  4.804  4.762  4.832  4.739  4.942  4.832  4.762
6.642  6.270  6.597  6.518  6.587  6.647  6.472  6.572  6.605  6.648  6.479  6.708  6.597  6.565  6.640  6.409  6.458  6.669  6.633  6.589  6.547  6.463  6.387  6.437  6.592  6.662  6.519  6.521  6.217  6.294  6.409  6.348  6.465  6.605  6.586  6.491  6.428  6.611  6.439  6.450  6.513  6.700
5.697  5.412  5.687  5.624  5.624  5.710  5.509  5.645  5.684  5.740  5.587  5.714  5.796  5.687  5.844  5.642  5.529  5.694  5.753  5.771  5.631  5.617  5.642  5.576  5.715  5.690  5.727  5.451  5.328  5.438  5.447  5.438  5.613  5.598  5.628  5.624  5.580  5.663  5.606  5.425  5.486  5.645
