3.401  3.401  3.466  3.497  3.434  3.584  3.434  3.584  3.555  3.632  3.401  3.555  3.714  3.684  4.078  3.611  3.497  3.638  3.733  3.714  3.761  3.761  3.526  3.611  3.497  3.466  3.555  3.466  3.296  3.332  3.555  3.418  3.434  3.367  3.512  3.555  3.466  3.367  3.401  3.651  3.638  3.459
3.550  3.466  3.401  3.219  3.332  3.466  3.401  3.611  3.584  3.466  3.497  3.520  3.584  3.550  4.382  3.526  3.466  3.638  3.428  3.676  3.638  3.497  3.611  3.541  3.418  3.401  3.611  3.360  3.401  3.434  3.434  3.367  3.296  3.428  3.434  3.401  3.541  3.367  3.325  3.332  3.258  3.434
4.190  4.094  4.025  4.060  4.043  4.043  4.124  4.078  4.111  4.344  4.127  4.159  4.277  4.220  4.331  4.111  4.111  4.043  4.205  4.174  4.094  4.043  3.970  4.143  4.043  4.007  4.057  3.932  3.980  4.025  4.094  3.912  3.970  4.043  4.031  4.022  4.127  4.025  4.127  4.025  4.043  4.034
3.784  3.892  3.829  3.807  3.738  3.714  4.066  3.932  3.888  3.947  3.664  3.951  3.829  3.867  4.060  3.738  3.807  3.784  3.892  3.850  3.888  3.892  3.714  3.664  3.709  3.829  3.592  3.584  3.761  3.714  3.835  3.829  3.882  3.689  3.701  3.912  3.714  3.892  3.638  3.768  3.664  3.784
3.597  3.555  3.638  3.871  3.360  3.611  3.555  3.611  3.466  3.638  3.459  3.689  3.738  3.638  3.664  3.535  3.658  3.401  3.664  3.714  3.497  3.611  3.497  3.664  3.638  3.689  3.497  3.332  3.401  3.526  3.578  3.526  3.434  3.638  3.466  3.605  3.638  3.466  3.689  3.526  3.689  3.520
3.512  3.664  4.369  3.846  3.605  3.584  3.738  3.714  3.466  3.638  3.428  3.584  3.850  3.768  3.807  3.871  3.550  3.555  3.970  3.611  3.738  3.689  3.611  3.658  3.714  3.664  3.497  3.401  3.466  3.497  3.611  3.664  3.497  3.555  3.780  3.689  3.584  3.664  3.520  3.605  3.332  3.738
5.753  5.656  5.558  5.598  5.609  5.598  5.666  5.613  5.583  5.787  5.663  5.849  5.855  5.656  5.796  5.547  5.565  5.435  5.756  5.544  5.700  5.694  5.541  5.673  5.505  5.464  5.420  5.384  5.270  5.405  5.467  5.375  5.415  5.580  5.521  5.537  5.517  5.347  5.333  5.460  5.283  5.580
4.443  4.394  4.407  4.466  4.344  4.382  4.431  4.344  4.394  4.533  4.812  4.605  4.605  4.564  4.543  4.331  4.357  4.202  4.605  4.511  4.585  4.522  4.446  4.564  4.388  4.443  4.220  4.277  4.205  4.078  4.361  4.284  4.416  4.344  4.357  4.234  4.317  4.443  4.297  4.419  4.241  4.382
4.804  4.331  5.011  4.682  4.673  4.905  4.511  4.708  4.727  4.754  4.533  4.654  4.832  4.554  4.691  4.564  4.585  4.883  4.931  4.868  4.554  4.466  4.498  4.727  4.575  4.533  4.466  4.350  3.970  4.754  4.369  4.585  4.787  4.546  4.380  4.630  4.369  4.500  4.466  4.477  4.522  4.575
4.159  4.224  4.304  4.190  4.263  4.159  4.431  4.094  4.260  4.394  4.220  4.304  4.344  4.344  4.454  4.315  4.190  4.220  4.231  4.315  4.331  4.317  4.190  4.290  4.111  4.248  4.174  4.156  3.989  4.217  4.248  4.143  4.263  4.060  4.263  4.301  4.205  4.025  4.078  4.234  4.127  4.190
5.568  5.268  5.756  5.420  5.482  5.652  5.474  5.450  5.493  5.525  5.412  5.568  5.583  5.438  5.576  5.447  5.380  5.663  5.621  5.380  5.545  5.371  5.394  5.617  5.352  5.242  5.333  5.150  4.949  5.328  5.153  5.269  5.390  5.288  5.209  5.298  5.298  5.204  5.189  5.303  5.303  5.403
4.331  4.419  4.315  4.530  4.317  4.382  4.489  4.428  4.382  4.489  4.234  4.489  4.454  4.401  4.500  4.357  4.357  4.281  4.398  4.466  4.564  4.376  4.304  4.331  4.174  4.111  4.337  4.270  4.260  4.220  4.263  4.290  4.331  4.331  4.331  4.386  4.248  4.328  4.248  4.127  4.263  4.331
6.538  6.342  6.453  6.256  6.402  6.443  6.433  6.480  6.474  6.663  6.526  6.562  6.578  6.389  6.607  6.404  6.358  6.332  6.535  6.512  6.434  6.410  6.314  6.444  6.269  6.288  6.323  6.266  6.047  6.204  6.314  6.315  6.357  6.395  6.441  6.359  6.336  6.399  6.389  6.303  6.246  6.310
6.124  5.930  5.958  5.752  5.930  5.984  6.087  5.919  5.938  6.172  6.133  6.100  6.133  5.974  6.140  5.935  5.835  5.908  5.945  5.958  6.059  6.033  6.010  6.031  5.724  5.864  5.808  5.819  5.659  5.782  5.849  5.781  5.777  5.866  5.991  5.881  5.832  5.829  6.028  5.900  5.802  5.793
4.394  4.111  4.290  4.078  4.290  4.205  4.234  4.174  4.317  4.511  4.369  4.246  4.344  4.419  4.290  4.419  4.143  4.127  4.431  4.394  4.357  4.246  4.159  4.321  4.344  4.248  4.205  4.205  4.025  3.951  4.159  4.394  4.331  4.315  4.143  4.143  4.220  4.190  4.057  4.382  4.277  4.224
4.007  3.932  4.248  4.143  4.060  4.043  4.025  4.220  4.111  4.290  3.989  4.205  4.043  4.111  4.263  4.013  3.951  3.912  4.174  4.304  4.159  4.060  3.989  4.111  4.124  3.967  3.932  4.043  3.784  3.902  3.892  4.060  4.060  3.932  3.970  4.057  4.060  4.094  4.007  3.967  3.892  4.083
3.638  3.784  3.714  3.664  3.434  3.658  3.584  3.638  3.638  3.733  3.434  3.784  3.714  3.638  3.850  3.638  3.638  3.584  3.555  3.638  3.714  3.689  3.611  3.709  3.611  3.638  3.714  3.738  3.611  3.555  3.555  3.638  3.689  3.497  3.605  3.664  3.401  3.714  3.401  3.434  3.664  3.520
3.434  3.475  3.367  3.395  3.401  3.434  3.428  3.611  3.434  3.466  3.466  3.401  3.434  3.520  3.726  3.434  3.459  3.401  3.466  3.611  3.555  3.605  3.434  3.555  3.512  3.466  3.664  3.434  3.434  3.434  3.250  3.497  3.466  3.611  3.526  3.434  3.367  3.434  3.367  3.367  3.434  3.450
3.807  4.025  3.892  3.970  4.234  3.932  3.850  4.007  4.043  4.083  4.007  4.078  4.220  4.190  4.317  3.892  3.892  4.220  4.127  4.190  4.263  4.043  4.025  4.111  3.892  4.078  3.951  3.892  3.829  4.094  4.187  4.007  3.912  3.947  3.757  3.989  4.043  4.057  4.143  3.850  3.871  3.967
3.664  3.664  3.829  3.584  3.784  3.784  3.780  3.824  3.738  3.696  3.684  3.795  3.871  3.757  3.850  3.871  3.757  3.733  3.871  3.829  3.970  3.829  3.784  3.850  3.584  3.611  3.689  3.638  3.497  3.714  3.592  3.733  3.784  3.709  3.555  3.658  3.638  3.784  3.714  3.714  3.709  3.818
4.220  3.980  4.078  4.043  3.892  3.980  3.985  3.989  3.928  3.989  3.761  4.025  4.022  3.998  4.094  4.007  4.127  4.007  4.119  4.167  4.078  3.871  3.871  3.970  4.007  3.871  3.918  3.829  3.714  3.664  3.761  3.871  4.220  4.007  3.850  3.951  3.784  3.892  3.892  3.989  3.932  3.850
4.190  3.892  3.951  4.220  4.043  4.156  3.989  4.007  4.060  4.159  4.007  4.078  4.078  4.043  4.241  3.912  4.094  4.099  4.248  4.234  4.190  3.970  3.829  4.094  4.094  4.025  3.807  3.912  3.970  3.861  3.850  4.078  4.263  4.127  4.094  4.025  3.892  3.871  3.970  4.111  3.871  3.951
3.970  4.025  4.034  4.025  4.007  3.892  3.902  3.892  3.807  4.159  3.908  3.989  4.220  4.060  4.159  3.912  3.871  3.912  3.850  4.263  4.025  3.932  4.007  3.970  3.871  3.871  3.970  3.888  3.689  3.912  3.807  3.932  3.784  3.871  3.888  4.025  3.976  3.892  4.091  3.932  3.689  3.709
4.190  4.159  4.205  4.132  4.277  4.263  4.263  4.369  4.111  4.267  4.159  4.344  4.369  4.376  4.248  3.970  4.156  4.284  4.357  4.205  4.190  4.190  4.078  4.127  3.892  4.043  4.124  4.043  3.912  4.025  4.052  4.025  4.205  4.031  4.078  4.127  4.004  4.270  4.248  4.190  3.967  4.159
3.466  3.526  3.555  3.689  3.807  3.664  3.605  3.526  3.632  3.714  3.520  3.689  3.761  3.784  4.025  3.733  3.689  3.664  3.784  3.664  3.733  3.714  3.638  3.664  3.497  3.497  3.497  3.632  3.611  3.497  3.497  3.813  3.611  3.497  3.671  3.761  3.638  3.584  3.584  3.466  3.401  3.651
3.738  3.555  3.664  3.829  3.684  3.611  3.526  3.584  3.638  3.526  3.664  3.738  3.807  3.871  3.871  3.638  3.714  3.611  3.829  3.892  3.664  3.750  3.555  3.638  3.611  3.714  3.550  3.584  3.506  3.434  3.584  3.555  3.664  3.795  3.664  3.658  3.658  3.888  3.497  3.555  3.555  3.466
4.585  4.549  4.554  4.659  4.736  4.489  4.580  4.511  4.595  4.727  4.449  4.615  4.718  4.700  4.727  4.443  4.394  4.489  4.727  4.673  4.710  4.541  4.564  4.718  4.317  4.419  4.344  4.344  4.217  4.277  4.407  4.486  4.654  4.394  4.511  4.644  4.407  4.533  4.419  4.428  4.407  4.431
4.454  4.290  4.277  4.407  4.317  4.248  4.277  4.407  4.369  4.341  4.194  4.220  4.431  4.369  4.466  4.304  4.331  4.331  4.454  4.466  4.419  4.407  4.369  4.500  4.132  4.263  4.202  4.248  4.127  4.248  4.317  4.337  4.477  4.304  4.234  4.317  4.277  4.277  4.290  4.127  4.234  4.304
3.829  3.664  3.892  3.664  3.802  3.761  3.761  3.664  3.738  3.850  3.824  3.714  3.871  3.807  3.807  3.638  3.784  3.757  4.143  3.912  3.784  3.932  3.664  3.784  3.689  3.784  3.761  3.664  3.555  3.689  3.605  3.689  3.807  3.829  3.611  3.714  3.497  3.738  3.761  3.638  3.638  3.638
3.526  3.555  3.638  3.434  3.497  3.611  3.624  3.611  3.761  3.714  3.605  3.638  3.784  3.526  3.689  3.611  3.664  3.584  3.745  3.578  3.689  3.611  3.584  3.526  3.332  3.490  3.611  3.605  3.578  3.638  3.526  3.638  3.684  3.592  3.611  3.638  3.466  3.497  3.497  3.526  3.466  3.664
5.586  5.252  5.406  5.451  5.476  5.505  5.215  5.580  5.387  5.616  5.545  5.484  5.481  5.507  5.519  5.288  5.318  5.509  5.624  5.481  5.493  5.342  5.434  5.371  5.438  5.625  5.339  5.442  5.159  5.254  5.298  5.147  5.457  5.501  5.257  5.485  5.407  5.647  5.421  5.278  5.290  5.568
4.431  4.416  4.481  4.533  4.344  4.277  4.274  4.407  4.301  4.520  4.498  4.419  4.394  4.573  4.511  4.234  4.248  4.404  4.443  4.590  4.382  4.460  4.357  4.317  4.354  4.380  4.202  4.205  4.060  4.078  4.277  4.301  4.315  4.416  4.407  4.404  4.205  4.486  4.407  4.304  4.311  4.416
