7.302  7.016  6.998  6.810  7.055  7.171  7.210  6.802  7.220  7.440  7.287  7.230  7.288  7.214  7.302  7.238  6.465  7.147  6.822  6.884  7.054  7.103  7.134  7.103  6.944  7.095  7.116  7.100  6.872  6.934  7.126  6.730  6.859  7.053  7.078  7.124  7.161  6.992  6.878  7.039  6.878  6.891
4.796  4.866  4.460  4.331  4.615  4.644  5.011  4.304  4.949  5.136  5.004  5.011  5.069  4.973  4.956  5.043  3.989  4.663  4.277  4.554  4.844  4.920  5.068  5.094  4.644  4.771  4.868  4.543  4.662  4.575  4.752  4.500  4.522  4.625  4.762  4.844  4.836  4.363  4.452  4.443  4.454  4.304
7.412  7.328  7.319  7.128  7.375  7.457  7.431  7.326  7.399  7.388  7.334  7.444  7.454  7.386  7.411  7.382  7.311  7.408  7.402  7.274  7.462  7.359  7.337  7.351  7.235  7.365  7.347  7.294  7.243  7.289  7.415  7.251  7.148  7.464  7.393  7.436  7.552  7.392  7.257  7.296  7.186  7.265
6.148  6.054  5.936  5.883  6.073  6.129  6.155  6.047  6.206  6.105  6.006  6.136  6.192  6.129  6.206  6.026  5.979  5.998  6.203  5.926  6.194  6.097  6.052  6.109  5.943  6.097  5.976  6.009  5.971  5.964  6.051  5.876  5.883  6.100  6.057  6.119  6.255  6.109  5.994  5.984  5.832  6.016
7.712  7.602  7.606  7.523  7.607  7.655  7.653  7.651  7.710  7.720  7.629  7.689  7.664  7.575  7.682  7.555  7.519  7.690  7.700  7.570  7.670  7.587  7.588  7.555  7.647  7.650  7.571  7.602  7.498  7.537  7.529  7.539  7.568  7.673  7.653  7.612  7.654  7.638  7.541  7.622  7.505  7.608
5.420  5.283  5.341  5.150  5.415  5.257  5.434  5.416  5.389  5.501  5.497  5.472  5.474  5.428  5.600  5.403  5.464  5.357  5.429  5.252  5.541  5.388  5.425  5.429  5.425  5.481  5.328  5.318  5.159  5.204  5.234  5.328  5.226  5.398  5.476  5.375  5.421  5.226  5.124  5.247  5.176  5.318
7.604  7.351  7.412  7.332  7.493  7.565  7.386  7.489  7.462  7.672  7.636  7.575  7.604  7.591  7.570  7.361  7.097  7.544  7.512  7.331  7.368  7.279  7.420  7.402  7.383  7.413  7.391  7.499  7.200  7.305  7.421  7.151  7.229  7.446  7.382  7.431  7.447  7.418  7.413  7.484  7.269  7.431
5.628  5.537  5.481  5.545  5.545  5.576  5.666  5.485  5.621  5.724  5.768  5.746  5.733  5.704  5.787  5.472  5.375  5.497  5.525  5.481  5.613  5.557  5.609  5.505  5.215  5.460  5.353  5.407  5.278  5.381  5.533  5.236  5.313  5.476  5.493  5.587  5.581  5.525  5.493  5.546  5.236  5.342
8.196  7.978  8.076  8.044  8.060  8.102  8.091  8.081  8.119  8.275  8.140  8.177  8.213  8.114  8.147  8.056  7.991  8.092  8.166  8.085  8.070  7.979  8.075  8.004  8.143  8.160  8.071  8.152  7.982  8.041  8.108  7.975  7.971  8.173  8.134  8.070  8.093  8.083  8.052  8.143  7.965  8.109
7.688  7.591  7.560  7.608  7.565  7.604  7.691  7.625  7.714  7.887  7.766  7.744  7.808  7.674  7.682  7.625  7.639  7.507  7.724  7.650  7.666  7.623  7.682  7.635  7.634  7.669  7.555  7.574  7.447  7.613  7.657  7.565  7.497  7.670  7.692  7.612  7.639  7.524  7.545  7.535  7.525  7.542
7.378  7.307  7.262  7.261  7.300  7.365  7.327  7.311  7.369  7.416  7.363  7.435  7.418  7.382  7.430  7.334  7.200  7.305  7.412  7.248  7.324  7.242  7.340  7.255  7.399  7.407  7.291  7.237  7.182  7.193  7.286  7.160  7.191  7.402  7.322  7.367  7.399  7.242  7.148  7.301  7.284  7.356
5.561  5.628  5.517  5.513  5.476  5.602  5.720  5.505  5.673  5.720  5.677  5.733  5.768  5.729  5.866  5.630  5.724  5.583  5.765  5.585  5.951  5.700  5.613  5.743  5.805  5.780  5.557  5.207  5.474  5.412  5.545  5.537  5.497  5.677  5.775  5.741  5.690  5.503  5.505  5.438  5.561  5.570
8.019  7.905  7.955  8.011  8.065  8.046  7.942  7.978  7.947  8.058  8.006  8.035  8.077  7.976  8.029  7.923  7.792  8.005  8.090  7.991  7.921  7.851  7.938  7.909  8.054  8.042  7.931  8.030  7.758  7.859  7.915  7.757  7.937  8.000  7.945  7.937  7.979  7.995  7.956  8.009  7.959  7.998
6.475  6.432  6.372  6.420  6.404  6.457  6.476  6.441  6.412  6.526  6.489  6.562  6.588  6.494  6.578  6.384  6.155  6.395  6.515  6.309  6.483  6.333  6.466  6.436  6.500  6.422  6.365  6.392  6.219  6.279  6.353  6.189  6.304  6.397  6.337  6.439  6.450  6.431  6.387  6.472  6.377  6.368
7.319  7.085  7.258  7.253  7.305  7.286  7.245  7.246  7.296  7.346  7.269  7.330  7.346  7.234  7.371  7.249  7.114  7.302  7.327  7.263  7.252  7.187  7.200  7.215  7.253  7.291  7.238  7.248  7.147  7.130  7.196  7.140  7.253  7.318  7.225  7.279  7.253  7.324  7.187  7.295  7.145  7.271
6.503  6.518  6.405  6.495  6.548  6.372  6.515  6.389  6.524  6.608  6.565  6.516  6.554  6.457  6.575  6.460  6.485  6.417  6.497  6.474  6.574  6.488  6.538  6.588  6.409  6.447  6.489  6.347  6.370  6.444  6.394  6.377  6.519  6.607  6.516  6.558  6.582  6.494  6.447  6.394  6.287  6.409
7.635  7.510  7.560  7.583  7.660  7.605  7.440  7.560  7.541  7.601  7.540  7.647  7.613  7.577  7.602  7.481  7.307  7.629  7.607  7.548  7.393  7.375  7.454  7.447  7.504  7.542  7.497  7.530  7.356  7.386  7.488  7.313  7.512  7.510  7.394  7.444  7.494  7.672  7.561  7.600  7.402  7.574
6.722  6.690  6.612  6.738  6.798  6.740  6.541  6.617  6.690  6.675  6.631  6.747  6.688  6.656  6.802  6.581  6.446  6.661  6.797  6.652  6.539  6.574  6.707  6.668  6.671  6.741  6.582  6.641  6.449  6.525  6.568  6.417  6.532  6.582  6.507  6.676  6.639  6.735  6.560  6.678  6.568  6.635
6.339  6.125  6.166  6.211  6.253  6.306  6.211  6.250  6.413  6.373  6.131  6.446  6.428  6.232  6.385  6.148  6.260  6.176  6.469  6.358  6.298  6.174  6.060  6.168  6.299  6.431  6.129  6.234  6.104  5.979  6.058  6.267  6.323  6.328  6.269  6.151  6.292  6.146  6.066  6.233  6.282  6.420
4.394  4.605  4.317  4.552  4.603  4.522  4.603  4.489  4.644  4.649  4.533  4.640  4.710  4.595  4.771  4.673  4.635  4.644  4.718  4.654  4.828  4.635  4.522  4.743  4.708  4.796  4.505  4.503  4.466  4.533  4.583  4.533  4.585  4.682  4.610  4.644  4.500  4.344  4.575  4.277  4.419  4.615
7.893  7.795  7.771  7.775  7.870  7.850  7.722  7.808  7.850  7.853  7.848  7.892  7.927  7.830  7.847  7.789  7.648  7.903  7.854  7.862  7.722  7.692  7.763  7.742  7.857  7.926  7.829  7.825  7.665  7.743  7.822  7.656  7.820  7.920  7.827  7.830  7.834  7.751  7.762  7.845  7.808  7.909
6.558  6.466  6.501  6.512  6.569  6.466  6.321  6.501  6.478  6.512  6.409  6.513  6.539  6.502  6.511  6.303  6.365  6.534  6.510  6.575  6.410  6.342  6.346  6.280  6.450  6.513  6.361  6.196  6.093  6.305  6.211  6.087  6.425  6.449  6.347  6.420  6.354  6.445  6.307  6.315  6.360  6.492
