5.451  5.468  5.313  5.361  5.283  5.416  5.714  5.501  5.700  5.457  5.278  5.405  5.403  5.288  5.472  5.267  5.247  5.209  5.313  5.303  5.432  5.335  5.377  5.384  5.346  5.215  5.283  5.106  5.193  5.220  5.234  5.252  5.268  5.209  5.302  5.226  5.181  5.215  5.047  5.086  5.256  5.170
4.812  4.595  4.615  4.615  4.625  4.710  4.727  4.700  4.828  4.828  4.710  4.718  4.820  4.844  4.812  4.680  4.754  4.585  4.605  4.779  4.942  4.836  4.717  4.827  4.771  4.787  4.615  4.543  4.564  4.585  4.727  4.754  4.745  4.677  4.736  4.745  4.585  4.595  4.500  4.578  4.605  4.673
5.609  5.484  5.432  5.521  5.521  5.544  5.771  5.617  5.768  5.720  5.517  5.635  5.602  5.493  5.602  5.413  5.357  5.468  5.700  5.472  5.533  5.509  5.370  5.501  5.429  5.403  5.501  5.277  5.178  5.438  5.377  5.389  5.380  5.472  5.481  5.476  5.434  5.421  5.357  5.416  5.303  5.493
3.912  3.780  3.689  3.664  3.784  3.970  3.761  3.807  3.867  4.025  3.664  3.871  3.970  3.980  3.951  3.807  3.689  3.795  3.807  3.807  3.784  3.709  3.584  3.701  3.829  3.947  3.714  3.638  3.684  3.871  3.829  3.829  3.714  3.839  3.638  3.738  3.638  3.638  3.714  3.714  3.550  3.871
5.130  5.017  4.905  5.034  4.997  5.142  5.106  5.130  5.165  5.193  5.024  5.118  5.112  5.075  5.100  5.011  4.959  4.890  5.124  5.069  5.050  5.063  4.913  4.989  4.898  4.927  4.934  4.654  4.595  4.644  4.860  4.852  4.990  5.112  5.075  4.990  4.828  4.890  4.875  4.927  4.924  5.056
3.829  3.951  3.947  4.290  4.007  4.111  3.714  3.807  3.888  3.850  3.761  3.738  3.912  4.057  3.928  3.871  3.829  6.480  4.127  3.867  3.892  3.850  3.689  3.714  4.007  3.807  3.638  3.701  3.696  3.714  3.714  3.784  3.773  3.877  3.892  3.689  3.689  3.761  3.664  3.689  3.850  4.007
7.357  7.286  7.315  7.265  7.329  7.369  7.446  7.333  7.449  7.512  7.334  7.459  7.440  7.315  7.435  7.363  7.339  7.278  7.395  7.250  7.456  7.416  7.364  7.386  7.410  7.359  7.368  7.260  7.292  7.292  7.359  7.290  7.326  7.394  7.491  7.399  7.390  7.320  7.238  7.333  7.295  7.410
6.633  6.609  6.578  6.503  6.553  6.545  6.711  6.576  6.702  6.691  6.715  6.704  6.714  6.580  6.797  6.707  6.779  6.615  6.733  6.532  6.786  6.720  6.682  6.759  6.697  6.626  6.654  6.498  6.528  6.607  6.593  6.593  6.551  6.592  6.726  6.692  6.631  6.534  6.455  6.537  6.554  6.586
5.078  4.905  4.883  4.909  5.088  5.043  5.069  4.875  5.088  4.973  5.100  5.142  5.182  5.132  5.124  4.990  4.977  5.001  5.140  5.017  5.252  4.996  5.037  5.112  5.050  4.875  4.970  4.890  4.694  4.812  5.017  4.970  4.836  4.970  4.919  4.977  5.100  4.994  4.920  4.787  4.769  4.913
4.103  4.288  4.094  3.928  4.174  4.171  4.143  4.220  4.220  4.194  4.043  4.103  4.331  4.202  4.159  3.970  4.174  3.951  4.127  4.127  4.317  4.190  4.304  4.277  3.970  4.248  4.094  3.850  3.989  3.989  3.989  4.025  4.043  3.892  4.043  4.094  4.094  4.022  3.989  3.871  4.060  4.111
4.416  4.486  4.431  4.443  4.304  4.466  4.437  4.431  4.466  4.394  4.511  4.575  4.554  4.407  4.543  4.248  4.202  4.466  4.663  4.443  4.248  4.127  4.331  4.382  4.407  4.382  4.277  4.363  4.025  4.220  4.205  4.127  4.363  4.220  4.190  4.344  4.190  4.277  4.369  4.267  4.205  4.419
4.069  4.022  4.025  4.025  4.016  4.007  3.850  4.248  4.004  4.277  3.912  4.205  4.182  3.998  4.220  4.143  4.111  3.989  4.190  4.246  4.111  3.912  3.892  4.074  3.989  3.829  3.892  3.733  3.761  3.761  3.951  3.689  3.871  3.829  4.016  4.127  3.850  3.714  3.871  3.802  3.970  4.174
3.526  3.401  3.367  3.332  3.541  3.526  3.428  3.466  3.466  3.497  3.512  3.664  3.526  3.611  3.611  3.526  3.664  3.401  3.526  3.738  3.684  3.401  3.466  3.466  3.555  3.219  3.584  3.434  3.332  3.401  3.434  3.466  3.541  3.367  3.401  3.520  3.367  3.466  3.401  3.466  3.367  3.490
3.325  3.367  3.434  3.296  3.367  3.219  3.296  3.332  3.384  3.466  3.258  3.332  3.555  3.434  3.497  3.401  3.428  3.434  3.401  3.714  3.434  3.434  3.401  3.497  3.466  3.401  3.466  3.258  3.258  3.367  3.360  3.367  3.570  3.401  3.332  3.332  3.434  3.367  3.350  3.258  3.434  3.219
5.069  5.043  4.990  5.017  5.130  5.099  5.075  4.984  5.100  5.268  5.136  5.198  5.333  5.118  5.338  5.063  4.970  4.990  5.075  5.017  5.142  5.111  5.011  5.159  4.990  4.934  5.003  5.006  4.911  4.811  5.118  5.004  4.890  5.017  5.075  5.088  4.996  4.920  4.920  4.839  4.915  4.913
4.585  4.564  4.511  4.511  4.546  4.585  4.605  4.564  4.575  4.673  4.585  4.595  4.585  4.440  4.595  4.443  4.454  4.369  4.533  4.522  4.673  4.663  4.357  4.654  4.533  4.431  4.469  4.416  4.392  4.277  4.475  4.554  4.477  4.522  4.585  4.500  4.419  4.220  4.212  4.380  4.317  4.369
4.898  4.625  4.905  4.691  4.766  4.852  4.883  4.820  4.727  4.922  4.745  4.804  4.963  4.769  4.850  4.820  4.595  4.663  4.980  4.875  4.745  4.585  4.762  4.745  4.736  4.682  4.673  4.727  4.440  4.419  4.754  4.509  4.562  4.812  4.625  4.543  4.771  4.718  4.771  4.836  4.541  4.875
4.004  3.951  4.007  3.829  3.784  3.989  3.871  3.951  4.013  4.025  3.829  3.951  4.140  3.871  3.970  3.850  3.850  3.714  3.850  3.951  4.111  3.892  3.780  3.932  3.951  4.043  3.829  4.025  3.738  3.871  3.807  3.761  3.850  3.784  3.850  3.871  3.761  3.912  3.807  3.807  3.689  3.829
6.377  6.468  6.323  5.986  6.423  6.562  6.308  6.452  6.425  6.375  6.360  6.475  6.586  6.611  6.547  6.349  6.221  6.457  6.540  6.428  6.397  6.420  6.504  6.477  6.260  6.128  6.184  6.244  6.054  6.165  6.366  6.194  6.217  6.293  6.261  6.360  6.394  6.279  6.241  6.324  6.263  6.397
6.194  6.323  6.045  5.890  6.190  6.347  6.301  6.242  6.258  6.256  6.163  6.303  6.425  6.366  6.403  6.196  6.288  6.218  6.390  6.250  6.437  6.407  6.412  6.510  6.168  6.065  6.056  6.047  5.994  6.076  6.323  6.225  6.082  6.261  6.186  6.275  6.357  6.111  6.153  6.172  6.107  6.170
4.625  4.025  4.554  4.466  4.509  4.564  4.373  4.588  4.220  4.691  4.575  4.691  4.522  4.407  4.687  4.174  4.078  4.598  4.477  4.659  4.220  4.025  4.174  4.127  4.143  4.274  4.078  4.190  3.664  3.912  4.043  3.932  4.135  4.111  4.159  4.220  4.140  4.431  4.522  4.543  4.241  4.449
3.314  3.367  3.555  3.526  3.378  3.401  3.555  3.490  3.378  3.367  3.219  3.584  3.466  3.526  3.578  3.450  3.497  3.434  3.555  3.664  3.605  3.490  3.481  3.684  3.434  3.178  3.434  3.459  3.288  3.466  3.434  3.332  3.520  3.367  3.411  3.401  3.296  3.332  3.555  3.296  3.450  3.288
3.989  3.824  3.850  4.078  3.912  3.932  3.714  4.159  3.892  4.043  3.850  4.127  4.263  3.989  4.060  3.761  3.733  3.912  4.074  4.174  3.989  3.947  3.714  3.850  3.807  4.159  3.738  3.829  3.738  3.709  3.709  3.664  3.932  3.932  3.846  3.989  3.850  3.871  3.829  3.802  3.738  4.007
3.526  3.466  3.738  3.555  3.459  3.466  3.466  3.584  3.689  3.611  3.497  3.584  3.846  3.738  3.829  3.658  3.555  3.555  3.761  3.761  3.689  3.434  3.497  3.555  3.555  3.555  3.555  3.555  3.466  3.401  3.611  3.709  3.584  3.555  3.526  3.611  3.434  3.555  3.497  3.444  3.555  3.526
5.493  5.063  5.118  5.209  5.425  5.288  5.249  5.197  5.285  5.497  5.255  5.429  5.472  5.333  5.480  5.135  5.198  5.287  5.505  5.398  5.407  5.257  5.192  5.328  5.301  5.371  5.165  5.170  5.069  5.043  5.075  4.970  5.209  5.451  5.198  5.333  5.328  5.165  5.147  5.247  5.208  5.361
4.603  4.477  4.407  4.554  4.543  4.454  4.543  4.522  4.575  4.718  4.452  4.625  4.682  4.595  4.828  4.464  4.575  4.533  4.654  4.710  4.743  4.533  4.466  4.564  4.443  4.489  4.394  4.344  4.419  4.277  4.382  4.477  4.605  4.635  4.466  4.500  4.419  4.344  4.431  4.344  4.331  4.431
4.570  4.431  4.407  4.407  4.522  4.394  4.217  4.454  4.477  4.595  4.477  4.477  4.700  4.454  4.615  4.263  4.331  4.625  4.522  4.466  4.443  4.263  4.489  4.454  4.394  4.394  4.477  4.477  4.143  4.190  4.407  4.174  4.317  4.317  4.357  4.317  4.331  4.331  4.248  4.500  4.263  4.443
3.773  3.611  3.757  3.689  3.902  3.738  3.738  3.664  4.311  3.892  3.784  3.664  3.892  4.094  4.007  3.761  3.892  3.761  3.892  3.989  3.932  3.912  3.584  3.714  3.850  3.738  3.784  3.664  3.584  3.714  3.638  3.738  3.761  3.738  3.784  3.611  3.664  3.738  3.497  3.526  3.664  3.807
4.977  5.063  5.147  5.176  5.247  5.142  4.942  5.081  5.220  5.220  5.130  5.182  5.106  5.187  5.182  5.124  4.898  5.226  5.236  5.176  5.106  5.049  5.117  5.121  5.030  4.970  4.990  5.056  4.691  4.898  4.970  5.043  5.091  4.990  5.011  4.934  5.037  5.130  5.170  5.004  4.920  5.106
4.682  4.820  4.663  4.663  4.787  4.868  4.575  4.779  4.745  4.754  4.804  4.844  4.920  4.905  4.956  4.533  4.533  4.682  4.804  4.860  4.663  4.590  4.760  4.710  4.477  4.644  4.615  4.578  4.583  4.466  4.718  4.625  4.787  4.736  4.585  4.575  4.466  4.745  4.615  4.590  4.625  4.710
5.075  4.787  5.066  5.024  5.042  5.094  5.017  5.136  5.039  5.024  4.931  5.099  5.114  4.786  5.127  4.938  4.858  4.975  5.081  5.050  4.898  4.934  4.963  4.963  5.083  4.942  4.898  5.011  4.771  4.762  4.741  4.836  5.165  5.100  4.949  5.081  4.954  4.977  5.106  5.063  4.947  5.105
3.850  3.714  3.867  3.829  3.807  3.761  3.714  3.807  3.835  3.970  3.689  3.912  3.989  4.066  4.004  3.638  3.850  3.807  3.892  3.892  4.007  3.850  3.714  3.892  3.829  3.970  3.784  3.664  3.689  3.829  3.632  3.784  3.761  3.912  3.892  3.738  3.664  3.850  3.638  3.824  3.867  3.709
