7.311  7.144  7.210  7.133  7.238  7.310  7.261  7.256  7.253  7.312  7.230  7.309  7.286  7.232  7.268  7.229  7.143  7.307  7.328  7.187  7.284  7.098  7.110  7.103  7.194  7.295  7.041  7.156  7.041  7.104  7.060  7.087  7.184  7.249  7.162  7.190  7.312  7.274  7.144  7.217  7.106  7.239
5.642  5.416  5.517  5.501  5.442  5.690  5.598  5.525  5.799  5.606  5.485  5.537  5.571  5.489  5.565  5.533  5.500  5.572  5.583  5.591  5.684  5.529  5.263  5.517  5.429  5.727  5.464  5.416  5.263  5.333  5.231  5.298  5.587  5.628  5.416  5.497  5.629  5.572  5.269  5.352  5.361  5.681
6.321  6.087  6.286  6.254  6.363  6.319  6.252  6.353  6.365  6.426  6.358  6.470  6.420  6.309  6.399  6.279  6.087  6.314  6.475  6.303  6.263  6.078  6.198  6.196  6.246  6.308  6.263  6.233  6.111  6.186  6.207  6.091  6.185  6.326  6.328  6.323  6.286  6.250  6.154  6.184  6.209  6.295
5.313  5.285  5.220  5.075  5.153  5.288  5.412  5.278  5.361  5.371  5.403  5.352  5.333  5.287  5.429  5.193  5.147  5.143  5.220  5.153  5.361  5.230  5.182  5.320  5.268  5.256  5.273  5.112  5.072  5.142  5.267  5.220  5.183  5.257  5.375  5.342  5.247  5.142  5.004  5.030  5.056  5.234
6.234  6.225  6.113  6.033  6.232  6.254  6.103  6.139  6.180  6.186  6.125  6.288  6.075  6.165  6.223  6.120  5.938  6.217  6.246  6.109  6.127  6.035  6.114  6.084  6.151  6.157  6.092  6.172  6.008  6.033  6.180  5.979  6.023  6.122  6.047  6.129  6.188  6.125  6.057  6.110  6.016  6.095
4.771  4.927  4.745  4.942  4.860  5.024  4.942  4.909  4.736  4.796  4.804  5.009  4.522  4.804  4.718  4.779  4.727  4.819  5.056  4.718  5.011  4.754  4.836  4.868  4.615  4.710  4.673  4.682  4.500  4.644  4.682  4.745  4.922  4.868  4.771  4.949  4.938  4.635  4.644  4.762  4.394  4.951
6.566  6.333  6.402  6.441  6.594  6.480  6.403  6.509  6.487  6.644  6.632  6.709  6.692  6.553  6.658  6.460  6.293  6.575  6.586  6.495  6.449  6.347  6.400  6.329  6.417  6.396  6.422  6.551  6.198  6.326  6.497  6.256  6.382  6.495  6.427  6.361  6.472  6.455  6.388  6.516  6.404  6.475
4.958  4.691  4.952  4.844  4.987  4.977  4.827  4.883  4.920  5.112  5.069  5.063  5.109  5.011  5.124  4.844  4.804  4.913  5.132  4.905  4.997  4.710  4.875  4.860  4.812  4.820  4.883  4.977  4.682  4.913  4.920  4.732  4.718  4.944  4.956  4.883  4.860  4.796  4.787  4.745  4.700  4.844
5.846  5.861  5.823  5.604  5.916  5.900  5.852  5.891  5.889  5.948  5.927  5.932  6.025  6.082  6.057  5.900  5.748  5.850  5.808  5.796  5.886  5.700  5.851  5.823  5.816  5.846  5.897  5.863  5.617  5.690  5.872  5.553  5.607  5.824  5.763  5.811  5.943  5.784  5.774  5.811  5.606  5.886
5.182  5.268  5.252  5.075  5.103  5.247  5.204  5.159  5.318  5.193  5.222  5.338  5.342  5.398  5.403  5.252  5.135  5.097  5.209  5.204  5.247  5.183  5.283  5.476  5.072  5.165  5.220  5.168  5.063  4.970  5.106  5.017  4.927  5.075  5.074  5.308  5.303  5.187  5.105  5.176  4.949  5.147
7.381  7.191  7.256  7.257  7.226  7.360  7.243  7.250  7.352  7.366  7.316  7.357  7.440  7.351  7.355  7.237  7.153  7.329  7.365  7.321  7.192  7.219  7.283  7.209  7.354  7.400  7.244  7.304  7.185  7.197  7.219  7.114  7.098  7.317  7.302  7.278  7.341  7.313  7.256  7.338  7.240  7.338
6.460  6.315  6.249  6.263  6.242  6.404  6.336  6.271  6.377  6.482  6.435  6.461  6.543  6.404  6.418  6.336  6.311  6.385  6.386  6.433  6.376  6.286  6.384  6.336  6.306  6.284  6.329  6.334  6.233  6.308  6.298  6.185  5.903  6.344  6.380  6.314  6.381  6.274  6.161  6.368  6.261  6.188
7.444  7.412  7.348  7.432  7.494  7.480  7.408  7.379  7.409  7.537  7.506  7.498  7.528  7.496  7.524  7.390  7.180  7.501  7.515  7.338  7.333  7.286  7.386  7.351  7.427  7.410  7.382  7.435  7.237  7.263  7.333  7.272  7.356  7.409  7.313  7.443  7.389  7.473  7.415  7.468  7.280  7.331
6.288  6.457  6.198  6.335  6.207  6.371  6.395  6.230  6.369  6.403  6.394  6.449  6.426  6.449  6.559  6.326  6.233  6.385  6.366  6.129  6.339  6.269  6.394  6.412  6.339  6.269  6.381  6.303  6.205  6.225  6.400  6.265  6.171  6.452  6.272  6.386  6.337  6.226  6.306  6.323  6.181  6.234
6.930  6.706  6.698  6.807  6.775  6.825  6.712  6.710  6.685  6.871  6.761  6.850  6.909  6.783  6.860  6.755  6.657  6.826  6.886  6.773  6.748  6.636  6.635  6.724  6.799  6.827  6.669  6.763  6.605  6.537  6.723  6.599  6.686  6.770  6.774  6.680  6.780  6.836  6.756  6.828  6.707  6.809
6.273  6.084  6.086  6.159  6.144  6.176  6.019  6.026  6.089  6.295  6.207  6.236  6.275  6.156  6.221  6.091  5.932  6.171  6.091  6.127  6.144  5.957  6.057  5.979  6.004  6.098  5.979  6.070  5.897  5.835  6.014  5.913  5.960  6.071  6.006  6.125  6.112  6.246  6.068  6.108  5.989  6.114
6.946  6.802  6.789  6.737  6.859  6.861  6.759  6.829  6.845  6.943  6.904  6.885  7.024  6.898  6.969  6.807  6.752  6.958  6.854  6.835  6.829  6.865  6.830  6.812  6.760  6.892  6.816  6.895  6.731  6.743  6.763  6.692  6.781  6.918  6.828  6.866  6.897  6.860  6.802  6.936  6.697  6.858
5.293  5.513  5.112  5.187  5.288  5.273  5.373  5.136  5.303  5.412  5.384  5.298  5.472  5.357  5.380  5.257  5.455  5.384  5.308  5.263  5.433  5.394  5.521  5.497  5.282  5.182  5.339  5.014  5.288  5.165  5.371  4.997  5.017  5.281  5.323  5.382  5.403  5.170  5.118  5.149  5.126  5.153
6.807  6.461  6.629  6.634  6.703  6.768  6.590  6.624  6.715  6.744  6.623  6.823  6.810  6.654  6.770  6.529  6.604  6.779  6.858  6.737  6.745  6.597  6.640  6.600  6.778  6.810  6.654  6.597  6.503  6.505  6.541  6.528  6.680  6.808  6.739  6.698  6.712  6.637  6.582  6.669  6.623  6.752
5.525  5.434  5.371  5.172  5.455  5.444  5.337  5.416  5.533  5.565  5.416  5.541  5.631  5.489  5.611  5.352  5.464  5.467  5.507  5.497  5.572  5.459  5.416  5.308  5.375  5.490  5.464  5.418  5.106  5.323  5.318  5.193  5.273  5.501  5.533  5.434  5.384  5.288  5.220  5.297  5.078  5.472
6.211  5.996  6.073  6.083  6.087  6.129  6.107  6.161  6.198  6.138  6.087  6.180  6.211  6.087  6.161  5.989  6.047  6.293  6.155  6.146  6.165  5.963  6.063  6.044  6.094  6.146  6.089  6.094  5.958  5.914  6.047  6.023  6.114  6.236  6.140  6.075  5.994  6.098  6.047  6.071  5.991  6.229
5.999  5.727  5.900  5.781  5.900  5.869  5.940  5.869  6.103  6.021  5.996  6.026  5.999  5.984  6.168  5.874  5.958  5.903  5.921  5.922  6.091  6.037  5.969  5.999  5.855  6.028  5.986  5.852  5.737  5.802  5.880  5.908  5.948  6.091  6.050  6.040  5.927  5.802  5.892  5.846  5.908  5.919
