7.047  6.991  7.014  6.845  7.046  7.151  7.212  7.041  7.208  7.222  7.109  7.265  7.201  7.142  7.154  7.184  7.087  7.080  7.169  6.952  7.163  7.102  7.082  7.029  7.152  7.263  7.162  7.100  7.062  7.098  7.153  7.001  6.975  7.297  7.238  7.194  7.216  7.056  6.915  7.112  6.901  7.156
4.662  4.844  4.593  4.635  4.625  4.875  5.130  4.779  4.913  4.881  4.905  4.875  5.075  4.868  4.920  4.922  4.852  4.730  4.898  4.745  4.963  4.984  4.934  4.820  4.787  4.949  4.836  4.533  4.927  4.919  4.883  4.804  4.564  5.043  4.894  4.973  4.871  4.509  4.419  4.663  4.543  4.710
8.814  8.671  8.716  8.562  8.732  8.767  8.670  8.735  8.723  8.869  8.829  8.790  8.791  8.742  8.750  8.675  8.507  8.762  8.765  8.655  8.615  8.572  8.660  8.606  8.616  8.673  8.683  8.710  8.527  8.638  8.702  8.473  8.569  8.701  8.704  8.675  8.704  8.703  8.668  8.724  8.560  8.684
8.511  8.329  8.417  8.361  8.451  8.500  8.496  8.517  8.539  8.682  8.513  8.581  8.593  8.522  8.544  8.487  8.319  8.428  8.615  8.399  8.395  8.398  8.443  8.366  8.529  8.554  8.498  8.467  8.362  8.452  8.467  8.246  8.377  8.543  8.563  8.534  8.470  8.465  8.377  8.443  8.372  8.470
7.594  7.563  7.527  7.350  7.525  7.599  7.575  7.582  7.621  7.775  7.741  7.655  7.677  7.673  7.669  7.504  7.249  7.530  7.608  7.442  7.429  7.448  7.512  7.558  7.259  7.488  7.427  7.304  7.180  7.338  7.522  7.136  7.300  7.425  7.460  7.509  7.484  7.313  7.332  7.468  7.148  7.398
6.817  6.649  6.688  6.632  6.768  6.828  6.881  6.812  6.940  7.112  6.813  7.004  6.993  6.907  6.981  6.849  6.688  6.579  6.963  6.680  6.783  6.845  6.778  6.667  6.934  6.848  6.834  6.607  6.536  6.737  6.760  6.508  6.599  6.933  6.898  6.868  6.708  6.617  6.498  6.661  6.686  6.702
8.239  7.941  8.112  8.065  8.201  8.170  8.103  8.150  8.156  8.301  8.158  8.241  8.230  8.144  8.205  8.086  7.928  8.196  8.191  8.075  8.069  7.979  8.022  7.979  8.112  8.172  8.069  8.141  7.878  7.963  8.040  7.925  8.012  8.126  8.122  8.088  8.124  8.119  8.040  8.134  7.988  8.127
7.599  7.211  7.372  7.270  7.483  7.523  7.288  7.435  7.482  7.701  7.551  7.590  7.549  7.497  7.583  7.376  7.075  7.486  7.492  7.290  7.257  7.190  7.236  7.205  7.220  7.328  7.276  7.409  6.929  7.148  7.286  6.981  7.218  7.259  7.200  7.296  7.294  7.352  7.340  7.430  7.142  7.382
6.911  6.773  6.819  6.725  6.841  6.894  6.898  6.855  6.876  7.028  6.899  6.997  6.983  6.909  7.029  6.810  6.681  6.854  6.788  6.631  6.864  6.725  6.755  6.788  6.772  6.808  6.800  6.736  6.579  6.757  6.686  6.599  6.491  6.784  6.809  6.877  6.823  6.642  6.672  6.755  6.569  6.724
5.771  5.557  5.493  5.366  5.666  5.687  5.667  5.598  5.798  5.934  5.881  5.897  5.864  5.761  5.840  5.628  5.353  5.606  5.685  5.545  5.623  5.463  5.694  5.700  5.451  5.533  5.505  5.580  5.347  5.663  5.598  5.273  5.380  5.608  5.594  5.580  5.613  5.425  5.425  5.576  5.286  5.451
8.453  8.426  8.302  8.195  8.398  8.432  8.405  8.279  8.378  8.510  8.448  8.392  8.439  8.406  8.434  8.432  8.212  8.438  8.375  8.222  8.357  8.352  8.428  8.372  8.144  8.232  8.290  8.254  8.154  8.159  8.365  8.111  8.027  8.321  8.280  8.240  8.375  8.250  8.268  8.351  8.037  8.213
7.431  7.543  7.232  7.189  7.330  7.422  7.438  7.228  7.379  7.504  7.462  7.398  7.471  7.399  7.487  7.471  7.310  7.397  7.439  7.099  7.432  7.493  7.636  7.644  7.067  7.216  7.331  7.049  7.123  7.172  7.444  7.128  6.973  7.388  7.300  7.255  7.507  7.228  7.275  7.298  7.004  7.220
8.519  8.280  8.447  8.380  8.476  8.447  8.306  8.396  8.319  8.590  8.479  8.481  8.523  8.439  8.478  8.323  8.065  8.351  8.482  8.437  8.228  8.206  8.321  8.268  8.240  8.349  8.234  8.311  8.055  8.111  8.266  8.033  8.263  8.302  8.255  8.323  8.293  8.397  8.268  8.355  8.197  8.304
7.041  6.849  7.060  7.033  7.080  6.957  6.830  6.992  6.926  7.210  7.083  7.139  7.133  6.964  7.092  6.791  6.541  6.760  7.143  7.029  6.869  6.817  6.865  6.853  6.547  6.748  6.562  6.471  6.254  6.477  6.611  6.399  6.844  6.698  6.654  6.842  6.683  6.688  6.592  6.662  6.672  6.766
6.441  6.091  6.242  6.195  6.234  6.310  6.321  6.400  6.457  6.596  6.489  6.413  6.528  6.426  6.333  6.285  6.049  6.364  6.441  6.312  6.228  6.105  6.292  6.188  6.346  6.299  6.335  6.315  5.994  6.071  6.172  5.973  6.082  6.301  6.176  6.155  6.186  6.176  6.234  6.208  6.084  6.215
5.347  5.297  5.345  5.158  5.176  5.283  5.412  5.283  5.357  5.578  5.476  5.429  5.438  5.425  5.338  5.218  5.193  5.318  5.318  5.338  5.467  5.375  5.464  5.497  5.318  5.193  5.242  5.247  5.081  5.257  5.318  5.142  5.016  5.268  5.252  5.273  5.298  5.011  5.198  4.959  4.963  5.100
7.472  7.152  7.278  7.197  7.300  7.336  7.209  7.302  7.323  7.384  7.313  7.319  7.386  7.315  7.327  7.261  7.179  7.427  7.352  7.276  7.236  7.064  7.221  7.173  7.282  7.469  7.238  7.319  7.191  7.150  7.176  7.110  7.165  7.279  7.170  7.213  7.235  7.361  7.279  7.357  7.265  7.333
5.814  5.717  5.739  5.631  5.733  5.768  5.670  5.801  5.846  5.953  5.899  5.801  5.948  5.819  5.911  5.753  5.781  5.826  5.746  5.724  5.684  5.572  5.814  5.710  5.854  5.790  5.690  5.824  5.606  5.669  5.606  5.620  5.517  5.823  5.765  5.762  5.724  5.728  5.809  5.773  5.537  5.673
7.823  7.390  7.653  7.591  7.747  7.757  7.526  7.671  7.719  7.847  7.773  7.776  7.830  7.696  7.840  7.503  7.374  7.724  7.843  7.647  7.560  7.356  7.406  7.423  7.652  7.757  7.494  7.583  7.200  7.253  7.409  7.221  7.582  7.664  7.563  7.568  7.488  7.657  7.587  7.694  7.616  7.640
5.153  5.105  5.115  4.984  5.136  5.342  5.257  5.133  5.403  5.357  5.298  5.347  5.417  5.323  5.517  5.103  5.173  5.176  5.277  4.990  5.361  5.283  5.159  5.288  5.298  5.257  5.063  5.043  4.927  4.898  5.003  4.820  4.949  5.366  5.209  5.170  5.094  5.050  4.937  4.984  5.075  4.977
8.073  7.588  8.024  7.938  8.043  8.045  7.712  8.052  7.927  8.092  8.025  8.082  8.064  7.994  8.034  7.729  7.575  8.028  8.114  8.099  7.767  7.693  7.754  7.716  7.825  7.943  7.749  7.868  7.409  7.480  7.700  7.402  7.928  7.901  7.763  7.842  7.606  8.022  7.924  8.011  7.873  8.018
6.732  6.566  6.694  6.619  6.880  6.823  6.503  6.725  6.750  6.836  6.891  6.796  6.876  6.775  6.848  6.581  6.276  6.726  6.822  6.788  6.701  6.533  6.637  6.656  6.558  6.655  6.507  6.431  6.105  6.238  6.415  6.028  6.503  6.677  6.550  6.682  6.390  6.619  6.508  6.542  6.495  6.582
