5.485  5.187  5.204  5.130  5.257  5.303  5.278  5.303  5.287  5.525  5.446  5.460  5.429  5.342  5.502  5.259  5.017  5.434  5.278  5.371  5.347  5.225  5.208  5.242  5.026  5.094  5.017  5.081  5.050  5.080  5.298  5.142  5.153  5.133  5.187  5.227  5.247  5.226  5.308  5.142  5.085  5.267
5.088  4.956  4.920  4.858  4.927  4.942  4.963  4.898  4.972  5.075  5.024  5.159  5.056  4.940  5.042  4.956  4.820  4.997  4.968  4.949  5.187  4.990  4.839  5.023  4.756  4.779  4.956  4.771  4.726  4.762  4.828  4.883  4.848  4.866  4.844  4.916  4.883  4.796  4.900  4.718  4.703  4.860
5.142  5.017  4.970  4.920  5.050  5.123  4.997  4.997  5.106  5.252  5.030  5.206  5.106  5.011  5.257  4.963  4.794  4.970  5.181  5.017  5.118  5.001  4.977  4.860  4.920  4.898  4.949  4.966  4.796  4.927  4.970  4.927  4.927  4.920  4.942  4.924  4.890  4.824  4.836  4.844  4.898  4.927
5.176  5.089  5.106  5.037  5.050  5.136  5.100  5.165  5.333  5.403  5.298  5.371  5.325  5.182  5.328  5.185  5.014  5.004  5.345  5.182  5.268  5.100  5.178  5.138  5.024  5.118  5.050  4.989  4.905  5.094  5.064  5.004  5.130  5.118  5.063  5.193  5.153  5.003  5.030  4.883  5.050  5.011
4.290  4.078  4.234  4.025  4.111  4.007  4.078  4.007  4.234  4.190  4.205  4.205  4.111  4.263  4.234  4.043  4.025  4.060  4.234  4.290  4.190  4.060  3.989  4.025  4.043  4.004  3.871  3.989  3.802  3.951  4.078  3.970  4.060  4.234  3.951  4.060  4.025  3.985  3.902  3.951  3.871  3.985
3.761  3.780  3.850  3.750  3.871  3.829  3.638  3.791  3.888  3.871  3.605  3.912  3.985  3.829  3.932  3.871  3.658  3.638  3.829  3.892  3.738  3.689  3.664  3.761  3.689  3.664  3.807  3.611  3.466  3.584  3.780  3.689  3.689  3.611  3.584  3.738  3.738  3.807  3.714  3.526  3.714  3.829
4.771  4.635  4.673  4.595  4.673  4.766  4.673  4.554  4.696  4.875  4.796  4.819  4.796  4.700  4.682  4.691  4.454  4.635  4.644  4.727  4.726  4.605  4.673  4.691  4.344  4.419  4.533  4.525  4.234  4.543  4.654  4.489  4.500  4.443  4.575  4.605  4.533  4.659  4.736  4.595  4.557  4.652
4.835  4.717  4.654  4.600  4.852  4.700  4.595  4.673  4.657  4.790  4.754  4.766  4.913  4.717  4.752  4.585  4.419  4.673  4.640  4.603  4.762  4.682  4.718  4.779  4.394  4.466  4.511  4.388  4.369  4.369  4.466  4.615  4.625  4.533  4.382  4.585  4.559  4.630  4.898  4.500  4.416  4.583
4.522  4.580  4.454  4.477  4.615  4.541  4.673  4.511  4.394  4.691  4.575  4.605  4.673  4.564  4.654  4.425  4.511  4.654  4.682  4.654  4.585  4.407  4.511  4.564  4.443  4.367  4.454  4.357  4.159  4.357  4.530  4.443  4.489  4.477  4.454  4.410  4.575  4.304  4.331  4.440  4.277  4.407
4.344  4.382  4.290  4.290  4.466  4.263  4.234  4.274  4.220  4.443  4.270  4.419  4.477  4.369  4.511  4.369  4.344  4.407  4.466  4.419  4.416  4.304  4.337  4.304  4.277  4.156  4.174  4.248  4.143  4.248  4.159  4.190  4.205  4.363  4.344  4.321  4.248  4.304  4.205  4.354  4.205  4.404
4.304  4.143  4.094  4.060  4.140  4.331  4.174  4.078  4.187  4.483  4.103  4.328  4.394  4.263  4.288  4.231  4.171  4.111  4.394  4.317  4.277  4.205  4.241  4.202  4.234  4.220  4.025  4.025  3.892  3.892  4.174  4.060  4.060  4.143  4.159  4.078  4.277  4.052  4.060  4.187  4.007  4.111
4.357  4.357  4.234  4.477  4.357  4.419  4.477  4.382  4.454  4.620  4.554  4.511  4.564  4.615  4.615  4.454  4.331  4.234  4.615  4.554  4.477  4.369  4.301  4.443  4.248  4.270  4.248  4.043  4.078  4.040  4.454  4.324  4.376  4.357  4.205  4.382  4.304  4.231  4.437  4.344  4.234  4.382
4.407  4.234  4.394  4.277  4.248  4.428  4.357  4.304  4.419  4.357  4.357  4.288  4.369  4.290  4.431  4.357  4.263  4.557  4.407  4.348  4.344  4.212  4.263  4.394  4.094  4.190  4.220  4.220  4.094  4.263  4.263  4.190  4.388  4.174  4.248  4.127  4.234  4.304  4.331  4.304  4.025  4.246
4.111  4.124  4.052  4.190  4.143  4.086  3.970  4.143  4.190  4.182  3.951  4.057  4.304  4.277  4.263  4.205  4.111  4.025  4.060  4.205  4.127  4.220  4.288  4.111  3.989  4.007  4.103  3.989  4.025  3.951  3.967  3.829  4.074  3.970  4.078  4.007  3.989  3.998  4.078  4.111  3.846  4.159
3.892  3.892  3.998  3.829  3.892  3.861  3.761  3.829  3.689  4.013  3.784  3.957  3.912  3.871  3.892  3.824  3.871  4.043  3.989  3.912  4.007  3.761  3.892  3.928  3.738  3.584  3.611  3.689  3.761  3.829  3.807  3.761  3.709  3.829  3.784  3.861  3.689  3.791  3.638  3.526  3.638  3.638
3.689  3.512  3.434  3.555  3.466  3.541  3.526  3.526  3.411  3.526  3.332  3.466  3.638  3.555  3.584  3.296  3.611  3.526  3.638  3.761  3.611  3.466  3.497  3.555  3.332  3.367  3.497  3.296  3.296  3.434  3.497  3.578  3.466  3.434  3.434  3.332  3.360  3.360  3.401  3.332  3.332  3.497
5.182  4.970  3.258  5.153  5.030  4.942  5.001  5.146  4.977  5.263  5.226  5.088  5.153  5.118  5.215  5.011  4.982  5.086  5.136  5.220  5.097  5.069  5.130  5.106  4.913  4.828  4.922  4.949  4.812  4.727  4.970  4.871  4.945  4.952  4.977  5.011  4.868  5.126  5.063  5.159  4.828  4.990
5.384  5.318  3.450  5.476  5.296  5.330  5.142  5.288  5.252  5.318  5.417  5.306  5.421  5.380  5.447  5.298  5.182  5.277  5.398  5.403  5.226  5.204  5.375  5.342  5.206  5.130  5.072  5.081  4.970  4.963  5.252  5.130  5.259  5.204  5.218  5.242  5.209  5.460  5.464  5.293  5.124  5.273
5.421  5.328  5.273  5.371  5.186  5.323  5.268  5.257  5.247  5.434  5.291  5.371  5.549  5.380  5.464  5.130  5.231  5.242  5.438  5.491  5.412  5.247  5.244  5.398  5.165  5.250  5.147  5.153  5.011  5.050  5.142  5.159  5.288  5.209  5.231  5.273  5.170  5.165  5.295  5.204  5.187  5.189
5.056  4.828  4.754  4.875  4.796  4.804  4.712  4.840  4.820  5.043  4.883  4.913  5.017  4.973  4.997  4.685  4.771  4.913  5.056  5.034  4.927  4.836  4.890  4.977  4.727  4.736  4.718  4.663  4.564  4.541  4.625  4.635  4.736  4.736  4.727  4.765  4.691  4.828  4.786  4.615  4.605  4.771
4.043  3.989  4.094  3.970  4.007  4.025  3.912  3.912  4.091  4.060  4.060  3.932  4.205  4.108  4.164  4.094  3.947  3.967  4.094  4.094  4.078  4.043  3.951  4.060  3.951  4.007  3.932  3.850  3.807  4.016  3.970  3.932  4.025  3.932  3.970  4.111  3.947  3.951  3.951  3.970  3.932  3.807
4.078  4.179  4.127  4.111  4.094  4.217  4.148  4.127  4.369  4.301  4.111  4.127  4.331  4.143  4.500  4.078  4.227  4.060  4.466  4.369  4.382  4.304  4.094  4.143  4.025  4.057  3.932  4.069  4.078  3.932  4.043  4.140  4.159  3.989  4.108  4.171  4.111  3.967  4.069  3.892  4.094  4.040
4.277  4.304  4.331  4.143  4.212  4.159  4.143  4.127  4.174  4.220  4.348  4.111  4.443  4.382  4.382  4.369  4.094  4.290  4.443  4.174  4.419  4.174  4.205  4.277  4.281  4.025  4.205  4.315  3.970  4.234  4.205  4.246  4.308  4.202  4.060  4.164  4.043  4.290  4.091  4.151  4.174  4.140
4.234  4.143  4.554  4.394  4.190  4.205  4.263  4.205  4.328  4.317  4.290  4.317  4.419  4.394  4.274  4.205  4.078  4.363  4.277  4.344  4.382  4.277  4.231  4.431  4.248  4.174  4.202  4.159  4.143  4.174  4.205  4.328  4.477  4.304  4.190  4.220  4.094  4.111  4.143  4.148  4.143  4.197
4.248  3.892  4.043  4.094  4.111  4.143  3.951  4.078  3.888  4.277  4.143  3.951  4.344  4.060  4.290  4.140  3.761  4.205  4.171  4.127  4.074  4.025  4.025  4.369  3.871  3.998  3.989  3.980  3.912  3.970  4.094  3.951  3.932  4.111  4.057  3.970  4.025  3.970  4.127  4.025  4.057  4.007
3.401  3.738  3.738  3.526  3.584  3.584  3.401  3.526  3.584  3.664  3.466  3.497  3.714  3.784  3.829  3.520  3.638  3.497  3.773  3.658  3.784  3.664  3.632  3.605  3.526  3.401  3.434  3.584  3.401  3.466  3.550  3.638  3.611  3.689  3.638  3.526  3.664  3.497  3.550  3.497  3.258  3.526
4.205  4.094  4.190  4.304  4.132  4.246  4.091  4.281  4.174  4.217  4.127  4.217  4.394  4.328  4.394  4.043  4.094  4.234  4.248  4.317  4.466  4.212  4.301  4.344  4.171  4.277  4.234  4.202  3.871  4.091  4.167  4.111  4.277  4.190  4.217  4.187  4.127  4.060  4.164  4.094  4.111  4.209
4.344  4.290  4.290  4.454  4.357  4.477  4.277  4.428  4.516  4.500  4.598  4.454  4.567  4.407  4.603  4.357  4.290  4.369  4.477  4.407  4.585  4.443  4.331  4.304  4.380  4.419  4.431  4.190  4.234  4.159  4.328  4.331  4.369  4.304  4.522  4.382  4.159  4.220  4.288  4.248  4.348  4.615
4.904  4.595  4.804  4.828  4.782  4.771  4.919  4.889  4.868  5.007  4.726  5.083  4.942  4.699  4.996  4.762  4.718  4.762  4.970  5.011  5.037  4.710  4.816  4.727  4.844  4.762  4.732  4.578  4.615  4.668  4.595  4.836  4.007  4.836  4.820  4.718  4.605  4.794  4.543  4.771  4.909  4.956
4.585  4.443  4.777  4.771  4.625  4.489  4.654  4.635  4.734  4.699  4.500  4.730  4.771  4.708  4.727  4.522  4.630  4.533  4.820  4.835  4.820  4.605  4.585  4.522  4.909  4.691  4.533  4.489  4.380  4.452  4.549  4.635  4.595  4.625  4.762  4.703  4.443  4.671  4.613  4.511  4.783  4.844
3.689  3.689  3.738  3.638  3.738  3.497  3.714  3.584  3.689  3.738  3.638  3.807  3.912  3.784  3.784  3.689  3.761  3.638  3.714  3.738  3.784  3.761  3.761  3.638  3.671  3.520  3.664  3.664  3.401  3.611  3.459  3.684  3.738  3.638  3.611  3.466  3.578  3.611  3.738  3.497  3.555  3.664
3.367  3.497  3.555  3.258  3.434  3.526  3.288  3.367  3.466  3.332  3.296  3.466  3.497  3.401  3.526  3.459  3.434  3.434  3.401  3.526  3.555  3.597  3.466  3.526  3.258  3.296  3.466  3.434  3.332  3.384  3.395  3.401  3.367  3.401  3.466  3.332  3.258  3.401  3.367  3.434  3.367  3.761
