6.898  6.723  6.664  6.788  6.793  6.898  7.002  6.916  6.940  7.161  6.908  6.927  6.936  6.862  6.923  6.801  6.824  6.639  7.107  6.755  6.870  6.865  6.755  6.765  6.869  6.861  6.738  6.645  6.611  6.845  6.709  6.736  6.746  6.815  7.068  6.842  6.816  6.765  6.655  6.676  6.727  6.829
6.580  6.435  6.324  6.477  6.431  6.516  6.649  6.611  6.657  6.849  6.627  6.624  6.607  6.601  6.594  6.550  6.592  6.284  6.718  6.460  6.600  6.576  6.480  6.536  6.485  6.479  6.372  6.267  6.315  6.524  6.441  6.417  6.447  6.458  6.701  6.561  6.500  6.376  6.372  6.372  6.409  6.497
5.746  5.517  5.404  5.517  5.609  5.684  5.751  5.691  5.684  5.986  5.710  5.697  5.740  5.606  5.733  5.609  5.561  5.541  5.730  5.659  5.743  5.648  5.704  5.666  5.418  5.476  5.492  5.438  5.328  5.491  5.455  5.481  5.501  5.595  5.683  5.533  5.472  5.583  5.434  5.472  5.366  5.544
5.687  5.476  5.380  5.497  5.591  5.580  5.677  5.649  5.780  5.976  5.793  5.753  5.727  5.687  5.757  5.591  5.598  5.580  5.737  5.594  5.642  5.652  5.598  5.717  5.497  5.523  5.446  5.429  5.303  5.527  5.583  5.476  5.481  5.617  5.722  5.765  5.476  5.568  5.485  5.533  5.420  5.525
3.584  3.689  3.490  3.578  3.466  3.555  3.490  3.497  3.497  3.497  3.526  3.664  3.750  3.584  3.497  3.689  3.526  3.738  3.701  3.651  3.611  3.611  3.802  3.714  3.497  3.550  3.578  3.584  3.434  3.555  3.645  3.434  3.497  3.638  3.497  3.497  3.395  3.526  3.555  3.526  3.332  3.520
3.664  3.689  3.638  3.497  3.738  3.871  3.638  3.689  3.466  3.584  3.555  3.726  3.932  3.892  3.761  3.912  3.714  3.714  3.497  3.829  3.714  3.761  3.738  3.738  3.497  3.466  3.638  3.638  3.526  3.555  3.861  3.638  3.597  3.466  3.709  3.584  3.714  3.714  3.611  3.611  3.401  3.658
4.007  4.007  3.989  3.985  4.111  4.007  4.007  4.060  3.980  4.174  4.057  4.111  4.190  4.234  4.248  3.932  3.892  4.025  4.111  4.127  4.140  4.094  3.970  3.947  3.784  4.078  3.970  3.928  3.951  3.761  3.807  3.932  3.912  3.829  3.989  3.892  3.818  3.951  4.057  3.892  3.818  3.738
3.871  3.802  3.807  3.638  3.784  3.689  3.738  3.871  3.784  3.871  3.932  3.932  3.989  3.970  4.025  3.850  3.850  3.689  3.912  4.040  3.938  3.638  3.738  3.850  3.750  3.684  3.714  3.726  3.733  3.784  3.784  3.664  3.928  3.689  3.784  3.784  3.714  3.689  3.658  3.738  3.611  3.611
5.024  4.898  4.852  4.794  4.836  4.802  4.934  4.868  4.796  5.017  4.997  4.898  5.027  4.977  4.997  4.762  4.771  4.762  4.927  4.927  5.106  4.749  4.700  4.804  4.844  4.868  4.779  4.654  4.820  4.625  4.734  4.736  4.812  4.804  4.875  4.949  4.671  4.718  4.844  4.723  4.762  4.796
5.446  5.283  5.198  5.106  5.298  5.349  5.259  5.270  5.313  5.429  5.580  5.451  5.464  5.476  5.440  5.338  4.875  5.337  5.203  5.252  5.226  5.043  5.220  5.106  4.905  4.997  5.159  5.242  4.890  5.198  5.130  5.063  5.037  5.193  5.209  5.140  5.200  5.252  5.247  5.254  5.094  5.197
4.690  4.431  4.682  4.673  4.796  4.771  4.694  4.718  4.635  4.754  4.644  4.883  4.828  4.700  4.828  4.605  4.625  4.605  4.808  4.823  4.762  4.663  4.509  4.736  4.552  4.527  4.564  4.552  4.263  4.357  4.564  4.635  4.727  4.500  4.754  4.625  4.525  4.828  4.673  4.522  4.625  4.654
4.159  3.932  4.111  4.209  4.171  4.078  4.143  3.951  4.263  4.217  4.190  4.060  4.212  4.094  4.277  4.174  3.912  3.998  4.281  4.394  4.174  4.209  4.043  4.263  4.016  3.850  3.902  4.007  3.850  3.829  3.970  3.951  4.234  4.025  4.007  4.078  3.908  4.127  4.007  4.057  4.007  3.932
5.017  4.743  4.890  4.942  4.956  4.956  4.852  4.926  4.852  5.001  5.030  4.990  5.086  4.913  5.011  4.736  4.736  4.905  5.103  5.061  4.961  4.804  4.883  5.034  4.745  4.779  4.736  4.710  4.615  4.787  4.779  4.771  4.942  4.710  4.866  4.970  4.782  4.673  4.790  4.771  4.736  4.771
5.416  5.204  5.288  5.468  5.361  5.170  5.176  5.295  5.278  5.481  5.226  5.416  5.366  5.380  5.375  5.288  5.215  5.247  5.333  5.447  5.295  5.278  5.226  5.436  5.017  5.016  5.011  4.977  4.977  5.056  5.242  5.170  5.278  5.106  5.063  5.278  5.235  5.257  5.170  5.182  5.153  5.226
5.147  4.938  4.963  5.106  5.063  4.963  4.920  4.999  4.883  5.255  5.100  5.165  5.236  5.182  5.352  4.963  4.875  5.069  5.165  5.172  5.112  4.866  4.965  5.004  5.036  4.965  4.890  4.916  4.635  4.710  4.875  4.868  5.124  4.997  4.947  5.036  4.956  5.050  5.075  4.956  4.927  4.984
4.804  4.718  4.663  4.762  4.796  4.771  4.754  4.685  4.883  4.942  4.875  4.970  5.003  4.982  4.984  4.765  4.654  4.779  4.984  4.860  4.956  4.977  4.771  4.836  4.779  4.836  4.691  4.726  4.394  4.691  4.654  4.605  4.682  4.779  4.595  4.598  4.575  4.682  4.771  4.762  4.762  4.696
4.754  4.691  4.749  4.883  4.812  4.710  4.662  4.718  4.543  4.796  4.811  4.736  4.875  4.835  4.911  4.673  4.644  4.562  4.881  4.779  4.875  4.673  4.543  4.710  4.691  4.575  4.357  4.443  4.301  4.277  4.533  4.511  4.635  4.583  4.593  4.691  4.595  4.712  4.717  4.644  4.533  4.642
4.224  4.297  4.174  4.419  4.357  4.127  4.288  4.190  4.190  4.304  4.357  4.297  4.511  4.382  4.407  4.277  4.174  4.263  4.419  4.394  4.376  4.246  4.317  4.419  4.263  4.182  4.016  4.143  3.829  4.078  4.119  4.246  4.304  4.094  4.246  4.127  4.094  4.234  4.143  4.143  4.159  4.143
4.419  4.025  4.367  4.304  4.317  4.220  4.094  4.304  4.527  4.277  4.437  4.263  4.477  4.331  4.625  4.074  4.212  4.557  4.489  4.369  4.477  4.263  4.337  4.263  4.043  4.127  4.127  4.369  3.951  4.202  4.260  4.127  4.503  4.270  4.025  4.263  4.174  4.344  4.350  4.111  4.127  4.111
4.454  4.217  4.549  4.416  4.549  4.367  4.369  4.394  4.500  4.511  4.407  4.533  4.489  4.431  4.625  4.407  4.304  4.680  4.615  4.536  4.533  4.274  4.422  4.357  4.297  4.156  4.382  4.304  4.111  4.248  4.217  4.174  4.668  4.304  4.304  4.277  4.277  4.407  4.394  4.234  4.304  4.248
5.263  4.828  5.037  5.226  5.230  5.204  5.136  5.193  5.043  5.318  5.222  5.068  5.257  5.220  5.298  4.952  4.956  5.142  5.342  5.296  5.159  5.106  5.094  5.100  4.868  5.097  5.007  4.934  4.824  5.056  4.920  4.990  5.106  5.124  5.100  4.987  4.879  5.169  5.037  5.069  5.069  5.112
4.717  4.475  4.663  4.718  4.828  4.673  4.654  4.505  4.754  4.890  4.635  4.844  4.700  4.862  4.852  4.344  4.369  4.585  4.736  4.963  4.736  4.489  4.736  4.585  4.431  4.543  4.533  4.472  4.514  4.511  4.290  4.771  4.533  4.625  4.718  4.708  4.344  4.557  4.419  4.649  4.700  4.509
