7.005  6.632  6.828  6.700  6.904  6.991  6.854  6.996  6.978  7.136  6.955  7.038  7.034  6.937  7.030  6.863  6.607  6.884  6.980  6.724  6.835  6.632  6.715  6.571  6.720  6.819  6.800  6.788  6.501  6.680  6.738  6.458  6.684  6.910  6.866  6.876  6.866  6.847  6.683  6.747  6.613  6.871
4.762  4.522  4.533  4.398  4.522  4.663  4.633  4.727  4.741  4.890  4.644  4.787  4.691  4.509  4.860  4.662  4.382  4.564  4.625  4.489  4.673  4.522  4.376  4.682  4.277  4.585  4.357  4.440  4.159  4.344  4.317  4.234  4.344  4.595  4.615  4.687  4.443  4.317  4.284  4.434  4.248  4.600
4.575  4.635  4.511  4.431  4.557  4.605  4.394  4.575  4.500  4.673  4.663  4.640  4.668  4.673  4.727  4.644  4.533  4.812  4.618  4.585  4.486  4.543  4.762  4.644  4.431  4.443  4.486  4.691  4.628  4.477  4.644  4.466  4.394  4.466  4.477  4.511  4.570  4.522  4.431  4.640  4.369  4.344
5.568  5.414  5.451  5.561  5.338  5.598  5.684  5.572  5.609  5.730  5.593  5.635  5.678  5.602  5.781  5.601  5.602  5.497  5.775  5.429  5.707  5.656  5.652  5.591  5.666  5.539  5.525  5.476  5.472  5.366  5.505  5.677  5.405  5.632  5.758  5.724  5.569  5.529  5.613  5.468  5.580  5.541
7.333  7.292  7.301  7.203  7.290  7.403  7.324  7.279  7.314  7.388  7.305  7.398  7.448  7.300  7.349  7.194  7.167  7.347  7.388  7.231  7.374  7.245  7.269  7.205  7.285  7.349  7.211  7.180  7.104  7.165  7.146  7.221  7.173  7.349  7.278  7.200  7.263  7.191  7.123  7.226  7.174  7.281
5.601  5.668  5.505  5.509  5.576  5.661  5.717  5.591  5.537  5.765  5.721  5.757  5.805  5.709  5.940  5.617  5.553  5.587  5.755  5.543  5.768  5.687  5.656  5.717  5.609  5.675  5.533  5.455  5.374  5.403  5.620  5.375  5.451  5.683  5.727  5.684  5.635  5.384  5.572  5.482  5.429  5.624
6.349  6.275  6.213  6.223  6.306  6.384  6.303  6.219  6.326  6.240  6.297  6.075  6.363  6.323  6.351  6.267  6.170  6.335  6.306  6.165  6.385  6.134  6.258  6.254  6.246  6.267  6.142  6.232  6.001  6.100  6.215  6.080  6.035  6.299  6.217  6.236  6.307  6.028  5.740  6.261  6.066  6.240
5.147  5.056  4.905  4.879  5.086  5.017  5.011  4.927  5.124  4.820  5.013  4.625  5.186  5.153  5.176  4.883  5.007  5.075  5.093  5.069  5.176  5.106  5.130  5.118  4.963  5.011  4.787  5.024  4.654  4.854  4.942  4.787  4.783  5.130  5.075  5.088  4.977  4.644  4.407  4.734  4.828  5.040
8.092  7.897  7.981  7.926  7.971  7.987  7.936  7.934  7.959  8.053  7.973  8.041  8.069  7.988  7.957  7.875  7.910  8.033  8.037  7.967  7.931  7.877  7.954  7.935  7.962  8.008  7.943  7.993  7.843  7.849  7.878  7.841  7.843  7.963  7.930  7.919  8.017  7.954  7.931  8.003  7.873  8.002
6.023  5.967  6.052  5.778  5.958  6.028  6.003  5.892  6.071  6.133  6.011  6.098  6.186  6.138  6.074  5.858  5.859  5.905  5.938  6.006  5.922  5.733  5.905  5.864  5.738  5.868  5.781  5.746  5.813  5.835  5.903  5.620  5.566  5.823  5.828  5.892  5.835  5.714  5.677  5.652  5.701  5.801
7.165  6.872  7.046  7.033  7.142  7.113  7.026  7.079  7.124  7.231  7.123  7.184  7.220  7.106  7.140  6.993  6.877  7.108  7.149  7.134  6.984  6.880  6.999  6.936  7.060  7.158  7.037  7.060  6.893  6.915  6.930  6.821  6.989  7.070  7.033  6.990  7.033  7.075  6.954  7.089  6.936  7.097
6.122  5.835  5.979  5.891  5.984  6.040  5.976  5.981  6.031  6.157  6.081  6.164  6.260  6.066  6.114  5.953  5.911  5.841  6.075  6.140  6.001  6.009  5.886  5.988  5.787  5.940  5.727  5.869  5.687  5.753  5.784  5.743  5.849  5.924  5.897  5.892  5.940  5.882  5.832  5.829  5.766  5.811
6.973  6.668  6.804  6.786  6.876  6.939  6.625  6.795  6.764  6.944  6.987  6.964  6.975  6.912  7.034  6.739  6.346  6.984  6.895  6.755  6.519  6.447  6.621  6.561  6.718  6.712  6.711  6.825  6.363  6.526  6.635  6.279  6.676  6.688  6.555  6.688  6.559  6.883  6.828  6.883  6.624  6.757
5.368  5.398  5.242  5.352  5.380  5.351  5.220  5.357  5.226  5.529  5.537  5.505  5.606  5.525  5.604  5.414  5.147  5.333  5.497  5.328  5.252  5.219  5.442  5.300  5.247  5.464  5.347  5.318  5.017  5.198  5.231  4.871  5.244  5.347  5.124  5.357  5.176  5.337  5.242  5.293  5.056  5.170
7.129  6.764  6.973  6.938  7.067  7.101  6.792  6.893  6.894  7.091  7.040  7.040  7.135  6.973  7.114  6.859  6.649  7.022  7.053  6.899  6.880  6.651  6.804  6.759  6.777  6.792  6.735  6.888  6.465  6.618  6.744  6.456  6.753  6.891  6.721  6.882  6.741  6.874  6.828  6.913  6.644  6.845
4.804  4.431  4.469  4.543  4.727  4.543  4.527  4.477  4.394  4.824  4.642  4.898  4.754  4.644  4.894  4.357  4.511  4.520  4.635  4.625  4.673  4.483  4.454  4.477  4.248  4.367  4.663  4.443  4.234  4.197  4.290  4.127  4.443  4.466  4.357  4.717  4.277  4.477  4.486  4.419  4.159  4.382
7.121  6.813  7.057  7.069  7.142  7.150  6.891  7.079  7.039  7.138  7.019  7.192  7.147  7.029  7.130  6.863  6.701  7.054  7.183  7.039  6.908  6.811  6.918  6.912  6.955  7.084  6.877  6.969  6.743  6.878  6.759  6.722  7.035  7.073  6.895  6.995  6.908  7.098  6.910  7.001  6.948  7.012
5.935  5.700  5.835  5.958  5.940  5.930  5.784  5.838  5.919  5.935  5.846  5.981  6.054  5.943  6.094  5.694  5.576  5.845  6.148  5.961  5.926  5.765  5.861  5.876  5.844  5.785  5.805  5.685  5.585  5.714  5.623  5.592  5.839  5.829  5.784  5.893  5.805  5.864  5.720  5.814  5.770  5.842
6.908  6.558  6.770  6.654  6.844  6.809  6.514  6.757  6.707  6.907  6.804  6.827  6.901  6.808  6.817  6.648  6.560  6.844  6.800  6.832  6.579  6.613  6.681  6.739  6.551  6.668  6.672  6.683  6.354  6.445  6.501  6.229  6.601  6.662  6.485  6.686  6.599  6.738  6.642  6.741  6.552  6.749
4.691  4.489  4.654  4.500  4.638  4.710  4.337  4.505  4.710  4.754  4.663  4.787  4.779  4.942  4.905  4.635  4.407  4.762  4.635  4.705  4.615  4.500  4.654  4.575  4.659  4.562  4.691  4.344  4.260  4.407  4.500  4.040  4.392  4.533  4.635  4.477  4.248  4.369  4.260  4.500  4.466  4.443
6.673  6.358  6.489  6.405  6.514  6.567  6.326  6.485  6.486  6.687  6.589  6.612  6.688  6.586  6.662  6.474  6.412  6.671  6.568  6.591  6.500  6.417  6.463  6.477  6.435  6.542  6.505  6.521  6.212  6.402  6.409  6.221  6.340  6.544  6.477  6.497  6.461  6.518  6.510  6.486  6.413  6.605
5.517  5.220  5.342  5.204  5.356  5.468  5.265  5.313  5.472  5.529  5.493  5.436  5.464  5.598  5.523  5.384  5.223  5.491  5.509  5.365  5.517  5.375  5.342  5.313  5.313  5.423  5.407  5.293  5.072  5.247  5.231  5.100  5.120  5.384  5.387  5.403  5.328  5.334  5.442  5.215  5.256  5.361
