5.713  5.586  5.682  5.501  5.749  5.775  5.727  5.753  5.743  5.796  5.775  5.839  5.802  5.730  5.866  5.638  5.491  5.814  5.771  5.613  5.673  5.645  5.640  5.541  5.622  5.597  5.624  5.693  5.407  5.568  5.694  5.568  5.565  5.690  5.652  5.673  5.768  5.670  5.529  5.673  5.623  5.662
4.498  4.554  4.290  4.369  4.419  4.489  4.564  4.500  4.564  4.543  4.419  4.673  4.533  4.564  4.635  4.575  4.443  4.500  4.511  4.431  4.588  4.511  4.449  4.603  4.443  4.419  4.350  4.315  4.284  4.452  4.533  4.477  4.369  4.369  4.500  4.464  4.554  4.344  4.290  4.290  4.248  4.290
7.491  7.151  7.391  7.284  7.416  7.460  7.305  7.375  7.388  7.508  7.452  7.481  7.480  7.391  7.431  7.232  7.058  7.380  7.463  7.326  7.320  7.250  7.200  7.157  7.300  7.375  7.207  7.330  6.995  7.096  7.214  7.102  7.205  7.331  7.325  7.317  7.298  7.310  7.278  7.360  7.232  7.432
6.033  5.997  5.919  5.866  5.905  5.897  5.988  5.979  6.105  6.212  6.091  6.176  6.064  6.045  6.071  5.905  5.815  5.849  5.996  5.945  5.974  5.953  5.950  6.004  5.759  5.800  5.734  5.724  5.641  5.759  5.875  5.771  5.694  5.945  5.909  5.976  5.838  5.835  5.759  5.753  5.709  5.846
5.001  4.710  4.929  4.796  4.736  4.958  4.883  4.844  4.898  5.045  4.787  4.970  4.997  4.956  5.165  4.745  4.883  4.868  4.973  5.024  4.990  4.754  4.860  4.860  4.718  4.804  4.883  4.723  4.575  4.543  4.787  4.700  4.727  4.850  4.850  4.779  4.844  4.754  4.625  4.796  4.595  4.828
4.392  4.277  4.290  4.431  4.317  4.341  4.331  4.350  4.369  4.407  4.220  4.554  4.376  4.410  4.541  4.277  4.380  4.489  4.324  4.477  4.573  4.407  4.419  4.466  4.231  4.111  4.197  4.241  4.007  4.263  4.263  4.369  4.205  4.241  4.369  4.246  4.174  4.143  4.217  4.263  4.220  4.246
7.196  6.805  7.022  6.751  7.077  7.209  6.823  7.046  6.921  7.112  7.051  7.092  7.163  7.147  7.094  6.994  6.568  7.177  6.965  6.899  6.750  6.720  6.803  6.802  6.786  6.915  6.986  7.132  6.491  6.748  6.904  6.610  6.768  6.866  6.729  6.818  6.914  7.133  7.077  7.166  6.780  6.979
6.021  5.974  5.866  5.613  6.011  6.040  5.859  5.804  5.924  6.009  5.905  5.852  6.077  6.057  6.029  5.866  5.705  5.971  5.943  5.887  5.832  5.772  5.996  5.894  5.737  5.878  5.826  5.838  5.471  5.642  5.855  5.673  5.631  5.733  5.724  5.852  5.826  5.784  5.905  5.924  5.682  5.796
6.436  6.324  6.422  6.553  6.400  6.415  6.091  6.314  6.261  6.479  6.420  6.482  6.456  6.372  6.461  6.196  6.184  6.219  6.472  6.491  6.342  6.225  6.252  6.304  6.224  6.292  6.107  6.122  6.021  6.006  6.238  6.095  6.324  6.254  6.267  6.304  6.111  6.462  6.288  6.250  6.238  6.382
6.100  5.980  6.004  6.111  5.986  5.878  5.704  5.911  5.858  6.111  6.004  5.958  6.050  5.903  6.110  5.749  5.762  5.832  6.050  6.031  6.057  5.924  5.866  5.966  5.717  5.720  5.587  5.606  5.635  5.591  5.740  5.814  5.811  5.911  5.866  5.908  5.765  5.837  5.892  5.796  5.852  5.808
5.807  5.841  5.881  5.916  5.911  5.889  5.844  5.872  5.855  5.953  5.746  5.893  5.903  5.900  6.031  5.826  5.742  5.875  5.927  5.889  5.980  5.857  5.829  5.991  5.823  5.896  5.826  5.802  5.733  5.784  5.771  5.799  5.894  5.900  5.837  5.935  5.803  5.768  5.740  5.717  5.759  5.829
5.059  5.375  5.075  5.215  5.124  5.017  5.263  5.056  5.193  5.268  5.161  5.273  5.198  5.252  5.278  5.021  5.147  5.106  5.100  5.050  5.372  5.200  5.187  5.247  4.990  5.186  5.071  4.839  4.984  5.094  4.970  5.081  5.004  5.193  5.209  5.215  5.029  4.883  4.984  4.905  4.963  5.147
6.479  6.439  6.428  6.284  6.486  6.467  6.423  6.402  6.441  6.539  6.484  6.491  6.499  6.495  6.691  6.480  6.260  6.625  6.486  6.328  6.409  6.361  6.482  6.441  6.373  6.351  6.402  6.468  6.263  6.370  6.382  6.295  6.207  6.375  6.281  6.372  6.450  6.490  6.486  6.486  6.244  6.314
4.827  4.800  4.605  4.663  4.710  4.615  4.804  4.564  4.883  4.828  4.796  4.745  4.968  4.836  5.004  4.754  4.736  4.779  4.844  4.654  4.966  4.820  4.828  4.949  4.762  4.832  4.700  4.790  4.736  4.633  4.673  4.700  4.460  4.691  4.657  4.819  4.787  4.796  4.754  4.663  4.625  4.663
5.892  5.631  5.525  5.694  5.697  5.717  5.523  5.624  5.630  5.765  5.591  5.628  5.872  5.740  5.690  5.628  5.487  5.759  5.638  5.746  5.580  5.474  5.624  5.620  5.511  5.568  5.598  5.560  5.468  5.501  5.577  5.231  5.631  5.591  5.533  5.556  5.614  5.690  5.537  5.793  5.501  5.679
5.100  4.898  5.014  4.977  5.024  4.975  5.037  4.963  5.026  5.193  4.927  5.130  5.209  5.063  5.077  4.812  4.920  4.860  5.014  5.108  4.966  4.926  4.890  5.075  4.874  4.933  4.831  4.734  4.754  4.691  4.786  4.743  4.879  4.920  4.958  5.011  4.852  4.942  4.954  4.913  4.887  4.963
5.883  5.595  5.822  5.858  5.849  5.793  5.714  5.756  5.710  5.869  5.844  5.784  5.875  5.699  5.892  5.624  5.673  5.756  5.905  5.916  5.889  5.781  5.647  5.756  5.908  5.892  5.687  5.884  5.580  5.706  5.652  5.690  5.817  5.806  5.784  5.794  5.733  5.768  5.760  5.680  5.693  5.743
4.997  4.933  5.106  4.977  4.942  5.017  5.050  4.975  4.934  5.043  5.118  4.990  5.039  4.984  5.099  4.836  4.968  4.973  5.001  5.100  4.975  5.100  4.913  5.063  5.024  4.970  4.890  4.840  4.754  4.889  4.883  4.881  4.954  4.990  4.913  5.011  4.860  5.050  4.989  4.898  4.718  4.927
5.553  5.265  5.460  5.557  5.602  5.628  5.361  5.403  5.470  5.617  5.442  5.577  5.691  5.505  5.613  5.352  5.300  5.635  5.673  5.694  5.533  5.431  5.483  5.509  5.347  5.313  5.287  5.416  5.247  5.318  5.489  5.313  5.460  5.323  5.338  5.448  5.455  5.543  5.468  5.531  5.380  5.451
6.050  5.765  6.040  6.038  6.107  6.033  5.866  5.969  6.026  6.206  6.094  6.115  6.232  6.100  6.225  6.082  5.753  6.269  6.254  6.230  6.143  5.900  5.916  5.964  5.805  5.819  5.864  5.919  5.609  5.781  5.889  5.790  5.991  5.911  5.894  6.005  6.017  6.207  6.117  6.386  6.109  6.196
4.060  3.892  4.094  3.970  4.060  3.932  3.892  4.060  4.043  4.234  4.057  4.043  4.419  4.159  4.205  3.892  3.912  4.025  4.217  4.094  4.043  3.970  3.989  3.951  3.912  3.938  4.034  3.932  3.807  3.857  3.938  3.829  3.932  3.961  4.094  4.057  4.078  4.060  3.989  3.912  3.892  3.928
3.784  3.638  3.871  3.807  3.892  3.850  3.850  3.850  3.989  3.867  3.761  3.867  3.980  4.159  4.205  3.818  3.846  3.912  4.143  3.892  4.025  3.970  3.850  3.932  3.738  3.807  3.902  3.738  3.714  3.664  4.025  3.932  3.970  3.824  3.892  3.761  3.882  3.550  3.664  3.761  3.761  4.022
