7.467  7.284  7.338  7.224  7.363  7.385  7.391  7.372  7.384  7.482  7.423  7.510  7.454  7.411  7.416  7.408  7.174  7.471  7.471  7.311  7.309  7.247  7.356  7.227  7.445  7.519  7.444  7.435  7.258  7.368  7.341  7.165  7.042  7.400  7.357  7.371  7.409  7.410  7.338  7.494  7.275  7.470
7.032  6.875  6.893  6.835  6.919  7.013  7.028  7.022  7.066  7.124  7.048  7.110  7.124  7.049  6.998  7.058  6.668  6.991  7.142  6.792  6.909  6.855  6.918  6.831  6.999  7.022  6.937  6.905  6.781  6.946  6.882  6.680  6.547  7.007  7.006  6.957  6.871  6.948  6.867  6.979  6.781  7.026
6.937  6.749  6.617  6.700  6.844  6.884  6.810  6.867  6.875  6.985  6.917  6.958  6.921  6.804  6.913  6.733  6.652  6.801  6.927  6.682  6.856  6.731  6.724  6.735  6.737  6.790  6.793  6.748  6.488  6.663  6.726  6.582  6.659  6.834  6.837  6.775  6.795  6.685  6.683  6.698  6.623  6.786
6.859  6.775  6.751  6.616  6.773  6.845  6.871  6.815  6.922  7.047  6.928  6.991  6.909  6.780  6.901  6.737  6.693  6.656  6.890  6.627  6.859  6.856  6.750  6.830  6.669  6.692  6.658  6.583  6.488  6.613  6.713  6.640  6.555  6.769  6.839  6.718  6.839  6.579  6.599  6.524  6.545  6.664
6.553  6.161  6.392  6.480  6.471  6.554  6.469  6.417  6.461  6.521  6.491  6.591  6.594  6.470  6.555  6.372  6.332  6.441  6.551  6.379  6.550  6.410  6.332  6.321  6.455  6.405  6.360  6.414  6.170  6.346  6.324  6.387  6.392  6.494  6.381  6.387  6.443  6.360  6.321  6.404  6.414  6.380
6.248  6.103  6.159  6.265  6.136  6.226  6.303  6.186  6.328  6.347  6.292  6.395  6.392  6.184  6.330  6.158  6.159  6.180  6.321  6.290  6.376  6.267  6.148  6.160  6.178  6.142  6.166  6.017  6.028  6.125  6.170  6.140  6.190  6.250  6.301  6.207  6.252  6.033  5.994  6.111  6.084  6.163
6.446  6.181  6.310  6.293  6.422  6.415  6.314  6.293  6.351  6.525  6.397  6.433  6.432  6.325  6.472  6.284  6.084  6.370  6.431  6.317  6.227  6.133  6.248  6.192  6.271  6.256  6.219  6.319  6.100  6.116  6.290  6.089  6.282  6.347  6.198  6.267  6.285  6.370  6.298  6.421  6.234  6.340
6.073  5.974  6.006  6.000  6.031  6.100  6.098  6.059  6.104  6.178  6.176  6.129  6.225  6.122  6.171  6.036  6.001  6.009  6.138  6.021  6.165  6.011  6.071  6.050  5.935  5.919  5.926  6.025  5.808  5.935  6.063  5.878  5.875  6.096  6.107  6.056  6.115  5.969  5.911  5.913  5.917  5.955
6.397  6.144  6.153  6.131  6.372  6.242  6.186  6.275  6.172  6.317  6.284  6.280  6.292  6.234  6.370  6.109  5.916  6.355  6.326  6.155  6.054  6.094  6.228  6.168  5.969  5.961  6.075  6.050  5.919  5.937  6.097  5.835  6.011  6.116  6.006  6.158  6.118  6.201  6.184  6.174  5.966  6.176
5.886  5.808  5.738  5.598  5.765  5.929  5.894  5.756  5.727  5.963  5.976  5.978  5.953  5.905  5.984  5.717  5.533  5.756  5.804  5.697  5.774  5.674  5.855  5.858  5.464  5.613  5.711  5.641  5.425  5.511  5.754  5.537  5.497  5.724  5.638  5.779  5.775  5.778  5.844  5.642  5.472  5.645
7.688  7.549  7.643  7.633  7.680  7.620  7.463  7.631  7.612  7.745  7.646  7.708  7.712  7.625  7.664  7.555  7.404  7.626  7.704  7.636  7.497  7.432  7.539  7.447  7.572  7.670  7.549  7.604  7.405  7.393  7.535  7.413  7.554  7.594  7.517  7.575  7.536  7.651  7.597  7.623  7.552  7.614
5.903  5.826  5.948  6.023  6.001  5.945  5.993  5.939  5.943  6.114  5.952  6.061  6.101  5.930  6.122  5.858  5.816  5.820  6.153  5.922  6.082  5.855  5.903  5.849  6.084  6.087  5.927  5.835  5.749  5.707  5.835  5.818  5.919  6.000  5.892  6.049  6.014  5.849  5.710  5.778  5.814  5.956
5.955  5.958  6.054  5.887  6.089  6.089  6.011  6.059  5.938  5.989  5.930  6.001  6.061  6.019  5.996  5.897  5.908  6.058  5.991  5.964  5.935  5.778  5.971  5.905  5.821  5.951  5.905  5.889  5.704  5.775  5.914  5.790  5.764  5.888  5.872  5.959  5.940  5.864  5.814  5.953  5.789  5.846
5.118  5.088  4.945  4.972  5.231  5.081  5.063  4.934  4.949  4.866  4.997  5.034  5.147  5.023  5.195  4.890  4.828  5.023  5.124  5.086  5.030  5.124  5.034  5.198  4.779  4.875  4.745  4.745  4.615  4.905  4.806  4.828  4.769  4.945  4.989  4.963  4.852  4.966  4.852  4.970  4.736  4.762
6.369  6.128  6.238  6.275  6.323  6.376  6.263  6.261  6.353  6.436  6.244  6.375  6.387  6.356  6.475  6.201  6.136  6.407  6.314  6.234  6.335  6.182  6.273  6.115  6.178  6.180  6.235  6.211  6.035  6.047  6.139  6.124  6.111  6.249  6.174  6.196  6.246  6.344  6.269  6.308  6.117  6.213
5.288  5.308  5.318  5.342  5.358  5.356  5.310  5.234  5.429  5.412  5.447  5.429  5.485  5.468  5.517  5.204  5.176  5.398  5.412  5.333  5.403  5.416  5.313  5.363  5.352  5.308  5.275  5.115  5.159  5.037  5.193  5.153  5.215  5.366  5.342  5.313  5.359  5.236  5.312  5.357  5.063  5.182
7.480  7.202  7.397  7.347  7.321  7.403  7.246  7.357  7.365  7.405  7.385  7.413  7.487  7.376  7.369  7.201  7.168  7.356  7.434  7.395  7.307  7.160  7.195  7.157  7.418  7.463  7.224  7.288  7.177  7.172  7.175  7.088  7.269  7.223  7.151  7.163  7.296  7.428  7.326  7.366  7.313  7.368
5.759  5.455  5.700  5.548  5.652  5.690  5.647  5.700  5.823  5.811  5.700  5.805  5.938  5.737  5.733  5.334  5.645  5.677  5.838  5.835  5.764  5.493  5.617  5.537  5.638  5.645  5.546  5.247  5.517  5.360  5.366  5.434  5.509  5.442  5.351  5.416  5.682  5.583  5.529  5.561  5.519  5.485
6.558  6.225  6.387  6.439  6.476  6.495  6.389  6.394  6.385  6.501  6.390  6.555  6.581  6.480  6.496  6.358  6.273  6.469  6.442  6.438  6.376  6.262  6.386  6.396  6.254  6.346  6.380  6.403  6.293  6.351  6.353  6.248  6.301  6.407  6.346  6.415  6.328  6.471  6.433  6.510  6.318  6.435
4.454  4.407  4.472  4.357  4.416  4.489  4.394  4.369  4.443  4.443  4.401  4.533  4.615  4.625  4.657  4.357  4.369  4.522  4.489  4.443  4.446  4.350  4.543  4.472  4.394  4.331  4.428  4.382  4.241  4.277  4.290  4.190  4.382  4.382  4.263  4.357  4.344  4.331  4.431  4.489  4.317  4.388
7.610  7.382  7.494  7.510  7.530  7.621  7.462  7.515  7.553  7.634  7.589  7.606  7.638  7.548  7.604  7.430  7.398  7.635  7.645  7.582  7.534  7.444  7.392  7.443  7.628  7.666  7.528  7.613  7.368  7.422  7.457  7.405  7.549  7.603  7.528  7.487  7.493  7.506  7.510  7.609  7.535  7.626
6.385  6.209  6.248  6.223  6.213  6.344  6.138  6.303  6.387  6.372  6.397  6.380  6.444  6.372  6.377  6.217  6.131  6.362  6.400  6.377  6.260  6.073  6.120  6.105  6.392  6.326  6.168  6.304  6.016  6.165  6.157  6.075  6.146  6.329  6.221  6.163  6.120  6.209  6.146  6.153  6.284  6.333
