5.704  5.318  5.486  5.613  5.432  5.619  5.447  5.481  5.511  5.545  5.608  5.583  5.517  5.529  5.459  5.476  5.447  5.598  5.602  5.697  5.642  5.905  6.050  5.858  6.215  6.246  6.192  6.804  6.537  6.659  5.485  5.394  5.451  5.375  5.398  5.394  5.513  5.620  5.529  5.398  5.449  5.505
4.945  4.777  5.001  4.920  4.890  4.959  4.911  4.975  4.870  4.984  4.875  4.898  5.030  4.927  4.792  4.745  4.700  4.762  5.100  4.852  4.999  4.997  4.887  4.942  4.860  4.820  4.819  4.779  4.852  4.828  4.889  4.736  4.787  4.868  4.745  4.762  4.913  4.796  4.760  4.828  4.832  4.796
5.069  4.839  4.890  4.775  4.963  4.890  4.883  4.911  4.890  5.069  4.956  4.970  4.997  4.949  5.030  4.771  4.682  4.942  4.942  4.852  4.860  4.736  4.804  4.913  4.690  4.808  4.956  4.804  4.543  4.676  4.871  4.543  4.852  4.802  4.745  4.820  4.796  4.898  4.787  4.860  4.605  4.754
4.369  4.159  4.431  4.431  4.174  4.234  4.174  4.431  4.317  4.407  4.290  4.554  4.382  4.419  4.590  4.135  4.234  4.212  4.431  4.489  4.348  4.205  4.205  4.290  4.234  4.127  4.174  4.127  4.094  4.290  4.069  4.256  4.419  4.234  4.256  4.274  4.361  4.187  4.274  4.111  4.159  4.187
5.165  5.132  5.159  4.898  5.228  5.196  5.124  4.963  5.150  5.193  5.063  5.403  5.268  5.187  5.282  4.997  4.700  4.997  5.147  5.049  5.176  5.004  5.153  4.905  4.920  4.963  4.977  4.956  4.654  4.779  4.963  4.804  4.819  5.043  5.004  5.004  5.159  5.142  5.106  5.069  4.968  5.080
3.664  3.850  3.829  3.733  3.824  3.738  3.829  3.714  3.818  3.892  3.714  3.850  3.912  3.951  4.060  3.738  3.850  3.738  3.807  3.802  3.951  3.784  3.932  3.932  3.611  3.689  3.738  3.638  3.526  3.932  3.871  3.664  3.664  3.714  3.689  3.829  3.807  3.784  3.892  3.555  3.638  3.773
5.545  5.288  5.455  5.371  5.380  5.437  5.442  5.407  5.323  5.533  5.455  5.517  5.427  5.380  5.580  5.327  5.179  5.371  5.491  5.335  5.389  5.308  5.318  5.283  5.293  5.306  5.273  5.259  5.088  5.273  5.283  5.189  5.158  5.403  5.257  5.425  5.231  5.344  5.288  5.303  5.236  5.347
4.868  4.673  4.852  4.828  4.920  4.804  4.942  4.883  4.771  5.013  4.856  4.997  4.875  4.779  4.877  4.787  4.663  4.779  4.808  4.812  5.004  4.933  4.762  4.850  4.771  4.663  4.564  4.771  4.625  4.522  4.745  4.714  4.862  4.820  4.708  4.673  4.727  4.543  4.615  4.654  4.585  4.786
4.883  4.820  4.970  4.868  4.771  4.820  4.883  4.787  4.907  5.050  4.875  4.990  5.017  4.889  4.938  4.796  4.691  4.777  4.977  4.934  5.049  4.718  4.754  4.718  4.779  4.812  4.883  4.723  4.644  4.644  4.898  4.690  4.844  4.854  4.844  4.745  4.836  4.769  4.663  4.956  4.652  4.850
4.509  4.449  4.625  4.663  4.533  4.464  4.605  4.522  4.573  4.654  4.477  4.802  4.820  4.605  4.699  4.554  4.522  4.522  4.680  4.754  4.615  4.511  4.522  4.489  4.595  4.431  4.419  4.331  4.248  4.407  4.431  4.317  4.454  4.475  4.331  4.533  4.407  4.533  4.357  4.277  4.367  4.413
5.106  4.839  4.949  4.949  4.956  4.875  4.990  5.063  5.153  5.147  4.997  5.193  5.159  5.069  4.966  4.949  4.820  5.056  5.159  4.999  5.017  4.913  5.081  4.934  4.970  4.977  4.890  4.762  4.727  4.860  4.898  4.949  4.913  4.990  4.883  4.868  4.828  4.913  5.014  4.963  4.673  5.050
4.078  4.043  4.094  4.078  3.892  3.932  3.998  4.156  4.094  4.190  3.912  4.174  4.143  3.989  4.111  3.850  4.060  4.043  3.989  4.231  4.143  4.143  4.025  4.190  4.159  4.043  3.912  3.714  3.738  3.912  3.784  4.127  3.892  4.025  4.043  3.970  3.850  4.007  3.780  3.846  3.850  4.078
7.064  6.823  6.951  6.998  6.930  6.920  6.798  6.902  6.827  7.176  7.013  7.027  7.057  6.900  6.918  6.837  6.667  6.823  6.927  6.913  6.802  6.712  6.713  6.730  6.706  6.762  6.724  6.742  6.532  6.541  6.820  6.619  6.834  6.807  6.801  6.739  6.701  6.846  6.864  6.782  6.774  6.759
7.705  7.613  7.665  7.692  7.675  7.734  7.742  7.674  7.732  7.854  7.752  7.816  7.824  7.743  7.816  7.618  7.575  7.576  7.794  7.624  7.699  7.677  7.693  7.674  7.676  7.757  7.660  7.682  7.633  7.687  7.669  7.640  7.589  7.724  7.682  7.695  7.760  7.560  7.564  7.516  7.630  7.616
4.896  4.963  5.243  5.036  4.762  4.949  5.182  4.769  5.193  5.159  4.860  5.017  5.004  4.754  5.140  4.866  4.989  5.206  4.913  4.844  5.288  4.956  5.094  5.509  4.828  4.816  5.074  4.963  5.115  5.335  4.754  4.844  4.868  4.883  5.017  5.004  4.680  4.812  4.966  4.858  4.682  4.727
4.382  4.666  4.840  4.407  4.454  4.593  4.883  4.483  4.883  4.663  4.682  4.718  4.840  4.608  4.820  4.875  4.554  4.682  4.673  4.787  4.852  4.745  4.654  5.112  4.635  4.350  4.644  4.511  4.394  4.879  4.428  4.543  4.625  4.585  4.673  4.522  4.516  4.511  4.659  4.357  4.394  4.511
4.564  4.500  4.554  4.477  4.511  4.533  4.357  4.446  4.575  4.554  4.443  4.511  4.673  4.654  4.625  4.428  4.277  4.663  4.635  4.573  4.673  4.369  4.431  4.483  4.407  4.231  4.357  4.331  4.143  4.295  4.477  4.127  4.382  4.331  4.369  4.317  4.304  4.419  4.317  4.174  4.317  4.454
4.419  4.234  4.489  4.382  4.382  4.317  4.290  4.458  4.234  4.466  4.419  4.369  4.605  4.394  4.522  4.503  4.159  4.511  4.520  4.644  4.428  4.369  4.205  4.527  4.197  4.290  4.380  4.407  4.025  4.220  4.263  4.263  4.331  4.290  4.331  4.503  4.277  4.331  4.205  4.274  4.202  4.407
5.384  5.142  5.182  5.262  5.242  5.209  5.153  5.257  5.222  5.471  5.283  5.397  5.537  5.313  5.397  5.187  5.063  5.328  5.278  5.375  5.247  5.142  5.204  5.190  5.056  5.153  5.176  5.182  4.890  4.875  5.106  5.030  5.159  5.136  5.159  5.147  5.192  5.246  5.215  5.313  5.066  5.226
5.371  5.303  5.273  5.318  5.371  5.375  5.196  5.330  5.246  5.429  5.394  5.400  5.537  5.412  5.481  5.246  5.212  5.308  5.434  5.352  5.412  5.293  5.347  5.293  5.170  5.147  5.215  5.228  5.064  5.081  5.252  5.130  5.226  5.288  5.263  5.277  5.178  5.317  5.252  5.094  5.269  5.317
5.733  5.553  5.576  5.602  5.638  5.647  5.493  5.591  5.591  5.635  5.612  5.557  5.583  5.587  5.684  5.605  5.493  5.768  5.642  5.670  5.533  5.521  5.450  5.587  5.553  5.568  5.497  5.624  5.438  5.513  5.489  5.429  5.677  5.591  5.595  5.568  5.565  5.576  5.537  5.592  5.501  5.583
4.331  4.357  4.382  4.382  4.234  4.416  4.074  4.431  4.369  4.290  4.227  4.256  4.520  4.394  4.511  4.220  4.246  4.431  4.419  4.419  4.407  4.094  4.220  4.111  4.060  4.263  4.159  4.290  4.171  4.025  4.190  4.127  4.263  4.304  4.159  4.331  4.143  4.317  4.094  4.263  4.220  4.277
