6.653  6.422  6.473  6.443  6.531  6.615  6.585  6.604  6.612  6.750  6.532  6.652  6.708  6.568  6.605  6.518  6.485  6.493  6.668  6.482  6.515  6.554  6.541  6.461  6.556  6.609  6.524  6.484  6.333  6.503  6.426  6.368  6.347  6.629  6.574  6.520  6.576  6.555  6.479  6.445  6.417  6.605
5.358  5.208  5.153  5.193  4.990  5.226  5.353  5.165  5.352  5.480  5.236  5.278  5.347  5.263  5.252  5.288  5.153  5.268  5.308  5.201  5.273  5.136  5.321  5.159  5.136  5.170  4.977  5.004  4.875  4.977  5.111  5.142  4.860  5.226  5.219  5.226  5.075  5.050  5.094  5.170  5.017  5.069
5.864  5.661  5.778  5.476  5.746  5.922  5.771  5.784  5.787  5.737  5.798  5.924  5.940  5.877  6.023  5.753  5.557  6.031  5.855  5.636  5.753  5.645  5.770  5.690  5.662  5.690  5.658  5.685  5.338  5.509  5.749  5.509  5.468  5.740  5.700  5.743  5.858  5.720  5.720  5.796  5.525  5.778
4.533  4.489  4.317  4.263  4.522  4.469  4.710  4.290  4.615  4.304  4.564  4.489  4.877  4.680  4.771  4.628  4.640  4.331  4.600  4.290  4.585  4.691  4.605  4.615  4.522  4.407  4.422  4.288  4.277  4.386  4.613  4.190  4.094  4.489  4.357  4.564  4.564  4.290  5.779  4.317  4.277  4.575
5.591  5.239  5.447  5.424  5.394  5.447  5.371  5.438  5.242  5.434  5.501  5.509  5.649  5.468  5.476  5.303  5.165  5.541  5.541  5.537  5.438  5.256  5.379  5.257  5.371  5.227  5.175  5.250  4.980  5.112  5.219  5.124  5.332  5.393  5.231  5.374  5.301  5.451  5.344  5.380  5.236  5.298
4.127  4.043  4.159  4.231  4.111  4.190  3.989  4.190  3.951  4.159  3.989  4.263  4.248  4.304  4.290  3.932  4.043  4.043  4.182  4.382  4.248  3.970  4.069  4.060  4.043  3.932  4.022  3.850  3.784  3.892  3.989  4.094  4.190  4.078  4.060  4.016  3.970  3.970  4.043  3.932  3.970  3.912
4.564  4.348  4.538  4.564  4.605  4.431  4.466  4.489  4.533  4.644  4.419  4.673  4.836  4.718  4.854  4.533  4.443  4.443  4.732  4.673  4.718  4.500  4.464  4.533  4.489  4.331  4.388  4.344  3.985  4.290  4.369  4.443  4.635  4.498  4.575  4.317  4.500  4.419  4.344  4.357  4.431  4.419
4.290  4.111  4.317  4.369  4.220  4.382  4.248  4.290  4.277  4.477  4.357  4.486  4.595  4.554  4.625  4.263  4.344  4.127  4.357  4.394  4.533  4.270  4.159  4.311  4.331  4.317  4.174  4.167  4.025  3.947  4.174  4.159  4.290  4.331  4.260  4.143  4.407  4.315  4.194  4.248  4.167  4.143
5.659  5.533  5.539  5.323  5.650  5.659  5.425  5.438  5.487  5.622  5.697  5.626  5.749  5.583  5.740  5.468  5.118  5.642  5.407  5.416  5.268  5.429  5.525  5.525  5.165  5.354  5.366  5.375  5.106  5.226  5.447  4.927  5.225  5.242  5.220  5.476  5.328  5.540  5.501  5.455  4.996  5.371
4.274  4.248  4.248  4.103  4.124  4.143  4.143  4.127  4.127  4.217  4.220  4.241  4.297  4.331  4.440  4.069  4.099  4.164  4.124  4.277  4.263  4.220  4.171  4.263  3.784  3.947  4.078  4.007  3.892  4.025  3.932  3.970  3.807  3.989  4.078  4.263  4.111  4.111  3.989  3.985  3.850  4.034
6.286  6.215  6.172  6.257  6.321  6.376  6.116  6.182  6.189  6.361  6.319  6.275  6.390  6.288  6.397  6.128  6.100  6.157  6.351  6.316  6.290  6.157  6.163  6.304  6.201  6.161  6.122  6.201  6.096  6.057  6.098  6.138  6.201  6.284  6.230  6.162  6.153  6.215  6.213  6.248  6.129  6.254
5.293  5.257  5.164  5.423  5.327  5.254  5.352  5.063  5.198  5.366  5.434  5.442  5.485  5.268  5.434  5.273  5.244  5.297  5.394  5.323  5.483  5.176  5.333  5.318  5.375  5.333  5.318  5.235  5.112  5.138  5.303  5.295  5.247  5.451  5.384  5.283  5.382  5.431  5.511  5.182  5.247  5.165
6.176  6.105  6.235  5.866  6.347  6.263  5.720  6.161  6.207  6.227  6.170  6.110  6.146  6.116  6.273  5.820  5.568  5.931  6.230  6.103  5.951  5.897  5.966  6.009  5.878  6.100  5.986  6.035  5.609  5.802  5.929  5.749  5.941  6.069  5.909  6.078  6.034  6.149  6.096  6.168  5.844  6.091
4.290  4.277  4.290  4.174  4.209  4.156  4.290  4.127  4.431  4.401  4.234  4.446  4.317  4.605  4.466  4.241  4.078  4.043  4.489  4.511  4.328  4.277  4.290  4.407  4.127  4.248  4.078  4.143  3.976  4.174  4.151  4.174  4.124  4.066  4.220  4.290  4.007  4.202  4.202  4.111  3.932  4.091
5.158  5.004  4.963  5.050  5.236  5.198  4.942  5.187  5.017  5.298  5.081  5.170  5.308  5.027  5.338  4.934  5.037  5.193  5.209  5.081  5.173  5.075  4.970  5.043  5.030  4.934  5.017  4.820  4.787  4.787  4.949  4.956  4.922  4.942  5.061  5.043  5.030  4.997  4.934  4.984  4.942  5.030
4.078  4.301  4.174  4.174  4.159  4.078  4.174  4.108  4.190  4.234  4.220  4.382  4.331  4.274  4.771  4.111  4.143  4.263  4.234  4.205  4.541  4.174  4.220  4.369  4.025  4.025  4.094  3.922  4.060  3.892  4.048  4.025  4.290  4.060  4.094  4.234  4.205  4.143  3.932  4.025  4.078  3.989
6.269  6.076  6.180  6.115  6.142  6.263  6.089  6.184  6.181  6.265  6.240  6.372  6.319  6.229  6.216  6.194  6.118  6.313  6.258  6.242  6.148  6.196  6.133  6.173  6.176  6.153  6.198  6.137  6.011  6.127  6.078  5.986  6.092  6.213  6.133  6.155  6.223  6.059  6.122  6.227  6.036  6.219
5.602  5.572  5.505  5.543  5.472  5.616  5.442  5.613  5.663  5.700  5.576  5.659  5.787  5.617  5.677  5.535  5.557  5.580  5.677  5.708  5.598  5.628  5.613  5.551  5.540  5.509  5.464  5.438  5.342  5.464  5.623  5.505  5.621  5.521  5.501  5.557  5.649  5.553  5.609  5.638  5.485  5.568
6.503  6.385  6.457  6.354  6.447  6.480  6.371  6.399  6.525  6.497  6.488  6.516  6.535  6.430  6.558  6.411  6.401  6.461  6.586  6.557  6.504  6.513  6.425  6.556  6.394  6.504  6.355  6.267  6.240  6.250  6.415  6.291  6.485  6.535  6.506  6.450  6.387  6.446  6.354  6.380  6.417  6.468
6.279  6.261  6.126  6.146  6.146  6.225  6.133  6.209  6.280  6.269  6.330  6.337  6.362  6.266  6.301  6.099  6.256  6.252  6.346  6.422  6.333  6.319  6.184  6.265  6.170  6.246  6.192  6.038  5.948  6.098  6.165  6.118  6.182  6.280  6.282  6.230  6.104  6.226  6.236  6.105  6.178  6.235
5.894  5.364  5.663  5.817  5.892  5.869  5.550  5.866  5.799  5.887  5.731  6.023  5.949  5.814  5.948  5.606  5.509  5.752  5.964  5.802  5.727  5.545  5.517  5.533  5.900  5.850  5.704  5.781  5.323  5.568  5.460  5.330  5.834  5.781  5.596  5.787  5.642  5.825  5.622  5.743  5.756  5.905
5.416  5.130  5.325  5.293  5.278  5.254  5.244  5.387  5.318  5.537  5.297  5.460  5.545  5.444  5.638  5.252  5.278  5.287  5.529  5.375  5.447  5.338  5.236  5.375  5.455  5.416  5.323  5.256  4.956  5.124  5.124  4.959  5.292  5.433  5.328  5.411  5.242  5.375  5.198  5.209  5.204  5.405
