5.096  4.796  5.091  4.898  5.040  5.295  4.997  4.913  5.006  5.032  4.996  5.003  5.159  5.215  5.063  5.146  4.862  5.173  5.142  5.159  5.094  4.934  4.963  5.011  5.100  4.836  4.942  5.156  4.691  4.954  4.898  4.890  4.980  5.027  4.812  5.063  5.050  5.030  4.812  5.136  4.926  5.136
4.741  4.500  4.559  4.554  4.573  4.762  4.754  4.477  4.777  4.511  4.583  4.552  4.852  4.727  4.663  4.718  4.431  4.557  4.700  4.734  4.762  4.605  4.635  4.595  4.710  4.615  4.600  4.554  4.413  4.546  4.404  4.500  4.595  4.647  4.466  4.727  4.644  4.603  4.277  4.575  4.475  4.663
5.926  5.642  5.750  5.657  5.697  5.762  5.814  5.778  5.900  5.814  5.740  5.897  5.861  5.600  5.792  5.710  5.485  5.680  5.981  5.652  5.756  5.642  5.677  5.696  5.740  5.844  5.659  5.589  5.405  5.575  5.557  5.509  5.545  5.778  5.757  5.625  5.684  5.687  5.501  5.673  5.637  5.779
4.734  4.691  4.623  4.546  4.625  4.605  4.663  4.718  4.916  4.835  4.787  4.762  4.745  4.703  4.907  4.820  4.533  4.595  4.727  4.543  4.808  4.635  4.533  4.500  4.575  4.682  4.685  4.304  4.317  4.404  4.466  4.317  4.369  4.635  4.691  4.605  4.543  4.554  4.454  4.605  4.277  4.543
5.953  5.759  5.766  5.684  5.858  5.964  5.820  5.799  5.864  5.940  5.918  5.894  5.951  5.943  5.866  5.756  5.442  5.821  5.844  5.740  5.769  5.583  5.710  5.613  5.489  5.572  5.572  5.488  5.312  5.215  5.581  5.403  5.480  5.775  5.513  5.697  5.790  5.700  5.642  5.768  5.481  5.684
4.234  4.304  4.159  3.989  4.094  4.277  4.190  4.220  4.407  4.277  4.234  4.143  4.407  4.317  4.290  4.241  4.094  4.217  4.277  4.234  4.263  4.304  4.357  4.437  3.850  4.043  4.043  3.892  3.829  3.970  4.151  4.022  3.985  4.108  3.871  4.301  4.246  4.143  4.190  4.111  3.932  4.143
5.892  5.710  5.656  5.553  5.700  5.948  5.765  5.720  5.743  5.917  5.859  5.883  5.814  5.758  5.823  5.686  5.580  5.730  5.826  5.684  5.866  5.628  5.649  5.749  5.553  5.624  5.656  5.645  5.442  5.521  5.654  5.442  5.425  5.634  5.627  5.624  5.932  5.638  5.509  5.568  5.557  5.605
5.063  4.949  5.001  4.905  4.868  5.147  5.017  4.913  5.088  5.153  5.074  5.176  5.056  4.920  5.011  4.920  4.787  4.883  5.124  5.176  5.204  4.942  5.024  4.984  4.771  4.860  4.890  4.862  4.718  4.727  5.045  4.904  4.820  4.796  4.779  5.011  5.030  4.836  4.883  4.883  4.820  4.959
5.680  5.397  5.645  5.434  4.723  5.606  5.680  5.717  5.827  5.677  5.515  5.834  5.697  5.631  5.758  5.602  5.482  5.509  5.855  5.488  5.644  5.606  5.537  5.361  5.591  5.740  5.561  5.352  5.147  5.353  5.204  5.220  5.460  5.704  5.727  5.631  5.537  5.421  5.226  5.598  5.436  5.671
4.111  4.231  4.263  4.143  3.714  4.277  4.419  4.290  4.367  4.290  4.212  4.248  4.533  4.369  4.489  4.357  4.331  4.174  4.431  4.263  4.394  4.277  4.263  4.190  4.159  4.190  4.190  4.007  4.143  4.060  4.078  4.074  3.985  4.220  4.317  4.159  4.078  3.932  4.143  4.025  4.069  4.260
6.172  6.155  6.052  6.051  6.014  6.074  6.172  6.039  6.081  6.259  6.107  6.196  6.122  6.066  6.168  6.074  5.974  6.148  6.140  6.089  6.129  6.138  6.073  6.107  5.940  5.985  5.976  5.985  5.879  5.974  6.100  6.045  5.932  6.105  6.092  6.040  6.033  5.973  5.928  6.009  5.881  6.009
6.225  6.148  6.203  6.114  6.107  6.109  6.244  6.155  6.201  6.295  6.251  6.270  6.229  6.070  6.327  5.930  6.147  6.043  6.146  6.113  6.286  6.258  6.096  6.186  6.011  6.076  5.922  5.916  5.834  5.996  6.109  6.096  6.091  6.114  6.277  5.984  6.001  6.006  5.917  5.880  5.951  6.019
5.149  4.802  5.004  4.934  4.920  4.977  4.812  5.049  4.949  5.176  5.085  5.106  5.182  5.100  5.100  5.069  4.836  5.165  4.949  5.045  4.864  4.889  4.905  4.796  4.913  4.970  4.965  5.147  4.754  4.898  4.875  4.736  4.868  4.982  4.790  4.864  4.823  5.037  4.970  5.081  4.762  5.094
4.234  4.290  4.277  4.190  4.220  4.234  4.127  4.143  4.159  4.174  4.190  4.227  4.238  4.301  4.407  4.159  3.989  4.007  4.156  4.231  4.174  4.143  4.256  4.060  3.989  4.174  3.970  4.025  3.714  3.970  4.078  4.025  4.034  4.025  3.951  4.111  4.143  4.143  4.143  3.932  4.074  4.119
5.598  5.545  5.451  5.569  5.580  5.704  5.509  5.649  5.632  5.700  5.476  5.765  5.728  5.641  5.680  5.460  5.305  5.525  5.886  5.694  5.493  5.537  5.529  5.561  5.641  5.707  5.472  5.417  5.328  5.407  5.425  5.398  5.509  5.594  5.529  5.598  5.501  5.464  5.541  5.587  5.505  5.694
4.699  4.533  4.543  4.477  4.431  4.554  4.454  4.500  4.503  4.564  4.585  4.718  4.700  4.700  4.792  4.407  4.466  4.382  4.543  4.605  4.705  4.673  4.575  4.552  4.500  4.635  4.380  4.288  4.317  4.290  4.367  4.190  4.394  4.578  4.357  4.525  4.382  4.419  4.234  4.290  4.315  4.407
5.347  5.365  5.209  5.220  5.347  5.460  5.251  5.398  5.273  5.472  5.404  5.421  5.580  5.472  5.541  5.384  5.004  5.489  5.370  5.263  5.288  5.219  5.288  5.308  5.153  5.257  5.325  5.203  4.944  5.124  5.318  4.997  5.135  5.323  5.182  5.313  5.330  5.357  5.308  5.342  5.198  5.463
4.220  4.227  4.290  4.078  3.871  3.989  4.094  3.932  4.317  4.159  4.197  4.078  4.331  4.317  4.263  4.034  3.892  4.290  4.337  4.022  4.159  4.043  4.419  4.043  4.060  4.288  3.985  3.912  3.932  3.932  3.989  4.078  4.205  4.025  4.060  4.234  3.970  4.127  4.234  4.025  3.932  4.048
5.857  5.656  5.778  5.784  5.823  5.835  5.624  5.754  5.776  5.876  5.765  5.796  5.738  5.680  5.787  5.727  5.670  5.771  5.855  5.894  5.762  5.680  5.741  5.771  5.631  5.704  5.695  5.617  5.328  5.608  5.677  5.541  5.690  5.775  5.709  5.796  5.707  5.678  5.700  5.765  5.565  5.707
5.226  5.004  5.043  5.236  5.075  5.050  4.860  5.170  5.004  5.068  5.198  5.056  5.069  4.984  5.178  5.050  4.836  5.295  5.147  5.334  5.088  4.934  4.896  5.088  5.102  4.913  4.966  4.905  4.727  4.745  4.989  4.714  5.130  5.136  4.854  4.956  4.736  4.986  5.034  5.215  4.984  4.984
5.509  5.278  5.447  5.390  5.509  5.442  5.273  5.464  5.422  5.489  5.468  5.561  5.481  5.384  5.433  5.378  5.204  5.513  5.493  5.431  5.431  5.375  5.366  5.384  5.421  5.439  5.360  5.291  5.159  5.252  5.209  5.069  5.257  5.429  5.389  5.367  5.407  5.476  5.342  5.347  5.283  5.513
4.595  4.575  4.710  4.615  4.595  4.635  4.615  4.682  4.595  4.736  4.682  4.700  4.760  4.727  4.836  4.625  4.628  4.625  4.663  4.754  4.727  4.673  4.580  4.700  4.625  4.564  4.625  4.595  4.434  4.394  4.477  4.500  4.700  4.708  4.680  4.673  4.580  4.640  4.595  4.357  4.554  4.625
