8.345  8.317  8.220  8.176  8.325  8.396  8.446  8.335  8.456  8.550  8.439  8.442  8.516  8.456  8.411  8.428  8.250  8.315  8.489  8.205  8.350  8.342  8.410  8.311  8.424  8.463  8.387  8.308  8.210  8.320  8.341  8.179  8.219  8.462  8.451  8.402  8.399  8.235  8.220  8.270  8.228  8.284
6.673  6.880  6.662  6.608  6.636  6.938  7.039  6.818  7.031  6.980  6.936  6.930  7.085  6.946  7.049  6.874  6.808  6.658  6.955  6.648  6.957  6.906  6.953  6.993  6.854  6.914  6.880  6.645  6.681  6.779  6.748  6.646  6.645  7.015  6.950  6.893  6.854  6.461  6.516  6.614  6.640  6.629
8.091  7.847  7.820  7.651  8.033  8.089  7.869  8.000  7.983  8.142  8.085  8.123  7.626  8.119  8.039  8.043  7.512  8.120  8.026  7.874  7.769  7.741  7.991  7.873  7.787  7.971  7.984  8.071  7.714  7.823  8.051  7.541  7.731  7.898  7.819  7.955  8.010  8.056  8.049  8.027  7.715  7.926
5.903  5.866  5.481  5.517  5.849  5.991  5.756  5.799  5.974  5.991  5.930  5.969  5.030  6.103  6.054  6.089  5.421  5.814  5.948  5.718  5.811  5.566  5.945  5.905  5.650  5.929  5.865  5.849  5.591  5.811  5.943  5.412  5.609  5.762  5.659  5.908  5.943  5.911  5.852  5.793  5.537  5.707
8.365  8.175  8.260  8.155  8.335  8.381  8.304  8.344  8.343  8.493  8.478  8.447  8.413  8.420  8.438  8.301  8.172  8.372  8.388  8.215  8.333  8.231  8.289  8.183  8.347  8.395  8.321  8.383  8.161  8.214  8.317  8.130  8.144  8.381  8.316  8.346  8.387  8.354  8.349  8.373  8.224  8.294
7.013  7.074  6.763  6.854  6.888  7.039  7.183  6.944  7.168  7.199  7.129  7.080  7.243  7.183  7.233  7.062  6.978  6.970  7.103  6.736  7.173  7.080  7.162  7.061  7.096  7.144  7.075  7.037  6.888  6.957  7.092  6.878  6.731  7.153  7.077  7.162  7.124  7.016  6.926  6.968  6.869  6.936
8.442  8.295  8.289  8.116  8.342  8.426  8.256  8.361  8.378  8.543  8.378  8.454  8.503  8.525  8.466  8.421  8.030  8.509  8.392  8.339  8.200  8.140  8.380  8.316  8.275  8.359  8.316  8.486  8.181  8.195  8.414  8.009  8.209  8.355  8.232  8.338  8.373  8.497  8.440  8.505  8.245  8.373
7.223  7.246  7.016  6.797  7.114  7.215  7.179  7.113  7.295  7.397  6.997  7.226  7.436  7.415  7.375  7.306  6.899  7.307  7.178  7.014  7.088  7.059  7.327  7.338  7.044  7.157  7.196  7.207  7.028  7.101  7.364  6.829  6.861  7.157  7.060  7.281  7.302  7.159  7.128  7.244  6.971  7.061
8.352  8.185  8.185  8.130  8.268  8.239  8.112  8.183  8.172  8.337  8.296  8.265  8.329  8.267  8.252  8.211  7.978  8.327  8.222  8.150  8.069  8.127  8.201  8.201  8.071  8.140  8.188  8.291  8.073  8.088  8.241  7.960  8.027  8.146  8.045  8.179  8.242  8.246  8.174  8.285  7.964  8.135
7.026  6.774  6.849  6.821  6.957  6.910  6.771  6.865  6.847  7.022  6.970  6.972  6.997  6.943  6.959  6.836  6.542  6.959  6.858  6.843  6.752  6.800  6.822  6.825  6.700  6.712  6.838  6.837  6.592  6.667  6.786  6.452  6.653  6.713  6.555  6.749  6.775  6.843  6.788  6.847  6.571  6.792
8.238  8.256  8.155  7.678  8.263  8.353  8.190  8.226  8.287  8.284  8.211  8.305  8.399  8.438  8.373  8.306  8.028  8.276  8.287  8.185  8.192  8.190  8.319  8.265  8.223  8.260  8.292  8.340  8.015  8.159  8.346  8.031  7.998  8.313  8.194  8.297  8.342  8.185  8.129  8.328  8.104  8.185
6.682  7.119  6.608  5.945  6.690  6.873  6.890  6.763  6.888  6.744  6.650  6.830  7.066  7.098  7.035  7.003  6.774  6.832  6.833  6.624  6.972  7.027  7.200  7.197  6.838  6.841  6.966  6.802  6.719  6.828  7.116  6.886  6.455  6.895  6.879  7.045  7.057  6.669  6.571  6.746  6.504  6.593
8.669  8.464  8.650  8.590  8.698  8.676  8.530  8.685  8.660  8.648  8.627  8.691  8.682  8.628  8.702  8.552  8.358  8.646  8.739  8.628  8.489  8.484  8.523  8.459  8.659  8.703  8.571  8.648  8.423  8.454  8.513  8.438  8.567  8.656  8.557  8.583  8.581  8.719  8.568  8.662  8.552  8.659
7.978  7.671  7.938  8.008  8.048  8.048  7.888  8.016  7.926  8.089  7.935  8.078  8.069  7.951  8.093  7.831  7.784  7.875  8.112  7.987  7.916  7.834  7.776  7.780  8.018  8.059  7.823  7.852  7.654  7.655  7.698  7.758  7.940  8.027  7.924  7.915  7.883  8.039  7.856  7.910  7.908  7.894
7.058  6.813  6.937  6.897  7.034  7.146  6.918  6.981  7.098  7.020  7.045  7.088  7.128  6.974  7.214  6.919  6.758  7.027  7.117  6.868  6.931  6.968  6.989  6.939  6.906  6.989  6.928  6.957  6.659  6.746  6.790  6.727  6.846  7.029  6.883  7.024  6.964  7.003  6.940  7.068  6.842  6.954
5.940  5.787  5.878  6.073  5.969  6.021  5.900  5.961  6.117  6.016  5.840  6.154  6.021  6.129  6.223  5.762  5.869  5.733  6.185  6.052  6.150  5.991  5.780  5.875  6.078  6.230  5.926  5.760  5.725  5.673  5.714  5.706  5.905  6.120  6.006  6.014  5.935  5.958  5.842  5.626  5.869  5.876
8.258  8.233  8.158  8.051  8.309  8.356  8.202  8.251  8.251  8.334  8.380  8.293  8.369  8.414  8.329  8.349  8.055  8.383  8.235  8.130  8.128  8.103  8.259  8.269  8.154  8.209  8.294  8.349  8.156  8.214  8.353  8.053  8.078  8.271  8.162  8.250  8.254  8.306  8.295  8.345  8.065  8.153
7.514  7.638  7.351  7.331  7.523  7.631  7.599  7.494  7.534  7.555  7.647  7.561  7.705  7.745  7.724  7.690  7.501  7.579  7.477  7.357  7.517  7.582  7.683  7.766  7.448  7.575  7.729  7.668  7.616  7.656  7.741  7.435  7.383  7.628  7.604  7.643  7.691  7.602  7.544  7.611  7.359  7.350
7.405  7.376  7.239  6.994  7.356  7.332  7.277  7.383  7.452  7.528  7.427  7.398  7.489  7.483  7.536  7.348  7.073  7.340  7.296  7.160  7.172  7.287  7.339  7.447  7.137  7.191  7.398  7.340  7.111  7.255  7.236  6.869  6.997  7.309  7.226  7.358  7.258  7.296  7.185  7.277  7.012  7.124
5.835  6.125  5.620  5.595  5.811  5.900  6.057  5.778  6.073  6.100  5.996  5.886  5.956  6.084  6.146  5.940  5.811  5.792  5.754  5.468  5.908  5.900  6.003  6.207  5.638  5.739  5.994  5.855  5.749  5.838  5.730  5.442  5.417  5.808  5.849  5.883  5.894  5.652  5.662  5.700  5.464  5.642
7.474  7.150  7.393  7.382  7.463  7.519  7.310  7.470  7.441  7.591  7.541  7.516  7.560  7.503  7.577  7.314  7.172  7.504  7.529  7.424  7.330  7.191  7.349  7.261  7.431  7.497  7.341  7.453  7.144  7.234  7.243  7.125  7.405  7.398  7.340  7.446  7.336  7.491  7.401  7.454  7.389  7.438
5.889  5.747  5.720  5.857  5.896  5.961  5.737  5.793  5.870  5.971  6.040  5.964  6.157  6.031  6.051  5.911  5.592  5.924  5.878  5.833  5.864  5.756  5.878  5.899  5.771  5.939  5.864  5.887  5.633  5.737  5.844  5.586  5.710  5.808  5.743  5.920  5.855  5.886  5.919  5.905  5.711  5.767
