5.862  5.606  5.740  5.684  5.575  5.707  5.728  5.741  5.700  5.749  5.665  5.721  5.814  5.775  5.838  5.755  5.529  5.743  5.733  5.753  5.780  5.587  5.670  5.635  5.513  5.447  5.533  5.557  5.409  5.549  5.568  5.529  5.562  5.583  5.540  5.656  5.645  5.758  5.591  5.574  5.493  5.710
5.349  5.037  5.209  5.268  5.118  5.338  5.298  5.226  5.269  5.442  5.204  5.298  5.347  5.222  5.391  5.220  5.050  5.182  5.402  5.246  5.285  5.263  5.242  5.263  5.056  5.042  5.169  5.075  5.069  5.120  5.063  5.088  5.112  5.100  5.150  5.220  5.342  5.241  5.182  5.219  4.942  5.252
5.864  5.663  5.649  5.727  5.771  5.796  5.649  5.669  5.737  5.891  5.810  5.796  5.746  5.846  5.813  5.790  5.459  5.742  5.736  5.677  5.666  5.525  5.717  5.661  5.561  5.613  5.545  5.595  5.489  5.527  5.620  5.505  5.505  5.617  5.495  5.663  5.707  5.642  5.652  5.771  5.573  5.666
6.052  5.878  5.937  5.951  6.011  5.964  6.023  5.897  5.999  6.059  6.098  6.066  6.073  5.981  6.094  5.826  5.808  5.964  5.930  5.945  6.057  5.916  5.823  6.011  5.791  5.700  5.749  5.757  5.720  5.652  5.862  5.652  5.707  5.887  5.799  5.840  5.922  5.900  5.948  5.838  5.805  5.846
4.205  4.007  4.127  3.942  4.190  4.344  3.989  4.127  4.263  4.277  4.159  4.190  4.205  4.179  4.407  4.205  3.951  4.086  4.190  4.094  4.260  4.043  4.086  4.111  4.060  4.007  4.004  3.908  3.989  4.043  3.998  4.220  3.989  3.967  4.143  4.004  4.086  4.074  3.912  3.970  3.912  4.159
4.174  4.143  4.043  3.989  4.290  4.248  4.094  4.111  4.043  4.127  4.159  4.174  4.205  4.174  4.290  4.060  4.025  3.989  4.190  4.127  4.246  4.159  4.248  4.246  4.159  3.850  3.970  4.025  3.912  4.078  3.989  3.989  3.989  3.932  4.078  4.043  4.078  4.025  4.205  3.932  3.942  3.989
5.549  5.416  5.375  5.366  5.442  5.451  5.380  5.371  5.451  5.600  5.451  5.466  5.493  5.417  5.422  5.338  5.185  5.451  5.525  5.398  5.481  5.416  5.438  5.368  5.398  5.342  5.247  5.303  5.055  5.313  5.375  5.288  5.328  5.349  5.352  5.176  5.412  5.360  5.371  5.434  4.997  5.252
4.595  4.388  4.394  4.380  4.394  4.431  4.503  4.454  4.762  4.623  4.317  4.477  4.511  4.533  4.673  4.543  4.357  4.394  4.477  4.554  4.585  4.477  4.500  4.392  4.331  4.369  4.419  4.331  4.143  4.248  4.220  4.304  4.331  4.500  4.443  4.477  4.392  4.290  4.234  4.304  4.174  4.369
5.472  5.357  5.380  5.347  5.302  5.395  5.400  5.545  5.568  5.621  5.497  5.622  5.642  5.533  5.620  5.328  5.442  5.515  5.580  5.474  5.451  5.352  5.468  5.313  5.360  5.318  5.357  5.394  5.273  5.338  5.394  5.308  5.455  5.485  5.451  5.339  5.375  5.428  5.361  5.351  5.352  5.424
5.349  5.352  5.421  5.438  5.290  5.342  5.349  5.278  5.384  5.553  5.525  5.539  5.549  5.501  5.587  5.375  5.268  5.328  5.407  5.450  5.425  5.288  5.347  5.394  5.217  5.106  5.236  5.268  5.081  5.198  5.293  5.138  5.366  5.345  5.231  5.380  5.235  5.316  5.308  5.182  5.236  5.434
6.344  6.014  6.178  6.251  6.178  6.069  6.052  6.192  6.155  6.347  6.243  6.218  6.299  6.140  6.211  6.005  6.094  6.084  6.204  6.288  6.096  6.168  6.114  6.105  6.059  6.161  6.014  6.068  6.004  5.940  6.075  6.011  6.083  6.059  6.111  6.047  5.999  6.138  6.118  6.057  6.037  6.118
5.247  5.094  5.106  5.117  5.118  5.140  5.023  5.139  5.209  5.273  5.170  5.159  5.220  5.106  5.278  5.063  5.063  4.952  5.257  5.303  5.215  5.069  5.100  5.231  5.024  5.182  4.970  4.977  4.920  4.949  5.004  5.003  5.086  5.147  5.064  5.011  4.913  5.024  4.996  4.997  4.997  5.056
5.176  5.016  5.075  4.956  5.147  5.142  5.049  4.968  4.963  5.009  5.036  5.218  5.170  5.117  5.268  5.030  4.942  5.081  5.226  5.136  5.118  5.043  5.016  4.990  5.037  5.069  5.004  5.024  4.741  4.828  5.004  4.820  4.875  5.030  4.956  4.927  5.050  5.068  5.050  4.965  4.875  5.037
4.663  4.605  4.625  4.663  4.663  4.585  4.673  4.562  4.533  4.578  4.769  4.758  4.879  4.754  4.860  4.575  4.373  4.605  4.718  4.736  4.682  4.718  4.608  4.605  4.419  4.407  4.575  4.205  4.263  4.357  4.554  4.533  4.543  4.530  4.452  4.522  4.489  4.736  4.736  4.662  4.533  4.533
4.942  4.820  5.004  4.663  5.050  4.956  4.766  4.933  4.905  4.881  4.868  4.926  5.088  5.050  4.927  4.769  4.543  4.831  4.963  4.844  4.775  4.717  4.796  4.723  4.477  4.654  4.762  4.663  4.431  4.511  4.717  4.392  4.710  4.783  4.564  4.682  4.644  4.832  4.736  4.934  4.615  4.754
3.638  3.584  3.689  3.611  3.555  3.738  3.611  3.584  3.638  3.701  3.367  3.497  3.761  3.761  3.829  3.611  3.664  3.550  3.520  3.818  3.807  3.676  3.664  3.714  3.584  3.658  3.605  3.584  3.332  3.526  3.434  3.605  3.597  3.466  3.459  3.611  3.611  3.550  3.638  3.332  3.332  3.555
5.215  5.088  5.142  4.787  5.231  5.187  4.871  5.094  5.193  5.288  5.250  5.298  5.242  5.257  5.298  5.106  4.913  5.236  5.252  5.204  5.130  4.984  5.130  5.152  4.990  5.115  5.075  5.078  4.866  4.898  5.118  5.043  4.883  5.085  4.970  5.037  5.037  5.204  5.103  5.106  4.890  5.130
4.290  4.317  4.263  4.143  4.407  4.380  4.066  4.382  4.376  4.394  4.401  4.304  4.431  4.277  4.437  4.344  4.159  4.288  4.431  4.382  4.369  4.174  4.344  4.357  4.263  4.190  4.143  4.217  3.989  4.074  4.344  4.248  4.205  4.234  4.220  4.304  4.174  4.431  4.431  4.331  4.159  4.159
5.153  5.056  5.228  5.242  5.286  5.193  5.112  5.193  5.359  5.434  5.252  5.260  5.333  5.283  5.487  5.263  4.989  5.371  5.328  5.295  5.318  5.176  5.206  5.209  5.201  5.037  5.170  5.136  4.982  5.029  5.176  4.990  5.193  5.024  5.063  5.147  5.129  5.182  5.069  5.100  5.037  5.024
4.929  4.898  4.828  4.844  4.858  4.911  4.883  4.766  4.866  4.984  4.949  4.868  5.081  5.024  5.050  4.984  4.836  4.905  4.934  5.152  4.970  4.890  5.088  5.024  4.820  4.718  4.779  4.836  4.633  4.754  4.844  4.682  4.868  4.710  4.913  4.796  4.812  4.836  4.779  4.736  4.717  4.820
6.326  6.035  6.244  6.289  6.292  6.182  6.059  6.254  6.172  6.261  6.288  6.114  6.232  6.198  6.295  6.116  6.033  6.281  6.277  6.345  6.209  6.098  6.092  6.122  6.063  5.990  6.009  6.197  5.935  5.986  6.064  6.186  6.245  6.145  6.178  6.254  5.994  6.387  6.256  6.205  6.076  6.111
6.768  6.579  6.772  6.843  6.763  6.765  6.613  6.712  6.780  6.847  6.791  6.817  6.835  6.828  6.892  6.688  6.579  6.738  6.819  6.857  6.777  6.706  6.648  6.759  6.668  6.623  6.677  6.661  6.394  6.579  6.764  6.705  6.819  6.658  6.772  6.762  6.572  6.946  6.837  6.688  6.638  6.743
