7.090  6.937  7.020  6.954  7.060  7.088  7.039  7.080  7.042  7.118  7.036  7.132  7.103  7.015  7.080  6.964  6.896  7.033  7.070  6.917  7.035  6.924  6.960  6.938  7.043  7.009  6.928  6.922  6.893  6.919  6.987  6.926  6.911  7.049  6.978  6.966  7.038  6.992  6.895  6.959  6.829  7.006
5.758  5.656  5.647  5.614  5.720  5.778  5.730  5.759  5.735  5.924  5.677  5.832  5.875  5.724  5.818  5.663  5.595  5.717  5.768  5.642  5.745  5.738  5.620  5.658  5.576  5.652  5.644  5.596  5.481  5.549  5.591  5.485  5.472  5.744  5.730  5.704  5.756  5.553  5.580  5.579  5.382  5.579
7.082  6.750  6.942  6.746  6.999  7.061  6.612  6.893  6.787  7.123  7.012  7.024  7.037  6.993  7.039  6.849  6.471  6.988  6.900  6.877  6.592  6.504  6.711  6.763  6.551  6.718  6.778  6.846  6.500  6.509  6.748  6.312  6.652  6.721  6.604  6.846  6.758  6.960  6.865  6.960  6.616  6.811
5.238  5.112  5.094  5.045  5.230  5.182  4.940  5.014  5.075  5.405  5.307  5.263  5.349  5.278  5.308  5.017  4.796  5.252  5.081  5.106  4.820  4.875  5.096  5.063  4.754  4.987  5.050  5.030  4.710  4.710  4.852  4.382  4.718  4.858  4.754  4.997  4.870  5.097  4.963  5.142  4.644  5.124
6.399  6.186  6.270  6.215  6.465  6.458  6.023  6.408  6.194  6.209  6.321  6.450  6.475  6.435  6.489  6.258  5.781  6.468  6.421  6.277  6.050  6.068  6.217  6.222  6.059  6.196  6.213  6.273  5.883  5.919  6.140  6.006  6.150  6.171  6.073  6.174  6.207  6.509  6.391  6.392  6.087  6.185
5.283  5.004  5.321  5.342  5.357  5.231  5.056  5.201  5.059  5.037  5.176  5.308  5.375  5.278  5.418  5.063  5.118  5.342  5.425  5.323  5.342  5.014  5.170  5.139  4.963  4.997  4.920  4.956  4.794  4.756  5.037  5.042  5.257  5.136  5.037  5.135  4.997  5.273  5.257  5.182  4.956  5.064
6.540  6.198  6.380  6.201  6.467  6.498  6.165  6.410  6.383  6.581  6.499  6.596  6.682  6.510  6.459  6.301  5.984  6.484  6.458  6.526  6.043  6.014  6.230  6.201  6.297  6.466  6.370  6.452  6.217  6.148  6.288  5.852  6.232  6.277  6.114  6.361  6.136  6.358  6.399  6.406  6.121  6.416
4.806  4.554  4.625  4.635  4.954  4.585  4.595  4.736  4.868  4.745  4.916  4.796  4.990  4.890  4.868  4.635  4.533  4.727  4.868  4.911  4.745  4.585  4.836  4.745  4.654  4.802  4.663  4.752  4.419  4.477  4.625  4.419  4.703  4.605  4.554  4.745  4.344  4.466  4.673  4.564  4.608  4.613
6.057  5.855  5.989  6.006  6.021  6.016  5.864  5.974  6.031  6.050  5.937  6.043  6.052  6.009  6.081  5.872  5.835  6.080  6.009  5.961  6.035  5.930  5.919  6.011  5.804  5.894  5.872  5.868  5.687  5.790  5.828  5.826  6.023  5.894  5.974  5.908  5.903  5.869  5.994  5.887  5.876  6.043
5.182  5.242  5.175  5.231  5.029  5.056  5.176  5.069  5.085  5.204  5.195  5.231  5.226  5.165  5.197  4.970  5.106  5.147  5.136  5.293  5.153  5.173  5.288  5.273  5.091  5.100  5.017  4.905  4.828  5.112  4.994  4.990  5.106  5.198  5.130  5.159  4.927  4.977  5.056  4.887  4.982  5.136
6.945  6.752  6.796  6.805  6.955  6.963  6.769  6.757  6.758  6.949  6.907  6.970  6.925  6.880  6.962  6.813  6.592  7.013  6.898  6.841  6.790  6.692  6.762  6.701  6.681  6.866  6.757  6.799  6.585  6.701  6.725  6.597  6.704  6.783  6.717  6.752  6.746  6.851  6.790  6.926  6.634  6.803
6.258  6.217  6.155  6.217  6.290  6.256  6.144  6.148  6.153  6.217  6.238  6.332  6.324  6.297  6.384  6.136  6.040  6.293  6.293  6.201  6.280  6.105  6.137  6.223  6.033  6.168  6.155  6.117  5.960  6.040  6.080  5.978  6.131  6.129  6.150  6.172  6.168  6.211  6.211  6.227  5.945  6.133
6.795  6.594  6.739  6.719  6.795  6.729  6.475  6.659  6.571  6.779  6.848  6.802  6.785  6.715  6.744  6.622  6.468  6.828  6.726  6.714  6.574  6.597  6.627  6.655  6.545  6.723  6.605  6.666  6.482  6.458  6.597  6.356  6.650  6.598  6.506  6.617  6.564  6.765  6.725  6.668  6.465  6.676
5.817  5.771  5.842  5.894  5.835  5.829  5.704  5.740  5.704  5.919  5.894  5.820  5.934  5.910  5.872  5.728  5.624  5.790  5.832  5.951  5.820  5.694  5.774  5.759  5.645  5.720  5.710  5.644  5.521  5.607  5.649  5.525  5.783  5.714  5.664  5.766  5.673  5.860  5.733  5.760  5.642  5.741
7.351  7.217  7.301  7.313  7.346  7.345  7.113  7.228  7.235  7.334  7.299  7.334  7.329  7.311  7.371  7.183  7.025  7.371  7.335  7.294  7.151  7.113  7.185  7.264  7.200  7.191  7.181  7.233  6.928  7.032  7.167  7.037  7.246  7.179  7.067  7.160  7.175  7.352  7.300  7.341  7.072  7.216
6.412  6.340  6.178  6.333  6.359  6.422  6.203  6.220  6.297  6.420  6.572  6.438  6.449  6.411  6.541  6.223  6.192  6.387  6.452  6.428  6.340  6.286  6.364  6.444  6.178  6.170  6.232  6.155  6.021  6.026  6.184  6.107  6.292  6.230  6.246  6.326  6.244  6.394  6.433  6.380  6.073  6.198
7.090  6.972  7.030  7.112  7.106  7.066  6.964  7.065  7.083  7.031  7.012  7.073  7.119  7.034  7.101  6.949  6.906  7.026  7.159  7.089  6.997  6.981  6.974  7.033  7.105  7.041  6.970  7.032  6.855  6.927  6.952  6.881  7.050  7.059  7.048  7.063  7.038  7.102  6.987  7.054  7.027  7.069
5.257  5.170  5.053  5.193  5.147  5.037  4.942  4.990  4.990  5.037  5.075  5.140  5.244  5.159  5.198  5.056  5.036  5.024  5.204  5.182  5.249  4.956  5.130  5.017  5.100  5.165  5.047  4.980  4.890  4.963  5.158  5.075  4.984  4.984  5.050  5.074  5.080  5.242  5.124  4.875  5.004  5.063
6.568  6.194  6.611  6.532  6.641  6.531  6.262  6.604  6.446  6.561  6.387  6.695  6.588  6.409  6.567  6.307  6.140  6.503  6.617  6.555  6.283  6.165  6.308  6.250  6.330  6.510  6.337  6.356  6.040  6.205  6.213  6.095  6.480  6.426  6.356  6.438  6.346  6.568  6.297  6.475  6.444  6.558
5.484  5.050  5.460  5.357  5.559  5.645  5.270  5.421  5.313  5.535  5.454  5.572  5.561  5.398  5.561  5.223  5.215  5.338  5.476  5.553  5.275  5.147  5.142  5.342  5.328  5.416  5.247  5.165  5.081  5.165  5.164  5.123  5.278  5.298  5.173  5.442  5.333  5.561  5.182  5.403  5.204  5.493
6.145  5.805  6.068  5.932  6.096  6.084  5.858  6.059  6.089  6.157  6.052  6.211  6.165  6.114  6.068  5.846  5.781  6.194  6.130  6.109  5.928  5.740  5.897  5.883  5.961  6.142  5.886  6.118  5.654  5.846  5.781  5.694  5.964  6.023  5.849  5.997  5.973  6.004  5.961  6.057  5.976  6.084
4.898  4.754  4.836  4.718  4.949  4.949  4.812  4.828  4.868  5.124  4.927  4.905  5.170  5.069  5.069  4.905  4.699  4.942  4.816  4.898  4.942  4.836  4.883  4.844  4.883  5.011  4.920  4.954  4.654  4.585  4.762  4.573  4.690  4.844  4.875  4.972  4.802  4.848  4.710  4.771  4.682  4.831
