3.970  3.892  4.127  3.871  3.850  4.007  3.951  4.007  4.060  3.989  3.584  4.060  3.912  3.892  4.004  4.111  3.951  3.951  4.263  4.190  4.143  4.074  4.025  4.078  3.989  3.871  3.970  4.078  3.773  3.689  3.989  4.004  4.174  3.932  4.190  3.951  4.074  4.060  3.846  3.892  4.043  3.871
3.780  3.466  3.555  3.651  3.784  3.738  3.611  3.738  3.784  3.714  3.497  3.689  3.761  3.714  3.951  3.738  3.733  3.584  3.951  3.784  3.784  3.733  3.638  3.714  3.526  3.664  3.555  3.632  3.367  3.611  3.664  3.664  3.738  3.664  3.401  3.526  3.664  3.611  3.638  3.526  3.714  3.584
3.829  3.892  3.829  3.761  3.761  3.850  3.912  3.829  4.007  4.025  3.738  3.989  4.078  4.007  4.004  4.022  3.714  3.922  4.111  3.970  4.174  3.912  3.970  3.951  3.807  3.932  3.784  3.761  3.611  3.807  3.912  3.908  3.892  3.850  3.784  3.871  3.773  3.807  3.867  3.757  3.780  3.932
4.317  4.263  4.094  4.174  4.290  4.217  4.159  4.174  4.220  4.304  4.190  4.317  4.159  4.344  4.357  4.174  4.007  4.127  4.220  4.263  4.263  4.331  4.205  4.205  4.111  4.127  4.140  4.078  4.140  4.220  4.217  4.066  4.060  4.043  4.060  4.205  4.004  4.190  4.060  3.989  4.025  4.078
3.624  3.664  3.689  3.638  3.611  3.664  3.664  3.624  3.611  3.638  3.401  3.871  3.696  3.818  3.829  3.584  3.701  3.664  3.761  3.761  3.829  3.784  3.738  3.829  3.733  3.664  3.632  3.714  3.497  3.638  3.520  3.611  3.738  3.664  3.584  3.664  3.638  3.738  3.645  3.584  3.497  3.638
4.205  4.043  4.094  4.031  4.078  4.025  4.205  4.248  4.220  4.205  4.094  4.143  4.159  4.007  4.174  4.111  3.989  4.124  3.989  4.205  4.231  4.111  4.060  4.156  3.970  4.060  3.957  3.951  3.892  3.970  4.094  3.970  3.985  4.127  3.985  4.060  4.040  3.989  4.007  4.043  3.951  3.989
5.595  5.398  5.521  5.545  5.425  5.487  5.434  5.561  5.459  5.517  5.474  5.537  5.537  5.459  5.505  5.375  5.303  5.366  5.485  5.455  5.472  5.366  5.378  5.323  5.295  5.204  5.112  5.295  5.034  5.153  5.468  5.323  5.320  5.283  5.352  5.361  5.417  5.468  5.283  5.379  5.204  5.409
6.452  6.209  6.263  6.242  6.208  6.247  6.273  6.323  6.250  6.407  6.450  6.361  6.351  6.244  6.340  6.213  6.026  6.202  6.260  6.182  6.304  6.133  6.094  6.207  6.061  6.080  6.059  6.066  5.883  5.935  6.168  6.043  6.049  6.146  6.063  6.121  6.194  6.118  6.180  6.050  6.035  6.228
5.112  4.990  5.094  5.006  5.034  5.042  4.973  5.050  4.970  5.140  4.811  5.124  5.040  5.021  5.085  4.852  4.926  5.118  5.118  5.183  5.081  4.812  5.040  4.977  4.898  4.924  4.947  4.915  4.700  4.779  4.977  4.850  5.027  4.779  4.856  4.963  5.004  5.193  4.920  4.819  4.804  4.937
4.700  4.700  4.779  4.663  4.680  4.739  4.564  4.654  4.509  4.796  4.466  4.745  4.771  4.654  4.762  4.623  4.500  4.642  4.796  4.732  4.745  4.533  4.588  4.595  4.486  4.533  4.489  4.466  4.489  4.466  4.625  4.543  4.543  4.635  4.489  4.585  4.511  4.682  4.723  4.557  4.514  4.605
4.564  4.533  4.522  4.460  4.270  4.477  4.567  4.454  4.443  4.543  4.564  4.522  4.511  4.500  4.498  4.317  4.220  4.443  4.533  4.477  4.317  4.489  4.407  4.363  4.386  4.344  4.443  4.263  4.194  4.295  4.392  4.304  4.197  4.331  4.304  4.301  4.248  4.443  4.472  4.308  4.290  4.202
4.357  4.301  4.357  4.304  4.205  4.290  4.475  4.331  4.475  4.500  4.357  4.382  4.419  4.428  4.489  4.431  4.369  4.248  4.344  4.317  4.331  4.248  4.382  4.394  4.315  4.159  4.357  4.127  4.007  4.277  4.308  4.174  4.111  4.344  4.220  4.369  4.174  4.263  4.190  4.171  4.094  4.190
4.489  4.234  4.419  4.284  4.394  4.174  4.331  4.419  4.277  4.380  4.440  4.530  4.522  4.475  4.505  4.443  4.263  4.304  4.511  4.407  4.428  4.357  4.348  4.500  4.263  4.190  4.159  4.127  4.043  4.094  4.263  4.284  4.301  4.190  4.248  4.369  4.304  4.386  4.234  4.290  4.248  4.304
5.670  5.493  5.533  5.624  5.687  5.619  5.572  5.582  5.583  5.728  5.684  5.717  5.746  5.628  5.681  5.493  5.451  5.549  5.587  5.581  5.675  5.574  5.481  5.587  5.429  5.438  5.460  5.393  5.212  5.296  5.451  5.357  5.429  5.509  5.490  5.602  5.460  5.497  5.501  5.464  5.379  5.501
4.419  4.431  4.248  4.516  4.583  4.431  4.288  4.248  4.407  4.541  4.248  4.489  4.511  4.454  4.635  4.357  4.277  4.344  4.464  4.434  4.394  4.369  4.394  4.443  4.025  4.317  4.344  4.111  4.004  4.108  4.425  4.290  4.217  4.238  4.301  4.431  4.357  4.344  4.554  4.454  4.234  4.369
4.500  4.486  4.304  4.583  4.511  4.477  4.367  4.419  4.590  4.673  4.552  4.654  4.736  4.575  4.635  4.575  4.382  4.419  4.460  4.440  4.554  4.522  4.564  4.522  4.263  4.290  4.277  4.369  4.057  4.205  4.431  4.361  4.380  4.394  4.431  4.369  4.382  4.419  4.394  4.290  4.413  4.419
4.074  3.807  3.970  3.664  4.078  4.025  4.111  3.912  3.989  3.932  4.078  3.989  3.989  4.069  4.143  3.871  3.912  3.932  4.007  4.025  4.025  4.060  4.043  3.980  3.850  3.829  3.912  3.738  3.807  3.932  3.912  3.912  3.989  3.784  3.807  3.871  3.871  3.784  3.871  3.768  3.892  3.877
3.733  3.658  3.970  3.638  3.829  3.829  4.025  3.867  3.829  4.007  3.829  3.829  3.871  4.143  3.867  3.689  3.892  3.850  4.078  3.970  4.043  3.738  3.664  4.091  3.738  3.714  3.932  3.970  3.784  3.871  3.638  3.829  3.738  3.738  3.932  3.846  3.584  3.689  3.497  3.689  3.784  3.761
3.638  3.611  3.807  3.584  3.824  3.664  3.611  3.835  3.761  3.738  3.526  3.912  3.850  3.689  3.970  3.807  3.638  3.584  3.829  3.714  3.829  3.584  3.726  3.761  3.611  3.638  3.684  3.951  3.550  3.714  3.466  3.584  3.761  3.526  3.584  3.714  3.658  3.526  3.401  3.676  3.497  3.664
3.664  3.689  3.638  3.584  3.605  3.584  3.434  3.466  3.497  3.578  3.434  3.611  3.611  3.584  3.829  3.550  3.611  3.555  3.784  3.664  3.738  3.584  3.550  3.689  3.611  3.578  3.584  3.497  3.401  3.497  3.466  3.490  3.757  3.555  3.520  3.714  3.401  3.497  3.434  3.450  3.459  3.526
3.892  3.970  3.850  4.013  3.951  3.912  3.998  3.892  4.078  4.159  3.892  3.957  4.148  4.143  4.111  3.871  3.846  3.912  4.248  4.159  4.111  3.989  3.932  4.217  3.912  3.829  3.892  3.932  4.060  3.784  3.726  4.043  3.829  4.182  4.194  3.951  3.947  3.892  3.882  3.908  3.912  3.912
3.850  4.007  3.850  3.912  4.043  3.912  3.877  3.912  3.970  3.989  3.867  4.025  4.132  4.111  4.007  3.970  4.060  4.078  4.111  4.111  4.220  4.127  3.807  4.127  4.007  3.951  3.912  3.951  3.951  3.871  3.850  3.970  3.989  3.912  4.091  3.951  3.951  3.871  3.892  3.970  3.807  3.989
