5.481  5.226  5.371  5.293  5.292  5.338  5.431  5.445  5.398  5.491  5.394  5.361  5.509  5.434  5.425  5.293  5.273  5.377  5.398  5.198  5.387  5.318  5.313  5.323  5.318  5.259  5.263  5.231  5.153  5.278  5.273  5.236  5.130  5.328  5.307  5.268  5.313  5.198  5.198  5.231  5.112  5.384
4.745  4.777  4.575  4.615  4.605  4.708  4.745  4.700  4.663  4.977  4.682  4.777  4.836  4.875  4.827  4.745  4.600  4.714  4.820  4.723  4.762  4.794  4.700  4.712  4.585  4.625  4.644  4.498  4.380  4.605  4.538  4.644  4.662  4.654  4.644  4.533  4.710  4.394  4.522  4.407  4.533  4.652
5.881  5.537  5.635  5.318  5.613  5.710  5.642  5.663  5.703  5.820  5.775  5.743  5.804  5.700  5.714  5.568  5.497  5.697  5.799  5.568  5.737  5.542  5.521  5.529  5.505  5.565  5.509  5.638  5.236  5.403  5.500  5.407  5.357  5.609  5.505  5.561  5.544  5.521  5.677  5.537  5.346  5.366
3.850  3.784  3.689  3.714  3.871  3.780  3.871  3.932  3.784  4.007  3.912  3.871  3.850  3.989  3.970  3.807  3.871  3.689  3.829  4.078  3.850  3.795  3.912  3.912  3.761  3.784  3.829  3.807  3.689  3.611  3.850  3.761  3.689  3.738  3.784  3.738  3.689  3.664  3.908  3.773  3.714  3.738
5.026  4.942  4.997  4.883  4.933  5.011  5.011  4.990  4.875  4.949  4.926  4.970  5.030  5.017  5.063  4.879  4.771  5.056  4.984  4.963  4.920  4.874  4.984  5.001  4.835  4.820  4.913  4.905  4.812  4.844  4.836  4.779  4.745  4.977  4.942  4.879  4.942  4.796  4.970  4.875  4.754  4.843
4.464  4.449  4.543  4.511  4.509  4.394  4.392  4.404  4.570  4.477  4.595  4.466  4.605  4.522  4.585  4.564  4.530  4.477  4.564  4.475  4.625  4.410  4.500  4.595  4.297  4.413  4.331  4.369  4.143  4.331  4.477  4.486  4.290  4.344  4.380  4.511  4.428  4.357  4.443  4.304  4.357  4.394
5.861  5.449  6.094  5.598  5.795  6.081  5.742  5.700  6.082  5.771  5.765  5.911  5.771  5.587  5.854  5.635  5.498  5.743  5.826  5.855  5.762  5.608  5.688  5.572  5.493  5.515  5.356  5.464  5.231  5.580  5.464  5.316  5.576  5.572  5.357  5.549  5.687  5.568  5.529  5.557  5.678  5.638
5.220  5.030  5.081  5.140  5.029  5.196  5.235  4.986  5.164  5.159  5.209  5.220  5.215  5.069  5.250  5.074  5.064  5.086  5.170  5.138  5.220  4.949  4.956  5.094  4.663  4.905  4.843  5.003  4.787  4.990  5.011  4.844  5.037  4.997  5.017  5.003  5.063  4.997  4.927  4.984  4.959  4.982
4.673  4.431  4.585  4.290  4.472  4.673  4.472  4.466  4.652  4.654  4.500  4.644  4.443  4.401  4.644  4.301  4.425  4.398  4.585  4.522  4.481  4.443  4.511  4.477  4.220  4.304  4.394  4.477  4.369  4.304  4.304  4.220  4.290  4.354  4.419  4.466  4.369  4.344  4.308  4.431  4.140  4.454
4.108  3.871  3.912  3.761  3.932  3.846  3.757  4.025  3.967  4.043  3.912  3.850  3.970  3.922  4.043  3.998  3.871  3.664  3.989  4.078  4.164  3.932  3.761  3.970  3.829  3.829  3.761  3.714  3.664  3.689  3.807  3.761  3.784  3.807  3.664  3.892  3.714  3.892  3.829  3.664  3.632  3.807
5.106  4.804  4.973  4.796  5.130  5.123  4.890  5.027  5.049  5.293  5.136  5.142  5.198  5.086  5.242  4.990  4.635  4.963  5.153  4.984  5.037  4.790  4.804  4.852  4.700  4.700  4.927  4.844  4.564  4.718  4.828  4.762  4.794  4.787  4.754  4.959  4.997  5.024  4.911  5.024  4.762  4.858
4.127  3.912  3.850  3.892  4.007  3.967  3.871  4.007  3.912  4.043  3.932  4.043  4.190  3.998  4.376  4.060  4.091  3.970  4.143  4.043  4.060  3.985  4.074  4.013  3.918  3.689  3.761  3.738  3.761  3.795  4.060  3.892  3.888  3.784  3.761  3.871  3.871  3.738  3.807  3.892  3.807  3.761
4.979  4.754  4.927  4.828  5.004  4.977  4.533  4.997  4.864  5.024  5.075  5.220  5.145  5.001  5.088  4.787  4.585  4.905  4.990  4.913  4.820  4.676  4.779  4.796  4.700  4.762  4.700  4.644  4.190  4.477  4.741  4.543  4.625  4.682  4.663  4.898  4.590  4.836  4.970  4.804  4.769  4.812
3.709  3.611  3.738  3.526  3.555  3.664  3.466  3.555  3.738  3.638  3.578  3.638  3.611  3.784  3.784  3.689  3.332  3.632  3.689  3.684  3.784  3.857  3.638  3.846  3.709  3.526  3.367  3.401  3.555  3.555  3.367  3.555  3.664  3.395  3.526  3.526  3.664  3.664  3.611  3.434  3.676  3.638
6.045  5.902  6.009  5.958  5.952  6.004  5.900  5.953  5.956  6.021  5.892  6.016  6.033  5.874  5.991  5.808  5.849  5.951  6.050  5.911  5.996  5.883  5.861  5.922  5.940  5.976  5.771  5.781  5.704  5.739  5.725  5.826  5.875  5.969  5.827  5.875  5.908  5.951  5.775  5.934  5.835  5.966
4.883  4.898  4.847  4.898  4.883  4.868  4.787  4.883  4.820  4.868  4.835  5.011  4.997  4.844  4.934  4.644  4.942  4.779  5.135  5.050  5.081  4.896  4.828  4.934  4.787  4.816  4.644  4.635  4.557  4.554  4.620  4.858  5.004  4.771  4.896  4.913  4.820  4.745  4.812  4.580  4.736  4.644
5.502  5.288  5.298  5.478  5.371  5.380  5.288  5.298  5.283  5.434  5.298  5.415  5.557  5.412  5.503  5.244  5.189  5.434  5.533  5.513  5.472  5.257  5.257  5.288  5.375  5.209  5.136  5.142  5.069  5.017  5.220  5.094  5.380  5.246  5.226  5.153  5.242  5.255  5.176  5.303  5.235  5.342
3.932  3.824  3.970  3.970  4.060  4.074  4.094  3.998  3.912  4.119  3.970  4.111  4.174  4.159  4.277  4.127  3.871  3.912  4.094  4.263  4.159  4.022  3.989  3.985  4.057  3.951  3.989  3.951  3.871  3.850  3.738  3.824  4.043  3.918  3.967  3.989  3.850  3.850  3.871  3.951  3.908  4.007
4.613  4.500  4.431  4.407  4.605  4.708  4.419  4.575  4.419  4.703  4.605  4.680  4.769  4.762  4.727  4.522  4.331  4.543  4.525  4.633  4.595  4.489  4.595  4.654  4.578  4.443  4.533  4.564  4.500  4.357  4.549  4.344  4.407  4.625  4.608  4.736  4.443  4.549  4.543  4.538  4.357  4.407
4.078  3.932  4.025  3.951  4.007  3.998  3.989  4.127  4.127  4.159  4.043  4.116  4.220  4.220  4.234  3.912  4.187  4.111  4.127  4.127  4.171  4.057  4.025  4.148  3.967  3.850  3.892  4.060  3.664  3.871  4.078  3.970  4.007  3.989  3.951  4.156  3.970  3.928  4.022  3.970  3.932  3.902
4.449  4.500  4.407  4.431  4.663  4.718  4.443  4.585  4.613  4.652  4.635  4.726  4.771  4.819  4.864  4.585  4.407  4.541  4.812  4.630  4.630  4.522  4.691  4.533  4.431  4.422  4.530  4.477  4.190  4.277  4.511  4.443  4.481  4.452  4.328  4.575  4.263  4.538  4.419  4.452  4.394  4.489
3.360  3.434  3.466  3.466  3.401  3.332  3.401  3.434  3.332  3.459  3.367  3.555  3.638  3.605  3.497  3.434  3.738  3.520  3.497  3.555  3.520  3.497  3.401  3.584  3.401  3.395  3.466  3.490  3.296  3.434  3.401  3.550  3.490  3.395  3.428  3.401  3.258  3.709  3.450  3.219  3.332  3.450
