5.607  5.425  5.507  5.433  5.553  5.525  5.521  5.463  5.601  5.628  5.447  5.572  5.617  5.438  5.617  5.564  5.394  5.509  5.483  5.371  5.553  5.429  5.521  5.447  5.393  5.494  5.464  5.442  5.263  5.296  5.455  5.322  5.455  5.487  5.501  5.407  5.093  5.476  5.429  5.389  5.308  5.509
4.483  4.522  4.580  4.486  4.443  4.369  4.533  4.620  4.564  4.564  4.625  4.554  4.593  4.564  4.625  4.483  4.458  4.407  4.625  4.533  4.585  4.520  4.331  4.575  4.401  4.367  4.337  4.443  4.260  4.212  4.348  4.464  4.419  4.635  4.369  4.419  4.074  4.644  4.595  4.431  4.443  4.500
6.248  6.001  6.043  6.215  6.134  6.223  6.236  6.129  6.362  6.399  6.170  6.295  6.245  6.026  6.227  6.125  6.084  6.094  6.238  6.148  6.205  6.178  6.216  6.096  6.178  6.190  6.038  6.098  5.922  6.096  6.127  6.083  5.908  6.207  6.168  6.096  6.175  6.142  6.116  6.157  5.963  6.116
5.587  5.494  5.489  5.705  5.609  5.629  5.787  5.645  5.782  5.836  5.790  5.790  5.781  5.565  5.652  5.595  5.656  5.425  5.846  5.749  5.761  5.727  5.616  5.591  5.656  5.595  5.568  5.517  5.438  5.609  5.464  5.561  5.394  5.764  5.676  5.717  5.583  5.553  5.583  5.507  5.485  5.662
6.129  5.959  6.103  6.071  6.042  6.068  6.060  6.057  6.028  6.221  6.105  6.205  6.180  6.054  6.170  6.026  5.951  6.087  6.153  6.105  6.029  5.977  6.006  6.063  5.938  5.921  5.922  6.001  5.786  5.852  5.989  5.808  5.964  6.087  5.999  5.936  6.059  6.083  5.945  6.052  5.826  6.001
5.878  5.831  5.846  5.881  5.821  5.820  5.930  5.720  5.832  6.089  5.924  5.951  6.019  5.922  5.971  5.991  5.852  5.805  5.945  5.826  5.907  5.909  5.823  5.872  5.676  5.677  5.762  5.690  5.704  5.690  5.869  5.636  5.756  5.871  5.826  5.761  5.775  5.737  5.740  5.740  5.771  5.778
5.556  5.106  5.230  5.288  5.164  5.318  5.130  5.165  5.094  5.288  5.338  5.242  5.267  5.298  5.328  5.115  5.075  5.375  5.231  5.292  5.182  4.990  5.257  5.094  5.069  5.147  5.088  5.318  4.913  4.949  5.063  4.800  5.011  5.124  4.997  5.123  5.251  5.204  5.293  5.357  4.970  5.179
5.124  4.875  4.898  4.984  4.938  5.037  4.927  4.812  4.896  4.913  5.094  4.984  5.207  5.080  5.069  4.844  4.717  4.949  5.050  4.905  4.905  4.844  4.984  5.043  4.787  4.868  4.736  4.762  4.615  4.828  4.920  4.673  4.700  4.836  4.860  4.700  4.874  4.905  5.027  4.883  4.687  4.796
5.338  5.431  5.347  5.472  5.546  5.513  5.545  5.429  5.434  5.598  5.447  5.556  5.572  5.541  5.557  5.451  5.305  5.416  5.521  5.409  5.541  5.472  5.450  5.416  5.485  5.462  5.497  5.425  5.371  5.380  5.447  5.476  5.283  5.521  5.517  5.545  5.507  5.382  5.303  5.357  5.342  5.366
5.037  4.852  5.024  4.919  4.920  5.159  4.927  4.997  5.100  5.106  4.956  5.004  5.198  5.056  5.066  4.752  4.852  4.949  5.027  4.997  4.970  4.796  4.956  4.913  4.836  4.890  4.913  4.956  4.835  4.766  4.893  4.736  4.840  4.970  5.011  4.984  4.984  4.883  4.956  4.956  4.804  5.037
4.317  4.593  4.404  4.477  4.640  4.369  4.549  4.248  4.489  4.530  4.543  4.600  4.578  4.613  4.615  4.466  4.605  4.431  4.419  4.407  4.691  4.595  4.428  4.564  4.357  4.337  4.511  4.234  4.234  4.357  4.466  4.522  4.477  4.431  4.605  4.489  4.691  4.369  4.443  4.317  4.205  4.331
4.500  4.419  4.304  4.256  4.256  4.419  4.401  4.394  4.317  4.376  4.477  4.431  4.522  4.304  4.533  4.277  4.394  4.354  4.328  4.454  4.419  4.328  4.382  4.489  4.304  4.234  4.369  4.220  4.159  4.394  4.220  4.159  4.301  4.290  4.202  4.220  4.220  4.344  4.331  4.159  4.220  4.277
5.275  4.997  5.124  4.990  5.130  5.170  5.130  5.215  5.218  5.328  5.165  5.342  5.247  5.193  5.338  5.094  4.836  5.187  5.218  5.176  5.111  4.900  5.047  4.992  5.130  5.094  5.088  5.192  4.875  4.970  5.043  4.868  5.030  5.142  5.170  5.094  5.043  5.136  5.124  5.118  4.977  5.039
3.871  3.951  4.043  3.970  3.951  4.069  4.083  4.043  3.892  4.007  3.892  4.074  4.111  4.159  4.127  4.078  4.060  3.871  4.086  4.074  4.174  3.970  4.007  3.912  3.850  3.970  3.871  3.902  3.970  3.850  3.951  4.025  3.947  4.148  3.970  3.951  3.882  3.892  3.784  3.892  3.970  3.947
5.414  5.252  5.375  5.303  5.423  5.357  5.209  5.406  5.328  5.481  5.366  5.464  5.403  5.338  5.525  5.366  5.136  5.384  5.421  5.501  5.226  5.308  5.307  5.323  5.268  5.147  5.218  5.142  5.017  5.198  5.094  5.193  5.277  5.303  5.361  5.268  5.268  5.565  5.389  5.405  5.263  5.342
5.829  5.700  5.869  5.999  5.980  5.841  5.886  5.850  5.922  5.976  5.869  5.924  5.938  5.802  6.155  5.844  5.760  5.858  6.066  5.984  5.940  5.838  5.757  5.974  5.796  5.714  5.694  5.645  5.533  5.697  5.690  5.903  5.927  5.945  5.869  5.969  5.951  6.246  6.078  6.233  6.290  6.265
5.452  5.165  5.313  5.308  5.394  5.313  5.283  5.442  5.318  5.412  5.361  5.389  5.452  5.389  5.420  5.263  5.118  5.440  5.329  5.357  5.215  5.153  5.075  5.313  5.198  5.451  5.283  5.338  5.187  5.088  5.293  4.982  5.318  5.303  5.198  5.207  5.233  5.220  5.278  5.421  5.105  5.308
4.452  4.419  4.443  4.344  4.382  4.422  4.277  4.304  4.489  4.407  4.331  4.466  4.382  4.554  4.564  4.248  4.443  4.369  4.419  4.452  4.489  4.407  4.220  4.437  4.407  4.388  4.290  4.369  4.111  4.290  4.159  4.052  4.367  4.407  4.317  4.498  4.392  4.277  4.248  4.143  4.394  4.543
4.727  4.644  4.676  4.654  4.723  4.815  4.787  4.710  4.808  4.852  4.777  4.796  4.896  4.836  4.871  4.691  4.673  4.700  4.875  4.615  4.794  4.804  4.796  4.727  4.671  4.644  4.727  4.564  4.595  4.598  4.477  4.585  4.745  4.787  4.726  4.644  4.663  4.615  4.466  4.787  4.516  4.745
4.331  4.277  4.205  4.489  4.419  4.350  4.369  4.382  4.511  4.466  4.466  4.654  4.554  4.437  4.649  4.290  4.443  4.317  4.554  4.710  4.533  4.419  4.419  4.533  4.407  4.263  4.431  4.376  4.263  4.277  4.407  4.357  4.419  4.376  4.357  4.522  4.317  4.159  4.246  4.205  4.281  4.454
5.517  5.416  5.455  5.361  5.366  5.517  5.394  5.361  5.377  5.489  5.489  5.489  5.525  5.576  5.583  5.497  5.347  5.659  5.631  5.617  5.572  5.509  5.416  5.568  5.493  5.529  5.407  5.411  5.298  5.328  5.493  5.323  5.505  5.557  5.421  5.476  5.497  5.438  5.398  5.489  5.421  5.489
4.802  4.749  4.745  4.727  4.700  4.762  4.820  4.802  4.673  4.754  4.890  4.824  4.975  4.787  4.954  4.773  4.710  4.963  4.874  4.812  4.898  4.827  4.883  4.898  4.760  4.852  4.775  4.739  4.500  4.671  4.654  4.806  4.815  4.804  4.760  4.726  4.831  4.734  4.762  4.760  4.736  4.811
