5.176  5.209  5.135  5.278  5.230  5.268  5.242  5.231  5.252  5.285  5.301  5.247  5.293  5.247  5.268  5.209  5.100  5.102  5.371  5.242  5.333  5.283  5.153  5.231  5.037  5.017  5.147  5.063  4.896  5.043  5.066  5.124  4.987  5.209  5.091  5.176  5.204  5.043  5.021  5.226  4.970  5.043
4.159  4.301  4.143  4.116  4.094  4.246  4.304  4.143  4.290  4.127  4.217  4.263  4.492  4.344  4.511  4.328  4.357  4.159  4.357  4.344  4.477  4.394  4.174  4.274  4.220  4.234  4.094  4.174  4.277  4.205  4.205  4.094  4.187  4.277  4.234  4.344  4.190  3.970  3.989  4.043  4.171  4.174
5.081  4.812  4.905  5.103  4.858  4.996  5.050  4.970  4.868  4.986  4.852  4.984  5.037  4.819  5.056  4.812  4.965  4.905  5.011  5.017  5.170  4.890  4.919  4.949  4.748  4.762  4.712  4.812  4.668  4.730  4.890  4.844  4.868  4.771  4.812  4.875  4.852  4.984  4.804  4.856  4.787  4.868
4.143  3.989  4.086  4.260  4.040  4.031  3.961  4.111  4.111  4.205  3.967  3.989  4.143  4.043  4.234  4.159  4.094  4.159  4.227  4.277  4.246  4.143  4.140  4.094  3.932  4.043  3.912  3.850  3.829  3.951  3.871  4.025  4.234  3.970  3.985  3.892  4.007  3.807  4.040  3.857  3.932  3.989
4.828  4.752  4.700  4.762  4.786  4.802  4.623  4.718  4.700  5.050  4.890  4.741  4.942  4.800  4.875  4.779  4.590  4.890  4.804  4.714  4.727  4.727  4.779  4.736  4.431  4.644  4.573  4.654  4.500  4.522  4.718  4.527  4.615  4.682  4.644  4.730  4.673  4.748  4.673  4.736  4.477  4.663
4.554  4.248  4.277  4.143  4.317  4.248  4.238  4.335  4.331  4.541  4.454  4.331  4.357  4.443  4.511  4.187  4.238  4.248  4.419  4.348  4.382  4.404  4.380  4.357  4.040  3.989  4.143  4.174  4.094  3.951  4.238  4.091  4.331  4.069  4.209  4.205  4.094  4.159  4.344  4.248  4.174  4.187
4.554  4.516  4.472  4.489  4.500  4.407  4.407  4.522  4.554  4.595  4.394  4.522  4.575  4.511  4.662  4.431  4.431  4.270  4.635  4.554  4.564  4.466  4.489  4.477  4.394  4.382  4.357  4.094  4.331  4.350  4.394  4.443  4.595  4.431  4.477  4.494  4.543  4.443  4.328  4.527  4.248  4.369
4.997  4.898  4.934  4.982  4.934  4.883  4.924  4.866  4.796  4.970  4.956  5.049  5.165  4.997  5.100  4.911  4.796  4.920  5.081  5.011  5.016  4.984  4.844  4.875  4.779  4.745  4.796  4.749  4.736  4.885  5.024  4.745  4.860  4.852  4.836  4.792  4.812  4.835  4.836  4.691  4.727  4.852
4.317  4.357  4.419  4.263  4.454  4.331  4.341  4.304  4.304  4.489  4.431  4.489  4.500  4.575  4.600  4.469  4.256  4.454  4.367  4.363  4.443  4.234  4.341  4.419  4.205  4.202  4.174  4.197  4.127  4.290  4.454  4.234  4.190  4.344  4.382  4.304  4.234  4.290  4.331  4.220  4.197  4.220
4.290  4.094  4.205  4.263  4.290  4.382  4.057  4.290  4.143  4.357  4.277  4.220  4.434  4.369  4.416  4.187  4.227  4.419  4.304  4.394  4.369  4.290  4.234  4.331  4.159  4.060  4.060  4.094  4.007  4.159  4.094  4.043  4.248  4.277  4.094  4.328  4.190  4.205  4.174  4.205  4.324  4.140
4.304  4.103  4.394  4.341  4.234  4.341  4.159  4.127  4.382  4.500  4.263  4.394  4.431  4.475  4.419  4.143  4.108  4.394  4.443  4.431  4.394  4.260  4.407  4.127  4.263  4.143  4.043  4.190  3.989  4.127  4.194  4.197  4.143  4.263  4.248  4.205  4.205  4.094  4.205  4.297  4.220  4.187
3.989  3.829  3.846  3.932  3.967  3.850  3.761  3.846  3.829  3.912  3.989  3.850  4.174  4.025  4.007  3.989  3.912  3.871  4.078  4.052  4.094  3.738  3.892  4.025  3.829  3.967  3.970  3.784  3.714  3.951  3.824  3.850  3.989  4.007  3.951  3.664  3.892  4.007  3.932  3.714  3.850  4.419
5.433  5.247  5.293  5.313  5.185  5.429  5.342  5.293  5.328  5.470  5.411  5.440  5.561  5.509  5.442  5.394  5.273  5.517  5.366  5.375  5.263  5.303  5.358  5.273  5.176  5.406  5.467  5.386  5.198  5.193  5.293  5.278  5.295  5.323  5.296  5.338  5.412  5.461  5.325  5.445  5.233  5.425
3.784  4.091  3.912  4.025  3.871  3.912  3.951  3.989  3.970  4.091  3.970  4.074  4.263  4.190  3.970  3.989  3.951  4.025  4.159  3.967  4.205  3.970  4.074  4.143  3.850  4.034  4.159  3.784  3.912  3.892  4.086  3.892  3.714  3.898  4.127  3.871  3.932  3.850  3.918  3.846  3.892  3.951
5.189  5.182  5.165  5.187  5.063  5.127  5.242  5.011  5.231  5.165  5.150  5.075  5.094  5.143  5.318  5.063  4.980  5.159  5.142  5.106  5.130  5.197  5.182  5.247  5.050  4.896  5.011  4.812  4.796  4.875  4.828  4.963  4.984  5.001  4.977  4.984  4.927  5.004  4.927  4.883  4.843  4.835
5.218  5.088  5.190  5.124  5.204  5.182  5.037  5.024  5.247  5.303  5.124  5.278  5.310  5.215  5.351  5.136  5.159  5.252  5.242  5.135  5.222  5.178  5.215  5.231  5.009  5.147  5.085  5.042  4.965  4.990  5.081  5.129  5.204  5.215  5.257  5.147  5.293  5.063  5.050  5.152  5.075  5.153
5.045  5.023  4.956  5.036  5.075  4.990  5.007  4.889  4.970  5.075  5.019  4.977  5.252  5.094  5.242  5.030  5.081  4.997  5.130  5.037  5.187  5.081  5.130  5.165  4.898  4.934  4.934  4.852  4.812  4.934  4.942  4.956  4.956  5.069  4.860  4.977  4.982  4.898  4.927  4.889  4.920  4.875
4.570  4.530  4.511  4.644  4.533  4.595  4.527  4.498  4.543  4.585  4.554  4.633  4.671  4.605  4.779  4.386  4.543  4.477  4.533  4.687  4.836  4.543  4.573  4.700  4.477  4.575  4.522  4.357  4.369  4.500  4.440  4.522  4.595  4.554  4.605  4.454  4.277  4.516  4.454  4.431  4.288  4.520
5.263  5.176  5.288  5.198  5.278  5.293  5.117  5.165  5.153  5.257  5.263  5.204  5.357  5.313  5.460  5.193  4.934  5.303  5.252  5.124  5.234  5.153  5.124  5.243  4.934  5.024  5.176  5.176  4.820  4.875  4.990  4.990  5.088  5.030  5.030  5.236  5.147  5.172  5.195  5.142  4.868  5.011
4.443  4.564  4.443  4.205  4.331  4.357  4.363  4.331  4.466  4.494  4.538  4.416  4.533  4.605  4.554  4.369  4.304  4.511  4.443  4.464  4.690  4.407  4.466  4.858  4.317  4.311  4.290  4.407  4.205  4.248  4.220  4.337  4.419  4.304  4.182  4.425  4.407  4.369  4.290  4.248  4.094  4.202
4.710  4.446  4.575  4.331  4.595  4.635  4.348  4.549  4.635  4.625  4.700  4.500  4.700  4.595  4.771  4.477  4.431  4.615  4.573  4.745  4.595  4.583  4.522  4.554  4.443  4.234  4.443  4.454  4.234  4.357  4.382  4.317  4.407  4.500  4.511  4.511  4.489  4.533  4.554  4.559  4.464  4.489
3.689  3.871  3.761  3.784  3.970  3.780  3.807  3.850  4.025  4.034  3.835  4.025  4.060  4.174  4.127  3.861  3.922  3.912  3.773  3.912  3.951  4.025  3.871  4.094  3.761  3.784  3.761  3.892  3.466  3.761  3.807  3.807  3.970  3.912  3.947  3.951  3.871  3.867  3.892  3.932  3.664  3.951
