8.195  8.049  8.067  7.928  8.074  8.159  8.096  8.118  8.098  8.206  8.159  8.144  8.181  8.099  8.101  8.108  7.906  8.109  8.133  7.931  8.098  8.008  8.053  8.006  8.020  8.086  8.046  8.058  7.901  8.000  8.059  7.867  7.890  8.092  8.076  8.097  8.152  8.030  7.999  8.102  7.905  8.072
7.079  7.026  6.830  6.690  6.939  7.044  7.012  6.991  6.992  7.120  7.096  7.071  7.068  7.043  7.048  7.027  6.707  6.963  6.957  6.815  6.918  6.912  6.958  6.998  6.770  6.852  6.891  6.857  6.698  6.868  6.945  6.632  6.557  6.860  6.849  6.961  7.000  6.739  6.762  6.929  6.641  6.790
6.873  6.460  6.851  6.775  6.854  6.881  6.731  6.870  6.894  6.978  6.702  6.903  6.878  6.686  6.797  6.492  6.356  6.611  7.008  6.823  6.646  6.530  6.652  6.465  6.766  6.914  6.712  6.673  6.468  6.642  6.522  6.379  6.712  6.807  6.770  6.708  6.601  6.691  6.561  6.801  6.729  6.921
4.714  4.605  4.615  4.466  4.564  4.500  4.625  4.585  4.575  4.633  4.673  4.652  4.500  4.543  4.605  4.431  4.431  4.454  4.682  4.635  4.682  4.595  4.511  4.469  4.505  4.452  4.394  4.382  4.394  4.419  4.419  4.419  4.440  4.500  4.511  4.525  4.419  4.382  4.227  4.304  4.500  4.466
7.032  6.797  6.941  6.727  6.984  7.076  6.754  6.905  6.997  7.030  6.954  7.018  7.015  6.982  7.035  6.946  6.687  7.061  6.967  6.852  6.883  6.766  6.897  6.755  6.788  6.869  6.890  6.994  6.696  6.841  6.975  6.641  6.735  6.856  6.807  6.859  6.925  6.971  6.876  6.978  6.750  6.930
5.447  5.403  5.464  5.263  5.318  5.603  5.394  5.159  5.697  5.564  5.434  5.628  5.551  5.614  5.652  5.638  5.262  5.352  5.547  5.349  5.493  5.429  5.467  5.606  5.333  5.523  5.493  5.425  5.257  5.425  5.565  5.226  5.182  5.489  5.361  5.568  5.564  5.349  5.389  5.407  5.215  5.407
7.671  7.436  7.590  7.548  7.654  7.705  7.650  7.673  7.740  7.753  7.572  7.729  7.703  7.603  7.696  7.587  7.456  7.665  7.802  7.564  7.644  7.536  7.537  7.400  7.745  7.776  7.625  7.618  7.410  7.550  7.491  7.493  7.523  7.762  7.703  7.614  7.656  7.639  7.447  7.662  7.551  7.674
6.104  6.033  5.951  5.924  6.004  6.057  6.096  6.054  6.140  6.211  6.006  6.181  6.111  6.011  6.163  5.935  6.019  5.961  6.238  5.981  6.170  5.969  5.944  5.896  6.184  6.196  6.071  5.927  5.848  5.964  5.886  5.907  5.787  6.052  6.103  6.029  5.977  5.945  5.805  5.908  5.969  6.009
7.966  7.820  7.813  7.815  7.911  7.946  7.849  7.800  7.869  7.928  7.854  7.930  7.904  7.845  7.851  7.820  7.695  7.875  7.921  7.840  7.862  7.771  7.804  7.754  7.831  7.890  7.763  7.839  7.639  7.711  7.807  7.702  7.717  7.903  7.825  7.816  7.902  7.856  7.758  7.892  7.781  7.811
6.471  6.504  6.450  6.435  6.480  6.586  6.468  6.380  6.517  6.510  6.439  6.509  6.549  6.506  6.441  6.483  6.319  6.436  6.529  6.369  6.506  6.452  6.583  6.497  6.426  6.581  6.418  6.396  6.290  6.416  6.445  6.256  6.332  6.579  6.536  6.441  6.538  6.443  6.430  6.463  6.350  6.428
7.395  7.128  7.382  7.367  7.387  7.421  7.262  7.348  7.339  7.470  7.390  7.503  7.453  7.296  7.429  7.240  7.142  7.286  7.444  7.356  7.360  7.164  7.165  7.179  7.339  7.341  7.200  7.251  7.053  7.108  7.236  7.200  7.305  7.328  7.318  7.214  7.328  7.343  7.305  7.330  7.289  7.329
6.655  6.468  6.553  6.619  6.596  6.638  6.561  6.534  6.586  6.712  6.708  6.725  6.700  6.507  6.732  6.478  6.512  6.430  6.634  6.596  6.727  6.605  6.552  6.597  6.531  6.499  6.428  6.380  6.323  6.435  6.518  6.538  6.576  6.567  6.634  6.493  6.600  6.461  6.526  6.477  6.475  6.515
4.644  4.625  4.575  4.595  4.583  4.654  4.623  4.659  4.710  4.718  4.615  4.673  4.852  4.727  4.956  4.700  4.625  4.732  4.673  4.710  4.868  4.541  4.630  4.533  4.663  4.644  4.603  4.554  4.466  4.431  4.615  4.533  4.543  4.691  4.593  4.533  4.663  4.691  4.543  4.575  4.682  4.585
4.575  4.248  4.357  4.220  4.331  4.357  4.217  4.260  4.290  4.454  4.407  4.511  4.431  4.392  4.615  4.174  4.217  4.331  4.454  4.394  4.489  4.369  4.304  4.369  4.248  4.231  4.227  4.220  4.202  4.060  4.209  4.290  4.317  4.220  4.357  4.263  4.127  4.248  4.174  4.234  4.127  4.143
7.119  6.927  7.077  7.073  7.109  7.064  7.017  7.085  7.095  7.102  7.084  7.150  7.140  7.077  7.123  6.977  6.886  7.116  7.162  6.983  7.056  6.790  6.893  6.812  7.066  7.143  6.953  6.995  6.831  6.883  7.036  6.950  6.998  7.066  7.037  7.019  7.104  7.108  6.969  7.035  6.957  7.097
5.288  5.203  5.165  5.220  5.176  5.262  5.268  5.142  5.398  5.283  5.303  5.460  5.416  5.328  5.398  5.247  5.209  5.124  5.407  5.318  5.244  5.094  5.094  5.268  5.317  5.317  5.283  5.215  5.011  5.273  5.187  5.124  5.075  5.384  5.273  5.215  5.198  5.236  5.124  5.226  5.130  5.252
6.068  5.652  6.006  6.034  6.078  5.994  5.916  6.146  6.120  6.087  5.930  6.172  6.040  5.956  6.080  5.842  5.881  6.009  6.180  6.142  5.981  5.886  5.841  5.753  6.188  6.140  5.820  5.892  5.743  5.787  5.697  5.785  6.035  6.071  6.087  6.002  5.945  5.976  5.844  5.964  6.016  6.155
5.429  5.133  5.303  5.323  5.273  5.505  5.425  5.371  5.481  5.455  5.366  5.465  5.523  5.342  5.455  5.288  5.318  5.268  5.442  5.398  5.413  5.207  5.176  5.323  5.366  5.509  5.282  5.146  5.182  5.182  4.942  5.129  5.187  5.318  5.342  5.378  5.293  5.124  5.187  5.123  5.313  5.352
6.328  6.219  6.375  6.244  6.404  6.382  6.136  6.242  6.292  6.425  6.343  6.354  6.363  6.293  6.494  6.090  5.903  6.353  6.390  6.250  6.236  6.046  6.170  6.122  6.187  6.122  6.137  6.221  5.892  5.989  6.014  5.940  6.091  6.151  6.028  6.161  6.014  6.342  6.248  6.312  6.096  6.257
4.263  4.317  4.248  4.127  4.367  4.466  4.234  4.220  4.509  4.483  4.369  4.380  4.615  4.541  4.796  4.328  4.190  4.304  4.382  4.317  4.605  4.454  4.394  4.543  4.248  4.308  4.182  4.156  4.205  4.078  4.159  4.124  3.989  4.331  4.094  4.263  4.043  4.440  4.159  4.419  3.970  4.074
7.790  7.609  7.620  7.595  7.725  7.727  7.623  7.670  7.720  7.807  7.808  7.779  7.795  7.758  7.770  7.708  7.564  7.838  7.675  7.596  7.617  7.628  7.654  7.634  7.680  7.755  7.694  7.805  7.640  7.700  7.711  7.534  7.574  7.741  7.650  7.688  7.748  7.760  7.707  7.819  7.609  7.665
6.921  6.850  6.799  6.682  6.882  6.956  6.815  6.748  6.908  7.031  7.002  6.898  7.107  7.064  7.041  6.945  6.746  7.036  6.873  6.798  6.760  6.753  6.896  6.890  6.736  6.867  6.931  6.990  6.790  6.825  6.916  6.628  6.698  6.878  6.804  6.846  6.901  6.927  6.893  6.988  6.703  6.784
