5.855  5.455  5.620  5.485  5.607  5.737  5.553  5.695  5.749  5.846  5.612  5.765  5.795  5.700  5.746  5.573  5.323  5.664  5.775  5.574  5.493  5.553  5.505  5.617  5.533  5.647  5.652  5.582  5.438  5.553  5.474  5.298  5.434  5.571  5.455  5.568  5.583  5.645  5.481  5.654  5.447  5.670
5.011  4.926  4.860  4.710  4.786  4.920  4.875  4.815  4.942  5.011  4.947  5.112  5.050  5.017  4.984  4.870  4.796  4.984  4.913  4.970  5.040  4.875  4.927  4.956  4.820  4.812  4.982  4.800  4.718  4.691  4.700  4.663  4.820  5.011  5.004  4.875  4.860  4.691  4.710  4.828  4.663  4.852
5.851  5.784  5.707  5.652  5.835  5.979  5.833  5.789  5.858  5.924  5.940  5.879  5.968  6.078  5.901  5.881  5.707  5.779  5.817  5.572  5.894  5.724  5.871  5.864  5.724  5.757  5.814  5.714  5.483  5.659  5.924  5.595  5.617  5.905  5.778  5.832  5.838  5.627  5.739  5.740  5.587  5.656
4.615  4.913  4.860  4.700  4.691  4.905  4.835  4.828  4.812  5.014  4.997  4.956  4.913  4.777  5.024  4.700  4.625  4.828  4.947  4.920  4.954  4.949  4.798  5.100  4.644  4.712  4.710  4.718  4.554  4.754  4.682  4.727  4.748  4.696  4.777  4.743  4.762  4.671  4.691  4.554  4.642  4.699
6.717  6.513  6.545  6.575  6.605  6.623  6.545  6.526  6.515  6.684  6.591  6.623  6.612  6.572  6.629  6.550  6.379  6.576  6.592  6.483  6.534  6.428  6.449  6.531  6.516  6.528  6.466  6.600  6.425  6.492  6.461  6.361  6.408  6.477  6.491  6.468  6.642  6.608  6.529  6.604  6.402  6.542
6.248  6.105  6.144  6.084  6.080  6.089  6.111  6.098  6.136  6.271  6.209  6.163  6.248  6.130  6.167  6.019  5.940  6.074  6.080  6.023  6.061  6.050  6.098  6.087  6.001  6.043  6.004  5.940  5.839  5.951  5.996  5.820  5.969  6.059  6.033  6.064  6.078  6.094  6.057  6.078  5.916  5.998
5.886  5.505  5.638  5.616  5.670  5.778  5.533  5.720  5.649  5.770  5.747  5.753  5.783  5.861  5.796  5.598  5.371  5.666  5.707  5.677  5.553  5.472  5.591  5.541  5.541  5.570  5.598  5.666  5.384  5.407  5.673  5.549  5.613  5.635  5.573  5.642  5.627  5.677  5.591  5.692  5.684  5.715
4.977  4.949  5.236  4.956  4.984  5.105  5.043  4.868  5.056  5.124  5.017  5.147  5.150  4.984  5.121  4.963  4.710  4.875  5.063  5.136  5.024  5.198  4.949  5.147  4.754  4.804  4.868  4.820  4.762  4.934  4.977  4.926  5.130  4.868  5.056  4.868  4.890  4.898  4.913  4.828  4.894  4.820
6.599  6.443  6.468  6.415  6.597  6.571  6.428  6.500  6.560  6.507  6.538  6.624  6.589  6.504  6.557  6.436  6.227  6.542  6.571  6.415  6.465  6.384  6.512  6.417  6.384  6.447  6.319  6.370  6.138  6.328  6.203  6.174  6.290  6.417  6.416  6.377  6.410  6.400  6.312  6.361  6.098  6.255
5.100  5.185  4.997  4.905  5.159  5.069  5.153  5.074  5.043  5.063  5.236  5.176  5.283  5.220  5.347  5.011  4.766  5.124  5.075  4.875  5.112  5.193  5.303  5.254  5.138  5.094  5.220  4.852  4.898  5.037  4.996  4.977  4.836  5.183  5.077  5.193  5.050  4.934  5.081  4.987  4.819  4.850
6.859  6.709  6.680  6.615  6.881  6.844  6.732  6.819  6.742  6.879  6.835  6.855  6.869  6.878  6.910  6.733  6.582  6.780  6.816  6.676  6.765  6.615  6.740  6.744  6.672  6.774  6.737  6.669  6.568  6.600  6.688  6.503  6.540  6.774  6.676  6.771  6.731  6.635  6.614  6.788  6.557  6.655
5.135  5.429  4.999  4.894  5.257  5.394  5.256  5.053  5.310  5.420  5.288  5.306  5.464  5.209  5.415  5.198  5.133  5.159  5.234  5.017  5.268  5.192  5.367  5.407  4.866  5.198  5.130  4.942  4.980  5.043  5.127  4.926  4.949  5.212  5.165  5.318  5.270  4.877  4.852  4.956  4.856  4.984
7.368  7.044  7.237  7.234  7.265  7.278  7.034  7.236  7.147  7.337  7.223  7.355  7.341  7.246  7.225  7.090  6.925  7.317  7.299  7.223  7.079  6.956  7.124  7.041  7.233  7.308  7.088  7.226  6.987  7.020  7.078  6.873  7.264  7.185  7.054  7.182  7.112  7.260  7.138  7.258  7.233  7.283
6.087  5.986  5.945  5.956  6.107  6.170  6.023  6.038  6.127  6.148  6.040  6.180  6.312  6.080  6.151  6.038  5.979  6.061  6.003  6.064  6.055  5.976  5.999  6.006  6.034  6.140  5.993  5.986  5.922  5.897  5.924  5.792  5.950  6.089  5.991  6.031  5.994  5.927  5.911  5.957  5.950  5.984
7.172  6.837  6.966  6.945  7.026  7.071  6.877  6.969  7.014  7.074  6.952  7.097  7.165  6.928  7.122  6.751  6.861  7.030  7.140  7.133  6.951  6.843  6.908  6.862  6.916  7.135  6.919  6.805  6.675  6.708  6.852  6.729  6.917  7.008  6.919  6.969  6.888  6.943  6.932  6.972  6.883  7.029
5.606  5.525  5.238  5.297  5.414  5.341  5.352  5.285  5.509  5.357  5.403  5.497  5.659  5.373  5.505  5.139  5.451  5.357  5.553  5.425  5.622  5.412  5.429  5.308  5.242  5.298  5.159  4.896  5.094  4.990  5.159  4.963  5.170  5.254  5.263  5.293  5.159  5.063  5.030  5.081  5.030  5.153
6.662  6.486  6.580  6.512  6.784  6.745  6.405  6.655  6.562  6.685  6.724  6.712  6.752  6.734  6.804  6.597  6.232  6.678  6.618  6.603  6.381  6.435  6.576  6.515  6.384  6.510  6.537  6.644  6.351  6.361  6.504  6.353  6.403  6.431  6.357  6.594  6.424  6.805  6.649  6.773  6.417  6.585
5.437  5.346  5.394  5.505  5.328  5.493  5.425  5.236  5.568  5.328  5.451  5.434  5.403  5.543  5.583  5.342  5.231  5.680  5.741  5.411  5.553  5.130  5.468  5.602  5.207  5.203  5.288  5.333  5.204  5.368  5.226  5.288  5.489  5.288  5.234  5.366  5.293  5.342  5.231  5.375  5.209  5.106
5.214  5.165  5.239  5.278  5.325  5.357  4.963  5.226  5.218  5.342  5.165  5.246  5.281  5.318  5.296  5.074  4.965  5.358  5.366  5.182  5.149  4.963  5.170  5.136  5.153  5.112  5.105  5.164  4.913  5.011  4.956  4.970  5.303  5.064  5.069  5.112  5.204  5.198  5.215  5.268  5.170  5.215
4.290  4.489  4.317  4.369  4.446  4.317  4.394  4.317  4.595  4.682  4.492  4.605  4.673  4.605  4.812  4.357  4.369  4.486  4.500  4.407  4.700  4.564  4.564  4.644  4.324  4.407  4.419  4.431  4.317  4.331  4.522  4.500  4.386  4.407  4.625  4.595  4.449  4.317  4.369  4.331  4.304  4.324
6.421  6.181  6.246  6.310  6.483  6.420  6.207  6.340  6.354  6.548  6.433  6.462  6.526  6.445  6.525  6.346  6.094  6.495  6.519  6.369  6.295  6.176  6.333  6.303  6.310  6.270  6.281  6.372  6.115  6.226  6.330  6.043  6.314  6.332  6.210  6.342  6.333  6.377  6.301  6.332  6.254  6.340
6.056  6.001  5.945  5.961  6.125  6.165  6.170  6.068  6.151  6.323  6.163  6.225  6.323  6.229  6.300  6.107  5.875  6.215  6.326  6.086  6.123  5.975  6.209  6.155  6.050  5.958  6.097  6.120  5.859  6.033  6.040  5.789  5.990  6.107  6.045  6.163  6.107  6.029  5.941  6.109  5.944  6.094
