7.068  6.791  7.098  6.893  7.031  7.054  7.004  6.982  7.078  7.144  7.091  7.119  7.043  7.032  7.093  6.943  6.752  7.128  7.163  6.991  7.032  6.925  6.912  6.837  7.120  7.212  7.068  7.014  6.753  6.938  6.843  6.861  6.990  7.124  7.132  6.928  6.964  7.044  6.902  7.084  6.973  7.169
5.991  5.835  5.900  5.746  5.962  5.938  5.984  5.893  6.028  6.075  5.999  5.984  6.053  5.945  6.052  5.989  5.649  6.011  6.059  5.922  5.931  5.964  5.907  5.839  5.976  6.004  5.922  5.843  5.769  5.894  5.835  5.849  5.733  5.971  6.040  5.869  5.844  5.817  5.799  5.914  5.805  5.913
5.185  5.112  5.069  4.852  5.030  5.147  5.153  5.118  5.147  5.273  5.088  5.209  5.132  5.117  5.273  5.063  4.980  5.165  5.037  4.990  5.165  5.088  5.014  5.193  4.844  4.963  5.030  4.987  4.913  5.063  4.961  4.875  4.898  5.105  4.875  5.088  5.030  4.952  4.949  4.963  4.852  5.030
5.014  4.836  4.808  4.745  4.782  4.894  4.819  4.951  4.868  5.118  4.956  4.931  5.059  4.990  5.075  4.796  4.771  5.063  4.804  4.963  4.931  4.898  4.913  4.916  4.625  4.754  4.944  4.754  4.796  4.718  4.760  4.860  4.710  4.718  4.654  5.024  4.898  4.769  4.875  4.860  4.554  4.852
5.673  5.394  5.505  5.414  5.491  5.529  5.521  5.450  5.529  5.591  5.400  5.598  5.606  5.394  5.537  5.412  5.303  5.466  5.713  5.613  5.587  5.513  5.547  5.565  5.576  5.513  5.429  5.380  5.283  5.345  5.398  5.257  5.485  5.533  5.438  5.460  5.493  5.464  5.283  5.523  5.302  5.580
5.273  4.913  5.049  4.961  4.997  5.170  5.153  5.127  5.222  5.277  5.080  5.247  5.220  5.129  5.182  5.037  4.898  4.970  5.211  4.984  5.145  4.990  5.016  5.017  5.099  5.130  5.014  4.940  4.762  5.004  4.848  4.990  4.913  5.190  5.088  5.016  4.934  5.004  4.868  4.828  4.852  5.077
6.020  5.777  5.935  5.765  5.932  6.061  5.880  6.024  6.052  6.159  6.003  6.120  6.098  5.991  6.031  5.886  5.739  5.971  6.126  5.811  5.881  5.808  5.920  5.846  6.009  5.924  6.033  6.059  5.679  5.958  5.787  5.756  5.935  5.963  6.017  5.927  5.886  5.935  5.944  5.951  5.832  6.001
5.121  5.147  5.193  5.105  5.117  5.226  5.288  5.124  5.394  5.373  5.303  5.493  5.468  5.440  5.403  5.235  5.179  5.198  5.357  5.142  5.424  5.181  5.112  5.047  5.328  5.282  5.288  5.043  5.043  5.193  5.283  5.182  5.175  5.338  5.415  5.242  5.130  5.017  4.954  5.142  5.063  5.215
6.608  6.516  6.420  6.342  6.575  6.748  6.569  6.583  6.506  6.725  6.648  6.773  6.015  6.532  6.727  6.615  6.273  6.653  6.606  6.438  6.579  6.387  6.650  6.474  6.219  6.323  6.486  6.457  6.273  6.375  6.576  6.330  6.260  6.458  6.460  6.497  6.582  6.459  6.482  6.500  6.174  6.441
5.805  5.808  5.447  5.580  5.663  5.920  5.757  5.545  5.892  5.814  5.824  5.938  4.904  5.869  5.892  5.759  5.502  5.700  5.774  5.575  5.820  5.635  5.903  5.852  5.416  5.737  5.707  5.647  5.631  5.613  5.689  5.557  5.493  5.694  5.694  5.820  5.934  5.652  5.571  5.673  5.488  5.684
6.963  6.721  6.854  6.727  6.907  6.971  6.973  6.904  6.931  7.132  6.903  7.028  7.088  6.940  7.083  6.879  6.798  6.848  7.036  6.850  6.984  6.826  6.720  6.779  6.916  6.910  6.863  6.857  6.661  6.786  6.822  6.768  6.806  6.990  6.973  6.898  6.963  6.852  6.724  6.880  6.774  6.912
5.427  5.342  5.278  5.357  5.351  5.416  5.451  5.278  5.465  5.583  5.472  5.583  5.677  5.472  5.687  5.394  5.375  5.257  5.438  5.409  5.576  5.468  5.421  5.342  5.288  5.428  5.442  5.129  5.247  5.263  5.282  5.247  5.030  5.438  5.459  5.424  5.472  5.242  5.179  5.323  5.142  5.313
7.050  6.624  6.831  6.820  6.888  6.835  6.735  6.847  6.796  6.930  6.929  6.895  6.940  6.818  6.828  6.708  6.553  6.956  6.919  6.889  6.707  6.560  6.676  6.560  6.644  6.710  6.649  6.723  6.374  6.404  6.544  6.452  6.641  6.661  6.636  6.637  6.635  6.879  6.784  6.926  6.773  6.799
6.170  5.956  6.026  6.084  6.125  6.070  5.972  6.052  6.061  6.198  6.142  6.134  6.194  6.035  6.160  5.953  5.878  6.031  6.176  6.120  6.028  5.883  5.956  5.986  5.822  5.832  5.940  5.881  5.791  5.841  5.881  5.753  5.914  5.875  5.930  5.919  5.852  6.028  5.994  5.969  5.914  5.957
7.892  7.631  7.757  7.640  7.718  7.770  7.767  7.792  7.907  8.001  7.886  7.914  8.014  7.863  7.927  7.760  7.614  7.795  7.849  7.819  7.766  7.777  7.783  7.769  7.725  7.847  7.720  7.744  7.635  7.632  7.678  7.507  7.566  7.811  7.684  7.790  7.788  7.724  7.708  7.774  7.637  7.724
6.246  6.196  6.128  6.004  5.938  6.074  6.242  6.123  6.469  6.415  6.404  6.368  6.504  6.390  6.415  6.196  6.166  6.205  6.292  6.225  6.360  6.111  6.273  6.169  5.959  6.038  5.932  5.849  5.878  5.994  6.084  5.839  5.713  6.103  5.914  6.219  5.916  5.872  5.869  5.806  5.878  5.900
7.523  7.054  7.343  7.263  7.418  7.384  7.112  7.324  7.319  7.526  7.453  7.484  7.535  7.437  7.445  7.256  6.982  7.479  7.398  7.385  7.144  6.969  7.161  7.171  7.190  7.317  7.206  7.366  6.961  7.073  7.181  6.905  7.221  7.224  7.128  7.227  7.158  7.453  7.379  7.422  7.144  7.305
6.560  6.358  6.310  6.236  6.468  6.308  6.190  6.346  6.356  6.666  6.572  6.584  6.659  6.525  6.648  6.412  6.163  6.358  6.417  6.463  6.237  6.213  6.303  6.402  6.073  6.219  6.184  6.209  6.068  6.120  6.225  5.948  6.120  6.295  6.103  6.351  6.247  6.284  6.344  6.288  6.116  6.155
5.743  5.505  5.583  5.529  5.680  5.768  5.580  5.615  5.648  5.690  5.694  5.697  5.624  5.595  5.670  5.638  5.583  5.723  5.663  5.721  5.583  5.621  5.541  5.544  5.595  5.693  5.580  5.557  5.455  5.533  5.505  5.463  5.624  5.694  5.557  5.597  5.665  5.618  5.434  5.591  5.474  5.668
5.932  5.894  5.795  5.820  5.826  5.864  5.892  5.832  5.886  5.924  5.852  5.940  6.028  5.971  6.007  5.940  5.905  5.746  5.891  5.950  5.969  5.934  5.938  5.994  5.773  5.908  5.861  5.690  5.969  5.753  5.832  5.771  5.756  5.979  5.930  5.922  5.872  5.892  5.670  5.687  5.722  5.802
7.208  7.063  7.101  7.144  7.172  7.195  7.054  7.113  7.075  7.293  7.206  7.176  7.259  7.206  7.203  7.133  6.966  7.237  7.225  7.178  7.051  7.037  7.116  7.176  7.009  7.115  6.991  7.132  6.882  6.951  7.025  6.911  7.059  7.022  7.011  7.041  7.118  7.136  7.103  7.152  7.007  7.117
5.922  5.966  5.842  5.900  5.799  5.820  5.684  5.727  5.849  5.890  5.889  5.822  5.951  5.952  5.931  5.759  5.670  5.815  5.881  5.975  5.943  5.711  5.940  5.984  5.720  5.852  5.897  5.784  5.647  5.562  5.707  5.591  5.799  5.730  5.714  5.823  5.670  5.664  5.652  5.765  5.741  5.787
