5.176  5.056  5.106  5.050  5.193  5.209  5.170  5.112  5.142  5.231  5.075  5.186  5.204  5.209  5.276  5.100  5.049  5.097  5.190  5.182  5.262  5.118  5.112  5.081  5.187  5.124  5.049  5.106  5.063  5.056  4.977  4.949  4.986  5.080  5.252  5.215  5.130  5.004  4.933  5.004  5.036  5.043
5.318  5.231  5.159  5.017  5.242  5.242  5.165  5.204  5.159  5.318  5.278  5.215  5.285  5.273  5.313  5.231  5.072  5.231  5.106  5.165  5.156  5.169  5.112  5.153  4.920  5.153  5.086  5.182  5.037  5.142  5.204  4.920  4.977  5.094  5.075  5.130  5.198  5.176  5.106  5.106  5.030  5.118
4.127  4.108  4.127  4.116  4.140  4.040  4.127  4.197  4.074  4.159  4.074  4.043  4.234  4.078  4.025  4.094  4.078  4.007  4.060  4.078  4.111  4.127  4.094  4.220  4.025  3.961  3.970  4.060  3.867  3.912  3.951  3.970  3.918  4.043  3.912  4.025  4.078  4.127  3.970  3.912  3.928  3.912
5.165  5.069  5.069  5.147  5.030  5.159  5.193  5.138  5.069  5.147  5.106  5.130  5.264  5.112  5.293  5.094  5.050  4.942  5.136  5.236  5.288  5.059  5.100  5.178  4.994  5.075  4.934  4.920  4.820  5.009  5.088  4.990  4.963  5.118  5.004  5.086  5.153  5.037  4.949  5.075  5.004  4.982
6.153  5.966  5.989  6.079  6.116  6.157  6.215  6.037  6.182  6.284  6.074  6.278  6.258  6.165  6.292  6.089  5.897  6.023  6.256  6.089  6.131  5.940  6.075  6.031  6.095  6.103  5.995  6.061  5.835  5.964  6.006  5.878  5.931  6.198  6.100  6.040  6.103  6.059  5.922  6.052  5.971  6.030
5.050  4.836  4.890  4.896  4.852  4.984  4.963  4.875  5.024  5.017  4.883  5.030  4.990  5.037  5.100  4.771  4.804  4.773  4.926  4.984  5.024  4.956  4.956  4.771  4.823  4.754  4.762  4.673  4.682  4.654  4.852  4.913  4.718  4.828  4.913  4.847  4.804  4.673  4.773  4.682  4.685  4.762
6.449  6.337  6.349  6.342  6.389  6.441  6.275  6.317  6.269  6.433  6.407  6.392  6.466  6.430  6.433  6.324  6.057  6.452  6.335  6.315  6.281  6.163  6.283  6.214  6.148  6.182  6.199  6.187  5.982  6.066  6.169  6.019  6.129  6.254  6.131  6.157  6.271  6.282  6.260  6.308  6.052  6.265
5.262  5.170  5.147  5.130  5.130  5.024  5.063  5.063  5.075  5.263  5.162  5.159  5.215  5.204  5.231  5.063  4.804  5.017  5.094  5.112  4.963  5.030  5.198  5.176  5.017  4.959  4.990  4.866  4.812  4.836  5.053  4.819  5.030  5.030  4.920  4.990  4.994  5.047  4.970  4.966  4.875  5.004
5.347  5.374  5.230  5.338  5.394  5.387  5.193  5.268  5.361  5.505  5.434  5.366  5.566  5.425  5.501  5.375  5.126  5.342  5.384  5.347  5.313  5.260  5.394  5.513  5.222  5.254  5.242  5.342  5.106  5.306  5.384  5.142  5.140  5.342  5.322  5.298  5.384  5.323  5.421  5.387  4.970  5.252
5.930  5.875  5.823  5.707  5.891  5.931  5.905  5.841  5.868  6.054  6.094  5.913  6.092  5.966  6.006  5.919  5.781  5.920  5.768  5.878  5.854  6.003  6.023  6.094  5.722  5.724  5.919  5.844  5.733  5.822  6.016  5.697  5.585  5.714  5.899  5.829  5.931  5.919  5.964  5.886  5.672  5.759
6.568  6.314  6.501  6.471  6.472  6.489  6.469  6.483  6.518  6.737  6.612  6.601  6.574  6.375  6.549  6.431  6.436  6.512  6.562  6.518  6.503  6.449  6.368  6.422  6.426  6.417  6.403  6.483  6.267  6.363  6.411  6.315  6.506  6.463  6.502  6.518  6.459  6.425  6.325  6.497  6.297  6.449
7.004  6.876  6.905  7.008  6.872  6.938  6.932  6.984  7.021  7.148  7.019  7.005  7.072  6.876  7.048  6.889  6.976  6.841  7.007  6.960  7.018  7.032  6.972  7.039  6.844  6.931  6.899  6.874  6.856  6.897  6.909  6.920  6.932  6.893  6.977  6.955  6.927  6.925  6.913  6.860  6.873  6.880
6.686  6.568  6.659  6.669  6.657  6.674  6.683  6.589  6.659  6.788  6.627  6.717  6.720  6.546  6.730  6.544  6.588  6.545  6.748  6.688  6.765  6.645  6.653  6.619  6.669  6.644  6.521  6.449  6.365  6.390  6.589  6.590  6.605  6.649  6.655  6.633  6.567  6.597  6.405  6.516  6.597  6.591
6.387  6.173  6.169  6.211  6.242  6.170  6.184  6.146  6.139  6.347  6.304  6.238  6.310  6.212  6.301  6.146  6.028  6.267  6.211  6.154  6.288  6.116  6.145  6.221  5.994  5.966  6.021  6.100  5.836  5.966  6.068  6.001  6.044  6.050  6.120  6.047  6.111  6.105  6.188  6.257  6.016  6.150
5.968  5.793  5.814  5.670  5.948  5.914  5.652  5.838  5.832  5.852  5.081  5.659  5.945  5.869  5.932  5.647  5.468  5.864  5.853  5.849  5.800  5.659  5.724  5.654  5.730  5.737  5.572  5.765  5.460  5.602  5.704  5.476  5.814  5.796  5.539  5.701  5.717  5.521  5.288  5.733  5.638  5.882
4.554  4.603  4.633  4.394  4.663  4.635  4.564  4.554  4.663  4.486  3.951  4.511  4.787  4.673  4.852  4.454  4.454  4.608  4.828  4.710  4.749  4.640  4.654  4.852  4.500  4.533  4.511  4.304  4.489  4.380  4.464  4.483  4.595  4.623  4.739  4.477  4.635  4.401  4.078  4.654  4.477  4.654
3.912  3.689  3.784  3.638  3.892  3.761  3.784  3.807  3.578  3.871  3.829  3.689  3.970  3.932  3.998  3.761  3.632  3.807  3.611  4.004  3.902  3.846  3.850  3.892  3.555  3.733  3.714  3.807  3.658  3.784  3.738  3.611  3.892  3.761  3.850  3.850  3.658  3.871  3.714  3.689  3.611  3.871
3.526  3.466  3.497  3.401  3.584  3.466  3.296  3.434  3.497  3.584  3.367  3.506  3.638  3.584  3.664  3.550  3.638  3.555  3.611  3.689  3.689  3.611  3.638  3.555  3.332  3.584  3.526  3.466  3.584  3.584  3.526  3.434  3.550  3.367  3.526  3.526  3.689  3.490  3.459  3.332  3.401  3.664
4.852  4.431  4.718  4.685  4.868  4.835  4.543  4.659  4.635  4.860  4.721  4.779  4.787  4.723  4.828  4.630  4.593  4.913  4.844  4.828  4.779  4.522  4.734  4.630  4.585  4.575  4.522  4.662  4.369  4.369  4.615  4.394  4.754  4.691  4.449  4.585  4.477  4.635  4.673  4.700  4.625  4.787
4.127  4.007  4.060  4.143  4.159  4.074  3.951  4.034  4.060  4.205  4.135  4.205  4.159  4.143  4.174  4.025  3.932  3.970  4.143  4.174  4.274  4.060  4.007  4.094  4.043  4.234  3.850  4.060  3.807  3.912  4.013  4.004  4.127  3.912  4.007  4.074  4.048  4.205  4.078  3.980  3.970  4.108
5.922  5.762  5.821  5.768  5.878  5.957  5.673  5.796  5.844  5.878  5.931  5.878  5.927  5.888  5.930  5.717  5.595  5.907  5.880  5.808  5.793  5.673  5.811  5.781  5.752  5.708  5.762  5.787  5.549  5.666  5.685  5.638  5.751  5.662  5.723  5.656  5.811  5.858  5.866  5.808  5.722  5.897
4.190  4.274  4.034  4.205  4.143  4.337  4.274  4.238  4.541  4.315  4.350  4.392  4.533  4.425  4.538  4.241  4.331  4.277  4.404  4.295  4.593  4.220  4.466  4.394  4.422  4.290  4.337  4.263  4.025  4.156  4.220  4.413  4.348  4.284  4.382  4.428  4.248  4.132  4.443  4.248  4.367  4.140
