4.159  4.086  4.127  4.043  3.967  4.234  4.174  4.025  4.190  4.443  4.304  4.174  4.308  4.241  4.202  4.263  3.932  3.980  4.253  4.078  4.094  3.932  4.220  4.143  4.052  3.892  4.007  3.980  3.714  3.951  3.850  3.902  3.829  4.234  4.016  4.111  4.127  3.951  3.908  3.989  3.807  4.094
3.497  3.526  3.434  3.434  3.497  3.490  3.367  3.664  3.497  3.497  3.401  3.526  3.555  3.466  3.871  3.401  3.367  3.555  3.611  3.584  3.555  3.401  3.434  3.526  3.481  3.401  3.367  3.434  3.367  3.497  3.555  3.367  3.367  3.296  3.428  3.434  3.332  3.367  3.296  3.434  3.332  3.434
4.440  4.234  4.253  4.382  4.344  4.413  4.380  4.369  4.357  4.498  4.304  4.369  4.369  4.419  4.564  4.331  4.127  4.290  4.443  4.382  4.466  4.331  4.428  4.341  4.182  4.179  4.205  4.227  3.932  4.317  4.277  4.317  4.357  4.335  4.350  4.554  4.290  4.290  4.288  3.985  4.190  4.263
3.970  3.871  3.871  3.912  4.025  3.888  3.998  3.918  4.025  4.025  3.784  4.043  4.116  4.043  4.190  3.932  3.898  3.784  3.912  3.850  4.078  4.159  3.829  4.007  3.850  3.829  3.829  3.850  3.761  3.638  3.807  3.908  3.761  4.025  3.857  3.932  4.025  3.689  3.761  3.689  3.761  3.829
4.078  3.967  4.078  3.912  4.205  4.127  4.159  4.143  4.091  4.344  4.111  4.187  4.304  4.127  4.382  4.099  4.034  3.970  4.248  4.127  4.290  4.111  4.007  3.942  4.078  4.060  3.970  4.078  3.970  3.850  4.078  3.970  3.951  4.151  4.078  4.111  3.951  3.871  3.912  3.892  3.888  4.078
3.466  3.497  3.401  3.497  3.526  3.434  3.490  3.555  3.738  3.584  3.497  3.664  3.611  3.584  3.638  3.638  3.605  3.638  3.578  3.624  3.689  3.466  3.526  3.638  3.401  3.611  3.466  3.497  3.367  3.332  3.555  3.784  3.584  3.520  3.466  3.466  3.632  3.490  3.367  3.332  3.428  3.401
5.687  5.656  5.549  5.690  5.606  5.611  5.620  5.613  5.634  5.858  5.725  5.700  5.779  5.733  5.705  5.700  5.498  5.652  5.649  5.651  5.645  5.659  5.576  5.612  5.523  5.403  5.447  5.412  5.371  5.493  5.636  5.540  5.541  5.580  5.580  5.517  5.541  5.619  5.521  5.497  5.425  5.572
4.824  4.898  4.745  4.777  4.804  4.792  4.836  4.787  4.875  5.011  4.754  4.836  4.949  4.890  5.027  4.771  4.691  4.676  4.916  4.970  4.777  4.787  4.792  4.736  4.694  4.654  4.595  4.595  4.443  4.585  4.787  4.570  4.652  4.736  4.700  4.710  4.777  4.927  4.727  4.736  4.541  4.714
4.605  4.376  4.454  4.494  4.585  4.615  4.159  4.431  4.605  4.382  4.043  4.466  4.564  4.615  4.635  4.428  4.290  4.575  4.615  4.625  4.454  4.511  4.431  4.585  4.205  4.143  4.317  4.290  4.078  4.234  4.179  4.220  4.500  4.369  4.304  4.317  4.344  4.277  4.174  4.394  4.443  4.500
4.057  3.761  4.078  4.094  4.060  4.043  3.871  3.892  4.043  4.025  3.611  3.970  4.043  4.060  4.111  3.714  3.714  4.127  4.135  4.060  4.043  3.877  3.867  4.094  3.761  3.701  3.888  3.784  3.584  3.829  3.738  3.912  4.043  3.829  3.761  3.850  3.942  3.892  3.738  3.829  3.871  3.932
5.802  5.741  5.670  5.630  5.796  5.733  5.684  5.673  5.784  5.493  5.687  5.790  5.778  5.746  5.823  5.631  5.624  5.875  5.846  5.768  5.759  5.707  5.710  5.649  5.572  5.525  5.542  5.614  5.368  5.361  5.609  5.557  5.563  5.635  5.638  5.698  5.548  5.694  5.620  5.727  5.549  5.645
5.262  5.215  5.242  5.263  5.147  5.231  5.130  5.198  5.352  5.017  5.147  5.209  5.328  5.298  5.442  5.037  5.112  5.198  5.288  5.338  5.273  5.320  5.252  5.288  4.970  5.100  4.982  5.042  4.787  4.905  5.124  5.162  5.147  5.187  5.193  5.159  5.236  5.303  5.251  5.136  5.093  5.037
3.738  3.611  3.638  3.664  3.490  3.611  3.395  3.850  3.605  3.892  3.367  3.714  3.780  3.846  3.714  3.401  3.584  3.526  3.638  3.850  3.611  3.584  3.367  3.709  3.497  3.526  3.428  3.605  3.611  3.450  3.497  3.434  3.497  3.611  3.761  3.428  3.466  3.526  3.459  3.689  3.434  3.714
3.434  3.360  3.258  3.401  3.367  3.367  3.332  3.401  3.332  3.314  3.219  3.490  3.475  3.296  3.466  3.296  3.490  3.250  3.401  3.466  3.526  3.296  3.258  3.466  3.332  3.395  3.332  3.520  3.258  3.401  3.296  3.332  3.367  3.178  3.401  3.434  3.250  3.258  3.332  3.178  3.296  3.466
4.407  4.304  4.392  4.367  4.585  4.431  4.234  4.290  4.431  4.718  4.443  4.382  4.663  4.554  4.663  4.253  4.263  4.449  4.771  4.718  4.357  4.220  4.217  4.394  4.217  4.143  4.171  4.331  4.025  4.078  4.328  4.277  4.297  4.284  4.344  4.454  4.317  4.369  4.431  4.382  4.094  4.341
4.094  3.871  4.277  4.127  4.220  4.094  3.989  3.932  3.932  4.135  4.043  4.111  4.111  3.951  4.111  4.043  3.892  4.004  4.248  4.290  3.951  4.007  3.807  3.951  3.989  4.094  3.780  3.761  3.714  3.951  3.867  3.850  3.989  3.807  3.928  3.892  3.932  4.111  3.970  3.947  3.784  4.031
5.645  5.565  5.692  5.626  5.609  5.700  5.576  5.622  5.649  5.687  5.644  5.724  5.659  5.591  5.765  5.529  5.485  5.617  5.756  5.659  5.740  5.719  5.868  5.859  5.545  5.613  5.666  5.622  5.468  5.565  5.535  5.557  5.565  5.662  5.673  5.574  5.595  5.575  5.561  5.624  5.537  5.566
5.476  5.613  5.425  5.398  5.489  5.587  5.533  5.433  5.517  5.537  5.493  5.579  5.618  5.583  5.565  5.438  5.476  5.545  5.624  5.606  5.663  5.700  5.786  5.832  5.421  5.489  5.493  5.429  5.507  5.545  5.463  5.442  5.429  5.589  5.578  5.557  5.533  5.425  5.488  5.374  5.361  5.389
4.635  4.494  4.718  4.727  4.635  4.696  4.477  4.754  4.691  4.727  4.554  4.812  4.804  4.812  4.883  4.593  4.511  4.644  4.777  4.699  4.836  4.615  4.615  4.533  4.625  4.564  4.500  4.446  4.301  4.437  4.454  4.437  4.615  4.500  4.585  4.727  4.443  4.787  4.522  4.663  4.466  4.635
4.057  3.807  4.007  4.143  4.040  4.078  3.989  3.932  3.970  4.025  3.970  4.043  4.263  4.344  4.419  3.989  4.094  3.989  4.248  4.277  4.078  4.052  4.043  4.190  3.784  4.016  3.928  3.951  3.738  3.989  4.060  4.156  4.078  4.094  3.989  4.043  4.025  3.970  3.807  3.970  4.016  4.074
4.277  4.143  4.481  4.580  4.454  4.520  4.304  4.404  4.344  4.511  4.321  4.464  4.585  4.382  4.549  4.260  4.248  4.489  4.538  4.615  4.516  4.382  4.220  4.466  4.419  4.317  4.369  4.431  4.148  4.394  4.344  4.284  4.477  4.394  4.369  4.205  4.277  4.369  4.248  4.331  4.533  4.419
3.761  3.802  3.932  3.813  3.664  3.738  3.761  3.898  3.813  3.807  3.611  3.761  3.784  3.888  3.951  3.584  3.784  3.761  4.007  3.912  3.898  3.664  3.696  3.951  3.818  3.689  3.761  3.761  3.689  3.658  3.434  3.802  3.871  3.738  3.807  3.684  3.689  3.497  3.584  3.761  3.757  3.605
