5.011  4.913  4.806  4.644  4.756  4.573  4.798  4.771  4.812  4.890  4.775  4.868  4.812  4.673  4.898  4.812  4.652  4.796  4.718  4.564  4.835  4.786  4.990  5.037  4.635  4.615  4.635  4.443  4.331  4.516  4.687  4.691  4.585  4.654  4.682  4.714  4.687  4.489  4.554  4.663  4.344  4.779
4.078  4.043  3.888  4.094  4.164  4.040  3.970  3.912  3.985  4.025  3.928  3.970  4.248  4.043  4.234  4.277  3.912  4.025  4.220  4.094  4.060  4.057  4.043  3.892  3.807  3.807  3.951  3.784  3.757  3.912  4.034  3.850  3.970  3.824  4.148  3.912  4.078  4.078  3.807  3.912  3.882  4.190
4.663  4.682  4.615  4.477  4.710  4.623  4.710  4.585  4.727  4.787  4.654  4.779  4.804  4.700  4.700  4.800  4.635  4.787  4.771  4.736  4.710  4.635  4.736  4.819  4.668  4.615  4.652  4.717  4.605  4.615  4.644  4.564  4.605  4.812  4.687  4.736  4.804  4.543  4.431  4.642  4.464  4.522
3.784  3.892  3.802  3.733  3.912  3.807  3.932  3.892  3.912  3.871  3.928  3.892  4.025  4.205  4.111  4.025  3.951  3.912  4.007  4.007  4.205  4.143  3.912  4.057  3.807  3.912  4.060  3.824  3.871  3.892  3.989  3.970  3.784  3.912  3.784  4.111  3.871  3.829  3.738  3.829  3.773  3.714
5.911  5.778  5.835  5.741  5.866  5.820  5.796  5.811  5.909  6.016  5.814  6.028  5.930  5.647  5.925  5.811  5.561  5.768  5.958  5.790  5.811  5.696  5.656  5.677  5.733  5.802  5.787  5.733  5.620  5.595  5.677  5.596  5.700  5.762  5.756  5.793  5.717  5.846  5.613  5.673  5.620  6.166
4.779  4.736  4.779  4.673  4.700  4.644  4.762  4.691  4.654  5.004  4.730  4.827  4.794  4.721  4.850  4.727  4.732  4.635  4.754  4.802  4.745  4.787  4.543  4.787  4.682  4.605  4.635  4.564  4.469  4.554  4.595  4.554  4.654  4.727  4.644  4.771  4.654  4.466  4.419  4.620  4.595  4.662
4.771  4.727  4.663  4.691  4.730  4.677  4.618  4.699  4.804  4.796  4.673  4.942  4.718  4.844  4.922  4.654  4.595  4.779  4.710  4.676  4.762  4.635  4.743  4.852  4.620  4.654  4.590  4.630  4.605  4.673  4.804  4.649  4.663  4.804  4.595  4.754  5.474  4.677  4.625  4.691  4.625  4.796
4.489  4.407  4.407  4.344  4.253  4.500  4.404  4.419  4.511  4.466  4.443  4.419  4.522  4.443  4.585  4.331  4.431  4.564  4.500  4.431  4.564  4.369  4.407  4.522  4.301  4.533  4.481  4.190  4.357  4.344  4.363  4.477  4.454  4.357  4.431  4.304  4.990  4.290  4.382  4.500  4.263  4.443
5.919  5.598  5.559  5.591  5.737  5.617  5.716  5.741  5.807  6.077  5.878  5.913  5.891  5.707  5.932  5.652  5.727  5.645  6.006  5.799  5.849  5.762  5.714  5.680  5.656  5.771  5.642  5.587  5.468  5.687  5.580  5.649  5.513  5.691  5.790  5.743  5.697  5.629  5.730  5.699  5.568  5.686
4.875  4.559  4.595  4.573  4.511  4.431  4.754  4.682  4.638  4.765  4.673  4.794  4.779  4.615  4.800  4.605  4.644  4.489  4.605  4.771  4.635  4.654  4.623  4.685  4.673  4.700  4.644  4.443  4.472  4.304  4.466  4.605  4.520  4.603  4.638  4.522  4.394  4.623  4.605  4.394  4.380  4.394
6.151  5.892  5.979  5.883  5.948  6.023  6.038  6.011  6.023  6.170  6.059  6.094  6.111  6.033  6.023  6.014  5.908  6.004  6.078  5.953  5.976  5.945  5.887  5.927  5.932  6.071  5.944  5.949  5.751  5.866  5.962  5.878  5.935  6.016  5.955  5.935  5.983  5.914  5.849  5.935  5.810  5.935
4.762  4.812  4.727  4.754  4.875  4.904  4.727  4.787  4.881  4.990  4.949  4.860  4.898  4.804  4.913  4.800  4.700  4.718  4.875  5.011  4.883  4.927  4.723  4.836  4.644  4.787  4.766  4.575  4.514  4.682  4.769  4.677  4.575  4.815  4.844  4.682  4.500  4.554  4.687  4.717  4.635  4.585
6.284  6.100  6.184  6.111  6.221  6.192  6.125  6.248  6.311  6.407  6.330  6.325  6.447  6.194  6.265  6.203  5.908  6.209  6.382  6.221  6.113  6.038  6.204  6.079  6.185  6.280  6.079  6.214  5.914  6.100  6.161  5.945  6.116  6.184  6.142  6.149  6.174  6.243  6.189  6.206  6.025  6.287
5.220  5.074  5.136  5.069  5.024  5.142  5.136  5.100  5.212  5.379  5.170  5.292  5.352  5.187  5.257  5.100  5.100  4.920  5.176  5.147  5.142  5.056  5.094  5.130  5.030  4.977  5.155  4.905  4.883  5.055  5.130  4.949  4.787  5.049  5.138  5.124  5.024  5.056  4.940  4.996  4.831  5.030
4.640  4.466  4.605  4.419  4.573  4.635  4.500  4.541  4.570  4.682  4.625  4.533  4.635  4.745  4.492  4.562  4.538  4.500  4.543  4.475  4.564  4.533  4.489  4.466  4.394  4.431  4.419  4.477  4.434  4.500  4.536  4.234  4.511  4.357  4.288  4.575  4.533  4.522  4.443  4.522  4.363  4.527
4.460  4.263  4.248  4.317  4.382  4.431  4.284  4.234  4.164  4.472  4.234  4.466  4.554  4.443  4.557  4.187  4.341  4.260  4.511  4.394  4.354  4.174  4.369  4.422  4.127  4.205  4.231  4.220  3.989  4.174  4.220  4.241  4.328  4.248  4.335  4.392  4.290  4.263  4.382  4.301  4.140  4.190
5.029  4.794  4.956  4.779  5.004  4.926  4.762  4.874  4.875  4.977  4.949  5.004  5.099  4.979  4.997  4.875  4.691  5.043  5.069  4.963  4.868  4.754  4.812  4.852  4.875  4.919  4.868  4.798  4.673  4.790  4.663  4.654  4.673  4.905  4.787  4.844  4.718  4.956  4.883  5.040  4.710  4.904
4.043  3.938  3.970  3.970  4.007  4.007  3.947  4.043  4.263  4.007  3.951  3.932  4.431  4.174  4.344  4.007  4.025  3.998  4.174  4.174  4.187  3.938  3.951  4.007  4.025  4.127  4.091  3.932  3.947  4.025  3.850  3.989  3.985  4.205  4.060  4.043  3.951  3.989  3.912  3.761  3.989  3.951
5.234  5.231  5.231  5.308  5.303  5.147  5.126  5.118  5.130  5.308  5.094  5.361  5.317  5.124  5.293  5.075  4.990  5.257  5.226  5.247  5.136  5.124  5.112  5.142  4.889  5.198  5.165  5.250  4.927  5.024  5.147  5.043  5.193  5.209  5.135  5.182  5.063  5.074  4.919  5.193  5.013  5.106
4.732  4.543  4.691  4.625  4.615  4.734  4.628  4.663  4.615  4.727  4.691  4.771  4.794  4.699  4.883  4.564  4.477  4.673  4.745  4.736  4.848  4.718  4.673  4.820  4.454  4.511  4.595  4.416  4.454  4.691  4.543  4.682  4.682  4.554  4.727  4.500  4.605  4.533  4.509  4.543  4.710  4.635
4.317  4.220  4.454  4.288  4.500  4.454  4.382  4.407  4.466  4.522  4.357  4.401  4.644  4.404  4.522  4.344  4.331  4.500  4.533  4.554  4.477  4.369  4.443  4.350  4.380  4.304  4.301  4.248  4.094  4.043  4.407  4.234  4.354  4.344  4.369  4.489  4.431  4.367  4.274  4.304  4.190  4.263
4.469  4.290  4.317  4.443  4.404  4.452  4.511  4.431  4.477  4.477  4.489  4.570  4.625  4.500  4.745  4.344  4.263  4.595  4.625  4.585  4.718  4.477  4.419  4.573  4.477  4.533  4.354  4.475  4.174  4.248  4.380  4.416  4.394  4.511  4.431  4.477  4.489  4.483  4.331  4.443  4.443  4.520
