3.784  3.807  3.871  3.611  3.784  4.060  3.888  3.784  3.912  3.807  3.871  4.078  4.078  4.025  4.025  4.007  3.970  3.932  3.970  3.892  4.007  3.908  3.871  3.807  3.714  3.714  3.871  3.761  3.689  3.871  3.951  3.951  3.689  3.829  3.807  3.829  3.850  3.850  3.829  3.738  3.932  3.761
3.912  3.846  3.871  3.835  3.951  3.970  3.850  4.022  4.078  4.060  3.784  3.850  4.143  3.829  4.111  4.094  3.784  3.912  4.031  4.091  4.043  3.932  3.970  4.148  3.892  3.947  4.007  3.932  3.807  4.025  3.871  3.951  3.867  3.780  3.871  3.807  3.967  3.761  3.664  3.784  3.932  3.918
6.266  6.178  6.186  6.207  6.131  6.346  6.230  6.266  6.295  6.350  6.335  6.288  6.209  6.144  6.308  6.163  6.174  6.155  6.297  6.246  6.413  6.310  6.287  6.337  6.205  6.109  6.236  6.008  6.001  6.138  6.393  6.170  6.068  6.181  6.252  6.073  6.357  6.299  6.208  6.182  6.339  6.258
7.180  6.981  7.054  6.998  7.049  7.165  7.080  7.124  7.076  7.254  7.200  7.167  7.042  7.029  7.195  7.001  6.927  7.018  7.088  7.014  7.201  7.047  7.062  7.118  6.997  6.901  6.990  6.889  6.775  6.869  7.098  6.906  6.972  6.964  7.052  7.070  7.148  7.125  7.061  7.013  7.062  7.059
4.407  4.382  4.369  4.263  4.392  4.394  4.357  4.394  4.331  4.605  4.392  4.564  4.654  4.522  4.573  4.407  4.248  4.425  4.466  4.452  4.564  4.290  4.425  4.500  4.220  4.256  4.290  4.248  4.220  4.277  4.344  4.143  4.357  4.311  4.514  4.238  4.143  4.407  4.205  4.317  4.043  4.344
3.951  3.871  3.892  3.951  3.857  4.007  4.040  4.108  3.892  4.060  4.022  4.025  4.078  4.209  4.159  3.824  3.802  3.871  4.103  4.111  4.143  3.892  3.689  3.989  3.892  4.025  3.768  3.932  3.738  3.829  3.761  3.951  3.970  3.738  3.802  3.980  3.807  4.004  3.892  3.807  3.951  3.928
5.030  5.011  5.109  5.124  5.135  5.118  5.069  5.136  5.142  5.153  5.124  5.209  5.142  5.147  5.292  5.075  5.215  4.986  5.193  5.257  5.288  5.153  5.153  5.069  5.024  5.037  4.924  4.942  4.927  4.956  5.023  5.024  5.099  5.040  5.055  5.037  4.997  5.043  5.017  4.997  5.088  5.187
4.635  4.304  4.575  4.382  4.419  4.431  4.475  4.500  4.543  4.357  4.205  4.431  4.500  4.446  4.511  4.094  4.311  4.159  4.718  4.564  4.575  4.489  4.477  4.570  4.449  4.248  4.522  4.263  4.187  4.328  4.277  4.489  4.317  4.270  4.419  4.344  4.277  4.190  4.060  4.111  4.290  4.290
3.951  4.078  3.951  4.007  3.932  4.248  3.989  4.060  4.025  3.989  3.951  3.951  4.304  4.317  4.328  4.060  4.007  4.143  4.234  4.202  4.290  4.108  4.290  4.290  3.932  4.174  3.951  4.143  3.738  3.871  3.932  3.850  4.031  3.802  3.888  4.025  3.989  4.190  3.632  3.871  3.818  3.807
4.205  3.951  3.850  3.951  3.989  3.970  4.103  3.951  4.103  3.970  3.824  3.970  4.159  4.111  4.174  4.086  3.951  4.022  3.989  4.246  4.078  4.074  4.025  4.094  3.784  3.892  4.060  3.784  3.892  3.829  3.892  4.007  3.908  3.985  3.871  3.892  3.970  3.989  3.738  3.846  3.839  3.738
4.454  4.311  4.522  4.511  4.331  4.419  4.404  4.376  4.543  4.543  4.522  4.595  4.654  4.543  4.575  4.511  4.416  4.500  4.477  4.530  4.492  4.382  4.394  4.466  4.277  4.431  4.331  4.354  4.111  4.205  4.297  4.284  4.143  4.335  4.407  4.489  4.380  4.431  4.344  4.341  4.174  4.344
4.290  4.111  4.290  4.205  4.174  4.094  4.241  4.205  4.304  4.111  4.263  4.205  4.464  4.304  4.407  4.190  4.205  4.331  4.337  4.382  4.304  4.290  4.234  4.382  4.060  4.094  4.060  4.246  4.057  4.094  4.159  4.159  4.267  4.234  4.124  4.143  4.034  4.127  4.159  4.119  4.174  4.111
5.096  4.792  5.136  5.024  5.081  5.006  4.920  4.787  5.004  5.017  4.984  5.024  5.069  4.811  5.074  4.942  4.691  4.916  5.063  5.030  5.050  4.920  4.828  4.860  4.913  4.762  4.710  4.844  4.673  4.615  4.844  4.700  4.844  4.875  4.898  4.883  4.883  4.890  4.927  4.963  4.820  4.782
4.500  4.369  4.605  4.644  4.449  4.477  4.615  4.554  4.489  4.443  4.394  4.554  4.714  4.454  4.682  4.344  4.401  4.317  4.554  4.710  4.727  4.419  4.464  4.466  4.382  4.290  4.317  4.220  4.159  4.304  4.357  4.466  4.644  4.668  4.754  4.575  4.277  4.522  4.234  4.431  4.394  4.357
4.883  4.527  4.843  4.710  4.796  4.743  4.766  4.887  4.583  5.024  4.754  4.811  4.927  4.860  4.997  4.659  4.522  4.898  4.949  4.787  4.644  4.533  4.680  4.727  4.583  4.710  4.718  4.564  4.452  4.564  4.605  4.443  4.752  4.603  4.635  4.703  4.595  4.850  4.771  4.727  4.543  4.749
3.584  3.497  3.638  3.497  3.584  3.664  3.497  3.611  3.584  3.611  3.466  3.714  3.638  3.761  3.738  3.584  3.555  3.466  3.584  3.638  3.664  3.611  3.481  3.497  3.466  3.638  3.550  3.434  3.497  3.459  3.490  3.434  3.689  3.555  3.611  3.689  3.555  3.555  3.428  3.466  3.459  3.584
4.477  4.564  4.443  4.533  4.454  4.454  4.509  4.625  4.585  4.494  4.583  4.404  4.663  4.682  4.522  4.311  4.357  4.369  4.477  4.595  4.605  4.428  4.573  4.486  4.443  4.220  4.575  4.344  4.277  4.394  4.382  4.595  4.615  4.380  4.564  4.431  4.328  4.452  4.357  4.489  4.407  4.454
4.466  4.382  4.452  4.407  4.394  4.290  4.357  4.443  4.419  4.466  4.382  4.431  4.625  4.394  4.585  4.350  4.337  4.369  4.541  4.663  4.437  4.369  4.295  4.464  4.511  4.290  4.301  4.454  4.174  4.431  4.277  4.388  4.394  4.416  4.304  4.434  4.392  4.263  4.394  4.263  4.331  4.284
4.564  4.174  4.543  4.419  4.466  4.428  4.369  4.394  4.466  4.466  4.357  4.511  4.505  4.500  4.554  4.483  4.197  4.477  4.428  4.466  4.466  4.263  4.394  4.344  4.443  4.394  4.290  4.394  4.094  4.220  4.317  4.290  4.466  4.369  4.466  4.350  4.407  4.543  4.419  4.437  4.277  4.324
4.111  3.912  4.043  3.850  4.043  3.951  3.998  3.998  4.048  4.060  4.132  4.174  4.043  4.174  4.227  3.912  3.892  4.111  4.143  3.892  4.290  4.004  3.947  4.159  4.094  3.932  3.976  4.143  3.807  4.078  3.780  3.850  4.078  4.111  4.094  4.025  3.932  4.025  3.738  3.928  3.989  4.007
4.663  4.500  4.625  4.554  4.554  4.625  4.348  4.615  4.575  4.710  4.317  4.718  4.898  4.745  4.727  4.625  4.431  4.812  4.749  4.727  4.522  4.585  4.605  4.595  4.489  4.718  4.575  4.564  4.443  4.554  4.489  4.443  4.654  4.610  4.520  4.500  4.477  4.691  4.605  4.522  4.511  4.615
4.625  4.431  4.466  4.522  4.533  4.649  4.452  4.511  4.466  4.718  4.583  4.575  4.779  4.700  4.663  4.443  4.344  4.718  4.718  4.736  4.615  4.533  4.511  4.644  4.431  4.489  4.595  4.382  4.369  4.466  4.422  4.394  4.595  4.419  4.522  4.489  4.557  4.443  4.575  4.489  4.454  4.654
