4.554  4.205  4.227  4.220  4.331  4.443  4.394  4.248  4.511  4.700  4.489  4.628  4.489  4.464  4.564  4.585  3.784  4.290  4.025  4.419  4.348  4.331  4.234  4.369  4.317  4.290  4.297  4.159  3.888  4.111  4.143  4.094  4.331  4.331  4.317  4.394  4.357  4.174  4.511  4.227  4.341  4.205
3.466  3.526  3.611  3.638  3.605  3.555  3.526  3.684  3.466  3.638  3.638  3.714  3.714  3.555  3.761  3.658  3.497  3.584  3.684  3.638  3.638  3.664  3.555  3.638  3.526  3.526  3.584  3.584  3.258  3.526  3.555  3.535  3.497  3.401  3.497  3.714  3.490  3.497  3.520  3.325  3.434  3.497
3.932  3.664  3.632  3.761  3.951  3.871  3.829  3.871  3.912  3.970  4.004  4.007  3.970  4.094  4.060  3.892  3.664  3.773  3.928  3.784  4.025  3.912  3.970  3.850  3.871  3.922  3.738  3.970  3.555  3.714  3.892  3.701  3.912  3.850  3.829  3.664  3.846  4.007  3.807  3.664  3.689  3.664
3.490  3.401  3.332  3.332  3.288  3.367  3.367  3.526  3.296  3.497  3.475  3.526  3.638  3.584  3.738  3.497  3.332  3.367  3.584  3.584  3.632  3.466  3.367  3.497  3.434  3.638  3.428  3.434  3.411  3.526  3.459  3.611  3.570  3.367  3.401  3.401  3.401  3.466  3.288  3.434  3.367  3.401
5.412  5.416  5.342  5.247  5.421  5.442  5.361  5.323  5.347  5.460  5.263  5.497  5.406  5.384  5.366  5.387  5.123  5.288  5.481  5.283  5.268  5.316  5.273  5.231  5.257  5.421  5.380  5.170  5.139  5.268  5.257  5.056  5.187  5.328  5.438  5.323  5.265  5.278  5.149  5.247  5.257  5.416
5.288  5.193  5.283  5.257  5.273  5.226  5.220  5.178  5.153  5.209  5.147  5.278  5.317  5.308  5.303  5.043  4.975  5.198  5.382  5.263  5.105  4.990  5.106  5.100  5.106  5.136  5.056  4.965  4.844  4.956  4.970  4.820  5.056  5.220  5.100  5.027  4.984  5.118  5.024  5.089  5.100  5.242
4.771  4.511  4.522  4.559  4.595  4.754  4.605  4.454  4.649  4.804  4.615  4.691  4.700  4.673  4.603  4.583  4.454  4.575  4.682  4.583  4.762  4.625  4.625  4.718  4.382  4.516  4.564  4.466  4.492  4.443  4.477  4.382  4.511  4.443  4.419  4.440  4.642  4.533  4.511  4.564  4.475  4.696
4.754  4.779  4.605  4.564  4.771  4.913  4.804  4.227  4.819  4.804  4.787  4.812  4.680  4.844  4.787  4.673  4.520  4.812  4.796  4.595  5.024  4.811  4.796  4.808  4.522  4.394  4.454  4.533  4.533  4.357  4.477  4.610  4.522  4.533  4.394  4.726  4.477  4.554  4.477  4.595  4.511  4.727
5.159  5.182  5.088  5.164  5.198  5.142  5.175  5.129  5.170  5.182  5.106  5.212  5.293  5.196  5.347  5.117  5.037  5.168  5.226  5.206  5.272  5.207  5.176  5.176  5.142  5.069  5.075  4.987  4.986  4.852  5.121  5.136  5.030  5.043  5.142  5.056  5.063  5.124  5.064  4.956  4.920  5.034
5.069  4.956  5.037  5.075  5.042  5.017  5.075  5.030  5.075  5.182  5.100  5.198  5.209  5.136  5.136  4.970  4.868  5.089  5.106  5.100  5.308  5.030  5.011  4.984  5.130  4.942  4.898  4.874  4.752  4.860  4.919  5.003  5.024  4.990  4.977  4.944  4.934  4.900  5.013  4.875  4.771  4.968
4.615  4.500  4.416  4.595  4.466  4.530  4.564  4.522  4.511  4.766  4.718  4.663  4.754  4.710  4.710  4.533  4.454  4.552  4.677  4.663  4.642  4.635  4.682  4.860  4.615  4.511  4.489  4.357  4.376  4.431  4.595  4.585  4.443  4.477  4.578  4.559  4.635  4.454  4.431  4.443  4.369  4.659
4.277  4.263  4.270  4.344  4.248  4.179  4.277  4.127  4.143  4.443  4.277  4.331  4.367  4.382  4.489  4.263  4.124  4.317  4.394  4.466  4.469  4.554  4.428  4.489  4.234  4.248  4.205  4.151  4.057  4.022  4.220  4.331  4.190  4.159  4.174  4.007  4.190  4.159  4.205  4.078  4.111  4.263
4.949  4.699  4.771  4.762  4.860  4.875  4.613  4.699  4.929  4.787  4.752  4.357  5.014  4.836  4.956  4.511  4.460  4.847  4.898  4.915  4.642  4.644  4.554  4.605  4.575  4.824  4.452  4.808  4.190  4.454  4.580  4.407  4.659  4.662  4.710  4.663  4.630  4.419  4.443  4.700  4.618  4.585
3.466  3.624  3.676  3.497  3.584  3.555  3.689  3.526  3.689  3.714  3.550  3.497  3.839  3.689  3.738  3.466  3.689  3.555  3.807  3.892  3.829  3.584  3.664  3.835  3.512  3.401  3.497  3.526  3.434  3.807  3.401  3.490  3.555  3.578  3.689  3.526  3.428  3.526  3.526  3.466  3.497  3.638
4.263  4.140  4.190  4.111  4.369  4.304  4.227  4.220  4.127  4.288  4.317  4.277  4.520  4.344  4.437  4.369  4.060  4.135  4.369  4.205  4.111  4.111  4.205  4.311  4.143  4.043  4.234  4.007  4.016  4.151  4.111  4.048  4.025  4.190  4.025  4.159  4.248  4.174  4.205  4.111  3.784  4.143
3.296  3.497  3.434  3.490  3.296  3.367  3.444  3.555  3.434  3.541  3.296  3.325  3.664  3.638  3.664  3.367  3.466  3.367  3.526  3.795  3.526  3.584  3.526  3.555  3.434  3.428  3.401  3.428  3.296  3.296  3.434  3.466  3.401  3.401  3.466  3.526  3.428  3.444  3.258  3.332  3.367  3.526
4.927  4.696  4.710  4.625  4.754  4.635  4.644  4.710  4.718  4.635  4.615  4.691  4.734  4.718  4.883  4.654  4.452  4.762  4.736  4.812  4.852  4.690  4.585  4.691  4.635  4.649  4.663  4.595  4.477  4.443  4.486  4.500  4.673  4.644  4.564  4.710  4.595  4.605  4.583  4.796  4.663  4.682
4.304  4.025  4.277  4.066  4.187  4.057  4.202  4.127  4.220  4.108  4.078  4.212  4.143  4.159  4.394  3.912  3.989  4.043  4.078  4.143  4.388  4.248  4.048  4.246  4.248  4.127  4.143  4.004  3.871  3.932  3.850  4.078  4.116  4.074  4.167  4.060  4.025  4.025  4.043  4.060  3.932  3.989
5.366  5.049  5.075  5.325  5.175  5.080  4.984  5.170  5.124  5.317  5.201  5.162  5.242  5.282  5.425  5.004  4.966  5.124  5.257  5.178  5.124  5.024  5.081  5.269  4.947  4.904  5.029  5.081  4.916  5.056  4.984  5.050  5.106  4.956  5.024  5.037  5.063  5.153  5.011  5.043  5.153  5.037
4.220  4.205  4.174  4.234  4.220  4.086  4.111  4.108  4.331  4.284  4.078  4.190  4.248  4.304  4.477  4.111  4.205  4.043  4.344  4.331  4.317  4.127  4.190  4.363  3.985  4.127  4.025  3.989  4.052  4.111  4.111  4.060  4.304  4.143  4.234  4.220  4.094  4.060  3.951  3.912  4.094  4.025
4.927  4.736  4.890  4.828  5.004  4.970  4.625  4.913  4.997  4.970  4.844  4.883  4.977  4.745  5.118  4.844  4.762  4.973  5.024  4.883  4.847  4.787  4.820  4.836  4.931  4.844  4.820  4.905  4.533  4.779  4.464  4.564  4.700  4.708  4.511  4.682  4.852  4.796  4.682  4.898  4.787  4.990
4.174  4.328  4.290  4.431  4.263  4.234  4.205  4.060  4.111  4.392  4.159  4.357  4.304  4.248  4.533  4.217  4.174  4.217  4.317  4.382  4.331  3.985  4.248  4.477  4.091  4.220  4.190  4.151  4.078  4.078  4.007  3.989  4.205  4.043  3.976  4.182  4.159  4.260  4.331  4.277  4.156  4.227
