5.425  5.273  5.416  5.328  5.356  5.515  5.361  5.413  5.403  5.472  5.505  5.493  5.529  5.412  5.513  5.371  5.252  5.476  5.521  5.438  5.545  5.407  5.407  5.338  5.391  5.451  5.460  5.372  5.193  5.438  5.273  5.357  5.451  5.384  5.398  5.525  5.398  5.328  5.182  5.242  5.421  5.394
4.977  4.820  4.844  4.890  4.771  4.990  4.796  4.804  4.879  4.804  4.954  4.796  4.990  4.920  5.081  4.868  4.771  4.804  5.088  4.934  5.136  4.875  4.927  4.905  4.663  4.787  4.883  4.771  4.610  4.710  4.668  4.718  4.771  4.920  4.836  4.852  4.700  4.771  4.736  4.718  4.762  4.796
5.050  5.037  4.896  4.623  5.043  5.130  4.970  4.956  5.017  5.147  5.074  5.081  5.152  5.043  5.030  5.037  4.771  5.061  4.963  4.860  4.968  4.796  4.940  4.771  4.777  4.852  4.949  5.037  4.762  4.844  5.056  4.920  4.659  4.727  4.902  4.875  4.949  4.927  5.043  5.072  4.860  4.920
3.989  4.060  3.951  3.761  3.738  3.714  4.025  3.738  3.998  3.951  3.888  3.850  3.932  4.091  3.970  3.892  3.714  3.738  3.795  3.892  4.022  3.882  4.022  3.951  3.555  3.761  3.761  3.846  3.761  3.850  3.989  3.757  3.714  3.989  3.714  4.043  4.004  3.829  3.989  3.850  3.738  3.951
4.905  4.828  4.843  4.775  4.787  4.879  4.927  4.860  5.011  4.997  4.754  4.942  5.024  4.963  4.956  5.004  4.913  4.956  4.920  4.871  4.970  4.898  4.963  4.796  4.812  4.736  4.868  4.875  4.710  4.732  4.782  4.691  4.625  4.931  4.804  4.934  4.836  4.949  4.630  4.800  4.615  4.875
4.315  4.354  4.205  4.369  4.159  4.304  4.489  4.277  4.234  4.443  4.094  4.419  4.595  4.382  4.431  4.407  4.328  4.301  4.263  4.277  4.331  4.290  4.344  4.392  4.078  4.248  4.317  4.143  3.951  4.078  4.304  4.205  4.159  4.267  4.357  4.174  4.277  4.043  4.248  4.205  3.970  4.277
6.211  5.846  5.971  5.829  6.068  6.031  5.905  6.026  5.991  6.138  6.059  6.064  6.073  6.011  6.028  5.905  5.595  6.023  5.976  5.908  5.749  5.722  5.804  5.800  5.678  5.852  5.759  5.880  5.412  5.659  5.802  5.598  5.697  5.731  5.753  5.771  5.837  5.849  5.861  5.861  5.671  5.916
4.691  4.585  4.543  4.431  4.575  4.527  4.466  4.575  4.527  4.700  4.663  4.690  4.787  4.573  4.677  4.407  4.419  4.500  4.644  4.682  4.407  4.564  4.494  4.522  4.464  4.317  4.344  4.394  4.277  4.220  4.595  4.304  4.382  4.392  4.369  4.367  4.466  4.369  4.392  4.270  4.124  4.344
5.740  5.407  5.465  5.464  5.613  5.480  5.283  5.507  5.517  5.665  5.600  5.553  5.697  5.455  5.591  5.308  5.075  5.513  5.598  5.501  5.375  5.220  5.335  5.283  5.421  5.333  5.204  5.389  4.913  4.992  5.203  4.898  5.338  5.270  5.169  5.211  5.321  5.442  5.425  5.472  5.361  5.468
4.454  4.190  4.522  4.331  4.331  4.159  4.331  4.376  4.324  4.394  4.248  4.564  4.331  4.277  4.407  4.179  4.234  4.190  4.277  4.483  4.443  4.311  4.171  4.234  4.290  4.209  4.212  3.989  3.829  4.025  4.111  4.174  4.369  4.124  4.094  4.248  4.127  4.248  4.025  4.060  4.174  4.174
6.365  6.008  6.205  6.049  6.288  6.326  6.151  6.140  6.240  6.321  6.269  6.330  6.280  6.275  6.337  6.211  5.961  6.289  6.290  6.120  6.165  6.089  6.148  6.100  6.066  5.981  6.057  6.142  5.925  5.893  6.028  5.940  5.945  6.127  6.093  6.136  6.089  6.221  6.211  6.261  5.948  6.111
4.875  5.011  4.691  4.812  5.153  5.056  4.996  4.919  5.024  5.147  5.118  5.004  5.215  5.170  5.313  5.037  4.949  4.934  4.965  4.848  4.890  4.883  5.003  4.990  4.754  4.804  4.868  4.852  4.644  4.710  4.949  4.736  4.533  4.996  4.963  5.136  4.911  4.956  5.056  5.011  4.727  4.881
5.796  5.710  5.808  5.805  5.802  5.781  5.784  5.687  5.683  5.765  5.791  5.826  5.858  5.727  6.040  5.666  5.730  5.803  5.916  5.886  5.778  5.687  5.684  5.720  5.698  5.826  5.690  5.710  5.575  5.659  5.655  5.531  5.814  5.765  5.700  5.753  5.793  5.838  5.784  5.793  5.710  5.804
4.277  4.407  4.171  4.246  4.234  4.407  4.174  4.190  4.205  4.290  4.317  4.419  4.466  4.331  4.382  4.277  4.357  4.317  4.407  4.317  4.615  4.124  4.380  4.234  4.202  4.357  4.217  4.277  4.060  4.205  4.290  4.224  4.267  4.407  4.317  4.419  4.263  4.234  4.174  4.205  4.111  4.043
5.064  4.898  4.963  4.997  5.056  4.982  4.970  5.063  4.893  5.243  5.118  5.114  5.268  5.142  5.169  4.848  4.860  4.997  5.176  4.820  4.868  4.431  4.585  4.567  4.875  4.828  4.890  4.858  4.726  4.691  4.703  4.691  4.927  4.844  4.786  5.011  4.723  4.997  4.890  4.911  4.938  5.037
3.497  3.584  3.466  3.401  3.428  3.296  3.526  3.395  3.578  3.497  3.434  3.466  3.584  3.497  3.882  3.434  3.466  3.497  3.611  3.829  3.738  3.296  3.332  3.526  3.689  3.401  3.550  3.497  3.367  3.434  3.490  3.434  3.526  3.526  3.401  3.497  3.296  3.401  3.434  3.332  3.401  3.332
4.369  4.344  4.344  4.331  4.078  4.419  4.454  4.357  4.443  4.564  4.367  4.392  4.522  4.466  4.503  4.454  4.419  4.295  4.452  4.489  4.466  4.419  4.357  4.475  4.290  4.425  4.407  4.382  4.419  4.270  4.248  4.511  4.419  4.443  4.533  4.382  4.382  4.331  4.217  4.344  4.220  4.317
4.187  4.078  3.967  4.143  3.850  4.094  4.205  4.159  4.159  4.260  4.060  4.159  4.220  4.288  4.317  4.060  4.111  4.060  4.190  4.190  4.248  4.290  4.205  4.124  4.111  4.159  4.143  4.007  3.892  4.043  3.784  4.060  4.060  4.127  4.111  4.099  4.043  3.970  4.052  3.824  4.078  4.034
4.500  4.331  4.248  4.431  4.605  4.431  4.220  4.369  4.357  4.394  4.486  4.437  4.498  4.354  4.585  4.220  4.263  4.446  4.595  4.718  4.380  4.202  4.331  4.331  4.357  4.331  4.284  4.111  4.234  4.078  4.060  4.111  4.464  4.361  4.263  4.220  4.205  4.220  4.419  4.382  4.394  4.477
3.689  3.829  3.829  3.714  3.892  3.761  3.738  3.807  3.714  3.738  3.584  3.664  3.970  3.951  4.111  3.664  3.784  3.871  3.850  3.829  3.871  3.824  3.757  3.664  3.689  3.784  3.714  3.584  3.584  3.555  3.709  3.555  3.871  3.721  3.871  3.761  3.784  3.784  3.638  3.584  3.526  3.584
5.328  5.252  5.283  5.342  5.384  5.318  5.273  5.288  5.270  5.412  5.273  5.425  5.505  5.476  5.551  5.226  5.226  5.380  5.412  5.398  5.381  5.257  5.312  5.263  5.263  5.344  5.317  5.347  5.193  5.187  5.215  5.312  5.187  5.251  5.215  5.412  5.288  5.313  5.400  5.312  5.212  5.273
3.807  4.043  4.060  3.761  3.829  3.807  4.060  3.784  3.970  3.951  3.664  3.951  4.248  4.025  4.060  3.892  4.190  3.888  3.989  3.867  4.016  3.780  4.034  4.060  3.892  3.689  3.871  3.632  3.871  3.932  3.784  3.951  3.871  3.850  4.060  3.970  3.807  3.912  3.761  3.824  3.738  3.850
