5.055  5.037  5.094  5.021  5.142  5.050  5.069  4.990  5.024  5.071  4.990  5.063  5.118  5.158  5.241  5.112  5.023  4.931  5.176  5.193  5.222  5.094  5.030  5.139  4.970  4.956  4.966  4.852  4.727  4.900  4.977  4.820  5.075  4.934  4.898  5.127  4.984  5.108  5.017  5.040  4.843  5.083
5.081  4.911  5.050  5.047  4.913  5.069  4.949  4.911  4.970  4.956  4.970  4.984  5.049  5.124  5.165  4.856  4.890  4.934  4.997  5.063  5.198  5.030  4.940  4.979  4.832  4.905  4.836  4.828  4.854  4.836  4.843  4.777  4.934  4.949  4.804  4.904  4.944  4.963  4.996  4.956  4.949  4.938
5.016  4.671  4.573  4.796  4.796  4.905  4.868  4.875  4.844  5.124  4.868  4.844  5.052  4.852  5.050  4.977  4.682  4.727  4.883  4.549  4.700  4.745  4.796  4.963  4.511  4.554  4.575  4.428  4.205  4.588  4.769  4.394  4.623  4.585  4.554  4.804  4.605  4.585  4.654  4.595  4.380  4.875
5.730  5.361  5.170  5.471  5.517  5.591  5.700  5.620  5.677  5.727  5.557  5.606  5.670  5.577  5.687  5.493  5.438  5.373  5.467  5.164  5.620  5.609  5.647  5.641  5.421  5.485  5.533  5.169  4.828  5.159  5.372  5.106  5.307  5.398  5.455  5.451  5.428  5.389  5.413  5.293  5.142  5.434
4.007  4.060  4.111  4.159  4.060  4.190  4.331  4.043  4.217  4.174  4.060  4.111  4.227  4.205  4.277  4.043  4.091  4.174  4.248  4.091  4.194  4.167  4.171  4.108  4.043  3.980  4.143  3.888  3.829  3.989  4.094  4.007  4.025  4.057  4.111  4.060  4.094  4.159  4.022  3.967  3.932  3.912
4.812  4.605  4.554  4.431  4.511  4.762  4.575  4.543  4.682  4.727  4.691  4.673  4.775  4.625  4.777  4.554  4.771  4.475  4.756  4.543  4.990  4.860  4.680  4.883  4.663  4.500  4.691  4.522  4.511  4.644  4.605  4.509  4.511  4.687  4.605  4.494  4.575  4.673  4.489  4.443  4.673  4.489
3.912  3.871  3.902  4.007  3.807  3.892  3.967  4.060  3.892  3.970  3.714  3.932  3.912  3.839  4.025  3.892  3.871  3.892  3.989  3.970  3.892  3.850  3.829  3.951  3.784  3.638  3.664  3.709  3.738  3.696  3.807  3.951  3.951  3.807  3.829  3.684  3.709  3.807  3.733  3.871  3.807  3.912
4.477  4.369  4.481  4.559  4.419  4.344  4.431  4.543  4.575  4.663  4.357  4.533  4.489  4.520  4.605  4.382  4.331  4.419  4.419  4.573  4.625  4.431  4.344  4.331  4.357  4.231  4.094  4.205  4.094  4.052  4.111  4.419  4.443  4.443  4.290  4.297  4.220  4.263  4.248  4.394  4.331  4.489
4.344  4.416  4.419  4.431  4.304  4.248  4.386  4.331  4.431  4.536  4.220  4.422  4.533  4.369  4.481  4.407  4.344  4.407  4.522  4.407  4.454  4.234  4.344  4.394  4.205  4.174  4.248  4.124  4.111  4.174  4.288  4.331  4.290  4.127  4.174  4.159  4.317  4.281  4.143  4.248  4.143  4.263
5.484  5.403  5.361  5.409  5.328  5.303  5.353  5.288  5.347  5.509  5.493  5.423  5.407  5.338  5.429  5.288  5.212  5.308  5.384  5.398  5.455  5.412  5.460  5.361  5.197  5.182  5.215  5.259  5.024  5.142  5.292  5.270  5.226  5.318  5.288  5.247  5.273  5.190  5.179  5.252  5.124  5.220
4.710  4.603  4.890  4.691  4.682  4.625  4.673  4.663  4.691  4.920  4.887  4.644  4.862  4.762  4.956  4.654  4.562  4.754  4.949  4.743  4.828  4.718  4.668  4.913  4.543  4.404  4.615  4.469  4.407  4.682  4.481  4.554  4.615  4.635  4.615  4.522  4.673  4.691  4.727  4.699  4.407  4.625
4.357  4.159  4.625  4.317  4.111  4.111  4.277  4.217  4.248  4.404  4.197  4.398  4.454  4.277  4.419  4.290  4.220  4.127  4.605  4.466  4.543  4.190  4.260  4.483  4.202  4.174  4.094  4.174  4.043  4.143  4.111  4.290  4.369  4.489  4.127  4.060  4.159  4.341  4.256  4.124  4.119  4.382
4.135  4.007  3.850  3.951  3.871  4.025  3.850  3.850  3.850  4.043  4.025  4.094  4.174  3.970  4.094  3.898  4.007  3.970  4.174  4.127  4.094  3.877  3.951  3.850  3.989  3.795  3.850  3.850  3.714  3.714  3.980  3.932  3.888  3.871  3.761  3.947  3.871  4.407  3.912  3.850  3.850  3.912
3.664  3.555  3.555  3.689  3.664  3.526  3.497  3.497  3.520  3.584  3.332  3.584  3.807  3.611  3.638  3.578  3.611  3.555  3.761  3.784  3.714  3.584  3.611  3.605  3.466  3.584  3.526  3.611  3.466  3.466  3.611  3.497  3.584  3.611  3.578  3.555  3.714  3.761  3.624  3.497  3.684  3.555
3.928  4.419  3.989  4.025  3.970  4.060  4.066  3.989  4.078  4.234  3.947  4.094  4.331  4.466  4.357  4.290  4.304  4.052  4.202  3.970  4.401  4.290  4.369  4.369  4.043  4.007  3.932  3.807  3.871  3.970  4.159  4.263  4.069  4.004  4.143  4.143  4.174  3.871  4.078  3.961  3.970  3.970
3.664  3.709  3.738  3.761  3.773  3.714  3.791  3.761  3.658  3.951  3.564  3.829  4.127  3.867  3.951  3.824  3.850  3.555  3.871  3.829  3.989  3.892  3.850  3.908  3.664  3.638  3.738  3.611  3.497  3.555  3.738  3.807  3.829  3.757  3.761  3.871  3.684  3.709  3.761  3.584  3.611  3.664
3.892  3.761  3.871  3.829  3.638  3.829  3.689  3.932  4.103  4.007  3.912  3.676  3.908  4.111  4.194  3.807  3.802  3.867  3.989  4.260  4.187  3.908  3.738  3.871  3.829  3.807  3.684  3.807  3.638  4.094  3.714  3.807  3.761  3.584  3.829  3.802  3.555  3.795  4.248  3.714  3.888  3.714
3.466  3.555  3.738  3.638  3.497  3.664  3.638  3.721  3.709  3.745  3.714  3.664  3.829  3.829  3.912  3.584  3.714  3.638  3.689  4.156  3.689  3.829  3.689  3.676  3.761  3.555  3.611  3.632  3.434  3.526  3.466  3.714  3.611  3.584  3.550  3.664  3.555  3.664  5.081  3.526  3.578  3.611
5.043  5.029  4.913  5.078  5.047  5.017  4.970  4.963  5.158  5.283  5.114  5.118  5.228  5.159  5.235  4.890  5.024  5.071  5.106  5.011  5.193  5.094  5.071  5.153  4.736  4.949  4.883  4.779  4.836  4.883  4.927  5.142  4.868  5.021  5.118  5.037  4.984  4.949  5.043  4.934  4.868  4.745
4.357  4.500  4.190  4.260  4.357  4.317  4.350  4.489  4.394  4.500  4.341  4.500  4.644  4.317  4.509  4.317  4.543  4.431  4.530  4.573  4.673  4.454  4.472  4.600  4.277  4.246  4.369  4.127  4.354  4.382  4.416  4.422  4.431  4.431  4.477  4.398  4.328  4.025  4.248  4.234  4.220  4.311
4.638  4.635  4.644  4.700  4.522  4.466  4.673  4.454  4.858  4.635  4.489  4.605  4.605  4.691  4.868  4.477  4.691  4.712  4.835  4.852  4.811  4.682  4.585  4.771  4.454  4.500  4.369  4.304  4.357  4.533  4.466  4.585  4.816  4.428  4.652  4.394  4.585  4.511  4.503  4.382  4.543  4.454
4.040  3.951  4.212  4.190  3.989  3.892  3.829  3.970  4.007  4.007  3.761  3.871  4.174  4.103  4.111  3.784  4.111  4.022  4.321  4.443  4.246  4.007  4.043  4.174  3.989  3.888  3.871  3.664  3.750  3.967  3.850  3.985  4.536  4.025  3.976  3.908  3.829  3.892  3.912  3.807  4.159  3.867
