6.014  6.040  6.073  6.009  6.123  6.152  6.229  6.131  6.152  6.254  6.159  6.168  6.258  6.172  6.144  6.282  5.938  6.075  6.308  6.047  6.040  6.001  6.184  6.201  6.006  5.955  6.061  6.045  5.919  6.176  6.292  6.142  5.974  6.068  6.120  6.163  6.129  6.100  5.985  6.031  5.994  6.210
7.654  7.596  7.530  7.398  7.567  7.583  7.673  7.594  7.683  7.818  7.642  7.694  7.645  7.605  7.616  7.617  7.434  7.548  7.788  7.502  7.597  7.616  7.683  7.568  7.593  7.630  7.509  7.627  7.527  7.634  7.568  7.535  7.451  7.676  7.811  7.644  7.584  7.595  7.480  7.476  7.530  7.638
4.663  4.431  4.559  4.595  4.595  4.500  4.745  4.625  4.787  4.862  4.575  4.745  4.832  4.657  4.844  4.554  4.546  4.500  4.734  4.663  4.590  4.575  4.522  4.477  4.671  4.595  4.543  4.419  4.234  4.477  4.522  4.554  4.583  4.691  4.575  4.520  4.489  4.511  4.554  4.431  4.443  4.682
4.862  4.875  4.902  4.905  4.893  4.883  4.913  4.920  4.927  5.142  4.919  5.075  5.100  5.016  5.136  4.836  4.890  4.777  4.938  4.956  4.999  4.934  4.927  4.997  4.844  4.775  4.902  4.804  4.654  4.732  4.864  4.875  4.775  4.844  4.949  5.037  4.777  4.898  4.815  4.844  4.769  4.860
5.204  5.283  5.165  4.883  5.198  5.252  5.176  5.193  5.263  5.209  5.112  5.230  5.434  5.268  5.212  5.023  5.074  5.263  5.323  5.175  5.219  5.164  5.241  5.220  5.136  5.043  5.187  5.056  4.890  5.056  5.132  5.088  4.977  5.003  5.030  5.094  5.312  5.164  5.080  5.176  4.965  5.170
4.369  4.477  4.590  4.256  4.190  4.554  4.500  4.466  4.562  4.404  4.174  4.588  4.595  4.511  4.564  4.344  4.357  4.419  4.419  4.500  4.811  4.454  4.472  4.575  4.205  4.263  4.382  4.344  4.094  4.394  4.498  4.308  4.466  4.357  4.311  4.248  4.335  4.274  4.274  4.190  4.369  4.472
5.472  5.288  5.384  5.365  5.442  5.394  5.438  5.394  5.347  5.576  5.442  5.485  5.497  5.328  5.438  5.438  5.228  5.361  5.400  5.323  5.442  5.347  5.112  5.230  5.464  5.359  5.273  5.313  5.106  5.220  5.215  5.270  5.312  5.438  5.425  5.425  5.327  5.273  5.220  5.247  5.357  5.357
4.625  4.564  4.562  4.437  4.575  4.443  4.564  4.500  4.644  4.615  4.595  4.605  4.727  4.605  4.605  4.382  4.573  4.564  4.575  4.503  4.654  4.691  4.511  4.595  4.677  4.494  4.543  4.477  4.407  4.454  4.357  4.454  4.407  4.407  4.644  4.554  4.466  4.331  4.407  4.511  4.344  4.357
6.349  6.060  6.301  6.223  6.244  6.311  6.159  6.194  6.256  6.363  6.366  6.345  6.267  6.196  6.277  6.054  6.026  6.170  6.269  6.280  6.114  6.057  6.057  6.109  5.994  6.131  6.133  6.176  6.049  6.061  6.216  6.052  6.103  6.218  6.127  6.168  6.111  6.282  6.267  6.082  5.979  6.184
7.072  6.907  6.966  6.908  7.057  7.041  6.942  6.989  6.965  7.219  7.108  7.066  7.095  6.989  7.104  6.985  6.761  6.954  7.036  7.024  6.950  7.007  6.931  6.970  6.883  6.958  6.987  7.092  6.976  7.000  6.975  6.882  6.878  6.927  6.916  6.953  6.973  7.032  7.029  6.937  6.819  6.876
5.236  5.011  5.283  5.147  5.236  5.153  5.147  5.136  5.193  5.318  5.192  5.203  5.263  5.159  5.389  5.132  4.973  5.247  5.220  5.265  5.155  5.056  5.043  5.165  5.086  5.124  5.117  5.081  4.927  4.889  5.063  5.043  5.069  5.241  5.142  5.130  4.997  5.164  5.081  5.215  4.997  5.118
4.454  4.317  4.290  4.466  4.331  4.344  4.277  4.205  4.472  4.328  4.301  4.205  4.541  4.431  4.595  4.369  4.263  4.290  4.489  4.452  4.382  4.369  4.331  4.398  4.328  4.382  4.205  4.248  4.052  4.317  4.248  4.205  4.304  4.290  4.288  4.241  4.288  4.174  4.209  4.263  4.297  4.603
7.441  7.206  7.324  7.386  7.424  7.391  7.277  7.350  7.367  7.484  7.305  7.421  7.404  7.339  7.551  7.281  7.170  7.268  7.366  7.292  7.321  7.264  7.267  7.300  7.239  7.183  7.232  7.191  6.992  7.057  7.217  7.216  7.286  7.251  7.290  7.332  7.236  7.475  7.396  7.303  7.200  7.229
6.273  6.330  6.211  6.355  6.269  6.300  6.326  6.150  6.261  6.317  6.256  6.304  6.357  6.244  6.447  6.244  6.263  6.122  6.340  6.312  6.395  6.365  6.303  6.332  6.242  6.121  6.209  6.085  5.976  6.047  6.213  6.213  6.075  6.280  6.223  6.312  6.293  6.225  6.235  6.188  6.198  6.144
4.736  4.633  4.745  4.696  4.673  4.723  4.575  4.691  4.543  4.663  4.691  4.652  4.771  4.727  4.828  4.625  4.500  4.820  4.812  4.934  4.787  4.554  4.696  4.736  4.511  4.486  4.564  4.644  4.443  4.511  4.554  4.543  4.762  4.687  4.536  4.625  4.466  4.618  4.533  4.640  4.443  4.615
4.934  4.990  4.913  5.081  5.001  5.029  4.963  4.913  4.913  4.934  5.056  4.919  5.142  5.094  5.142  4.954  4.956  4.997  5.050  5.011  5.050  5.086  5.011  5.050  4.852  4.779  4.913  4.902  4.787  4.883  5.037  4.860  4.920  4.860  4.866  4.900  4.997  4.996  4.938  4.949  4.875  4.984
5.455  5.407  5.509  5.415  5.489  5.509  5.325  5.533  5.427  5.733  5.412  5.509  5.576  5.442  5.628  5.438  5.384  5.523  5.572  5.476  5.616  5.459  5.407  5.493  5.429  5.425  5.371  5.371  5.182  5.238  5.328  5.278  5.438  5.533  5.454  5.474  5.421  5.226  5.313  5.425  5.357  5.468
5.135  5.029  5.124  5.142  4.990  5.004  5.030  5.056  5.094  5.130  5.036  5.159  5.112  4.997  5.252  4.940  4.934  5.176  5.081  5.014  5.313  5.017  5.100  5.178  4.920  5.007  5.024  4.874  4.956  5.102  4.956  5.075  4.954  5.136  5.024  5.195  4.940  4.940  5.075  5.034  4.828  4.945
4.554  4.498  4.443  4.483  4.585  4.533  4.516  4.419  4.595  4.570  4.583  4.525  4.754  4.575  4.644  4.522  4.466  4.635  4.673  4.533  4.481  4.407  4.466  4.554  4.382  4.419  4.486  4.605  4.263  4.369  4.477  4.224  4.394  4.623  4.469  4.533  4.533  4.538  4.673  4.522  4.297  4.422
4.357  4.290  4.331  4.369  4.234  4.304  4.331  4.419  4.290  4.404  4.431  4.394  4.585  4.489  4.500  4.407  4.454  4.394  4.454  4.344  4.382  4.277  4.431  4.500  4.304  4.234  4.205  5.165  4.119  4.190  4.263  4.234  4.290  4.394  4.419  4.419  4.277  4.373  4.376  4.140  4.205  4.074
4.890  4.762  4.827  5.004  4.905  4.963  4.949  4.827  4.920  4.949  4.868  4.927  5.039  4.970  5.056  4.787  4.787  4.920  5.080  5.024  5.037  4.898  4.820  4.904  5.024  4.920  4.745  4.889  4.771  4.828  4.734  4.934  5.088  4.875  4.972  4.890  4.828  4.771  4.633  4.835  4.856  4.883
5.509  5.260  5.398  5.525  5.553  5.438  5.396  5.476  5.407  5.557  5.460  5.533  5.588  5.453  5.568  5.347  5.451  5.493  5.479  5.642  5.643  5.541  5.472  5.519  5.288  5.333  5.215  5.204  5.226  5.215  5.323  5.288  5.471  5.497  5.471  5.489  5.357  5.505  5.358  5.357  5.384  5.371
