3.951  3.638  3.829  3.850  3.829  3.807  3.829  3.807  3.829  4.060  3.689  4.025  3.877  3.733  3.871  3.791  3.780  3.784  3.932  3.892  3.912  3.738  3.807  3.892  3.738  3.807  3.611  3.638  3.555  3.738  3.807  3.714  3.871  3.784  3.714  3.761  3.664  3.638  3.638  3.733  3.689  3.761
3.912  3.970  3.824  4.025  3.738  3.807  3.892  3.738  3.807  3.989  3.761  3.850  4.060  3.951  3.912  3.888  3.738  3.761  4.164  4.060  3.951  4.086  3.664  3.807  3.892  3.892  3.738  3.638  3.664  3.638  3.757  3.638  3.807  3.791  3.784  3.761  3.780  3.985  3.871  3.892  3.761  3.829
4.025  3.989  4.004  3.932  3.784  3.989  3.951  3.892  4.007  3.932  3.932  4.159  4.057  4.127  4.060  4.025  4.025  3.807  3.970  4.040  4.127  3.892  3.850  4.043  3.970  3.888  3.892  3.714  3.738  3.807  3.985  3.871  3.850  4.004  4.111  3.802  3.867  3.985  3.922  3.807  3.714  3.861
3.829  3.829  3.761  3.912  3.850  3.951  3.892  3.761  3.871  3.829  3.761  3.829  3.928  3.961  4.119  4.108  3.733  3.773  3.784  3.995  3.967  3.784  3.780  3.689  3.871  3.867  3.829  3.882  3.584  3.555  3.892  3.738  3.761  3.784  3.892  4.148  3.951  3.829  3.912  3.664  3.807  3.932
4.419  4.241  4.369  4.475  4.220  4.489  4.407  4.407  4.443  4.317  4.331  4.454  4.344  4.394  4.466  4.304  4.454  4.270  4.357  4.511  4.543  4.454  4.369  4.344  4.350  4.205  4.274  4.234  4.074  4.190  4.344  4.317  4.209  4.419  4.246  4.220  4.369  4.190  4.317  4.111  4.248  4.290
3.761  3.664  3.555  3.761  3.714  3.555  3.784  3.807  3.611  3.714  3.555  3.932  3.807  3.802  3.714  3.761  3.738  3.611  3.829  3.871  3.761  3.689  3.892  3.738  3.584  3.664  3.555  3.738  3.526  3.584  3.871  3.761  3.671  3.611  3.605  3.689  3.638  3.658  3.638  3.434  3.664  3.497
4.205  4.202  4.253  4.263  4.220  4.290  4.304  4.248  4.382  4.431  4.174  4.263  4.344  4.388  4.301  4.220  3.989  4.248  4.394  4.407  4.407  4.263  4.248  4.317  4.143  4.091  4.111  3.892  3.989  4.108  4.159  4.156  4.111  4.182  4.174  4.016  4.290  4.205  4.143  4.159  4.078  4.171
4.159  3.714  3.938  3.829  3.807  3.784  3.846  3.846  3.829  3.871  3.584  3.989  4.052  3.892  4.043  3.807  4.091  3.807  3.989  4.132  3.871  3.807  3.850  3.867  3.892  3.721  3.714  3.784  3.850  3.942  3.555  3.871  3.871  3.829  3.829  3.784  3.714  3.784  3.761  3.555  3.624  3.951
4.331  4.124  4.171  4.248  3.998  4.025  4.007  4.127  4.331  4.159  4.209  4.190  4.260  4.234  4.263  3.970  4.111  4.060  4.190  4.190  4.246  4.094  4.078  4.111  4.060  4.127  4.111  4.043  3.892  4.025  3.932  4.127  4.108  4.205  4.124  3.970  3.947  4.127  4.007  3.908  3.970  4.127
3.733  3.676  3.829  3.892  3.784  3.738  3.871  3.689  3.738  3.714  3.689  3.912  3.908  3.784  4.007  3.658  3.714  3.784  3.807  3.912  3.947  3.932  3.632  3.829  3.807  3.671  3.738  3.555  3.611  3.611  3.497  3.795  3.714  3.738  3.738  3.638  3.506  3.738  3.541  3.684  3.624  3.638
3.332  3.434  3.367  3.332  3.434  3.401  3.459  3.434  3.434  3.550  3.506  3.584  3.497  3.592  3.684  3.466  3.497  3.428  3.526  3.526  3.676  3.555  3.428  3.550  3.401  3.466  3.401  3.332  3.434  3.434  3.367  3.497  3.367  3.520  3.258  3.466  3.459  3.332  3.384  3.219  3.401  3.367
3.296  3.401  3.219  3.367  3.555  3.258  3.401  3.296  3.466  3.512  3.258  3.459  3.481  3.611  3.497  3.526  3.611  3.332  3.475  3.555  3.555  3.434  3.332  3.466  3.258  3.296  3.520  3.401  3.325  3.296  3.332  3.401  3.401  3.459  3.367  3.434  3.434  3.332  3.332  3.332  3.296  3.526
4.394  4.449  4.348  4.290  4.217  4.263  4.454  4.357  4.331  4.392  4.288  4.431  4.440  4.419  4.498  4.159  4.256  4.174  4.382  4.344  4.369  4.344  4.304  4.331  4.234  4.324  4.143  4.246  4.205  4.231  4.174  4.119  4.284  4.220  4.205  4.407  4.277  4.357  4.284  4.256  4.078  4.248
4.786  4.564  4.575  4.662  4.363  4.533  4.543  4.644  4.522  4.635  4.593  4.554  4.736  4.673  4.644  4.595  4.657  4.520  4.710  4.771  4.718  4.603  4.644  4.630  4.554  4.543  4.477  4.394  4.522  4.443  4.615  4.533  4.580  4.673  4.673  4.466  4.489  4.682  4.475  4.505  4.369  4.564
4.263  4.111  4.078  4.174  4.174  3.970  4.111  4.025  4.111  4.174  4.043  4.190  4.205  4.220  4.407  4.091  4.007  4.127  4.078  5.277  4.301  4.317  4.159  4.174  4.007  3.892  3.989  3.846  3.908  3.912  4.016  4.094  4.043  4.127  4.060  4.094  4.111  3.807  3.970  4.043  3.892  3.912
3.584  3.689  3.638  3.638  3.584  3.584  3.466  3.689  3.584  3.738  3.541  3.784  3.738  3.846  3.912  3.709  3.871  3.497  3.829  5.003  3.784  3.813  3.555  3.784  3.664  3.497  3.497  3.497  3.434  3.526  3.555  3.784  3.555  3.738  3.714  3.689  3.401  3.664  3.526  3.664  3.497  3.526
5.672  5.620  5.652  5.689  5.565  5.707  5.541  5.525  5.693  5.652  5.765  5.768  5.688  5.620  5.765  5.575  5.558  5.670  5.734  5.675  5.888  5.704  5.749  6.001  5.549  5.620  5.640  5.545  5.572  5.635  5.513  5.513  5.529  5.613  5.656  5.583  5.635  5.557  5.576  5.606  5.571  5.606
5.481  5.645  5.587  5.416  5.434  5.609  5.616  5.427  5.650  5.645  5.635  5.762  5.613  5.527  5.705  5.505  5.561  5.529  5.605  5.546  5.759  5.749  5.687  5.844  5.545  5.513  5.521  5.468  5.480  5.517  5.472  5.455  5.442  5.583  5.623  5.525  5.566  5.509  5.468  5.598  5.364  5.507
5.342  5.241  5.328  5.476  5.375  5.421  5.403  5.347  5.472  5.252  5.227  5.464  5.476  5.384  5.553  5.318  5.425  5.268  5.542  5.493  5.565  5.632  5.481  5.573  5.311  5.263  5.288  5.193  5.153  5.170  5.215  5.389  5.398  5.268  5.394  5.354  5.403  5.252  5.169  5.149  5.247  5.313
6.094  5.966  6.072  6.174  6.078  6.089  6.015  6.017  6.105  6.006  5.969  6.084  6.148  6.087  6.290  6.021  6.050  6.057  6.273  6.219  6.269  6.178  6.023  6.197  5.996  5.864  5.900  5.905  5.720  5.891  5.897  6.033  6.038  6.078  6.091  6.067  5.931  5.964  5.989  5.938  6.031  6.061
5.550  5.351  5.553  5.685  5.517  5.595  5.288  5.580  5.421  5.652  5.576  5.592  5.544  5.539  5.787  5.263  5.215  5.489  5.704  5.805  5.434  5.342  5.434  5.633  5.288  5.298  5.327  5.176  5.088  5.361  5.357  5.288  5.673  5.505  5.371  5.481  5.323  5.509  5.483  5.339  5.529  5.328
5.966  5.680  5.978  6.002  5.927  5.872  5.730  5.928  5.961  6.118  5.894  5.918  5.960  5.916  6.213  5.753  5.684  5.930  6.096  6.148  5.861  5.841  5.927  6.024  5.741  5.814  5.685  5.724  5.583  5.804  5.505  5.822  6.107  5.790  5.881  5.814  5.642  5.912  5.880  5.858  5.943  5.905
