4.794  4.625  4.786  4.663  4.663  4.673  4.666  4.562  4.662  4.625  4.812  4.868  4.700  4.754  4.710  4.638  4.595  4.796  4.585  4.732  4.905  4.756  4.771  4.804  4.434  4.564  4.522  4.585  4.477  4.608  4.625  4.585  4.635  4.682  4.615  4.625  4.633  4.575  4.554  4.575  4.431  4.654
4.691  4.595  4.585  4.543  4.543  4.610  4.796  4.673  4.615  4.718  4.700  4.745  4.913  4.879  4.905  4.676  4.718  4.644  4.726  4.676  4.927  4.771  4.543  4.771  4.564  4.559  4.585  4.615  4.554  4.477  4.700  4.718  4.663  4.875  4.779  4.771  4.644  4.630  4.509  4.605  4.533  4.575
4.682  4.787  4.896  4.762  4.700  4.663  4.762  4.727  4.635  4.875  4.856  4.796  4.843  4.860  5.017  4.745  4.509  4.644  4.804  4.927  4.787  4.726  4.726  4.745  4.511  4.635  4.500  4.434  4.431  4.610  4.593  4.615  4.762  4.443  4.585  4.522  4.700  4.682  4.466  4.549  4.522  4.796
4.554  4.248  4.458  4.525  4.394  4.443  4.419  4.554  4.489  4.682  4.434  4.533  4.500  4.509  4.595  4.357  4.234  4.407  4.554  4.466  4.615  4.369  4.404  4.585  4.315  4.369  4.369  4.234  4.190  4.317  4.369  4.248  4.344  4.304  4.407  4.382  4.404  4.369  4.369  4.475  4.369  4.382
5.714  5.839  5.694  5.585  5.587  5.596  5.826  5.573  5.738  6.000  5.717  5.775  6.028  5.826  5.817  5.855  5.677  5.565  5.654  5.572  5.756  5.808  5.808  5.796  5.472  5.338  5.656  5.434  5.591  5.517  5.753  5.545  5.460  5.540  5.768  5.656  5.647  5.386  5.472  5.525  5.373  5.493
5.242  5.071  5.081  5.063  5.080  5.024  5.063  5.165  5.027  5.312  5.247  5.209  5.333  5.204  5.262  5.094  5.100  5.050  5.252  5.088  5.283  5.179  5.112  5.159  5.006  5.011  4.942  4.875  4.754  4.929  5.043  4.904  5.085  5.055  5.088  5.023  5.014  4.990  4.949  4.875  4.847  5.017
4.143  4.143  4.094  4.074  4.025  3.970  4.007  3.970  4.025  4.248  4.111  4.091  4.111  4.111  4.174  3.970  4.159  4.190  4.108  4.288  4.277  4.060  4.025  4.263  4.108  4.156  4.143  3.989  3.888  3.912  3.970  3.912  4.078  3.871  4.078  3.970  3.951  4.022  4.025  4.066  3.989  4.043
4.007  4.007  4.094  4.127  3.985  4.060  3.970  4.127  4.022  4.248  4.007  4.127  4.260  4.127  4.317  4.016  3.998  4.143  4.151  4.248  4.205  4.057  4.043  4.124  3.947  3.932  3.970  4.078  4.048  4.060  3.985  4.220  4.007  3.970  4.025  4.043  4.148  4.127  4.069  3.989  3.951  4.040
4.277  4.311  4.241  4.344  4.317  4.281  4.277  4.263  4.331  4.472  4.331  4.392  4.505  4.369  4.575  4.331  4.321  4.263  4.486  4.477  4.454  4.431  4.284  4.277  4.357  4.174  4.260  4.111  4.159  4.069  4.111  4.290  4.344  4.277  4.317  4.369  4.317  4.231  4.331  4.248  4.111  4.301
4.836  4.812  4.779  4.860  4.796  4.794  4.804  4.691  4.868  4.975  4.796  4.832  5.094  4.836  4.963  4.775  4.762  4.875  4.942  4.952  4.938  4.754  4.773  4.804  4.511  4.671  4.739  4.762  4.635  4.530  4.796  4.718  4.787  4.644  4.804  4.852  4.802  4.856  4.635  4.754  4.691  4.760
4.856  4.736  4.654  4.745  4.500  4.654  4.745  4.663  4.691  4.804  4.710  4.820  4.875  4.625  4.898  4.682  4.710  4.654  4.820  4.836  4.796  4.843  4.754  4.710  4.691  4.443  4.605  4.538  4.549  4.443  4.575  4.710  4.786  4.787  4.696  4.771  4.635  4.754  4.595  4.635  4.644  4.812
3.989  3.967  3.829  3.850  3.526  3.807  3.892  3.784  3.829  3.912  3.877  4.078  4.060  3.989  4.159  3.784  3.970  3.850  4.025  4.074  3.932  3.970  3.970  3.989  4.174  3.888  3.932  3.829  3.605  3.784  3.932  3.829  3.970  3.961  4.060  3.861  3.850  3.738  3.795  3.761  4.111  3.970
4.580  4.369  4.625  4.615  4.554  4.546  4.500  4.554  4.522  4.644  4.394  4.590  4.530  4.500  4.605  4.466  4.419  4.625  4.595  4.500  4.723  4.578  4.511  4.700  4.431  4.398  4.277  4.357  4.187  4.341  4.263  4.317  4.466  4.489  4.428  4.500  4.401  4.407  4.304  4.277  4.413  4.522
4.341  4.205  4.466  4.382  4.304  4.394  4.304  4.277  4.475  4.575  4.382  4.369  4.590  4.369  4.543  4.220  4.290  4.419  4.428  4.466  4.671  4.382  4.489  4.533  4.263  4.143  4.317  4.043  4.174  4.263  4.060  4.369  4.511  4.190  4.388  4.277  4.324  4.431  4.361  4.344  4.344  4.212
3.714  3.761  3.892  3.555  3.784  3.784  3.434  3.638  3.761  3.780  3.850  3.784  3.829  3.850  3.738  3.664  3.976  3.689  3.784  3.726  3.714  3.738  3.807  3.784  3.555  3.526  3.784  3.611  3.555  3.526  3.555  3.664  3.584  3.611  3.709  3.784  3.664  3.497  3.664  3.584  3.584  3.761
3.892  3.714  3.714  3.750  3.638  3.738  3.738  3.638  3.829  3.888  3.791  3.738  3.892  4.025  3.912  3.689  3.738  3.658  3.970  3.867  3.888  3.802  3.664  3.773  3.784  3.714  3.605  3.738  3.584  3.733  3.714  3.761  3.664  3.611  3.807  3.676  3.611  3.768  3.671  3.829  3.738  3.802
6.363  6.205  6.234  6.392  6.392  6.364  6.159  6.279  6.269  6.389  6.282  6.347  6.375  6.260  6.631  6.163  6.148  6.194  6.392  6.293  6.298  6.261  6.210  6.252  6.172  6.021  6.105  6.021  5.841  5.961  6.067  6.317  6.194  6.183  6.220  6.280  6.136  6.466  6.433  6.190  6.142  6.161
6.727  6.739  6.615  6.763  6.762  6.765  6.758  6.686  6.750  6.839  6.735  6.773  6.884  6.709  7.019  6.601  6.713  6.609  6.731  6.669  6.765  6.771  6.757  6.821  6.550  6.562  6.603  6.439  6.516  6.519  6.617  6.750  6.596  6.687  6.682  6.719  6.675  6.852  6.718  6.557  6.540  6.535
5.150  4.990  4.898  5.064  5.193  5.053  4.984  4.913  4.963  5.209  5.118  5.153  5.159  5.111  5.247  4.984  4.787  5.142  5.165  5.165  5.100  4.961  5.004  5.118  4.828  4.812  4.844  4.913  4.812  4.875  4.875  4.860  4.956  5.011  5.037  5.106  4.997  5.069  5.193  5.036  4.868  5.037
4.786  4.595  4.771  4.752  4.820  4.564  4.605  4.613  4.615  4.890  4.762  4.710  4.920  4.894  4.836  4.745  4.533  4.662  4.828  4.905  4.860  4.736  4.718  4.727  4.673  4.585  4.543  4.477  4.533  4.533  4.595  4.475  4.615  4.625  4.605  4.663  4.477  4.812  4.718  4.654  4.663  4.673
5.231  5.146  5.176  5.226  5.198  5.193  5.085  5.278  5.140  5.352  5.273  5.361  5.342  5.361  5.416  5.193  5.100  5.317  5.263  5.303  5.328  5.135  5.219  5.347  4.875  5.108  5.170  5.037  4.973  5.094  5.159  5.124  5.306  5.195  5.173  5.231  5.124  5.268  5.169  5.170  5.075  5.209
4.844  4.705  4.762  5.004  4.710  4.718  4.603  4.762  4.796  4.717  4.824  4.727  5.024  4.804  4.956  4.718  4.718  4.743  4.745  4.949  5.004  4.756  4.792  4.920  4.710  4.595  4.673  4.654  4.554  4.615  4.618  4.625  4.736  4.762  4.603  4.796  4.663  4.732  4.762  4.754  4.796  4.654
