6.157  6.059  6.098  5.878  6.030  6.109  6.272  6.206  6.303  6.330  6.314  6.281  6.299  6.351  6.253  6.273  6.040  6.327  6.306  6.227  6.293  6.035  6.229  6.151  6.117  6.180  6.195  6.196  5.958  6.078  6.248  5.961  6.051  6.229  6.182  6.214  6.242  6.267  6.009  6.275  6.004  6.108
5.226  5.164  5.094  4.779  5.111  5.176  5.328  5.193  5.303  5.283  5.286  5.231  5.357  5.247  5.278  5.327  5.226  5.260  5.352  5.136  5.313  5.257  5.233  5.465  5.207  5.209  5.268  5.209  5.165  5.170  5.204  5.100  5.124  5.412  5.182  5.357  5.366  5.308  4.963  5.063  5.016  5.215
5.752  5.417  5.529  5.553  5.649  5.714  5.626  5.717  5.697  5.872  5.575  5.652  5.707  5.622  5.746  5.617  5.460  5.641  5.784  5.712  5.677  5.347  5.517  5.507  5.684  5.602  5.545  5.525  5.263  5.442  5.394  5.300  5.493  5.656  5.537  5.587  5.513  5.429  5.455  5.553  5.407  5.580
5.371  5.056  5.037  5.252  5.176  5.226  5.308  5.338  5.273  5.384  5.159  5.352  5.313  5.162  5.323  5.170  5.024  5.094  5.193  5.250  5.268  5.135  5.181  5.124  5.118  5.069  5.124  4.890  4.796  4.956  5.088  4.970  5.011  5.075  5.100  5.118  4.990  5.024  5.136  5.007  4.980  5.228
6.689  6.586  6.554  6.504  6.625  6.652  6.732  6.713  6.813  6.855  6.748  6.797  6.793  6.808  6.743  6.802  6.525  6.798  6.807  6.685  6.658  6.611  6.697  6.663  6.704  6.726  6.653  6.681  6.551  6.615  6.703  6.494  6.589  6.655  6.659  6.706  6.654  6.683  6.697  6.686  6.477  6.646
5.112  5.094  5.017  5.176  5.037  5.011  5.257  5.165  5.198  5.273  5.161  5.283  5.263  5.318  5.182  5.235  4.963  5.124  5.220  5.130  5.226  5.226  5.283  5.176  5.074  5.182  5.182  4.860  5.011  5.026  5.043  4.890  5.021  5.094  4.942  5.063  4.920  4.942  4.909  4.844  4.871  5.050
4.373  4.260  4.394  3.967  4.533  4.434  4.489  4.454  4.605  4.522  4.452  4.500  4.437  4.317  4.673  4.220  3.951  4.290  4.585  4.159  4.454  4.317  4.304  4.111  4.052  4.190  3.951  4.078  3.829  4.004  4.007  3.807  4.156  4.116  4.159  4.288  4.111  4.135  4.052  4.094  3.784  4.086
3.846  3.784  3.784  3.818  3.689  3.738  3.638  3.638  3.714  3.888  3.689  3.807  3.829  3.784  3.951  3.761  3.526  3.651  3.714  3.829  3.850  3.738  3.807  3.714  3.696  3.664  3.584  3.497  3.526  3.664  3.526  3.638  3.738  3.664  3.611  3.664  3.611  3.555  3.555  3.584  3.401  3.611
5.497  5.290  5.366  5.347  5.338  5.509  5.556  5.553  5.670  5.637  5.521  5.799  5.738  5.602  5.677  5.580  5.485  5.549  5.631  5.565  5.568  5.497  5.542  5.505  5.595  5.631  5.490  5.429  5.398  5.537  5.464  5.497  5.421  5.670  5.503  5.537  5.583  5.407  5.303  5.393  5.328  5.554
4.443  4.498  4.357  4.217  4.373  4.344  4.522  4.500  4.522  4.511  4.431  4.691  4.749  4.562  4.635  4.511  4.354  4.500  4.554  4.554  4.446  4.401  4.615  4.745  4.543  4.595  4.466  4.344  4.317  4.277  4.394  4.466  4.234  4.431  4.593  4.500  4.367  4.277  4.500  4.331  4.263  4.369
5.233  4.984  4.992  4.920  5.176  5.147  5.075  5.091  5.011  5.361  5.263  5.193  5.257  5.209  5.303  5.043  4.754  5.170  5.209  5.094  5.075  4.913  5.030  5.032  5.006  5.050  5.176  5.147  4.691  4.984  4.883  4.743  5.037  5.147  5.069  5.069  4.920  5.063  5.068  4.984  4.934  4.990
4.543  4.466  4.511  4.304  4.386  4.344  4.369  4.486  4.337  4.718  4.472  4.625  4.654  4.625  4.585  4.454  4.317  4.394  4.489  4.388  4.511  4.361  4.407  4.413  4.263  4.454  4.443  4.410  4.331  4.431  4.419  4.357  4.344  4.477  4.449  4.489  4.220  4.443  4.382  4.337  4.025  4.174
5.454  5.357  5.438  5.352  5.537  5.429  5.553  5.371  5.529  5.656  5.460  5.434  5.635  5.545  5.513  5.422  5.361  5.460  5.507  5.341  5.572  5.455  5.328  5.398  5.442  5.411  5.476  5.460  5.219  5.416  5.384  5.215  5.357  5.417  5.371  5.455  5.388  5.323  5.257  5.366  5.252  5.400
4.866  5.011  4.963  4.745  4.990  4.890  5.039  4.929  4.890  5.130  4.915  4.966  5.037  4.963  5.004  4.779  4.783  4.942  4.856  4.997  4.963  4.987  4.860  4.944  4.745  4.796  4.796  4.691  4.700  4.812  4.804  4.804  4.610  4.913  4.741  4.844  4.812  4.875  4.700  4.718  4.727  4.710
5.242  4.868  5.118  5.118  5.209  5.252  5.117  5.162  5.226  5.447  5.182  5.497  5.375  5.130  5.333  4.890  4.949  5.150  5.365  5.219  5.323  4.940  5.204  5.014  5.011  5.220  4.934  4.907  4.828  4.965  4.663  4.787  5.187  5.118  5.072  5.130  5.142  5.017  4.890  5.142  4.970  5.106
3.951  3.970  3.985  3.951  4.007  4.043  4.034  3.738  4.016  4.078  3.932  4.025  3.892  3.867  4.246  3.892  3.807  3.892  4.025  4.043  4.132  3.980  3.902  3.951  4.007  3.892  3.898  4.060  3.932  3.871  3.738  3.976  4.040  3.892  3.989  3.850  3.932  3.807  3.807  3.871  3.757  3.738
6.935  6.585  6.845  6.737  6.947  6.905  6.713  6.819  6.780  7.025  6.856  6.990  7.010  6.786  7.045  6.680  6.292  6.851  6.977  6.743  6.752  6.611  6.636  6.669  6.596  6.698  6.617  6.580  6.332  6.452  6.576  6.351  6.609  6.690  6.598  6.768  6.633  6.729  6.642  6.761  6.555  6.712
4.710  4.745  4.440  4.575  4.644  4.844  4.580  4.498  4.593  5.017  4.575  4.860  5.050  4.812  4.997  4.625  4.344  4.443  4.796  4.290  4.700  4.625  4.690  4.804  4.443  4.573  4.605  4.248  4.217  4.284  4.190  4.369  4.431  4.585  4.543  4.868  4.477  4.489  4.344  4.317  4.580  4.489
5.951  5.595  5.661  5.730  5.778  5.740  5.700  5.759  5.805  5.900  5.673  5.796  5.908  5.799  5.844  5.598  5.529  5.841  5.700  5.811  5.630  5.643  5.704  5.659  5.649  5.783  5.756  5.652  5.564  5.718  5.561  5.493  5.609  5.585  5.649  5.717  5.677  5.663  5.659  5.746  5.680  5.733
5.011  4.970  4.860  4.868  5.030  4.997  4.812  4.949  5.030  5.024  4.902  5.017  5.112  4.963  5.170  4.798  5.050  4.927  4.898  5.081  4.990  4.949  4.844  4.866  4.890  5.112  4.787  4.745  4.718  4.844  4.762  4.511  4.883  4.808  4.844  4.779  4.920  4.885  4.745  4.668  4.812  4.852
5.768  5.591  5.559  5.607  5.686  5.730  5.513  5.704  5.649  5.805  5.642  5.826  5.832  5.659  5.733  5.666  5.659  5.790  5.649  5.697  5.591  5.580  5.602  5.608  5.670  5.714  5.628  5.529  5.373  5.507  5.595  5.361  5.617  5.531  5.659  5.582  5.533  5.537  5.586  5.609  5.572  5.645
4.673  4.703  4.573  4.575  4.673  4.654  4.654  4.644  4.668  4.700  4.743  4.625  4.796  4.786  4.875  4.663  4.723  4.812  4.745  4.796  4.787  4.754  4.708  4.890  4.635  4.718  4.673  4.419  4.635  4.610  4.605  4.489  4.543  4.654  4.663  4.796  4.673  4.489  4.595  4.543  4.543  4.575
