4.263  4.263  4.317  4.311  4.277  4.369  4.290  4.220  4.431  4.197  4.078  4.394  4.376  4.398  4.554  4.431  4.290  4.043  4.304  4.416  4.575  4.452  4.394  4.431  4.253  4.297  4.190  3.871  4.263  4.190  4.304  4.425  4.263  4.477  4.321  4.231  4.357  4.052  4.078  4.132  4.108  4.187
4.419  4.290  4.431  4.382  4.369  4.315  4.454  4.304  4.407  4.357  4.263  4.382  4.533  4.466  4.536  4.376  4.304  4.263  4.419  4.486  4.564  4.458  4.549  4.419  4.194  4.231  4.460  4.078  4.143  4.220  4.315  4.317  4.234  4.443  4.344  4.357  4.344  4.357  4.350  4.317  4.217  4.394
5.505  5.394  5.425  5.501  5.375  5.486  5.525  5.407  5.421  5.595  5.553  5.537  5.455  5.476  5.613  5.449  5.323  5.505  5.529  5.529  5.659  5.489  5.421  5.429  5.434  5.347  5.361  5.193  5.209  5.231  5.313  5.374  5.411  5.382  5.357  5.442  5.411  5.347  5.333  5.273  5.293  5.335
5.323  5.247  5.226  5.182  5.112  5.176  5.187  5.100  5.226  5.283  5.147  5.278  5.352  5.187  5.380  5.214  5.094  5.114  5.236  5.230  5.347  5.242  5.130  5.142  5.043  5.016  4.949  4.956  4.956  4.956  5.056  5.064  5.124  5.169  5.004  5.159  5.094  5.043  5.094  5.004  4.961  5.112
6.186  5.959  5.990  5.961  6.016  6.006  6.023  6.094  6.071  6.353  6.159  6.190  6.201  6.032  6.120  6.033  6.019  6.004  6.151  6.084  6.071  6.080  6.006  6.146  5.914  5.945  5.976  5.956  5.849  5.991  6.075  5.958  5.991  6.051  6.089  6.006  5.999  6.021  6.054  6.026  5.805  5.996
6.444  6.208  6.195  6.310  6.232  6.253  6.280  6.284  6.310  6.561  6.433  6.397  6.349  6.273  6.333  6.211  6.205  6.314  6.339  6.250  6.328  6.248  6.277  6.254  6.188  6.205  6.256  6.157  6.028  6.226  6.236  6.170  6.229  6.256  6.342  6.234  6.277  6.290  6.275  6.260  6.107  6.202
3.871  3.784  3.714  3.908  3.638  3.818  3.632  3.757  3.638  3.850  3.784  3.871  3.714  4.025  3.942  3.757  3.892  3.802  3.738  3.784  3.892  3.709  3.829  3.761  3.689  3.526  3.696  3.611  3.664  3.611  3.888  3.807  3.784  3.750  3.738  3.871  3.807  3.611  3.761  3.761  3.658  3.738
3.664  3.555  3.466  3.497  3.671  3.555  3.684  3.611  3.638  3.689  3.434  3.526  3.807  3.861  3.892  3.638  3.526  3.738  3.664  3.733  3.807  3.526  3.526  3.638  3.638  3.526  3.745  3.611  3.401  3.526  3.709  3.584  3.490  3.611  3.584  3.497  3.664  3.611  3.434  3.434  3.584  3.651
4.234  4.111  4.335  4.234  4.224  4.190  4.205  4.277  4.025  4.311  4.143  4.304  4.454  4.369  4.443  4.220  4.220  4.344  4.382  4.304  4.419  4.205  4.321  4.363  4.091  4.119  4.187  3.912  4.007  4.174  4.127  4.270  4.124  4.094  4.174  4.159  4.060  4.277  4.052  3.970  4.127  4.048
4.625  4.234  4.575  4.625  4.640  4.452  4.466  4.394  4.413  4.533  4.382  4.498  4.564  4.466  4.644  4.500  4.489  4.466  4.644  4.635  4.654  4.564  4.489  4.564  4.274  4.428  4.304  4.331  4.382  4.380  4.234  4.392  4.431  4.357  4.290  4.431  4.369  4.494  4.304  4.331  4.392  4.357
4.700  4.710  4.682  4.779  4.754  4.585  4.787  4.680  4.654  4.836  4.652  4.779  4.927  4.777  4.868  4.710  4.511  4.564  4.682  4.762  4.844  4.787  4.779  4.860  4.466  4.407  4.522  4.431  4.331  4.477  4.620  4.559  4.564  4.625  4.644  4.769  4.585  4.745  4.820  4.520  4.357  4.543
4.256  4.331  4.304  4.248  4.331  4.263  4.489  4.290  4.458  4.466  4.394  4.407  4.369  4.446  4.570  4.248  4.290  4.376  4.644  4.394  4.635  4.357  4.344  4.554  4.220  4.304  4.234  4.143  4.078  4.419  4.190  4.248  4.321  4.357  4.263  4.440  4.078  4.277  4.489  4.248  4.143  4.190
4.883  4.696  4.771  4.718  4.773  4.779  4.700  4.745  4.625  4.979  4.786  4.779  4.889  4.820  4.890  4.777  4.623  4.644  4.787  4.920  4.752  4.762  4.718  4.868  4.554  4.644  4.654  4.585  4.522  4.500  4.615  4.533  4.762  4.595  4.671  4.635  4.549  4.710  4.628  4.710  4.511  4.710
4.905  4.705  4.828  4.727  4.835  4.796  4.603  4.762  4.691  4.949  4.890  4.949  5.136  4.904  4.963  4.779  4.727  4.771  4.874  4.970  4.828  4.820  4.812  4.820  4.682  4.638  4.798  4.754  4.682  4.808  4.736  4.644  4.673  4.771  4.718  4.673  4.673  4.787  4.714  4.828  4.554  4.694
4.394  4.143  4.344  4.220  4.315  4.328  4.304  4.367  4.205  4.394  4.431  4.290  4.522  4.425  4.489  4.324  4.344  4.344  4.331  4.428  4.466  4.477  4.419  4.431  4.277  4.197  4.290  4.241  4.205  4.202  4.380  4.143  4.382  4.301  4.263  4.344  4.317  4.407  4.489  4.277  4.263  4.454
4.317  4.248  4.159  4.317  4.174  4.317  4.094  4.290  4.220  4.443  4.140  4.304  4.369  4.388  4.522  4.301  4.317  4.290  4.263  4.489  4.337  4.344  4.304  4.357  3.951  4.094  4.246  4.007  3.970  4.040  4.263  4.127  4.234  4.167  4.094  4.290  4.143  4.277  4.174  4.060  4.043  4.297
4.700  4.635  4.635  4.564  4.585  4.492  4.464  4.580  4.588  4.654  4.522  4.575  4.654  4.564  4.804  4.500  4.489  4.573  4.530  4.663  4.828  4.554  4.700  4.673  4.419  4.443  4.443  4.382  4.328  4.466  4.554  4.475  4.466  4.630  4.431  4.635  4.543  4.466  4.454  4.489  4.452  4.647
4.290  4.454  4.500  4.533  4.475  4.328  4.331  4.394  4.335  4.644  4.344  4.533  4.500  4.428  4.593  4.277  4.382  4.331  4.489  4.580  4.682  4.369  4.344  4.382  4.167  4.205  4.263  4.248  4.111  4.263  4.454  4.315  4.431  4.357  4.466  4.357  4.220  4.407  4.369  4.217  4.380  4.274
3.784  3.714  3.871  3.829  3.761  3.578  3.664  3.802  3.784  4.043  3.784  3.802  3.861  3.989  3.970  3.807  3.871  3.871  3.947  4.007  4.066  3.780  3.761  3.829  3.714  3.871  3.908  3.802  3.664  3.807  3.784  3.989  3.714  3.584  3.850  3.638  3.689  3.632  3.761  3.709  3.714  3.761
3.684  3.738  3.689  3.807  3.664  3.791  3.689  3.802  3.780  3.908  3.738  3.912  4.007  3.908  3.938  3.761  3.892  3.802  3.932  4.078  4.031  3.829  3.850  3.807  3.807  3.689  3.733  3.664  3.497  3.584  3.664  3.738  3.738  3.761  3.861  3.738  3.584  3.526  3.689  3.807  3.709  3.761
4.127  3.932  4.094  3.989  3.922  3.829  3.850  3.709  3.951  4.094  3.784  3.829  4.111  3.932  4.094  3.932  3.714  3.871  3.908  4.078  3.912  3.967  3.829  3.951  3.829  3.784  3.871  3.761  3.714  3.714  3.813  3.807  4.043  3.850  3.892  3.829  3.761  3.829  3.761  3.738  3.932  3.970
3.664  3.555  3.733  3.689  3.726  3.555  3.689  3.689  3.689  3.807  3.689  3.784  3.709  3.871  4.043  3.818  3.714  3.829  3.882  3.829  3.807  3.892  3.664  3.829  3.709  3.689  3.555  3.584  3.497  3.526  3.733  3.584  3.850  3.664  3.611  3.714  3.638  3.689  3.807  3.526  3.638  3.714
