6.358  6.215  6.227  6.223  6.223  6.372  6.288  6.188  6.279  6.415  6.372  6.340  6.271  6.271  6.238  6.273  6.096  6.213  6.228  6.159  6.227  6.081  6.028  6.045  6.234  6.098  6.087  6.150  5.955  6.061  6.265  6.151  6.133  6.268  6.282  6.209  6.399  6.299  6.098  6.188  6.033  5.666
5.352  4.920  5.152  5.135  5.063  5.333  5.268  5.147  5.278  5.056  5.182  5.187  5.241  5.126  5.017  5.100  5.058  5.106  5.130  5.147  5.112  5.164  5.024  5.026  5.077  5.030  4.984  5.056  4.777  4.905  4.934  5.050  5.069  5.215  5.011  5.176  5.187  5.146  4.956  5.004  4.860  4.796
4.443  4.585  4.446  4.357  4.443  4.304  4.392  4.407  4.344  4.419  4.317  4.413  4.522  4.443  4.511  4.443  4.369  4.466  4.509  4.394  4.454  4.350  4.369  4.440  4.394  4.369  4.220  4.190  4.190  4.253  4.315  4.248  4.317  4.443  4.382  4.419  4.407  4.284  4.308  4.270  4.277  4.277
4.357  4.454  4.422  4.159  4.419  4.357  4.348  4.380  4.344  4.564  4.344  4.369  4.500  4.234  4.615  4.331  4.220  4.489  4.344  4.304  4.454  4.416  4.454  4.394  4.317  4.277  4.331  4.094  4.234  4.267  4.344  4.277  4.234  4.281  4.234  4.267  4.248  4.234  4.174  4.202  4.022  4.140
5.606  5.587  5.403  5.537  5.529  5.468  5.447  5.587  5.476  5.690  5.606  5.690  5.620  5.697  5.690  5.541  5.389  5.453  5.521  5.427  5.576  5.501  5.617  5.495  5.225  5.204  5.388  5.361  5.278  5.327  5.557  5.342  5.247  5.427  5.434  5.472  5.468  5.398  5.449  5.407  5.371  5.434
4.819  4.533  4.595  4.710  4.644  4.585  4.605  4.615  4.682  4.787  4.844  4.726  4.762  4.533  4.804  4.522  4.443  4.595  4.511  4.758  4.691  4.644  4.554  4.654  4.394  4.369  4.527  4.304  4.419  4.394  4.615  4.533  4.419  4.369  4.331  4.394  4.454  4.511  4.564  4.585  4.382  4.394
5.941  5.705  5.707  5.768  5.715  5.805  5.876  5.826  5.922  6.057  5.914  5.932  6.006  5.811  5.924  5.838  5.853  5.787  6.059  5.796  5.922  5.875  5.932  5.868  5.771  5.817  5.820  5.771  5.649  5.924  5.775  5.727  5.762  5.844  5.869  5.778  5.889  5.749  5.694  5.785  5.771  5.900
4.956  4.812  4.852  4.860  4.804  4.700  5.021  4.812  4.898  5.063  5.118  4.989  4.945  4.934  4.970  4.812  4.934  4.898  5.011  4.961  5.069  4.956  5.075  4.999  4.828  4.924  4.823  4.730  4.718  4.927  4.883  4.812  4.844  4.875  4.796  4.762  4.874  4.848  4.836  4.743  4.705  4.905
6.152  5.818  5.951  5.981  5.943  5.823  5.875  6.005  6.006  6.232  6.040  5.989  6.108  5.996  5.976  5.889  5.739  5.802  5.947  5.948  5.795  5.703  5.881  5.835  5.784  5.753  5.784  5.771  5.591  5.690  5.894  5.606  5.814  5.697  5.802  5.780  5.768  6.022  5.981  5.940  5.715  5.894
6.817  6.529  6.637  6.625  6.650  6.629  6.658  6.715  6.770  6.952  6.835  6.780  6.783  6.628  6.717  6.583  6.465  6.607  6.778  6.616  6.572  6.575  6.583  6.517  6.390  6.598  6.565  6.573  6.471  6.508  6.658  6.454  6.653  6.615  6.652  6.585  6.568  6.766  6.711  6.889  6.729  6.839
4.543  4.357  4.673  4.382  4.466  4.500  4.382  4.595  4.509  4.717  4.527  4.520  4.564  4.489  4.511  4.431  4.380  4.466  4.481  4.533  4.700  4.407  4.331  4.486  4.344  4.407  4.466  4.477  4.205  4.078  4.394  4.290  4.431  4.477  4.454  4.533  4.357  4.454  4.625  4.477  4.290  4.440
4.820  4.820  4.741  4.933  4.907  4.898  4.890  4.762  4.779  4.968  4.836  4.909  4.984  4.844  5.100  4.745  4.898  4.812  4.942  4.864  4.990  4.956  4.820  4.844  4.796  4.875  4.718  4.804  4.554  4.685  4.699  4.726  4.804  4.854  4.970  4.963  4.854  4.868  4.727  4.710  4.905  4.831
6.096  5.670  5.784  5.826  5.787  5.922  5.775  5.814  5.820  6.021  5.991  5.892  6.019  5.940  5.971  5.805  5.613  5.897  5.958  5.928  5.709  5.704  5.759  5.732  5.734  5.697  5.784  5.872  5.493  5.652  5.820  5.517  5.817  5.704  5.649  5.759  5.793  5.909  5.825  5.910  5.720  5.846
4.443  4.248  4.357  4.350  4.394  4.174  4.205  4.174  4.344  4.394  4.248  4.466  4.440  4.500  4.533  4.212  4.253  4.394  4.394  4.514  4.382  4.407  4.304  4.304  4.108  4.369  4.143  4.260  4.091  4.140  4.246  4.190  4.220  4.290  4.143  4.103  4.119  4.263  4.290  4.127  4.143  4.246
3.850  3.829  4.007  3.638  4.060  4.111  3.689  4.094  4.078  4.048  3.970  4.140  4.344  4.197  4.111  4.052  3.892  4.174  4.277  4.078  3.967  3.970  4.094  4.060  3.989  4.043  4.174  4.108  3.951  3.761  4.043  3.912  4.004  3.970  3.892  4.248  3.908  4.007  4.505  3.932  3.871  3.951
3.401  3.497  3.578  3.367  3.664  3.497  3.434  3.367  3.401  3.434  3.497  3.611  3.784  3.714  3.738  3.578  3.497  3.550  3.689  3.638  3.714  3.689  3.611  3.664  3.332  3.466  3.526  3.541  3.466  3.526  3.584  3.497  3.570  3.555  3.466  3.497  3.497  3.578  3.466  3.520  3.555  3.466
5.302  5.153  5.281  5.212  5.203  5.268  5.112  5.247  5.153  5.429  5.124  5.308  5.483  5.398  5.412  5.121  5.149  5.352  5.537  5.394  5.378  5.236  5.231  5.303  5.011  5.118  5.178  5.242  5.047  5.182  5.193  5.211  5.198  5.242  5.318  5.176  5.243  5.236  5.286  5.209  5.136  5.182
5.182  4.890  5.056  4.954  5.083  5.130  4.874  5.024  5.023  5.204  5.064  5.069  5.333  5.302  5.242  4.942  4.893  5.308  5.118  5.043  5.063  4.927  4.959  4.934  4.963  4.934  4.977  5.158  4.762  4.835  4.913  4.820  4.963  4.970  4.836  4.968  5.056  5.118  5.106  5.063  4.922  5.068
4.905  5.030  4.975  4.898  4.902  4.934  4.836  4.977  4.836  5.004  4.883  5.088  5.159  5.066  5.165  4.977  4.852  5.030  5.146  4.890  4.997  4.934  4.942  5.017  4.779  4.812  4.949  4.691  4.806  4.798  4.963  4.696  4.812  4.771  4.911  4.828  4.852  4.970  4.844  4.868  4.866  4.811
4.777  4.736  4.790  4.868  4.860  4.868  4.796  4.852  4.771  4.860  4.787  4.889  5.026  4.762  4.949  4.828  4.850  4.875  4.945  4.898  4.942  4.860  4.938  4.949  4.727  4.736  4.754  4.652  4.543  4.633  4.615  4.758  4.769  4.727  4.858  4.779  4.644  4.828  4.691  4.782  4.691  4.736
5.373  5.323  5.330  5.406  5.342  5.407  5.198  5.270  5.308  5.442  5.308  5.311  5.497  5.415  5.533  5.170  5.130  5.434  5.517  5.389  5.330  5.143  5.142  5.250  5.338  5.318  5.278  5.283  4.990  5.139  5.318  5.273  5.313  5.147  5.146  5.283  5.251  5.333  5.333  5.185  5.193  5.338
4.217  4.217  4.260  4.060  4.331  4.174  4.220  4.171  4.331  4.277  4.043  4.344  4.344  4.311  4.489  3.902  4.111  4.220  4.419  4.304  4.428  4.205  4.119  4.260  4.248  4.317  4.304  4.060  3.970  4.025  3.871  4.248  4.263  4.174  4.263  4.190  3.951  4.382  4.277  4.111  4.143  4.277
