5.093  5.017  5.003  4.836  5.023  5.069  5.075  5.124  5.193  5.226  5.118  5.085  5.190  4.934  5.130  5.050  4.844  5.069  5.159  4.836  5.179  4.973  5.017  5.017  4.997  5.069  4.999  4.972  4.691  4.934  4.934  4.929  4.966  4.984  5.088  5.053  4.940  4.940  5.030  4.920  4.927  5.049
5.562  5.513  5.421  5.276  5.421  5.545  5.557  5.485  5.707  5.782  5.620  5.760  5.724  5.595  5.684  5.481  5.455  5.464  5.624  5.361  5.693  5.689  5.580  5.544  5.553  5.572  5.580  5.440  5.412  5.568  5.533  5.545  5.447  5.517  5.665  5.613  5.425  5.277  5.308  5.438  5.347  5.568
6.433  6.221  6.351  6.301  6.302  6.407  6.398  6.323  6.016  6.482  6.402  6.335  6.373  6.308  6.410  6.257  6.198  6.240  6.372  6.356  6.486  6.368  6.252  6.354  6.178  6.176  6.146  6.103  6.003  6.071  6.290  6.188  6.182  6.234  6.250  6.205  6.335  6.337  6.192  6.131  6.140  6.190
5.425  5.342  5.308  5.375  5.293  5.327  5.447  5.389  5.342  5.472  5.460  5.338  5.402  5.455  5.541  5.303  5.367  5.209  5.432  5.412  5.513  5.548  5.352  5.451  5.153  5.288  5.169  5.108  5.081  5.168  5.357  5.081  5.153  5.242  5.298  5.412  5.293  5.352  5.136  5.198  5.147  5.263
4.543  4.382  4.190  4.277  4.466  4.564  4.301  4.350  4.290  4.671  4.533  4.564  4.489  4.533  4.511  4.317  4.111  4.388  4.425  4.220  4.443  4.367  4.369  4.317  4.234  4.205  4.174  4.248  3.989  4.190  4.443  4.143  4.007  4.159  4.143  4.174  4.174  4.156  4.179  4.335  4.127  4.288
3.611  3.434  3.632  3.459  3.497  3.497  3.738  3.638  3.497  3.664  3.466  3.550  3.938  3.738  3.784  3.555  3.570  3.555  3.624  3.738  3.611  3.592  3.638  3.428  3.332  3.434  3.434  3.497  3.520  3.434  3.497  3.497  3.714  3.497  3.658  3.570  3.555  3.520  3.466  3.611  3.434  3.611
5.823  5.656  5.765  5.707  5.838  5.814  5.775  5.749  5.787  5.828  5.740  5.881  5.695  5.730  5.861  5.677  5.683  5.651  5.781  5.799  5.799  5.663  5.731  5.684  5.613  5.635  5.521  5.578  5.413  5.439  5.613  5.687  5.635  5.704  5.654  5.670  5.666  5.805  5.686  5.591  5.659  5.649
4.844  4.522  4.638  4.745  4.754  4.762  4.754  4.754  4.710  4.771  4.691  4.796  4.762  4.710  4.754  4.625  4.533  4.700  4.654  4.956  4.840  4.663  4.603  4.575  4.605  4.554  4.337  4.431  4.315  4.452  4.511  4.603  4.511  4.682  4.635  4.690  4.644  4.762  4.696  4.416  4.394  4.615
6.174  5.961  6.159  6.050  6.066  6.295  6.087  6.165  6.091  6.279  6.194  6.227  6.207  6.118  6.303  6.163  5.979  6.182  6.284  6.070  6.196  5.969  6.020  6.047  5.955  5.887  5.852  5.846  5.687  5.825  6.084  5.964  5.984  5.936  6.006  5.911  6.052  6.087  6.080  6.035  6.032  6.001
5.923  5.897  5.857  5.927  5.958  6.059  5.983  5.877  5.966  5.994  6.155  6.026  6.016  5.964  6.138  5.858  5.841  5.841  5.930  5.864  6.068  5.838  5.915  6.057  5.799  5.781  5.808  5.765  5.631  5.723  6.006  5.849  5.808  5.910  5.861  5.864  5.886  5.914  5.911  5.897  5.900  5.897
6.605  6.456  6.548  6.594  6.507  6.823  6.635  6.524  6.735  6.560  6.571  6.613  6.677  6.617  6.773  6.513  6.405  6.579  6.682  6.661  6.624  6.513  6.545  6.712  6.522  6.332  6.452  6.465  6.187  6.368  6.395  6.450  6.597  6.500  6.535  6.527  6.526  6.519  6.284  6.482  6.621  6.500
5.976  5.421  5.799  5.680  5.702  5.642  5.793  5.501  6.409  5.659  5.835  5.591  5.652  5.673  6.182  5.870  5.505  5.999  6.009  5.991  5.834  5.864  5.533  5.999  5.857  5.366  5.723  5.537  5.318  5.768  5.372  5.717  6.009  5.521  5.318  5.499  5.629  5.384  5.135  5.455  6.073  5.525
4.407  4.369  4.477  4.357  4.449  4.394  4.290  4.304  4.357  4.454  4.475  4.520  4.452  4.401  4.564  4.205  4.277  4.382  4.382  4.477  4.522  4.317  4.331  4.382  4.357  4.288  4.304  4.246  4.143  4.277  4.190  4.419  4.407  4.190  4.394  4.277  4.382  4.304  4.234  4.248  4.422  4.466
4.466  4.543  4.416  4.511  4.590  4.533  4.443  4.443  4.564  4.662  4.533  4.580  4.559  4.605  4.640  4.466  4.419  4.743  4.564  4.615  4.615  4.466  4.585  4.625  4.431  4.341  4.344  4.234  4.357  4.363  4.373  4.419  4.489  4.398  4.431  4.477  4.315  4.520  4.357  4.382  4.357  4.454
4.489  4.317  4.663  4.431  4.290  4.562  4.407  4.583  4.530  4.779  4.431  4.564  4.543  4.511  4.625  4.357  4.477  4.394  4.654  4.419  4.533  4.454  4.489  4.454  4.486  4.500  4.419  4.398  4.234  4.331  4.454  4.401  4.419  4.509  4.380  4.369  4.357  4.431  4.317  4.382  4.522  4.407
4.357  4.202  4.234  4.304  4.094  4.174  4.337  4.227  4.431  4.422  4.231  4.431  4.369  4.317  4.489  4.231  4.174  4.220  4.344  4.344  4.382  4.304  4.143  4.220  4.234  4.111  4.263  4.043  3.989  4.135  4.301  4.231  4.220  4.357  4.248  4.220  4.220  4.407  4.078  4.078  4.220  4.263
6.096  5.924  5.991  6.019  5.978  5.958  5.838  5.924  5.878  6.136  5.984  5.994  6.073  5.838  6.082  5.804  5.838  5.855  5.981  6.082  6.066  5.908  5.991  5.981  5.783  5.723  5.749  5.727  5.547  5.677  5.846  5.889  5.900  5.932  5.869  5.886  5.826  5.878  6.034  5.817  5.829  5.799
4.949  4.875  5.043  4.942  4.956  4.828  4.820  4.779  4.754  4.977  4.905  4.956  5.069  5.026  4.949  4.779  4.828  4.860  5.043  5.029  5.043  4.926  4.868  4.934  4.642  4.625  4.691  4.663  4.673  4.635  4.762  4.691  4.852  4.754  4.754  4.927  4.718  4.860  4.804  4.812  4.762  4.736
5.394  5.485  5.394  5.455  5.468  5.606  5.446  5.509  5.421  5.561  5.529  5.451  5.670  5.509  5.687  5.561  5.283  5.529  5.562  5.398  5.421  5.542  5.375  5.496  5.291  5.303  5.409  5.342  5.352  5.272  5.387  5.479  5.192  5.421  5.434  5.482  5.386  5.481  5.464  5.476  5.318  5.361
4.745  4.890  4.762  4.710  4.812  4.820  4.812  4.668  4.868  4.913  4.727  4.727  4.977  5.024  5.043  4.828  4.682  4.942  4.979  4.832  4.954  4.982  4.911  4.990  4.787  4.714  4.739  4.777  4.620  4.771  4.691  4.573  4.727  4.905  4.710  4.812  4.779  4.745  4.812  4.682  4.552  4.787
4.007  3.664  3.912  3.902  3.888  3.709  3.714  3.970  3.850  3.829  3.807  3.932  4.043  4.007  4.060  3.850  3.689  3.850  4.031  3.850  3.967  3.738  3.761  3.871  3.824  3.784  3.689  3.714  3.526  3.611  3.761  3.611  3.761  3.871  3.761  3.761  3.738  3.912  3.835  3.714  3.611  3.738
3.689  3.555  3.738  3.611  3.807  3.829  3.829  3.761  3.807  3.807  3.784  3.850  3.932  3.989  3.970  3.829  3.850  3.738  3.912  4.078  3.807  3.761  3.871  3.795  3.555  3.638  3.761  3.761  3.638  3.638  3.714  3.733  3.773  3.871  3.689  3.689  3.605  3.714  3.761  3.664  3.638  3.761
