4.913  4.913  4.771  4.920  4.905  5.043  5.030  4.682  4.898  5.153  5.004  5.094  5.043  4.905  4.836  4.804  4.500  4.710  4.691  4.860  4.970  4.887  4.883  4.934  4.852  4.654  4.754  4.754  4.509  4.595  4.673  4.625  4.663  4.771  4.913  4.812  4.762  4.804  4.771  4.564  4.700  4.625
4.585  4.454  4.369  4.413  4.511  4.369  4.454  4.317  4.509  4.700  4.357  4.489  4.500  4.466  4.443  4.317  3.989  4.317  4.248  4.533  4.625  4.317  4.380  4.331  4.304  4.234  4.357  4.209  4.151  4.248  4.174  4.253  4.220  4.263  4.331  4.369  4.315  4.290  4.477  4.290  4.281  4.220
4.477  4.317  4.407  4.357  4.182  4.341  4.248  4.290  4.331  4.472  4.431  4.380  4.575  4.431  4.331  4.143  4.277  4.344  4.416  4.331  4.341  4.190  4.369  4.317  4.331  4.331  4.074  4.174  4.124  4.094  4.304  4.263  4.220  4.127  4.190  4.288  4.277  4.394  4.419  4.380  4.331  4.425
4.820  4.633  4.868  4.745  4.743  4.852  4.875  4.820  4.989  4.881  5.068  4.796  4.963  4.890  4.934  4.831  4.736  4.796  4.945  4.699  4.881  4.745  4.883  4.762  4.710  4.549  4.673  4.710  4.500  4.745  4.844  4.700  4.787  4.868  4.852  4.718  4.883  4.743  4.700  4.567  4.673  4.625
4.726  4.625  4.595  4.564  4.625  4.644  4.762  4.682  4.718  4.703  4.682  4.760  4.762  4.700  4.787  4.718  4.595  4.691  4.828  4.682  4.773  4.662  4.663  4.605  4.554  4.543  4.492  4.533  4.477  4.533  4.575  4.673  4.673  4.691  4.642  4.625  4.500  4.590  4.564  4.640  4.635  4.745
5.559  5.373  5.517  5.371  5.425  5.371  5.476  5.529  5.583  5.570  5.505  5.600  5.525  5.437  5.620  5.481  5.366  5.472  5.447  5.384  5.451  5.493  5.293  5.412  5.342  5.347  5.361  5.190  5.249  5.303  5.313  5.226  5.416  5.442  5.403  5.371  5.323  5.327  5.357  5.407  5.308  5.460
4.836  4.858  4.769  4.771  4.951  4.700  4.787  4.875  4.844  4.984  5.056  4.779  4.850  4.815  4.875  4.710  4.754  4.687  4.844  4.926  5.011  4.779  4.890  4.848  4.654  4.769  4.663  4.771  4.710  4.699  4.787  4.663  4.779  4.796  4.804  4.951  4.754  4.828  4.796  4.677  4.595  4.635
5.403  5.263  5.868  5.371  5.318  5.872  5.730  5.412  5.631  5.353  5.187  5.407  5.332  5.222  5.501  5.136  5.374  5.493  5.620  5.969  5.714  5.609  5.360  5.663  5.288  5.333  5.338  5.075  5.451  5.704  5.118  5.794  5.874  5.474  5.559  5.525  5.578  5.283  5.398  5.193  5.252  5.338
4.970  4.786  4.823  4.844  4.828  4.796  4.796  4.734  4.831  5.063  4.883  4.898  4.986  4.710  4.874  4.804  4.787  4.673  4.844  4.949  4.883  4.852  4.942  4.771  4.477  4.703  4.605  4.530  4.428  4.590  4.898  4.603  4.745  4.552  4.804  4.663  4.630  4.820  4.754  4.680  4.668  4.682
5.063  4.956  4.883  5.123  5.021  5.056  4.997  4.868  4.835  5.050  4.990  5.011  5.009  4.931  4.907  4.820  4.890  4.727  4.956  4.905  4.963  4.890  4.860  5.011  4.700  4.736  4.677  4.727  4.595  4.779  4.890  4.874  4.787  4.727  4.883  4.938  4.787  4.820  4.875  4.691  4.769  4.749
4.527  4.304  4.369  4.304  4.263  4.344  4.143  4.290  4.344  4.431  4.281  4.407  4.522  4.431  4.466  4.174  4.357  4.404  4.466  4.500  4.317  4.344  4.284  4.431  4.143  4.205  4.187  4.127  4.004  4.190  4.220  4.159  4.231  4.127  4.357  4.284  4.174  4.127  4.174  4.290  4.007  4.248
4.644  4.454  4.564  4.511  4.718  4.520  4.699  4.575  4.533  4.703  4.466  4.700  4.570  4.652  4.677  4.500  4.475  4.779  4.564  4.754  4.603  4.745  4.522  4.691  4.477  4.431  4.460  4.520  4.357  4.466  4.533  4.644  4.559  4.595  4.779  4.680  4.394  4.382  4.431  4.394  4.357  4.407
4.301  4.182  4.094  4.111  4.140  4.205  4.174  4.111  4.174  4.331  4.248  4.344  4.290  4.419  4.466  4.174  4.500  4.304  4.274  4.357  4.317  4.297  4.248  4.304  3.980  4.220  4.190  4.202  4.078  4.078  4.060  4.260  4.060  4.127  4.263  4.231  4.111  4.127  4.111  4.205  4.156  4.094
3.784  3.829  3.829  3.689  3.829  3.555  3.733  3.850  3.780  3.871  3.861  3.888  3.970  3.892  4.004  3.689  3.807  3.664  3.850  4.094  4.091  3.892  3.738  3.802  3.824  3.714  3.638  3.829  3.638  3.761  3.784  3.850  3.714  3.638  3.807  3.761  3.829  3.757  3.584  3.733  3.696  3.784
4.004  3.947  4.094  4.060  4.025  3.932  4.220  4.248  4.231  4.431  4.159  4.472  4.078  3.970  4.119  3.850  3.985  3.998  4.013  4.103  4.043  4.108  3.989  4.007  3.871  3.807  3.871  3.912  3.784  3.892  3.951  3.951  4.025  3.970  3.850  3.989  3.871  3.813  3.738  3.871  3.888  3.892
4.277  4.057  4.369  4.394  4.315  4.315  4.078  4.234  4.174  4.511  4.564  4.605  4.159  4.187  4.357  4.174  4.174  4.111  4.174  4.164  4.171  4.217  4.034  4.234  4.043  4.094  4.103  4.007  3.850  4.205  4.052  4.248  4.304  4.043  4.179  4.086  3.951  4.060  3.998  3.970  4.248  4.148
5.537  5.485  5.338  5.453  5.521  5.438  5.497  5.485  5.257  5.720  5.575  5.523  5.714  5.489  5.589  5.450  5.338  5.455  5.561  5.545  5.438  5.580  5.505  5.609  5.226  5.209  5.324  5.313  5.318  5.182  5.421  5.298  5.368  5.425  5.472  5.501  5.485  5.384  5.434  5.393  5.150  5.260
6.412  6.213  6.246  6.314  6.338  6.297  6.196  6.269  6.136  6.480  6.378  6.342  6.494  6.296  6.373  6.252  6.153  6.286  6.279  6.368  6.295  6.196  6.213  6.315  5.958  5.961  6.120  6.047  5.971  6.045  6.109  6.050  6.174  6.182  6.248  6.263  6.190  6.328  6.280  6.182  6.089  6.029
4.151  4.190  4.277  4.248  4.357  4.151  3.970  4.187  4.248  4.498  4.217  4.205  4.401  4.331  4.290  4.205  4.143  4.227  4.404  4.263  4.234  4.248  4.111  4.246  4.205  4.040  4.143  4.040  4.078  3.989  4.043  4.174  4.241  4.159  4.317  4.234  4.094  4.159  4.143  4.174  4.043  4.094
5.121  5.056  4.828  4.970  4.883  4.940  4.904  4.902  4.836  5.075  5.215  5.094  5.153  5.242  5.136  5.037  4.990  5.093  5.011  5.066  5.063  5.017  4.984  5.143  4.890  4.844  5.011  4.927  4.997  4.804  5.045  4.868  4.726  4.977  4.852  4.927  4.787  5.063  4.997  5.037  4.779  4.657
4.263  4.127  4.407  4.234  4.369  4.317  4.357  4.277  4.492  4.511  4.419  4.205  4.394  4.398  4.511  4.290  4.248  4.522  4.554  4.511  4.564  4.466  4.290  4.668  4.357  4.043  4.357  4.174  3.951  4.248  4.277  4.331  4.350  4.357  4.190  4.317  4.127  4.190  4.369  4.234  4.354  4.382
4.043  4.159  4.190  4.263  4.248  4.367  4.078  4.248  4.469  4.489  4.394  4.317  4.357  4.431  4.527  4.159  4.217  4.511  4.498  4.452  4.452  4.167  4.290  4.676  4.143  4.205  4.246  4.094  3.951  4.277  4.159  4.220  4.357  4.220  4.205  4.140  4.111  4.209  4.111  4.057  4.202  4.025
