5.011  4.736  4.875  4.868  4.708  4.934  4.890  4.718  4.977  4.963  5.039  4.963  4.823  4.987  4.887  4.970  4.802  4.902  4.898  4.900  4.762  5.159  5.004  5.182  4.990  4.676  4.871  5.056  4.819  5.106  4.762  4.765  4.904  4.966  4.843  4.812  5.074  4.898  4.986  4.874  4.605  4.007
4.585  4.043  4.382  4.443  4.260  4.477  4.394  4.277  4.317  4.159  4.452  4.357  4.369  4.416  4.263  4.443  4.290  4.174  4.489  4.354  4.344  4.428  4.369  4.369  4.315  4.140  3.947  4.341  3.961  4.094  4.094  4.357  4.317  4.367  4.108  4.317  4.428  4.454  4.317  4.500  4.094  3.676
3.497  3.490  3.520  3.611  3.466  3.497  3.520  3.555  3.526  3.689  3.367  3.638  3.526  3.520  3.714  3.434  3.526  3.497  3.490  3.611  3.638  3.638  3.584  3.738  3.367  3.689  3.526  3.444  3.367  3.434  3.332  3.466  3.497  3.434  3.597  3.434  3.490  3.497  3.428  3.250  3.466  3.497
3.332  3.332  3.526  3.526  3.466  3.466  3.395  3.434  3.526  3.332  3.367  3.450  3.526  3.555  3.401  3.428  3.401  3.296  3.332  3.638  3.611  3.466  3.367  3.434  3.535  3.219  3.401  3.401  3.367  3.296  3.526  3.367  3.401  3.497  3.343  3.401  3.526  3.332  3.325  3.296  3.332  3.497
4.304  4.143  4.317  3.970  4.111  4.304  4.127  4.331  4.382  4.315  4.111  4.159  4.410  4.394  4.317  4.394  4.094  4.263  4.205  4.337  4.248  4.174  4.140  4.078  4.127  4.127  4.094  4.052  3.932  3.989  4.344  3.928  4.078  4.174  4.135  4.094  4.159  4.248  3.951  4.220  4.043  4.248
5.293  5.282  5.281  5.382  5.288  5.583  5.452  5.434  5.620  5.537  5.283  5.575  5.489  5.501  5.553  5.476  5.346  5.043  5.519  5.356  5.561  5.347  5.298  5.371  5.371  5.472  5.220  5.170  5.088  5.139  5.416  5.338  5.283  5.606  5.323  5.587  5.432  5.352  5.043  5.203  5.429  5.438
3.892  3.932  3.932  3.807  4.022  4.159  3.932  4.875  4.078  4.111  4.171  4.124  4.119  4.190  4.220  3.951  3.871  4.159  4.060  3.970  4.043  3.912  4.094  4.074  4.060  4.025  4.025  4.078  3.829  3.912  3.970  3.824  3.871  3.989  4.025  3.932  4.025  3.892  3.888  3.932  3.912  3.932
4.078  4.190  3.871  4.016  3.989  4.078  4.127  4.060  4.025  4.241  3.989  4.171  4.263  4.043  4.190  4.119  3.871  3.892  4.156  4.124  4.074  4.043  3.932  4.205  3.970  3.829  4.025  3.951  3.850  3.807  4.043  3.850  3.829  3.850  3.951  3.985  3.912  3.768  3.871  3.989  3.850  3.892
3.714  3.466  3.738  3.526  3.761  3.638  3.611  4.949  3.605  3.638  3.564  3.784  3.818  3.714  3.912  3.761  3.555  3.434  3.664  3.761  3.784  3.689  3.761  3.714  3.611  3.584  3.632  3.466  3.497  3.611  3.689  3.645  3.738  3.638  3.497  3.619  3.520  3.497  3.526  3.367  3.401  3.684
3.684  3.526  3.632  3.466  3.434  3.555  3.664  3.632  3.611  3.676  3.401  3.512  3.761  3.526  3.784  3.367  3.584  3.526  3.555  3.714  3.671  3.676  3.520  3.664  3.497  3.555  3.550  3.541  3.434  3.401  3.584  3.689  3.555  3.555  3.497  3.584  3.689  3.526  3.378  3.367  3.434  3.395
3.784  3.664  3.750  3.664  3.871  3.526  3.761  3.738  3.664  3.829  3.497  3.829  3.738  3.757  3.829  3.664  3.757  3.611  3.664  3.824  3.892  3.784  3.584  3.807  3.829  3.689  3.555  3.738  3.332  3.632  3.664  3.632  3.714  3.709  3.784  3.807  3.761  3.584  3.632  3.611  3.611  3.555
3.584  3.434  3.550  3.497  3.466  3.401  3.466  3.401  3.550  3.611  3.428  3.584  3.605  3.466  3.526  3.550  3.584  3.466  3.466  3.689  3.584  3.664  3.401  3.434  3.466  3.367  3.526  3.360  3.497  3.459  3.550  3.738  3.555  3.597  3.526  3.526  3.332  3.434  3.332  3.395  3.258  3.434
4.736  4.290  4.454  4.554  4.585  4.263  4.454  4.443  4.522  4.527  4.437  4.422  4.503  4.431  4.554  4.419  4.369  4.344  4.500  4.357  4.605  4.382  4.369  4.363  4.369  4.331  4.277  4.220  4.148  4.274  4.317  4.248  4.297  4.304  4.500  4.277  4.234  4.288  4.290  4.317  4.263  4.394
4.074  3.938  4.086  3.850  3.932  3.784  4.025  3.989  3.829  4.140  3.861  4.094  4.127  4.025  4.094  3.892  3.829  3.829  3.989  4.025  3.951  3.888  3.867  3.951  3.791  3.871  3.829  3.898  3.664  3.818  3.850  3.850  3.807  3.807  3.829  3.829  3.846  3.780  3.784  3.882  3.689  3.738
4.564  4.575  4.331  4.615  4.625  4.580  4.443  4.489  4.481  4.718  4.575  4.644  4.564  4.710  4.766  4.419  4.394  4.454  4.595  4.567  4.595  4.511  4.680  4.595  4.248  4.443  4.419  4.431  4.234  4.394  4.466  4.404  4.419  4.443  4.431  4.511  4.304  4.533  4.644  4.533  4.190  4.357
3.824  3.714  3.714  3.784  3.871  3.780  3.645  3.733  3.684  3.850  3.584  3.664  3.714  3.807  4.007  3.638  3.658  3.733  3.871  3.947  3.850  3.784  3.689  3.714  3.638  3.555  3.714  3.584  3.497  3.714  3.584  3.638  3.689  3.714  3.658  3.761  3.332  3.497  3.497  3.584  3.721  3.497
3.932  3.947  3.632  3.882  3.892  3.761  3.466  3.912  3.664  3.932  3.709  4.060  4.159  4.007  4.078  3.757  3.807  3.780  4.094  3.970  3.861  3.871  3.784  3.871  3.784  3.658  3.684  3.714  3.584  3.624  3.611  3.605  3.888  3.761  3.761  3.871  3.951  3.871  3.850  3.951  3.780  3.824
3.555  3.506  3.664  3.497  3.664  3.526  3.497  3.526  3.555  3.638  3.578  3.497  3.714  3.738  3.738  3.466  3.611  3.555  3.578  3.584  3.761  3.550  3.555  3.689  3.401  3.555  3.490  3.434  3.611  3.475  3.434  3.526  3.475  3.550  3.526  3.497  3.555  3.466  3.296  3.332  3.466  3.459
4.580  4.290  4.554  4.317  4.369  4.644  4.466  4.394  4.295  4.562  4.357  4.527  4.654  4.477  4.533  4.394  4.277  4.575  4.466  4.860  4.522  4.407  4.392  4.522  4.315  4.317  4.443  4.321  4.304  4.277  4.477  4.331  4.304  4.304  4.443  4.492  4.308  4.428  4.407  4.543  4.367  4.382
4.171  4.227  4.197  4.164  4.205  4.288  4.078  4.174  4.159  4.317  4.205  4.494  4.304  4.376  4.331  4.234  4.220  4.248  4.143  4.708  4.248  4.263  4.274  4.274  4.159  4.156  4.277  4.341  4.174  4.111  4.304  4.205  4.156  4.241  4.190  4.156  4.078  4.057  4.174  4.205  4.111  4.124
4.159  4.111  4.078  4.127  4.164  3.989  4.174  4.220  4.248  4.308  4.159  4.159  4.248  4.369  4.394  4.127  4.234  4.007  4.419  4.290  4.357  4.205  4.190  4.248  4.174  4.060  4.159  4.111  3.989  4.025  4.194  4.159  4.304  4.205  4.060  4.078  4.143  4.127  4.025  3.989  4.111  4.317
4.132  4.143  4.190  4.248  3.989  4.078  4.217  4.248  4.060  4.190  4.094  4.297  4.431  4.260  4.234  4.086  4.263  4.159  4.394  4.394  4.625  4.357  4.094  4.143  4.111  4.159  4.143  4.078  4.078  4.127  4.127  4.248  4.394  4.344  4.094  4.159  4.174  4.205  4.094  3.932  4.060  4.331
