5.106  4.820  4.977  4.949  4.890  5.112  4.970  4.990  5.024  5.066  4.920  5.063  5.112  4.934  4.942  4.887  4.762  4.934  5.108  5.024  5.004  4.942  4.942  4.963  4.787  4.779  4.800  4.852  4.644  4.771  4.852  4.691  4.745  4.913  4.835  4.836  4.915  4.836  4.749  5.004  4.771  4.970
4.394  4.431  4.419  4.350  4.500  4.357  4.419  4.554  4.443  4.543  4.633  4.477  4.554  4.736  4.676  4.564  4.290  4.277  4.533  4.431  4.477  4.585  4.394  4.525  4.324  4.263  4.317  4.419  4.151  4.446  4.454  4.290  4.509  4.267  4.454  4.443  4.494  4.500  4.394  4.344  4.413  4.382
4.331  4.394  4.331  4.290  4.277  4.344  4.382  4.331  4.503  4.317  4.357  4.394  4.489  4.407  4.489  4.331  4.477  4.625  4.610  4.543  4.787  4.885  4.828  4.898  4.174  4.382  4.253  4.344  4.234  4.043  4.212  4.205  4.263  4.344  4.220  4.331  4.260  4.127  4.263  4.344  4.078  4.263
4.277  4.094  4.078  4.116  3.912  4.025  4.025  4.094  4.202  4.043  4.007  4.078  4.369  4.140  4.091  4.159  4.111  4.127  4.190  4.127  4.190  4.159  4.078  4.263  4.043  3.951  3.871  3.989  3.784  4.094  4.116  4.025  4.174  4.108  3.912  4.078  3.912  4.159  3.951  4.060  3.846  4.127
4.454  4.554  4.605  4.382  4.554  4.630  4.605  4.663  4.522  4.673  4.516  4.533  4.605  4.595  4.635  4.580  4.407  4.511  4.615  4.573  4.700  4.509  4.673  4.663  4.419  4.454  4.454  4.416  4.348  4.431  4.554  4.407  4.321  4.446  4.431  4.554  4.533  4.431  4.443  4.431  4.357  4.440
5.485  5.366  5.521  5.485  5.517  5.434  5.375  5.416  5.375  5.592  5.366  5.438  5.549  5.476  5.482  5.387  5.215  5.339  5.529  5.472  5.493  5.327  5.434  5.505  5.204  5.298  5.263  5.375  5.186  5.222  5.375  5.308  5.460  5.273  5.236  5.278  5.384  5.481  5.352  5.394  5.286  5.377
5.558  5.371  5.492  5.416  5.464  5.445  5.505  5.602  5.535  5.740  5.565  5.557  5.535  5.382  5.501  5.384  5.330  5.313  5.619  5.557  5.545  5.487  5.451  5.485  5.283  5.308  5.361  5.196  5.135  5.323  5.366  5.323  5.366  5.393  5.580  5.361  5.407  5.333  5.298  5.361  5.278  5.394
4.511  4.277  4.443  4.274  4.311  4.354  4.331  4.431  4.398  4.454  4.466  4.477  4.464  4.443  4.573  4.256  4.354  4.111  4.357  4.522  4.464  4.407  4.304  4.357  4.143  4.159  4.301  4.205  4.094  4.234  4.220  4.234  4.263  4.127  4.431  4.094  4.263  4.248  4.159  4.174  4.209  4.220
5.009  4.977  4.927  5.112  5.056  5.055  5.017  4.963  5.093  5.150  4.898  5.170  5.187  5.196  5.235  5.088  5.075  4.836  5.236  5.164  5.359  5.106  5.124  5.165  5.024  4.812  5.004  4.898  4.887  5.004  4.942  5.088  4.984  4.920  5.063  4.927  5.102  5.096  4.920  4.836  4.975  4.927
5.628  5.710  5.624  5.680  5.684  5.802  5.737  5.719  5.728  5.883  5.670  5.846  5.883  5.753  5.941  5.710  5.670  5.630  5.799  5.665  5.978  5.814  5.759  5.899  5.557  5.460  5.485  5.537  5.513  5.635  5.700  5.787  5.628  5.756  5.710  5.671  5.690  5.656  5.620  5.601  5.569  5.600
4.357  4.248  4.317  4.304  4.331  4.331  4.466  4.288  4.388  4.536  4.466  4.498  4.585  4.419  4.419  4.419  4.078  4.317  4.344  4.454  4.290  4.369  4.407  4.419  4.304  4.331  4.357  4.341  4.171  4.094  4.248  4.205  4.248  4.419  4.263  4.369  4.382  4.376  4.290  4.231  4.274  4.382
4.174  4.159  4.248  4.248  4.263  4.116  4.248  4.205  4.217  4.354  4.174  4.416  4.394  4.043  4.380  4.190  4.143  4.127  4.127  4.367  4.382  4.205  4.205  4.094  4.253  4.301  4.116  4.119  3.970  4.174  4.205  4.111  4.111  4.143  4.197  4.171  4.094  4.099  4.140  4.103  4.066  4.167
4.564  4.605  4.511  4.284  4.431  4.654  4.477  4.549  4.530  4.509  4.290  4.644  4.663  4.654  4.710  4.369  4.425  4.394  4.554  4.511  4.745  4.489  4.700  4.673  4.443  4.419  4.554  4.452  4.290  4.354  4.489  4.595  4.407  4.522  4.541  4.522  4.533  4.394  4.277  4.431  4.382  4.472
4.511  4.394  4.419  4.091  4.419  4.466  4.331  4.357  4.382  4.394  4.159  4.317  4.567  4.522  4.605  4.344  4.246  4.382  4.543  4.543  4.605  4.654  4.522  4.440  4.263  4.404  4.344  4.277  4.078  4.382  4.220  4.437  4.317  4.311  4.466  4.500  4.552  4.344  4.533  4.248  4.043  4.394
4.771  4.682  4.710  4.659  4.663  4.710  4.564  4.603  4.630  4.812  4.663  4.804  4.860  4.796  4.852  4.690  4.860  4.635  4.673  4.745  4.896  4.898  4.726  4.860  4.654  4.787  4.615  4.677  4.615  4.787  4.605  4.777  4.543  4.779  4.745  4.773  4.663  4.625  4.443  4.710  4.644  4.605
4.290  4.509  4.382  4.419  4.344  4.380  4.324  4.317  4.407  4.394  4.419  4.431  4.585  4.475  4.690  4.382  4.477  4.522  4.246  4.522  4.644  4.575  4.431  4.543  4.369  4.263  4.331  4.290  4.304  4.301  4.394  4.477  4.344  4.419  4.394  4.220  4.554  4.248  4.304  4.394  4.290  4.407
4.428  4.431  4.419  4.625  4.367  4.454  4.477  4.454  4.407  4.691  4.520  4.615  4.752  4.585  4.615  4.477  4.538  4.509  4.727  4.682  4.663  4.407  4.466  4.500  4.458  4.407  4.489  4.382  4.270  4.205  4.382  4.344  4.642  4.564  4.443  4.500  4.369  4.454  4.367  4.425  4.304  4.595
4.820  4.787  4.673  4.820  4.812  4.905  4.736  4.762  4.605  4.875  4.836  4.927  4.949  4.963  4.984  4.745  4.796  4.879  4.968  4.949  4.989  4.905  4.836  5.014  4.700  4.605  4.714  4.700  4.394  4.511  4.717  4.419  4.848  4.635  4.727  4.700  4.739  4.682  4.696  4.605  4.718  4.745
4.860  4.600  4.723  4.762  4.844  4.718  4.644  4.736  4.635  4.836  4.682  4.835  4.883  4.787  4.942  4.605  4.812  4.792  4.745  4.898  4.754  4.779  4.673  4.769  4.635  4.654  4.771  4.585  4.552  4.718  4.644  4.887  4.800  4.765  4.779  4.745  4.575  4.745  4.625  4.564  4.718  4.691
4.710  4.605  4.820  4.852  4.575  4.644  4.543  4.777  4.605  4.654  4.644  4.736  4.758  4.633  4.787  4.585  4.694  4.673  4.769  4.963  4.819  4.682  4.585  4.745  4.543  4.691  4.552  4.382  4.472  4.533  4.511  4.564  4.625  4.652  4.727  4.727  4.549  4.543  4.682  4.533  4.570  4.610
4.511  4.241  4.522  4.394  4.543  4.500  4.605  4.344  4.659  4.615  4.454  4.522  4.682  4.615  4.673  4.394  4.419  4.615  4.585  4.590  4.625  4.573  4.575  4.615  4.317  4.466  4.357  4.533  4.205  4.419  4.615  4.413  4.644  4.466  4.443  4.605  4.234  4.595  4.281  4.367  4.541  4.466
4.605  4.477  4.511  4.635  4.595  4.570  4.331  4.615  4.460  4.595  4.605  4.477  4.726  4.575  4.852  4.633  4.392  4.691  4.620  4.734  4.615  4.350  4.595  4.575  4.304  4.304  4.477  4.615  4.315  4.431  4.454  4.382  4.635  4.454  4.431  4.477  4.328  4.477  4.466  4.554  4.578  4.554
