3.989  3.738  3.807  3.912  3.871  3.784  3.761  3.912  4.043  3.976  3.829  3.985  4.025  3.970  4.060  3.638  3.784  3.871  3.989  4.025  4.040  3.807  3.989  3.850  3.961  3.892  3.829  3.780  3.689  3.807  3.850  3.689  3.784  3.882  3.829  3.757  3.892  3.738  3.738  3.850  3.784  3.867
3.892  3.738  4.025  3.784  3.824  3.807  3.908  3.867  3.951  3.932  3.738  3.989  4.007  3.976  3.989  3.892  3.980  3.784  4.025  4.078  4.099  4.111  4.016  4.052  3.942  3.701  3.888  3.784  3.664  3.738  3.784  3.850  3.951  3.733  4.078  3.912  3.850  3.768  3.829  3.714  3.611  3.761
4.069  3.976  4.091  4.007  3.932  3.989  4.060  3.932  4.043  4.007  3.961  4.078  4.263  4.108  4.143  3.951  3.829  3.970  4.143  4.043  4.025  4.159  3.998  4.174  3.932  3.892  3.912  3.846  3.850  3.998  3.951  3.892  4.143  4.078  4.060  3.912  4.043  3.761  4.220  4.078  3.951  3.970
4.103  4.060  3.970  3.985  3.846  3.922  4.007  4.040  4.111  4.022  4.013  3.912  4.248  4.234  4.060  4.022  3.850  3.850  4.111  4.124  4.007  3.951  3.989  4.094  4.060  3.980  3.784  3.970  3.611  3.846  4.108  3.871  3.829  3.928  4.025  3.912  3.784  3.784  4.043  4.022  3.892  3.970
3.367  3.401  3.520  3.332  3.434  3.332  3.466  3.497  3.466  3.401  3.367  3.466  3.466  3.555  3.555  3.459  3.401  3.384  3.664  3.619  3.733  3.555  3.466  3.367  3.428  3.367  3.332  3.401  3.459  3.325  3.360  3.555  3.526  3.526  3.401  3.401  3.367  3.401  3.555  3.296  3.325  3.466
3.611  3.526  3.497  3.526  3.555  3.466  3.497  3.497  3.555  3.611  3.638  3.584  3.664  3.497  3.611  3.584  3.490  3.475  3.584  3.802  3.520  3.638  3.434  3.611  3.564  3.401  3.401  3.401  3.526  3.466  3.459  3.584  3.401  3.401  3.526  3.526  3.497  3.555  3.434  3.401  3.258  3.466
4.987  4.726  4.970  4.890  4.836  4.958  4.879  4.920  5.004  5.094  4.727  4.977  5.037  4.920  5.124  4.700  4.796  4.700  4.949  4.933  4.890  4.804  4.743  4.787  4.727  4.659  4.736  4.671  4.511  4.575  4.787  4.682  4.758  4.754  4.771  4.905  4.828  4.844  4.680  4.682  4.836  4.827
5.058  4.984  5.127  4.949  5.136  5.162  5.109  5.063  5.136  5.182  5.100  5.069  5.140  5.088  5.291  4.997  5.007  5.013  5.198  5.192  5.142  5.112  4.937  5.069  4.783  4.787  4.997  4.890  4.816  4.898  5.112  5.063  4.844  5.102  4.927  4.934  4.820  5.056  4.927  4.927  4.875  4.889
4.369  4.290  4.304  4.443  4.263  4.331  4.454  4.263  4.317  4.394  4.248  4.317  4.477  4.443  4.394  4.205  4.174  4.127  4.263  4.419  4.277  4.304  4.248  4.341  4.304  4.159  4.263  4.078  4.007  4.143  4.248  4.224  4.190  4.277  4.304  4.277  4.111  4.205  4.277  4.111  4.174  4.317
4.673  4.443  4.585  4.575  4.511  4.443  4.543  4.533  4.533  4.779  4.246  4.595  4.595  4.554  4.652  4.431  4.477  4.398  4.654  4.745  4.511  4.394  4.464  4.454  4.419  4.369  4.277  4.111  4.174  4.248  4.382  4.407  4.554  4.308  4.511  4.317  4.431  4.317  4.407  4.394  4.205  4.466
4.766  4.754  4.758  4.883  4.687  4.779  4.691  4.680  4.718  4.796  4.754  4.754  4.779  5.011  4.898  4.654  4.700  4.623  4.741  4.787  5.004  4.819  4.754  4.779  4.605  4.431  4.552  4.511  4.407  4.466  4.554  4.610  4.522  4.638  4.836  4.541  4.673  4.644  4.654  4.605  4.489  4.652
4.127  3.738  4.220  4.197  3.932  4.078  4.043  4.103  4.060  4.094  3.951  4.025  4.159  4.263  4.205  3.970  3.871  4.043  4.190  4.094  4.078  4.043  3.932  4.078  4.007  3.928  3.922  3.807  3.726  3.892  3.850  4.078  4.078  3.850  3.912  3.714  4.043  3.951  3.912  3.850  4.007  4.025
3.850  3.850  3.738  3.932  3.584  3.784  3.807  3.761  3.611  3.638  3.555  3.802  4.043  4.043  3.912  3.780  3.932  3.689  3.902  3.951  3.932  3.951  3.664  3.892  4.094  3.738  3.709  3.738  3.611  3.726  3.892  3.824  3.738  3.829  3.807  3.850  3.912  3.689  3.638  3.761  3.664  3.611
4.025  4.060  3.989  4.007  3.932  3.970  3.951  3.784  3.932  3.957  3.807  4.004  4.111  4.174  4.043  4.016  4.127  3.829  4.078  4.094  3.951  4.007  3.892  3.951  3.970  3.912  3.761  3.871  3.850  3.761  3.932  3.912  3.951  4.078  3.912  3.912  3.932  3.761  3.892  3.839  3.850  4.078
3.638  3.684  3.846  3.784  3.624  3.497  3.689  3.611  3.701  3.807  3.459  3.784  3.850  3.892  3.829  3.780  3.784  3.850  3.871  3.912  3.912  3.807  3.850  3.761  3.466  3.664  3.611  3.664  3.638  3.597  3.584  3.605  3.738  3.611  3.645  3.611  3.784  3.807  3.696  3.658  3.689  3.726
3.638  3.664  3.658  3.658  3.466  3.638  3.555  3.611  3.784  3.664  3.611  3.638  3.871  3.761  3.738  3.434  3.689  3.597  3.689  3.714  3.664  3.714  3.638  3.638  3.497  3.658  3.584  3.584  3.584  3.434  3.434  3.555  3.466  3.555  3.520  3.638  3.367  3.497  3.550  3.541  3.555  3.605
3.296  3.434  3.466  3.466  3.497  3.434  3.395  3.434  3.526  3.466  3.332  3.401  3.689  3.584  3.714  3.584  3.526  3.555  3.584  3.714  3.664  3.555  3.428  3.497  3.434  3.555  3.434  3.664  3.296  3.395  3.584  3.526  3.459  3.428  3.434  3.401  3.497  3.367  3.401  3.178  3.434  3.401
3.332  3.466  3.296  3.258  3.332  3.332  3.277  3.332  3.367  3.466  3.170  3.367  3.428  3.555  3.584  3.296  3.459  3.401  3.497  3.584  3.497  3.258  3.434  3.434  3.401  3.258  3.401  3.296  3.219  3.296  3.401  3.401  3.367  3.360  3.332  3.332  3.428  3.296  3.258  3.360  3.434  3.555
3.829  3.791  3.466  3.584  3.638  3.689  3.526  3.714  3.761  3.829  3.611  3.761  3.850  3.850  3.912  3.709  3.709  3.584  3.733  3.970  3.714  3.726  3.738  3.829  3.584  3.434  3.611  3.584  3.664  3.738  3.611  3.807  3.761  3.664  3.624  3.784  3.709  3.584  3.555  3.638  3.664  3.784
3.434  3.520  3.520  3.605  3.550  3.490  3.401  3.401  3.466  3.401  3.434  3.459  3.526  3.638  3.638  3.401  3.434  3.466  3.584  3.555  3.578  3.664  3.466  3.584  3.526  3.497  3.526  3.401  3.258  3.401  3.497  3.367  3.434  3.367  3.434  3.490  3.638  3.401  3.296  3.401  3.428  3.497
3.638  3.605  3.638  3.761  3.645  3.555  3.497  3.738  4.007  3.714  3.555  3.689  3.714  3.807  3.850  3.714  3.689  3.829  3.714  3.761  3.850  3.784  3.584  3.664  3.497  3.584  3.555  3.638  3.497  3.555  3.664  3.671  3.611  3.611  3.638  3.689  3.738  3.664  3.709  3.651  3.850  3.526
3.466  3.434  3.555  3.807  3.638  3.611  3.526  3.526  3.592  3.611  3.401  3.584  3.584  3.738  3.750  3.497  3.664  3.658  3.824  3.784  3.761  3.611  3.526  3.638  3.611  3.605  3.434  3.466  3.401  3.466  3.434  3.632  3.689  3.784  3.761  3.714  3.401  3.714  3.555  3.466  3.584  3.664
