6.635  6.578  6.588  6.370  6.526  6.586  6.593  6.532  6.588  6.710  6.611  6.622  6.627  6.619  6.696  6.557  6.422  6.617  6.616  6.390  6.445  6.435  6.588  6.529  6.417  6.441  6.488  6.494  6.397  6.481  6.575  6.297  6.331  6.518  6.588  6.518  6.624  6.426  6.295  6.521  6.284  6.431
5.670  5.724  5.673  5.288  5.659  5.525  5.635  5.626  5.720  5.781  5.620  5.673  5.771  5.656  5.787  5.638  5.541  5.549  5.790  5.451  5.607  5.550  5.680  5.617  5.333  5.517  5.517  5.363  5.497  5.505  5.515  5.308  5.342  5.613  5.561  5.609  5.585  5.403  5.226  5.541  5.236  5.521
4.942  4.828  4.984  4.726  4.927  4.905  4.970  4.949  4.963  5.170  4.990  5.094  5.063  4.926  5.088  5.004  4.726  4.997  5.006  4.949  4.926  4.977  4.942  4.860  5.068  5.055  4.997  4.823  4.575  4.852  4.782  4.623  4.934  4.844  4.852  4.852  4.792  4.771  4.787  4.762  4.787  4.922
4.127  4.111  4.234  3.951  3.951  3.912  4.143  4.111  4.057  4.111  4.043  4.094  4.094  4.248  4.190  4.043  3.970  3.970  4.078  4.091  4.159  4.043  4.060  3.951  3.970  4.140  4.007  3.947  3.850  3.807  4.022  3.888  3.951  4.140  4.111  3.970  3.918  3.846  3.761  3.970  3.807  3.888
5.381  5.247  5.263  5.204  5.370  5.403  5.308  5.313  5.170  5.384  5.375  5.513  5.159  5.235  5.384  5.251  5.380  5.371  5.521  5.583  5.697  5.814  5.846  5.811  5.198  5.170  5.246  5.130  5.193  5.106  5.277  5.298  5.394  5.278  5.293  5.254  5.170  5.380  5.338  5.165  5.283  5.263
4.078  4.220  4.060  4.187  4.143  4.143  4.143  4.111  4.060  4.127  4.078  4.317  4.127  4.234  4.205  4.078  4.094  4.205  4.159  4.248  4.248  4.127  4.111  4.190  3.970  4.124  4.127  3.980  4.111  4.025  4.205  4.060  4.174  4.205  4.094  4.220  4.156  4.159  4.060  4.043  3.932  4.190
5.673  5.472  5.670  5.621  5.624  5.684  5.704  5.652  5.670  5.673  5.568  5.808  5.762  5.606  5.703  5.595  5.574  5.594  5.756  5.628  5.714  5.645  5.591  5.802  5.479  5.476  5.498  5.474  5.403  5.425  5.557  5.472  5.513  5.527  5.561  5.484  5.521  5.442  5.398  5.529  5.476  5.426
4.968  4.828  4.898  4.890  4.890  5.056  4.977  4.844  4.898  5.193  4.934  5.004  4.942  4.979  5.004  4.852  4.760  4.860  4.963  4.890  5.069  4.875  5.017  4.990  4.743  4.718  4.920  4.662  4.608  4.771  4.949  4.900  4.889  4.905  4.771  4.836  4.977  4.796  4.844  4.787  4.771  4.828
5.124  5.130  5.259  5.007  5.147  5.108  4.997  5.024  5.030  5.198  5.081  5.226  5.197  5.136  5.192  5.024  5.037  5.159  5.069  5.094  5.124  5.100  5.100  5.075  4.934  4.977  4.949  5.063  4.905  5.030  5.147  5.024  4.870  5.078  4.949  5.056  5.069  4.956  4.934  4.977  5.011  4.858
4.937  4.909  4.824  4.898  4.868  4.977  4.796  4.868  4.820  4.984  4.898  5.094  5.004  4.997  5.153  4.968  4.762  4.844  4.898  4.942  4.956  5.056  4.934  5.043  4.700  4.852  4.779  4.828  4.654  4.827  4.913  4.920  4.625  4.954  4.909  4.754  5.017  4.868  4.868  4.871  4.635  4.875
5.023  4.762  5.003  4.832  5.021  5.147  4.956  4.913  4.990  5.142  5.094  5.158  5.234  5.276  5.380  5.061  4.677  5.024  5.081  5.017  4.989  4.812  4.956  4.836  4.963  4.984  4.933  5.153  4.804  4.905  5.198  4.934  5.050  4.949  4.913  4.956  4.852  5.130  5.037  5.024  4.860  4.927
3.846  3.871  3.951  3.932  3.867  3.807  3.871  3.932  3.967  3.871  3.892  3.912  4.220  4.007  4.205  3.888  3.829  3.912  3.989  4.043  4.025  3.928  3.871  3.951  3.807  4.043  3.970  3.850  3.638  3.892  4.043  3.757  3.871  3.784  3.850  3.912  3.871  3.922  3.871  3.829  3.961  3.807
4.419  4.382  4.466  4.575  4.304  4.564  4.317  4.263  4.489  4.533  4.331  4.419  4.543  4.477  4.407  4.394  4.382  4.489  4.554  4.554  4.663  4.431  4.431  4.654  4.344  4.543  4.382  4.301  4.197  4.220  4.304  4.367  4.431  4.443  4.297  4.344  4.277  4.477  4.404  4.431  4.159  4.263
4.357  4.220  4.295  4.277  4.297  4.394  4.190  4.331  4.304  4.234  4.190  4.246  4.434  4.205  4.331  4.025  4.270  4.394  4.369  4.304  4.419  4.234  4.344  4.407  4.277  4.190  4.205  4.234  4.190  4.344  4.248  4.394  4.489  4.159  4.304  4.290  4.331  4.205  4.171  4.231  4.111  4.317
4.844  4.832  4.752  4.700  4.868  4.927  4.760  4.820  4.970  4.898  4.893  4.984  5.011  4.970  4.905  4.710  4.625  4.970  4.951  4.726  4.832  4.812  4.745  4.890  4.691  4.787  4.739  4.676  4.736  4.663  4.682  4.564  4.898  4.717  4.804  4.771  4.779  4.718  4.749  4.828  4.691  4.700
4.248  4.452  4.466  4.248  4.344  4.394  4.446  4.416  4.367  4.369  4.290  4.416  4.543  4.489  4.466  4.234  4.367  4.344  4.304  4.431  4.554  4.477  4.564  4.533  4.511  4.477  4.369  4.246  4.331  4.174  4.317  4.248  4.344  4.304  4.344  4.454  4.344  4.284  4.248  4.288  4.263  4.382
4.875  4.522  4.762  4.657  4.762  4.783  4.407  4.762  4.673  4.889  4.852  4.947  4.907  4.777  4.898  4.700  4.466  4.868  4.885  4.862  4.635  4.443  4.543  4.410  4.536  4.464  4.559  4.644  4.238  4.382  4.603  4.503  4.489  4.522  4.691  4.691  4.520  4.777  4.613  4.796  4.575  4.659
4.174  4.043  4.290  4.190  4.159  4.190  4.078  4.007  4.234  4.341  4.205  4.248  4.511  4.234  4.489  3.970  4.248  4.277  4.304  4.615  4.317  4.078  4.205  4.143  3.970  4.022  4.174  4.025  3.902  3.951  3.912  3.989  4.143  4.205  4.060  4.260  4.127  4.202  4.190  4.231  3.989  4.094
6.301  6.083  6.242  6.192  6.193  6.319  6.079  6.192  6.215  6.397  6.290  6.466  6.494  6.347  6.400  6.269  6.246  6.356  6.450  6.298  6.346  6.282  6.358  6.368  6.501  6.637  6.611  6.299  6.157  6.215  6.238  6.216  6.402  6.399  6.319  6.342  6.303  6.282  6.252  6.358  6.291  6.372
4.710  4.796  4.860  4.812  4.691  4.745  4.823  4.804  4.835  4.977  4.894  4.927  4.997  5.043  5.047  4.783  4.804  4.836  4.913  4.970  5.112  4.977  4.850  4.942  4.875  4.963  4.963  4.852  4.766  4.727  4.756  4.732  4.779  4.883  4.970  4.875  4.843  4.700  4.718  4.700  4.840  4.771
5.576  5.061  5.438  5.403  5.407  5.481  5.231  5.537  5.529  5.575  5.434  5.659  5.539  5.421  5.624  5.268  5.111  5.493  5.561  5.442  5.303  5.204  5.330  5.231  5.416  5.576  5.371  5.438  5.056  5.236  5.288  4.934  5.429  5.360  5.306  5.159  5.228  5.433  5.323  5.485  5.318  5.384
4.220  4.108  4.324  3.892  4.143  4.205  4.060  4.060  4.174  4.205  4.290  4.234  4.331  4.386  4.159  4.174  3.989  4.127  4.220  4.277  4.190  4.094  3.989  4.111  4.234  4.094  4.248  4.111  3.961  4.007  4.060  3.951  4.124  4.078  4.111  4.190  3.892  3.932  4.159  4.060  4.127  4.159
