3.850  3.738  3.912  3.867  3.784  3.995  3.658  3.871  3.738  3.784  3.526  3.784  3.829  3.761  3.846  3.784  3.784  4.043  3.784  3.932  4.025  3.738  3.784  3.861  3.584  3.550  3.738  3.738  3.689  3.664  3.605  3.714  3.967  3.738  3.664  3.850  4.043  3.611  3.714  3.638  3.871  3.807
3.689  3.689  3.555  3.658  3.696  3.995  3.738  3.829  3.892  3.807  3.459  3.802  3.892  3.850  3.871  3.584  3.638  3.757  3.761  3.714  3.689  3.689  3.714  3.684  3.611  3.664  3.497  3.584  3.497  3.611  3.664  3.791  3.757  3.584  3.664  3.584  3.795  3.526  3.555  3.497  3.624  3.638
3.459  3.401  3.367  3.296  3.497  3.526  3.296  3.584  3.584  3.526  3.401  3.466  3.871  3.824  3.709  3.689  3.689  3.444  3.638  3.807  3.738  3.526  3.490  3.466  3.520  3.738  3.395  3.541  3.395  3.497  3.526  3.651  3.541  3.434  3.434  3.428  3.466  3.434  3.367  3.332  3.434  3.401
3.401  3.466  3.428  3.526  3.555  3.367  3.367  3.611  3.555  3.466  3.332  3.401  3.689  3.684  3.638  3.497  3.497  3.401  3.638  3.738  3.611  3.611  3.807  3.434  3.664  3.611  3.638  3.466  3.497  3.526  3.367  3.434  3.466  3.497  3.466  3.526  3.526  3.367  3.332  3.401  3.497  3.555
3.611  3.638  3.689  3.535  3.526  3.605  3.497  3.578  3.526  3.434  3.466  3.550  3.611  3.584  3.664  3.664  3.466  3.332  3.550  3.738  3.807  3.555  3.535  3.555  3.684  3.757  3.578  3.497  3.584  3.434  3.584  3.664  3.332  3.645  3.555  3.526  3.526  3.434  3.526  3.434  3.367  3.526
3.434  3.638  3.401  3.611  3.526  3.684  3.578  3.555  3.466  3.434  3.434  3.555  3.761  3.597  3.738  3.526  3.526  3.564  3.611  3.664  3.526  3.714  3.520  3.497  3.619  3.555  3.367  3.466  3.466  3.367  3.658  3.550  3.497  3.638  3.497  3.466  3.450  3.367  3.434  3.296  3.332  3.497
4.234  4.341  4.382  4.284  4.174  4.174  4.290  4.263  4.277  4.290  4.220  4.394  4.369  4.248  4.454  4.277  4.205  4.344  4.317  4.369  4.344  4.234  4.248  4.290  4.234  4.159  4.369  4.234  4.078  4.205  4.205  4.407  4.277  4.111  4.127  4.500  4.143  4.220  4.060  4.143  4.190  4.466
4.344  4.331  4.290  4.248  4.290  4.182  4.331  4.317  4.434  4.367  4.394  4.466  4.419  4.357  4.407  4.111  4.382  4.454  4.407  4.454  4.466  4.419  4.331  4.477  4.454  4.234  4.401  4.248  4.043  4.111  4.277  4.500  4.331  4.419  4.449  4.317  4.220  4.238  4.205  4.190  4.246  4.431
3.526  3.645  3.761  3.497  3.555  3.611  3.466  3.434  3.867  3.638  3.401  3.807  3.932  3.664  3.807  3.555  3.605  3.611  3.689  3.850  3.689  3.592  3.689  3.584  3.497  3.367  3.434  3.550  3.497  3.689  3.497  3.689  3.807  3.892  3.664  3.526  3.466  3.466  3.611  3.550  3.632  3.664
3.520  3.632  3.912  3.526  3.466  3.738  3.658  3.651  3.709  3.961  3.296  3.632  3.714  3.584  3.902  3.928  3.584  3.850  3.497  3.807  3.807  3.638  3.584  3.584  3.466  3.401  3.555  3.526  3.597  3.689  3.490  3.684  3.611  3.497  3.497  3.466  3.497  3.555  3.401  3.401  3.597  3.434
4.640  4.369  4.443  4.525  4.500  4.469  4.625  4.615  4.595  4.615  4.562  4.564  4.644  4.489  4.736  4.477  4.335  4.595  4.554  4.635  4.745  4.642  4.509  4.575  4.431  4.466  4.554  4.466  4.315  4.489  4.416  4.460  4.543  4.654  4.580  4.466  4.673  4.605  4.570  4.443  4.344  4.635
4.734  4.734  4.745  4.583  4.564  4.477  4.511  4.500  4.431  4.727  4.595  4.635  4.630  4.466  4.682  4.625  4.469  4.691  4.536  4.615  4.595  4.625  4.552  4.635  4.454  4.543  4.382  4.331  4.290  4.367  4.304  4.443  4.477  4.452  4.483  4.605  4.673  4.466  4.489  4.663  4.388  4.533
3.807  3.795  3.871  3.733  3.829  3.738  3.526  3.689  3.871  3.714  3.784  3.807  4.111  4.060  4.094  3.807  3.689  3.871  3.912  3.947  4.025  3.951  3.970  4.007  3.611  3.829  3.802  3.651  3.624  3.780  3.773  3.813  3.761  3.807  3.584  3.689  3.632  3.738  3.709  3.807  3.638  3.761
3.367  3.555  3.726  3.466  3.497  3.664  3.332  3.466  3.497  3.367  3.219  3.466  3.689  3.761  3.738  3.638  3.526  3.497  3.664  3.689  3.738  3.497  3.584  3.555  3.555  3.401  3.526  3.360  3.466  3.578  3.526  3.597  3.466  3.497  3.466  3.689  3.466  3.401  3.434  3.497  3.325  3.584
4.466  4.234  4.407  4.357  4.369  4.500  4.288  4.431  4.431  4.407  4.498  4.500  4.500  4.277  4.559  4.407  4.357  4.428  4.394  4.382  4.454  4.419  4.367  4.419  4.174  4.111  4.341  4.248  4.119  4.174  4.205  4.394  4.331  4.304  4.357  4.260  4.304  4.363  4.297  4.344  4.274  4.337
4.615  4.575  4.575  4.559  4.554  4.554  4.511  4.578  4.734  4.605  4.564  4.642  4.605  4.466  4.762  4.344  4.554  4.673  4.721  4.717  4.663  4.554  4.726  4.630  4.382  4.549  4.552  4.454  4.407  4.277  4.357  4.511  4.554  4.522  4.541  4.454  4.466  4.373  4.382  4.472  4.454  4.466
3.605  3.773  3.871  3.714  3.932  3.689  3.829  3.967  3.912  3.733  3.784  3.761  3.989  4.074  4.060  3.951  3.714  4.048  3.989  3.951  3.970  3.871  3.912  3.912  3.932  3.738  3.714  3.807  3.497  3.871  3.689  3.664  4.086  3.867  3.761  3.689  3.689  3.807  3.738  3.689  3.761  3.857
3.795  3.611  3.784  3.784  3.850  3.780  3.912  3.611  3.738  3.738  3.689  3.829  3.961  3.824  3.989  3.584  3.818  3.824  3.850  3.912  3.912  3.750  3.684  3.761  3.638  3.611  3.611  3.689  3.714  3.584  3.584  3.570  3.970  3.701  3.584  3.867  3.761  3.664  3.714  3.738  3.611  3.684
3.584  3.555  3.490  3.638  3.401  3.584  3.689  3.550  3.807  3.584  3.676  3.714  3.733  3.689  3.738  3.434  3.714  3.555  3.714  3.850  3.871  3.839  3.684  3.714  3.807  3.689  3.761  3.367  3.555  3.555  3.497  3.807  3.611  3.555  3.638  3.555  3.401  3.584  3.526  3.584  3.689  3.761
3.296  3.434  3.512  3.384  3.555  3.296  3.332  3.497  3.597  3.497  3.258  3.401  3.611  3.709  3.526  3.395  3.638  3.332  3.638  3.714  3.584  3.632  3.395  3.611  3.325  3.466  3.526  3.401  3.434  3.395  3.401  3.434  3.497  3.555  3.497  3.367  3.332  3.401  3.332  3.219  3.434  3.401
4.394  4.167  4.489  4.477  4.428  4.407  4.443  4.331  4.416  4.419  4.348  4.431  4.543  4.554  4.585  4.454  4.422  4.380  4.452  4.549  4.477  4.522  4.382  4.466  4.277  4.337  4.317  4.407  4.074  4.248  4.369  4.404  4.573  4.350  4.511  4.431  4.328  4.443  4.394  4.304  4.422  4.369
4.533  4.304  4.533  4.605  4.466  4.541  4.585  4.630  4.682  4.575  4.301  4.533  4.644  4.511  4.723  4.533  4.489  4.350  4.836  4.777  4.522  4.585  4.511  4.454  4.533  4.595  4.407  4.317  4.234  4.277  4.304  4.404  4.696  4.623  4.605  4.654  4.511  4.585  4.246  4.369  4.585  4.615
