5.645  5.379  5.501  5.447  5.464  5.600  5.549  5.493  5.472  5.602  5.687  5.624  5.638  5.485  5.513  5.485  5.333  5.361  5.598  5.434  5.624  5.493  5.489  5.529  5.328  5.242  5.337  5.418  5.322  5.288  5.507  5.371  5.451  5.429  5.489  5.457  5.398  5.347  5.557  5.464  5.398  5.406
6.118  6.073  6.087  6.155  6.098  6.107  6.176  6.040  6.105  6.261  6.254  6.254  6.188  6.099  6.180  6.066  6.006  5.914  6.168  6.103  6.255  6.160  6.143  6.153  5.938  5.927  5.935  5.953  5.823  5.883  6.097  6.055  5.989  6.026  6.148  6.111  6.049  6.180  6.064  5.999  5.981  6.011
5.403  4.949  5.308  5.257  5.056  5.153  5.130  5.045  5.231  5.198  5.469  5.193  5.043  4.956  5.153  4.787  4.890  5.013  5.466  5.112  5.242  5.272  4.990  5.446  5.091  5.030  4.920  5.069  4.836  4.787  4.920  5.094  5.209  4.963  5.370  5.127  5.004  4.890  5.050  4.883  5.217  4.860
4.431  4.078  4.277  4.205  4.078  4.234  3.928  4.253  4.443  4.498  4.344  4.382  4.407  4.127  4.277  4.094  4.174  4.174  4.324  4.419  4.111  4.220  3.912  4.762  4.220  4.500  4.043  4.143  4.007  4.025  4.007  4.205  4.277  4.043  3.985  3.970  3.989  4.007  4.111  4.111  4.290  4.331
4.691  4.595  4.635  4.538  4.644  4.585  4.575  4.543  4.564  4.736  4.613  4.615  4.771  4.682  4.787  4.520  4.407  4.564  4.419  4.489  4.677  4.710  4.443  4.543  4.386  4.394  4.466  4.454  4.344  4.295  4.404  4.369  4.564  4.464  4.394  4.615  4.328  4.443  4.407  4.605  4.304  4.454
4.654  4.575  4.585  4.443  4.489  4.477  4.500  4.699  4.477  4.804  4.647  4.696  4.691  4.533  4.749  4.530  4.605  4.659  4.663  4.635  4.777  4.682  4.511  4.522  4.489  4.554  4.454  4.431  4.394  4.475  4.615  4.489  4.700  4.590  4.575  4.466  4.500  4.605  4.407  4.454  4.187  4.585
4.883  4.700  4.691  4.771  4.898  4.885  4.844  4.911  4.934  4.844  4.509  4.844  4.883  4.868  4.956  4.718  4.691  4.796  4.890  4.745  4.999  4.754  4.771  4.890  4.824  4.756  4.663  4.652  4.564  4.718  4.554  4.736  4.699  4.812  4.779  4.736  4.682  4.754  4.466  4.736  4.754  4.890
4.700  4.640  4.700  4.628  4.762  4.691  4.644  4.804  4.771  4.663  4.522  4.787  4.875  4.836  4.852  4.625  4.673  4.663  4.700  4.754  4.927  4.644  4.613  4.736  4.564  4.533  4.605  4.662  4.481  4.419  4.477  4.663  4.605  4.682  4.575  4.762  4.668  4.511  4.367  4.564  4.590  4.663
4.489  4.304  4.410  4.500  4.564  4.382  4.304  4.369  4.454  4.543  4.392  4.489  4.654  4.500  4.736  4.454  4.369  4.331  4.522  4.605  4.554  4.511  4.263  4.516  4.078  4.220  4.234  4.344  4.007  4.124  4.344  4.234  4.217  4.304  4.260  4.369  4.234  4.382  4.369  4.224  4.143  4.317
4.094  4.127  4.248  4.317  4.111  4.256  4.078  4.127  4.057  4.263  4.220  4.382  4.357  4.394  4.357  4.111  4.078  4.277  4.194  4.369  4.341  4.159  4.143  4.263  4.111  4.205  4.151  4.043  3.892  3.850  4.127  3.989  4.301  4.094  4.043  4.171  4.086  4.078  4.317  4.025  4.043  4.111
5.231  5.287  5.222  5.278  5.318  5.338  5.170  5.231  5.219  5.308  5.283  5.366  5.352  5.434  5.340  5.250  5.252  5.286  5.342  5.308  5.366  5.357  5.298  5.479  5.129  5.170  5.187  5.204  5.165  5.102  5.308  5.268  5.268  5.142  5.209  5.187  5.263  5.257  5.330  5.313  4.977  5.214
3.989  3.784  3.989  3.989  3.892  3.932  3.829  3.970  3.989  3.761  3.807  4.025  4.159  3.989  4.007  4.040  3.871  4.043  3.892  4.159  4.277  3.912  3.871  4.043  3.871  3.892  3.824  3.932  3.839  3.871  3.892  4.043  3.912  3.932  3.951  3.912  3.892  3.850  3.932  3.807  3.989  3.784
4.520  4.190  4.585  4.714  4.573  4.511  4.304  4.522  4.489  4.649  4.454  4.549  4.500  4.630  4.443  4.248  4.220  4.489  4.727  4.564  4.428  4.419  4.394  4.454  4.190  4.498  4.277  4.419  4.205  4.466  4.202  4.376  4.522  4.260  4.357  4.373  4.357  4.431  4.363  4.394  4.205  4.431
4.710  4.559  4.605  4.654  4.640  4.699  4.431  4.575  4.654  4.654  4.700  4.663  4.844  4.852  4.868  4.477  4.585  4.682  4.710  4.804  4.714  4.554  4.431  4.654  4.317  4.422  4.477  4.543  4.337  4.533  4.443  4.489  4.700  4.331  4.562  4.541  4.443  4.625  4.533  4.475  4.394  4.475
4.647  4.644  4.625  4.710  4.642  4.663  4.595  4.673  4.564  4.745  4.700  4.710  4.804  4.682  4.787  4.500  4.489  4.673  4.743  4.771  4.804  4.762  4.615  4.779  4.483  4.533  4.357  4.464  4.363  4.554  4.443  4.595  4.663  4.573  4.615  4.635  4.511  4.642  4.500  4.546  4.543  4.585
4.618  4.543  4.662  4.844  4.511  4.554  4.605  4.718  4.615  4.585  4.489  4.673  4.654  4.605  4.700  4.500  4.522  4.649  4.708  4.682  4.875  4.559  4.635  4.654  4.549  4.511  4.407  4.380  4.440  4.543  4.511  4.644  4.625  4.431  4.635  4.575  4.533  4.454  4.392  4.344  4.466  4.511
5.739  5.541  5.489  5.442  5.507  5.568  5.620  5.568  5.583  5.717  5.620  5.631  5.802  5.707  5.613  5.565  5.513  5.460  5.613  5.710  5.541  5.507  5.541  5.710  5.380  5.497  5.549  5.425  5.283  5.342  5.472  5.342  5.481  5.557  5.489  5.568  5.342  5.525  5.642  5.489  5.468  5.649
5.570  5.537  5.432  5.442  5.544  5.559  5.565  5.613  5.617  5.680  5.556  5.680  5.727  5.675  5.583  5.609  5.565  5.549  5.525  5.652  5.529  5.537  5.602  5.690  5.497  5.656  5.642  5.451  5.451  5.368  5.505  5.247  5.476  5.580  5.553  5.620  5.375  5.525  5.501  5.407  5.421  5.561
4.804  4.685  4.779  4.773  4.673  4.710  4.710  4.734  4.663  4.787  4.736  4.766  4.779  4.745  4.927  4.603  4.663  4.771  4.710  4.847  4.843  4.762  4.771  4.766  4.522  4.554  4.593  4.489  4.454  4.642  4.595  4.673  4.652  4.605  4.796  4.812  4.585  4.673  4.585  4.575  4.745  4.663
4.828  4.824  4.792  4.762  4.844  4.828  4.749  4.748  4.796  4.934  4.796  4.860  4.992  5.016  5.037  4.858  4.827  4.762  4.927  4.860  4.994  4.868  4.852  4.889  4.691  4.682  4.700  4.605  4.605  4.680  4.543  4.820  4.868  4.787  4.883  4.787  4.710  4.710  4.745  4.700  4.673  4.663
5.333  5.176  5.421  5.403  5.327  5.318  5.447  5.288  5.686  5.493  5.170  5.347  5.303  5.242  5.652  5.017  5.409  5.308  5.677  5.577  5.461  5.398  5.313  5.493  5.059  5.190  5.170  5.159  5.301  5.118  5.075  5.416  5.652  5.398  5.546  5.368  5.195  5.236  5.159  5.118  5.469  5.378
4.844  5.004  4.984  4.949  4.890  4.860  4.970  4.898  4.963  5.030  4.977  4.836  4.812  4.682  5.198  4.668  4.977  4.868  5.235  5.118  4.984  5.069  4.956  4.836  4.779  4.777  4.673  4.708  4.741  4.771  4.595  4.961  5.112  4.970  5.023  4.812  4.949  4.860  4.771  4.654  4.748  4.836
