5.085  4.927  5.136  5.024  5.072  5.138  5.069  5.030  5.136  5.165  5.081  5.288  5.204  5.234  5.226  5.058  4.956  5.176  5.118  5.050  5.069  4.970  5.039  5.014  4.990  5.081  4.977  4.890  4.868  4.875  5.063  4.714  4.990  5.100  4.984  5.023  4.989  5.165  4.984  5.063  4.852  5.042
4.625  4.543  4.382  4.466  4.514  4.610  4.525  4.413  4.682  4.543  4.416  4.466  4.832  4.610  4.691  4.541  4.404  4.533  4.635  4.543  4.605  4.554  4.363  4.344  4.394  4.382  4.407  4.472  4.354  4.331  4.477  4.357  4.483  4.419  4.369  4.477  4.489  4.454  4.386  4.304  4.431  4.443
5.597  5.468  5.505  5.553  5.509  5.434  5.495  5.541  5.497  5.602  5.525  5.688  5.590  5.501  5.740  5.659  5.576  5.591  5.659  5.541  5.580  5.505  5.424  5.498  5.429  5.472  5.471  5.394  5.257  5.328  5.352  5.370  5.438  5.486  5.447  5.591  5.468  5.434  5.375  5.365  5.373  5.371
5.666  5.333  5.476  5.568  5.398  5.511  5.436  5.425  5.394  5.645  5.481  5.561  5.490  5.394  5.620  5.366  5.365  5.421  5.659  5.645  5.714  5.700  5.628  5.606  5.429  5.333  5.313  5.231  5.106  5.147  5.252  5.329  5.398  5.472  5.429  5.394  5.421  5.416  5.268  5.267  5.308  5.421
5.908  5.897  5.749  5.958  5.749  5.703  5.820  5.784  5.799  5.969  5.846  5.820  5.864  5.905  5.915  5.811  5.666  5.792  5.768  5.897  5.720  5.730  5.781  5.811  5.642  5.568  5.568  5.606  5.493  5.509  5.746  5.656  5.591  5.714  5.705  5.759  5.649  5.631  5.621  5.602  5.670  5.727
5.303  5.209  5.310  5.371  5.257  5.333  5.231  5.303  5.247  5.533  5.204  5.481  5.220  5.182  5.313  5.136  5.136  5.247  5.323  5.403  5.356  5.347  5.165  5.398  5.136  5.112  5.043  4.997  4.959  5.058  5.130  5.086  5.211  5.215  5.118  5.204  5.193  5.106  5.153  5.078  5.017  5.159
4.094  3.871  4.234  3.829  3.908  4.078  3.902  3.757  3.970  3.989  3.761  3.932  3.957  3.898  4.052  3.784  3.932  3.976  4.094  4.043  4.069  4.016  3.784  3.932  3.807  3.584  3.738  3.951  3.757  4.057  3.664  3.802  3.912  3.807  3.807  3.908  3.932  3.824  3.780  3.892  3.928  3.998
4.190  3.738  4.074  3.871  4.174  4.127  4.127  3.912  3.932  4.111  3.871  4.078  4.091  4.078  4.043  3.970  4.060  3.989  3.932  4.263  4.171  3.928  3.989  4.007  3.892  3.829  3.882  3.871  3.882  3.985  3.932  4.025  3.970  3.932  3.829  3.951  4.078  3.807  3.970  3.784  3.932  3.951
4.977  4.890  4.927  4.875  4.934  4.812  4.963  4.868  4.832  5.132  4.958  4.937  5.078  4.898  4.973  4.852  4.769  4.864  5.024  4.860  4.963  4.926  4.691  4.905  4.847  4.673  4.804  4.771  4.758  4.489  4.968  4.771  4.905  4.875  4.942  4.812  4.927  4.835  4.700  4.700  4.802  4.779
5.201  5.187  5.112  5.246  5.176  5.127  5.298  5.153  5.215  5.303  5.262  5.273  5.318  5.204  5.393  5.269  5.063  4.997  5.193  5.278  5.215  5.226  5.159  5.234  5.112  4.989  5.024  4.949  4.898  4.905  5.159  4.984  5.112  5.118  5.136  5.109  5.146  5.097  5.118  4.949  4.924  5.099
4.274  4.111  4.187  4.007  4.159  4.040  4.108  4.127  4.094  4.304  4.190  4.190  4.220  4.057  4.274  4.174  4.111  4.217  4.190  4.143  4.277  4.304  4.135  4.220  4.060  4.094  4.078  3.912  4.007  4.043  4.094  4.025  4.116  3.951  4.127  3.989  4.174  4.025  3.871  4.043  3.985  3.761
3.970  3.970  3.850  3.951  4.007  3.850  3.947  3.898  3.989  4.127  3.892  3.995  3.970  4.007  4.094  3.888  4.022  3.970  4.016  4.094  3.989  3.892  3.871  4.078  4.078  3.908  3.829  4.007  3.761  3.784  3.970  3.850  3.829  4.007  3.850  3.829  3.829  3.938  3.932  3.850  3.829  3.947
5.278  5.150  5.112  5.344  5.357  5.288  5.096  5.135  5.130  5.215  5.242  5.278  5.313  5.303  5.328  5.142  5.052  5.204  5.333  5.268  5.251  5.228  5.153  5.201  5.153  5.075  4.982  5.037  4.898  5.011  5.130  4.984  5.056  5.052  5.100  5.112  5.061  5.124  5.159  5.147  4.982  5.061
5.193  5.146  5.004  5.165  5.247  5.056  4.992  5.081  5.064  5.176  5.118  5.187  5.192  5.063  5.231  5.140  4.961  5.072  5.093  5.050  5.106  4.963  5.142  5.136  4.804  4.828  4.913  4.949  4.758  4.762  4.970  5.043  4.864  4.890  4.990  5.024  5.081  5.124  5.176  5.130  4.812  5.014
4.357  4.164  4.220  4.304  4.357  4.382  4.187  4.227  4.256  4.369  4.344  4.304  4.431  4.431  4.489  4.317  4.205  4.277  4.394  4.304  4.248  4.248  4.140  4.220  4.007  4.174  4.304  4.174  4.094  3.989  4.205  4.156  4.094  4.108  4.290  4.277  4.094  4.190  4.331  4.078  4.151  4.094
3.611  3.689  3.761  3.526  3.871  3.638  3.555  3.807  3.664  3.829  3.638  3.689  3.951  3.912  3.985  3.714  3.892  3.611  3.761  3.638  3.947  3.689  3.850  3.784  3.632  3.761  3.738  3.555  3.638  3.807  3.738  3.802  3.761  3.714  3.611  3.714  3.632  3.689  3.638  3.555  3.671  3.664
5.838  5.472  5.768  5.814  5.733  5.727  5.663  5.638  5.857  5.901  5.741  5.874  5.820  5.687  5.905  5.535  5.501  5.793  5.781  5.922  5.704  5.545  5.557  5.670  5.659  5.690  5.598  5.704  5.493  5.464  5.509  5.561  5.670  5.645  5.625  5.620  5.595  5.694  5.656  5.697  5.730  5.624
5.363  5.198  5.505  5.409  5.357  5.242  5.147  5.140  5.342  5.541  5.226  5.303  5.374  5.422  5.396  5.142  4.905  5.339  5.398  5.447  5.361  5.109  5.136  5.227  5.394  5.226  5.088  5.268  4.977  4.990  5.112  5.075  5.268  5.242  5.124  5.278  5.056  5.268  5.318  5.273  5.182  5.293
5.724  5.481  5.541  5.565  5.580  5.525  5.503  5.505  5.412  5.656  5.602  5.645  5.730  5.595  5.623  5.485  5.464  5.560  5.602  5.588  5.529  5.347  5.460  5.442  5.447  5.434  5.421  5.481  5.263  5.236  5.481  5.380  5.480  5.482  5.468  5.447  5.434  5.576  5.485  5.545  5.409  5.572
6.157  5.953  5.940  6.040  6.049  6.029  5.978  6.043  5.943  6.201  6.098  6.035  6.148  6.097  6.180  5.908  5.875  6.084  6.043  6.087  5.969  5.935  5.900  5.922  5.787  5.864  5.768  5.927  5.775  5.651  5.911  5.787  5.838  5.852  5.875  6.009  5.826  5.999  5.908  5.979  5.771  5.881
4.796  4.600  4.771  4.787  4.852  4.745  4.595  4.727  4.771  4.839  4.762  4.858  4.942  4.843  5.017  4.673  4.511  4.804  4.836  4.762  4.663  4.564  4.708  4.718  4.691  4.745  4.598  4.769  4.489  4.727  4.691  4.475  4.771  4.736  4.739  4.682  4.710  4.779  4.652  4.615  4.682  4.779
4.274  4.220  4.234  4.205  4.234  4.357  4.148  4.205  4.220  4.167  4.004  4.187  4.419  4.248  4.407  4.094  4.111  4.190  4.263  4.174  4.466  4.143  4.025  4.382  3.892  4.078  4.277  4.248  4.043  3.951  4.007  4.069  4.234  4.205  3.976  4.212  4.234  4.194  4.060  4.007  3.970  4.187
