4.820  4.610  4.654  4.610  4.691  4.466  4.806  4.690  4.732  4.828  4.533  4.677  4.970  4.771  4.920  4.677  4.868  4.745  4.820  4.749  4.956  4.745  4.779  4.779  4.635  4.472  4.662  4.407  4.585  4.585  4.505  4.615  4.663  4.603  4.836  4.726  4.673  4.673  4.554  4.475  4.466  4.690
5.361  5.146  5.130  5.100  5.158  5.094  5.182  5.176  5.162  5.182  5.112  5.303  5.394  5.220  5.281  5.165  5.118  5.230  5.333  5.293  5.341  5.242  5.170  5.236  4.927  4.896  5.061  4.970  4.820  4.942  5.083  5.130  5.142  5.078  5.069  5.130  4.913  5.124  5.136  4.990  4.881  5.043
3.989  3.951  3.714  3.784  3.784  3.892  4.007  3.761  3.912  3.967  3.871  4.004  4.094  3.829  3.970  3.829  3.932  3.738  3.970  3.867  4.052  3.989  3.932  4.074  3.951  3.861  3.829  3.802  3.802  3.689  4.043  3.912  3.850  3.912  3.738  3.850  3.802  3.850  3.714  3.850  3.638  3.738
3.773  3.761  3.780  3.714  3.738  3.714  3.784  3.888  3.951  3.871  3.664  4.004  3.802  3.761  3.912  3.835  3.689  3.733  3.784  3.829  3.784  3.892  3.761  3.761  3.664  3.584  3.638  3.733  3.466  3.784  3.761  3.784  3.761  3.807  3.689  3.807  3.726  3.709  3.689  3.689  3.850  3.807
4.562  4.416  4.700  4.486  4.564  4.610  4.425  4.615  4.554  4.500  4.290  4.477  4.673  4.691  4.700  4.454  4.511  4.663  4.554  4.710  4.663  4.533  4.443  4.635  4.357  4.543  4.274  4.407  4.256  4.466  4.454  4.489  4.543  4.466  4.500  4.554  4.477  4.533  4.382  4.394  4.382  4.425
4.111  4.057  4.331  4.263  4.060  4.078  3.985  4.190  4.202  4.197  3.784  3.970  4.277  4.267  4.205  4.060  4.143  4.171  4.281  4.159  4.263  4.116  4.043  4.159  4.094  4.078  3.932  3.951  3.850  3.912  3.989  4.025  4.143  3.951  4.124  4.143  4.007  4.143  4.060  3.932  4.007  4.083
4.404  4.357  4.533  4.489  4.394  4.348  4.369  4.344  4.248  4.511  4.407  4.623  4.466  4.431  4.443  4.331  4.297  4.182  4.543  4.700  4.466  4.416  4.331  4.382  4.248  4.331  4.290  4.111  4.151  4.143  4.171  4.290  4.446  4.317  4.382  4.331  4.156  4.394  4.078  4.159  4.290  4.407
4.796  4.043  4.248  4.301  4.060  4.094  4.060  4.143  4.127  4.205  4.124  4.248  4.277  4.060  4.317  4.151  4.078  4.140  4.220  4.248  4.205  4.111  4.143  4.127  3.970  4.094  3.989  3.932  3.802  3.892  3.932  4.043  4.124  4.127  4.220  3.932  3.850  4.091  4.094  3.892  3.912  4.111
4.756  4.394  4.489  4.382  4.454  4.443  4.419  4.676  4.710  4.615  4.290  4.522  4.718  4.623  4.705  4.533  4.554  4.673  4.663  4.605  4.727  4.543  4.663  5.094  4.489  4.428  4.304  4.392  4.159  4.431  4.554  4.404  4.369  4.277  4.477  4.564  4.511  4.382  4.431  4.494  4.454  4.608
4.481  4.174  4.317  4.127  4.205  4.407  4.205  4.344  4.575  4.331  3.951  4.500  4.533  4.382  4.344  4.174  4.256  4.234  4.394  4.511  4.500  4.341  4.143  4.640  4.060  4.419  4.060  3.970  4.159  4.086  4.159  4.253  4.369  4.197  4.127  4.380  4.234  4.369  4.190  4.315  4.466  4.220
3.912  4.094  3.951  3.932  3.871  3.970  4.007  3.892  4.004  3.989  3.951  3.989  4.069  3.892  4.156  4.040  4.078  3.750  3.951  3.970  4.074  4.040  3.807  4.111  3.761  3.947  3.932  3.750  3.733  3.611  3.871  3.947  3.967  3.871  3.689  3.989  3.980  4.060  3.871  3.757  3.689  4.025
5.872  5.421  5.762  5.638  5.576  5.802  5.716  5.759  5.873  6.019  5.922  5.989  5.869  5.762  5.855  5.580  5.677  5.620  5.832  5.826  5.817  5.649  5.656  5.707  5.545  5.620  5.710  5.525  5.409  5.568  5.541  5.659  5.669  5.753  5.759  5.684  5.697  5.775  5.835  5.661  5.542  5.663
4.025  3.951  3.989  3.922  4.043  4.025  3.951  4.078  3.888  4.094  3.912  4.111  4.143  4.190  4.164  4.094  4.127  4.013  4.190  4.025  4.231  4.007  3.989  4.060  3.888  3.829  3.835  3.947  3.780  3.942  4.025  4.007  4.025  3.932  4.060  4.205  3.892  4.025  3.989  3.970  3.784  3.951
3.611  3.466  3.520  3.578  3.555  3.526  3.466  3.632  3.555  3.497  3.481  3.689  3.957  3.761  3.497  3.497  3.520  3.578  3.784  3.738  3.784  3.738  3.638  3.664  3.434  3.401  3.584  3.401  3.434  3.632  3.664  3.780  3.584  3.450  3.497  3.584  3.434  3.584  3.434  3.466  3.434  3.632
4.812  4.771  4.868  4.860  4.762  4.710  4.843  4.843  5.026  5.001  4.700  4.860  4.942  4.771  5.340  4.654  4.790  4.804  5.220  5.068  4.942  4.927  4.871  4.875  4.575  4.654  4.710  4.644  4.615  4.700  4.595  4.779  5.136  4.779  4.782  4.828  4.844  4.777  4.844  4.663  4.877  4.727
4.500  4.382  4.357  4.625  4.642  4.511  4.443  4.511  4.489  4.691  4.489  4.454  4.575  4.454  4.736  4.094  4.505  4.443  4.666  4.623  4.787  4.452  4.425  4.431  4.369  4.388  4.248  4.277  4.127  4.297  4.344  4.454  4.635  4.443  4.615  4.543  4.486  4.533  4.443  4.454  4.382  4.419
5.838  5.835  5.826  5.989  5.892  5.889  5.787  5.897  5.830  5.948  5.961  5.930  6.040  5.942  6.017  5.852  5.817  5.768  6.035  6.115  6.021  5.914  5.806  6.011  5.832  5.746  5.835  5.759  5.684  5.801  5.820  5.768  5.903  5.961  5.932  5.916  5.799  5.878  5.823  5.727  5.744  5.951
4.644  4.666  4.654  4.881  4.727  4.718  4.920  4.804  4.852  4.808  5.004  4.691  4.890  4.868  4.990  4.605  4.762  4.860  4.997  5.037  5.212  4.754  4.522  4.990  4.691  4.677  4.691  4.652  4.407  4.511  4.638  4.659  4.920  4.700  4.595  4.690  4.564  4.726  4.782  4.787  4.893  4.708
5.004  4.852  4.890  4.942  4.986  5.047  4.898  4.874  4.956  5.118  5.085  5.124  5.162  5.193  5.166  5.026  4.994  5.139  5.094  5.105  5.168  4.961  5.030  5.100  4.997  4.975  4.868  4.924  4.804  4.836  4.997  5.024  4.920  5.075  4.977  5.024  4.959  4.812  5.017  4.881  4.883  4.927
4.625  4.575  4.477  4.663  4.564  4.509  4.585  4.543  4.635  4.625  4.820  4.663  4.710  4.828  4.812  4.600  4.635  4.718  4.691  4.718  4.832  4.511  4.625  4.663  4.625  4.500  4.600  4.511  4.431  4.398  4.595  4.644  4.564  4.691  4.503  4.443  4.500  4.595  4.691  4.564  4.543  4.663
4.635  4.605  4.714  4.736  4.663  4.644  4.533  4.727  4.682  4.605  4.673  4.745  4.812  4.860  4.860  4.703  4.595  4.710  4.771  4.883  4.804  4.682  4.765  4.913  4.585  4.511  4.554  4.575  4.533  4.595  4.663  4.727  4.844  4.762  4.625  4.710  4.595  4.635  4.644  4.543  4.635  4.564
4.159  4.182  4.248  4.143  4.159  4.119  4.217  4.043  4.263  4.220  4.290  4.190  4.220  4.290  4.431  4.234  4.234  4.174  4.290  4.317  4.419  4.190  4.086  4.277  4.132  4.127  4.094  4.057  4.013  4.174  4.007  4.369  4.094  4.234  4.086  4.277  4.060  4.156  4.248  4.190  4.111  4.159
