4.904  4.828  4.752  4.771  4.710  4.820  4.804  4.779  4.852  4.879  4.779  4.929  4.828  4.898  4.934  4.673  4.752  4.828  4.754  4.766  4.858  4.775  4.802  4.727  4.691  4.613  4.771  4.754  4.605  4.718  4.812  4.820  4.663  4.708  4.820  4.754  4.762  4.730  4.585  4.762  4.615  4.691
5.063  4.852  4.883  4.875  4.804  4.787  4.820  4.970  4.860  4.937  4.913  4.980  4.924  4.804  4.997  4.804  4.769  4.787  4.926  4.850  5.040  4.804  4.922  4.868  4.605  4.635  4.779  4.615  4.635  4.663  4.898  4.745  4.820  4.812  4.905  4.812  4.819  4.990  4.654  4.828  4.690  4.828
6.615  6.603  6.512  6.404  6.497  6.552  6.557  6.498  6.620  6.821  6.786  6.601  6.649  6.576  6.571  6.491  6.553  6.568  6.507  6.493  6.531  6.544  6.590  6.574  6.303  6.425  6.517  6.576  6.394  6.518  6.671  6.479  6.425  6.447  6.519  6.485  6.526  6.356  6.592  6.583  6.384  6.430
5.864  5.986  5.796  5.740  5.739  5.883  5.889  5.789  5.989  6.172  6.153  5.966  6.098  6.038  5.996  6.016  5.920  5.858  5.999  5.849  5.881  5.957  6.105  6.064  5.802  5.900  5.938  5.908  5.868  6.023  6.082  5.838  5.814  5.852  5.889  5.908  6.019  5.671  5.849  5.861  5.760  5.737
4.205  4.270  4.205  4.205  4.074  4.116  4.025  4.159  4.148  4.304  4.174  4.094  4.369  4.143  4.308  4.190  4.060  4.074  4.190  4.231  4.007  3.985  3.951  4.043  4.086  4.048  4.025  4.025  3.892  3.871  4.078  3.951  4.127  3.989  4.043  4.143  4.043  4.190  3.908  4.004  3.947  4.220
3.932  4.048  4.007  3.738  3.664  3.850  3.802  3.829  3.892  3.850  3.714  3.784  4.007  4.060  4.025  3.912  3.850  3.795  3.829  4.111  4.078  3.664  3.892  3.932  3.784  3.689  3.738  3.714  3.611  3.721  3.645  3.761  3.938  3.824  3.689  3.784  3.795  3.714  3.597  3.555  3.611  3.807
4.357  4.460  4.546  4.595  4.522  4.443  4.331  4.369  4.682  4.638  4.337  4.413  4.481  4.419  4.663  4.489  4.304  4.489  4.543  4.605  4.595  4.369  4.404  4.585  4.419  4.382  4.382  4.407  4.277  4.509  4.159  4.354  4.605  4.190  4.477  4.500  4.419  4.331  4.231  4.443  4.575  4.344
4.883  4.777  5.014  4.875  4.700  4.787  4.852  4.745  4.736  5.009  4.745  4.900  4.883  4.727  4.890  4.691  4.663  4.727  4.883  4.942  4.883  4.762  4.804  4.848  4.663  4.718  4.489  4.486  4.543  4.696  4.466  4.654  4.820  4.663  4.663  4.710  4.516  4.623  4.522  4.663  4.615  4.718
4.263  4.187  4.267  3.985  4.290  4.369  3.892  4.234  4.220  4.380  4.190  4.234  4.357  4.454  4.431  4.248  3.970  4.267  4.263  4.382  4.234  4.190  4.317  4.344  3.985  3.951  4.078  4.111  3.989  4.217  4.205  4.094  4.202  4.140  4.171  4.190  4.248  4.127  3.912  4.159  4.094  4.135
5.746  5.591  5.535  5.273  5.649  5.642  5.394  5.580  5.624  5.762  5.759  5.540  5.930  5.690  5.759  5.696  5.429  5.795  5.645  5.576  5.583  5.568  5.700  5.677  5.359  5.549  5.557  5.537  5.380  5.488  5.537  5.318  5.397  5.541  5.472  5.553  5.553  5.521  5.609  5.568  5.361  5.525
6.240  5.940  6.118  6.118  6.198  6.178  5.927  6.180  6.196  6.271  6.131  6.292  6.262  6.260  6.311  5.892  5.966  5.958  6.265  6.091  6.033  5.911  5.930  5.981  6.184  6.271  5.988  6.053  5.811  5.849  5.866  5.999  6.050  6.182  6.125  6.082  5.952  6.183  6.027  6.073  6.171  5.989
6.258  6.103  6.107  6.136  6.182  6.148  6.094  6.174  6.091  6.291  6.204  6.181  6.389  6.292  6.288  6.105  6.165  6.014  6.194  6.128  6.105  6.090  6.205  6.181  5.964  6.209  6.124  6.041  5.953  5.878  6.001  5.953  6.068  6.111  6.086  6.148  6.100  6.157  6.097  5.961  6.035  6.103
5.252  5.153  5.236  5.288  5.235  5.298  5.147  5.130  5.209  5.420  5.293  5.292  5.298  5.278  5.302  5.147  5.050  5.226  5.328  5.268  5.380  5.318  5.242  5.247  5.193  5.170  5.234  5.130  4.949  5.136  5.183  5.037  5.142  5.165  5.209  5.338  5.220  5.251  5.204  5.226  5.029  5.268
5.501  5.278  5.438  5.442  5.415  5.357  5.342  5.394  5.324  5.509  5.447  5.502  5.493  5.464  5.420  5.380  5.220  5.535  5.501  5.469  5.421  5.537  5.525  5.574  5.293  5.236  5.347  5.328  5.308  5.233  5.421  5.182  5.352  5.344  5.403  5.394  5.398  5.328  5.347  5.389  5.276  5.418
5.147  5.056  4.949  4.989  5.081  5.170  5.166  5.061  4.984  5.168  5.088  5.270  5.352  5.117  5.209  5.100  5.273  5.147  5.303  5.242  5.170  5.193  5.024  5.178  4.977  5.158  5.165  4.905  5.017  5.081  5.043  5.047  5.094  5.016  5.262  5.170  5.112  5.063  5.037  4.898  4.997  5.024
5.303  5.130  5.239  5.215  5.298  5.338  5.252  5.263  5.347  5.247  5.273  5.357  5.493  5.371  5.438  5.118  5.529  5.187  5.356  5.361  5.476  5.398  5.252  5.357  5.158  5.318  5.220  5.004  5.147  5.181  5.215  5.316  5.252  5.346  5.318  5.308  5.231  5.303  5.215  5.094  5.159  5.142
4.167  3.989  4.190  4.205  4.060  4.094  4.060  4.111  4.156  4.174  4.007  4.078  4.040  4.190  4.253  3.947  4.078  4.205  4.187  4.304  4.369  3.989  4.127  4.148  3.932  4.124  4.078  4.034  3.970  3.989  4.060  3.989  4.119  4.171  4.132  4.111  3.871  3.942  3.951  4.074  3.829  4.094
4.143  4.025  4.127  4.335  4.094  4.205  4.127  4.234  4.143  4.394  4.025  4.234  4.290  4.174  4.234  4.108  4.127  4.344  4.369  4.187  4.331  4.060  4.025  4.317  4.094  4.317  3.970  3.970  3.892  4.127  4.060  4.220  4.234  4.025  4.263  4.025  4.060  4.094  3.989  4.060  4.060  4.078
5.727  5.616  5.501  5.642  5.499  5.673  5.659  5.598  5.620  5.624  5.720  5.697  5.846  5.694  5.744  5.642  5.707  5.604  5.775  5.825  5.878  5.798  5.694  5.765  5.673  5.612  5.607  5.602  5.600  5.576  5.704  5.673  5.746  5.740  5.704  5.700  5.656  5.687  5.697  5.568  5.635  5.705
5.323  5.251  5.303  5.328  5.308  5.287  5.176  5.136  5.204  5.288  5.313  5.476  5.328  5.412  5.407  5.176  5.352  5.153  5.268  5.450  5.576  5.377  5.366  5.493  5.193  5.322  5.069  5.081  5.142  5.106  5.244  5.179  5.329  5.420  5.283  5.273  5.136  5.394  5.352  5.318  5.447  5.338
4.376  4.290  4.543  4.431  4.454  4.394  4.284  4.431  4.477  4.543  4.315  4.595  4.554  4.477  4.625  4.317  4.382  4.324  4.489  4.585  4.520  4.394  4.304  4.431  4.431  4.348  4.388  4.234  4.205  4.324  4.277  4.256  4.543  4.428  4.431  4.431  4.443  4.466  4.205  4.419  4.290  4.331
4.043  3.947  4.078  4.025  4.043  4.091  4.022  4.094  4.060  4.143  4.004  4.007  4.290  4.111  4.248  3.970  4.205  4.016  4.248  4.190  4.290  4.174  4.143  4.143  4.043  4.043  3.989  3.961  3.807  3.970  4.094  4.060  4.248  4.171  4.111  4.111  4.159  4.078  3.912  3.970  4.143  4.111
