3.434  3.611  3.401  3.459  3.520  3.367  3.611  3.632  3.658  3.526  3.350  3.466  3.780  3.584  3.733  3.664  3.459  3.520  3.689  3.784  3.526  3.466  3.689  3.611  3.520  3.497  3.401  3.401  3.332  3.632  3.296  3.481  3.584  3.401  3.526  3.401  3.466  3.434  3.367  3.219  3.296  3.555
3.780  3.807  3.714  3.829  3.791  3.664  3.696  3.658  3.738  3.829  3.597  3.757  3.989  3.970  3.850  3.689  3.784  3.555  3.829  3.892  3.892  3.664  3.951  3.802  3.738  3.611  3.611  3.555  3.526  3.658  3.970  3.709  3.689  3.664  3.645  3.611  3.714  3.689  3.578  3.689  3.597  3.738
6.068  6.087  5.970  6.027  6.043  6.248  6.176  6.096  6.250  6.208  6.252  6.205  6.377  6.281  6.310  6.244  6.061  6.064  6.190  6.016  6.213  6.140  6.140  6.064  5.986  6.103  6.034  6.068  5.881  5.998  6.153  5.953  5.974  6.103  5.987  6.207  6.120  6.048  5.994  5.977  6.082  5.908
5.333  5.273  5.242  5.252  5.236  5.434  5.673  5.438  5.624  5.632  5.565  5.500  5.749  5.618  5.666  5.455  5.565  5.352  5.574  5.293  5.648  5.616  5.541  5.627  5.442  5.485  5.318  5.220  5.252  5.263  5.472  5.455  5.231  5.533  5.486  5.553  5.583  5.292  5.380  5.312  5.293  5.323
4.745  4.564  4.564  4.700  4.812  4.963  4.762  4.828  4.852  4.673  4.796  4.717  4.615  4.625  4.691  4.640  4.533  4.511  4.623  4.605  4.734  4.538  4.575  4.657  4.466  4.331  4.369  4.437  4.331  4.290  4.633  4.543  4.466  4.466  4.394  4.509  4.717  4.673  4.472  4.466  4.564  4.662
4.060  3.989  3.989  4.094  4.094  4.060  4.174  4.277  4.190  4.094  3.989  4.043  4.220  3.912  3.892  3.846  3.995  4.004  4.060  4.182  4.143  3.932  4.094  4.007  3.922  3.922  3.714  3.912  3.664  3.850  3.714  3.892  3.951  3.912  3.892  3.888  3.829  3.892  3.850  3.888  3.912  4.043
4.407  4.388  4.344  4.489  4.220  4.388  4.078  4.483  4.443  4.644  4.270  4.543  4.277  4.407  4.419  4.143  4.344  4.382  4.511  4.394  4.489  4.419  4.220  4.382  4.263  4.317  4.007  4.159  4.190  4.143  4.317  4.205  4.344  4.357  4.317  4.174  4.205  4.290  4.159  4.022  4.277  4.454
4.796  4.407  4.635  4.644  4.533  4.585  4.522  4.615  4.710  4.787  4.710  4.779  4.673  4.691  4.779  4.585  4.511  4.522  4.911  4.836  4.779  4.710  4.685  4.673  4.836  4.673  4.489  4.530  4.331  4.407  4.605  4.489  4.644  4.828  4.762  4.615  4.454  4.654  4.543  4.460  4.625  4.564
4.431  4.419  4.522  4.431  4.382  4.500  4.431  4.494  4.477  4.466  4.354  4.533  4.598  4.431  4.522  4.290  4.357  4.350  4.554  4.605  4.454  4.331  4.344  4.407  4.284  4.477  4.344  4.344  4.187  4.304  4.394  4.401  4.398  4.304  4.382  4.331  4.431  4.533  4.331  4.369  4.394  4.477
5.236  5.088  5.147  5.152  5.037  5.209  5.293  5.321  5.231  5.429  5.106  5.165  5.159  5.132  5.293  5.037  5.043  5.037  5.286  5.153  5.162  4.977  4.990  5.165  5.024  5.024  5.032  4.984  4.883  5.042  5.100  5.023  4.970  5.106  5.182  5.142  5.112  5.056  5.004  5.063  5.100  5.142
3.912  4.078  4.108  3.912  3.871  4.016  3.761  3.932  3.761  3.989  4.031  4.060  4.174  4.060  4.094  3.892  3.780  4.190  4.022  4.174  4.094  3.871  3.989  4.111  4.052  3.733  3.861  3.807  3.738  3.877  3.912  3.829  4.074  3.784  3.829  3.784  3.829  3.733  3.918  3.942  3.807  3.611
4.174  4.094  4.335  4.159  4.159  4.060  4.127  4.078  4.143  4.187  3.951  4.174  4.369  4.263  4.315  4.094  4.060  3.989  4.263  4.190  4.060  4.004  4.060  4.179  3.938  4.007  4.103  3.850  3.912  4.140  4.007  4.174  4.143  3.932  3.998  4.022  3.932  3.951  4.025  3.888  3.932  4.060
3.664  3.676  3.689  3.784  3.526  3.555  3.611  3.611  3.555  3.892  3.605  3.818  3.555  3.738  3.989  3.658  3.526  3.434  3.784  3.784  3.784  3.611  3.466  3.584  3.555  3.605  3.497  3.605  3.490  3.434  3.638  3.555  3.807  3.611  3.584  3.632  3.497  3.584  3.466  3.520  3.611  3.689
3.829  3.829  3.932  3.908  3.761  3.726  3.738  3.664  3.714  3.912  3.738  3.932  3.932  4.025  3.947  3.757  3.932  3.664  3.932  4.060  4.034  3.951  3.947  3.989  3.738  3.709  3.807  3.738  3.584  3.638  3.912  3.807  4.043  3.807  3.638  3.912  3.664  3.829  3.733  3.584  3.947  3.584
5.472  5.416  5.513  5.655  5.421  5.497  5.460  5.460  5.396  5.561  5.373  5.580  5.559  5.495  5.659  5.396  5.366  5.182  5.730  5.543  5.438  5.442  5.283  5.429  5.460  5.525  5.328  5.308  5.130  5.352  5.501  5.360  5.464  5.379  5.449  5.394  5.361  5.533  5.147  5.313  5.455  5.572
4.466  4.328  4.575  4.588  4.466  4.246  4.317  4.394  4.331  4.475  4.552  4.431  4.690  4.541  4.605  4.260  4.354  4.382  4.554  4.593  4.732  4.522  4.354  4.511  4.419  4.344  4.256  4.174  4.159  4.290  4.357  4.454  4.564  4.464  4.536  4.388  4.382  4.234  4.354  4.304  4.248  4.344
4.248  4.159  4.174  4.025  4.167  3.989  4.060  4.143  4.220  4.171  4.111  4.022  4.205  4.094  4.263  4.078  4.074  4.143  4.171  4.234  4.277  4.148  4.040  4.205  3.951  4.025  4.043  4.078  4.078  4.060  4.025  3.989  4.091  4.174  4.171  4.159  4.159  4.043  4.140  3.989  3.912  4.043
4.367  4.263  4.304  4.263  4.159  4.274  4.248  4.394  4.344  4.274  4.220  4.304  4.407  4.246  4.357  4.174  4.202  3.989  4.159  4.382  4.382  4.341  4.217  4.290  4.205  4.304  4.205  4.190  4.078  4.007  4.094  4.159  4.143  4.234  4.263  4.224  4.290  4.202  4.159  4.074  4.317  4.171
5.572  5.332  5.437  5.628  5.561  5.415  5.460  5.493  5.268  5.663  5.497  5.624  5.663  5.602  5.743  5.371  5.361  5.272  5.595  5.583  5.521  5.403  5.425  5.485  5.201  5.165  5.292  5.094  5.112  5.109  5.332  5.397  5.515  5.388  5.375  5.455  5.318  5.471  5.447  5.384  5.198  5.356
4.934  4.745  4.890  5.030  4.828  4.804  4.739  4.806  4.673  4.963  4.883  4.940  5.004  4.890  5.075  4.739  4.736  4.718  4.963  5.004  4.844  4.828  4.787  4.787  4.718  4.635  4.745  4.575  4.522  4.477  4.673  4.685  4.771  4.662  4.654  4.836  4.625  4.852  4.710  4.745  4.796  4.832
4.407  4.382  4.489  4.673  4.794  4.357  4.710  5.159  6.050  5.398  4.564  4.710  4.516  4.489  5.252  4.489  4.527  4.890  5.994  5.007  4.949  4.691  4.317  4.942  4.394  4.369  4.530  4.944  4.205  4.605  4.220  4.644  4.454  4.290  4.489  4.348  4.190  4.127  4.710  4.220  5.283  4.331
5.193  5.209  5.182  5.293  5.214  5.080  5.231  5.196  5.889  5.481  5.252  5.170  5.142  5.094  5.663  5.112  5.030  5.288  5.797  5.398  5.568  5.170  4.997  5.481  5.132  5.004  5.198  5.250  4.779  4.890  5.075  5.215  5.193  4.945  5.170  5.169  5.007  5.153  4.997  4.902  5.406  4.934
