4.883  4.883  4.644  4.673  4.730  4.786  4.850  4.856  4.934  4.844  4.718  4.762  5.030  4.890  4.982  4.868  4.522  4.866  4.913  4.804  4.934  4.804  4.898  4.804  4.644  4.758  4.700  4.754  4.718  4.642  4.736  4.623  4.625  4.652  4.700  4.787  4.754  4.710  4.663  4.745  4.727  4.690
4.246  4.288  4.288  4.263  4.369  4.263  4.304  4.317  4.317  4.290  4.248  4.234  4.454  4.277  4.394  4.171  4.174  4.344  4.304  4.369  4.401  4.317  4.267  4.357  4.205  4.060  4.202  4.143  4.094  4.074  4.419  4.205  4.202  4.174  4.205  4.202  4.256  4.159  4.143  4.171  4.086  4.392
6.334  6.125  6.178  6.077  6.225  6.190  6.306  6.271  6.153  6.335  6.267  6.366  6.383  6.184  6.335  6.208  6.165  6.138  6.324  6.277  6.223  6.248  6.211  6.175  6.225  6.288  6.203  6.179  6.004  6.168  6.111  6.075  6.023  6.238  6.324  6.228  5.989  6.190  6.173  6.190  6.096  6.167
5.061  4.942  5.056  4.754  4.963  4.900  4.835  4.977  4.858  4.812  4.970  5.075  5.040  5.017  5.094  4.898  4.844  4.898  4.934  5.024  5.050  4.870  4.929  4.913  4.920  4.828  4.836  4.860  4.564  4.949  4.820  4.736  4.710  5.050  4.852  4.898  4.663  4.898  4.762  4.779  4.654  4.913
5.333  5.159  5.278  4.956  5.217  5.159  5.215  5.185  5.182  5.373  5.190  5.333  5.357  5.328  5.328  5.132  5.153  5.226  5.429  5.215  5.349  5.220  5.145  5.196  5.170  5.198  5.009  5.139  4.868  4.898  5.220  5.124  5.204  5.130  5.130  5.182  5.182  5.063  5.197  5.089  4.994  5.209
5.953  5.652  5.778  5.513  5.781  5.745  5.762  5.756  5.728  5.894  5.812  5.756  5.875  5.808  5.840  5.684  5.656  5.673  5.790  5.814  5.753  5.724  5.645  5.716  5.659  5.687  5.533  5.497  5.359  5.568  5.665  5.541  5.649  5.762  5.645  5.638  5.606  5.663  5.576  5.581  5.573  5.635
5.024  4.956  4.734  4.927  4.828  4.915  4.852  4.898  4.956  5.075  4.843  4.963  5.050  4.890  5.100  4.820  4.820  4.990  4.977  4.920  5.017  4.779  4.727  4.828  4.812  4.844  4.682  4.605  4.615  4.676  4.860  4.691  4.836  4.779  4.828  4.762  4.898  4.931  4.812  4.828  4.796  4.866
5.136  5.153  5.132  5.220  5.100  4.902  5.074  5.136  5.017  5.263  5.283  5.204  5.165  5.081  5.318  4.992  4.956  5.081  5.176  5.347  5.156  5.030  4.970  4.977  5.037  4.949  4.762  4.718  4.736  4.618  4.956  4.984  5.056  4.947  5.004  4.920  4.843  5.024  4.984  4.905  4.890  4.994
6.562  6.407  6.569  6.582  6.513  6.612  6.277  6.624  6.392  6.506  6.373  6.474  6.547  6.510  6.522  6.328  6.155  6.400  6.624  6.539  6.451  6.301  6.412  6.337  6.405  6.286  6.250  6.360  6.207  6.238  6.457  6.201  6.423  6.269  6.248  6.361  6.330  6.480  6.317  6.474  6.337  6.436
6.620  6.518  6.546  6.688  6.542  6.660  6.603  6.629  6.596  6.599  6.425  6.548  6.690  6.587  6.688  6.458  6.512  6.468  6.682  6.576  6.759  6.551  6.604  6.656  6.588  6.454  6.352  6.443  6.335  6.415  6.583  6.478  6.548  6.574  6.581  6.648  6.620  6.469  6.225  6.483  6.553  6.534
5.918  5.903  5.861  5.878  5.864  5.921  5.743  5.791  5.820  5.984  6.014  5.802  5.981  5.916  6.011  5.889  5.687  5.775  5.919  5.748  5.883  5.670  5.781  5.802  5.684  5.592  5.697  5.694  5.501  5.561  5.771  5.587  5.673  5.743  5.778  5.822  5.741  5.823  5.765  5.814  5.572  5.623
5.411  5.434  5.366  5.273  5.330  5.305  5.489  5.384  5.459  5.537  5.535  5.517  5.468  5.464  5.642  5.397  5.398  5.226  5.345  5.268  5.398  5.434  5.481  5.519  5.308  5.242  5.461  5.312  5.198  5.333  5.394  5.088  5.136  5.403  5.371  5.361  5.333  5.283  5.313  5.375  5.096  5.226
5.136  5.017  5.093  5.170  5.236  4.984  5.043  5.077  5.053  5.187  5.233  5.075  5.187  5.178  5.198  5.017  4.996  5.142  5.094  5.123  5.030  5.024  5.094  5.063  4.924  4.970  4.984  5.030  4.736  4.802  5.030  4.852  5.063  5.037  4.949  4.982  5.004  5.037  5.215  5.063  4.984  4.931
4.836  4.779  4.710  4.691  4.866  4.700  4.771  4.682  4.771  4.949  4.835  4.760  5.009  4.727  4.902  4.868  4.691  4.723  4.844  4.860  4.920  4.787  4.852  4.920  4.812  4.511  4.700  4.605  4.585  4.454  4.710  4.786  4.762  4.794  4.771  4.762  4.680  4.699  4.690  4.605  4.585  4.710
4.657  4.382  4.564  4.290  4.443  4.443  4.443  4.533  4.452  4.514  4.440  4.543  4.575  4.691  4.727  4.428  4.419  4.575  4.575  4.522  4.509  4.394  4.380  4.460  4.431  4.466  4.380  4.460  4.238  4.263  4.367  4.331  4.380  4.419  4.328  4.489  4.454  4.419  4.431  4.500  4.159  4.452
4.404  4.344  4.344  4.369  4.288  4.217  4.328  4.392  4.212  4.564  4.466  4.331  4.623  4.477  4.407  4.328  4.205  4.404  4.431  4.500  4.419  4.369  4.520  4.583  4.290  4.143  4.234  4.260  4.091  4.205  4.317  4.328  4.263  4.431  4.367  4.357  4.205  4.382  4.301  4.288  4.167  4.202
4.926  4.942  4.868  4.949  4.904  4.920  5.088  4.940  4.913  5.004  4.902  4.970  4.984  4.992  5.063  4.875  4.820  4.812  5.081  5.023  5.187  4.986  4.920  4.965  4.823  4.839  4.844  4.860  4.828  4.820  4.852  5.088  4.907  4.977  4.977  4.977  4.890  4.970  4.890  4.868  4.942  4.875
5.011  5.182  5.130  5.088  5.118  5.226  5.204  4.970  5.303  5.170  5.220  5.252  5.165  5.254  5.403  5.056  5.136  5.069  5.136  5.011  5.389  5.328  5.182  5.226  5.126  5.123  5.147  5.050  5.069  5.050  5.130  5.257  5.037  5.193  5.386  5.159  5.093  4.992  5.081  5.006  5.106  4.920
5.481  5.407  5.389  5.501  5.415  5.451  5.476  5.460  5.380  5.497  5.479  5.533  5.529  5.463  5.598  5.361  5.329  5.447  5.460  5.438  5.513  5.421  5.460  5.412  5.368  5.241  5.384  5.283  5.050  5.215  5.236  5.252  5.342  5.366  5.402  5.429  5.265  5.394  5.421  5.322  5.231  5.416
4.543  4.590  4.533  4.543  4.595  4.654  4.466  4.489  4.554  4.489  4.533  4.489  4.796  4.638  4.700  4.682  4.610  4.564  4.585  4.543  4.700  4.691  4.489  4.564  4.416  4.613  4.304  4.522  4.357  4.263  4.549  4.419  4.401  4.443  4.481  4.615  4.416  4.533  4.585  4.454  4.290  4.466
4.705  4.489  4.682  4.700  4.710  4.615  4.575  4.663  4.682  4.762  4.554  4.749  4.804  4.787  4.745  4.682  4.477  4.710  4.934  4.779  4.745  4.623  4.570  4.673  4.585  4.533  4.600  4.498  4.407  4.477  4.554  4.511  4.625  4.585  4.663  4.605  4.466  4.546  4.511  4.682  4.625  4.573
4.025  4.007  4.025  4.016  4.043  4.025  3.967  4.043  3.989  4.148  4.057  4.022  4.159  4.143  4.263  4.060  3.970  4.007  4.025  4.174  4.143  3.970  4.007  4.132  3.970  3.829  3.877  3.807  3.733  3.738  3.951  3.912  4.007  4.007  4.043  4.022  3.970  3.957  3.850  3.807  3.714  3.995
