4.078  3.882  3.850  3.871  4.069  3.839  4.108  3.846  3.967  4.234  3.989  4.127  4.025  4.078  4.190  3.932  3.850  4.007  3.932  4.078  4.111  4.094  3.912  4.004  3.970  4.025  3.970  4.040  3.802  3.761  3.970  3.761  4.025  3.714  3.871  3.892  3.850  3.970  3.784  3.989  3.850  3.932
3.401  3.332  3.401  3.367  3.434  3.497  3.367  3.367  3.367  3.332  3.401  3.367  3.638  3.555  3.611  3.360  3.466  3.466  3.466  3.892  3.555  3.689  3.584  3.332  3.466  3.401  3.434  3.401  3.288  3.296  3.466  3.401  3.434  3.401  3.367  3.367  3.497  3.401  3.296  3.367  3.219  3.367
4.605  4.454  4.590  4.331  4.638  4.727  4.668  4.554  4.620  4.595  4.615  4.663  4.691  4.593  4.575  4.543  4.419  4.543  4.743  4.644  4.533  4.575  4.543  4.489  4.454  4.522  4.554  4.625  4.274  4.454  4.628  4.241  4.419  4.533  4.431  4.792  4.635  4.525  4.419  4.466  4.522  4.407
4.317  4.159  4.277  4.220  4.234  4.274  4.220  4.227  4.190  4.267  4.277  4.288  4.197  4.290  4.171  4.190  4.103  4.148  4.369  4.260  4.248  4.248  4.205  4.248  4.202  4.022  3.951  3.912  4.043  4.007  4.290  4.159  4.078  4.159  4.103  4.111  4.277  4.234  4.111  3.932  4.007  4.304
5.464  5.341  5.357  5.493  5.371  5.425  5.438  5.434  5.389  5.539  5.545  5.560  5.501  5.416  5.489  5.384  5.263  5.308  5.455  5.446  5.440  5.353  5.293  5.366  5.328  5.298  5.288  5.161  5.198  5.223  5.466  5.373  5.442  5.429  5.407  5.366  5.360  5.342  5.292  5.198  5.215  5.313
4.875  4.663  4.820  4.691  4.673  4.654  4.714  4.875  4.811  4.844  4.682  4.894  4.858  4.860  4.796  4.673  4.765  4.771  4.828  4.839  4.868  4.796  4.727  4.902  4.691  4.710  4.644  4.595  4.357  4.595  4.605  4.663  4.691  4.745  4.796  4.779  4.804  4.913  4.975  4.666  4.752  4.787
6.321  6.160  6.263  6.141  6.209  6.323  6.223  6.159  6.256  6.324  6.277  6.363  6.194  6.363  6.426  6.209  6.168  6.300  6.188  6.299  6.337  6.236  6.209  6.299  6.043  6.043  6.176  6.196  6.023  6.118  6.306  6.186  6.157  6.191  6.229  6.148  6.292  6.315  6.184  6.163  5.979  6.176
6.144  5.864  6.021  6.026  6.082  6.098  6.105  6.035  6.073  6.107  6.066  6.050  6.105  6.098  6.219  6.087  5.817  6.052  6.096  6.116  6.139  5.986  6.021  6.037  5.930  5.911  5.973  5.994  5.788  5.969  6.056  5.887  6.094  6.068  5.974  6.115  6.153  6.098  6.078  6.038  5.866  6.083
5.704  5.353  5.651  5.613  5.595  5.672  5.545  5.656  5.697  5.677  5.485  5.727  5.680  5.493  5.680  5.425  5.327  5.434  5.768  5.698  5.561  5.358  5.244  5.426  5.562  5.613  5.421  5.424  5.118  5.310  5.311  5.342  5.533  5.425  5.400  5.427  5.434  5.497  5.466  5.429  5.563  5.556
4.331  4.094  4.220  4.369  4.290  4.248  4.419  4.290  4.220  4.477  4.205  4.443  4.404  4.344  4.489  4.043  4.205  4.108  4.315  4.466  4.431  4.220  4.094  4.108  4.277  4.143  4.025  4.220  3.892  4.108  4.127  4.182  4.311  4.248  4.217  4.248  4.290  4.290  4.111  4.111  4.127  4.369
5.507  5.263  5.517  5.389  5.303  5.357  5.429  5.388  5.451  5.541  5.463  5.342  5.482  5.236  5.407  5.323  5.217  5.231  5.472  5.455  5.451  5.347  5.366  5.384  5.384  5.371  5.361  5.176  4.997  5.303  5.247  5.223  5.371  5.405  5.476  5.257  5.187  5.268  5.273  5.252  5.263  5.380
5.611  5.391  5.513  5.398  5.451  5.442  5.425  5.423  5.727  5.635  5.513  5.596  5.541  5.421  5.447  5.257  5.412  5.262  5.561  5.572  5.540  5.442  5.412  5.384  5.442  5.416  5.268  5.208  5.130  5.330  5.220  5.285  5.357  5.403  5.429  5.433  5.214  5.361  5.455  5.313  5.352  5.451
4.007  4.143  3.970  3.846  4.004  4.060  4.094  4.007  4.159  3.951  3.824  4.074  4.220  4.060  4.143  4.040  3.985  4.060  4.171  3.970  4.143  4.151  3.892  3.970  3.892  3.932  3.989  3.867  3.932  3.957  3.888  3.892  3.932  4.040  3.850  3.970  3.970  3.928  3.871  3.892  3.871  3.970
3.497  3.526  3.611  3.658  3.684  3.526  3.714  3.664  3.584  3.638  3.434  3.555  3.714  3.807  3.733  3.714  3.651  3.520  3.791  3.829  3.807  3.611  3.611  3.638  3.584  3.434  3.664  3.584  3.526  3.497  3.638  3.555  3.497  3.584  3.638  3.466  3.497  3.584  3.401  3.434  3.784  3.466
3.696  3.611  3.664  3.738  3.784  3.757  3.605  3.757  3.867  3.871  3.638  3.912  3.912  3.829  3.846  3.714  3.761  3.632  3.829  3.733  3.757  3.638  3.550  3.857  3.664  3.664  3.664  3.570  3.714  3.664  3.664  3.892  3.605  4.007  3.807  3.714  3.714  3.466  3.696  3.584  3.664  3.638
3.288  3.367  3.332  3.434  3.401  3.395  3.325  3.401  3.535  3.466  3.250  3.367  3.555  3.332  3.466  3.367  3.360  3.367  3.401  3.638  3.584  3.490  3.475  3.428  3.434  3.428  3.555  3.332  3.367  3.401  3.466  3.689  3.428  3.428  3.401  3.497  3.401  3.258  3.332  3.296  3.360  3.466
4.977  4.875  4.965  4.749  4.927  5.043  4.625  4.905  4.970  5.030  4.913  5.011  5.056  4.949  5.176  4.977  4.787  4.980  5.016  4.942  5.019  4.956  4.905  5.017  4.754  4.727  4.754  4.844  4.595  4.756  4.736  4.654  4.843  4.898  4.883  4.762  4.812  4.787  4.934  4.796  4.796  4.779
4.234  4.004  4.074  3.784  4.034  4.025  3.784  4.013  4.234  4.248  4.108  4.043  4.111  4.159  4.143  4.127  4.078  4.260  4.202  4.159  4.094  4.022  3.829  4.159  3.850  4.043  3.957  4.057  3.829  3.835  3.761  3.922  3.967  3.967  3.850  3.871  3.970  3.807  3.738  3.761  3.989  3.908
4.220  3.932  4.220  4.127  4.190  4.159  4.140  4.190  4.043  4.394  4.159  4.290  4.431  4.140  4.575  4.111  4.060  4.220  4.317  4.489  4.111  4.108  4.108  4.290  3.951  4.043  3.989  3.932  3.970  3.989  4.007  4.140  4.143  4.007  4.317  4.043  3.892  4.025  4.094  4.025  4.148  4.159
4.007  4.060  4.143  3.912  3.824  3.970  3.932  3.829  4.256  4.127  4.013  3.932  4.127  4.078  4.392  3.861  3.892  3.989  4.159  4.344  4.025  3.976  3.829  4.428  4.132  3.871  3.951  3.892  3.689  3.970  3.807  4.094  4.094  3.871  4.217  3.871  3.784  3.871  3.908  3.850  4.057  3.714
4.691  4.673  4.703  4.808  4.820  4.699  4.860  4.769  4.787  4.875  4.812  4.883  4.934  4.754  4.852  4.663  4.905  4.605  4.852  4.860  4.905  4.990  4.864  4.832  4.779  4.836  4.779  4.543  4.543  4.769  4.644  4.913  4.890  4.883  4.927  4.796  4.787  4.673  4.554  4.585  4.762  4.787
4.263  4.174  4.246  4.263  4.205  4.317  4.263  4.290  4.357  4.317  4.277  4.331  4.376  4.376  4.394  4.241  4.394  4.159  4.297  4.344  4.440  4.260  4.143  4.443  4.274  4.443  4.194  4.078  4.205  4.078  4.156  4.248  4.369  4.331  4.407  4.317  4.369  4.220  4.248  4.143  4.174  4.263
