5.075  5.118  5.037  5.024  4.898  4.949  5.103  4.970  5.017  5.165  5.050  5.123  4.984  4.970  5.147  4.984  4.812  5.042  4.844  5.017  5.187  5.086  4.956  5.050  4.963  4.875  4.883  4.754  4.754  4.860  4.911  5.030  4.883  4.927  5.117  4.927  4.977  4.812  4.909  4.875  4.898  4.934
5.557  5.412  5.541  5.489  5.366  5.361  5.493  5.442  5.476  5.553  5.398  5.513  5.384  5.403  5.529  5.338  5.257  5.374  5.298  5.394  5.493  5.491  5.333  5.429  5.308  5.226  5.182  5.182  5.059  5.159  5.303  5.328  5.307  5.425  5.407  5.283  5.257  5.247  5.242  5.162  5.226  5.318
4.718  4.413  4.498  4.554  4.543  4.605  4.644  4.543  4.554  4.630  4.554  4.615  4.595  4.564  4.615  4.567  4.536  4.543  4.585  4.625  4.605  4.580  4.500  4.595  4.369  4.489  4.380  4.205  4.234  4.407  4.344  4.481  4.344  4.443  4.363  4.419  4.443  4.382  4.341  4.431  4.290  4.477
4.357  4.297  4.317  4.290  4.585  4.277  4.407  4.260  4.317  4.533  4.220  4.363  4.431  4.263  4.331  4.392  4.301  4.263  4.317  4.431  4.419  4.416  4.248  4.317  4.190  4.212  4.209  4.094  4.060  4.078  4.277  4.284  4.174  4.466  4.331  4.357  4.354  4.263  4.108  4.174  4.127  4.234
4.673  4.585  4.522  4.700  4.691  4.691  4.635  4.771  4.836  4.920  4.832  4.663  4.745  4.824  4.879  4.644  4.727  4.649  4.836  4.727  4.691  4.673  4.605  4.710  4.615  4.673  4.595  4.680  4.483  4.522  4.625  4.533  4.700  4.543  4.779  4.727  4.564  4.905  4.836  4.575  4.525  4.564
4.511  4.489  4.500  4.288  4.454  4.454  4.431  4.522  4.520  4.673  4.718  4.516  4.464  4.557  4.680  4.466  4.416  4.500  4.516  4.419  4.554  4.564  4.317  4.304  4.317  4.357  4.331  4.557  4.174  4.369  4.317  4.407  4.277  4.344  4.407  4.543  4.263  4.304  4.564  4.477  4.260  4.284
4.705  4.762  4.736  4.758  4.787  4.691  4.812  4.790  4.673  5.049  4.854  4.905  4.942  4.942  4.970  4.804  4.745  4.644  4.860  4.792  4.844  4.727  4.708  4.754  4.564  4.520  4.625  4.644  4.585  4.533  4.673  4.585  4.543  4.668  4.808  4.732  4.745  4.700  4.557  4.605  4.595  4.625
4.860  4.779  4.682  4.654  4.890  4.644  4.726  4.700  4.762  4.927  4.894  4.828  4.949  4.828  4.970  4.644  4.694  4.682  4.806  4.673  5.030  4.881  4.800  4.913  4.682  4.564  4.644  4.682  4.745  4.625  4.769  4.682  4.500  4.736  4.691  4.710  4.796  4.625  4.625  4.564  4.489  4.554
4.951  4.779  4.984  4.920  4.836  4.920  4.717  4.827  4.816  4.947  4.875  4.963  5.043  4.905  4.907  4.682  4.663  4.949  4.858  4.927  4.956  4.847  4.808  4.787  4.796  4.836  4.717  4.673  4.590  4.625  4.812  4.779  4.898  4.787  4.760  4.787  4.673  4.787  4.804  4.804  4.668  4.898
5.173  5.208  5.112  5.182  5.055  5.231  5.142  5.063  5.181  5.257  5.198  5.242  5.352  5.209  5.312  5.176  4.984  5.176  5.175  5.130  5.236  5.133  5.227  5.195  4.875  4.920  5.049  4.956  4.947  5.100  4.997  5.004  5.037  5.050  5.017  5.037  5.024  5.081  5.108  5.081  4.942  4.927
3.611  3.605  3.689  3.555  3.664  3.611  3.584  3.555  3.664  3.611  3.555  3.738  3.714  3.714  3.807  3.526  3.761  3.611  3.714  3.938  3.689  3.638  3.624  3.784  3.664  3.526  3.624  3.664  3.784  3.611  3.401  3.850  3.664  3.611  3.497  3.671  3.466  3.638  3.497  3.555  3.624  3.611
3.761  3.584  3.638  3.738  3.584  3.434  3.638  3.664  3.526  3.676  3.757  3.761  3.757  3.867  3.951  3.664  3.733  3.714  3.912  3.795  3.850  3.850  3.902  3.784  3.638  3.638  3.714  3.664  3.584  3.839  3.497  3.761  3.850  3.638  3.632  3.807  3.664  3.466  3.784  3.555  3.526  3.761
6.116  5.935  5.944  5.948  5.844  5.911  5.969  6.035  6.078  6.254  6.254  6.106  6.291  6.198  6.196  6.047  5.931  6.001  5.979  6.058  6.031  5.956  5.981  6.087  5.796  5.889  5.940  5.906  5.858  5.881  5.979  5.814  5.828  5.886  6.022  5.983  5.952  6.079  6.028  5.897  5.864  5.819
5.118  4.970  4.952  4.990  4.959  5.030  5.124  5.100  5.203  5.247  5.118  5.193  5.407  5.197  5.342  4.934  5.056  4.852  5.142  5.231  5.142  5.004  4.875  5.043  5.250  4.977  4.862  4.812  4.868  4.868  4.920  4.934  4.956  4.977  5.016  4.970  5.100  5.056  4.982  4.848  4.942  4.961
4.331  4.159  4.205  4.182  4.212  4.231  4.190  4.143  4.111  4.248  4.111  4.290  4.263  4.475  4.431  4.159  4.108  4.234  4.431  4.290  4.317  4.277  4.277  4.382  4.234  4.190  4.205  4.091  4.060  4.078  4.148  4.111  4.159  4.043  4.127  4.143  4.016  4.159  4.116  3.985  4.007  4.025
4.190  3.985  4.135  4.127  4.263  4.159  3.989  4.043  4.060  4.304  4.060  4.241  4.486  4.315  4.454  4.108  4.248  4.344  4.452  4.369  4.477  4.182  4.224  4.317  4.091  4.060  4.174  3.932  3.912  4.094  4.060  4.108  4.331  4.111  4.174  4.078  4.022  4.159  4.078  4.119  4.190  4.057
4.190  4.205  4.277  4.060  4.025  4.111  4.127  4.007  4.288  4.127  4.179  4.190  4.220  4.187  4.369  3.932  4.094  3.932  4.159  4.419  4.270  4.241  4.190  4.234  4.127  4.220  4.074  3.961  4.167  4.111  4.103  4.220  4.094  4.202  4.220  4.190  4.060  4.043  3.976  4.040  4.190  3.932
4.317  3.989  4.224  4.304  4.143  3.951  4.156  4.060  4.290  4.159  4.111  4.205  4.234  4.205  4.317  3.980  4.094  4.290  4.234  4.234  4.431  4.174  3.912  4.234  4.043  3.989  4.094  4.159  3.951  4.099  3.850  4.304  4.043  4.060  4.248  3.970  3.970  4.094  4.182  3.989  4.127  4.007
5.391  5.142  5.321  5.277  5.384  5.263  5.168  5.333  5.187  5.342  5.293  5.318  5.394  5.338  5.384  5.278  5.159  5.361  5.416  5.394  5.403  5.234  5.236  5.247  5.159  5.081  5.142  5.112  4.970  4.977  5.181  5.089  5.147  5.187  5.247  5.233  5.242  5.293  5.263  5.179  5.063  5.195
4.970  4.754  4.836  4.963  4.812  4.804  4.734  4.875  4.745  5.011  4.913  4.804  5.003  4.827  5.004  4.769  4.927  4.977  4.933  5.147  4.860  4.875  4.909  4.956  4.625  4.663  4.710  4.635  4.580  4.710  4.787  4.762  4.875  4.942  4.844  4.812  4.937  4.963  4.956  4.999  4.874  5.058
5.024  5.017  4.949  5.130  4.986  5.081  4.937  5.072  5.069  5.118  4.919  5.069  5.165  5.176  5.308  4.956  4.919  4.927  5.352  5.215  5.166  5.086  5.069  5.155  5.024  4.913  4.852  4.963  4.820  4.890  5.004  4.970  5.056  5.136  4.942  5.013  4.984  5.045  5.004  4.642  5.017  4.926
4.812  4.754  4.779  4.815  4.800  4.754  4.836  4.771  4.771  4.852  4.868  4.875  4.890  4.949  5.037  4.812  4.710  4.934  5.004  5.063  5.036  4.856  4.762  4.889  4.798  4.860  4.783  4.718  4.625  4.663  4.603  4.812  4.874  4.898  4.848  4.893  4.638  4.771  4.819  4.708  4.779  4.654
