5.613  5.325  5.293  5.347  5.421  5.313  5.493  5.472  5.525  5.649  5.416  5.525  5.434  5.375  5.442  5.231  5.338  5.352  5.384  5.352  5.384  5.398  5.142  5.263  5.366  5.278  5.212  5.268  5.136  5.278  5.268  5.278  5.367  5.342  5.438  5.293  5.296  5.389  5.337  5.371  5.259  5.394
5.323  5.063  4.836  5.170  5.158  5.187  5.193  5.159  5.204  5.346  5.142  5.198  5.124  5.147  5.244  5.024  5.069  5.030  5.081  5.175  5.159  5.083  4.920  4.956  5.056  5.009  5.017  4.828  4.705  4.913  5.011  4.919  5.124  4.997  5.133  5.112  4.992  5.136  5.013  4.934  4.984  5.069
5.620  5.464  5.647  5.580  5.472  5.574  5.592  5.509  5.598  5.652  5.549  5.678  5.580  5.464  5.598  5.455  5.429  5.561  5.583  5.568  5.673  5.533  5.347  5.609  5.501  5.472  5.332  5.293  5.201  5.428  5.328  5.442  5.455  5.472  5.380  5.478  5.398  5.438  5.318  5.333  5.412  5.413
5.796  5.585  5.720  5.697  5.662  5.649  5.616  5.576  5.661  5.790  5.591  5.846  5.704  5.659  5.762  5.663  5.541  5.620  5.680  5.609  5.849  5.655  5.509  5.774  5.513  5.611  5.489  5.394  5.263  5.370  5.451  5.486  5.620  5.595  5.537  5.560  5.496  5.438  5.389  5.476  5.483  5.553
3.658  3.709  3.664  3.664  3.701  3.638  3.584  3.714  3.684  3.932  3.555  3.829  3.989  3.829  3.928  3.780  3.807  3.807  3.709  3.829  3.871  3.689  3.784  3.638  3.550  3.664  3.750  3.605  3.578  3.611  3.807  3.761  3.714  3.555  3.651  3.555  3.738  3.738  3.578  3.434  3.584  3.829
3.970  3.912  3.714  3.745  4.040  3.961  3.850  3.807  3.846  3.892  3.989  4.127  4.202  4.066  4.016  3.912  3.928  4.220  3.892  4.094  4.043  3.932  4.007  3.951  4.007  3.795  3.701  4.052  3.611  3.780  3.957  3.951  3.714  3.912  3.970  3.871  4.007  3.761  3.664  3.912  3.780  3.807
4.811  4.745  4.743  4.844  4.771  4.754  4.623  4.638  4.727  4.754  4.828  4.754  4.898  4.875  4.927  4.741  4.727  4.700  4.860  4.796  4.864  4.662  4.875  4.927  4.652  4.615  4.500  4.575  4.543  4.530  4.802  4.668  4.575  4.700  4.754  4.710  4.644  4.691  4.635  4.575  4.575  4.635
3.989  4.159  4.022  4.234  3.980  4.007  3.970  4.159  4.025  3.951  4.140  4.078  4.234  4.025  4.127  3.947  4.151  3.912  4.043  4.277  4.413  4.043  4.025  4.060  4.074  3.932  3.970  3.892  3.912  3.824  4.025  4.143  4.111  3.989  3.932  4.094  4.060  3.932  3.892  3.912  3.871  3.871
4.905  4.820  4.947  4.875  4.883  4.956  4.635  4.913  4.956  4.968  4.710  5.068  4.990  4.970  5.056  4.787  4.595  4.754  4.858  4.913  4.852  4.682  4.844  4.877  4.718  4.754  4.615  4.615  4.407  4.644  4.710  4.682  4.718  4.718  4.659  4.700  4.762  4.811  4.682  4.800  4.736  4.800
4.331  4.407  4.464  4.382  4.341  4.500  4.354  4.344  4.564  4.483  4.367  4.635  4.431  4.477  4.554  4.431  4.297  4.382  4.454  4.511  4.578  4.431  4.477  4.652  4.431  4.466  4.304  4.290  4.171  4.256  4.382  4.382  4.331  4.344  4.413  4.486  4.357  4.348  4.190  4.464  4.357  4.516
4.509  4.357  4.419  4.477  4.357  4.500  4.477  4.431  4.419  4.489  4.431  4.583  4.779  4.575  4.654  4.386  4.477  4.533  4.466  4.477  4.595  4.543  4.443  4.511  4.263  4.382  4.454  4.369  4.317  4.263  4.466  4.431  4.369  4.541  4.511  4.443  4.500  4.392  4.274  4.234  4.394  4.511
4.654  4.466  4.762  4.777  4.564  4.652  4.827  4.717  4.682  4.779  4.570  4.836  4.787  4.691  4.762  4.538  4.771  4.419  4.827  4.804  4.927  4.662  4.828  4.787  4.595  4.644  4.595  4.443  4.452  4.407  4.635  4.743  4.595  4.787  4.844  4.754  4.691  4.682  4.654  4.475  4.595  4.732
4.454  4.227  4.477  4.382  4.466  4.428  4.477  4.357  4.419  4.522  4.443  4.477  4.443  4.543  4.615  4.394  4.159  4.431  4.454  4.489  4.595  4.205  4.248  4.452  4.477  4.357  4.341  4.284  3.951  4.127  4.234  4.270  4.357  4.290  4.369  4.248  4.234  4.174  4.317  4.060  4.290  4.419
4.554  4.511  4.489  4.489  4.527  4.570  4.431  4.443  4.554  4.605  4.500  4.625  4.644  4.522  4.673  4.382  4.386  4.700  4.543  4.449  4.754  4.522  4.554  4.673  4.469  4.520  4.337  4.328  4.263  4.205  4.277  4.394  4.564  4.595  4.522  4.443  4.394  4.394  4.277  4.341  4.344  4.500
5.021  5.094  4.997  4.934  5.081  5.063  4.812  5.030  5.037  5.193  5.039  5.103  5.247  5.024  5.096  4.860  4.959  5.049  5.136  5.165  5.030  5.063  5.242  5.168  4.779  4.883  5.011  4.875  4.949  4.868  4.905  4.868  4.875  5.011  4.890  4.940  4.927  4.900  4.977  4.970  4.973  4.911
5.003  5.130  4.820  4.956  5.056  4.913  4.963  4.984  4.997  5.150  5.069  5.118  5.094  4.977  5.106  4.898  4.970  4.875  5.021  5.136  5.182  5.030  5.136  5.135  4.794  4.904  4.920  4.682  4.583  4.779  4.745  4.816  4.920  4.963  4.916  5.004  4.762  4.745  4.828  4.836  4.771  4.804
5.297  5.263  5.367  5.328  5.318  5.429  5.293  5.215  5.403  5.306  5.247  5.323  5.442  5.257  5.537  5.242  5.124  5.361  5.509  5.364  5.580  5.398  5.359  5.432  5.198  5.227  5.165  5.165  5.085  5.260  5.147  5.297  5.283  5.247  5.262  5.257  5.230  5.239  5.165  5.170  5.208  5.209
4.762  4.766  4.860  4.779  4.754  4.905  4.796  4.911  4.898  4.920  4.883  4.754  4.913  4.771  4.913  4.673  4.710  4.990  5.014  4.997  5.056  4.836  4.843  5.030  4.754  4.745  4.902  4.827  4.554  4.615  4.635  4.727  4.942  4.680  4.762  4.796  4.673  4.585  4.736  4.694  4.860  4.762
4.603  4.522  4.575  4.727  4.673  4.633  4.562  4.440  4.500  4.615  4.413  4.615  4.787  4.608  4.820  4.477  4.585  4.407  4.663  4.654  4.633  4.554  4.443  4.522  4.543  4.489  4.464  4.466  4.234  4.413  4.554  4.575  4.615  4.431  4.564  4.522  4.357  4.682  4.511  4.500  4.382  4.543
3.967  3.829  4.094  4.234  3.989  4.069  3.932  4.190  3.967  4.111  3.807  3.970  4.205  4.124  4.143  3.829  4.025  3.942  4.167  4.205  4.043  4.025  4.007  4.111  3.807  3.784  3.689  3.807  3.714  3.714  4.060  3.989  3.912  3.850  3.912  4.060  4.025  4.025  4.025  3.829  3.850  3.989
4.997  4.718  4.961  4.883  4.836  4.934  4.820  4.727  4.856  4.977  4.868  4.828  5.043  4.942  4.959  4.864  4.575  4.905  4.875  4.927  4.732  4.883  4.745  4.864  4.705  4.787  4.700  4.771  4.700  4.644  4.615  4.696  4.727  4.633  4.836  4.779  4.727  4.913  4.890  4.844  4.657  4.771
3.912  3.839  4.194  3.951  3.850  3.892  4.043  3.871  4.057  4.078  3.850  3.989  4.043  3.998  4.246  3.882  3.989  4.111  4.124  4.094  4.094  3.932  3.807  3.989  3.850  3.912  3.807  3.871  3.807  4.043  3.892  3.928  4.127  3.912  4.094  3.871  3.784  3.912  3.850  3.829  3.957  4.094
