6.284  6.016  6.232  5.930  6.155  6.293  6.163  6.215  6.227  6.344  6.247  6.308  6.317  6.225  6.290  6.201  5.864  6.252  6.023  5.999  6.192  6.040  6.026  6.103  6.116  6.182  6.213  6.142  5.868  6.031  6.127  5.852  6.040  6.204  6.122  6.153  6.073  6.100  5.999  6.074  5.991  6.227
3.658  3.555  3.638  3.512  3.638  3.611  3.709  3.578  3.611  3.733  3.550  3.689  3.829  3.664  3.892  3.780  3.611  3.611  3.497  3.714  3.738  3.611  3.664  3.481  3.550  3.714  3.714  3.632  3.434  3.584  3.638  3.497  3.638  3.726  3.605  3.689  3.714  3.434  3.466  3.592  3.466  3.401
5.687  5.472  5.605  5.273  5.656  5.730  5.787  5.580  5.802  5.808  5.656  5.919  5.945  5.768  5.811  5.790  5.445  5.765  5.805  5.496  5.666  5.340  5.561  5.429  5.635  5.704  5.591  5.541  5.283  5.415  5.467  5.384  5.375  5.609  5.429  5.600  5.685  5.583  5.756  5.673  5.546  5.558
3.967  4.234  3.807  3.850  4.052  3.989  4.324  3.942  4.179  4.212  4.004  4.331  4.407  4.335  4.197  4.348  4.190  4.108  4.202  4.220  4.394  4.091  4.205  4.234  4.078  4.043  4.159  4.060  4.022  3.995  4.094  3.951  4.083  4.205  3.967  4.119  4.234  4.004  4.164  4.043  3.938  3.951
6.198  6.114  6.201  5.999  6.186  6.287  6.219  6.256  6.378  6.332  6.153  6.420  6.379  6.114  6.317  6.273  6.040  6.103  6.435  6.154  6.258  6.165  6.180  6.081  6.288  6.314  6.133  6.031  5.943  6.180  6.131  6.006  6.050  6.312  6.282  6.194  6.230  6.096  6.047  6.123  6.087  6.284
5.139  5.016  5.124  4.898  5.004  5.063  5.236  5.094  5.298  5.377  5.030  5.226  5.200  5.135  5.182  5.011  4.990  4.927  5.303  5.071  5.230  5.165  5.017  5.052  4.956  5.198  5.100  4.691  4.710  4.905  4.804  4.860  4.934  5.030  5.269  5.093  5.088  4.836  4.870  4.905  4.963  4.987
5.852  5.583  5.873  5.638  5.934  6.029  5.883  6.009  5.951  6.021  5.868  5.976  6.004  5.869  5.924  5.765  5.638  5.700  6.004  5.724  5.858  5.697  5.690  5.678  5.680  5.805  5.697  5.645  5.472  5.635  5.628  5.455  5.645  5.737  5.768  5.814  5.889  5.684  5.521  5.683  5.717  5.793
4.543  4.394  4.357  4.331  4.431  4.317  4.554  4.394  4.466  4.483  4.443  4.477  4.382  4.511  4.554  4.297  4.388  4.317  4.407  4.466  4.344  4.369  4.290  4.281  4.167  4.159  4.220  4.190  4.094  4.094  4.220  4.344  4.212  4.143  4.434  4.344  4.344  4.224  4.407  4.127  4.111  4.220
6.812  6.386  6.701  6.423  6.719  6.718  6.628  6.736  6.675  6.952  6.797  6.824  6.801  6.727  6.759  6.619  6.314  6.714  6.805  6.575  6.500  6.375  6.484  6.373  6.429  6.567  6.535  6.579  6.133  6.384  6.438  6.286  6.439  6.526  6.531  6.590  6.344  6.625  6.623  6.606  6.303  6.651
4.820  4.466  4.500  4.454  4.666  4.635  4.357  4.663  4.635  4.982  4.762  4.836  4.820  4.652  4.850  4.585  4.511  4.796  4.754  4.554  4.644  4.533  4.533  4.446  4.344  4.464  4.610  4.394  4.234  4.205  4.419  4.174  4.263  4.419  4.380  4.511  4.344  4.382  4.494  4.197  4.341  4.324
5.939  5.799  5.964  5.799  5.964  5.979  5.881  5.930  5.951  6.035  6.011  5.521  6.071  5.882  6.059  5.883  5.771  5.930  6.001  5.855  5.961  5.894  5.961  5.838  5.847  5.866  5.787  5.784  5.576  5.571  5.790  5.749  5.886  5.881  5.835  5.868  5.793  5.892  5.888  5.932  5.749  5.791
5.056  4.905  5.112  5.063  4.997  5.182  4.990  4.920  5.061  5.075  5.050  4.522  5.165  4.940  5.117  4.963  4.942  5.069  5.007  5.264  5.242  5.069  4.940  5.081  4.883  4.874  4.682  4.762  4.663  4.691  4.890  4.766  5.017  4.949  4.990  5.004  4.779  4.920  4.945  4.881  4.966  4.934
5.796  5.147  5.787  5.704  5.759  5.677  5.398  5.787  5.609  5.672  5.609  5.726  5.720  5.515  5.663  5.303  5.268  5.645  5.740  5.768  5.497  5.357  5.384  5.209  5.509  5.606  5.351  5.525  5.187  5.226  5.106  5.099  5.429  5.464  5.255  5.460  5.409  5.561  5.425  5.670  5.537  5.697
5.118  5.049  5.185  5.176  5.176  5.226  5.111  5.273  5.147  5.249  5.147  5.298  5.447  5.130  5.332  5.036  4.942  5.155  5.352  5.231  5.096  5.050  5.106  5.069  5.011  5.226  5.019  4.997  4.852  4.920  4.883  4.762  4.812  5.017  4.933  5.063  4.947  4.934  4.820  5.118  5.011  4.997
6.382  6.001  6.179  6.148  6.261  6.223  6.046  6.061  6.011  6.207  6.165  6.250  6.258  6.229  6.269  5.932  5.866  6.279  6.218  6.157  6.157  5.989  5.932  5.908  6.146  5.986  5.953  5.957  5.694  5.713  5.921  5.811  5.984  6.020  6.038  5.999  5.932  6.091  6.006  6.091  5.966  6.161
4.727  4.644  4.677  4.615  4.820  4.762  4.516  4.595  4.754  4.710  4.659  4.663  4.893  4.644  4.771  4.595  4.431  4.727  4.736  4.714  4.812  4.554  4.585  4.595  4.600  4.588  4.536  4.562  4.220  4.428  4.557  4.466  4.644  4.522  4.575  4.717  4.585  4.673  4.730  4.766  4.382  4.554
6.148  5.817  6.026  5.877  6.061  6.043  5.961  6.026  6.035  6.080  6.000  6.047  6.205  6.059  6.086  5.914  5.908  6.095  6.068  6.066  5.953  5.951  5.975  5.846  5.927  6.023  5.971  5.999  5.846  5.817  5.911  5.814  5.999  5.965  5.953  5.976  5.961  5.976  6.052  6.038  5.836  5.989
5.247  4.920  5.037  4.956  5.050  5.011  4.927  5.017  5.043  5.231  5.193  5.117  5.252  5.182  5.182  4.934  4.911  5.037  5.063  5.142  4.990  4.875  4.997  5.017  4.812  5.081  4.990  4.990  4.860  4.762  5.063  4.816  4.828  4.949  5.050  4.927  5.063  5.118  4.977  4.984  4.970  5.011
5.673  5.176  5.565  5.565  5.638  5.582  5.352  5.472  5.541  5.737  5.565  5.659  5.710  5.493  5.690  5.361  5.256  5.602  5.649  5.609  5.421  5.290  5.347  5.372  5.403  5.587  5.389  5.460  5.198  5.303  5.352  5.135  5.537  5.521  5.412  5.497  5.451  5.497  5.460  5.501  5.442  5.598
4.554  4.443  4.605  4.511  4.489  4.500  4.554  4.564  4.511  4.718  4.516  4.718  4.727  4.625  4.727  4.431  4.543  4.520  4.663  4.812  4.673  4.520  4.431  4.575  4.500  4.727  4.454  4.331  4.174  4.220  4.443  4.489  4.533  4.585  4.662  4.736  4.522  4.522  4.443  4.443  4.575  4.575
4.654  4.357  4.425  4.369  4.585  4.820  4.394  4.687  4.682  4.804  4.600  4.708  4.783  4.787  4.786  4.644  4.434  4.749  4.762  4.554  4.500  4.522  4.673  4.644  4.331  4.357  4.498  4.489  4.331  4.407  4.477  4.475  4.407  4.511  4.419  4.538  4.536  4.533  4.466  4.549  4.290  4.486
3.555  3.535  3.738  3.466  3.555  3.434  3.526  3.526  3.526  3.605  3.178  3.401  3.632  3.664  3.638  3.584  3.658  3.497  3.526  3.658  3.671  3.584  3.584  3.638  3.434  3.570  3.497  3.401  3.296  3.434  3.466  3.497  3.605  3.664  3.434  3.490  3.384  3.520  3.459  3.520  3.696  3.497
