4.947  4.984  4.811  4.769  4.913  4.913  4.920  4.934  4.883  4.997  4.868  4.875  5.037  4.977  5.043  4.889  4.796  4.754  4.996  4.836  5.050  4.927  5.063  5.093  4.820  4.787  4.828  4.754  4.828  4.852  4.942  4.875  4.771  4.779  4.758  4.852  4.883  4.843  4.920  4.726  4.804  4.771
4.585  4.583  4.575  4.431  4.466  4.543  4.615  4.575  4.454  4.718  4.466  4.605  4.762  4.625  4.489  4.477  4.691  4.500  4.708  4.700  4.699  4.673  4.654  4.708  4.344  4.554  4.663  4.652  4.663  4.868  4.489  4.394  4.407  4.382  4.691  4.554  4.407  4.575  4.407  4.404  4.369  4.419
4.454  4.277  4.212  4.205  4.382  4.143  4.231  4.472  4.171  4.344  4.407  4.382  4.431  4.344  4.486  4.190  4.091  4.382  4.290  4.234  4.248  4.205  4.159  4.277  4.277  4.025  4.043  4.108  3.928  4.108  4.202  4.127  4.143  4.140  4.174  4.043  4.111  4.127  4.277  4.143  4.116  4.078
5.056  4.856  4.771  4.868  4.860  4.896  4.804  4.949  4.700  5.047  4.927  4.970  4.966  4.956  5.050  4.883  4.549  4.812  4.916  4.898  4.883  4.762  4.844  4.844  4.710  4.754  4.754  4.620  4.533  4.748  4.860  4.635  4.745  4.691  4.703  4.682  4.654  4.745  4.820  4.654  4.700  4.804
6.957  6.773  6.784  6.783  6.830  6.957  6.928  6.853  6.894  6.990  6.983  6.964  6.980  6.910  6.991  6.931  6.760  6.847  6.846  6.737  6.880  6.812  6.877  6.883  6.737  6.726  6.781  6.815  6.687  6.750  6.957  6.720  6.699  6.808  6.873  6.879  6.935  6.886  6.905  6.768  6.729  6.775
7.235  7.212  7.088  7.116  7.136  7.282  7.254  7.136  7.161  7.281  7.299  7.243  7.186  7.171  7.224  7.149  7.135  7.124  7.218  7.158  7.336  7.328  7.297  7.386  7.022  6.965  7.141  7.052  7.034  7.066  7.277  7.090  7.053  7.073  7.174  7.150  7.243  7.132  7.160  7.073  6.998  7.041
5.403  5.407  5.371  5.389  5.366  5.442  5.366  5.391  5.365  5.568  5.557  5.509  5.485  5.431  5.489  5.341  5.231  5.262  5.434  5.404  5.438  5.333  5.313  5.403  5.193  5.168  5.176  5.135  5.112  5.170  5.303  5.100  5.280  5.165  5.273  5.328  5.242  5.265  5.173  5.242  5.198  5.231
4.771  4.682  4.663  4.762  4.635  4.766  4.727  4.717  4.700  4.871  4.705  4.743  4.623  4.727  4.765  4.682  4.530  4.630  4.625  4.771  4.847  4.771  4.804  4.883  4.511  4.407  4.564  4.541  4.431  4.443  4.595  4.407  4.625  4.623  4.605  4.663  4.477  4.620  4.613  4.477  4.605  4.691
4.511  4.605  4.509  4.615  4.500  4.369  4.500  4.605  4.431  4.682  4.625  4.511  4.625  4.477  4.623  4.431  4.454  4.623  4.533  4.663  4.708  4.595  4.538  4.635  4.466  4.394  4.407  4.308  4.489  4.317  4.486  4.419  4.483  4.304  4.573  4.443  4.440  4.407  4.321  4.394  4.382  4.407
4.431  4.301  4.260  4.290  4.367  4.304  4.290  4.354  4.205  4.419  4.331  4.443  4.644  4.477  4.828  4.401  4.277  4.477  4.317  4.477  4.331  4.394  4.388  4.331  4.331  4.220  4.143  4.078  4.159  4.248  4.331  4.248  4.290  4.344  4.382  4.369  4.344  4.369  4.212  4.111  3.989  4.344
4.007  3.951  4.143  3.846  4.007  4.007  4.007  3.892  4.119  4.111  3.912  4.174  4.048  4.078  4.143  3.807  3.932  3.835  4.094  4.190  4.212  4.078  3.951  3.989  3.970  3.850  3.908  3.888  3.829  3.850  3.850  3.892  4.174  4.043  4.043  4.025  3.957  3.850  3.970  3.829  3.928  4.174
3.689  3.611  3.638  3.829  3.761  3.638  3.807  3.829  3.871  3.850  3.689  3.846  3.871  3.761  3.892  3.829  3.829  3.824  3.784  3.829  3.784  3.738  3.584  3.784  3.664  3.714  3.850  3.714  3.497  3.684  3.761  3.892  3.791  3.892  3.664  3.689  3.850  3.605  3.664  3.466  3.584  3.829
4.712  4.466  4.554  4.615  4.454  4.464  4.522  4.538  4.804  4.804  4.625  4.820  4.787  4.642  4.595  4.431  4.466  4.533  4.662  4.663  4.718  4.543  4.525  4.852  4.407  4.595  4.454  4.466  4.357  4.443  4.511  4.554  4.477  4.543  4.554  4.477  4.663  4.564  4.527  4.407  4.357  4.673
4.394  4.205  4.443  4.304  4.290  4.187  4.376  4.290  4.301  4.522  4.443  4.466  4.344  4.331  4.585  4.220  4.380  4.248  4.369  4.449  4.428  4.357  4.344  4.419  4.248  4.260  4.270  4.151  4.094  4.190  4.248  4.220  4.248  4.341  4.344  4.248  4.304  4.220  4.209  4.174  4.159  4.277
5.416  5.193  5.317  5.302  5.257  5.371  5.193  5.293  5.112  5.394  5.223  5.303  5.537  5.318  5.476  5.176  5.170  5.238  5.352  5.481  5.390  5.438  5.242  5.394  5.088  5.242  5.003  5.147  5.236  5.108  5.209  5.088  5.268  5.124  5.198  5.303  5.124  5.193  5.252  5.106  5.153  5.182
4.078  4.078  4.234  4.159  3.912  4.143  4.007  3.989  4.174  4.304  3.995  4.174  4.156  4.111  4.369  3.951  3.967  3.932  4.234  4.304  4.159  3.985  3.922  4.277  4.043  4.022  3.892  4.074  3.829  3.912  4.004  4.007  4.248  4.043  4.078  4.094  4.043  4.094  3.689  4.078  4.094  3.912
5.424  5.320  5.438  5.017  5.081  5.088  5.055  5.130  5.193  5.004  5.102  5.011  5.030  5.211  5.252  5.011  4.898  5.037  5.426  5.303  5.069  5.055  4.927  5.209  4.977  4.898  4.828  4.984  4.522  4.883  4.913  4.954  5.100  5.124  4.913  5.052  4.868  5.011  4.875  5.043  5.187  5.075
5.268  5.001  5.138  5.094  5.024  5.043  4.979  5.037  5.069  5.193  5.097  5.105  5.193  5.198  5.361  4.942  4.956  5.063  5.263  5.438  5.273  5.100  5.075  5.226  4.963  4.779  4.920  4.812  4.615  4.836  4.875  4.963  5.118  5.056  4.956  5.004  4.804  4.984  4.913  4.787  5.063  4.836
3.951  4.007  3.989  3.850  3.989  3.912  3.970  3.951  3.908  4.078  3.892  3.970  4.159  4.111  4.164  3.846  4.057  3.829  4.069  4.111  4.159  3.980  4.040  4.074  4.007  3.912  3.738  3.970  3.738  3.932  3.932  3.892  3.989  3.784  3.867  4.025  3.850  3.912  3.951  3.871  3.970  3.970
3.951  3.689  3.738  3.892  3.784  3.689  3.928  3.818  3.802  3.989  3.761  3.951  4.094  4.057  4.057  3.871  3.947  3.850  4.025  3.932  4.025  4.143  3.961  3.951  3.829  3.689  3.738  3.738  3.784  3.784  3.584  3.784  3.912  3.829  3.912  3.738  3.761  3.850  3.689  3.664  3.745  3.664
4.727  4.520  4.663  4.663  4.663  4.786  4.652  4.736  4.623  4.779  4.787  4.812  4.898  4.840  4.852  4.710  4.654  4.736  4.883  4.934  4.820  4.654  4.605  4.736  4.635  4.673  4.533  4.696  4.380  4.394  4.608  4.536  4.749  4.812  4.718  4.771  4.710  4.682  4.705  4.635  4.511  4.710
4.745  4.640  4.745  4.727  4.489  4.848  4.673  4.705  4.691  4.905  4.762  4.820  4.898  4.820  4.820  4.804  4.682  4.806  4.889  4.783  4.816  4.796  4.615  4.766  4.654  4.638  4.595  4.718  4.382  4.564  4.625  4.748  4.654  4.595  4.585  4.739  4.654  4.700  4.820  4.663  4.500  4.663
