5.187  5.106  5.081  5.063  4.934  5.263  5.209  5.075  5.089  5.094  5.187  5.030  5.149  5.059  5.024  5.050  5.043  5.081  5.146  5.050  5.094  5.124  4.920  5.156  4.924  4.898  4.868  5.056  4.913  4.990  5.004  4.898  4.942  5.017  4.934  4.990  5.118  4.942  4.997  5.037  4.787  5.007
4.174  4.091  4.099  3.970  4.025  4.111  4.094  4.078  4.159  3.989  3.892  4.025  4.194  4.025  4.060  4.174  4.148  4.078  4.127  4.290  4.159  4.060  4.174  4.174  4.043  3.970  3.892  3.892  3.807  4.111  4.234  4.060  4.007  4.078  4.025  4.234  3.970  4.220  3.871  3.892  4.043  4.111
4.025  4.111  4.167  4.091  4.108  4.135  4.025  4.159  4.127  4.174  4.060  4.127  4.369  4.197  4.317  4.174  4.060  4.127  4.124  4.217  4.277  4.060  4.074  4.078  3.807  3.989  3.807  3.912  3.967  3.970  4.060  4.040  4.060  3.951  3.989  4.052  4.060  4.043  3.807  3.970  4.127  3.912
3.784  3.932  4.016  3.951  4.013  3.733  3.850  3.888  3.912  3.961  3.761  4.007  4.094  4.060  4.190  3.932  3.846  3.951  4.025  4.048  3.892  3.761  3.871  3.970  3.951  3.850  3.761  3.871  3.658  3.867  3.721  3.738  3.829  3.892  3.908  3.829  3.714  3.738  3.689  3.829  3.689  3.714
4.419  4.500  4.277  4.270  4.143  4.174  4.335  4.443  4.443  4.533  4.234  4.407  4.533  4.431  4.392  4.344  4.151  4.171  4.331  4.304  4.511  4.357  4.407  4.382  4.190  4.394  4.304  4.043  4.111  4.127  4.331  3.932  4.304  4.234  4.369  4.290  4.331  4.317  4.267  4.344  4.143  4.357
3.611  3.738  3.584  3.497  3.611  3.664  3.664  3.757  3.638  3.689  3.526  3.689  3.850  3.611  3.761  3.761  3.757  3.638  3.733  3.738  3.664  3.664  3.512  3.867  3.526  3.584  3.638  3.466  3.520  3.632  3.611  3.584  3.689  3.550  3.689  3.466  3.611  3.526  3.773  3.434  3.555  3.611
6.045  5.897  5.906  5.981  5.958  6.139  6.023  6.038  6.087  6.168  6.153  6.082  6.120  6.023  6.155  5.926  5.935  5.820  6.021  5.900  6.133  5.881  5.894  5.916  5.820  5.805  5.856  5.835  5.665  5.742  5.901  5.855  5.830  5.869  5.969  5.951  5.999  6.001  5.878  5.775  5.771  5.855
5.481  5.306  5.209  5.375  5.278  5.371  5.323  5.293  5.438  5.387  5.347  5.352  5.428  5.447  5.468  5.301  5.283  5.175  5.375  5.303  5.489  5.333  5.360  5.372  5.063  5.112  5.109  5.159  4.982  5.126  5.364  5.106  5.147  5.268  5.283  5.333  5.347  5.211  5.226  5.063  5.153  5.130
4.234  4.078  4.094  3.932  3.912  4.111  4.205  4.078  4.205  4.331  4.094  4.246  4.277  4.094  4.290  4.212  3.970  4.220  4.127  4.069  4.304  4.143  4.060  4.234  3.932  3.951  4.078  3.989  3.908  4.060  4.234  3.932  4.078  3.970  4.143  4.007  4.078  3.947  4.043  4.094  3.807  4.007
4.812  4.640  4.812  4.635  4.522  4.644  4.762  4.736  4.754  4.868  4.625  4.762  4.828  4.595  4.812  4.585  4.477  4.663  4.680  4.598  4.682  4.554  4.654  4.710  4.486  4.407  4.431  4.525  4.357  4.509  4.605  4.425  4.331  4.500  4.543  4.522  4.443  4.511  4.489  4.511  4.575  4.644
4.194  4.043  4.043  3.970  4.119  4.057  4.094  4.174  4.227  4.174  4.127  4.301  4.220  4.174  4.344  4.004  4.159  4.140  4.288  4.205  4.234  4.159  4.078  4.140  4.220  4.043  4.007  3.989  4.083  4.043  3.932  4.143  4.182  4.127  4.025  4.143  4.043  4.124  3.932  3.947  4.074  4.094
4.004  3.912  3.989  3.951  3.850  4.007  3.829  3.947  4.007  3.967  3.892  4.094  4.040  4.111  4.167  4.025  3.951  4.007  4.060  4.078  4.171  3.932  4.111  4.060  4.069  3.951  3.951  3.976  3.871  3.850  3.912  4.007  3.888  3.989  4.057  3.970  3.951  3.989  3.850  3.922  3.850  3.989
3.664  3.689  3.951  3.882  3.784  3.757  3.638  3.807  3.892  3.928  3.761  3.761  3.932  3.632  4.016  3.611  3.676  3.761  3.818  3.892  3.912  3.761  3.658  3.829  3.671  3.684  3.714  3.584  3.611  3.555  3.526  3.658  3.882  3.714  3.689  3.689  3.714  3.578  3.664  3.497  3.584  3.555
3.401  3.584  3.592  3.664  3.526  3.526  3.578  3.411  3.466  3.526  3.367  3.481  3.709  3.497  3.611  3.367  3.526  3.497  3.638  3.689  3.638  3.466  3.526  3.638  3.434  3.428  3.611  3.434  3.367  3.490  3.401  3.466  3.526  3.401  3.401  3.401  3.638  3.570  3.466  3.434  3.638  3.466
3.850  3.802  3.784  4.004  3.638  3.714  3.928  3.605  3.932  3.892  3.689  3.829  3.892  3.989  4.111  3.829  3.912  3.807  3.892  3.908  4.174  3.898  3.761  4.078  4.025  3.989  3.829  3.664  3.714  3.664  3.761  3.807  3.807  3.912  3.807  3.989  3.714  3.714  3.721  3.684  3.611  3.761
3.761  3.761  3.761  3.738  3.664  3.664  3.784  3.738  3.784  3.807  3.638  3.850  3.871  3.932  3.829  3.611  3.795  3.611  3.664  3.867  3.867  3.761  3.761  3.761  3.689  3.664  3.824  3.584  3.664  3.611  3.761  3.912  3.757  3.664  3.689  3.750  3.784  3.738  3.611  3.624  3.658  3.638
3.824  3.802  3.850  3.714  3.555  3.664  3.761  3.714  3.638  3.761  3.689  3.689  3.807  3.784  3.714  3.664  3.738  3.689  3.784  4.151  3.784  3.750  3.714  3.829  3.638  3.696  3.689  3.664  3.638  3.738  3.611  3.638  3.850  3.676  3.664  3.709  3.733  3.689  3.520  3.434  3.555  3.664
4.086  3.829  3.892  4.060  3.951  3.970  3.908  3.985  3.871  4.111  3.829  4.143  4.127  4.094  4.331  3.795  3.807  3.850  4.025  4.197  4.043  3.912  3.902  3.892  3.871  3.932  3.807  3.714  3.761  3.850  3.951  3.784  4.025  3.989  4.060  3.922  3.871  3.850  4.094  3.761  3.871  4.043
5.322  5.347  5.338  5.328  5.263  5.398  5.384  5.290  5.366  5.429  5.257  5.447  5.278  5.405  5.394  5.249  5.198  5.384  5.451  5.460  5.462  5.505  5.398  5.525  5.268  5.388  5.293  5.209  5.242  5.283  5.293  5.333  5.312  5.361  5.394  5.297  5.312  5.231  5.298  5.278  5.231  5.219
5.226  5.235  5.282  5.231  5.159  5.238  5.182  5.142  5.332  5.231  5.170  5.288  5.333  5.231  5.283  5.195  5.136  5.190  5.323  5.236  5.472  5.549  5.497  5.489  5.250  5.251  5.209  5.247  5.215  5.293  5.257  5.251  5.233  5.370  5.375  5.193  5.225  5.061  5.193  5.153  5.252  5.081
3.951  3.970  4.234  4.234  4.086  4.094  4.234  4.025  4.205  4.304  4.078  4.263  4.238  4.127  4.431  3.967  4.151  4.043  4.246  4.533  4.205  4.007  4.007  4.281  4.295  4.007  4.190  4.094  3.967  4.127  4.124  4.274  4.263  4.304  4.263  4.094  4.074  3.989  4.016  4.034  4.202  3.989
4.913  4.875  4.961  5.037  4.870  5.004  4.907  4.890  4.836  5.004  5.011  5.016  5.115  4.949  5.153  4.959  4.905  4.934  5.045  5.063  5.159  5.069  5.030  5.030  4.905  4.956  4.905  4.812  4.804  4.691  4.875  4.931  5.050  5.017  5.112  4.990  4.913  4.990  4.911  4.762  4.836  5.030
