4.511  4.437  4.511  4.595  4.477  4.454  4.522  4.644  4.538  4.654  4.585  4.452  4.654  4.570  4.625  4.315  4.394  4.344  4.522  4.573  4.575  4.511  4.290  4.511  4.369  4.449  4.274  4.357  4.241  4.143  4.443  4.511  4.335  4.357  4.437  4.407  4.304  4.533  4.376  4.407  4.159  4.315
3.932  3.989  4.074  4.016  3.861  3.912  3.867  4.074  4.234  4.174  4.007  3.989  4.143  4.190  4.140  4.025  4.094  4.159  4.143  4.159  4.094  4.074  3.892  3.989  3.951  3.989  4.040  3.829  3.850  3.882  3.871  4.094  3.932  3.989  3.871  3.850  3.850  3.888  3.912  3.824  3.850  3.932
4.682  4.673  4.663  4.659  4.608  4.718  4.745  4.726  4.635  4.673  4.718  4.727  4.727  4.736  4.779  4.654  4.500  4.642  4.754  4.691  4.868  4.787  4.771  4.700  4.522  4.344  4.505  4.454  4.344  4.367  4.771  4.477  4.564  4.691  4.511  4.562  4.743  4.466  4.543  4.434  4.369  4.416
4.949  4.927  4.844  4.942  4.868  4.786  4.920  4.905  4.827  4.875  4.866  5.004  4.875  4.815  4.934  4.879  4.913  4.705  4.954  5.023  5.075  5.118  4.977  5.094  4.913  4.836  4.824  4.489  4.511  4.644  4.828  4.745  4.727  4.875  4.758  4.694  4.771  4.708  4.717  4.593  4.682  4.603
6.698  6.483  6.576  6.513  6.596  6.714  6.667  6.592  6.640  6.742  6.761  6.676  6.661  6.568  6.703  6.531  6.494  6.557  6.525  6.555  6.751  6.561  6.601  6.611  6.387  6.377  6.522  6.438  6.271  6.450  6.632  6.432  6.407  6.459  6.507  6.625  6.600  6.589  6.597  6.488  6.557  6.474
6.016  5.852  5.892  5.894  5.838  6.066  6.047  5.900  6.053  6.033  6.064  5.964  6.029  5.964  6.052  5.951  5.902  5.861  5.852  5.929  6.109  6.031  5.928  6.017  5.759  5.733  5.826  5.704  5.727  5.733  5.922  5.877  5.805  5.820  5.858  6.026  5.996  5.930  5.921  5.889  5.808  5.820
4.248  4.344  4.274  4.248  4.234  4.234  4.522  4.284  4.440  4.452  4.394  4.522  4.443  4.357  4.489  4.317  4.331  4.277  4.348  4.369  4.466  4.428  4.202  4.466  4.317  4.025  4.167  4.202  4.025  4.224  4.290  4.407  4.174  4.156  4.331  4.263  4.234  4.277  4.182  4.263  3.989  4.331
4.060  4.043  4.007  4.111  3.892  4.182  4.025  4.040  4.007  4.234  4.111  4.143  4.190  4.025  4.477  4.060  4.043  4.025  4.174  4.290  4.127  4.159  3.989  4.043  3.938  3.850  3.989  3.961  3.970  3.967  3.951  4.190  4.025  3.967  3.932  4.078  4.060  4.007  4.078  3.951  3.951  4.078
4.111  4.060  4.111  4.111  4.007  4.124  4.159  4.060  4.190  4.127  4.197  4.209  4.205  4.304  4.159  4.025  4.111  4.007  4.205  4.205  4.205  4.187  4.094  4.190  3.970  3.951  3.932  4.025  3.871  4.025  4.043  3.942  4.148  4.025  4.043  4.174  4.190  4.060  4.025  3.807  3.908  4.078
3.970  3.932  4.190  4.156  4.234  3.989  4.174  4.043  4.043  3.932  3.932  4.234  4.127  4.043  4.248  3.989  4.111  3.970  4.205  4.277  4.290  4.099  4.057  4.159  3.850  3.871  4.004  3.829  3.932  3.829  3.871  3.967  4.143  3.957  3.942  4.094  4.086  4.094  3.757  3.839  3.970  4.043
4.317  4.263  4.182  4.263  4.094  4.348  4.304  4.220  4.220  4.331  4.454  4.290  4.331  4.288  4.466  4.127  4.060  4.043  4.304  4.367  4.344  4.190  4.143  4.143  4.078  4.094  4.248  4.004  4.007  3.928  4.220  4.078  4.060  4.290  4.205  4.078  4.078  4.317  4.263  3.912  4.025  4.078
4.263  3.985  4.025  4.043  3.970  4.094  3.970  4.140  4.043  4.248  4.057  4.143  4.263  4.241  4.404  4.179  3.967  4.034  4.111  4.224  4.143  3.918  4.025  4.078  4.143  3.761  3.912  4.066  3.807  3.947  3.871  3.970  3.989  4.007  3.932  4.057  3.951  4.043  4.159  3.970  3.829  3.980
4.583  4.363  4.525  4.585  4.511  4.407  4.454  4.522  4.588  4.628  4.603  4.752  4.605  4.554  4.554  4.404  4.419  4.344  4.613  4.717  4.779  4.644  4.483  4.489  4.530  4.376  4.394  4.317  4.205  4.376  4.514  4.625  4.489  4.472  4.608  4.543  4.290  4.498  4.394  4.388  4.357  4.522
4.489  4.481  4.562  4.635  4.663  4.554  4.458  4.520  4.673  4.808  4.511  4.585  4.659  4.500  4.489  4.263  4.416  4.290  4.625  4.668  4.673  4.443  4.443  4.354  4.511  4.290  4.516  4.277  4.174  4.256  4.317  4.812  4.575  4.522  4.494  4.477  4.428  4.241  4.454  4.382  4.454  4.357
5.509  5.394  5.493  5.535  5.357  5.535  5.489  5.468  5.591  5.587  5.521  5.606  5.717  5.468  5.704  5.436  5.638  5.442  5.666  5.676  5.697  5.573  5.513  5.635  5.519  5.720  5.561  5.412  5.370  5.275  5.535  5.620  5.631  5.533  5.687  5.724  5.730  5.749  5.771  5.974  5.787  5.955
5.179  5.017  4.942  5.047  5.123  5.017  5.080  4.949  5.050  5.226  5.153  5.094  5.303  5.182  5.182  4.945  5.209  4.997  5.257  5.211  5.198  5.280  5.156  5.187  5.026  5.231  5.112  4.942  4.883  4.860  5.071  5.037  5.069  5.152  5.159  5.130  5.030  5.024  5.078  4.828  4.934  5.069
4.248  4.263  4.094  4.190  4.143  4.489  4.290  4.091  4.328  4.263  4.234  4.248  4.500  4.331  4.520  4.277  4.159  4.234  4.394  4.341  4.477  4.248  4.382  4.369  4.234  4.127  4.290  4.220  4.025  4.127  4.111  4.043  4.277  4.190  4.094  4.174  4.143  4.143  4.159  4.143  4.274  3.807
3.466  3.738  3.807  3.784  3.689  3.784  3.689  3.726  3.807  3.761  3.689  3.651  4.094  3.932  4.034  3.664  3.784  3.829  3.871  3.867  3.989  3.761  3.784  3.850  3.684  3.761  3.738  3.611  3.497  3.761  3.584  3.871  3.689  3.555  3.784  3.784  3.638  3.555  3.738  3.689  3.784  3.526
3.434  3.638  3.671  3.658  3.584  3.490  3.709  3.526  3.780  3.638  3.550  3.555  3.645  3.871  3.918  3.638  3.750  3.709  3.689  3.802  3.947  3.555  3.664  3.850  3.638  3.738  3.638  3.738  3.605  3.807  3.555  3.867  3.632  3.689  3.638  3.664  3.658  3.401  3.645  3.367  3.738  3.418
3.597  3.638  3.684  3.611  3.638  3.401  3.638  3.555  3.733  3.584  3.638  3.611  3.824  3.738  3.829  3.605  3.850  3.664  3.689  3.807  3.829  3.839  3.624  3.850  3.709  3.584  3.638  3.632  3.584  3.676  3.611  3.912  3.829  3.701  3.709  3.611  3.726  3.526  3.466  3.401  3.807  3.367
3.714  3.401  3.835  3.738  3.638  3.714  3.584  3.497  3.611  3.611  3.466  3.824  3.709  3.738  3.871  3.497  3.664  3.434  3.664  3.784  3.795  3.664  3.434  3.664  3.761  3.401  3.605  3.497  3.658  3.526  3.555  3.689  3.807  3.638  3.638  3.584  3.611  3.466  3.611  3.367  3.526  3.611
3.401  3.360  3.526  3.526  3.497  3.434  3.466  3.497  3.550  3.434  3.219  3.466  3.555  3.638  3.689  3.555  3.497  3.219  3.584  3.761  3.784  3.555  3.434  3.584  3.578  3.520  3.497  3.466  3.428  3.434  3.401  3.638  3.714  3.434  3.401  3.555  3.497  3.466  3.459  3.367  3.466  3.497
