4.277  4.190  4.174  4.190  4.234  4.234  4.263  4.263  4.190  4.295  4.248  4.248  4.380  4.263  4.407  4.111  4.057  4.263  4.260  4.357  4.331  4.270  4.174  4.220  4.174  4.174  4.060  4.260  4.174  4.179  4.111  4.190  3.951  4.190  4.202  4.174  4.277  4.190  3.989  4.143  3.989  4.277
4.595  4.394  4.331  4.443  4.290  4.304  4.341  4.373  4.419  4.446  4.337  4.514  4.564  4.543  4.595  4.331  4.382  4.361  4.492  4.585  4.407  4.331  4.317  4.354  4.369  4.304  4.304  4.135  4.248  4.248  4.357  4.341  4.256  4.127  4.443  4.369  4.344  4.256  4.205  4.274  4.277  4.357
4.533  4.443  4.428  4.419  4.304  4.392  4.564  4.382  4.486  4.635  4.304  4.511  4.633  4.533  4.705  4.449  4.593  4.477  4.615  4.633  4.635  4.522  4.489  4.570  4.440  4.331  4.428  4.317  4.190  4.431  4.376  4.331  4.382  4.486  4.533  4.434  4.466  4.290  4.454  4.277  4.277  4.449
4.060  3.932  4.159  4.060  4.048  4.078  4.124  4.263  4.190  4.078  4.043  4.174  4.304  4.111  4.392  4.060  4.304  4.094  4.234  4.220  4.234  4.182  4.308  4.174  4.043  3.951  3.985  3.912  4.007  4.174  4.094  4.043  4.111  4.205  4.078  4.057  3.970  3.951  4.630  3.850  4.040  4.078
4.920  4.852  4.898  4.766  4.875  4.682  4.835  4.844  4.673  4.934  5.011  4.997  4.887  4.644  4.934  4.605  4.727  4.779  4.804  4.843  4.970  4.766  4.659  4.796  4.677  4.633  4.585  4.663  4.380  4.615  4.644  4.511  4.644  4.804  4.673  4.615  4.682  4.603  4.691  4.754  4.511  4.620
4.357  4.304  4.317  4.220  4.263  4.108  4.224  4.174  4.205  4.419  4.394  4.489  4.263  4.248  4.419  4.127  4.159  4.317  4.331  4.263  4.376  4.407  4.143  4.419  4.108  3.989  4.094  4.220  3.912  3.989  4.234  4.078  4.043  4.060  4.151  4.190  4.224  4.007  4.007  3.970  4.007  4.148
4.680  4.595  4.407  4.575  4.625  4.590  4.290  4.533  4.564  4.718  4.787  4.605  4.762  4.700  4.787  4.575  4.394  4.605  4.687  4.464  4.575  4.500  4.522  4.407  4.260  4.317  4.466  4.454  4.043  4.321  4.443  4.407  4.290  4.654  4.224  4.543  4.394  4.575  4.543  4.419  4.248  4.354
3.689  3.738  3.367  3.638  3.555  3.664  3.526  3.584  3.584  3.807  3.367  3.497  3.824  3.784  4.007  3.638  3.721  3.611  3.738  3.861  3.714  3.714  3.738  3.738  3.584  3.638  3.611  3.466  3.611  3.497  3.466  3.738  3.555  3.689  3.802  3.738  3.611  3.912  3.611  3.555  3.684  3.638
5.468  5.318  5.407  5.187  5.333  5.412  5.324  5.549  5.529  5.588  5.483  5.594  5.679  5.421  5.533  5.497  5.398  5.509  5.425  5.298  5.398  5.403  5.414  5.342  5.112  5.308  5.318  5.352  5.328  5.231  5.338  5.220  5.231  5.398  5.293  5.502  5.468  5.295  5.451  5.360  5.273  5.238
4.595  4.585  4.644  4.533  4.673  4.564  4.615  4.663  4.699  4.745  4.718  4.682  4.973  4.963  4.977  4.498  4.680  4.727  4.554  4.779  4.680  4.844  4.787  4.734  4.481  4.595  4.598  4.500  4.382  4.511  4.516  4.562  4.489  4.407  4.635  4.605  4.522  4.562  4.277  4.489  4.489  4.633
4.489  4.407  4.443  4.489  4.615  4.341  4.274  4.477  4.541  4.419  4.413  4.559  4.543  4.663  4.570  4.357  4.290  4.419  4.559  4.546  4.466  4.328  4.304  4.369  4.234  4.452  4.367  4.404  4.143  4.202  4.297  4.331  4.369  4.369  4.511  4.489  4.472  4.419  4.331  4.443  4.380  4.357
3.784  3.714  3.738  3.738  3.850  3.784  3.912  3.709  3.861  3.871  4.022  3.829  3.989  3.761  4.074  3.784  3.664  3.784  3.850  3.888  3.892  3.839  3.689  3.784  3.829  3.807  3.689  3.738  3.684  3.689  3.632  3.829  3.807  3.784  3.850  3.892  3.714  3.526  3.689  3.689  3.701  3.526
3.989  3.738  4.078  3.807  3.882  3.761  3.664  3.784  4.025  4.048  3.784  3.961  4.043  3.871  4.094  3.689  3.714  3.714  4.007  3.807  3.611  3.980  3.714  3.892  4.007  3.584  3.938  4.078  3.676  3.761  3.664  3.784  3.951  3.850  3.824  3.908  3.721  3.745  3.714  3.714  3.738  3.942
3.466  3.526  3.658  3.459  3.401  3.332  3.466  3.367  3.714  3.459  3.367  3.520  3.526  3.714  3.807  3.497  3.584  3.466  3.401  3.664  3.664  3.664  3.526  3.401  3.526  3.434  3.550  3.296  3.325  3.466  3.434  3.526  3.689  3.367  3.497  3.535  3.434  3.490  3.401  3.434  3.490  3.466
4.536  4.452  4.394  4.431  4.498  4.543  4.564  4.603  4.595  4.644  4.625  4.603  4.511  4.673  4.718  4.530  4.341  4.673  4.726  4.522  4.522  4.401  4.564  4.431  4.449  4.394  4.382  4.357  4.331  4.443  4.382  4.369  4.511  4.466  4.454  4.443  4.404  4.543  4.552  4.595  4.344  4.394
4.511  4.317  4.290  4.431  4.489  4.575  4.431  4.511  4.454  4.685  4.625  4.500  4.721  4.633  4.575  4.536  4.373  4.533  4.575  4.625  4.644  4.477  4.654  4.533  4.443  4.394  4.248  4.304  4.277  4.443  4.419  4.369  4.357  4.500  4.440  4.454  4.483  4.557  4.543  4.443  4.443  4.304
4.454  4.443  4.585  4.317  4.454  4.315  4.246  4.382  4.331  4.477  4.392  4.454  4.608  4.511  4.543  4.511  4.431  4.511  4.394  4.673  4.344  4.317  4.543  4.575  4.382  4.443  4.419  4.431  4.315  4.317  4.407  4.205  4.431  4.373  4.407  4.466  4.174  4.304  4.357  4.394  4.263  4.357
4.263  4.111  4.007  3.951  4.078  3.980  3.850  4.108  4.060  4.369  4.187  4.143  4.171  4.220  4.263  4.025  4.004  4.190  4.205  4.344  3.932  3.912  4.025  3.989  3.871  3.850  4.007  4.132  3.784  3.912  4.174  3.689  4.078  3.970  3.738  4.043  3.932  4.127  4.234  3.989  3.807  4.043
4.290  4.111  4.217  4.124  4.263  4.202  3.846  4.190  4.608  4.315  4.315  4.187  4.344  4.187  4.297  4.083  4.111  4.413  4.220  4.143  4.111  4.111  4.127  4.086  4.209  4.111  4.057  4.288  3.932  3.947  4.016  3.850  4.167  4.263  3.989  4.052  4.016  4.301  4.205  3.932  3.970  3.839
3.684  3.638  3.651  3.696  3.550  3.611  3.434  3.709  3.535  3.733  3.592  3.619  3.714  3.721  3.721  3.632  3.638  3.761  3.638  3.850  3.664  3.632  3.584  3.664  3.761  3.592  3.638  3.526  3.332  3.434  3.597  3.555  3.658  3.526  3.466  3.684  3.466  3.466  3.584  3.624  3.459  3.555
4.174  4.111  4.263  4.159  4.234  4.304  4.234  4.174  4.290  4.407  4.111  4.234  4.263  4.234  4.489  4.108  4.127  4.304  4.357  4.304  4.190  4.174  4.234  4.382  4.119  4.111  4.127  4.078  4.094  4.174  4.274  4.263  4.344  4.190  4.143  4.159  4.060  4.304  4.234  4.127  4.143  3.970
4.159  4.159  4.277  4.094  4.143  4.369  4.220  4.277  4.277  4.304  4.190  4.248  4.220  4.290  4.419  4.234  4.164  4.317  4.407  4.357  4.431  4.190  4.301  4.357  4.174  4.094  4.159  4.205  3.967  4.205  4.304  4.231  4.344  4.078  4.234  4.091  4.227  4.111  4.357  4.060  3.989  4.078
