4.159  4.043  4.174  4.025  4.234  4.205  4.140  4.094  4.256  4.290  4.127  4.127  4.238  4.190  4.382  4.111  3.892  4.111  4.159  4.317  4.248  4.103  3.970  4.205  4.205  3.951  3.932  3.942  3.892  3.892  4.066  3.912  4.094  4.127  4.190  4.060  4.007  4.111  4.069  3.989  4.060  3.928
3.932  3.861  3.989  3.807  3.951  3.784  3.871  3.892  3.912  3.871  3.888  3.989  4.060  4.078  3.951  3.932  3.850  3.918  3.970  4.091  3.951  3.932  3.989  3.912  3.761  3.932  3.714  3.861  3.761  3.829  3.867  3.761  3.768  3.892  4.025  3.850  3.912  3.733  3.750  3.829  3.638  3.829
4.613  4.454  4.498  4.533  4.575  4.595  4.407  4.543  4.718  4.705  4.564  4.635  4.727  4.564  4.779  4.522  4.454  4.554  4.536  4.590  4.635  4.431  4.394  4.481  4.419  4.718  4.564  4.543  4.317  4.290  4.394  4.220  4.407  4.477  4.348  4.392  4.357  4.394  4.263  4.407  4.317  4.369
4.132  4.043  4.234  4.108  4.119  4.194  4.205  4.111  4.043  4.290  3.951  4.140  4.217  4.127  4.331  4.119  3.932  3.892  4.151  4.231  4.078  4.078  3.912  4.127  4.043  3.850  3.912  4.043  3.871  3.871  3.932  3.829  3.912  4.025  4.060  4.004  4.060  4.111  3.846  3.892  3.871  3.922
4.762  4.603  4.615  4.549  4.543  4.605  4.710  4.690  4.585  4.699  4.663  4.549  4.718  4.615  4.717  4.613  4.605  4.666  4.635  4.554  4.734  4.663  4.605  4.522  4.454  4.489  4.595  4.603  4.407  4.625  4.489  4.472  4.527  4.477  4.615  4.477  4.605  4.509  4.460  4.671  4.489  4.443
4.094  4.078  4.111  4.111  3.912  4.007  4.060  4.074  4.220  4.171  4.025  4.091  4.174  4.234  4.143  4.132  3.892  4.159  4.212  4.277  4.304  3.989  4.220  4.060  4.007  3.989  3.932  3.761  3.829  3.951  4.094  4.174  4.111  4.007  3.892  3.951  3.932  3.861  3.867  4.344  3.846  3.761
4.007  3.871  3.829  3.867  4.025  3.932  3.780  4.060  3.928  4.043  4.060  3.970  4.078  3.951  4.091  3.807  3.526  3.912  4.127  3.947  3.912  3.750  3.671  3.888  3.733  3.802  3.850  3.871  3.584  3.773  3.892  3.738  3.761  3.780  3.733  3.957  3.761  3.807  3.892  3.932  3.664  3.784
3.367  3.367  3.401  3.360  3.526  3.401  3.296  3.434  3.360  3.689  3.332  3.497  3.466  3.490  3.745  3.526  3.332  3.490  3.466  3.611  3.466  3.401  3.434  3.829  3.535  3.428  3.497  3.434  3.219  3.466  3.332  3.497  3.434  3.497  3.434  3.367  3.367  3.296  3.367  3.296  3.219  3.395
3.555  3.401  3.555  3.497  3.466  3.584  3.578  3.584  3.611  3.664  3.584  3.638  3.611  3.497  3.689  3.497  3.584  3.555  3.434  3.664  3.638  3.584  3.466  3.632  3.497  3.584  3.497  3.497  3.296  3.611  3.624  3.807  3.664  3.325  3.555  3.761  3.490  3.401  3.428  3.401  3.497  3.428
3.490  3.367  3.367  3.428  3.466  3.466  3.497  3.367  3.651  3.434  3.367  3.611  3.689  3.497  3.526  3.497  3.497  3.689  3.526  3.526  3.611  3.497  3.584  3.714  3.401  3.401  3.497  3.520  3.367  3.466  3.401  3.638  3.584  3.434  3.738  3.490  3.611  3.401  3.367  3.428  3.296  3.475
4.025  3.985  4.108  3.970  4.025  4.094  3.850  4.025  4.094  4.060  3.989  4.174  4.277  4.111  4.025  3.951  4.043  3.892  4.078  4.227  3.980  4.031  3.932  4.171  3.888  3.985  3.871  3.970  3.850  3.892  3.947  3.714  3.989  3.970  4.025  3.892  3.761  3.761  4.013  3.892  3.888  3.970
4.040  3.850  3.970  4.078  4.074  4.094  3.998  4.151  4.057  3.951  4.083  4.174  4.060  4.007  4.220  3.714  4.060  3.892  4.174  4.382  4.205  4.060  4.040  4.094  4.078  4.007  3.970  3.892  3.829  3.970  3.947  3.912  4.007  3.995  4.007  3.922  3.829  3.912  3.970  3.912  3.850  4.057
4.205  4.094  4.477  4.220  4.344  4.357  4.111  4.174  4.290  4.380  4.321  4.416  4.263  4.190  4.419  4.174  4.308  4.304  4.564  4.522  4.274  4.007  4.234  4.205  4.060  4.043  4.057  4.263  3.850  4.025  3.912  4.159  4.290  4.317  4.238  4.248  4.074  4.288  4.111  4.205  4.143  4.248
3.555  3.555  3.584  3.638  3.584  3.466  3.466  3.555  3.611  3.584  3.611  3.664  3.611  3.638  3.829  3.664  3.818  3.466  3.664  3.733  3.738  3.714  3.526  3.714  3.434  3.497  3.526  3.526  3.490  3.584  3.497  3.466  3.555  3.638  3.520  3.555  3.676  3.555  3.466  3.584  3.520  3.584
3.867  3.967  3.989  4.043  3.892  3.989  3.951  3.761  4.060  4.043  3.951  4.007  4.205  4.234  4.344  4.007  3.932  4.234  4.301  4.060  4.234  4.007  4.025  4.174  3.898  3.932  3.951  4.159  3.912  4.025  3.714  3.918  3.871  3.928  3.951  3.928  3.892  3.829  3.738  3.761  3.892  3.871
3.871  4.060  4.025  3.932  3.761  3.970  3.898  3.784  3.912  4.007  3.846  3.871  4.220  4.263  4.277  3.951  3.850  3.871  4.202  4.111  4.190  3.989  3.892  4.025  3.871  3.867  3.989  3.951  3.802  3.970  3.932  4.004  3.989  3.912  3.908  3.989  3.761  3.829  3.664  3.689  3.951  3.829
4.043  4.022  4.043  3.970  4.078  4.164  3.970  4.127  3.932  3.780  4.094  4.143  4.248  4.290  4.190  4.025  3.871  4.234  4.248  4.159  4.277  4.078  4.135  4.043  3.850  3.928  4.025  4.094  3.892  3.892  4.111  3.951  3.932  4.143  3.957  3.989  3.951  4.103  3.989  3.970  3.912  3.970
4.025  3.871  3.932  3.989  3.912  3.985  3.951  3.989  3.967  4.094  4.143  4.007  4.094  4.304  4.220  3.829  3.835  3.995  4.234  4.190  4.086  4.025  3.989  4.060  3.892  3.892  3.932  4.119  3.714  3.871  3.912  3.839  3.871  3.807  4.031  3.998  3.850  3.989  4.025  3.807  3.784  3.807
4.425  4.288  4.159  4.263  4.277  4.380  4.205  4.295  4.357  4.344  4.248  4.410  4.466  4.419  4.419  4.205  4.331  4.270  4.454  4.431  4.331  4.454  4.187  4.635  4.369  4.369  4.111  4.498  4.060  3.970  4.174  4.331  4.546  4.505  4.625  4.331  4.174  4.111  4.111  4.187  4.357  4.357
4.633  4.331  4.466  4.615  4.559  4.466  4.431  4.511  4.369  4.509  4.554  4.489  4.673  4.554  4.718  4.301  4.419  4.376  4.615  4.682  4.644  4.625  4.328  4.466  4.489  4.500  4.344  4.205  4.376  4.248  4.477  4.386  4.500  4.575  4.633  4.615  4.357  4.710  4.489  4.376  4.317  4.514
3.961  4.127  4.040  4.025  4.205  3.829  4.031  4.007  4.078  4.111  3.807  4.174  4.382  4.132  4.205  4.190  4.043  4.043  4.078  4.263  4.140  4.007  4.159  4.246  4.043  4.007  4.091  3.871  3.829  3.961  3.989  3.908  4.060  3.932  4.004  4.111  3.932  4.022  4.127  3.989  3.871  3.970
4.094  3.714  4.057  3.908  4.043  3.951  3.867  3.989  3.829  4.111  3.757  4.143  4.263  4.159  4.094  4.078  3.989  4.007  4.217  4.190  4.143  4.025  3.989  4.043  3.892  3.912  4.025  4.060  3.761  3.846  3.850  4.004  4.078  3.892  4.043  3.892  3.871  4.094  4.025  3.947  3.951  4.016
