4.443  4.248  4.344  4.234  4.466  4.489  4.234  4.331  4.331  4.331  4.500  4.331  4.369  4.344  4.369  4.277  4.078  4.625  4.486  4.344  4.277  4.248  4.431  4.419  4.398  4.205  4.290  4.331  3.871  4.127  4.369  4.205  4.331  4.344  4.304  4.317  4.357  4.263  4.007  4.407  4.060  4.094
4.317  4.263  4.270  4.241  4.190  4.477  4.248  4.277  4.234  4.500  4.344  4.234  4.260  4.328  4.248  4.394  4.288  4.248  4.489  4.344  4.407  4.297  4.060  4.231  4.304  4.127  4.159  4.331  4.025  4.060  4.304  4.174  4.290  4.304  4.143  4.263  4.094  4.472  4.220  4.127  4.007  4.190
5.513  5.521  5.431  5.537  5.407  5.587  5.642  5.617  5.595  5.561  5.533  5.585  5.656  5.561  5.707  5.644  5.489  5.572  5.720  5.642  5.687  5.737  5.782  5.864  5.451  5.429  5.472  5.481  5.298  5.429  5.531  5.427  5.468  5.521  5.464  5.509  5.642  5.617  5.425  5.447  5.521  5.465
4.443  4.500  4.554  4.511  4.248  4.466  4.522  4.564  4.477  4.394  4.431  4.431  4.541  4.489  4.489  4.522  4.404  4.477  4.654  4.691  4.682  4.890  4.605  4.804  4.575  4.682  4.564  4.241  4.248  4.304  4.363  4.416  4.394  4.533  4.317  4.509  4.509  4.443  4.367  4.220  4.543  4.443
5.961  5.666  5.711  5.733  5.762  5.838  5.710  5.753  5.826  5.855  5.914  5.858  5.861  5.802  5.823  5.746  5.501  5.724  5.779  5.784  5.919  5.683  5.722  5.714  5.617  5.652  5.663  5.629  5.398  5.553  5.677  5.497  5.606  5.749  5.677  5.678  5.771  5.762  5.677  5.714  5.561  5.637
4.858  4.721  4.777  4.812  4.771  4.804  4.883  4.836  4.997  4.889  4.844  4.893  4.934  4.787  4.905  4.771  4.635  4.718  4.820  4.727  4.997  4.920  4.743  4.844  4.700  4.644  4.673  4.600  4.642  4.638  4.796  4.723  4.727  4.787  4.752  4.635  4.796  4.718  4.663  4.511  4.691  4.691
5.338  5.094  5.088  5.268  5.080  5.152  5.135  5.069  5.204  5.193  5.189  5.165  5.268  5.176  5.153  5.149  5.136  5.147  5.206  5.278  5.252  5.176  5.193  5.143  4.992  5.024  5.004  4.956  4.812  4.836  5.040  5.088  5.094  5.030  4.956  5.017  5.061  5.165  5.063  4.868  5.030  5.126
5.257  4.990  5.204  5.283  5.123  5.052  5.145  5.088  5.088  5.366  4.990  5.242  5.285  5.209  5.268  5.037  5.099  4.997  5.152  5.231  5.187  4.970  5.043  5.136  5.056  4.997  5.050  4.779  4.796  4.875  5.056  5.218  5.043  4.942  5.043  5.106  5.153  5.176  5.037  4.949  5.187  5.220
4.357  4.304  4.344  4.190  4.419  4.428  4.416  4.618  4.585  5.045  4.852  4.949  4.546  4.331  4.585  4.253  4.135  4.419  4.382  4.348  4.344  4.111  4.248  4.263  4.220  4.209  4.369  4.159  4.078  4.111  4.190  3.970  4.111  4.159  4.281  4.205  4.143  4.007  4.043  4.344  4.190  4.277
3.850  3.757  3.807  3.726  3.932  3.824  3.738  3.784  3.807  4.127  3.807  3.784  3.947  3.951  3.871  3.829  3.807  3.714  3.846  3.985  3.829  3.714  3.761  3.761  3.555  3.611  3.664  3.802  3.784  3.632  3.611  3.671  3.714  3.638  3.664  3.689  3.611  3.689  3.584  3.526  3.466  3.611
5.645  5.394  5.268  5.215  5.347  5.481  5.341  5.557  5.451  5.727  5.595  5.531  5.525  5.549  5.540  5.468  5.231  5.412  5.472  5.300  5.384  5.342  5.406  5.342  5.220  5.239  5.267  5.328  5.078  5.133  5.403  5.102  5.256  5.333  5.288  5.445  5.412  5.371  5.357  5.359  5.155  5.342
4.543  4.174  4.227  4.187  4.357  4.344  4.304  4.394  4.290  4.615  4.477  4.419  4.394  4.350  4.585  4.190  4.317  4.159  4.357  4.277  4.530  4.354  4.331  4.369  4.143  4.094  4.164  4.277  3.947  4.108  4.304  4.234  4.220  4.260  4.217  4.341  4.094  4.025  4.025  4.227  4.111  4.190
4.263  4.270  4.317  4.361  4.290  4.354  4.277  4.382  4.437  4.407  4.220  4.543  4.533  4.483  4.466  4.369  4.357  4.369  4.443  4.290  4.533  4.392  4.416  4.388  4.263  4.357  4.301  4.290  4.174  4.376  4.190  4.454  4.078  4.373  4.277  4.522  4.317  4.317  4.190  4.277  4.246  4.382
4.410  4.522  4.605  4.407  4.620  4.552  4.682  4.595  4.668  4.585  4.543  4.615  4.752  4.752  4.808  4.644  4.595  4.682  4.657  4.605  4.836  4.762  4.567  4.628  4.511  4.554  4.419  4.543  4.369  4.407  4.663  4.613  4.466  4.673  4.682  4.460  4.644  4.754  4.394  4.522  4.575  4.595
4.443  4.328  4.369  4.263  4.331  4.585  4.357  4.477  4.190  4.466  4.331  4.407  4.454  4.431  4.663  4.317  4.143  4.344  4.392  4.440  4.277  4.290  4.108  4.308  4.354  4.440  4.159  4.317  4.127  4.205  4.263  4.111  4.256  4.382  4.248  4.248  4.190  4.382  4.231  4.369  4.220  4.489
3.829  3.784  3.738  3.784  3.784  3.898  3.784  3.638  3.768  3.902  3.714  4.040  3.824  3.871  3.714  3.466  3.802  3.638  3.757  3.970  3.989  3.761  3.689  3.829  3.757  3.829  3.714  3.664  3.584  3.584  3.638  3.871  3.761  3.780  3.807  3.738  3.555  3.658  3.638  3.526  3.761  3.738
5.690  5.583  5.497  5.753  5.733  5.702  5.694  5.537  5.652  5.861  5.838  5.872  5.743  5.649  5.787  5.535  5.388  5.580  5.733  5.656  5.691  5.481  5.451  5.555  5.583  5.509  5.481  5.404  5.236  5.333  5.549  5.549  5.525  5.537  5.553  5.561  5.389  5.553  5.521  5.501  5.476  5.493
4.811  4.852  4.852  4.885  4.875  4.790  4.852  4.787  4.949  5.081  5.088  4.956  5.153  5.016  5.247  4.779  4.819  4.860  4.977  4.970  5.074  4.736  4.804  4.905  4.727  4.779  4.663  4.635  4.477  4.615  4.787  4.745  4.727  4.905  4.717  4.762  4.663  4.860  4.663  4.727  4.806  4.883
5.984  5.617  5.858  5.841  5.793  5.730  5.673  5.762  5.635  5.966  5.862  5.872  6.059  5.743  5.943  5.631  5.613  5.759  5.976  5.892  5.805  5.654  5.568  5.762  5.658  5.658  5.481  5.525  5.464  5.469  5.559  5.645  5.738  5.697  5.690  5.684  5.631  5.802  5.629  5.710  5.684  5.707
5.050  4.934  5.118  5.017  4.875  4.963  4.963  4.949  4.934  5.130  5.088  5.136  5.281  5.043  5.176  4.990  5.006  4.860  5.193  5.127  5.063  4.868  5.017  5.027  4.710  5.009  4.777  4.644  4.605  4.745  4.966  5.004  4.973  4.942  4.913  5.004  4.828  4.915  4.836  4.736  4.977  4.913
5.595  5.318  5.466  5.493  5.493  5.342  5.328  5.351  5.412  5.429  5.407  5.529  5.525  5.490  5.561  5.361  5.315  5.406  5.544  5.591  5.517  5.455  5.398  5.352  5.407  5.403  5.322  5.273  5.103  5.164  5.318  5.298  5.312  5.342  5.434  5.330  5.313  5.416  5.308  5.287  5.209  5.384
5.091  4.970  4.945  4.875  4.913  4.850  4.852  4.949  4.905  4.949  4.866  5.075  5.182  4.989  5.056  4.927  4.902  4.911  5.049  5.142  5.004  4.890  4.890  4.933  4.852  4.792  4.710  4.779  4.511  4.682  4.736  4.752  5.024  4.870  4.804  4.890  4.868  4.927  4.883  4.727  4.852  4.963
