7.636  7.337  7.416  7.290  7.438  7.566  7.442  7.512  7.499  7.603  7.547  7.613  7.521  7.506  7.519  7.505  6.934  7.537  7.230  7.316  7.421  7.290  7.422  7.328  7.476  7.469  7.407  7.471  7.183  7.283  7.303  7.203  7.334  7.506  7.411  7.474  7.460  7.497  7.428  7.533  7.342  7.454
5.509  5.136  5.252  5.066  5.380  5.451  5.354  5.377  5.517  5.489  5.416  5.366  5.500  5.416  5.485  5.389  4.687  5.375  5.043  5.251  5.298  5.182  5.375  5.250  5.293  5.515  5.288  5.334  5.017  5.142  5.093  4.997  5.130  5.358  5.252  5.384  5.357  5.257  5.318  5.288  5.081  5.242
6.088  5.802  5.824  5.416  5.869  6.138  6.028  5.956  6.087  6.295  6.286  6.154  6.170  6.096  6.161  6.125  5.371  6.038  6.019  5.714  5.672  5.838  5.870  5.889  5.580  5.620  5.814  5.939  5.451  5.746  6.011  5.340  5.533  5.771  5.652  5.975  5.953  5.777  5.872  5.852  5.583  5.705
3.632  3.555  3.526  3.738  3.638  3.526  3.466  3.434  3.434  3.664  3.401  3.709  3.689  3.738  3.611  3.584  3.497  3.497  3.709  3.701  3.584  3.638  3.434  3.638  3.526  3.632  3.332  3.584  3.555  3.526  3.526  3.497  3.611  3.401  3.497  3.401  3.555  3.401  3.497  3.466  3.367  3.512
6.322  6.170  6.314  6.004  6.321  6.417  6.256  6.269  6.315  6.439  6.399  6.486  6.423  6.302  6.409  6.202  6.001  6.395  6.365  6.109  6.233  6.011  6.128  6.078  5.941  6.230  6.052  6.110  5.689  5.989  6.148  5.775  5.881  6.052  6.052  6.190  6.031  6.018  5.996  6.282  5.914  6.248
3.738  3.807  3.738  3.611  3.611  3.497  3.892  3.611  3.638  3.773  3.638  3.658  3.684  3.780  3.761  3.555  3.721  3.611  3.632  3.689  3.932  3.829  3.726  3.861  3.584  3.638  3.584  3.550  3.497  3.584  3.714  3.605  3.555  3.689  3.526  3.611  3.638  3.632  3.676  3.555  3.555  3.555
6.094  5.509  5.899  5.762  5.829  5.974  5.684  5.918  5.805  6.104  5.982  6.061  6.087  5.866  5.956  5.823  5.403  5.919  5.872  5.720  5.580  5.390  5.501  5.521  5.573  5.730  5.673  5.730  5.380  5.409  5.740  5.303  5.598  5.713  5.533  5.601  5.602  5.826  5.762  5.930  5.591  5.749
4.779  4.477  4.623  4.605  4.775  4.771  4.564  4.691  4.787  4.927  4.671  4.934  4.905  4.804  4.890  4.575  4.575  4.615  4.844  4.820  4.762  4.625  4.522  4.595  4.505  4.554  4.522  4.489  4.443  4.373  4.595  4.419  4.762  4.691  4.635  4.554  4.595  4.625  4.605  4.595  4.549  4.605
6.361  6.400  6.304  6.221  6.369  6.423  6.333  6.326  6.378  6.347  6.145  6.170  6.458  6.474  6.457  6.295  6.219  6.377  6.400  6.229  6.346  6.201  6.386  6.354  6.335  6.395  6.205  6.354  6.157  6.152  6.319  6.240  6.052  6.380  6.323  6.366  6.329  6.142  6.075  6.302  6.248  6.242
5.220  5.318  5.170  5.380  5.278  5.283  5.371  5.176  5.252  5.209  5.075  5.063  5.429  5.489  5.451  5.220  5.351  5.124  5.323  5.226  5.505  5.429  5.357  5.442  5.283  5.296  5.176  5.136  5.106  5.220  5.493  5.257  5.004  5.464  5.380  5.549  5.515  5.204  4.990  5.112  5.170  5.268
7.574  7.426  7.444  7.351  7.501  7.582  7.380  7.443  7.458  7.610  7.599  7.610  7.656  7.597  7.628  7.498  7.219  7.527  7.516  7.410  7.401  7.372  7.473  7.409  7.360  7.440  7.424  7.434  7.256  7.335  7.459  7.158  7.280  7.448  7.378  7.387  7.485  7.365  7.348  7.467  7.289  7.409
6.449  6.581  6.399  6.400  6.488  6.497  6.548  6.495  6.554  6.755  6.688  6.639  6.739  6.689  6.713  6.516  6.288  6.488  6.649  6.364  6.639  6.463  6.678  6.586  6.436  6.531  6.553  6.418  6.328  6.457  6.560  6.206  6.271  6.561  6.439  6.522  6.632  6.269  6.383  6.409  6.242  6.389
6.089  5.635  5.670  5.740  5.953  5.921  5.529  5.793  5.613  6.114  6.092  6.070  6.111  5.986  5.551  5.674  5.159  5.905  5.714  5.545  5.476  5.280  5.714  5.564  5.303  5.220  5.521  5.613  4.802  5.231  5.460  4.898  5.334  5.509  5.389  5.728  5.498  5.801  5.878  5.867  5.247  5.425
3.611  3.611  3.584  3.555  3.584  3.367  3.360  3.645  3.638  3.773  3.813  3.780  3.638  3.632  3.738  3.497  3.434  3.584  3.611  3.689  3.664  3.689  3.696  3.829  3.332  3.584  3.497  3.555  3.258  3.401  3.664  3.490  3.624  3.664  3.367  3.526  3.555  3.578  3.526  3.434  3.434  3.611
6.737  6.211  6.260  6.286  6.468  6.515  6.061  6.305  6.315  6.753  6.588  6.486  6.578  6.551  6.557  6.184  5.829  6.602  6.461  6.413  6.151  5.930  6.182  6.102  5.910  6.127  6.026  6.358  5.727  5.749  6.157  5.617  6.157  5.981  5.932  6.201  5.973  6.375  6.431  6.450  5.948  6.261
5.153  4.727  4.787  4.920  4.927  5.011  4.718  4.868  4.956  5.270  5.280  5.030  5.297  5.136  5.142  4.883  4.644  4.984  4.996  5.115  4.856  4.575  4.844  4.956  4.304  4.644  4.682  4.856  4.382  4.605  4.699  4.205  4.673  4.796  4.600  4.944  4.615  4.771  4.997  4.883  4.543  4.691
7.728  7.484  7.624  7.625  7.754  7.758  7.519  7.662  7.597  7.730  7.636  7.762  7.766  7.676  7.798  7.560  7.296  7.659  7.707  7.581  7.466  7.428  7.550  7.477  7.557  7.621  7.477  7.590  7.280  7.381  7.458  7.358  7.516  7.583  7.431  7.607  7.519  7.727  7.651  7.661  7.423  7.610
5.914  6.100  5.956  6.087  6.054  6.081  6.131  5.932  6.087  6.229  6.009  6.219  6.194  6.201  6.362  6.082  5.938  5.948  6.089  5.974  5.958  6.050  6.084  6.148  6.010  6.028  5.964  5.900  5.789  5.964  5.900  5.999  5.903  6.080  5.981  6.151  6.042  6.057  5.991  6.016  5.820  5.994
7.692  7.318  7.530  7.420  7.534  7.600  7.289  7.556  7.511  7.642  7.570  7.634  7.678  7.537  7.608  7.302  7.172  7.598  7.606  7.611  7.322  7.289  7.394  7.364  7.361  7.520  7.357  7.413  7.094  7.148  7.252  7.046  7.468  7.444  7.273  7.431  7.241  7.366  7.419  7.382  7.185  7.386
5.990  5.733  5.799  5.680  5.922  5.947  5.864  5.878  6.011  6.073  5.924  6.114  6.148  5.924  6.031  5.805  5.684  5.861  5.980  5.980  5.858  5.784  5.858  5.749  5.787  5.758  5.753  5.690  5.492  5.566  5.505  5.318  5.657  5.826  5.591  5.820  5.602  5.529  5.645  5.447  5.351  5.485
7.767  7.569  7.667  7.698  7.789  7.688  7.548  7.683  7.638  7.761  7.682  7.757  7.741  7.611  7.779  7.534  7.428  7.762  7.754  7.654  7.518  7.459  7.553  7.475  7.507  7.708  7.553  7.643  7.434  7.442  7.489  7.447  7.634  7.628  7.527  7.560  7.556  7.751  7.630  7.657  7.570  7.726
6.441  6.402  6.391  6.487  6.531  6.472  6.347  6.389  6.407  6.590  6.497  6.455  6.659  6.449  6.677  6.488  6.385  6.489  6.721  6.550  6.601  6.809  6.886  6.913  6.186  6.347  6.312  6.311  6.182  6.219  6.337  6.228  6.394  6.378  6.321  6.387  6.279  6.457  6.397  6.356  6.370  6.263
