3.555  3.497  3.605  3.434  3.466  3.555  3.401  3.490  3.684  3.689  3.466  3.611  3.733  3.497  3.689  3.526  3.490  3.555  3.584  3.757  3.829  3.555  3.611  3.638  3.526  3.367  3.466  3.466  3.401  3.475  3.401  3.434  3.401  3.632  3.428  3.466  3.466  3.434  3.466  3.332  3.497  3.497
3.428  3.367  3.466  3.332  3.497  3.434  3.506  3.444  3.434  3.434  3.219  3.619  3.658  3.611  3.584  3.497  3.658  3.466  3.555  3.638  3.611  3.466  3.434  3.466  3.497  3.332  3.401  3.434  3.343  3.497  3.520  3.360  3.459  3.332  3.526  3.401  3.178  3.434  3.434  3.219  3.325  3.332
3.829  3.738  3.850  3.871  3.871  3.784  3.829  3.989  3.912  4.025  4.043  3.951  4.220  3.989  4.111  3.871  3.761  4.025  3.888  4.091  4.111  4.043  3.726  3.892  3.773  3.784  3.784  3.757  3.555  3.701  3.664  3.784  3.850  3.918  3.807  3.807  3.829  3.850  3.497  3.850  3.807  3.892
3.555  3.520  3.526  3.367  3.526  3.850  3.611  3.689  3.466  3.689  3.434  3.526  3.928  3.658  3.689  3.738  3.632  3.497  3.605  3.967  3.738  3.526  3.570  3.689  3.555  3.784  3.466  3.526  3.555  3.459  3.761  3.664  3.434  3.638  3.497  3.526  3.584  3.597  3.526  3.401  3.555  3.497
3.738  3.784  3.638  3.738  3.584  3.733  3.757  3.658  3.807  3.784  3.526  3.658  3.892  3.738  3.970  3.664  3.714  3.555  3.932  3.970  3.638  3.664  3.761  3.714  3.624  3.684  3.638  3.570  3.466  3.638  3.550  3.555  3.714  3.584  3.638  3.638  3.664  3.684  3.689  3.490  3.526  3.714
3.846  3.664  3.638  3.584  3.750  3.584  3.714  3.829  3.761  3.761  3.466  3.850  3.850  3.761  3.784  3.738  3.584  3.684  3.726  3.829  3.689  3.638  3.466  3.638  3.689  3.526  3.555  3.638  3.490  3.658  3.632  3.784  3.664  3.689  3.709  3.658  3.497  3.638  3.611  3.664  3.555  3.632
4.159  4.083  4.078  3.932  4.043  4.388  4.124  4.111  4.253  4.111  4.205  4.290  4.119  4.151  4.260  4.174  4.022  4.197  4.263  4.127  4.369  4.108  4.248  4.060  4.043  3.989  4.078  4.174  4.022  4.111  4.290  4.007  4.094  4.143  4.111  4.317  4.331  4.124  4.004  3.998  4.007  4.043
3.829  3.912  3.989  3.892  3.850  4.078  3.912  4.043  3.871  3.970  3.932  4.060  3.761  4.143  4.159  4.148  4.007  4.143  4.007  4.127  3.980  3.912  4.111  4.043  3.951  3.738  3.961  3.689  3.932  3.846  4.043  4.078  3.912  3.807  3.664  3.951  3.989  3.951  4.004  3.611  3.892  3.761
4.295  4.060  4.043  4.317  4.025  4.143  4.127  4.025  4.127  4.220  3.951  4.111  4.253  4.143  4.220  4.007  4.043  4.111  4.159  4.263  4.078  4.357  3.947  4.156  4.187  4.205  3.970  3.989  4.007  4.060  4.074  4.127  4.190  4.167  4.043  3.989  4.043  3.912  3.951  3.989  3.871  4.143
3.995  3.871  4.040  3.970  4.078  4.127  3.928  4.025  3.908  4.197  4.007  4.111  4.174  4.060  4.111  4.052  4.025  4.007  4.007  4.007  4.143  3.985  3.912  4.094  4.078  4.040  3.892  3.932  3.871  3.807  3.784  4.007  4.043  3.908  3.970  3.912  3.970  3.951  3.932  3.714  3.970  3.932
4.489  4.549  4.718  4.710  4.554  4.419  4.431  4.644  4.564  4.723  4.635  4.613  4.573  4.811  4.644  4.509  4.595  4.533  4.666  4.625  4.659  4.440  4.509  4.649  4.527  4.477  4.341  4.369  4.419  4.344  4.443  4.500  4.472  4.585  4.500  4.466  4.382  4.527  4.431  4.369  4.500  4.454
4.875  4.874  4.754  5.019  4.890  4.663  4.802  4.894  4.771  4.940  4.754  5.016  4.949  4.864  4.970  4.769  4.745  4.734  4.997  5.442  4.905  4.762  4.787  4.956  4.920  4.836  4.754  4.585  4.509  4.585  4.682  4.756  4.836  4.860  4.796  4.852  4.673  4.782  4.663  4.734  4.779  4.787
4.227  3.967  4.108  4.007  4.260  4.127  4.007  4.277  4.124  4.263  4.025  4.159  4.331  4.074  4.174  4.171  4.025  4.143  4.290  4.174  4.220  4.159  4.040  4.078  4.190  3.970  4.043  3.733  3.871  3.912  3.867  3.908  3.970  4.111  4.205  4.025  4.220  4.143  4.078  3.951  3.871  4.025
3.795  3.611  3.829  3.638  3.584  3.555  3.738  3.564  3.726  3.611  3.584  3.638  3.829  3.611  3.807  3.684  3.611  3.624  3.689  3.912  3.882  4.043  3.696  3.784  3.638  3.434  3.466  3.564  3.367  3.497  3.367  3.684  3.611  3.466  3.497  3.497  3.555  3.658  3.555  3.490  3.497  3.526
4.663  4.500  4.533  4.500  4.511  4.452  4.492  4.538  4.511  4.530  4.344  4.543  4.554  4.533  4.710  4.454  4.331  4.382  4.603  4.710  4.615  4.431  4.317  4.472  4.431  4.344  4.263  4.394  4.127  4.217  4.440  4.331  4.466  4.344  4.489  4.382  4.304  4.472  4.248  4.277  4.277  4.554
4.190  3.829  4.043  4.111  4.099  4.140  4.025  4.205  3.989  4.060  3.912  4.060  4.151  4.127  4.344  3.967  3.912  3.989  4.060  4.234  4.057  4.111  4.007  3.970  3.807  3.932  3.850  3.871  3.761  3.892  3.922  3.970  3.989  3.761  3.807  4.143  3.932  4.174  4.127  3.829  3.989  4.016
6.103  5.955  5.974  6.091  6.040  6.040  5.969  5.964  5.964  6.006  5.966  5.994  6.086  6.127  6.201  5.919  5.877  5.988  6.094  6.094  6.052  6.026  5.951  6.071  5.855  5.781  5.813  5.765  5.700  5.733  5.768  5.900  5.876  5.869  5.911  5.966  5.897  5.961  5.989  5.907  5.866  5.768
3.807  3.738  3.761  3.818  3.714  3.638  3.664  4.060  3.584  3.829  3.632  3.829  3.970  3.850  3.738  3.611  3.584  3.584  3.807  3.738  3.829  3.795  3.584  3.684  3.784  3.584  3.714  3.611  3.555  3.434  3.497  4.127  3.784  3.605  3.584  3.738  3.714  3.664  3.578  3.611  3.638  3.761
5.442  5.421  5.464  5.549  5.663  5.541  5.412  5.476  5.409  5.553  5.557  5.541  5.568  5.489  5.735  5.382  5.476  5.511  5.606  5.624  5.606  5.557  5.460  5.549  5.247  5.273  5.325  5.249  5.268  5.226  5.297  5.288  5.345  5.303  5.338  5.420  5.356  5.493  5.483  5.519  5.303  5.338
3.912  3.932  3.989  3.951  4.187  4.025  3.970  4.890  3.908  3.989  3.912  3.932  4.127  3.892  4.078  3.918  3.829  4.025  4.143  4.025  3.892  3.807  4.025  4.304  3.985  3.867  3.807  3.912  3.784  4.013  3.861  4.007  4.007  4.263  3.807  3.932  4.043  3.928  3.892  3.807  3.807  3.912
4.557  4.290  4.511  4.500  4.603  4.543  4.522  4.554  4.466  4.745  4.475  4.454  4.663  4.644  4.913  4.533  4.533  4.533  4.771  4.605  4.691  4.590  4.690  4.673  4.382  4.304  4.443  4.357  4.428  4.452  4.644  4.663  4.615  4.875  4.820  4.820  4.663  4.511  4.413  4.382  4.554  4.500
5.288  5.283  5.347  5.389  5.366  5.429  5.236  5.389  5.247  5.366  5.231  5.324  5.434  5.339  5.602  5.251  5.313  5.308  5.360  5.533  5.509  5.361  5.283  5.342  5.190  5.182  5.231  5.124  5.075  5.112  5.293  5.303  5.416  5.416  5.407  5.460  5.318  5.298  5.389  5.247  5.342  5.421
