8.910  8.765  8.839  8.836  8.856  8.883  8.867  8.856  8.892  8.923  8.869  8.911  8.904  8.867  8.876  8.895  8.787  8.948  8.921  8.863  8.902  8.852  8.878  8.824  8.963  8.994  8.889  8.921  8.828  8.828  8.873  8.832  8.825  9.001  8.929  8.891  8.950  8.922  8.846  8.948  8.867  8.901
6.635  6.589  6.460  6.400  6.499  6.654  6.700  6.505  6.788  6.724  6.700  6.662  6.691  6.704  6.736  6.654  6.483  6.783  6.762  6.466  6.775  6.714  6.686  6.669  6.655  6.830  6.732  6.723  6.601  6.619  6.612  6.562  6.563  6.780  6.683  6.736  6.730  6.613  6.612  6.768  6.629  6.601
7.516  7.348  7.507  7.497  7.617  7.721  7.558  7.596  7.631  7.655  7.551  7.712  7.637  7.564  7.628  7.565  7.351  7.486  7.703  7.497  7.600  7.370  7.465  7.413  7.646  7.752  7.544  7.542  7.384  7.481  7.590  7.366  7.578  7.674  7.537  7.580  7.619  7.570  7.412  7.508  7.642  7.593
5.671  5.587  5.624  5.624  5.710  5.805  5.893  5.697  5.914  5.801  5.686  5.971  5.826  5.810  5.846  5.751  5.733  5.677  5.881  5.666  5.869  5.649  5.684  5.670  5.707  5.886  5.663  5.509  5.545  5.643  5.635  5.656  5.727  5.866  5.837  5.852  5.743  5.704  5.481  5.613  5.756  5.742
9.298  9.231  9.238  9.193  9.259  9.276  9.243  9.265  9.281  9.347  9.314  9.295  9.309  9.285  9.272  9.289  9.178  9.316  9.339  9.224  9.200  9.206  9.291  9.208  9.305  9.331  9.294  9.332  9.229  9.267  9.287  9.171  9.217  9.323  9.316  9.287  9.287  9.285  9.209  9.334  9.222  9.267
7.649  7.782  7.528  7.355  7.612  7.732  7.803  7.622  7.782  7.852  7.889  7.758  7.810  7.879  7.779  7.857  7.660  7.659  7.766  7.404  7.704  7.702  7.833  7.757  7.636  7.688  7.803  7.658  7.699  7.745  7.739  7.460  7.411  7.735  7.776  7.795  7.741  7.498  7.506  7.570  7.507  7.541
8.081  7.817  8.030  8.074  8.035  8.091  8.093  8.098  8.148  8.198  7.990  8.215  8.112  7.976  8.116  8.034  7.952  8.012  8.202  8.056  8.115  7.983  7.930  7.891  8.215  8.180  8.036  7.989  7.873  7.895  7.945  7.938  8.099  8.184  8.109  8.072  8.067  8.048  7.850  8.030  8.046  8.168
6.751  6.627  6.624  6.645  6.675  6.814  6.931  6.746  6.972  6.961  6.677  6.962  6.875  6.742  6.957  6.773  6.862  6.680  6.887  6.649  7.044  6.830  6.780  6.718  6.905  6.901  6.780  6.513  6.558  6.661  6.627  6.771  6.641  6.968  6.929  6.811  6.838  6.525  6.483  6.597  6.668  6.726
8.454  8.230  8.379  8.350  8.434  8.498  8.351  8.394  8.429  8.509  8.490  8.516  8.445  8.451  8.409  8.436  8.233  8.427  8.465  8.390  8.381  8.268  8.356  8.296  8.423  8.515  8.400  8.500  8.277  8.331  8.414  8.233  8.335  8.470  8.414  8.414  8.473  8.478  8.346  8.442  8.408  8.423
6.982  6.893  6.881  7.011  6.869  7.056  6.935  6.912  7.054  7.057  7.127  7.090  7.063  7.014  7.107  6.980  6.813  6.888  7.050  6.939  7.046  6.916  6.976  6.977  6.910  6.909  6.914  6.879  6.719  6.807  6.959  6.767  6.895  6.962  6.930  6.942  7.004  6.878  6.865  6.779  6.888  6.874
8.619  8.422  8.492  8.558  8.637  8.659  8.606  8.646  8.595  8.767  8.590  8.762  8.703  8.588  8.644  8.577  8.467  8.540  8.787  8.632  8.589  8.499  8.533  8.447  8.779  8.788  8.592  8.612  8.405  8.539  8.475  8.472  8.491  8.750  8.663  8.626  8.576  8.611  8.467  8.611  8.681  8.708
7.347  7.365  7.230  7.311  7.426  7.519  7.612  7.448  7.420  7.662  7.389  7.715  7.679  7.516  7.637  7.509  7.473  7.237  7.638  7.358  7.644  7.438  7.428  7.364  7.620  7.647  7.422  7.228  7.215  7.449  7.247  7.348  6.988  7.659  7.535  7.492  7.448  7.194  7.035  7.188  7.320  7.320
9.313  9.170  9.227  9.248  9.295  9.300  10.196  9.257  9.273  9.364  9.345  9.331  9.351  9.312  9.318  9.269  9.133  9.263  9.364  9.255  9.260  9.199  9.240  9.177  9.352  9.359  9.224  9.290  9.120  9.157  9.246  9.168  9.243  9.351  9.284  9.257  9.279  9.222  9.184  9.304  9.287  9.256
8.685  8.794  8.531  8.574  8.687  8.701  8.834  8.579  8.763  8.867  8.820  8.766  8.873  8.800  8.845  8.795  8.718  8.653  8.805  8.534  8.871  8.823  8.864  8.825  8.840  8.824  8.754  8.717  8.655  8.719  8.834  8.753  8.575  8.918  8.846  8.802  8.869  8.478  8.572  8.666  8.637  8.608
9.426  9.252  9.359  9.382  9.370  9.377  9.326  9.367  9.380  9.430  9.387  9.406  9.446  9.399  9.383  9.342  9.263  9.353  9.453  9.404  9.338  9.272  9.368  9.291  9.498  9.516  9.358  9.409  9.291  9.281  9.342  9.295  9.360  9.456  9.396  9.361  9.392  9.412  9.313  9.415  9.425  9.408
8.715  8.530  8.613  8.604  8.620  8.658  8.620  8.622  8.659  8.700  8.688  8.722  8.769  8.712  8.683  8.600  8.542  8.637  8.714  8.664  8.683  8.460  8.628  8.518  8.731  8.752  8.550  8.599  8.463  8.485  8.557  8.447  8.467  8.711  8.570  8.579  8.606  8.517  8.530  8.555  8.582  8.578
9.198  8.921  9.098  9.205  9.178  9.163  9.076  9.168  9.151  9.245  9.168  9.223  9.222  9.138  9.202  9.057  9.057  9.130  9.268  9.223  9.129  9.011  9.017  8.976  9.259  9.284  9.027  9.123  8.950  8.939  9.018  9.059  9.194  9.229  9.167  9.107  9.089  9.181  9.065  9.147  9.209  9.150
8.475  8.268  8.364  8.454  8.458  8.503  8.470  8.437  8.527  8.591  8.494  8.596  8.609  8.506  8.588  8.390  8.470  8.417  8.616  8.516  8.576  8.393  8.386  8.396  8.531  8.582  8.292  8.312  8.209  8.190  8.240  8.338  8.375  8.562  8.497  8.428  8.394  8.314  8.244  8.315  8.403  8.299
9.053  8.842  9.023  9.032  9.063  9.086  8.902  9.056  8.975  8.967  9.039  9.074  9.061  9.046  9.058  8.964  8.813  9.075  9.131  9.049  8.970  8.837  8.889  8.857  9.045  9.074  8.938  9.028  8.806  8.840  8.916  8.854  9.013  9.040  8.934  8.936  8.939  9.053  8.945  9.063  9.011  9.020
8.513  8.525  8.497  8.513  8.553  8.629  8.558  8.509  8.566  8.410  8.559  8.613  8.621  8.623  8.636  8.592  8.475  8.590  8.668  8.491  8.622  8.527  8.597  8.585  8.654  8.666  8.571  8.556  8.510  8.516  8.583  8.548  8.515  8.672  8.622  8.617  8.607  8.520  8.472  8.592  8.543  8.558
9.173  9.094  9.121  9.168  9.164  9.141  9.112  9.123  9.150  9.216  9.191  9.190  9.184  9.164  9.181  9.105  9.033  9.112  9.227  9.164  9.118  9.089  9.124  9.073  9.268  9.279  9.138  9.210  9.116  9.075  9.145  9.094  9.157  9.234  9.162  9.158  9.166  9.192  9.053  9.157  9.173  9.150
8.306  8.500  8.332  8.312  8.392  8.441  8.503  8.367  8.471  8.479  8.483  8.471  8.522  8.459  8.502  8.405  8.417  8.277  8.513  8.303  8.526  8.448  8.503  8.455  8.638  8.606  8.512  8.450  8.447  8.444  8.461  8.467  8.351  8.582  8.522  8.501  8.524  8.296  8.244  8.332  8.427  8.361
