4.511  4.205  4.394  4.357  4.143  4.454  4.277  4.111  4.407  4.174  4.344  4.277  4.304  4.317  6.550  4.317  4.263  4.290  4.248  4.344  4.297  4.382  4.277  4.466  4.382  4.220  4.156  4.220  4.099  4.127  4.174  4.234  4.382  4.304  4.111  4.500  4.205  4.344  4.159  4.317  3.932  3.784
4.956  4.682  4.794  4.787  4.710  4.832  4.942  4.595  4.898  4.771  4.929  4.718  4.726  4.699  6.292  4.754  4.766  4.773  4.754  4.699  4.605  4.762  4.762  4.920  4.635  4.434  4.554  4.668  4.481  4.543  4.682  4.570  4.717  4.605  4.727  4.595  4.771  4.806  4.625  4.726  4.290  4.140
4.344  4.295  4.220  4.277  4.205  4.248  4.317  4.263  4.174  4.401  4.301  4.304  4.593  4.331  4.344  4.284  4.263  4.174  4.354  4.277  4.376  4.277  4.108  4.419  4.060  4.159  4.174  4.060  4.248  4.111  4.127  4.260  4.205  4.143  4.159  4.127  4.078  4.108  4.094  4.174  4.016  4.248
4.779  4.595  4.644  4.489  4.615  4.564  4.575  4.620  4.635  4.710  4.489  4.749  4.673  4.443  4.644  4.543  4.466  4.673  4.644  4.564  4.654  4.554  4.466  4.625  4.407  4.331  4.344  4.543  4.317  4.419  4.317  4.382  4.466  4.443  4.500  4.466  4.382  4.527  4.575  4.500  4.220  4.382
4.331  4.043  4.277  4.127  4.171  4.159  4.127  4.202  4.205  4.317  4.171  4.174  4.394  4.394  4.304  4.253  4.094  4.151  4.382  4.331  4.220  4.040  4.127  4.234  4.060  4.043  3.932  4.135  3.871  4.043  4.007  4.127  4.060  4.074  4.190  4.025  4.205  4.060  4.086  4.174  3.892  4.025
4.605  4.382  4.419  4.533  4.431  4.440  4.745  4.533  4.615  4.673  4.486  4.543  4.820  4.419  4.673  4.341  4.369  4.419  4.593  4.564  4.673  4.466  4.477  4.522  4.382  4.419  4.344  4.174  4.290  4.263  4.348  4.369  4.419  4.443  4.443  4.443  4.454  4.477  4.317  4.290  4.331  4.500
4.344  4.277  4.301  4.135  4.317  4.277  4.159  4.290  4.127  4.466  4.248  4.382  4.369  4.234  4.407  4.212  4.025  4.234  4.328  4.434  4.234  4.127  4.220  4.317  4.040  4.094  4.127  4.124  4.094  4.127  4.127  3.970  4.143  4.174  4.025  4.159  4.057  4.127  4.135  4.277  3.970  4.304
3.951  3.689  3.888  3.951  3.951  3.892  3.932  3.829  3.784  3.970  3.738  3.892  4.007  3.989  4.004  3.871  3.912  3.888  4.007  4.007  4.060  3.850  3.871  3.951  3.757  3.733  3.892  3.664  3.780  3.750  3.850  3.689  3.850  3.928  3.871  3.738  3.807  3.951  3.850  3.871  3.689  4.043
4.159  4.174  3.989  4.025  4.078  4.143  4.127  4.171  4.007  4.190  4.220  4.007  4.159  4.094  4.304  3.970  4.007  4.007  4.078  4.277  4.159  4.043  4.111  4.111  3.967  3.912  4.007  4.031  3.970  3.989  4.159  4.625  4.111  3.932  4.007  4.043  3.928  3.970  3.928  3.932  3.951  3.892
3.989  4.004  3.947  4.007  3.951  3.951  3.932  3.947  4.111  4.194  4.025  3.970  4.143  4.078  4.190  4.066  3.892  3.871  4.116  3.989  4.277  4.007  4.094  4.190  3.784  3.689  3.871  3.938  3.605  3.989  4.094  4.025  3.912  3.947  4.013  3.912  3.932  3.871  3.795  3.892  3.757  3.989
4.741  4.357  4.369  4.644  4.489  5.347  4.868  4.431  4.927  4.727  4.654  4.745  4.489  4.559  4.511  4.583  4.274  4.290  4.595  4.443  4.394  4.159  4.344  4.522  5.175  4.615  4.407  4.745  4.691  4.500  4.373  4.796  4.224  4.890  4.870  4.575  4.263  4.094  4.248  4.248  4.431  4.419
4.762  4.605  4.736  4.498  4.708  4.762  4.644  4.804  4.916  4.913  4.828  4.860  4.654  4.762  4.913  4.642  4.663  4.682  4.654  4.673  4.815  4.575  4.756  4.760  4.905  4.543  4.708  4.605  4.431  4.575  4.516  4.710  4.522  4.787  4.875  4.700  4.541  4.477  4.625  4.511  4.543  4.394
5.193  4.860  5.170  5.303  5.181  5.024  5.030  5.013  4.890  5.176  5.124  5.152  5.136  5.108  5.246  4.816  4.927  4.973  5.159  5.182  5.030  4.999  4.852  4.933  4.913  4.812  4.718  4.745  4.703  4.777  4.990  4.887  5.043  4.949  4.920  4.883  4.796  4.949  5.017  4.913  4.860  4.942
5.247  4.959  5.100  5.170  5.056  5.075  5.124  5.111  5.063  5.242  5.069  5.198  5.187  5.142  5.170  4.979  4.977  5.050  5.263  5.153  5.242  5.069  4.927  5.124  5.069  4.972  5.050  4.852  4.575  4.745  5.108  5.004  5.124  5.063  5.011  4.961  5.045  5.056  4.905  5.061  4.947  4.977
6.014  5.699  6.012  5.802  6.073  6.092  5.981  5.986  6.036  6.258  6.014  6.127  6.101  5.893  6.047  5.919  5.709  5.947  6.165  5.999  6.049  5.864  5.656  5.858  5.826  5.901  5.829  5.802  5.659  5.792  5.694  5.898  5.927  5.924  6.057  5.966  5.826  5.875  5.994  5.913  5.793  5.900
6.431  6.131  6.313  6.168  6.410  6.404  6.372  6.297  6.433  6.594  6.455  6.562  6.451  6.360  6.515  6.295  6.215  6.377  6.471  6.228  6.434  6.319  6.290  6.328  6.277  6.378  6.358  6.269  6.182  6.238  6.288  6.269  6.252  6.405  6.372  6.367  6.257  6.284  6.308  6.319  6.188  6.280
4.043  3.998  4.060  4.111  4.083  3.932  4.043  3.888  3.970  4.007  3.970  3.892  4.159  4.060  4.174  3.970  3.871  3.784  4.060  4.308  4.111  3.932  3.976  4.094  3.807  3.784  3.932  3.664  3.738  3.829  3.829  3.912  4.094  3.807  3.850  3.888  3.829  3.892  3.932  3.807  3.761  3.989
3.784  3.689  4.111  3.850  3.998  3.912  3.871  3.850  3.928  4.111  4.007  4.025  4.220  4.034  4.111  3.867  3.784  3.738  4.043  4.227  3.989  3.892  3.882  4.007  3.664  3.850  3.738  3.738  3.434  3.807  3.795  3.871  3.871  3.807  3.970  3.850  3.738  3.784  3.850  3.912  3.846  3.829
4.691  4.727  4.682  4.765  4.652  4.644  4.663  4.690  4.640  4.779  4.654  4.691  4.890  4.847  4.812  4.625  4.625  4.635  4.836  4.890  5.011  4.766  4.754  4.804  4.552  4.477  4.522  4.500  4.533  4.635  4.673  4.812  4.710  4.585  4.673  4.727  4.554  4.710  4.585  4.543  4.486  4.700
5.088  4.990  5.182  5.162  5.099  5.112  4.924  5.169  4.875  5.162  4.963  5.088  5.215  5.043  5.217  4.927  5.088  5.011  5.252  5.241  5.303  5.120  5.081  5.257  4.905  4.756  4.868  4.812  4.787  4.898  5.004  5.045  5.147  4.984  5.071  4.982  4.942  5.145  5.024  5.159  4.879  5.099
4.875  4.440  4.787  4.635  4.691  4.762  4.652  4.710  4.718  4.682  4.682  4.644  4.727  4.745  4.905  4.454  4.477  4.489  4.927  4.949  4.812  4.875  4.554  4.820  4.623  4.564  4.700  4.699  4.440  4.595  4.647  4.852  4.796  4.820  4.804  4.595  4.477  4.700  4.644  4.710  4.673  4.718
4.376  4.094  4.613  4.404  4.220  4.220  4.344  4.304  4.290  4.522  4.248  4.527  4.454  4.331  4.443  4.256  4.248  4.220  4.382  4.489  4.357  4.263  4.263  4.335  4.357  4.159  4.304  4.434  3.970  4.111  4.290  4.533  4.304  4.205  4.511  4.290  4.205  4.190  4.277  4.108  4.277  4.220
