4.321  4.263  4.220  4.290  4.290  4.127  4.174  4.205  4.317  4.404  4.078  4.324  4.357  4.127  4.328  4.190  4.043  4.025  4.277  4.369  4.304  4.357  4.248  4.220  4.331  4.407  4.454  4.290  4.538  4.575  4.043  4.078  4.331  4.143  4.220  4.025  4.078  4.124  4.007  4.078  4.111  4.290
4.094  3.912  4.025  4.091  4.043  3.912  3.970  4.007  4.094  4.060  3.850  4.040  4.111  3.912  4.174  3.970  3.850  4.025  4.159  4.127  3.985  3.951  3.871  3.970  3.829  3.850  3.850  3.829  3.592  3.784  3.784  3.714  3.998  3.861  3.989  4.127  3.738  3.947  4.025  3.871  3.829  4.025
5.466  5.069  5.272  5.244  5.124  5.252  5.323  5.209  5.337  5.407  5.303  5.341  5.313  5.231  5.357  5.252  5.135  5.198  5.252  5.187  5.328  5.242  5.136  5.204  5.275  5.193  5.050  5.030  4.920  5.037  5.063  5.036  5.100  5.182  5.231  5.075  5.069  5.145  5.164  5.100  5.037  5.283
4.765  4.454  4.585  4.533  4.466  4.605  4.754  4.710  4.511  4.796  4.554  4.769  4.736  4.654  4.736  4.466  4.466  4.511  4.603  4.605  4.543  4.522  4.431  4.466  4.533  4.394  4.419  4.328  4.304  4.394  4.284  4.220  4.477  4.623  4.511  4.369  4.394  4.454  4.431  4.394  4.290  4.509
5.007  4.977  4.883  4.868  4.963  4.883  5.075  4.997  4.949  5.078  4.927  4.905  5.055  5.004  5.106  4.984  4.874  4.997  5.043  4.977  5.004  4.779  4.860  4.905  4.745  4.691  4.836  4.808  4.710  4.804  4.860  4.997  4.745  4.804  4.942  4.984  4.883  4.827  4.700  4.836  4.754  4.844
4.635  4.595  4.511  4.477  4.543  4.516  4.419  4.533  4.522  4.630  4.522  4.628  4.431  4.585  4.673  4.635  4.605  4.511  4.575  4.654  4.522  4.394  4.603  4.567  4.443  4.382  4.407  4.174  4.344  4.498  4.454  4.290  4.431  4.331  4.369  4.538  4.454  4.256  4.394  4.386  4.407  4.317
4.920  4.883  4.796  4.913  4.934  5.106  4.947  4.883  5.105  4.997  5.030  5.071  5.024  5.075  5.112  4.811  4.806  4.836  5.055  4.890  5.173  4.949  4.796  5.170  4.812  4.771  4.812  4.787  4.668  4.794  4.815  4.920  4.911  4.779  4.927  4.898  4.820  4.673  4.875  4.727  4.883  4.844
4.635  4.520  4.625  4.585  4.595  4.783  4.765  4.500  4.690  4.812  4.543  4.796  4.727  4.662  4.806  4.522  4.600  4.549  4.734  4.691  4.963  4.605  4.585  4.739  4.443  4.522  4.533  4.543  4.367  4.710  4.671  4.554  4.443  4.489  4.663  4.691  4.771  4.394  4.511  4.394  4.522  4.575
4.710  4.369  4.466  4.410  4.595  4.500  4.575  4.407  4.605  4.796  4.605  4.564  4.605  4.564  4.625  4.489  4.331  4.477  4.533  4.543  4.745  4.489  4.514  4.522  4.382  4.248  4.392  4.382  4.260  4.238  4.357  4.277  4.369  4.454  4.382  4.500  4.454  4.369  4.419  4.297  4.304  4.354
4.174  4.078  4.074  4.111  4.057  4.007  4.111  4.078  4.205  4.388  4.127  4.248  4.143  4.263  4.290  3.989  4.007  4.205  4.057  4.301  4.317  4.159  4.248  4.159  3.918  4.025  4.004  4.057  3.835  4.069  4.111  4.025  4.116  4.060  4.140  4.124  3.970  3.989  4.007  3.989  3.951  4.135
4.856  4.623  4.787  4.883  4.844  4.700  4.625  4.796  4.796  5.037  4.710  4.949  4.933  4.787  4.949  4.762  4.690  4.827  4.927  4.881  4.786  4.723  4.745  4.736  4.663  4.477  4.585  4.625  4.511  4.522  4.736  4.771  4.758  4.682  4.727  4.691  4.694  4.804  4.682  4.605  4.771  4.762
5.489  5.293  5.484  5.543  5.425  5.464  5.353  5.491  5.509  5.568  5.472  5.594  5.493  5.464  5.624  5.283  5.298  5.352  5.541  5.537  5.490  5.366  5.371  5.412  5.290  5.283  5.204  5.246  5.170  5.324  5.338  5.263  5.556  5.313  5.247  5.347  5.297  5.394  5.342  5.218  5.252  5.421
3.970  4.007  4.127  4.205  4.034  4.159  4.074  4.043  4.205  4.094  4.025  4.043  4.205  4.159  4.290  3.951  3.989  4.060  4.094  4.111  4.290  4.190  4.060  4.159  3.989  3.784  3.970  3.892  3.664  3.892  3.912  3.942  4.127  3.867  3.912  4.043  3.912  4.007  4.007  3.932  3.761  4.034
3.892  4.007  3.951  4.301  4.043  4.007  4.025  3.932  3.970  4.094  3.784  3.970  4.127  4.156  4.382  3.807  3.738  3.892  4.078  4.111  4.143  4.025  4.007  4.108  3.850  3.584  3.951  3.689  3.807  3.867  3.912  3.912  4.091  3.807  3.970  3.824  3.892  3.912  3.967  3.989  3.932  3.918
4.290  4.164  4.202  4.263  4.357  4.156  4.234  4.263  4.111  4.428  4.135  4.288  4.492  4.431  4.533  4.127  4.190  4.205  4.328  4.304  4.407  4.220  4.060  4.227  4.174  4.267  4.143  4.078  4.025  4.127  4.202  4.260  4.304  4.159  4.248  4.205  4.234  4.132  4.078  4.048  4.190  4.297
4.369  4.419  4.331  4.431  4.331  4.369  4.595  4.386  4.382  4.514  4.522  4.443  4.583  4.543  4.654  4.443  4.481  4.317  4.489  4.533  4.771  4.543  4.380  4.562  4.367  4.413  4.344  4.143  4.127  4.174  4.382  4.357  4.431  4.481  4.382  4.489  4.260  4.344  4.205  4.341  4.263  4.464
4.205  4.143  4.094  4.220  4.057  4.060  4.205  4.052  4.350  4.220  4.043  4.127  4.159  4.060  4.267  4.274  4.127  4.190  4.231  4.263  4.373  4.171  4.127  4.174  4.060  3.892  4.086  3.871  4.060  3.850  3.892  4.281  4.143  4.111  4.344  4.238  4.274  4.124  4.091  3.829  4.052  4.016
5.094  4.961  5.037  5.186  5.102  5.043  4.949  5.075  5.138  5.244  5.047  5.129  5.176  5.069  5.185  5.096  5.106  5.004  5.130  5.278  5.173  5.112  5.004  5.187  4.890  5.017  5.004  4.852  5.081  4.902  4.956  5.055  4.942  5.011  5.130  5.056  4.997  5.063  4.984  4.927  4.970  4.920
5.130  5.153  5.204  5.250  5.100  5.176  5.124  5.063  5.225  5.252  5.176  5.130  5.361  5.250  5.402  5.094  4.997  5.136  5.375  5.421  5.384  5.193  5.236  5.288  5.027  4.989  5.011  4.949  4.824  4.852  5.075  5.069  5.100  5.043  5.088  5.204  5.102  5.094  5.030  4.963  5.050  5.088
4.234  4.317  4.174  4.419  4.277  4.290  4.263  4.248  4.143  4.304  4.304  4.500  4.419  4.290  4.431  4.190  4.248  4.220  4.575  4.509  4.668  4.341  4.159  4.398  4.111  4.304  4.231  4.357  4.022  4.094  4.111  4.174  4.331  4.260  4.263  4.317  4.174  4.202  4.127  4.304  4.159  4.277
5.069  4.864  4.893  4.947  4.905  5.027  4.874  4.840  4.920  5.053  4.952  5.011  5.063  4.924  5.011  4.812  4.922  4.989  4.956  4.954  4.934  4.745  4.811  4.927  4.734  4.775  4.758  4.828  4.754  4.820  4.828  4.819  4.920  4.896  4.787  4.844  4.749  4.820  4.898  4.844  4.694  4.685
4.836  4.828  4.811  4.802  4.862  4.871  4.575  4.827  4.919  4.902  4.673  4.866  4.927  4.835  4.913  4.727  4.777  4.877  4.947  4.938  4.934  4.736  4.905  4.927  4.635  4.779  4.866  4.727  4.608  4.694  4.691  4.828  4.847  4.721  4.852  4.734  4.773  4.779  4.820  4.691  4.635  4.812
