4.078  4.025  4.234  4.074  4.151  4.224  4.078  4.317  4.311  4.256  4.248  4.241  4.290  4.288  4.331  4.290  4.060  4.159  4.171  4.354  4.277  4.174  4.094  4.043  3.989  4.025  4.078  4.007  3.850  4.060  4.212  4.140  4.078  4.043  4.043  4.159  4.031  4.148  3.989  4.111  4.025  4.043
4.682  4.625  4.717  4.605  4.605  4.710  4.736  4.745  4.727  4.792  4.815  4.708  4.844  4.804  4.839  4.804  4.615  4.610  4.771  4.858  4.868  4.585  4.649  4.745  4.635  4.477  4.511  4.394  4.382  4.500  4.533  4.691  4.708  4.554  4.654  4.533  4.652  4.644  4.633  4.357  4.615  4.605
4.533  4.407  4.575  4.552  4.489  4.533  4.615  4.522  4.605  4.525  4.477  4.691  4.875  4.522  4.718  4.615  4.533  4.575  4.816  4.654  4.710  4.820  4.554  4.492  4.575  4.663  4.554  4.357  4.407  4.481  4.431  4.477  4.585  4.538  4.503  4.454  4.331  4.564  4.477  4.477  4.357  4.511
4.557  4.533  4.472  4.564  4.522  4.466  4.564  4.419  4.585  4.644  4.331  4.644  4.677  4.503  4.585  4.344  4.533  4.407  4.644  4.608  4.635  4.625  4.543  4.500  4.585  4.562  4.341  4.205  4.220  4.246  4.382  4.407  4.533  4.525  4.454  4.344  4.419  4.500  4.317  4.466  4.425  4.477
4.557  4.344  4.511  4.500  4.472  4.431  4.437  4.416  4.615  4.652  4.452  4.598  4.663  4.500  4.498  4.331  4.419  4.331  4.585  4.700  4.543  4.344  4.443  4.481  4.477  4.564  4.394  4.290  4.248  4.290  4.174  4.357  4.431  4.357  4.454  4.407  4.407  4.348  4.369  4.331  4.277  4.431
4.905  4.615  4.736  4.749  4.883  4.564  4.736  4.644  4.762  4.866  4.714  4.860  4.787  4.691  4.804  4.710  4.836  4.564  4.990  4.852  4.844  4.820  4.691  4.783  4.718  4.835  4.500  4.431  4.466  4.644  4.580  4.710  4.875  4.700  4.754  4.623  4.691  4.615  4.603  4.527  4.613  4.726
5.663  5.595  5.531  5.557  5.609  5.714  5.563  5.517  5.628  5.557  5.447  5.176  5.710  5.663  5.755  5.493  5.549  5.549  5.594  5.609  5.631  5.540  5.607  5.684  5.338  5.384  5.451  5.323  5.342  5.359  5.472  5.451  5.394  5.527  5.511  5.564  5.505  5.525  5.474  5.425  5.451  5.529
4.875  4.736  4.868  4.736  4.812  4.762  4.717  4.754  4.754  4.762  4.758  4.357  4.905  4.820  4.942  4.771  4.942  4.736  4.852  4.844  4.970  4.860  4.815  4.965  4.654  4.500  4.682  4.734  4.562  4.600  4.766  4.718  4.691  4.727  4.796  4.745  4.812  4.564  4.754  4.630  4.691  4.663
5.352  5.357  5.147  5.252  5.361  5.525  5.268  5.215  5.412  5.400  5.133  5.347  5.462  5.505  5.541  5.268  5.086  5.366  5.425  5.318  5.347  5.165  5.302  5.215  5.187  5.247  5.303  5.303  5.045  5.212  5.380  5.170  5.100  5.220  5.215  5.303  5.384  5.241  5.707  5.322  5.069  5.124
5.549  5.325  5.442  5.434  5.539  5.398  5.312  5.509  5.352  5.464  5.043  5.513  5.606  5.394  5.602  5.359  5.308  5.412  5.501  5.472  5.447  5.416  5.505  5.438  5.225  5.204  5.333  5.308  5.136  5.252  5.421  5.263  5.312  5.371  5.347  5.425  5.394  5.416  5.247  5.491  5.288  5.375
5.790  5.402  5.457  5.323  5.493  5.602  5.358  5.537  5.671  5.808  5.669  5.775  5.827  5.649  5.638  5.483  5.328  5.759  5.572  5.485  5.395  5.349  5.398  5.485  5.413  5.634  5.320  5.460  5.268  5.288  5.400  5.231  5.292  5.472  5.375  5.411  5.429  5.505  5.583  5.546  5.303  5.499
4.382  4.187  4.317  4.111  4.263  4.263  4.205  4.111  4.159  4.431  4.190  4.295  4.458  4.554  4.394  4.174  4.234  4.179  4.205  4.357  4.431  4.043  4.205  4.394  4.132  4.248  4.227  3.970  4.277  4.119  4.220  4.078  4.078  4.094  4.224  4.263  4.143  4.274  4.263  4.205  3.932  4.060
6.146  6.116  6.026  5.951  6.152  6.172  5.930  6.021  5.905  6.288  6.182  6.186  6.260  6.172  6.231  6.061  5.875  5.708  6.040  5.958  5.790  5.859  6.084  5.900  6.050  5.900  5.984  6.114  5.854  5.908  6.019  5.793  5.940  6.038  5.932  6.073  6.011  6.242  6.183  6.159  5.799  5.948
4.754  4.852  4.673  4.754  4.644  4.710  4.804  4.652  4.615  4.820  4.762  4.796  4.875  4.752  4.942  4.786  4.663  4.454  4.745  4.787  4.779  4.956  4.727  4.787  4.605  4.554  4.603  4.595  4.431  4.700  4.595  4.657  4.745  4.554  4.820  4.854  4.727  4.691  4.844  4.691  4.522  4.640
6.001  5.903  5.929  5.834  5.914  5.991  5.911  5.930  5.914  5.964  5.905  5.981  6.030  5.991  5.989  5.852  5.792  6.038  5.991  5.941  5.965  5.852  5.914  5.851  5.886  5.943  5.908  5.899  5.740  5.855  5.875  5.838  5.919  5.994  5.826  5.935  5.936  5.966  5.693  5.920  5.908  6.014
4.682  4.654  4.564  4.654  4.489  4.654  4.477  4.533  4.603  4.673  4.812  4.802  4.736  4.868  4.848  4.573  4.564  4.554  4.605  4.700  4.710  4.615  4.500  4.836  4.552  4.554  4.431  4.530  4.500  4.522  4.543  4.635  4.610  4.603  4.575  4.673  4.489  4.505  4.382  4.500  4.525  4.593
4.741  4.452  4.562  4.554  4.603  4.644  4.610  4.691  4.762  4.705  4.583  4.663  4.804  4.657  4.662  4.554  4.522  4.687  4.752  4.691  4.700  4.533  4.511  4.533  4.605  4.771  4.543  4.654  4.369  4.533  4.331  4.511  4.500  4.644  4.552  4.533  4.511  4.543  4.500  4.500  4.585  4.654
4.094  3.850  3.989  3.850  4.043  3.912  3.932  4.007  4.078  4.174  3.784  4.007  4.094  3.985  4.190  4.025  4.127  3.912  4.025  4.091  4.025  3.998  3.850  3.970  4.111  3.951  4.094  3.912  3.757  3.932  3.871  3.871  4.007  3.908  3.912  4.127  3.761  3.871  3.738  3.850  3.908  4.043
5.257  5.118  5.136  5.071  5.201  5.203  5.153  5.303  5.085  5.286  5.204  5.249  5.318  5.231  5.256  5.273  4.954  5.211  5.293  5.283  5.130  5.086  5.168  5.215  4.942  4.977  5.168  5.069  4.949  5.136  5.056  4.956  5.100  5.011  5.063  5.147  4.947  5.250  5.209  5.086  5.142  5.100
4.317  4.246  4.248  4.407  4.369  4.304  4.317  4.489  4.357  4.437  4.382  4.466  4.603  4.419  4.635  4.324  4.344  4.443  4.533  4.603  4.394  4.315  4.398  4.554  4.263  4.407  4.094  4.190  4.143  4.190  4.220  4.190  4.454  4.317  4.304  4.248  4.220  4.392  4.394  4.205  4.263  4.344
5.598  5.176  5.587  5.661  5.529  5.587  5.375  5.525  5.541  5.700  5.493  5.576  5.489  5.580  5.572  5.285  5.313  5.580  5.768  5.802  5.561  5.371  5.464  5.317  5.468  5.451  5.308  5.398  5.030  5.338  5.361  5.329  5.613  5.545  5.525  5.379  5.303  5.493  5.457  5.335  5.493  5.633
5.645  5.461  5.580  5.749  5.710  5.684  5.529  5.573  5.700  5.714  5.609  5.656  5.652  5.666  5.858  5.507  5.471  5.638  5.863  5.817  5.808  5.598  5.606  5.630  5.720  5.645  5.407  5.565  5.318  5.464  5.513  5.613  5.710  5.817  5.829  5.656  5.563  5.649  5.568  5.525  5.624  5.624
