4.337  3.951  4.111  4.094  4.025  4.060  4.111  3.951  4.094  4.190  3.989  4.007  4.171  4.217  3.951  4.234  4.022  4.060  4.159  4.127  4.174  4.127  4.013  4.174  3.989  3.912  3.951  3.951  3.780  4.013  3.998  3.850  4.135  3.912  3.989  4.043  4.025  3.932  3.892  3.871  3.892  4.108
3.892  3.892  3.928  3.980  4.060  3.989  3.850  4.069  4.060  3.970  3.871  3.970  4.094  4.111  4.143  4.143  3.985  3.932  4.060  4.174  4.190  4.043  3.951  4.025  3.892  3.784  3.892  3.951  3.689  3.807  3.867  3.835  3.761  3.867  3.824  3.892  4.078  3.902  3.892  3.829  3.761  3.761
4.595  4.394  4.762  4.489  4.454  4.454  4.407  4.533  4.466  4.500  4.452  4.500  4.644  4.475  4.511  4.304  4.277  4.335  4.466  4.522  4.428  4.419  4.331  4.431  4.304  4.094  4.241  4.248  4.277  4.317  4.419  4.277  4.295  4.234  4.317  4.357  4.260  4.394  4.234  4.151  4.174  4.419
4.745  4.489  4.595  4.644  4.625  4.554  4.654  4.710  4.573  4.736  4.554  4.605  4.625  4.680  4.682  4.610  4.304  4.603  4.613  4.564  4.673  4.527  4.404  4.564  4.562  4.575  4.454  4.317  4.331  4.407  4.489  4.369  4.492  4.554  4.498  4.564  4.443  4.575  4.562  4.522  4.344  4.552
4.852  4.564  4.694  4.749  4.769  4.691  4.677  4.549  4.533  4.852  4.552  4.564  4.898  4.654  4.905  4.477  4.466  4.642  4.820  4.745  4.802  4.625  4.673  4.710  4.522  4.615  4.380  4.454  4.419  4.331  4.454  4.367  4.570  4.564  4.570  4.530  4.575  4.844  4.543  4.407  4.466  4.635
4.779  4.516  4.654  4.477  4.644  4.494  4.654  4.522  4.727  4.736  4.644  4.700  4.783  4.710  4.828  4.690  4.538  4.640  4.727  4.736  4.710  4.543  4.543  4.570  4.419  4.575  4.500  4.500  4.094  4.331  4.382  4.341  4.454  4.407  4.413  4.498  4.382  4.369  4.585  4.533  4.407  4.454
5.666  5.568  5.463  5.489  5.545  5.663  5.639  5.485  5.589  5.841  5.737  5.696  5.679  5.515  5.694  5.553  5.537  5.580  5.617  5.596  5.736  5.663  5.624  5.883  5.347  5.479  5.521  5.468  5.361  5.574  5.598  5.434  5.361  5.517  5.613  5.561  5.521  5.493  5.587  5.429  5.342  5.429
5.825  5.687  5.580  5.620  5.620  5.623  5.651  5.521  5.652  5.948  5.852  5.717  5.765  5.649  5.768  5.666  5.553  5.624  5.659  5.555  5.735  5.714  5.796  5.802  5.407  5.434  5.580  5.651  5.455  5.517  5.699  5.572  5.505  5.572  5.687  5.707  5.650  5.548  5.649  5.525  5.398  5.398
6.002  5.525  5.846  5.953  5.796  5.785  5.855  5.999  5.943  6.148  5.938  6.021  6.040  5.784  5.943  5.697  5.894  5.624  6.078  6.057  6.052  5.799  5.704  5.795  5.826  5.714  5.717  5.684  5.425  5.689  5.746  5.765  5.897  5.970  5.919  5.814  5.781  5.918  5.825  5.704  5.733  5.820
6.182  5.932  6.136  6.138  6.059  6.016  6.198  6.168  6.165  6.370  6.288  6.312  6.277  6.136  6.205  6.016  6.122  6.075  6.261  6.299  6.284  6.103  6.203  6.104  6.096  6.016  5.996  5.981  5.900  5.930  5.944  6.051  6.107  6.109  6.136  6.061  6.109  6.096  6.138  6.011  5.999  6.042
4.331  4.317  4.394  4.394  4.357  4.419  4.209  4.301  4.290  4.407  4.335  4.407  4.505  4.369  4.543  4.212  4.159  4.248  4.382  4.498  4.419  4.392  4.407  4.248  4.174  4.174  4.111  4.304  4.111  4.022  4.431  4.156  4.277  4.295  4.248  4.331  4.234  4.337  4.263  4.205  4.290  4.304
3.970  3.951  3.932  3.951  3.951  3.829  3.784  3.850  4.025  4.004  3.871  3.989  4.205  4.220  4.111  3.989  3.989  3.932  3.871  3.989  4.078  3.902  4.007  3.989  3.714  3.664  3.761  3.877  3.738  3.761  3.967  3.995  4.022  3.967  3.846  3.871  3.912  3.892  3.985  3.689  3.892  3.912
5.583  5.407  5.442  5.412  5.434  5.549  5.505  5.521  5.529  5.756  5.540  5.652  5.730  5.620  5.553  5.398  5.472  5.322  5.557  5.549  5.537  5.529  5.529  5.529  5.429  5.501  5.416  5.460  5.327  5.283  5.421  5.468  5.468  5.476  5.466  5.591  5.476  5.412  5.434  5.342  5.434  5.423
4.671  4.663  4.564  4.644  4.691  4.475  4.673  4.630  4.615  4.754  4.691  4.654  4.804  4.718  4.920  4.489  4.673  4.522  4.677  4.762  4.828  4.635  4.520  4.615  4.600  4.585  4.533  4.428  4.500  4.564  4.530  4.585  4.605  4.615  4.712  4.500  4.511  4.644  4.509  4.477  4.466  4.554
5.170  4.956  5.130  5.234  4.498  5.165  5.112  5.124  5.311  5.307  5.142  5.313  5.288  5.118  5.308  5.047  4.997  5.185  5.252  5.333  5.170  5.056  5.093  5.204  5.006  5.050  5.146  5.030  5.009  4.952  4.945  4.883  5.146  5.118  5.185  5.159  5.088  4.879  5.118  5.059  5.004  5.096
5.209  5.204  5.063  5.206  4.522  5.215  5.094  4.977  5.302  5.285  5.088  5.096  5.278  5.036  5.403  5.056  5.063  5.165  5.152  5.264  5.220  5.088  5.153  5.231  4.984  5.024  5.043  4.893  4.984  5.024  4.920  4.977  5.257  5.257  5.295  5.146  5.043  4.927  5.003  4.986  4.982  5.085
3.611  3.605  3.807  3.526  3.664  3.611  3.584  3.738  3.839  3.689  3.638  3.555  3.738  3.761  3.824  3.714  3.638  3.664  3.738  3.802  3.850  3.761  3.555  3.684  3.584  3.497  3.638  3.555  3.526  3.526  3.605  3.497  3.664  3.555  3.555  3.658  3.434  3.434  3.526  3.638  3.592  3.466
3.611  3.584  3.584  3.584  3.555  3.611  3.555  3.526  3.555  3.714  3.671  3.555  3.726  3.757  3.908  3.689  3.689  3.638  3.714  3.867  3.761  3.578  3.497  3.664  3.584  3.584  3.584  3.434  3.497  3.497  3.584  3.638  3.689  3.555  3.526  3.584  3.689  3.497  3.584  3.526  3.638  3.638
3.664  3.664  3.584  3.611  3.584  3.638  3.638  3.401  3.664  3.738  3.459  3.664  3.658  3.684  3.761  3.555  3.645  3.555  3.638  3.784  3.658  3.701  3.676  3.738  3.526  3.611  3.624  3.434  3.332  3.664  3.466  3.526  3.611  3.497  3.526  3.526  3.632  3.638  3.466  3.664  3.434  3.638
3.824  3.761  3.757  3.664  3.829  3.664  3.584  3.714  3.850  3.912  3.761  3.784  3.850  3.888  3.970  3.689  3.818  3.784  3.807  4.007  3.912  3.807  3.714  3.850  3.611  3.611  3.466  3.689  3.584  3.578  3.497  3.714  3.829  3.526  3.738  3.761  3.784  3.714  3.684  3.738  3.807  3.738
4.700  4.522  4.644  4.745  4.580  4.593  4.552  4.736  4.663  4.691  4.520  4.812  4.913  4.710  4.804  4.494  4.575  4.554  4.736  4.997  4.691  4.710  4.522  4.654  4.635  4.644  4.635  4.615  4.277  4.489  4.511  4.605  4.727  4.654  4.727  4.635  4.454  4.654  4.575  4.564  4.727  4.771
4.317  4.248  4.331  4.477  4.246  4.263  4.179  4.324  4.304  4.220  4.220  4.317  4.317  4.357  4.431  4.174  4.220  4.127  4.440  4.605  4.477  4.304  4.007  4.248  4.382  4.174  4.094  4.043  3.989  4.025  4.174  4.304  4.394  4.202  4.304  4.290  4.111  4.382  4.263  4.290  4.190  4.159
