5.736  5.746  5.672  5.704  5.693  5.822  5.924  5.827  5.849  6.023  5.836  5.817  5.886  5.823  5.844  5.814  5.746  5.561  5.932  5.748  5.892  5.966  5.775  5.825  5.778  5.780  5.746  5.652  5.638  5.857  5.710  5.710  5.513  5.787  6.027  5.817  5.826  5.694  5.629  5.680  5.701  5.814
5.572  5.731  5.513  5.517  5.568  5.670  5.976  5.771  5.811  5.986  5.767  5.838  5.710  5.733  5.779  5.704  5.714  5.511  5.890  5.583  6.052  5.870  5.784  5.732  5.749  5.765  5.752  5.541  5.642  5.839  5.656  5.687  5.624  5.849  6.021  5.712  5.759  5.545  5.606  5.549  5.545  5.652
4.866  4.773  4.898  4.984  4.934  4.875  4.874  5.011  4.949  4.934  4.743  4.920  4.956  4.949  4.997  4.827  4.844  4.898  5.106  4.970  5.063  4.828  4.726  4.802  4.779  4.852  4.691  4.623  4.489  4.522  4.745  4.836  4.934  4.875  4.796  4.726  4.673  4.804  4.754  4.585  4.836  4.687
5.047  4.762  4.963  4.970  4.836  4.844  4.828  4.796  4.883  4.894  4.836  4.982  4.852  4.980  4.980  4.727  4.868  4.727  5.004  4.938  5.118  4.940  4.816  4.779  4.949  4.723  4.654  4.559  4.615  4.605  4.603  4.820  4.883  4.898  4.883  4.800  4.699  4.919  4.796  4.575  4.718  4.933
4.304  4.007  4.357  4.007  4.331  4.304  4.190  4.205  4.220  4.290  4.060  4.263  4.301  4.331  4.443  4.143  4.187  4.127  4.246  4.143  4.241  4.328  4.159  3.970  4.094  4.078  4.217  4.094  3.733  4.007  4.007  4.060  3.970  4.124  4.094  4.078  4.159  4.190  4.156  3.947  3.989  4.094
4.644  4.248  4.419  4.475  4.585  4.511  4.382  4.647  4.443  4.615  4.511  4.625  4.852  4.659  4.663  4.431  4.454  4.407  4.554  4.533  4.583  4.407  4.413  4.407  4.263  4.304  4.317  4.369  4.290  4.466  4.407  4.489  4.317  4.401  4.431  4.394  4.277  4.431  4.466  4.394  4.344  4.344
4.048  3.784  4.007  4.111  4.078  3.989  3.932  4.094  3.985  4.290  4.094  4.159  4.304  4.231  4.284  4.007  3.892  4.111  4.025  4.248  4.174  3.989  4.043  3.932  3.989  3.970  3.989  3.892  3.871  4.060  3.932  3.829  4.111  4.190  3.970  3.912  3.882  4.094  3.871  4.205  3.807  3.846
3.846  3.970  3.850  4.043  3.761  3.638  4.007  3.850  4.190  4.025  3.970  4.007  4.159  3.970  4.143  3.932  3.932  3.942  3.961  4.060  4.025  3.928  3.951  4.040  3.932  3.951  3.738  3.761  3.784  3.829  3.892  3.947  3.951  3.951  3.824  3.829  3.932  3.807  3.714  3.689  3.784  4.048
5.576  5.368  5.645  5.505  5.583  5.595  5.513  5.476  5.645  5.784  5.672  5.670  5.645  5.533  5.717  5.342  5.375  5.663  5.568  5.533  5.655  5.572  5.525  5.642  5.366  5.193  5.381  5.464  5.215  5.434  5.553  5.268  5.497  5.380  5.451  5.468  5.529  5.460  5.493  5.509  5.288  5.433
5.118  4.890  5.094  5.030  4.963  5.112  4.905  4.970  5.043  5.043  5.102  5.094  5.024  4.997  5.069  4.966  4.762  4.898  5.075  4.858  4.997  4.919  4.852  5.069  4.533  4.694  4.812  4.804  4.754  4.875  4.766  4.673  4.654  4.718  4.754  4.787  4.769  4.883  4.860  4.771  4.804  4.856
5.652  5.384  6.068  5.644  5.566  5.874  5.493  5.554  5.704  5.710  5.576  5.425  5.617  5.541  5.609  5.591  5.342  5.747  5.878  5.533  5.513  5.637  5.425  5.697  5.298  5.273  5.468  5.693  5.206  5.854  5.493  5.416  5.909  5.340  5.425  5.407  5.460  5.407  5.507  5.496  5.442  5.598
6.078  5.866  6.135  6.063  6.136  6.213  6.009  6.142  5.903  6.107  5.886  5.861  6.040  5.922  6.089  6.026  5.684  6.107  6.182  5.924  5.958  5.861  5.778  6.140  5.828  5.553  5.967  5.738  5.759  6.151  5.799  5.775  6.211  5.980  5.875  5.855  5.663  5.866  5.792  5.844  5.956  6.073
4.431  4.386  4.348  4.304  4.369  4.431  4.248  4.407  4.443  4.564  4.260  4.394  4.554  4.466  4.505  4.174  4.277  4.295  4.344  4.419  4.466  4.344  4.304  4.263  4.304  4.205  4.335  4.263  4.048  4.179  4.317  4.357  4.357  4.382  4.205  4.357  4.270  4.248  4.357  4.290  4.290  4.466
4.543  4.573  4.454  4.673  4.578  4.511  4.443  4.331  4.477  4.605  4.477  4.585  4.593  4.663  4.673  4.277  4.407  4.443  4.511  4.673  4.605  4.500  4.431  4.454  4.382  4.344  4.290  4.248  4.127  4.220  4.382  4.263  4.344  4.321  4.382  4.407  4.472  4.398  4.489  4.382  4.174  4.382
6.192  5.956  6.182  6.275  6.131  6.091  5.981  6.118  5.958  6.227  6.073  6.107  6.127  6.084  6.224  6.004  5.911  5.957  6.210  6.225  6.122  6.078  5.941  6.011  5.958  5.771  5.786  5.793  5.591  5.759  5.872  5.904  6.089  5.916  6.001  5.969  5.900  6.232  6.091  5.938  5.981  5.921
7.001  6.777  6.882  7.083  6.977  6.969  6.884  6.987  6.852  7.067  6.990  6.975  7.074  6.938  7.155  6.855  6.800  6.902  7.002  7.007  6.877  6.936  6.858  6.855  6.873  6.801  6.798  6.809  6.640  6.673  6.750  6.871  6.882  6.880  6.888  6.890  6.816  7.099  7.010  6.915  6.823  6.846
4.094  4.022  4.151  4.143  4.025  4.220  4.078  3.989  4.060  4.263  4.127  3.970  4.205  4.179  4.277  4.025  4.052  4.220  4.234  4.248  4.231  4.060  4.074  4.078  3.761  4.078  3.912  4.007  3.932  3.761  3.902  4.043  4.108  4.007  3.989  4.111  3.867  4.043  4.066  3.985  4.007  4.025
4.317  4.143  4.217  4.263  4.407  4.174  4.124  4.190  4.220  4.331  4.143  4.111  4.357  4.324  4.543  4.094  4.205  4.277  4.290  4.174  4.367  4.234  4.190  4.317  4.187  4.127  4.234  4.143  4.111  4.022  4.057  4.127  4.220  4.234  4.187  4.174  4.007  4.227  4.111  4.025  4.231  4.220
3.989  4.094  4.174  3.989  4.190  4.220  4.043  4.004  4.025  4.119  4.127  4.190  4.304  4.212  4.220  3.989  3.989  4.052  4.143  4.143  4.094  4.164  4.205  4.078  4.060  3.829  4.078  4.127  3.932  3.892  4.127  4.007  4.060  4.043  4.143  4.094  3.989  4.174  4.060  4.060  4.043  4.143
3.824  3.892  3.850  4.052  4.078  3.850  3.871  3.714  3.829  3.932  3.689  4.034  4.159  3.951  3.951  3.802  3.850  3.802  3.912  3.970  3.995  3.892  3.951  3.989  3.829  3.714  3.961  3.807  3.684  3.829  3.932  3.829  3.829  3.850  3.784  3.850  3.807  3.738  3.871  3.861  3.664  3.892
4.078  3.761  3.892  3.989  4.094  3.892  3.951  3.912  4.043  4.007  4.094  4.159  4.127  4.174  4.277  3.773  3.932  4.007  4.124  4.025  3.989  3.912  4.025  3.995  4.060  3.912  3.932  3.951  3.689  3.784  3.912  3.892  3.932  3.871  3.784  3.850  3.951  3.970  3.932  3.951  3.951  3.989
3.807  3.584  3.584  3.829  3.738  3.526  3.638  3.689  3.664  3.761  3.689  3.689  3.912  3.912  3.989  3.632  3.638  3.526  4.060  3.951  3.912  3.738  3.850  3.689  3.714  3.638  3.689  3.555  3.555  3.638  3.497  3.871  3.664  3.555  3.829  3.689  3.526  3.761  3.526  3.664  3.807  3.829
