7.400  7.246  7.253  7.182  7.359  7.349  7.347  7.314  7.400  7.449  7.390  7.379  7.431  7.296  7.354  7.262  7.017  7.328  7.383  7.104  7.206  7.198  7.332  7.266  7.242  7.244  7.249  7.294  7.109  7.143  7.263  6.963  7.186  7.307  7.235  7.309  7.279  7.204  7.172  7.301  7.077  7.355
6.511  6.423  6.369  6.232  6.410  6.468  6.597  6.483  6.586  6.540  6.578  6.550  6.572  6.441  6.528  6.423  6.236  6.402  6.533  6.221  6.380  6.463  6.504  6.465  6.344  6.344  6.284  6.269  6.151  6.292  6.275  6.136  6.261  6.347  6.452  6.450  6.351  6.257  6.187  6.312  6.205  6.405
7.568  7.216  7.465  7.202  7.390  7.358  7.350  7.509  7.565  7.596  7.470  7.552  7.441  7.406  7.459  7.322  7.000  7.450  7.552  7.272  7.241  7.142  7.259  7.231  7.267  7.372  7.283  7.259  6.933  7.194  7.184  6.906  7.209  7.338  7.252  7.309  7.196  7.383  7.262  7.420  7.192  7.459
5.861  5.624  5.787  5.457  5.778  5.864  5.956  6.033  6.148  6.061  6.011  6.061  5.951  5.805  6.010  5.821  5.416  5.785  6.008  5.352  5.829  5.765  5.700  5.729  5.642  5.762  5.620  5.412  5.300  5.553  5.588  5.142  5.591  5.700  5.714  5.768  5.501  5.517  5.583  5.641  5.493  5.690
7.570  7.229  7.507  7.407  7.503  7.604  7.406  7.523  7.568  7.614  7.476  7.633  7.556  7.425  7.552  7.358  7.266  7.518  7.604  7.489  7.410  7.275  7.360  7.228  7.421  7.552  7.402  7.410  7.171  7.287  7.250  7.155  7.409  7.435  7.483  7.406  7.365  7.496  7.359  7.401  7.339  7.589
5.881  5.823  5.969  5.897  5.972  6.011  5.953  5.960  5.953  6.052  5.981  6.073  6.047  5.858  6.118  5.800  5.775  6.075  5.994  5.953  5.924  5.833  5.733  5.844  5.831  5.886  5.849  5.854  5.624  5.692  5.645  5.609  5.826  5.785  5.889  5.940  5.720  5.778  5.861  5.737  5.705  5.961
7.967  7.751  7.858  7.977  8.039  8.054  8.253  8.335  8.374  7.711  7.583  7.679  7.685  7.579  7.615  7.561  7.462  7.586  7.754  7.603  7.580  7.523  7.606  7.445  7.627  7.717  7.597  7.568  7.445  7.580  7.531  7.451  7.526  7.707  7.742  7.593  7.622  7.660  7.522  7.750  7.657  7.807
5.974  5.776  5.762  5.797  5.989  6.089  6.405  6.412  6.493  5.811  5.690  5.635  5.796  5.802  5.606  5.632  5.361  5.529  5.869  5.595  5.624  5.523  5.595  5.509  5.613  5.658  5.656  5.557  5.576  5.649  5.449  5.407  5.547  5.642  5.775  5.656  5.586  5.521  5.624  5.746  5.481  5.724
7.155  6.942  7.006  6.733  6.977  7.001  7.153  7.165  7.144  7.302  7.240  7.275  7.300  7.172  7.218  7.096  6.930  7.165  7.224  6.975  7.088  7.016  7.087  7.065  6.926  7.061  7.048  7.038  6.780  6.900  7.040  6.847  6.844  7.077  7.027  7.042  7.035  6.932  6.948  6.985  6.708  6.973
6.936  6.755  6.851  6.802  6.837  6.914  6.852  6.905  6.921  6.940  6.890  6.903  6.854  6.811  6.876  6.753  6.682  6.859  6.934  6.796  6.838  6.738  6.788  6.755  6.836  6.835  6.784  6.775  6.621  6.663  6.635  6.616  6.654  6.841  6.838  6.828  6.868  6.797  6.738  6.834  6.766  6.903
5.263  5.083  4.852  4.718  4.977  5.001  5.328  5.006  5.317  5.451  5.308  5.308  5.472  5.292  5.269  5.412  5.043  5.106  5.280  5.037  5.129  5.176  5.198  5.330  4.804  4.796  4.970  4.890  4.691  4.989  5.071  4.852  4.635  4.973  4.942  5.011  4.977  4.635  4.997  4.858  4.546  4.852
5.231  5.094  5.147  5.069  5.043  5.094  5.115  5.158  5.112  5.288  5.170  5.222  5.130  5.069  5.220  4.913  4.858  5.037  5.170  5.007  5.114  5.017  5.094  5.052  5.016  5.063  4.970  4.816  4.832  4.771  4.890  4.727  4.741  4.949  5.037  5.017  5.056  4.942  5.017  4.927  4.875  5.004
7.719  7.550  7.655  7.557  7.668  7.693  7.629  7.653  7.634  7.687  7.654  7.730  7.686  7.610  7.669  7.599  7.423  7.611  7.694  7.564  7.698  7.595  7.582  7.598  7.627  7.627  7.629  7.520  7.394  7.435  7.570  7.417  7.533  7.617  7.573  7.554  7.625  7.557  7.476  7.597  7.553  7.608
5.545  5.505  5.429  5.481  5.455  5.591  5.631  5.457  5.617  5.680  5.595  5.659  5.541  5.540  5.604  5.429  5.425  5.302  5.620  5.403  5.715  5.705  5.759  5.781  5.663  5.677  5.557  5.403  5.069  5.204  5.527  5.273  5.288  5.444  5.354  5.525  5.585  5.322  5.317  5.322  5.293  5.268
7.328  7.239  7.207  6.958  7.288  7.412  7.370  7.357  7.419  7.501  7.437  7.462  7.465  7.343  7.502  7.309  7.014  7.312  7.426  7.179  7.361  7.183  7.272  7.247  7.129  7.256  7.195  7.163  6.939  7.054  7.239  6.957  7.060  7.237  7.184  7.300  7.318  7.124  7.008  7.159  7.115  7.190
5.557  5.667  5.352  5.193  5.425  5.624  5.869  5.489  5.829  5.654  5.866  5.869  5.861  5.626  5.994  5.628  5.505  5.407  5.586  5.303  5.871  5.700  5.724  5.819  5.247  5.366  5.521  5.130  5.109  5.425  5.537  5.278  5.330  5.598  5.438  5.687  5.638  5.182  5.308  5.170  5.220  5.361
7.580  7.195  7.541  7.351  7.503  7.526  7.233  7.518  7.476  7.741  7.644  7.618  7.643  7.498  7.558  7.352  6.965  7.556  7.556  7.475  7.263  7.182  7.339  7.206  7.197  7.276  7.257  7.381  6.849  7.140  7.266  6.819  7.133  7.356  7.049  7.301  7.212  7.401  7.452  7.475  7.168  7.366
4.743  4.736  4.682  4.511  4.509  4.771  4.682  4.654  4.963  5.088  5.075  5.193  5.068  4.919  5.016  4.771  4.407  4.595  4.794  4.673  4.820  4.516  4.824  4.760  4.460  4.437  4.522  4.443  4.057  4.554  4.726  4.034  4.187  4.575  4.575  4.554  4.388  4.407  4.663  4.500  4.509  4.443
7.579  7.341  7.412  7.312  7.478  7.516  7.369  7.449  7.447  7.572  7.512  7.539  7.628  7.555  7.573  7.424  7.232  7.552  7.472  7.368  7.328  7.273  7.355  7.360  7.324  7.476  7.350  7.466  7.259  7.305  7.347  7.116  7.279  7.396  7.296  7.412  7.451  7.435  7.358  7.487  7.271  7.409
5.447  5.322  5.273  5.088  5.375  5.361  5.387  5.328  5.422  5.606  5.460  5.541  5.572  5.635  5.572  5.493  5.231  5.411  5.433  5.313  5.378  5.236  5.442  5.398  5.135  5.328  5.277  5.220  5.130  5.263  5.397  4.990  5.242  5.442  5.231  5.455  5.416  5.147  5.273  5.252  5.003  5.303
6.802  6.572  6.641  6.420  6.729  6.767  6.540  6.677  6.655  6.789  6.844  6.719  6.831  6.743  6.786  6.739  6.297  6.923  6.744  6.475  6.469  6.391  6.696  6.632  6.535  6.561  6.655  6.774  6.452  6.516  6.641  6.273  6.468  6.596  6.516  6.617  6.568  6.703  6.629  6.719  6.360  6.607
4.986  5.201  4.828  4.796  4.961  5.003  5.037  4.827  5.106  5.123  5.124  5.196  5.236  5.286  5.215  5.037  4.942  5.112  4.990  4.927  4.871  4.949  5.100  5.169  4.828  4.990  5.063  5.106  4.796  4.956  5.059  4.595  4.820  4.898  4.786  5.147  5.004  5.029  5.083  4.984  4.762  4.924
