4.875  4.700  4.828  4.610  4.787  4.852  4.828  4.812  4.963  4.997  4.779  4.920  4.860  4.927  4.836  4.691  4.644  4.736  4.554  4.700  4.920  4.782  4.762  4.796  4.710  4.585  4.625  4.503  4.331  4.522  4.585  4.477  4.530  4.812  4.779  4.852  4.796  4.654  4.564  4.673  4.644  4.718
3.850  3.951  3.932  3.892  3.807  3.970  3.967  3.912  3.912  3.892  3.908  3.951  3.970  3.867  3.892  3.850  3.807  3.892  3.802  3.912  4.078  4.007  3.784  3.932  3.871  3.871  3.773  3.807  3.638  3.714  3.701  3.784  3.912  3.871  3.738  3.871  3.951  3.784  3.807  3.829  3.818  3.912
5.784  5.746  5.749  5.603  5.780  5.859  5.700  5.799  5.736  5.849  5.803  5.811  5.908  5.784  5.841  5.753  5.642  5.781  5.790  5.805  5.861  5.651  5.753  5.824  5.606  5.643  5.692  5.790  5.568  5.631  5.826  5.724  5.638  5.710  5.720  5.759  5.897  5.846  5.829  5.557  5.587  5.624
6.831  6.681  6.667  6.587  6.665  6.759  6.771  6.714  6.698  6.880  6.825  6.807  6.835  6.729  6.817  6.674  6.613  6.692  6.704  6.653  6.800  6.707  6.715  6.802  6.525  6.551  6.702  6.619  6.588  6.687  6.813  6.649  6.572  6.600  6.680  6.726  6.824  6.691  6.718  6.624  6.675  6.650
5.832  5.500  5.740  5.583  5.707  5.714  5.509  5.657  5.720  5.793  5.737  5.846  5.778  5.704  5.768  5.598  5.366  5.700  5.748  5.552  5.556  5.541  5.428  5.449  5.447  5.556  5.493  5.493  5.147  5.342  5.416  5.318  5.519  5.513  5.460  5.476  5.396  5.609  5.583  5.638  5.375  5.631
4.522  4.220  4.382  4.187  4.256  4.277  4.472  4.290  4.344  4.522  4.324  4.533  4.511  4.407  4.483  4.401  4.127  4.171  4.511  4.419  4.315  4.284  4.301  4.277  4.220  4.304  4.094  4.078  4.043  4.078  4.382  4.127  4.277  4.304  4.174  4.248  4.277  4.111  4.202  4.190  4.190  4.174
3.912  3.850  4.007  3.664  4.025  3.995  3.689  3.951  4.094  4.234  3.970  4.060  4.179  4.078  4.060  3.871  3.846  3.871  3.989  3.892  3.850  3.689  3.807  3.912  3.888  3.850  3.912  3.850  3.555  3.689  3.784  3.611  3.912  3.902  3.738  3.871  3.850  3.773  3.689  3.638  3.714  3.922
3.466  3.434  3.428  3.384  3.611  3.325  3.332  3.434  3.555  3.497  3.332  3.632  3.689  3.497  3.550  3.332  3.401  3.434  3.526  3.466  3.584  3.526  3.332  3.497  3.584  3.434  3.497  3.395  3.367  3.428  3.367  3.459  3.526  3.367  3.578  3.526  3.332  3.258  3.526  3.332  3.384  3.592
5.389  5.187  5.368  5.389  5.323  5.270  5.209  5.328  5.357  5.361  5.193  5.182  5.464  5.357  5.434  5.126  5.140  5.215  5.513  5.400  5.356  5.298  5.247  5.328  5.182  5.083  5.017  5.176  4.756  5.124  5.088  5.176  5.136  5.165  5.244  5.286  5.187  5.106  4.868  5.198  5.192  5.212
5.640  5.513  5.525  5.606  5.587  5.666  5.521  5.561  5.635  5.617  5.591  5.517  5.812  5.861  5.817  5.719  5.715  5.799  5.606  5.568  5.742  5.606  5.525  5.583  5.433  5.338  5.318  5.409  5.262  5.212  5.559  5.521  5.318  5.468  5.519  5.476  5.497  5.333  5.220  5.464  5.429  5.434
4.934  4.771  4.927  4.931  4.913  4.920  4.620  4.811  4.890  4.956  5.142  4.963  4.977  4.905  4.990  4.812  4.710  4.942  4.919  4.836  4.836  4.605  4.786  4.700  4.564  4.649  4.727  4.844  4.549  4.673  4.754  4.554  4.682  4.585  4.828  4.710  4.554  4.812  4.812  4.875  4.673  4.828
4.277  4.248  4.124  4.431  4.171  4.234  4.248  4.238  4.267  4.304  4.431  4.511  4.554  4.514  4.605  4.284  4.190  4.159  4.148  4.159  4.234  4.171  4.174  4.248  3.902  3.970  3.912  4.007  3.908  4.140  3.989  3.985  4.060  4.127  4.094  4.220  4.143  3.989  4.127  4.127  3.951  3.980
4.060  4.040  3.961  3.807  4.111  4.060  3.892  3.932  3.970  4.004  3.970  3.780  4.179  4.127  4.277  4.007  3.888  3.951  3.892  3.967  4.060  3.761  3.932  3.967  3.784  3.902  3.871  3.871  3.761  3.818  3.912  4.025  3.714  3.850  3.850  3.951  3.970  3.888  3.684  3.768  3.584  3.985
3.466  3.689  3.664  3.664  3.664  3.664  3.664  3.689  3.714  3.871  3.466  3.466  3.761  3.871  3.970  3.526  3.714  3.714  3.738  3.664  3.807  3.555  3.791  3.835  3.555  3.555  3.611  3.466  3.401  3.550  3.638  3.807  3.664  3.632  3.584  3.761  3.611  3.714  3.611  3.638  3.550  3.611
6.211  5.984  6.075  6.250  6.179  6.213  6.064  6.141  6.120  6.223  6.109  6.254  6.180  6.047  6.186  5.989  5.927  6.168  6.279  6.131  6.120  6.016  5.914  5.943  6.104  5.948  5.829  5.938  5.733  5.787  5.942  5.951  6.008  6.157  6.014  6.054  5.941  6.163  6.072  6.138  5.950  6.116
4.708  4.620  4.663  4.836  4.812  4.575  4.625  4.642  4.749  4.949  4.745  4.804  4.824  4.734  4.905  4.554  4.644  4.680  4.787  4.820  4.762  4.749  4.500  4.710  4.481  4.489  4.431  4.419  4.190  4.443  4.220  4.533  4.635  4.533  4.500  4.717  4.520  4.673  4.940  4.595  4.407  4.575
4.996  4.615  4.970  5.094  5.052  4.984  4.708  4.804  4.982  5.024  4.970  5.142  4.970  4.883  5.118  4.654  4.615  4.898  5.136  5.050  5.019  4.844  4.812  4.779  4.736  4.736  4.671  4.635  4.466  4.585  4.682  4.771  4.860  4.771  4.796  4.875  4.575  4.956  4.794  4.860  4.885  4.913
5.135  4.940  5.106  5.198  5.059  5.075  5.009  5.112  5.081  5.142  4.970  5.130  5.252  5.074  5.257  4.949  5.074  4.911  5.192  5.303  5.244  5.023  5.037  5.112  4.926  4.836  4.997  4.871  4.796  4.812  4.949  5.088  5.043  4.940  5.043  5.106  5.081  5.136  5.055  4.905  5.100  5.063
4.745  4.718  4.771  4.691  4.682  4.854  4.511  4.644  4.736  4.836  4.736  4.779  4.883  4.820  5.004  4.682  4.575  4.727  4.920  4.816  4.949  4.727  4.717  4.804  4.682  4.564  4.615  4.682  4.477  4.625  4.585  4.564  4.663  4.710  4.700  4.710  4.673  4.710  4.633  4.590  4.464  4.741
4.585  4.440  4.727  4.477  4.564  4.578  4.458  4.536  4.533  4.808  4.443  4.564  4.710  4.812  4.828  4.615  4.454  4.700  4.860  4.771  4.710  4.454  4.666  4.710  4.464  4.554  4.583  4.615  4.477  4.454  4.443  4.564  4.710  4.543  4.603  4.595  4.407  4.511  4.357  4.477  4.431  4.452
3.738  3.757  3.611  3.761  3.689  3.761  3.714  3.684  3.638  3.664  3.578  3.638  3.871  4.078  3.867  3.497  3.555  3.689  3.664  3.701  3.605  3.714  3.584  3.611  3.550  3.689  3.784  3.526  3.497  3.434  3.689  3.611  3.555  3.555  3.684  3.714  3.689  3.592  3.632  3.584  3.520  3.638
3.584  3.526  3.466  3.466  3.555  3.611  3.434  3.592  3.664  3.651  3.466  3.611  3.761  3.761  3.638  3.638  3.584  3.584  3.721  3.745  3.611  3.434  3.497  3.638  3.611  3.444  3.466  3.555  3.367  3.466  3.497  3.611  3.638  3.466  3.564  3.550  3.332  3.434  3.401  3.434  3.584  3.434
