5.346  5.342  5.460  5.204  5.293  5.371  4.997  5.288  5.481  5.481  5.389  5.472  5.268  5.357  5.531  5.347  5.069  5.357  5.342  5.176  5.384  5.425  5.416  5.433  5.088  5.308  5.043  5.100  4.916  5.173  5.176  5.056  5.263  5.247  5.209  5.263  5.017  5.187  5.257  4.977  5.024  5.366
5.361  5.226  5.361  5.255  5.176  5.288  5.112  5.338  5.375  5.468  5.407  5.513  5.333  5.321  5.505  5.209  5.136  5.268  5.442  5.288  5.476  5.447  5.388  5.353  5.357  5.198  5.024  5.170  5.140  5.197  5.112  5.118  5.247  5.247  5.425  5.298  4.997  5.193  5.303  5.050  5.217  5.347
5.252  5.209  5.094  5.193  5.215  5.308  5.124  5.147  5.338  5.267  5.226  5.112  5.241  5.236  5.323  5.361  5.042  5.147  5.209  5.220  5.313  5.158  5.179  5.407  4.990  5.063  5.024  4.929  4.915  5.069  5.209  4.927  5.030  5.112  5.027  5.153  5.198  5.011  4.790  4.990  4.883  5.142
4.736  4.663  4.585  4.625  4.489  4.615  4.717  4.489  4.671  4.654  4.585  4.613  4.654  4.691  4.812  4.680  4.533  4.511  4.771  4.708  4.860  4.718  4.682  4.868  4.575  4.527  4.564  4.564  4.407  4.625  4.635  4.489  4.635  4.635  4.443  4.691  4.564  4.369  4.369  4.407  4.263  4.564
4.796  4.635  4.668  4.625  4.673  4.771  4.792  4.771  4.635  4.790  4.812  4.843  4.836  4.696  4.828  4.620  4.644  4.654  4.743  4.828  4.745  4.745  4.718  4.663  4.727  4.754  4.635  4.644  4.500  4.564  4.583  4.691  4.682  4.649  4.745  4.615  4.727  4.677  4.543  4.522  4.647  4.710
5.565  5.252  5.333  5.349  5.303  5.492  5.490  5.464  5.361  5.511  5.549  5.499  5.416  5.349  5.403  5.263  5.308  5.366  5.384  5.357  5.546  5.323  5.242  5.416  5.283  5.247  5.130  5.278  5.153  5.176  5.414  5.345  5.318  5.236  5.366  5.328  5.429  5.400  5.380  5.293  5.375  5.328
5.874  5.645  5.680  5.793  5.724  5.878  5.776  5.852  5.738  5.894  5.866  5.932  5.864  5.863  5.849  5.724  5.640  5.620  5.756  5.808  5.762  5.765  5.740  5.704  5.611  5.687  5.654  5.600  5.476  5.505  5.700  5.585  5.631  5.724  5.771  5.740  5.814  5.802  5.707  5.680  5.669  5.714
6.146  6.103  6.057  6.157  6.045  6.248  6.136  6.120  6.133  6.219  6.181  6.219  6.241  6.144  6.238  6.050  6.037  6.047  6.122  6.129  6.215  6.129  6.124  6.159  5.955  6.038  6.063  5.986  5.887  5.936  6.125  6.023  6.043  6.073  6.022  6.094  6.182  6.103  6.052  6.091  5.962  6.138
5.793  5.517  5.631  5.663  5.630  5.684  5.598  5.656  5.613  5.892  5.677  5.673  5.710  5.533  5.684  5.545  5.577  5.578  5.663  5.663  5.768  5.635  5.545  5.670  5.568  5.425  5.429  5.557  5.389  5.485  5.505  5.557  5.583  5.481  5.601  5.499  5.521  5.624  5.680  5.670  5.493  5.521
4.127  4.025  4.159  4.288  3.989  4.060  3.989  4.043  4.344  4.190  4.394  4.246  4.174  4.043  4.148  3.807  3.912  4.143  4.290  4.466  4.205  4.127  4.078  4.253  4.094  3.951  4.078  4.060  4.078  4.078  4.094  4.220  4.205  3.989  4.057  3.970  3.938  3.928  4.060  4.179  4.148  4.159
4.868  4.585  4.635  4.745  4.779  4.718  4.710  4.762  4.710  4.907  4.691  4.804  4.796  4.727  5.004  4.644  4.718  4.663  4.920  4.927  4.836  4.625  4.635  4.673  4.771  4.705  4.633  4.554  4.437  4.549  4.500  4.644  4.730  4.804  4.771  4.736  4.736  4.779  4.691  4.633  4.635  4.682
5.187  5.059  4.996  5.145  5.069  5.176  5.268  5.257  5.176  5.379  5.252  5.363  5.239  5.226  5.283  5.140  5.106  5.176  5.252  5.268  5.283  5.204  5.094  5.077  4.934  4.997  5.170  5.007  4.997  5.024  5.124  4.990  5.059  5.189  5.263  5.204  5.055  5.121  4.997  4.977  5.050  5.170
5.313  5.009  5.181  5.220  5.043  5.187  5.204  5.165  5.176  5.328  5.247  5.196  5.357  5.231  5.272  5.056  5.165  5.236  5.333  5.247  5.226  5.182  5.081  4.980  5.130  5.136  5.203  5.136  4.977  4.913  5.063  5.136  5.111  5.024  5.088  5.088  5.169  5.036  5.187  5.165  5.047  5.187
6.209  6.140  6.082  6.161  6.087  6.162  6.118  6.073  6.223  6.394  6.232  6.288  6.450  6.219  6.312  6.019  6.168  6.103  6.161  6.199  6.275  6.242  6.176  6.150  6.021  6.133  6.027  5.901  6.055  5.986  6.045  5.975  6.100  6.130  6.290  6.184  6.094  5.939  6.021  6.033  6.018  6.068
6.333  6.196  6.342  6.267  6.052  6.291  6.165  6.172  6.441  6.384  6.332  6.435  6.412  6.321  6.310  6.103  6.288  6.172  6.433  6.420  6.354  6.324  6.252  6.413  6.131  6.501  6.157  6.066  6.231  6.194  6.102  6.227  6.384  6.299  6.392  6.182  6.157  6.222  6.279  6.258  6.207  6.166
6.717  6.454  6.572  6.529  6.250  6.545  6.560  6.583  6.682  6.659  6.650  6.675  6.714  6.538  6.610  6.426  6.597  6.434  6.675  6.757  6.655  6.667  6.535  6.646  6.370  6.615  6.430  6.347  6.495  6.489  6.377  6.550  6.669  6.611  6.586  6.444  6.498  6.578  6.524  6.565  6.433  6.492
5.236  4.854  5.040  4.927  5.220  4.997  4.844  4.972  4.898  5.118  5.016  5.043  5.193  5.030  5.074  4.934  4.883  5.165  5.053  5.159  4.966  4.920  4.963  4.811  4.820  4.806  5.009  4.934  4.663  4.717  5.024  4.937  5.009  4.963  4.898  4.868  4.924  4.927  4.970  4.889  4.765  4.970
5.328  5.078  5.272  5.268  5.273  5.342  5.130  5.170  5.165  5.268  5.434  5.328  5.313  5.263  5.371  5.100  5.135  5.115  5.186  5.384  5.247  5.130  5.063  5.239  5.106  5.030  4.963  4.898  4.771  5.006  5.063  4.913  5.132  5.106  5.168  5.242  5.081  5.187  5.182  5.118  5.075  5.347
5.502  5.195  5.298  5.257  5.412  5.489  5.277  5.286  5.252  5.460  5.460  5.384  5.545  5.366  5.533  5.333  5.371  5.344  5.485  5.505  5.308  5.291  5.307  5.398  5.371  5.468  5.308  5.338  5.209  5.220  5.347  5.170  5.387  5.370  5.352  5.338  5.303  5.476  5.359  5.347  5.247  5.313
4.536  4.143  4.263  4.290  4.220  4.248  4.369  4.205  4.331  4.290  4.234  4.344  4.357  4.328  4.263  4.263  4.205  4.205  4.413  4.443  4.331  4.277  4.394  4.174  4.111  4.234  4.127  4.078  3.985  3.932  4.194  4.111  4.311  4.281  4.190  4.315  4.094  4.407  4.205  4.248  4.159  4.357
5.136  5.056  5.187  5.236  5.063  5.301  5.118  5.218  5.257  5.215  5.159  5.270  5.405  5.153  5.380  5.211  5.118  5.220  5.338  5.303  5.293  5.247  5.252  5.252  5.226  5.105  5.192  5.017  4.984  4.963  5.055  5.043  5.234  5.146  5.268  5.286  5.268  5.066  5.159  5.118  5.204  5.215
5.303  5.105  5.187  5.434  5.380  5.412  5.308  5.260  5.442  5.492  5.421  5.481  5.502  5.403  5.493  5.347  5.338  5.517  5.537  5.468  5.645  5.380  5.288  5.328  5.442  5.259  5.220  5.198  5.088  5.136  5.293  5.295  5.450  5.366  5.463  5.303  5.318  5.352  5.242  5.204  5.380  5.273
