5.642  5.519  5.541  5.451  5.541  5.651  5.624  5.268  5.580  5.576  5.714  5.509  5.545  5.581  5.440  5.555  5.442  5.594  5.568  5.370  5.509  5.505  5.447  5.525  5.438  5.315  5.356  5.583  5.420  5.541  5.371  5.380  5.403  5.568  5.370  5.497  5.596  5.421  5.307  5.509  5.147  5.412
5.389  5.298  5.298  5.236  5.136  5.380  5.371  4.990  5.318  5.311  5.427  5.182  5.318  5.361  5.024  5.298  5.323  5.118  5.338  5.056  5.352  5.312  5.310  5.422  5.159  5.165  5.058  5.088  5.011  5.193  5.142  5.283  5.149  5.288  5.032  5.298  5.298  5.130  5.050  5.159  4.898  5.142
4.999  4.718  4.920  4.844  5.004  5.011  5.030  4.989  4.970  5.130  5.003  5.017  5.011  4.890  5.081  4.868  4.828  4.949  5.043  4.824  4.927  4.890  4.890  4.828  4.828  4.827  4.916  4.633  4.654  4.827  4.712  4.635  4.804  4.890  4.875  4.898  4.787  4.904  4.862  4.804  4.671  4.883
4.945  4.625  4.605  4.533  4.657  4.802  4.718  4.820  4.804  4.920  4.786  4.736  4.762  4.787  4.769  4.663  4.533  4.477  4.723  4.779  4.828  4.694  4.796  4.775  4.554  4.575  4.682  4.357  4.419  4.564  4.718  4.564  4.522  4.610  4.635  4.703  4.454  4.575  4.511  4.477  4.382  4.475
5.927  5.826  5.802  5.656  5.861  5.875  5.754  5.849  5.817  5.999  6.004  5.930  5.930  5.903  5.838  5.788  5.541  5.905  5.832  5.731  5.690  5.697  5.778  5.720  5.670  5.666  5.771  5.714  5.481  5.710  5.872  5.501  5.583  5.714  5.697  5.719  5.849  5.805  5.823  5.844  5.645  5.617
4.644  4.605  4.615  4.494  4.663  4.836  4.745  4.754  4.758  4.796  4.952  4.625  4.754  4.787  4.875  4.777  4.522  4.820  4.779  4.623  4.812  4.644  4.745  4.682  4.615  4.736  4.605  4.663  4.443  4.605  4.779  4.564  4.425  4.663  4.595  4.745  4.927  4.654  4.718  4.635  4.585  4.554
5.727  5.579  5.619  5.595  5.645  5.787  5.673  5.642  5.820  5.796  5.591  5.787  5.754  5.697  5.765  5.684  5.541  5.628  5.673  5.489  5.587  5.677  5.665  5.626  5.623  5.688  5.572  5.591  5.457  5.611  5.476  5.580  5.485  5.627  5.645  5.606  5.684  5.598  5.497  5.624  5.403  5.635
4.828  4.654  4.828  4.804  4.860  4.762  4.812  4.766  4.920  4.828  4.827  4.836  4.796  4.727  4.779  4.554  4.663  4.585  4.890  4.889  4.852  4.779  4.779  4.812  4.710  4.564  4.615  4.509  4.522  4.635  4.640  4.745  4.745  4.663  4.718  4.700  4.663  4.564  4.745  4.533  4.654  4.635
4.143  3.951  4.140  4.060  3.932  4.094  4.025  4.043  4.132  4.007  3.998  4.043  4.171  4.111  4.078  3.970  3.932  4.043  4.108  4.111  4.060  4.078  4.040  4.156  3.951  3.951  3.850  3.867  3.784  3.985  3.951  4.025  4.043  4.007  3.989  3.912  3.932  4.022  3.892  3.928  3.970  4.220
3.761  3.689  4.040  3.761  3.829  3.922  3.829  3.807  3.871  3.932  3.733  3.761  3.932  4.025  4.007  3.714  3.689  3.784  3.871  3.871  3.970  3.850  3.951  3.951  3.824  3.714  3.738  3.850  3.738  3.957  3.761  3.761  3.829  3.761  3.689  3.807  3.689  3.850  3.871  3.761  3.638  3.714
4.007  3.850  3.970  3.784  4.025  4.111  3.989  4.025  3.912  3.989  3.947  4.025  4.182  4.143  4.140  3.892  3.738  3.888  4.043  4.127  3.807  3.850  3.850  3.912  3.970  3.784  3.829  3.912  3.584  3.784  3.664  3.908  3.912  4.022  3.951  4.025  3.892  3.989  3.932  3.989  3.761  3.928
3.490  3.497  3.526  3.401  3.638  3.584  3.367  3.401  3.526  3.526  3.367  3.434  3.555  3.611  3.584  3.526  3.611  3.434  3.611  3.434  3.497  3.466  3.578  3.512  3.526  3.434  3.434  3.497  3.360  3.367  3.444  3.296  3.497  3.332  3.401  3.466  3.367  3.258  3.434  3.401  3.434  3.401
5.468  4.881  5.268  4.996  5.375  5.278  5.043  5.226  5.112  5.366  5.455  5.333  5.371  5.328  5.275  5.088  4.710  5.402  5.268  5.112  5.063  4.893  4.997  4.949  5.050  5.075  5.130  5.106  4.575  4.812  5.069  4.942  5.069  5.011  4.934  5.055  4.852  5.231  5.342  5.214  4.883  5.037
3.967  3.714  3.784  3.802  3.784  3.658  3.584  3.795  3.738  3.892  3.664  3.850  3.970  3.989  4.025  3.611  3.611  3.526  3.932  3.738  3.871  3.871  3.802  3.664  3.611  3.750  3.738  3.584  3.611  3.714  3.709  3.689  3.738  3.761  3.714  3.807  3.401  3.850  3.638  3.638  3.497  3.555
4.060  4.007  4.043  3.664  4.078  4.119  3.780  4.066  4.066  3.738  3.867  3.861  4.179  4.127  3.989  4.025  3.611  3.989  4.220  4.004  3.970  3.892  3.850  3.791  3.664  3.871  3.784  3.951  3.497  3.714  3.784  3.584  3.871  3.928  3.784  3.892  3.947  3.638  3.512  3.867  3.802  3.892
3.638  3.611  3.970  3.497  3.584  3.611  3.611  3.611  3.709  3.466  3.497  3.689  3.829  3.807  3.850  3.584  3.466  3.592  3.738  3.829  3.611  3.738  3.611  3.761  3.526  3.434  3.526  3.664  3.258  3.401  3.584  3.497  3.689  3.506  3.497  3.605  3.526  3.497  3.258  3.497  3.555  3.733
5.263  5.075  4.952  4.992  5.106  5.088  4.990  5.004  4.920  5.159  5.003  5.112  5.242  5.214  5.298  5.037  4.745  5.069  5.153  5.106  5.130  4.940  5.100  5.075  4.920  4.887  4.898  5.017  4.890  4.896  4.905  4.820  4.929  5.037  4.860  4.984  4.860  5.094  5.056  5.088  4.905  4.990
4.078  3.951  4.156  4.159  4.060  4.025  3.912  4.078  3.970  4.094  4.052  3.951  4.277  4.382  4.344  3.989  3.892  3.908  4.311  4.078  4.078  4.127  4.187  4.094  3.912  4.007  3.989  3.951  3.989  3.912  3.989  3.989  4.078  3.912  3.951  3.989  4.127  4.151  3.989  3.976  4.057  3.829
4.952  4.754  4.879  4.723  4.949  4.868  4.828  4.949  4.779  4.989  4.819  4.989  5.153  4.949  4.954  4.585  4.745  4.848  5.024  4.990  4.680  4.605  4.736  4.760  4.754  4.754  4.726  4.883  4.554  4.710  4.779  4.454  4.745  4.727  4.691  4.860  4.736  4.700  4.787  4.911  4.779  4.850
3.892  3.807  3.807  3.738  3.807  3.714  3.871  3.912  3.738  4.094  3.829  4.078  4.025  3.970  4.127  3.850  3.714  3.829  4.060  4.078  3.871  3.773  3.733  3.784  3.829  3.912  3.784  3.714  3.714  3.807  3.714  3.871  3.850  3.761  3.784  3.850  3.738  3.850  3.784  3.761  3.738  3.829
6.003  5.724  5.832  5.763  5.880  5.869  5.790  5.785  5.761  5.958  5.918  5.835  5.961  5.835  5.912  5.771  5.855  5.953  5.832  5.860  5.840  5.857  5.790  5.784  5.636  5.727  5.861  5.714  5.733  5.717  5.805  5.736  5.724  5.814  5.856  5.759  5.802  5.927  5.916  5.986  5.655  5.798
5.017  4.949  4.898  4.827  4.942  4.890  4.754  4.942  4.804  5.086  5.069  4.984  5.063  5.043  5.112  4.883  4.844  5.004  4.956  4.966  4.927  5.086  4.913  5.004  4.662  4.644  4.883  4.754  4.754  4.771  4.934  4.676  4.787  4.920  4.812  4.927  4.852  4.984  4.977  4.868  4.605  4.635
