8.666  8.405  8.572  8.330  8.586  8.594  8.438  8.578  8.552  8.620  8.612  8.619  8.679  8.638  8.654  8.610  8.358  8.713  8.603  8.540  8.531  8.297  8.464  8.352  8.560  8.645  8.553  8.669  8.307  8.431  8.529  8.343  8.424  8.583  8.532  8.511  8.607  8.667  8.570  8.666  8.505  8.586
8.552  8.262  8.408  8.240  8.449  8.554  8.405  8.366  8.442  8.544  8.533  8.476  8.507  8.498  8.429  8.486  8.201  8.525  8.474  8.364  8.374  8.337  8.399  8.337  8.406  8.479  8.409  8.545  8.277  8.351  8.429  8.207  8.282  8.469  8.321  8.424  8.512  8.471  8.417  8.500  8.274  8.388
7.605  7.498  7.504  7.179  7.476  7.664  7.504  7.470  7.584  7.592  7.602  7.563  7.799  7.757  7.777  7.722  7.409  7.711  7.650  7.439  7.612  7.443  7.573  7.537  7.459  7.652  7.597  7.628  7.435  7.558  7.584  7.309  7.349  7.627  7.540  7.675  7.768  7.626  7.533  7.621  7.375  7.536
7.249  7.101  6.999  6.854  7.107  7.329  7.246  7.034  7.247  7.289  7.360  7.206  7.272  7.300  7.167  7.301  6.986  7.251  7.137  6.977  7.113  7.174  7.273  7.246  7.067  7.155  7.178  7.221  7.095  7.180  7.201  6.817  6.834  7.193  6.957  7.294  7.364  7.155  7.051  7.169  6.806  6.985
7.977  7.856  7.904  7.670  7.963  8.062  7.859  7.938  7.997  8.048  7.900  8.029  8.061  8.043  8.036  7.982  7.798  8.001  7.975  7.879  7.965  7.875  7.894  7.903  7.978  8.041  7.943  7.973  7.849  7.897  7.974  7.830  7.772  8.012  7.929  7.954  8.040  7.913  7.867  7.997  7.832  7.939
6.720  6.778  6.618  6.447  6.783  6.841  6.773  6.655  6.953  6.876  6.625  6.828  6.940  6.894  6.925  6.802  6.559  6.802  6.850  6.708  6.771  6.731  6.789  6.775  6.621  6.817  6.673  6.722  6.712  6.615  6.790  6.636  6.540  6.853  6.761  6.847  6.933  6.765  6.682  6.736  6.607  6.691
8.351  8.172  8.278  8.205  8.331  8.358  8.421  8.381  8.476  8.508  8.357  8.492  8.486  8.390  8.464  8.333  8.283  8.323  8.484  8.329  8.389  8.267  8.320  8.241  8.453  8.535  8.356  8.261  8.259  8.307  8.246  8.210  8.232  8.478  8.448  8.388  8.431  8.284  8.131  8.311  8.310  8.366
6.771  6.820  6.731  6.576  6.703  6.791  7.088  6.849  7.050  7.075  6.930  7.050  7.009  6.951  7.019  6.876  6.948  6.780  6.985  6.718  7.093  6.964  6.882  6.916  7.005  7.056  6.907  6.755  6.794  6.897  6.842  6.821  6.460  7.032  7.061  6.965  7.026  6.447  6.483  6.641  6.581  6.733
7.828  7.486  7.586  7.398  7.735  7.667  7.546  7.701  7.624  7.932  7.865  7.789  7.868  7.789  7.758  7.590  7.341  7.653  7.741  7.607  7.513  7.436  7.569  7.513  7.336  7.533  7.462  7.611  7.143  7.375  7.459  7.205  7.363  7.529  7.406  7.557  7.448  7.557  7.575  7.609  7.354  7.421
4.382  4.419  4.422  4.246  4.434  4.419  4.220  4.205  4.304  4.625  4.682  4.595  4.625  4.710  4.625  4.190  4.446  4.489  4.263  4.344  4.489  4.407  4.428  4.605  4.205  4.263  4.234  4.078  3.989  4.078  4.234  3.970  4.111  4.376  4.111  4.603  4.234  4.043  4.174  4.151  3.912  4.094
8.659  8.604  8.550  8.491  8.660  8.686  8.556  8.613  8.635  8.724  8.714  8.664  8.697  8.702  8.671  8.605  8.456  8.641  8.668  8.534  8.602  8.544  8.575  8.558  8.611  8.633  8.550  8.595  8.425  8.429  8.612  8.445  8.405  8.642  8.597  8.635  8.585  8.584  8.579  8.597  8.489  8.482
6.695  6.463  6.450  6.375  6.621  6.629  6.332  6.429  6.472  6.692  6.718  6.623  6.600  6.619  6.709  6.420  6.160  6.644  6.654  6.405  6.449  6.371  6.498  6.491  6.333  6.438  6.342  6.364  5.999  6.155  6.381  6.068  6.331  6.380  6.330  6.494  6.165  6.326  6.586  6.446  6.284  6.379
9.064  8.838  8.962  8.953  9.035  8.967  8.837  8.951  8.898  9.047  8.966  8.971  9.002  8.955  8.994  8.854  8.769  8.980  8.971  8.956  8.863  8.783  8.858  8.805  8.929  8.988  8.850  8.940  8.764  8.776  8.833  8.787  8.853  8.976  8.918  8.926  8.912  9.027  8.939  8.971  8.872  8.930
8.376  8.221  8.302  8.283  8.380  8.325  8.183  8.292  8.239  8.432  8.344  8.357  8.363  8.304  8.397  8.137  8.039  8.298  8.345  8.287  8.193  8.100  8.210  8.158  8.178  8.227  8.185  8.184  7.984  8.050  8.125  8.000  8.160  8.261  8.207  8.254  8.214  8.285  8.199  8.231  8.154  8.221
8.224  7.968  8.142  8.137  8.139  8.138  8.046  8.142  8.150  8.228  8.050  8.218  8.242  8.090  8.218  7.943  7.989  8.022  8.292  8.194  8.075  8.003  8.049  8.064  8.138  8.264  7.996  7.941  7.851  7.850  7.910  7.874  8.087  8.180  8.067  8.102  8.033  8.041  7.888  8.009  8.103  8.110
7.209  7.085  7.126  7.095  7.136  7.249  7.162  7.117  7.234  7.250  7.057  7.259  7.378  7.140  7.349  6.950  7.116  6.900  7.395  7.146  7.223  7.111  7.070  7.160  7.151  7.273  6.971  6.767  6.858  6.911  6.825  6.846  7.039  7.217  7.110  7.164  7.059  6.984  6.808  6.882  7.060  6.993
8.026  7.349  7.729  7.468  7.824  7.806  7.436  7.757  7.675  7.971  7.862  7.843  7.979  7.766  7.845  7.451  7.372  7.806  7.696  7.875  7.396  7.315  7.489  7.476  7.237  7.625  7.509  7.559  7.170  7.213  7.390  7.037  7.436  7.410  7.295  7.573  7.308  7.632  7.650  7.697  7.261  7.562
6.328  5.784  6.047  5.796  6.225  6.117  5.849  6.009  5.969  6.290  6.266  6.114  6.351  6.187  6.229  5.694  5.635  6.050  6.014  5.930  5.733  5.700  5.981  5.938  5.182  5.673  5.749  5.517  5.193  5.505  5.557  5.118  5.537  5.697  5.513  5.864  5.540  5.677  5.451  5.886  5.398  5.680
8.421  8.084  8.360  8.321  8.446  8.441  8.270  8.405  8.383  8.451  8.403  8.485  8.429  8.358  8.488  8.239  8.134  8.463  8.444  8.346  8.303  8.188  8.196  8.111  8.376  8.349  8.255  8.347  8.049  8.093  8.161  8.127  8.316  8.369  8.295  8.310  8.258  8.461  8.357  8.409  8.241  8.328
7.413  7.286  7.269  7.302  7.427  7.484  7.340  7.361  7.419  7.528  7.494  7.501  7.511  7.567  7.594  7.343  7.203  7.472  7.438  7.256  7.388  7.306  7.409  7.342  7.336  7.396  7.393  7.406  7.145  7.261  7.348  7.217  7.242  7.382  7.371  7.459  7.350  7.480  7.358  7.458  7.214  7.383
7.964  7.739  7.868  7.816  8.083  8.071  7.759  8.037  8.026  8.058  7.992  8.068  7.964  8.045  8.086  7.891  7.591  7.997  8.046  7.948  7.692  7.662  7.868  7.836  7.877  7.940  7.875  8.035  7.614  7.699  7.849  7.586  7.865  7.922  7.779  7.854  7.822  8.025  7.844  7.960  7.822  7.949
6.834  6.775  6.805  6.787  7.009  7.090  6.870  6.946  7.107  7.070  7.029  7.122  7.048  7.060  7.197  6.923  6.650  6.881  7.110  6.897  6.832  6.717  6.969  6.967  6.797  6.911  6.910  6.892  6.558  6.686  6.848  6.548  6.800  6.896  6.811  6.907  6.834  6.844  6.741  6.850  6.718  6.853
