5.063  4.691  4.949  4.913  4.883  4.977  4.868  5.042  4.975  5.361  5.142  5.328  5.565  5.529  5.696  5.948  5.628  5.940  4.866  4.973  4.905  4.796  4.828  4.787  4.691  4.875  4.635  4.777  4.663  4.673  4.828  4.773  4.682  4.745  4.783  4.827  4.717  4.949  4.844  4.754  4.812  4.883
5.814  5.677  5.668  5.702  5.765  5.883  6.080  6.001  5.998  6.578  6.475  6.550  7.041  6.978  7.068  7.704  7.488  7.452  5.596  5.465  5.812  5.537  5.562  5.557  5.545  5.533  5.459  5.341  5.236  5.405  5.557  5.464  5.485  5.606  5.635  5.690  5.606  5.557  5.558  5.446  5.558  5.652
4.758  4.554  4.554  4.443  4.644  4.454  4.700  4.554  4.657  4.828  4.564  4.663  5.159  4.828  4.796  4.595  4.407  4.644  4.663  4.657  4.654  4.580  4.538  4.407  4.635  4.554  4.575  4.382  4.357  4.369  4.443  4.388  4.605  4.522  4.615  4.635  4.595  4.500  4.454  4.511  4.290  4.522
4.593  4.234  4.477  4.234  4.407  4.263  4.431  4.407  4.605  4.754  4.407  4.585  4.575  4.525  4.754  4.443  4.369  4.483  4.344  4.522  4.578  4.533  4.260  4.489  4.304  4.277  4.407  4.143  4.127  4.078  4.234  4.344  4.241  4.270  4.382  4.304  4.363  4.357  4.246  4.357  4.317  4.263
5.286  5.088  5.118  5.063  5.193  4.984  5.203  5.204  5.172  5.313  5.247  5.204  5.297  5.231  5.257  5.106  4.850  5.159  5.187  5.106  5.135  5.004  5.193  5.112  4.883  4.934  5.088  5.100  4.804  5.024  5.159  4.890  4.949  5.024  5.043  5.106  4.881  4.997  4.963  5.017  4.831  5.106
4.382  4.500  4.248  4.382  4.454  4.341  4.260  4.357  4.425  4.443  4.477  4.454  4.443  4.543  4.623  4.341  4.290  4.394  4.277  4.373  4.311  4.220  4.369  4.382  4.205  4.217  4.290  4.227  4.174  4.156  4.263  4.078  4.248  4.174  4.248  4.382  4.174  4.382  4.205  4.127  4.171  4.500
4.466  4.369  4.205  4.284  4.317  4.277  4.331  4.248  4.304  4.431  4.419  4.350  4.477  4.263  4.452  4.431  4.205  4.187  4.290  4.331  4.350  4.277  4.344  4.407  4.234  4.159  4.174  4.248  4.004  4.205  4.217  4.078  4.007  4.220  4.078  4.260  4.317  4.066  4.304  4.220  3.989  4.174
3.912  3.850  3.761  3.835  3.824  3.989  3.807  3.892  4.025  4.116  4.143  4.060  4.025  4.078  4.127  3.807  3.784  3.850  4.103  4.094  4.124  4.007  3.850  3.970  3.738  3.829  3.871  3.850  3.807  3.850  3.850  3.850  3.784  3.908  3.892  4.013  3.970  3.871  3.807  3.780  3.813  3.867
5.886  5.717  5.740  5.676  5.793  5.869  5.628  5.775  5.633  5.888  5.759  5.879  5.875  5.889  5.865  5.725  5.529  5.927  5.855  5.973  5.832  5.598  5.694  5.517  5.746  5.606  5.684  5.637  5.484  5.384  5.705  5.671  5.568  5.652  5.601  5.645  5.635  5.666  5.651  5.680  5.471  5.787
4.905  4.984  4.771  4.796  4.963  4.915  4.779  4.779  4.852  5.042  4.860  4.875  5.118  5.182  5.006  4.875  4.710  4.913  4.977  5.103  5.064  4.890  4.994  4.926  4.820  4.819  4.754  4.758  4.630  4.625  5.017  4.812  4.762  4.796  4.804  4.898  4.940  4.871  4.787  4.745  4.703  4.934
5.204  5.182  5.293  5.204  5.338  5.263  5.225  5.198  5.220  5.339  5.286  5.263  5.375  5.412  5.425  5.254  5.100  5.193  5.231  5.204  5.416  5.298  5.252  5.308  5.069  5.081  5.091  5.112  5.056  5.080  5.322  5.112  5.112  5.231  5.193  5.161  5.105  5.208  5.333  5.187  5.063  5.265
5.308  5.165  5.220  5.273  5.333  5.384  5.366  5.318  5.328  5.429  5.388  5.220  5.333  5.371  5.505  5.236  5.268  5.278  5.490  5.215  5.366  5.425  5.323  5.609  5.142  5.024  5.063  5.273  5.231  5.220  5.455  5.301  5.242  5.236  5.352  5.211  5.357  5.147  5.236  5.142  5.209  5.176
6.144  6.109  6.075  6.172  6.142  6.165  6.148  6.099  6.118  6.399  6.346  6.186  6.284  6.159  6.186  6.089  6.014  6.159  6.176  6.151  6.172  6.059  6.067  6.168  5.919  5.943  5.994  6.006  5.916  5.919  6.133  5.971  6.061  6.061  6.033  6.084  6.061  6.064  6.057  6.105  5.897  6.014
5.424  5.081  5.170  5.124  5.276  5.024  5.106  5.068  5.198  5.293  5.226  5.293  5.170  5.088  5.142  5.153  4.934  5.112  5.273  5.262  5.130  5.030  5.322  5.352  4.913  5.103  5.209  4.905  4.997  4.949  5.004  5.215  4.997  5.100  5.088  5.011  5.043  4.927  5.017  4.860  5.004  4.984
6.732  6.518  6.608  6.328  6.748  6.834  6.471  6.661  6.549  6.744  6.824  6.650  6.865  6.835  6.768  6.588  6.159  6.649  6.624  6.529  6.399  6.457  6.704  6.667  6.170  6.297  6.499  6.604  6.136  6.282  6.645  6.125  6.192  6.418  6.485  6.589  6.516  6.648  6.627  6.726  6.110  6.400
5.472  5.308  5.624  5.457  5.403  5.517  5.332  5.303  5.871  5.505  5.568  5.481  5.511  5.562  5.607  5.442  5.132  5.748  5.489  5.633  5.583  5.416  5.416  5.606  5.220  5.352  5.242  5.345  5.176  5.112  5.457  5.247  5.770  5.366  5.288  5.337  5.273  5.407  5.380  5.313  5.702  5.295
5.198  5.165  5.159  5.112  5.239  5.268  4.927  5.043  4.966  5.302  5.182  5.276  5.273  5.226  5.315  5.056  4.963  5.328  5.197  5.172  5.170  5.053  5.040  5.081  4.828  5.011  4.997  4.787  4.762  4.913  5.004  4.875  5.142  4.956  4.844  5.147  5.017  5.127  5.081  4.989  4.775  4.949
5.081  5.069  5.056  5.121  5.130  4.994  5.009  4.954  5.056  5.187  5.209  5.100  5.187  5.193  5.247  4.890  4.963  5.112  5.024  5.117  5.088  5.058  5.063  5.106  4.625  4.682  4.875  4.779  4.585  4.666  4.828  4.727  4.868  4.844  4.787  5.024  4.700  4.815  5.468  4.796  4.771  4.977
5.501  5.142  5.313  5.118  5.242  5.227  5.193  5.282  5.236  5.318  5.273  5.342  5.495  5.233  5.371  5.142  5.269  5.388  5.545  5.624  5.295  5.159  5.178  5.209  5.153  5.416  5.204  5.029  5.130  5.094  5.100  4.997  5.182  5.112  5.159  5.183  5.196  5.293  5.187  5.278  5.147  5.286
4.852  4.710  4.766  4.790  4.787  4.832  4.927  4.980  5.063  5.403  5.313  5.403  6.109  5.852  5.852  6.171  6.315  6.192  7.064  7.200  7.016  4.691  4.682  4.787  4.590  4.779  4.575  4.452  4.662  4.680  4.605  4.663  4.652  4.663  4.787  4.762  4.691  4.580  4.654  4.580  4.615  4.500
4.543  4.498  4.477  4.595  4.682  4.583  4.407  4.543  4.552  4.673  4.652  4.718  4.812  4.638  4.779  4.554  4.682  4.605  4.811  4.868  4.762  4.796  4.580  4.635  4.522  4.466  4.454  4.500  4.369  4.511  4.443  4.454  4.543  4.585  4.559  4.500  4.431  4.575  4.533  4.431  4.564  4.511
5.091  4.926  5.037  5.050  5.112  4.968  4.900  4.956  5.017  4.984  5.069  5.075  5.164  5.198  5.146  5.050  5.094  4.963  5.142  5.117  5.142  5.043  5.056  5.112  5.017  4.984  4.844  4.942  4.844  4.836  4.927  4.963  5.043  4.883  5.030  5.081  4.852  4.920  4.956  4.868  4.933  4.949
