3.664  3.664  3.555  3.638  3.689  3.578  3.664  3.526  3.733  3.584  3.807  3.714  3.871  3.947  3.714  3.784  3.714  3.638  3.714  3.738  3.829  3.761  3.989  3.714  3.861  3.701  3.605  3.664  3.632  3.584  3.555  3.520  3.689  3.584  3.684  3.638  3.684  3.780  3.709  3.466  3.520  3.638
3.829  3.638  3.555  3.784  3.570  3.611  3.664  3.714  3.555  3.892  3.619  3.714  3.951  3.947  3.970  3.824  3.466  3.584  3.611  3.976  4.078  3.689  3.550  3.829  3.696  3.584  3.684  3.689  3.526  3.584  3.584  3.555  3.466  3.750  3.611  3.550  3.658  3.638  3.592  3.638  3.664  3.714
4.361  4.159  4.174  4.344  4.220  4.337  4.344  4.220  4.284  4.354  4.277  4.217  4.274  4.344  4.419  4.159  4.301  4.248  4.369  4.350  4.317  4.143  4.260  4.263  4.025  4.234  4.187  4.111  4.086  4.194  4.220  4.174  4.205  4.290  4.220  4.174  4.290  4.288  4.140  3.989  4.078  4.174
4.220  3.951  4.007  4.111  4.190  4.078  4.143  4.205  4.290  4.205  4.022  4.171  4.311  4.171  4.127  4.025  4.043  4.174  4.205  4.220  4.197  4.025  4.205  4.174  3.970  4.135  4.078  3.871  3.689  3.989  4.078  3.850  4.060  4.007  3.912  4.043  3.951  4.190  3.932  3.989  3.951  4.052
3.258  3.258  3.250  3.219  3.219  3.258  3.135  3.296  3.434  3.401  3.178  3.466  3.541  3.497  3.526  3.332  3.434  3.401  3.332  3.497  3.490  3.401  3.526  3.459  3.367  3.258  3.367  3.332  3.296  3.367  3.434  3.367  3.401  3.296  3.401  3.296  3.466  3.367  3.258  3.178  3.219  3.258
3.367  3.296  3.296  3.219  3.466  3.258  3.296  3.497  3.466  3.367  3.332  3.526  3.584  3.401  3.401  3.296  3.490  3.434  3.219  3.733  3.526  3.466  3.325  3.459  3.258  3.325  3.367  3.332  3.219  3.497  3.497  3.378  3.325  3.466  3.296  3.258  3.296  3.325  3.258  3.219  3.135  3.219
4.220  4.034  4.091  4.197  4.205  4.231  4.220  4.043  4.533  4.174  3.989  4.290  4.290  4.111  4.190  4.078  3.970  4.143  4.127  4.248  4.494  4.171  4.220  4.369  3.912  4.052  4.111  4.205  3.989  3.970  3.951  4.234  4.477  4.078  4.135  4.132  3.989  3.871  3.947  4.094  4.290  3.902
3.714  3.780  3.951  3.850  3.951  3.802  3.892  3.768  3.761  3.892  3.784  3.757  4.078  3.970  4.078  3.850  3.850  3.829  3.912  3.967  4.007  3.985  3.761  3.989  3.829  3.684  3.807  3.714  3.738  3.738  3.761  3.861  3.807  3.555  3.912  3.784  3.733  3.733  3.555  3.773  3.664  3.664
3.296  3.325  3.526  3.401  3.332  3.296  3.332  3.367  3.401  3.497  3.434  3.434  3.401  3.401  3.611  3.296  3.428  3.434  3.466  3.632  3.555  3.401  3.367  3.526  3.401  3.332  3.332  3.401  3.258  3.367  3.434  3.459  3.434  3.219  3.296  3.296  3.296  3.401  3.434  3.367  3.296  3.332
3.250  3.526  3.401  3.367  3.258  3.219  3.258  3.555  3.258  3.332  3.211  3.296  3.401  3.325  3.638  3.332  3.395  3.401  3.459  3.401  3.512  3.434  3.367  3.332  3.434  3.401  3.258  3.178  3.367  3.450  3.466  3.367  3.367  3.367  3.367  3.466  3.178  3.219  3.296  3.135  3.258  3.332
3.807  3.689  3.714  3.795  3.912  3.761  3.824  3.738  3.738  3.761  3.750  3.807  4.043  3.892  3.892  3.714  3.664  3.807  3.871  3.871  3.846  3.761  3.638  3.784  3.584  3.651  3.658  3.738  3.466  3.684  3.658  3.689  3.714  3.714  3.632  3.664  3.780  3.761  3.738  3.714  3.738  3.745
3.296  3.296  3.418  3.296  3.434  3.526  3.584  3.638  3.332  3.526  3.651  3.584  3.611  3.664  3.807  3.497  3.497  3.550  3.689  3.526  3.714  3.664  3.367  3.584  3.526  3.584  3.555  3.497  3.401  3.466  3.332  3.497  3.638  3.367  3.401  3.332  3.332  3.332  3.367  3.428  3.555  3.401
4.858  4.771  4.909  4.754  4.787  4.779  4.739  4.811  4.718  4.771  4.852  4.762  4.820  4.963  4.927  4.796  4.691  4.913  4.924  4.889  4.883  4.836  4.919  5.118  4.787  4.625  4.754  4.721  4.769  4.700  4.802  4.673  4.828  4.804  4.787  4.754  4.905  4.745  4.836  4.787  4.787  4.625
5.198  5.231  5.263  5.182  5.215  5.323  5.226  5.236  5.276  5.252  5.317  5.344  5.263  5.460  5.347  5.204  5.165  5.308  5.313  5.292  5.398  5.303  5.442  5.529  5.288  5.268  5.375  5.197  5.198  5.130  5.165  5.168  5.259  5.252  5.278  5.212  5.204  5.231  5.182  5.242  5.182  5.152
4.902  4.536  4.762  4.870  4.862  4.779  4.718  4.762  4.812  4.868  4.727  4.844  4.927  4.736  4.911  4.699  4.691  4.610  4.860  4.963  4.700  4.812  4.575  4.736  4.727  4.794  4.564  4.644  4.449  4.477  4.554  4.522  4.762  4.836  4.710  4.804  4.511  4.736  4.700  4.804  4.585  4.745
3.846  4.025  3.829  3.877  4.025  3.970  4.007  3.892  3.932  4.111  3.985  3.932  4.263  4.124  4.143  3.932  4.099  4.025  3.989  4.057  4.234  4.094  3.892  4.156  3.989  3.998  3.912  3.807  3.757  3.714  3.912  3.850  3.951  3.892  3.871  3.957  3.892  3.892  3.871  3.824  3.892  3.892
4.443  4.277  4.344  4.344  4.522  4.369  4.164  4.357  4.248  4.489  4.311  4.431  4.564  4.422  4.489  4.369  4.331  4.367  4.357  4.431  4.369  4.143  4.419  4.344  4.205  4.290  4.234  4.140  4.004  3.989  4.127  4.143  4.263  4.344  4.304  4.382  4.277  4.454  4.380  4.234  4.143  4.304
3.664  3.611  3.664  3.757  3.714  3.564  3.497  3.526  3.638  3.738  3.619  3.807  3.932  3.761  3.761  3.535  3.784  3.689  3.658  3.928  3.829  3.738  3.714  3.795  3.689  3.709  3.664  3.434  3.526  3.689  3.555  3.611  3.738  3.584  3.689  3.611  3.497  3.714  3.611  3.367  3.584  3.689
3.332  3.178  3.466  3.434  3.490  3.332  3.296  3.526  3.466  3.401  3.367  3.584  3.526  3.401  3.555  3.395  3.434  3.466  3.619  3.638  3.466  3.434  3.497  3.401  3.497  3.466  3.466  3.466  3.219  3.401  3.332  3.584  3.584  3.367  3.892  3.332  3.332  3.434  3.178  3.332  3.584  3.332
3.466  3.258  3.638  3.584  3.497  3.664  3.584  3.664  3.701  3.638  3.638  3.611  3.611  3.714  3.684  3.497  3.664  3.624  3.892  3.807  3.784  3.689  3.578  3.664  3.709  3.784  3.611  3.555  3.401  3.664  3.578  3.738  3.733  3.541  4.060  3.584  3.332  3.738  3.401  3.434  3.638  3.526
3.761  3.850  3.738  3.664  3.624  3.584  3.784  3.638  3.611  3.638  3.624  3.689  3.761  3.714  3.932  3.738  3.745  3.611  3.850  3.932  3.784  3.689  3.835  3.738  3.784  3.664  3.829  3.584  3.526  3.555  3.605  3.714  3.689  3.584  3.738  3.738  3.584  3.664  3.689  3.638  3.664  3.584
3.526  3.684  3.745  3.611  3.611  3.664  3.401  3.689  3.611  3.829  3.401  3.611  3.611  3.709  3.947  3.497  3.664  3.497  3.912  3.980  3.784  3.689  3.611  3.611  3.466  3.550  3.689  3.526  3.555  3.466  3.611  3.726  3.784  3.555  3.555  3.638  3.638  3.526  3.526  3.401  3.738  3.676
