5.153  4.958  4.934  4.920  4.990  4.970  5.011  4.942  5.027  4.956  4.779  4.898  5.036  5.136  5.111  4.931  4.881  5.176  5.142  5.030  5.056  4.922  5.017  4.987  4.913  4.836  4.860  4.779  4.718  4.824  4.927  4.900  4.905  4.947  4.942  4.986  4.836  4.984  4.890  4.961  4.926  5.063
5.357  5.278  5.323  5.094  5.334  5.366  5.327  5.200  5.276  5.308  5.236  5.278  5.454  5.438  5.432  5.282  5.159  5.209  5.357  5.351  5.409  5.394  5.288  5.283  5.193  5.118  5.233  5.278  4.963  5.130  5.312  5.263  5.147  5.153  5.293  5.159  5.325  5.375  5.168  5.400  5.102  5.347
6.026  6.057  6.021  5.799  6.052  6.111  5.935  6.026  5.938  6.073  6.004  6.180  6.165  6.157  6.180  5.911  5.913  5.996  6.038  6.087  5.974  6.001  6.116  6.087  5.861  5.787  5.991  5.951  5.553  5.808  6.090  5.930  5.951  5.768  5.966  5.966  5.978  6.059  5.948  6.002  5.889  5.994
5.878  5.932  5.861  5.640  5.846  6.026  5.861  5.908  5.916  5.875  5.790  5.930  6.006  5.996  6.082  5.880  5.800  5.895  5.969  5.916  5.919  5.932  6.099  6.064  5.772  5.685  5.831  5.740  5.481  5.792  6.025  5.841  5.704  5.735  5.858  5.869  5.963  5.864  5.758  5.838  5.811  5.743
4.159  4.078  4.511  4.220  4.111  4.205  4.111  4.297  4.220  4.543  4.231  4.288  4.127  4.060  4.205  4.140  4.111  4.060  4.205  4.220  4.511  4.277  4.057  4.277  4.194  3.970  4.007  4.007  4.078  4.116  3.951  4.248  4.248  4.277  4.369  4.143  3.871  4.217  4.094  4.016  4.043  4.220
3.932  3.970  4.253  3.892  3.951  4.116  4.007  4.091  3.970  4.248  4.091  4.171  4.060  4.060  4.078  3.970  4.048  4.094  3.932  4.078  4.209  3.970  3.951  4.174  4.007  3.892  3.802  3.908  3.761  3.980  3.761  3.892  4.034  4.031  3.970  4.304  3.807  3.871  3.871  3.877  3.714  3.807
3.671  3.526  3.497  3.434  3.555  3.761  3.664  3.481  3.784  3.638  3.367  3.526  3.761  3.664  3.714  3.701  3.689  3.611  3.555  3.676  3.773  3.638  3.497  3.709  3.555  3.714  3.497  3.611  3.401  3.526  3.434  3.664  3.784  3.555  3.701  3.555  3.550  3.401  3.434  3.555  3.555  3.367
3.584  3.550  3.714  3.664  3.733  3.638  3.584  3.638  3.773  3.664  3.664  3.526  3.898  3.689  3.871  3.733  3.526  3.664  3.829  3.714  4.022  3.611  3.584  3.773  3.714  3.611  3.664  3.584  3.367  3.466  3.526  3.784  3.850  3.497  3.784  3.584  3.475  3.434  3.689  3.466  3.611  3.638
3.367  3.332  3.367  3.526  3.555  3.497  3.434  3.555  3.714  3.555  3.296  3.434  3.714  3.689  3.638  3.570  3.584  3.526  3.689  3.664  3.761  3.658  3.584  3.733  3.395  3.332  3.401  3.367  3.526  3.367  3.434  3.497  3.584  3.296  3.332  3.332  3.526  3.466  3.367  3.520  3.296  3.584
3.497  3.296  3.401  3.367  3.332  3.459  3.434  3.434  3.638  3.584  3.497  3.466  3.611  3.664  3.807  3.611  3.526  3.497  3.497  3.638  3.526  3.434  3.526  3.401  3.466  3.258  3.611  3.401  3.314  3.497  3.258  3.689  3.526  3.428  3.466  3.401  3.325  3.367  3.250  3.367  3.367  3.584
5.043  4.929  4.796  4.905  4.850  4.934  4.860  4.796  4.956  4.836  4.956  4.963  5.004  4.990  4.990  4.787  4.782  4.883  4.913  4.913  4.956  4.949  4.916  5.081  4.852  4.913  4.754  4.700  4.779  4.743  4.663  4.787  4.852  4.836  4.887  4.945  4.844  4.754  4.804  4.779  4.700  4.836
4.864  4.931  4.949  4.913  4.848  4.934  4.779  4.779  4.875  4.970  4.827  4.942  5.011  4.952  4.954  4.727  4.844  4.954  4.812  4.920  5.011  4.982  5.011  5.017  4.890  4.905  4.868  4.727  4.727  4.682  4.836  4.741  4.963  4.890  4.860  4.860  4.874  4.875  4.970  4.804  4.727  4.956
4.060  4.025  3.892  4.025  4.060  4.004  4.007  4.034  4.043  4.234  3.970  3.918  4.108  4.159  4.328  4.108  4.148  4.025  4.140  4.234  4.127  4.159  3.989  4.094  3.976  3.861  3.928  3.951  3.807  4.007  4.060  4.124  4.060  4.007  3.951  3.892  4.111  4.025  3.932  3.738  3.807  3.871
4.663  4.543  4.419  4.431  4.454  4.407  4.369  4.477  4.407  4.605  4.404  4.575  4.754  4.466  4.575  4.431  4.527  4.394  4.489  4.520  4.717  4.554  4.466  4.644  4.277  4.263  4.398  4.263  4.248  4.344  4.466  4.575  4.477  4.431  4.443  4.431  4.580  4.369  4.317  4.337  4.111  4.290
4.691  4.533  4.460  4.605  4.605  4.562  4.407  4.543  4.431  4.554  4.676  4.564  4.595  4.595  4.635  4.443  4.511  4.682  4.564  4.635  4.623  4.369  4.522  4.603  4.419  4.357  4.554  4.454  4.386  4.477  4.454  4.357  4.454  4.522  4.437  4.315  4.522  4.538  4.511  4.454  4.331  4.477
4.443  4.407  4.431  4.344  4.367  4.431  4.404  4.290  4.472  4.431  4.341  4.486  4.494  4.533  4.546  4.419  4.331  4.440  4.419  4.543  4.580  4.354  4.431  4.543  4.317  4.419  4.394  4.331  4.500  4.357  4.394  4.407  4.454  4.382  4.431  4.331  4.234  4.331  4.331  4.369  4.304  4.290
4.585  4.428  4.580  4.635  4.575  4.549  4.605  4.699  4.657  4.644  4.533  4.554  4.657  4.691  4.844  4.443  4.605  4.522  4.762  4.734  4.718  4.613  4.605  4.796  4.696  4.595  4.554  4.538  4.290  4.416  4.511  4.595  4.691  4.489  4.625  4.605  4.382  4.533  4.533  4.407  4.749  4.559
4.673  4.489  4.394  4.443  4.489  4.331  4.466  4.304  4.546  4.700  4.533  4.369  4.500  4.608  4.644  4.407  4.452  4.446  4.533  4.615  4.564  4.498  4.500  4.723  4.603  4.373  4.691  4.277  4.348  4.127  4.263  4.552  4.505  4.595  4.794  4.505  4.159  4.443  4.220  4.585  4.500  4.404
4.016  3.902  4.060  4.220  4.103  4.007  4.119  4.182  4.290  4.143  4.052  4.094  4.111  4.205  4.404  3.932  4.025  4.094  4.248  4.431  4.344  4.174  3.932  4.263  4.111  4.156  4.057  3.932  3.761  3.951  3.912  3.807  4.182  4.060  4.025  3.871  3.912  3.951  3.850  3.871  4.194  3.989
5.170  5.056  4.905  4.934  4.984  4.871  5.037  5.004  5.106  5.204  5.037  5.063  5.075  5.075  5.198  4.945  5.009  5.042  5.024  5.077  5.215  5.088  5.030  5.311  4.990  4.835  4.909  4.852  4.898  5.024  4.832  5.069  5.030  4.959  5.120  4.956  4.934  4.762  4.913  5.017  4.879  4.949
4.234  3.932  4.159  4.202  4.263  4.004  4.094  4.078  4.209  4.277  4.057  4.167  4.205  4.331  4.337  4.143  4.078  4.040  4.304  4.220  4.483  4.220  4.174  4.386  3.951  3.989  3.989  3.807  3.709  3.951  4.007  4.148  4.407  3.989  4.111  4.043  3.989  4.143  4.086  3.892  3.970  3.780
4.369  4.234  4.394  4.369  4.350  4.331  4.260  4.227  4.511  4.308  4.354  4.419  4.344  4.659  4.585  4.335  4.382  4.304  4.419  4.392  4.739  4.440  4.422  4.511  4.069  4.124  4.143  4.111  3.932  4.290  4.111  4.263  4.324  4.295  4.388  4.331  4.301  4.281  4.174  4.156  4.246  3.871
