4.852  4.843  4.963  4.858  5.036  5.172  5.140  5.032  4.999  5.100  5.042  5.100  5.136  5.136  5.165  4.963  4.868  4.905  5.043  4.875  4.963  4.956  4.927  4.942  4.997  5.024  5.037  4.850  4.705  4.816  4.786  4.883  4.905  5.069  5.069  5.081  5.006  4.956  4.777  4.745  4.828  4.860
4.111  4.241  4.127  4.234  4.315  4.382  4.511  4.190  4.357  4.354  4.464  4.505  4.431  4.220  4.407  4.194  4.263  4.248  4.419  4.533  4.575  4.477  4.212  4.174  4.317  4.260  4.277  4.190  4.159  4.094  4.074  4.304  4.277  4.525  4.454  4.522  4.277  4.111  4.143  4.190  4.234  4.284
4.234  4.174  4.394  4.220  4.078  4.190  4.094  4.246  4.246  4.190  4.060  4.344  4.331  4.277  4.290  4.127  4.205  4.304  4.220  4.350  4.369  4.111  4.127  4.290  4.127  4.217  4.159  4.091  3.995  4.205  4.190  4.124  4.127  4.094  4.091  4.174  4.212  4.205  4.111  4.108  4.025  4.212
4.779  4.554  4.615  4.654  4.682  4.615  4.564  4.593  4.605  4.710  4.564  4.812  4.890  4.691  4.760  4.671  4.605  4.603  4.682  4.654  4.812  4.710  4.682  4.836  4.575  4.466  4.466  4.425  4.392  4.431  4.564  4.530  4.691  4.575  4.573  4.575  4.673  4.595  4.489  4.585  4.538  4.585
4.522  4.605  4.533  4.489  4.317  4.533  4.580  4.585  4.654  4.659  4.564  4.615  4.615  4.489  4.615  4.466  4.419  4.575  4.489  4.449  4.538  4.595  4.443  4.615  4.357  4.489  4.344  4.350  4.202  4.369  4.570  4.394  4.431  4.454  4.585  4.382  4.625  4.290  4.446  4.331  4.369  4.324
4.094  3.970  3.970  4.091  3.951  4.094  4.078  4.111  3.970  4.127  4.078  4.277  4.140  4.248  4.171  4.025  3.980  3.947  4.111  4.209  4.119  4.025  4.094  4.174  3.932  3.912  3.871  4.060  4.025  3.932  4.060  4.094  3.985  4.043  4.007  4.043  4.205  4.025  3.882  3.829  3.871  4.043
4.205  4.025  4.263  4.127  4.190  4.205  4.190  4.187  4.094  4.224  4.094  4.354  4.263  4.290  4.304  4.124  3.951  4.290  4.288  4.304  4.297  4.116  4.174  4.174  4.111  4.159  4.060  4.025  4.007  4.124  3.970  4.111  4.060  4.022  4.007  4.190  4.040  4.127  3.970  4.143  4.094  4.111
4.007  3.638  3.989  4.074  3.957  3.932  3.951  4.007  3.970  4.007  3.892  4.094  3.951  4.060  4.143  3.892  3.951  3.892  3.989  4.179  4.091  3.951  3.807  4.043  3.807  3.985  3.970  3.802  3.738  4.078  4.025  3.951  3.892  4.111  4.060  4.022  3.829  3.807  3.714  3.850  3.761  3.932
4.771  4.494  4.736  4.638  4.682  4.644  4.575  4.580  4.654  4.663  4.575  4.911  4.754  4.727  4.820  4.489  4.431  4.625  4.762  5.094  4.875  4.595  4.625  4.585  4.419  4.564  4.575  4.543  4.452  4.475  4.575  4.595  4.644  4.564  4.615  4.564  4.509  4.625  4.615  4.552  4.477  4.743
4.820  4.765  4.904  4.944  4.920  4.984  4.898  5.016  4.913  4.836  4.820  5.050  4.804  4.875  4.836  4.828  4.718  4.975  5.037  4.942  5.043  4.736  4.779  4.828  4.802  4.812  4.718  4.771  4.625  4.635  4.868  4.890  4.890  4.762  4.852  4.898  4.852  4.787  4.905  4.699  4.663  4.828
3.709  3.850  3.684  3.664  3.689  3.738  3.738  3.784  3.738  3.761  3.664  3.784  3.998  3.928  4.060  3.738  3.989  3.664  3.829  3.898  4.052  3.761  3.584  3.829  3.912  3.757  3.638  3.658  3.689  3.714  3.611  3.784  3.784  3.638  3.888  3.738  3.689  3.466  3.784  3.584  3.638  3.714
3.761  3.638  3.829  3.829  3.658  3.714  3.888  3.818  3.824  3.829  3.829  3.871  3.967  3.989  3.912  3.850  3.888  3.714  3.871  4.007  3.928  3.761  3.761  3.850  3.784  3.761  3.829  3.714  3.714  3.829  3.871  3.709  3.850  3.807  3.951  3.932  3.714  3.784  3.784  3.709  3.761  3.871
4.754  4.489  4.564  4.564  4.633  4.691  4.394  4.489  4.533  4.836  4.625  4.620  4.848  4.771  4.816  4.625  4.514  4.635  4.771  4.699  4.682  4.466  4.654  4.682  4.443  4.431  4.543  4.605  4.419  4.419  4.564  4.431  4.382  4.464  4.500  4.511  4.530  4.557  4.580  4.671  4.344  4.564
4.127  4.187  4.290  4.174  4.311  4.357  4.094  4.190  4.060  4.376  4.304  4.331  4.511  4.419  4.847  4.220  4.159  4.190  4.354  4.315  4.369  4.111  4.234  4.434  3.970  4.094  4.234  4.151  4.159  4.060  4.094  4.159  4.174  4.143  4.159  4.078  4.248  4.143  4.205  4.078  4.111  4.190
4.844  4.625  4.682  4.828  4.732  4.787  4.520  4.676  4.595  4.844  4.745  4.905  4.804  4.868  4.920  4.673  4.682  4.836  4.913  4.883  4.745  4.736  4.673  4.844  4.575  4.460  4.509  4.700  4.419  4.466  4.500  4.700  4.691  4.682  4.718  4.828  4.663  4.635  4.754  4.583  4.431  4.673
4.143  4.060  4.190  4.304  4.220  4.007  4.043  3.970  4.220  4.277  4.220  4.205  4.111  4.190  4.328  4.025  4.111  4.256  4.331  4.290  4.290  4.317  4.094  4.234  4.060  4.212  4.091  4.094  3.951  3.932  3.989  4.159  4.187  4.111  4.060  4.190  4.007  4.127  4.143  4.091  3.970  4.078
4.407  4.290  4.431  4.304  4.428  4.394  4.304  4.317  4.407  4.511  4.174  4.454  4.454  4.367  4.443  4.315  4.419  4.290  4.382  4.331  4.331  4.317  4.317  4.369  4.337  4.277  4.315  4.143  4.331  4.190  4.190  4.431  4.357  4.350  4.127  4.357  4.290  4.290  4.094  4.143  4.263  4.401
4.898  4.585  4.605  4.828  4.691  4.615  4.615  4.700  4.605  4.736  4.654  4.828  4.787  4.663  4.852  4.554  4.727  4.625  4.787  4.771  4.771  4.787  4.575  4.836  4.600  4.595  4.483  4.554  4.543  4.570  4.520  4.620  4.718  4.685  4.635  4.691  4.477  4.615  4.489  4.642  4.625  4.552
5.493  5.308  5.388  5.549  5.509  5.425  5.394  5.505  5.490  5.576  5.493  5.635  5.576  5.553  5.533  5.384  5.380  5.451  5.535  5.537  5.523  5.434  5.375  5.384  5.460  5.425  5.263  5.375  5.263  5.351  5.361  5.517  5.628  5.407  5.393  5.460  5.357  5.613  5.541  5.421  5.269  5.624
4.754  4.536  4.771  4.990  4.749  4.852  4.796  4.771  4.745  4.883  4.771  4.877  4.860  4.920  4.975  4.605  4.762  4.691  4.949  4.904  5.043  4.827  4.691  4.673  4.812  4.727  4.477  4.663  4.407  4.580  4.543  4.890  4.893  4.820  4.843  4.796  4.690  4.898  4.836  4.700  4.808  4.779
5.130  5.061  5.043  5.017  5.159  5.053  4.970  5.094  5.094  4.990  5.011  5.187  5.165  4.990  5.236  5.029  5.132  5.247  5.136  5.209  5.176  5.136  5.100  5.159  4.905  4.949  4.997  4.828  4.844  4.956  4.934  4.942  5.081  5.094  5.037  5.075  5.030  5.075  5.072  5.055  5.136  5.124
4.174  4.174  4.205  4.111  4.159  4.202  4.094  4.091  4.290  4.174  4.331  4.234  4.404  4.263  4.466  4.174  4.135  4.394  4.143  4.290  4.331  4.159  4.127  4.159  4.234  4.043  4.094  4.078  4.025  4.007  4.317  4.190  4.190  4.174  3.989  4.159  4.143  4.127  4.108  4.140  4.111  4.220
