3.497  3.401  3.584  3.367  3.466  3.434  3.466  3.466  3.526  3.611  3.219  3.526  3.871  3.714  3.578  3.664  3.526  3.497  3.689  3.802  3.664  3.584  3.526  3.520  3.434  3.401  3.434  3.296  3.258  3.497  3.434  3.541  3.434  3.401  3.555  3.434  3.564  3.466  3.526  3.497  3.367  3.497
3.332  3.367  3.367  3.367  3.401  3.296  3.466  3.584  3.332  3.367  3.296  3.497  3.497  3.411  3.526  3.428  3.434  3.584  3.466  3.584  3.520  3.550  3.555  3.526  3.434  3.401  3.497  3.401  3.296  3.332  3.296  3.555  3.466  3.401  3.401  3.401  3.360  3.332  3.343  3.296  3.296  3.258
5.501  5.583  5.485  5.380  5.521  5.505  5.651  5.517  5.521  5.705  5.606  5.621  5.687  5.620  5.652  5.787  5.580  5.580  5.561  5.464  5.589  5.591  5.561  5.649  5.380  5.338  5.583  5.425  5.464  5.403  5.616  5.328  5.389  5.541  5.464  5.620  5.476  5.333  5.476  5.501  5.347  5.485
5.775  5.720  5.707  5.568  5.613  5.687  5.723  5.707  5.752  5.821  5.817  5.720  5.855  5.817  5.796  5.659  5.572  5.733  5.730  5.717  5.728  5.615  5.707  5.805  5.553  5.557  5.673  5.505  5.485  5.613  5.655  5.519  5.595  5.580  5.677  5.591  5.606  5.581  5.638  5.595  5.384  5.602
4.078  4.060  4.016  4.159  4.078  4.143  3.989  4.094  4.127  4.357  4.025  4.205  4.190  4.304  4.466  4.078  4.099  4.111  4.156  4.094  4.394  4.174  4.317  4.174  3.942  3.932  3.970  3.951  3.871  4.182  4.025  4.025  4.043  3.989  3.970  4.078  3.989  3.892  3.951  4.066  4.060  4.043
4.718  4.754  4.741  4.754  4.633  4.736  4.749  4.802  4.804  4.779  4.828  4.913  4.977  4.883  4.836  4.700  4.745  4.554  4.779  4.844  4.907  4.836  4.828  4.654  4.585  4.533  4.603  4.663  4.533  4.511  4.868  4.673  4.605  4.687  4.644  4.635  4.727  4.727  4.538  4.464  4.635  4.682
4.787  4.828  4.699  4.819  4.615  4.613  4.804  4.712  4.642  4.844  4.890  4.790  4.913  4.752  4.913  4.703  4.654  4.575  4.754  4.718  4.771  4.736  4.736  4.812  4.721  4.718  4.635  4.500  4.564  4.644  4.635  4.635  4.652  4.615  4.762  4.671  4.615  4.792  4.721  4.575  4.443  4.554
4.143  4.159  4.069  4.205  3.951  4.094  4.127  4.156  4.234  4.174  4.007  4.263  4.392  4.124  4.304  4.034  4.224  4.094  4.111  4.335  4.290  4.187  4.234  4.190  3.989  3.922  4.190  3.912  3.912  4.116  4.007  4.174  4.078  4.234  4.143  4.277  4.151  4.094  4.060  3.967  4.060  4.205
4.700  4.663  4.934  4.802  4.828  5.075  4.762  4.771  4.868  5.063  4.736  5.050  4.820  4.898  4.898  4.700  4.796  4.727  5.042  4.956  4.949  4.779  4.680  5.011  4.754  4.762  4.915  4.970  4.546  4.862  4.673  4.682  5.068  4.898  5.011  4.977  4.625  4.812  4.718  4.718  4.500  4.727
4.344  4.440  4.538  4.369  4.317  4.883  4.700  4.454  4.644  4.864  4.407  4.682  4.663  4.263  4.477  4.564  4.220  4.413  4.752  4.527  4.174  4.382  4.260  4.644  4.179  4.091  4.369  4.477  4.220  4.615  4.190  4.708  4.620  4.248  4.844  4.538  4.277  4.190  4.344  4.304  4.277  4.317
4.124  3.989  4.025  4.220  4.094  4.205  4.078  4.040  3.995  4.159  4.060  4.127  4.407  4.248  4.241  4.025  4.052  3.961  4.127  4.108  4.159  4.060  4.004  4.078  4.040  3.892  4.108  4.007  3.780  3.951  4.043  4.022  3.912  4.078  4.205  4.174  3.967  3.892  4.111  3.829  3.892  3.980
4.554  4.489  4.625  4.710  4.477  4.489  4.590  4.520  4.486  4.554  4.557  4.554  4.483  4.428  4.694  4.369  4.394  4.348  4.554  4.562  4.625  4.605  4.500  4.404  4.248  4.111  4.202  4.231  4.078  4.263  4.311  4.394  4.494  4.376  4.511  4.394  4.260  4.394  4.277  4.431  4.454  4.466
4.836  4.754  4.754  4.920  4.705  4.820  4.727  4.787  4.796  5.017  4.819  4.979  5.032  4.883  5.030  4.699  4.642  4.828  4.977  4.927  4.868  4.802  4.779  4.727  4.718  4.603  4.605  4.727  4.382  4.595  4.677  4.673  4.806  4.727  4.754  4.710  4.659  4.916  4.736  4.700  4.727  4.708
4.615  4.687  4.543  4.663  4.514  4.564  4.762  4.644  4.647  4.836  4.554  4.771  4.779  4.682  4.736  4.620  4.543  4.625  4.718  4.644  4.754  4.654  4.654  4.682  4.500  4.466  4.682  4.522  4.419  4.554  4.663  4.477  4.615  4.787  4.595  4.699  4.570  4.635  4.511  4.331  4.489  4.489
4.043  4.094  4.025  3.970  4.025  3.970  4.111  4.078  4.094  4.148  4.140  4.119  4.284  4.043  4.127  3.850  4.022  4.205  4.234  4.143  4.419  4.078  4.119  4.159  3.989  3.912  4.060  4.025  3.871  3.951  3.989  4.111  4.202  4.094  4.094  4.094  3.970  4.052  4.060  3.942  3.912  3.784
4.754  4.889  4.615  4.721  4.796  4.771  4.718  4.754  4.736  4.754  4.779  4.827  5.004  4.700  5.030  4.883  4.533  4.595  4.836  4.754  4.717  4.700  4.699  4.796  4.682  4.762  4.671  4.615  4.635  4.758  4.718  4.644  4.703  4.836  4.654  4.754  4.835  4.635  4.718  4.533  4.552  4.595
4.174  4.094  4.094  4.263  4.248  4.217  4.143  4.419  4.301  4.419  4.248  4.304  4.573  4.369  4.419  4.248  4.111  4.174  4.234  4.454  4.344  4.159  4.143  4.331  4.174  4.277  4.127  4.057  4.078  4.007  4.025  4.043  4.263  4.159  4.331  4.234  4.060  4.317  4.127  4.220  4.171  4.043
3.555  3.497  3.784  3.689  3.664  3.550  3.638  3.632  3.738  3.761  3.689  3.850  4.167  3.664  4.078  3.605  3.664  3.584  3.807  3.888  3.738  3.784  3.638  3.807  3.850  3.555  3.664  3.584  3.466  3.555  3.689  3.714  3.970  3.676  3.846  3.497  3.550  3.638  3.696  3.584  3.605  3.497
4.297  4.174  4.304  4.538  4.171  4.220  4.227  4.290  4.127  4.466  4.354  4.234  4.407  4.380  4.466  4.277  4.277  4.344  4.466  4.525  4.304  4.290  4.234  4.241  4.248  4.094  4.277  4.078  4.025  4.174  4.331  4.277  4.500  4.260  4.241  4.182  4.190  4.234  4.231  4.156  4.205  4.212
4.977  4.836  4.977  4.977  4.890  4.977  5.088  4.905  5.011  5.130  4.883  5.106  5.226  5.088  5.165  4.898  4.992  4.905  5.063  5.186  5.147  4.905  4.754  5.009  5.043  5.017  4.852  4.852  4.727  4.745  4.868  4.947  4.942  4.997  5.004  4.942  4.786  4.812  4.942  4.868  4.934  4.963
5.561  5.499  5.472  5.639  5.579  5.438  5.333  5.421  5.451  5.628  5.497  5.582  5.762  5.620  5.648  5.481  5.278  5.513  5.492  5.587  5.630  5.585  5.643  5.677  5.400  5.328  5.429  5.423  5.310  5.361  5.460  5.380  5.572  5.472  5.481  5.505  5.468  5.338  5.464  5.489  5.345  5.412
4.143  4.263  4.220  4.288  4.127  4.111  4.094  4.143  4.367  4.174  4.288  4.174  4.543  4.288  4.361  4.174  4.220  4.094  4.317  4.404  4.564  4.394  4.317  4.311  4.060  4.025  4.124  4.331  4.007  4.159  4.060  4.143  4.290  4.253  4.234  4.159  4.007  4.190  4.127  4.007  4.241  4.190
