4.644  4.771  4.407  4.277  4.407  4.454  4.466  4.394  4.554  4.762  4.700  4.489  4.575  4.615  4.585  4.682  4.452  4.477  4.363  4.440  4.522  4.500  4.779  4.762  4.369  4.511  4.644  4.348  4.190  4.533  4.682  4.477  4.277  4.394  4.331  4.500  4.543  4.454  4.489  4.344  4.263  4.217
4.699  5.024  4.691  4.533  4.585  4.812  4.836  4.685  4.762  4.762  4.779  4.673  4.777  4.796  4.710  4.877  4.546  4.511  4.543  4.610  4.836  4.766  4.800  4.956  4.570  4.458  4.727  4.530  4.554  4.710  4.844  4.603  4.407  4.802  4.721  4.703  4.771  4.304  4.727  4.449  4.407  4.407
3.738  3.611  3.638  3.611  3.738  3.611  3.638  3.824  3.807  3.761  3.541  3.638  3.824  3.638  3.850  3.689  3.611  3.738  3.807  3.780  3.892  3.466  3.807  3.850  3.584  3.578  3.689  3.584  3.611  3.526  3.689  3.738  3.807  3.555  3.611  3.526  3.526  3.555  3.638  3.555  3.497  3.584
3.738  4.004  3.932  3.932  3.892  3.807  3.784  3.932  4.004  3.970  3.664  3.871  3.928  3.961  3.892  3.928  3.902  3.784  3.908  4.074  3.892  3.892  3.980  3.871  3.908  3.684  3.951  3.807  3.709  3.689  3.932  3.791  3.912  3.714  3.892  3.738  3.738  3.970  3.784  3.784  3.658  3.784
4.217  4.159  3.912  4.094  4.043  4.060  4.143  4.007  4.119  4.190  4.127  4.159  4.263  4.217  4.344  4.043  4.111  4.078  4.205  4.159  4.274  4.124  4.205  4.277  3.989  4.143  4.078  4.060  3.892  4.127  4.190  4.127  4.159  4.022  4.127  4.159  4.301  3.970  3.989  4.127  4.094  3.967
4.007  3.892  3.932  3.867  3.951  3.738  3.912  3.932  3.912  4.127  3.850  3.888  4.143  3.970  3.970  3.761  3.807  3.850  3.892  4.119  4.111  3.932  3.757  3.871  3.773  3.733  3.871  3.664  3.738  3.726  3.932  3.850  3.807  3.871  3.738  3.807  3.912  3.761  3.761  3.932  3.829  3.738
4.883  4.691  4.904  4.898  4.804  4.682  4.790  4.700  4.625  4.710  4.771  4.812  4.883  4.595  4.836  4.580  4.673  4.779  4.844  4.832  4.787  4.718  4.654  4.727  4.615  4.559  4.700  4.344  4.382  4.530  4.605  4.449  4.644  4.625  4.605  4.533  4.489  4.554  4.714  4.595  4.477  4.673
4.615  4.295  4.615  4.662  4.454  4.585  4.477  4.705  4.344  4.615  4.570  4.489  4.644  4.344  4.543  4.357  4.304  4.331  4.832  4.543  4.454  4.382  4.357  4.394  4.205  4.248  4.290  4.174  3.951  4.398  4.220  4.363  4.317  4.394  4.357  4.231  4.419  4.357  4.431  4.449  4.404  4.373
4.644  4.543  4.682  4.673  4.787  4.533  4.605  4.647  4.762  4.710  4.705  4.860  4.754  4.771  4.700  4.520  4.541  4.654  4.779  4.890  4.700  4.682  4.452  4.796  4.554  4.407  4.317  4.543  4.663  4.419  4.419  4.642  4.710  4.762  4.852  4.727  4.654  4.492  4.369  4.477  4.425  4.503
5.037  4.984  4.942  5.081  4.927  5.088  5.106  4.963  5.100  5.142  5.024  5.209  5.242  5.086  5.226  4.984  5.024  5.011  5.159  5.097  5.215  5.176  5.075  5.147  5.030  4.890  5.007  4.934  4.934  4.779  4.905  5.037  5.153  5.004  5.017  5.043  4.963  4.997  4.949  4.828  4.890  4.890
3.401  3.526  3.332  3.258  3.401  3.296  3.219  3.332  3.296  3.520  3.219  3.325  3.367  3.555  3.434  3.332  3.395  3.401  3.367  3.466  3.434  3.466  3.434  3.367  3.296  3.332  3.296  3.367  3.258  3.401  3.466  3.497  3.296  3.401  3.296  3.434  3.367  3.219  3.178  3.219  3.219  3.401
3.135  3.401  3.332  3.135  3.360  3.296  3.258  3.401  3.332  3.360  3.178  3.360  3.367  3.296  3.401  3.401  3.466  3.258  3.428  3.584  3.367  3.434  3.258  3.584  3.258  3.178  3.178  3.401  3.250  3.250  3.434  3.401  3.401  3.219  3.332  3.332  3.325  3.360  3.219  3.045  3.219  3.332
3.578  3.466  3.750  3.689  3.466  3.555  3.428  3.367  3.664  3.638  3.450  3.611  3.738  3.611  3.664  3.526  3.584  3.638  3.638  3.638  3.611  3.689  3.332  3.555  3.733  3.258  3.526  3.584  3.296  3.658  3.332  3.738  3.714  3.638  3.466  3.497  3.497  3.526  3.401  3.434  3.401  3.466
3.401  3.466  3.490  3.497  3.434  3.367  3.296  3.526  3.497  3.555  3.578  3.332  3.638  3.526  3.584  3.434  3.466  3.466  3.466  3.664  3.459  3.526  3.434  3.497  3.490  3.401  3.481  3.526  3.332  3.395  3.296  3.434  3.401  3.434  3.367  3.481  3.434  3.219  3.258  3.434  3.466  3.296
4.190  3.908  4.007  4.143  3.882  4.043  4.025  3.989  4.234  4.094  4.078  4.007  4.187  4.078  4.331  3.912  4.078  4.111  4.007  4.248  4.190  3.912  3.951  4.111  3.989  3.932  3.850  3.989  3.871  3.912  3.829  4.007  4.060  3.912  3.871  4.111  3.689  4.078  3.985  3.850  3.957  3.761
4.057  3.871  4.078  4.127  3.932  3.857  4.060  4.057  4.167  4.119  4.060  4.078  4.025  4.025  4.288  3.961  4.078  4.078  4.197  4.094  4.284  4.007  4.007  4.143  4.025  3.829  3.824  4.043  3.726  3.970  3.970  4.043  3.892  3.892  3.951  4.007  3.871  3.867  3.850  3.871  3.861  3.871
5.541  5.429  5.565  5.762  5.638  5.606  5.438  5.602  5.659  5.724  5.684  5.768  5.721  5.704  5.979  5.537  5.404  5.565  5.753  5.620  5.720  5.537  5.517  5.517  5.707  5.626  5.451  5.460  5.118  5.323  5.425  5.460  5.529  5.661  5.474  5.606  5.409  5.663  5.631  5.495  5.633  5.533
5.269  5.147  5.204  5.421  5.263  5.256  5.185  5.175  5.242  5.338  5.242  5.352  5.402  5.327  5.455  5.204  5.146  5.136  5.361  5.553  5.394  5.246  5.153  5.394  5.153  5.086  4.984  5.124  4.890  4.956  5.011  5.209  5.231  5.124  5.263  5.176  5.147  5.342  5.287  5.165  5.069  5.056
3.947  3.912  3.871  3.807  3.908  3.932  3.850  3.784  3.871  3.951  4.159  4.022  4.220  4.190  4.127  3.850  3.829  3.846  3.951  4.074  4.043  4.060  3.970  4.217  3.951  3.951  3.871  3.989  3.892  3.871  4.111  3.970  3.951  3.829  4.007  4.078  3.951  3.888  3.892  3.738  3.807  3.892
3.784  3.738  3.795  3.696  3.578  3.584  3.526  3.638  3.497  3.791  3.638  3.738  3.932  3.976  3.850  3.555  3.638  3.584  3.807  3.932  3.714  3.784  3.638  3.651  3.638  3.664  3.611  3.664  3.584  3.714  3.658  3.611  3.829  3.761  3.714  3.689  3.714  3.664  3.584  3.664  3.497  3.638
4.934  4.890  4.779  4.860  4.854  4.898  4.852  4.874  4.844  4.840  4.812  4.920  4.990  4.890  5.103  4.812  4.905  4.916  4.956  5.027  5.052  4.956  4.956  5.081  4.762  4.827  4.905  4.727  4.773  4.625  4.852  4.860  4.820  4.812  4.900  4.961  4.942  4.786  4.783  4.771  4.762  4.630
4.828  4.852  4.832  4.844  4.758  4.836  4.779  4.828  4.868  4.787  4.804  4.835  4.933  4.885  4.875  4.635  4.654  4.852  4.812  4.828  4.792  4.644  4.820  4.875  4.736  4.736  4.804  4.710  4.703  4.844  4.802  4.700  4.852  4.734  4.832  4.852  4.779  4.644  4.777  4.745  4.718  4.663
