4.489  4.625  4.443  4.500  4.533  4.489  4.554  4.595  4.466  4.564  4.663  4.736  4.644  4.615  4.615  4.522  4.562  4.431  4.570  4.407  4.682  4.635  4.564  4.663  4.511  4.382  4.564  4.317  4.263  4.363  4.533  4.477  4.500  4.575  4.525  4.331  4.605  4.691  4.543  4.344  4.277  4.585
4.762  4.635  4.605  4.712  4.717  4.718  4.760  4.734  4.691  4.691  4.736  4.745  4.787  4.663  4.820  4.585  4.522  4.564  4.736  4.779  4.762  4.682  4.836  4.605  4.431  4.407  4.564  4.489  4.111  4.500  4.554  4.595  4.500  4.575  4.620  4.585  4.654  4.682  4.533  4.500  4.500  4.703
4.407  4.277  4.220  4.304  4.543  4.331  4.344  4.354  4.205  4.443  4.277  4.401  4.500  4.522  4.477  4.284  4.331  4.382  4.466  4.328  4.341  4.317  4.357  4.428  4.140  4.159  4.205  4.127  4.174  4.111  4.248  4.143  4.159  4.108  4.127  4.234  4.290  4.315  4.263  4.234  4.143  4.111
4.564  4.477  4.369  4.443  4.543  4.564  4.489  4.590  4.454  4.562  4.564  4.668  4.762  4.635  4.623  4.562  4.304  4.428  4.595  4.500  4.509  4.620  4.615  4.522  4.308  4.369  4.511  4.382  4.454  4.248  4.382  4.248  4.443  4.431  4.295  4.483  4.489  4.392  4.443  4.382  4.288  4.449
4.654  4.554  4.663  4.554  4.605  4.758  4.649  4.605  4.595  4.745  4.898  4.787  4.745  4.727  4.787  4.663  4.509  4.783  4.635  4.615  4.673  4.615  4.745  4.919  4.419  4.511  4.520  4.564  4.575  4.489  4.511  4.394  4.659  4.819  4.443  4.605  4.472  4.522  4.635  4.489  4.419  4.554
4.762  4.710  4.804  4.727  4.739  4.828  4.700  4.644  4.745  4.779  4.652  4.820  4.800  4.823  4.828  4.710  4.771  4.663  4.682  4.762  4.868  4.796  4.680  4.824  4.615  4.543  4.557  4.640  4.564  4.500  4.573  4.533  4.628  4.590  4.605  4.754  4.685  4.723  4.644  4.585  4.595  4.710
4.836  4.585  4.771  4.736  4.811  4.745  4.588  4.691  4.691  4.883  4.754  4.682  4.874  4.736  4.828  4.500  4.452  4.732  4.633  4.920  4.682  4.654  4.654  4.673  4.505  4.500  4.511  4.585  4.477  4.394  4.466  4.533  4.605  4.522  4.522  4.554  4.466  4.673  4.827  4.736  4.673  4.654
5.126  5.024  5.152  5.094  5.011  5.118  4.959  5.050  4.984  5.263  5.170  5.153  5.298  5.100  5.303  5.112  4.875  4.977  5.123  5.069  5.069  4.934  5.030  5.147  4.909  4.934  4.844  4.883  4.890  4.927  5.100  4.920  4.949  4.934  5.153  5.047  5.075  5.075  4.949  5.042  5.100  5.129
5.882  5.434  5.635  5.846  5.767  5.838  5.666  5.740  5.793  5.864  5.852  5.778  5.830  5.649  5.935  5.489  5.537  5.730  5.883  5.864  5.756  5.642  5.564  5.606  5.611  5.700  5.565  5.693  5.442  5.545  5.485  5.566  5.778  5.638  5.839  5.602  5.598  5.707  5.677  5.557  5.775  5.700
5.445  5.050  5.176  5.215  5.257  5.252  5.313  5.298  5.323  5.468  5.357  5.268  5.358  5.215  5.342  5.056  5.030  5.124  5.417  5.256  5.273  5.198  5.129  5.247  5.142  5.162  5.136  5.223  4.942  5.056  5.011  5.175  5.075  5.153  5.287  5.242  5.069  5.252  5.241  5.086  5.112  5.143
4.460  4.202  4.159  4.290  4.174  4.407  4.248  4.304  4.413  4.304  4.127  4.174  4.394  4.466  4.419  4.263  4.248  4.290  4.331  4.317  4.407  4.220  4.277  4.234  4.234  4.135  4.127  4.086  4.043  3.989  4.220  4.231  4.094  4.263  4.290  4.284  4.174  4.043  3.850  4.060  4.209  4.220
4.771  4.605  4.708  4.640  4.691  4.794  4.466  4.673  4.593  4.762  4.718  4.593  4.812  4.783  4.926  4.682  4.654  4.662  4.682  4.564  4.812  4.710  4.787  4.630  4.367  4.533  4.585  4.605  4.431  4.477  4.703  4.541  4.559  4.522  4.691  4.610  4.575  4.673  4.419  4.736  4.344  4.687
3.795  3.738  3.795  3.738  3.714  3.584  3.714  3.761  3.709  3.738  3.584  3.761  3.932  3.807  3.850  3.738  3.761  3.664  3.932  3.807  3.947  3.714  3.871  3.850  3.632  3.807  3.645  3.605  3.638  3.829  3.892  3.888  3.689  3.738  3.714  3.611  3.714  3.784  3.638  3.689  3.584  3.664
3.892  3.738  3.738  3.967  3.912  3.664  3.807  3.912  3.676  3.932  3.738  3.912  4.094  3.989  4.111  3.761  3.689  3.951  4.007  4.212  3.892  3.912  3.784  4.007  3.807  3.757  3.807  3.664  3.497  3.761  3.638  3.839  3.784  3.738  3.689  3.784  3.850  3.850  3.807  3.791  3.605  3.738
3.912  3.912  4.043  3.829  3.970  3.932  4.025  3.989  4.078  4.040  3.912  3.985  4.335  4.174  4.304  3.985  3.871  4.022  4.220  4.127  3.932  3.951  3.807  4.205  4.099  3.912  3.807  3.989  3.807  3.888  4.007  3.892  4.094  4.060  3.951  3.892  3.757  3.807  3.795  4.025  3.829  3.912
3.967  3.892  3.738  3.908  3.871  3.932  3.784  3.829  3.795  3.861  3.861  3.928  4.220  4.159  4.143  3.888  3.951  3.738  3.912  4.094  3.850  3.807  3.761  4.140  3.892  3.733  3.824  3.714  3.664  3.611  3.795  3.761  3.928  3.932  3.784  4.091  3.714  3.773  3.761  3.714  3.850  3.784
3.829  3.850  3.829  3.970  3.898  3.861  3.918  3.829  3.829  4.060  3.938  4.043  4.127  4.025  3.989  3.928  3.912  3.912  3.989  4.111  4.007  3.892  3.850  3.980  3.807  3.892  3.829  3.780  3.664  3.892  3.738  3.850  4.060  3.824  3.871  3.970  3.761  3.912  3.714  3.664  3.888  3.829
3.738  3.555  3.761  3.638  3.664  3.664  3.526  3.714  3.584  3.689  3.733  3.664  3.807  3.689  3.932  3.555  3.829  3.555  3.850  3.761  3.912  3.611  3.550  3.829  3.780  3.497  3.738  3.714  3.497  3.555  3.526  3.555  3.638  3.555  3.664  3.584  3.497  3.664  3.434  3.714  3.526  3.761
5.088  4.898  4.858  5.043  5.094  5.106  5.124  5.056  5.124  5.037  4.898  4.942  5.050  5.088  4.937  4.920  4.852  5.017  5.118  5.056  5.075  4.913  5.088  5.069  4.787  4.836  4.905  4.871  4.663  4.819  4.984  4.762  4.875  4.990  4.970  4.934  4.898  4.898  4.898  4.934  4.868  4.836
4.727  4.749  4.564  4.816  4.543  4.710  4.533  4.543  4.745  4.663  4.585  4.654  4.828  4.710  4.852  4.754  4.625  4.625  4.844  4.804  4.875  4.625  4.844  4.723  4.613  4.590  4.700  4.615  4.344  4.522  4.663  4.605  4.605  4.585  4.812  4.595  4.533  4.812  4.727  4.522  4.505  4.489
6.174  5.955  6.070  6.075  6.071  6.035  5.889  6.061  5.997  6.303  6.151  6.157  6.337  6.269  6.340  6.433  6.248  6.614  6.054  6.136  5.957  5.882  5.993  6.054  5.811  5.741  5.905  5.939  5.642  5.778  5.846  5.673  6.026  5.778  5.960  5.924  5.756  6.109  5.980  5.884  5.856  5.829
5.153  4.812  5.063  5.081  5.056  5.056  4.836  5.024  5.019  5.236  4.920  5.106  5.130  5.037  5.164  4.883  4.883  5.063  5.011  5.139  5.049  4.868  4.990  5.050  4.812  4.739  4.934  4.890  4.564  4.827  4.754  4.700  5.068  4.848  4.887  4.898  4.836  4.977  4.949  4.940  4.920  4.956
