4.094  3.957  4.234  3.998  4.140  4.151  4.234  4.043  4.212  4.220  4.040  4.116  4.344  4.205  4.253  3.912  4.025  4.127  4.234  4.143  4.205  4.043  4.025  4.043  4.043  4.174  4.043  4.007  3.850  4.220  3.912  4.022  3.989  4.127  4.111  4.025  3.989  4.159  3.970  4.127  4.013  4.220
3.892  3.818  3.829  3.780  3.824  3.829  3.784  3.951  3.871  4.007  3.829  3.892  3.951  3.871  4.111  3.689  3.738  3.738  3.989  4.040  4.013  3.850  3.733  3.932  3.638  3.738  3.714  3.714  3.689  3.829  3.745  3.709  3.733  3.807  3.850  3.807  3.932  3.689  3.871  3.738  3.784  3.689
4.234  3.908  4.094  4.057  4.220  4.060  3.998  4.060  4.074  4.290  4.220  4.277  4.159  4.025  4.174  4.060  4.007  4.025  3.951  3.989  4.060  4.159  3.850  3.989  3.918  3.928  3.871  4.174  3.912  3.912  4.078  3.932  4.094  3.989  3.888  4.057  3.912  4.111  4.167  4.060  3.922  4.140
3.738  3.526  3.638  3.520  3.611  3.466  3.664  3.761  3.624  3.605  3.611  3.738  3.714  3.784  3.807  3.846  3.466  3.664  3.761  3.813  3.892  3.784  3.664  3.807  3.434  3.466  3.611  3.497  3.555  3.578  3.555  3.611  3.555  3.526  3.745  3.584  3.555  3.584  3.689  3.481  3.526  3.611
5.389  5.136  5.398  5.468  5.256  5.187  5.285  5.342  5.338  5.359  5.455  5.328  5.367  5.257  5.268  5.254  5.100  5.278  5.262  5.407  5.407  5.291  5.298  5.384  5.281  5.123  5.100  5.075  4.920  5.147  5.147  5.234  5.278  5.187  5.327  5.204  5.225  5.142  5.247  5.204  5.301  5.165
4.832  4.625  4.758  4.673  4.734  4.710  4.787  4.875  4.644  4.898  4.786  4.796  4.796  4.625  4.890  4.839  4.477  4.625  4.700  4.771  4.710  4.718  4.718  4.920  4.663  4.477  4.533  4.454  4.500  4.718  4.673  4.700  4.500  4.533  4.877  4.554  4.811  4.605  4.835  4.489  4.585  4.625
4.522  4.263  4.489  4.431  4.331  4.321  4.407  4.443  4.367  4.419  4.386  4.522  4.494  4.464  4.554  4.317  4.202  4.317  4.541  4.380  4.466  4.220  4.369  4.477  4.288  4.246  4.248  4.124  4.111  4.025  4.241  4.205  4.394  4.187  4.159  4.227  4.190  4.425  4.246  4.354  4.190  4.284
4.220  3.985  4.060  4.111  4.025  4.205  4.060  3.951  4.060  4.231  4.069  4.127  4.263  4.159  4.212  4.212  3.932  4.182  4.174  4.344  4.043  3.951  3.989  4.140  3.970  3.829  4.007  4.127  3.738  3.951  3.928  4.108  4.205  4.111  3.912  3.871  3.829  3.892  3.928  3.892  3.784  4.048
5.890  5.645  5.704  5.818  5.730  5.724  5.808  5.753  5.841  5.919  5.965  5.883  5.744  5.746  6.001  5.628  5.760  5.759  5.787  5.743  5.999  5.861  5.746  5.829  5.580  5.485  5.521  5.500  5.442  5.493  5.697  5.652  5.576  5.597  5.749  5.746  5.649  5.710  5.771  5.654  5.595  5.712
5.124  5.037  4.997  5.118  5.081  5.118  5.004  5.153  4.996  5.165  5.328  5.189  5.159  5.037  5.193  4.963  5.037  4.977  5.056  5.077  5.209  5.204  5.043  5.268  4.942  4.931  4.970  4.835  4.745  4.828  5.124  4.944  5.071  5.043  4.970  5.153  5.011  4.920  4.934  5.001  4.927  4.949
6.159  5.991  6.364  6.163  5.969  6.124  6.229  6.021  6.303  6.109  6.233  5.796  6.182  6.125  6.194  6.054  6.186  5.996  6.293  6.131  6.458  6.219  6.108  6.452  6.026  6.118  5.991  6.100  5.799  6.088  5.979  6.070  6.006  6.004  6.068  6.260  6.045  6.004  6.004  6.026  6.040  6.044
6.346  6.321  6.295  6.319  6.252  6.265  6.359  6.265  6.284  6.269  6.428  5.981  6.315  6.346  6.402  6.258  6.267  6.290  6.280  6.234  6.357  6.337  6.362  6.412  6.174  6.183  6.196  6.198  6.035  6.031  6.395  6.275  6.172  6.299  6.346  6.296  6.382  6.339  6.392  6.392  6.260  6.288
5.182  4.741  5.049  4.977  5.024  4.942  4.970  5.004  4.990  5.268  5.081  5.133  5.204  5.208  5.106  5.100  4.673  5.075  5.029  5.069  5.004  4.852  4.927  4.913  4.777  4.812  4.942  4.883  4.671  4.749  4.794  4.782  4.771  4.868  4.836  4.852  4.870  4.883  4.990  5.007  4.635  4.963
5.043  4.860  4.970  4.977  4.875  4.883  4.771  4.919  4.804  5.176  4.812  4.963  5.130  5.130  4.984  4.913  4.615  4.970  4.860  4.942  4.820  4.804  4.779  4.852  4.796  4.812  4.682  4.796  4.520  4.717  4.815  4.466  4.883  4.812  4.663  4.749  4.608  4.922  4.820  4.828  4.428  4.828
4.883  4.635  4.700  4.727  4.694  4.710  4.564  4.663  4.771  4.875  4.734  4.896  4.828  4.541  4.890  4.727  4.595  4.615  4.815  4.815  4.710  4.654  4.644  4.654  4.511  4.644  4.520  4.564  4.277  4.520  4.536  4.580  4.748  4.644  4.511  4.628  4.671  4.696  4.663  4.721  4.564  4.727
5.634  5.142  5.521  5.447  5.453  5.416  5.425  5.513  5.476  5.581  5.487  5.659  5.495  5.356  5.497  5.159  5.389  5.338  5.493  5.587  5.553  5.349  5.268  5.242  5.372  5.412  5.121  5.183  5.037  5.170  5.007  5.379  5.513  5.507  5.426  5.254  5.317  5.360  5.425  5.268  5.341  5.436
4.718  4.564  4.727  4.605  4.727  4.727  4.543  4.710  4.431  4.787  4.727  4.820  4.828  4.652  4.820  4.610  4.613  4.796  4.771  4.883  4.727  4.625  4.710  4.654  4.625  4.745  4.511  4.663  4.466  4.533  4.575  4.543  4.718  4.680  4.443  4.489  4.575  4.787  4.511  4.710  4.554  4.736
4.663  4.477  4.575  4.625  4.625  4.543  4.533  4.610  4.263  4.595  4.431  4.673  4.673  4.615  4.710  4.357  4.440  4.533  4.625  4.654  4.533  4.543  4.369  4.500  4.575  4.394  4.328  4.394  4.263  4.263  4.419  4.454  4.500  4.440  4.369  4.454  4.431  4.522  4.543  4.454  4.388  4.543
5.123  5.063  5.063  5.198  5.209  5.263  4.890  5.112  4.982  5.069  5.100  5.106  5.220  5.147  5.359  4.970  4.887  5.136  5.094  5.081  4.954  4.949  4.940  4.919  4.977  4.894  4.816  5.011  4.787  4.787  4.860  4.984  4.820  4.942  4.927  5.030  4.990  5.255  5.263  5.011  4.860  4.890
4.598  4.564  4.443  4.443  4.644  4.431  4.533  4.394  4.431  4.593  4.625  4.564  4.782  4.691  4.663  4.434  4.367  4.511  4.475  4.419  4.489  4.500  4.331  4.376  4.443  4.382  4.317  4.290  4.277  4.127  4.328  4.477  4.317  4.500  4.533  4.522  4.369  4.575  4.489  4.369  4.344  4.317
4.108  3.912  4.127  4.094  4.348  4.127  4.124  4.143  4.270  4.263  4.111  4.205  4.317  4.290  4.494  4.111  4.143  4.190  4.234  4.363  4.212  4.220  4.143  4.143  3.951  4.094  4.043  4.174  3.871  3.912  3.932  4.007  4.277  4.159  4.246  4.187  4.140  4.116  4.159  4.007  4.253  4.151
3.738  3.638  3.850  3.738  3.947  3.714  3.807  3.829  3.867  3.871  3.892  3.761  3.970  3.951  3.970  3.638  3.689  3.829  3.985  3.985  3.829  3.684  3.780  3.738  3.761  3.738  3.738  3.714  3.726  3.714  3.714  3.714  3.807  3.989  3.807  3.892  3.664  3.807  3.584  3.714  3.761  3.733
