4.341  4.317  4.174  4.407  4.132  4.190  4.263  4.060  4.248  4.317  4.124  4.263  4.564  4.315  4.382  4.234  4.234  4.263  4.220  4.290  4.248  4.220  4.248  4.454  4.143  4.048  3.932  4.078  3.892  4.007  4.057  4.094  4.304  4.241  3.989  4.190  4.156  4.234  4.060  4.119  4.060  4.025
4.419  4.317  4.443  4.407  4.394  4.317  4.277  4.331  4.357  4.248  4.231  4.220  4.419  4.337  4.394  4.331  4.410  4.290  4.288  4.509  4.369  4.277  4.425  4.290  4.454  4.171  4.043  4.143  4.043  4.078  4.248  4.143  4.407  4.297  4.190  4.043  4.159  4.260  4.078  4.127  3.970  4.111
4.890  4.700  4.773  4.762  4.745  4.824  4.595  4.605  4.654  4.771  4.739  4.635  4.682  4.477  4.644  4.585  4.466  4.500  4.595  4.673  4.691  4.654  4.625  4.736  4.498  4.407  4.304  4.392  4.277  4.557  4.668  4.500  4.477  4.554  4.394  4.595  4.575  4.625  4.625  4.538  4.516  4.588
5.571  5.352  5.413  5.231  5.328  5.407  5.252  5.416  5.312  5.616  5.555  5.438  5.323  5.361  5.267  5.298  5.081  5.389  5.394  5.397  5.220  5.179  5.165  5.282  5.136  5.091  5.081  5.226  4.868  5.050  5.262  5.050  5.313  5.195  5.482  5.142  5.176  5.328  5.403  5.357  5.123  5.338
4.234  4.074  4.094  4.094  4.182  4.111  3.967  4.127  4.382  4.025  4.174  4.127  4.297  4.174  4.220  3.989  3.995  4.159  4.190  4.127  4.197  4.025  4.108  4.284  4.007  3.951  3.985  4.111  3.888  4.007  4.103  3.932  4.190  3.989  3.892  4.043  3.980  3.951  3.932  3.947  3.970  4.034
4.159  4.234  3.989  4.143  4.220  4.174  4.060  4.171  4.331  4.143  4.043  4.234  4.290  4.357  4.220  4.078  4.197  4.220  4.505  4.108  4.248  4.174  4.234  4.290  4.094  4.135  4.094  3.846  4.094  3.951  4.209  3.951  4.135  4.007  4.234  4.127  4.040  4.025  3.951  4.143  4.091  4.217
3.892  3.733  3.902  3.738  3.871  3.877  3.951  3.850  3.807  3.985  3.738  3.761  3.802  3.807  3.932  3.638  3.784  3.892  3.970  3.989  3.970  3.824  3.714  3.908  3.664  3.689  3.611  3.761  3.526  3.780  3.584  3.835  4.057  3.850  3.714  3.738  3.664  3.761  3.726  3.611  3.850  3.780
3.761  3.807  3.871  3.824  3.761  3.689  3.802  3.850  3.738  3.824  3.689  3.795  3.738  3.871  3.970  3.807  3.757  3.611  4.043  3.892  3.850  3.813  3.850  3.970  3.807  3.664  3.611  3.689  3.701  3.709  3.526  3.738  3.871  3.761  3.807  3.689  3.592  3.684  3.611  3.611  3.664  3.738
3.871  3.829  3.912  3.912  3.807  3.871  3.638  3.807  3.867  3.738  3.555  3.807  3.892  3.942  3.947  3.689  3.738  3.871  3.985  3.970  3.846  3.738  3.892  3.932  3.761  3.664  3.738  3.714  3.497  3.750  3.807  3.824  3.807  3.784  3.761  3.750  3.761  3.807  3.664  3.497  3.689  3.664
4.025  4.007  4.143  4.533  4.124  4.263  3.846  3.985  3.970  4.007  3.980  4.043  4.367  4.187  4.205  4.060  3.829  4.025  4.234  4.111  4.025  3.985  4.060  4.205  3.970  3.892  3.951  3.871  3.689  3.807  4.013  3.970  3.928  4.007  3.951  4.007  3.871  3.951  4.007  3.829  3.951  3.951
4.190  4.078  3.970  4.022  3.932  4.007  4.052  4.025  4.116  4.025  3.970  4.234  4.190  4.103  4.220  4.022  4.205  3.951  4.277  4.263  4.111  4.263  4.083  4.220  4.091  3.998  3.807  3.738  3.989  3.839  4.043  4.060  4.007  4.078  4.078  3.807  3.970  3.989  3.784  3.684  4.043  3.892
3.780  3.807  3.738  3.912  3.761  3.664  3.638  3.850  3.638  3.829  3.714  3.829  3.871  3.714  3.871  3.689  3.871  3.664  3.807  3.892  3.970  3.784  3.684  3.892  3.684  3.802  3.689  3.664  3.526  3.459  3.689  3.664  3.871  3.664  3.714  3.738  3.829  3.784  3.624  3.611  3.664  3.784
4.190  4.350  4.205  4.277  4.248  4.060  4.290  4.202  4.466  4.369  4.174  4.394  4.413  4.369  4.394  4.127  4.263  4.043  4.407  4.419  4.483  4.220  4.256  4.407  4.263  3.932  4.263  4.205  4.004  4.190  4.078  4.143  4.220  4.348  4.288  4.143  3.989  3.989  4.344  4.263  4.394  4.140
4.771  4.543  4.694  4.605  4.575  4.543  4.593  4.668  4.610  4.771  4.407  4.605  4.730  4.736  4.796  4.549  4.673  4.454  4.710  4.796  4.635  4.710  4.575  4.644  4.543  4.369  4.489  4.454  4.394  4.454  4.428  4.511  4.635  4.649  4.668  4.727  4.603  4.533  4.500  4.509  4.583  4.559
3.684  3.738  3.611  3.738  3.807  3.738  3.578  3.757  3.684  3.611  3.611  3.738  3.892  3.829  3.951  3.638  3.738  3.638  3.861  3.928  3.947  3.632  3.738  3.784  3.689  3.578  3.555  3.638  3.584  3.555  3.684  3.738  3.689  3.846  3.709  3.689  3.497  3.611  3.807  3.638  3.550  3.850
4.431  4.304  4.263  4.337  4.248  4.277  4.174  4.317  4.263  4.500  4.477  4.290  4.585  4.431  4.564  4.246  4.431  4.171  4.394  4.315  4.386  4.431  4.369  4.369  4.220  4.202  4.277  4.078  4.159  4.263  4.248  4.369  4.341  4.348  4.431  4.277  4.234  4.205  4.263  4.167  4.357  4.241
3.989  3.807  3.892  3.947  4.007  3.829  3.829  4.025  3.970  4.025  3.807  3.829  4.091  4.007  4.078  3.784  3.807  4.034  4.025  3.989  4.202  4.025  3.970  3.951  3.888  3.818  3.892  3.892  3.658  3.664  3.784  3.850  3.784  3.871  3.784  3.738  3.850  3.871  3.888  3.951  3.714  3.850
4.078  4.344  4.043  4.124  3.980  4.171  3.951  3.951  3.932  4.174  4.174  3.989  4.234  4.143  4.344  3.846  3.970  3.989  4.078  4.317  4.220  4.111  3.951  4.174  4.159  4.078  4.025  3.871  3.970  3.829  3.998  3.892  4.060  4.022  4.094  3.989  3.932  3.970  4.060  3.784  4.025  4.007
5.170  4.779  5.024  5.085  4.982  5.197  4.920  5.190  5.159  5.338  5.152  5.187  5.325  5.142  5.209  5.136  5.017  5.124  5.290  5.298  5.111  5.056  5.106  5.016  5.105  5.075  4.996  5.058  4.718  4.898  4.982  4.949  5.142  5.159  5.153  5.106  4.984  5.182  5.118  5.043  5.024  5.193
4.127  3.714  4.004  3.970  3.985  3.932  3.967  4.007  3.932  4.111  3.947  4.127  4.091  4.174  4.159  3.850  4.043  4.078  4.127  4.304  4.190  4.060  3.807  3.932  3.932  3.970  3.850  3.850  3.638  3.846  3.824  3.932  4.025  3.932  3.970  3.850  3.892  3.871  4.025  4.022  3.989  4.007
3.757  3.638  3.829  3.584  3.818  3.802  3.611  3.684  3.867  3.807  3.689  3.818  3.850  3.932  3.780  3.970  3.709  3.761  3.829  3.818  3.780  3.664  3.714  3.824  3.664  3.632  3.584  3.738  3.497  3.658  3.784  3.932  3.745  3.611  3.555  3.802  3.520  3.714  3.738  3.714  3.676  3.684
3.584  3.401  3.490  3.664  3.481  3.632  3.395  3.459  3.535  3.555  3.526  3.584  3.733  3.784  3.570  3.605  3.578  3.466  3.555  3.721  3.726  3.638  3.526  3.664  3.466  3.570  3.466  3.584  3.367  3.497  3.605  3.829  3.520  3.444  3.434  3.726  3.296  3.497  3.520  3.367  3.250  3.450
