5.255  5.179  5.238  5.236  5.288  5.357  5.185  5.280  5.303  5.438  5.316  5.407  5.313  5.313  5.366  5.170  5.029  5.361  5.366  5.268  5.384  5.149  5.236  5.247  5.231  5.145  5.182  5.182  5.130  5.204  5.069  5.034  5.204  5.269  5.252  5.182  5.215  5.153  5.153  5.187  5.088  5.328
4.143  4.111  4.007  4.043  4.205  4.025  4.111  4.043  4.043  4.290  4.025  4.060  4.248  4.304  4.256  4.111  4.078  4.174  3.989  4.143  4.060  4.043  4.074  4.143  3.947  3.912  3.951  3.951  3.714  3.970  4.111  3.882  4.043  3.951  3.918  4.159  3.912  4.078  4.025  3.938  3.892  4.094
6.646  6.480  6.623  6.632  6.623  6.662  6.669  6.655  6.718  6.764  6.590  6.783  6.748  6.582  6.711  6.578  6.503  6.483  6.717  6.588  6.642  6.585  6.605  6.571  6.585  6.546  6.562  6.466  6.404  6.443  6.460  6.410  6.621  6.657  6.628  6.620  6.561  6.597  6.465  6.438  6.475  6.608
6.560  6.509  6.452  6.420  6.436  6.450  6.479  6.518  6.532  6.675  6.455  6.627  6.629  6.515  6.590  6.455  6.404  6.317  6.574  6.452  6.532  6.528  6.457  6.540  6.483  6.388  6.290  6.252  6.205  6.252  6.441  6.308  6.384  6.513  6.472  6.384  6.332  6.378  6.217  6.261  6.288  6.382
5.749  5.557  5.537  5.537  5.549  5.618  5.605  5.617  5.598  5.753  5.686  5.722  5.680  5.706  5.774  5.501  5.366  5.617  5.717  5.580  5.605  5.509  5.598  5.614  5.521  5.493  5.438  5.352  5.252  5.263  5.471  5.313  5.330  5.513  5.451  5.568  5.544  5.474  5.425  5.572  5.325  5.509
4.929  4.673  4.726  4.635  4.605  4.700  4.754  4.682  4.578  4.881  4.710  4.754  4.771  4.739  4.881  4.718  4.625  4.615  4.640  4.628  4.796  4.694  4.663  4.708  4.575  4.554  4.635  4.585  4.317  4.443  4.615  4.500  4.554  4.605  4.585  4.585  4.536  4.593  4.663  4.691  4.440  4.543
6.096  5.953  6.029  6.061  6.092  6.043  6.082  5.976  6.176  6.163  6.057  6.125  6.001  5.914  5.989  5.841  5.916  5.855  6.045  6.144  6.138  6.009  6.090  6.006  6.021  6.125  5.908  5.746  5.830  5.852  5.910  5.961  6.001  5.903  6.230  5.972  5.883  5.771  5.796  5.749  6.035  6.043
5.370  5.198  5.153  5.464  5.236  5.513  5.485  5.209  5.442  5.575  5.333  5.624  5.471  5.182  5.442  5.270  5.109  5.081  5.481  5.563  5.455  5.434  5.305  5.523  5.209  5.130  5.276  5.004  5.094  5.182  5.198  5.509  5.231  5.298  5.487  5.352  5.244  5.081  5.043  5.347  5.176  5.247
6.118  5.940  6.059  5.986  6.130  6.096  6.033  5.951  5.999  6.057  5.649  5.976  6.192  6.146  6.180  5.932  5.964  5.961  6.118  5.995  6.078  5.974  6.011  5.979  5.854  5.866  5.878  5.805  5.628  5.765  5.950  5.883  5.805  5.953  5.820  5.994  5.940  5.858  5.714  5.934  5.876  6.026
5.236  5.136  5.256  5.220  5.175  5.193  5.182  5.106  5.183  5.147  4.644  5.086  5.357  5.384  5.451  5.069  5.170  5.130  5.360  5.292  5.464  5.207  5.320  5.288  4.927  5.030  4.956  4.898  4.777  5.037  5.112  5.226  5.112  5.136  5.118  5.193  5.176  5.069  4.700  5.161  5.003  5.226
4.575  4.603  4.543  4.554  4.610  4.494  4.464  4.546  4.511  4.644  4.644  4.644  4.615  4.700  4.615  4.605  4.489  4.522  4.640  4.600  4.844  4.354  4.615  4.489  4.608  4.557  4.554  4.527  4.348  4.522  4.671  4.369  4.500  4.369  4.533  4.605  4.543  4.477  4.522  4.477  4.466  4.500
4.575  4.489  4.500  4.585  4.741  4.635  4.726  4.475  4.812  4.554  4.533  4.382  4.673  4.344  4.771  4.394  4.538  4.754  4.752  4.635  4.783  4.443  4.382  4.644  4.777  4.382  4.466  4.454  4.290  4.554  4.585  4.407  4.663  4.431  4.500  4.466  4.628  4.234  4.489  4.554  4.718  4.284
4.898  4.920  4.843  4.934  4.919  4.934  4.804  4.956  4.875  5.063  4.868  5.017  4.963  5.136  5.170  4.820  4.714  4.949  5.030  4.875  4.905  4.868  4.844  4.883  4.673  4.804  4.836  4.745  4.564  4.492  4.673  4.787  4.663  4.779  4.700  4.796  4.868  4.852  4.942  4.812  4.673  4.749
4.304  4.111  4.140  4.284  4.197  4.220  4.143  4.127  4.231  4.317  4.111  4.263  4.297  4.248  4.357  4.171  4.159  4.078  4.367  4.190  4.382  4.248  4.143  4.605  4.111  4.034  4.127  4.025  3.912  4.124  4.143  4.220  4.246  4.143  4.127  4.174  4.143  4.060  4.025  4.190  3.871  4.094
5.153  4.847  4.990  4.792  4.934  4.958  4.635  4.779  4.890  5.100  4.947  4.984  5.162  4.868  5.037  4.949  4.659  4.949  4.934  4.922  4.824  4.710  4.779  4.787  4.666  4.835  4.808  4.883  4.663  4.613  4.779  4.603  4.852  4.787  4.796  4.812  4.883  5.004  4.831  4.909  4.804  4.927
4.127  4.151  4.190  4.025  4.025  4.057  4.094  3.892  4.025  4.174  4.094  4.277  4.190  4.256  4.205  4.078  4.025  3.912  4.094  4.091  4.190  4.060  3.961  3.951  3.967  4.078  3.912  3.967  3.892  3.761  3.912  3.850  3.932  4.060  3.784  4.043  3.957  3.970  3.912  3.761  4.007  3.871
5.979  5.817  5.817  5.727  5.956  5.973  5.814  5.850  5.948  5.974  5.875  5.938  6.014  5.953  5.971  5.808  5.869  5.873  5.961  5.787  5.818  5.945  5.866  5.861  5.854  5.974  5.901  5.759  5.844  5.820  5.774  5.793  5.799  5.948  5.881  5.961  5.930  5.875  5.872  5.831  5.762  5.953
4.575  4.881  4.732  4.625  4.771  4.856  4.844  4.600  4.739  4.771  4.745  4.927  4.990  4.890  4.718  4.844  4.794  4.654  4.718  4.708  4.812  4.900  5.056  4.860  4.647  4.703  4.554  4.836  4.718  4.691  4.754  4.644  4.595  4.812  4.673  4.727  4.802  4.590  4.428  4.605  4.520  4.585
5.595  5.242  5.394  5.595  5.381  5.544  5.159  5.455  5.377  5.591  5.535  5.602  5.605  5.549  5.549  5.442  5.142  5.568  5.476  5.575  5.298  5.017  5.233  5.170  5.323  5.467  5.328  5.529  4.973  5.187  5.252  5.064  5.553  5.303  5.242  5.323  5.268  5.513  5.437  5.501  5.380  5.208
3.932  3.871  4.078  4.040  3.932  3.970  3.714  4.007  3.951  4.143  4.060  4.159  4.190  4.025  4.094  3.829  3.689  4.007  4.025  4.007  3.932  3.761  3.942  4.179  3.989  3.932  3.932  4.007  3.664  3.871  3.912  3.824  3.989  4.043  3.829  4.007  3.807  4.060  4.057  3.912  3.892  4.043
5.342  5.017  5.069  5.011  5.187  5.344  5.047  5.140  5.120  5.278  5.056  5.278  5.318  5.120  5.068  5.037  4.844  5.217  5.215  5.189  4.913  4.905  5.118  5.037  4.997  4.997  5.170  5.130  4.864  4.718  4.984  4.787  5.077  5.069  4.961  5.081  5.075  5.206  4.990  5.112  4.931  5.176
4.804  4.710  4.828  4.812  4.852  4.752  4.573  4.638  4.605  4.913  4.819  4.844  4.883  4.868  4.844  4.610  4.690  4.827  4.866  4.760  4.727  4.727  4.796  4.779  4.690  4.718  4.700  4.673  4.475  4.443  4.635  4.466  4.723  4.673  4.644  4.699  4.769  4.654  4.771  4.511  4.673  4.754
