4.234  5.193  5.055  5.206  5.268  5.398  5.342  5.307  5.322  5.427  5.368  5.298  5.444  5.318  5.370  5.364  5.094  5.380  5.298  5.198  5.297  5.215  5.277  5.173  5.352  5.273  5.278  5.193  5.159  5.153  5.215  5.042  5.149  5.293  5.375  5.370  5.182  5.252  5.209  5.298  5.042  5.208
3.888  3.932  4.025  4.074  4.187  4.159  4.224  4.132  4.260  4.234  4.317  4.321  4.376  4.304  4.464  4.369  4.248  4.156  4.231  4.174  4.382  4.174  4.301  4.277  4.043  4.094  4.159  4.159  4.094  4.016  3.985  4.078  4.091  4.143  4.159  4.159  4.078  4.209  4.007  4.078  4.048  4.290
5.677  5.517  5.533  5.553  5.551  5.572  5.625  5.693  5.606  5.740  5.545  5.609  5.596  5.583  5.659  5.549  5.307  5.481  5.537  5.462  5.604  5.464  5.561  5.545  5.434  5.438  5.440  5.378  5.293  5.389  5.412  5.361  5.407  5.614  5.416  5.557  5.521  5.455  5.429  5.438  5.278  5.465
4.977  4.913  4.663  4.605  4.804  4.714  4.812  4.820  4.868  4.875  4.956  4.796  4.811  4.754  4.894  4.875  4.769  4.718  4.718  4.840  4.927  4.898  4.771  4.883  4.595  4.673  4.691  4.618  4.466  4.511  4.736  4.644  4.663  4.779  4.736  4.808  4.710  4.585  4.585  4.595  4.663  4.779
5.063  4.843  5.056  4.804  4.956  4.954  4.913  4.997  5.050  5.193  5.069  5.043  5.047  5.024  5.037  4.963  4.690  4.945  5.081  4.831  4.913  4.787  4.970  4.890  4.961  4.847  4.949  4.727  4.691  4.804  4.828  4.820  4.748  4.911  4.956  4.990  4.745  4.956  4.828  4.852  4.796  4.913
5.533  5.549  5.333  5.278  5.361  5.425  5.437  5.464  5.553  5.727  5.697  5.447  5.740  5.753  5.561  5.703  5.283  5.466  5.513  5.339  5.429  5.448  5.548  5.635  5.416  5.497  5.545  5.460  5.482  5.714  5.676  5.404  5.220  5.652  5.886  5.733  5.298  5.384  5.478  5.468  5.142  5.403
5.418  5.126  5.328  5.118  5.318  5.316  5.252  5.384  5.236  5.323  5.297  5.352  5.220  5.318  5.333  5.273  5.037  5.242  5.286  5.198  5.375  5.056  5.226  5.106  5.071  5.182  5.050  5.159  4.828  4.927  5.333  5.037  4.949  5.063  5.088  5.159  5.215  5.176  5.106  5.100  5.056  5.170
4.331  4.431  4.174  4.443  4.331  4.317  4.344  4.407  4.263  4.277  4.190  4.174  4.369  4.416  4.477  4.317  4.159  4.350  4.304  4.290  4.407  4.304  4.094  4.382  4.234  4.220  4.174  4.143  4.119  4.135  4.190  4.127  4.256  4.317  4.220  4.127  4.288  4.234  4.248  4.159  3.989  4.151
4.854  4.718  4.756  4.635  4.913  4.718  4.926  4.820  4.990  4.905  4.963  4.942  4.887  4.868  5.040  4.828  4.769  4.691  4.893  4.666  4.868  4.934  4.889  4.840  4.690  4.745  4.663  4.615  4.583  4.680  4.896  4.663  4.625  4.900  4.786  4.820  4.736  4.543  4.522  4.635  4.630  4.699
3.726  3.784  3.912  3.714  3.871  3.750  3.850  3.738  3.850  3.807  3.664  3.867  3.850  3.951  4.043  3.714  3.829  3.784  3.807  3.846  4.007  3.902  3.784  3.850  3.714  3.829  3.761  3.757  3.611  3.871  3.829  3.807  3.689  3.829  3.784  3.898  3.807  3.555  3.664  3.584  3.555  3.829
4.317  4.454  4.143  4.443  4.357  4.156  4.301  4.277  4.190  4.416  4.357  4.344  4.454  4.344  4.394  4.159  4.205  4.317  4.369  4.431  4.380  4.143  4.171  4.234  4.263  4.317  4.234  4.431  4.043  4.217  4.290  4.357  4.304  4.331  4.253  4.205  4.205  4.248  4.078  4.220  4.132  4.248
3.850  3.829  3.871  3.784  3.784  3.784  3.850  3.871  3.768  3.829  3.857  3.970  4.074  3.989  4.007  3.846  3.908  3.871  3.942  3.928  3.951  3.829  3.689  3.784  3.912  3.908  3.784  3.733  3.689  3.664  3.611  3.761  3.761  3.709  3.829  3.714  3.784  3.664  3.738  3.555  3.689  3.714
6.006  5.587  5.894  5.891  5.886  5.919  5.787  5.861  5.886  6.006  5.916  5.935  5.908  5.858  5.935  5.717  5.628  5.839  6.001  5.984  5.878  5.727  5.727  5.680  5.784  5.746  5.749  5.793  5.490  5.434  5.704  5.602  5.875  5.795  5.677  5.746  5.714  5.881  5.844  5.868  5.823  5.930
6.816  6.520  6.690  6.691  6.697  6.685  6.650  6.657  6.588  6.888  6.772  6.774  6.795  6.748  6.787  6.617  6.606  6.766  6.900  6.770  6.766  6.686  6.704  6.729  6.519  6.551  6.500  6.462  6.319  6.439  6.565  6.423  6.560  6.583  6.579  6.513  6.554  6.633  6.597  6.564  6.545  6.538
4.585  4.304  4.357  4.511  4.428  4.263  4.248  4.431  4.419  4.662  4.354  4.431  4.533  4.475  4.585  4.290  4.431  4.466  4.628  4.557  4.431  4.503  4.466  4.475  4.354  4.380  4.354  4.344  4.246  4.315  4.248  4.248  4.443  4.317  4.270  4.263  4.260  4.321  4.394  4.382  4.369  4.290
4.344  4.220  4.171  4.124  4.111  4.174  4.127  4.248  4.331  4.367  4.159  4.290  4.246  4.217  4.564  4.043  4.190  4.078  4.274  4.331  4.407  4.143  4.344  4.205  4.256  4.127  4.143  3.951  3.989  4.094  4.182  4.094  4.143  4.148  4.234  4.094  4.234  4.119  3.951  3.970  4.111  4.111
5.030  4.956  4.812  4.783  5.056  5.030  4.758  4.907  5.088  4.898  5.063  4.836  5.209  5.118  5.220  4.820  4.804  5.056  5.004  4.997  4.963  4.714  4.911  4.852  4.911  4.700  4.898  4.649  4.554  4.625  4.779  4.727  4.649  4.883  4.868  4.920  4.977  4.852  4.852  4.820  4.663  4.890
4.486  4.419  4.469  4.509  4.533  4.533  4.419  4.419  4.554  4.328  4.443  4.486  4.745  4.765  4.820  4.407  4.575  4.511  4.595  4.583  4.554  4.520  4.483  4.527  4.348  4.376  4.466  4.263  4.159  4.304  4.394  4.443  4.382  4.369  4.454  4.440  4.533  4.354  4.394  4.369  4.357  4.443
5.142  5.161  5.215  5.112  5.130  5.078  4.786  5.130  5.043  5.268  5.204  5.147  5.256  5.223  5.283  5.004  4.987  5.215  5.226  5.175  5.130  4.954  5.094  5.071  4.970  5.011  4.963  5.100  4.824  4.898  5.096  4.802  4.975  5.004  5.037  5.215  5.075  4.996  5.099  5.100  4.927  5.186
4.511  4.419  4.673  4.541  4.654  4.603  4.369  4.407  4.522  4.762  4.605  4.630  4.605  4.671  4.682  4.796  4.382  4.443  4.745  4.666  4.595  4.431  4.443  4.663  4.466  4.422  4.533  4.419  4.111  4.533  4.564  4.394  4.466  4.431  4.407  4.575  4.392  4.331  4.357  4.331  4.234  4.344
4.111  4.159  4.274  4.197  4.174  4.263  4.234  4.171  4.234  4.315  4.174  4.234  4.404  4.202  4.585  4.040  4.132  4.143  4.357  4.357  4.416  4.190  4.376  4.357  4.171  4.094  4.205  4.007  3.970  4.197  4.094  4.220  4.111  4.143  4.274  3.951  3.898  4.043  4.040  3.989  4.007  4.094
3.807  3.738  3.689  3.611  3.750  3.664  3.638  3.632  3.850  3.784  3.850  3.584  3.784  3.835  3.970  3.745  3.850  3.664  3.807  3.871  3.888  3.861  3.829  3.871  3.780  3.638  3.611  3.761  3.555  3.597  3.401  3.738  3.761  3.632  3.689  3.664  3.555  3.526  3.714  3.555  3.664  3.684
