4.048  3.998  3.951  4.007  3.850  4.022  4.234  4.060  4.034  3.970  3.761  3.951  4.040  3.932  3.970  4.040  4.094  4.091  4.091  4.124  4.159  4.127  4.078  4.234  3.932  3.802  3.871  3.784  3.912  3.892  3.989  4.004  3.989  4.043  3.807  4.174  4.086  3.932  3.867  3.989  3.932  4.043
4.700  4.533  4.419  4.787  4.443  4.454  4.460  4.644  4.615  4.654  4.522  4.522  4.644  4.394  4.573  4.533  4.466  4.419  4.673  4.483  4.543  4.598  4.380  4.543  4.304  4.281  4.443  4.277  4.248  4.344  4.509  4.277  4.475  4.290  4.522  4.407  4.143  4.419  4.585  4.394  4.174  4.500
3.829  3.784  3.867  3.912  3.850  3.951  3.761  3.824  3.932  3.846  3.664  3.757  4.143  3.850  4.060  4.022  3.871  3.829  3.970  3.989  3.861  3.970  3.807  3.807  3.738  3.664  3.902  3.829  3.709  3.807  3.738  3.761  3.892  3.638  3.750  3.664  3.877  3.802  3.773  3.684  3.850  3.738
4.143  4.277  4.007  4.248  4.099  3.970  4.246  4.127  4.156  4.174  4.103  4.094  4.290  4.060  4.174  4.043  3.912  4.119  4.159  4.022  4.060  4.227  3.951  4.159  4.004  3.892  4.094  3.932  3.829  3.970  4.116  3.912  3.918  4.094  3.912  3.989  3.989  3.970  4.007  3.951  3.850  4.060
4.522  4.407  4.585  4.431  4.304  4.454  4.344  4.419  4.443  4.522  4.431  4.543  4.564  4.425  4.575  4.477  4.443  4.357  4.460  4.452  4.673  4.466  4.431  4.344  4.357  4.328  4.263  4.317  4.220  4.127  4.407  4.357  4.419  4.174  4.234  4.434  4.419  4.425  4.454  4.304  4.401  4.344
4.263  4.143  4.205  4.234  4.143  4.344  4.190  4.234  4.290  4.723  4.043  4.407  4.295  4.500  4.446  4.304  4.164  4.392  4.331  4.304  4.297  4.270  4.274  4.413  3.912  4.143  4.043  3.970  4.078  4.328  4.174  4.238  4.190  4.043  4.557  3.951  4.132  4.267  4.143  4.187  4.522  4.111
5.136  4.937  5.011  4.990  4.883  4.844  5.011  4.934  4.945  5.130  5.043  5.078  5.176  5.017  5.130  4.942  4.852  4.745  5.063  5.085  5.024  5.011  4.890  5.037  4.997  4.864  4.787  4.762  4.615  4.575  4.934  4.787  4.927  4.904  4.828  4.868  4.820  4.771  4.915  4.712  4.858  4.890
4.489  4.234  4.317  4.367  4.277  4.159  4.419  4.489  4.419  4.419  4.564  4.431  4.483  4.454  4.647  4.190  4.308  4.376  4.357  4.419  4.522  4.190  4.212  4.324  4.234  4.304  4.234  4.295  4.127  4.159  4.171  4.277  4.380  4.413  4.369  4.227  4.205  4.337  4.212  4.124  4.060  4.317
3.829  3.555  3.714  3.664  3.871  3.578  3.761  3.611  3.689  3.738  3.664  3.714  3.714  3.714  3.932  3.611  3.555  3.761  3.761  3.871  3.784  3.714  3.664  3.850  3.526  3.638  3.584  3.611  3.466  3.784  3.638  3.664  3.709  3.689  3.689  3.611  3.611  3.555  3.466  3.526  3.638  3.611
4.040  3.970  3.951  3.892  3.829  3.738  3.932  3.932  3.989  4.078  3.689  3.912  4.043  3.867  4.174  3.951  3.807  3.932  4.043  4.078  4.043  3.961  3.784  3.932  3.829  3.829  3.761  3.784  3.466  3.721  3.871  3.689  3.871  3.892  3.664  3.892  3.784  3.773  3.689  3.689  3.584  3.807
4.736  4.466  4.754  4.852  4.554  4.736  4.369  4.443  4.466  4.804  4.357  4.754  4.630  4.452  4.682  4.494  4.350  4.401  4.564  4.771  4.419  4.437  4.489  4.503  4.380  4.449  4.277  4.277  4.111  4.344  4.304  4.382  4.633  4.382  4.331  4.369  4.407  4.500  4.419  4.575  4.657  4.489
5.301  5.072  5.384  5.394  5.130  5.468  5.193  5.170  5.361  5.416  5.187  5.384  5.252  5.256  5.424  5.219  5.187  5.159  5.236  5.333  5.242  5.207  5.069  5.220  5.220  5.004  4.963  4.905  4.980  5.050  5.037  5.100  5.323  5.030  5.318  5.182  5.081  5.142  5.036  5.166  5.223  5.176
4.108  4.190  4.174  4.127  4.248  4.048  4.119  4.111  3.951  4.174  4.060  4.094  4.248  4.187  4.277  4.078  4.127  4.124  4.217  4.127  4.357  4.238  3.951  4.143  4.040  4.103  4.069  4.025  4.004  3.989  3.989  3.932  4.127  4.078  4.143  4.205  3.970  4.111  3.908  3.989  4.108  4.094
4.425  4.344  4.331  4.382  4.174  4.267  4.428  4.288  4.369  4.369  4.398  4.477  4.357  4.454  4.394  4.290  4.357  4.194  4.419  4.477  4.511  4.419  4.357  4.644  4.431  4.443  4.174  4.190  4.132  4.143  4.394  4.369  4.263  4.304  4.382  4.190  4.190  4.174  4.127  4.078  4.263  4.143
4.248  4.328  4.452  4.159  4.263  4.304  4.248  4.277  4.220  4.431  4.277  4.431  4.654  4.357  4.394  4.304  4.357  4.263  4.382  4.449  4.466  4.290  4.248  4.404  4.156  4.091  4.111  4.025  3.989  4.043  4.277  4.290  4.357  4.205  4.304  4.277  4.174  4.234  4.344  4.156  3.970  4.135
5.011  4.907  4.804  5.024  4.875  4.942  4.927  4.875  4.883  5.094  5.037  4.866  5.094  4.927  5.094  4.819  4.942  4.913  4.997  5.037  5.074  5.004  4.883  4.913  4.691  4.779  4.812  4.749  4.625  4.705  4.820  4.779  4.832  4.745  4.890  5.030  4.777  4.843  4.786  4.796  4.682  4.754
5.370  5.333  5.204  5.501  5.276  5.193  5.207  5.196  5.149  5.411  5.257  5.278  5.432  5.352  5.517  5.187  5.055  5.231  5.428  5.416  5.278  5.247  5.198  5.242  5.056  4.977  5.081  5.088  4.951  5.004  5.239  5.130  5.094  5.118  5.222  5.142  5.149  5.367  5.291  5.097  5.106  5.124
4.852  4.796  4.879  4.949  4.883  4.828  4.727  4.836  4.691  4.942  5.103  4.947  4.934  4.911  5.181  4.736  4.762  4.843  4.856  5.017  4.927  4.796  4.875  4.852  4.673  4.595  4.635  4.663  4.522  4.477  4.663  4.673  4.736  4.736  4.595  4.812  4.562  4.905  4.989  4.870  4.745  4.754
4.382  4.234  4.248  4.304  4.174  4.217  4.248  4.304  4.317  4.464  4.190  4.357  4.585  4.407  4.382  4.263  4.094  4.290  4.443  4.331  4.328  4.263  4.140  4.220  4.382  4.290  4.260  4.217  4.224  4.127  4.174  4.220  4.394  4.290  4.446  4.159  4.205  4.194  4.143  4.159  4.127  4.190
4.663  4.635  4.682  4.644  4.530  4.600  4.489  4.580  4.736  4.691  4.419  4.700  4.718  4.736  4.783  4.437  4.477  4.477  4.806  4.700  4.673  4.585  4.477  4.700  4.505  4.475  4.509  4.580  4.354  4.489  4.466  4.691  4.628  4.710  4.775  4.431  4.394  4.573  4.522  4.483  4.564  4.431
4.227  3.829  4.564  4.335  4.159  4.078  4.357  3.745  4.382  3.932  4.190  3.871  3.829  3.850  4.304  3.638  4.205  3.638  4.623  3.850  3.989  4.052  3.738  4.570  4.522  3.807  4.043  4.127  3.850  4.043  3.664  3.807  3.829  3.709  4.103  4.025  3.651  3.497  3.714  4.016  4.043  3.807
3.768  3.638  4.025  3.584  3.651  3.497  3.611  3.761  3.928  3.714  3.970  3.709  3.761  3.846  3.932  3.584  3.738  3.401  3.888  3.807  3.664  3.835  3.555  3.813  3.888  3.555  3.829  3.757  3.597  3.689  3.555  3.738  3.664  3.664  3.664  3.738  3.780  3.434  3.526  3.434  3.605  3.689
