5.799  5.449  5.710  5.617  5.749  5.919  5.676  5.612  5.858  5.704  5.814  5.835  5.705  5.738  5.746  5.628  5.515  5.727  5.849  5.624  5.624  5.595  5.517  5.494  5.683  5.680  5.505  5.649  5.342  5.505  5.541  5.497  5.557  5.673  5.525  5.620  5.690  5.749  5.545  5.680  5.513  5.704
4.595  4.401  4.570  4.290  4.736  4.605  4.635  4.466  4.700  4.605  4.583  4.489  4.620  4.533  4.505  4.454  4.541  4.541  4.700  4.530  4.691  4.682  4.454  4.263  4.431  4.498  4.290  4.483  4.127  4.290  4.304  4.407  4.516  4.691  4.533  4.623  4.595  4.452  4.443  4.317  4.344  4.477
5.930  5.687  5.806  5.659  5.861  5.974  5.903  5.924  5.943  6.017  6.050  6.127  6.004  5.897  6.031  5.820  5.710  5.989  5.938  5.852  5.914  5.811  5.796  5.778  5.667  5.642  5.787  5.835  5.432  5.679  5.875  5.576  5.746  5.724  5.772  5.866  5.704  5.820  5.775  5.793  5.784  5.866
5.903  5.666  5.781  5.707  5.730  5.883  5.700  5.808  5.759  5.875  5.905  5.927  5.848  5.724  5.832  5.606  5.576  5.749  5.780  5.770  5.849  5.580  5.697  5.690  5.556  5.521  5.572  5.609  5.373  5.499  5.677  5.541  5.631  5.580  5.680  5.746  5.545  5.749  5.775  5.652  5.652  5.605
5.844  5.673  5.823  5.659  5.892  5.875  5.717  5.808  5.823  5.897  5.846  5.740  5.815  5.784  5.759  5.754  5.509  5.852  5.872  5.718  5.680  5.673  5.663  5.580  5.768  5.789  5.617  5.687  5.597  5.505  5.697  5.557  5.594  5.788  5.595  5.765  5.725  5.662  5.666  5.778  5.598  5.724
4.682  4.489  4.443  4.511  4.635  4.575  4.454  4.454  4.407  4.605  4.475  4.505  4.543  4.505  4.663  4.533  4.234  4.477  4.654  4.454  4.505  4.388  4.394  4.575  4.407  4.500  4.394  4.407  4.331  4.369  4.466  4.440  4.190  4.500  4.369  4.380  4.489  4.304  4.344  4.344  4.344  4.416
5.649  5.568  5.370  5.561  5.553  5.638  5.571  5.587  5.533  5.625  5.628  5.712  5.714  5.488  5.717  5.447  5.328  5.545  5.694  5.453  5.521  5.557  5.484  5.602  5.591  5.513  5.568  5.412  5.201  5.403  5.497  5.268  5.464  5.481  5.533  5.529  5.580  5.287  5.342  5.427  5.421  5.620
4.357  4.380  4.554  4.543  4.331  4.498  4.549  4.394  4.500  4.628  4.511  4.654  4.585  4.559  4.543  4.357  4.454  4.382  4.489  4.549  4.489  4.500  4.394  4.522  4.443  4.431  4.454  4.382  4.295  4.500  4.311  4.331  4.344  4.543  4.407  4.369  4.466  4.234  4.156  4.288  4.220  4.431
6.084  5.910  5.948  5.935  5.991  6.035  5.905  5.994  6.035  5.953  6.014  6.052  6.064  6.040  6.129  5.958  5.704  6.080  6.075  5.905  5.930  5.889  5.953  5.878  5.796  5.796  5.883  5.832  5.412  5.642  5.881  5.704  5.808  5.922  5.908  5.846  5.948  5.981  5.930  5.974  5.781  5.900
5.440  5.515  5.313  5.389  5.429  5.561  5.468  5.389  5.366  5.451  5.455  5.537  5.517  5.546  5.606  5.338  5.303  5.489  5.447  5.460  5.485  5.434  5.598  5.549  5.247  5.283  5.264  5.268  4.942  5.123  5.438  5.270  5.298  5.288  5.403  5.398  5.457  5.529  5.513  5.328  5.323  5.303
5.598  5.501  5.460  5.501  5.412  5.509  5.394  5.537  5.497  5.606  5.602  5.561  5.602  5.597  5.666  5.464  5.219  5.670  5.576  5.591  5.451  5.416  5.371  5.513  5.303  5.242  5.422  5.398  5.313  5.303  5.519  5.219  5.342  5.308  5.333  5.489  5.313  5.509  5.460  5.434  5.283  5.464
4.890  4.844  4.984  4.942  4.920  4.987  4.796  4.745  4.920  5.050  5.024  5.106  5.081  5.007  5.106  4.905  4.673  5.017  5.017  4.924  5.043  4.745  4.779  4.961  4.685  4.835  4.812  4.721  4.575  4.727  4.745  4.777  4.875  4.727  4.754  4.779  4.905  4.745  4.836  4.868  4.727  4.828
5.820  5.561  5.620  5.521  5.694  5.790  5.638  5.710  5.645  5.805  5.877  5.875  5.861  5.787  5.790  5.684  5.513  5.898  5.728  5.714  5.635  5.561  5.670  5.652  5.472  5.601  5.631  5.631  5.412  5.561  5.673  5.361  5.608  5.624  5.476  5.679  5.604  5.647  5.717  5.790  5.421  5.616
4.007  4.116  4.078  4.025  3.951  4.140  4.270  4.194  4.043  4.220  4.159  4.277  4.341  4.174  4.159  4.127  4.060  4.156  4.248  4.256  4.220  4.094  4.052  4.205  4.025  3.938  4.025  3.970  4.025  4.025  4.111  4.025  4.007  4.111  4.078  3.989  4.124  4.127  4.007  3.912  3.892  4.127
4.898  4.494  4.644  4.710  4.605  4.741  4.522  4.618  4.677  4.705  4.466  4.677  4.779  4.700  4.850  4.779  4.663  4.710  4.812  4.727  4.718  4.575  4.615  4.543  4.736  4.762  4.647  4.718  4.489  4.407  4.635  4.477  4.718  4.680  4.779  4.699  4.585  4.703  4.554  4.654  4.590  4.633
4.369  4.373  4.248  4.331  4.304  4.419  4.344  4.248  4.394  4.449  4.344  4.498  4.454  4.489  4.511  4.331  4.174  4.220  4.443  4.489  4.489  4.394  4.407  4.511  4.344  4.344  4.301  4.205  4.304  4.205  4.220  4.248  4.392  4.425  4.431  4.331  4.217  4.394  4.331  4.234  4.190  4.304
6.102  5.961  6.043  6.009  6.142  6.006  5.908  5.986  6.023  6.146  6.067  6.211  6.157  6.071  6.146  6.004  5.815  6.087  6.018  6.057  5.938  5.838  6.033  5.916  6.059  6.118  5.984  5.989  5.743  5.814  5.930  5.730  5.979  6.045  5.872  6.031  5.989  5.948  5.969  5.994  6.019  6.019
4.730  4.633  4.652  4.644  4.787  4.635  4.654  4.543  4.654  4.654  4.699  4.812  4.852  4.787  5.024  4.554  4.625  4.654  4.762  4.942  4.745  4.511  4.710  4.654  4.718  4.559  4.431  4.466  4.248  4.344  4.394  4.382  4.543  4.700  4.585  4.595  4.458  4.760  4.585  4.543  4.431  4.357
6.340  6.138  6.082  6.161  6.261  6.311  6.213  6.289  6.257  6.313  6.196  6.349  6.446  6.349  6.324  6.185  6.260  6.295  6.312  6.312  6.252  6.292  6.234  6.321  6.271  6.342  6.290  6.243  6.306  6.183  6.247  6.170  6.215  6.395  6.227  6.317  6.308  6.216  6.244  6.284  6.155  6.300
5.338  5.147  5.130  5.269  5.193  5.246  5.153  5.204  5.153  5.428  5.338  5.288  5.489  5.371  5.379  5.106  5.308  5.259  5.288  5.352  5.278  5.159  5.308  5.282  5.159  5.280  5.142  5.246  5.270  5.081  5.063  5.004  5.193  5.024  5.136  5.231  5.136  5.169  5.218  5.142  5.069  5.147
5.485  5.226  5.298  5.257  5.263  5.367  5.234  5.364  5.288  5.565  5.267  5.481  5.628  5.447  5.464  5.298  5.170  5.313  5.413  5.380  5.371  5.347  5.305  5.407  5.217  5.283  5.352  5.209  5.106  5.147  5.218  5.036  5.323  5.394  5.313  5.384  5.394  5.420  5.268  5.198  5.272  5.472
4.836  4.691  4.804  4.743  4.894  4.703  4.696  4.847  4.844  4.952  4.773  4.898  4.858  4.934  4.860  4.663  4.816  4.712  4.920  4.913  4.963  4.970  4.754  4.862  4.603  4.754  4.543  4.625  4.615  4.554  4.676  4.654  4.804  4.852  4.794  4.836  4.703  4.828  4.745  4.623  4.754  4.727
