5.037  4.920  4.893  4.905  4.977  4.858  4.942  4.942  4.905  5.037  4.905  4.934  5.088  4.889  4.949  5.011  4.779  4.883  4.940  4.804  5.050  4.881  4.796  5.043  4.779  4.745  4.700  4.718  4.623  4.824  4.852  4.682  4.663  4.808  4.868  4.858  4.883  4.754  4.745  4.745  4.804  4.754
4.699  4.500  4.514  4.554  4.585  4.635  4.771  4.820  4.615  4.782  4.691  4.705  4.798  4.595  4.883  4.663  4.662  4.489  4.585  4.710  4.894  4.745  4.687  4.852  4.754  4.489  4.522  4.357  4.369  4.533  4.466  4.533  4.522  4.549  4.663  4.552  4.682  4.392  4.466  4.369  4.464  4.477
4.736  4.700  4.754  4.736  4.775  4.890  4.812  4.828  4.812  4.875  4.787  4.868  4.771  4.827  4.915  4.727  4.710  4.676  4.883  4.736  4.920  4.847  4.752  4.804  4.718  4.585  4.605  4.522  4.454  4.625  4.690  4.585  4.777  4.890  4.827  4.796  4.787  4.691  4.564  4.792  4.682  4.644
4.331  4.277  4.304  4.357  4.217  4.315  4.304  4.190  4.419  4.331  4.094  4.357  4.407  4.248  4.248  4.205  4.190  4.503  4.443  4.407  4.477  4.460  4.246  4.337  4.140  4.220  4.034  4.132  4.143  4.111  4.277  4.205  4.202  4.304  4.277  4.277  4.205  4.174  4.174  4.060  4.060  4.234
5.906  5.531  5.645  5.257  5.308  5.549  5.361  5.340  5.375  5.561  5.485  5.527  5.361  5.347  5.525  5.318  5.257  5.342  5.438  5.298  5.442  5.308  5.278  5.327  5.182  5.058  5.187  5.257  4.986  5.231  5.273  5.204  5.170  5.416  5.247  5.260  5.352  5.371  5.407  5.361  5.270  5.349
5.403  5.100  5.211  5.147  5.176  5.371  5.159  5.225  5.296  5.288  5.273  5.407  5.313  5.193  5.322  5.198  5.056  5.112  5.303  5.136  5.307  5.263  5.198  5.247  5.024  4.954  5.112  5.037  5.063  5.042  5.204  5.069  5.063  5.100  5.142  5.170  5.187  5.081  5.165  5.142  5.081  5.118
5.733  5.666  5.711  5.583  5.617  5.591  5.700  5.670  5.820  5.894  5.781  5.846  5.828  5.694  5.719  5.717  5.746  5.601  5.743  5.687  5.730  5.824  5.747  5.852  5.615  5.587  5.724  5.591  5.606  5.657  5.781  5.654  5.638  5.787  5.858  5.932  5.857  5.762  5.727  5.656  5.568  5.690
4.522  4.486  4.454  4.357  4.440  4.290  4.533  4.304  4.546  4.454  4.454  4.575  4.734  4.771  4.673  4.593  4.344  4.595  4.511  4.477  4.431  4.489  4.516  4.477  4.382  4.248  4.304  4.277  4.344  4.369  4.538  4.344  4.419  4.419  4.094  4.369  4.369  4.394  4.357  4.295  4.234  4.263
4.635  4.357  4.382  4.500  4.434  4.369  4.492  4.615  4.486  4.585  4.511  4.673  4.615  4.615  4.671  4.585  4.413  4.454  4.546  4.564  4.708  4.422  4.466  4.554  4.431  4.376  4.248  4.419  4.025  4.263  4.428  4.477  4.443  4.543  4.407  4.304  4.520  4.344  4.344  4.357  4.367  4.431
4.595  4.691  4.530  4.564  4.644  4.567  4.633  4.543  4.570  4.745  4.552  4.700  4.787  4.673  4.848  4.522  4.663  4.654  4.570  4.691  4.727  4.703  4.691  4.615  4.477  4.452  4.466  4.277  4.290  4.431  4.583  4.554  4.608  4.608  4.505  4.575  4.593  4.500  4.477  4.554  4.452  4.477
6.014  5.778  5.796  5.808  5.811  5.799  5.922  5.940  5.940  6.180  6.011  6.091  6.001  5.976  6.018  5.914  5.778  5.841  5.919  5.835  5.948  5.961  5.851  5.944  5.656  5.771  5.779  5.829  5.681  5.796  5.846  5.817  5.854  5.932  6.036  5.986  5.758  5.849  5.892  5.742  5.707  5.794
4.909  4.771  4.779  4.745  4.752  4.754  4.699  4.754  4.736  4.934  4.844  4.997  4.860  4.828  4.963  4.804  4.718  4.654  5.007  4.635  4.804  4.796  4.710  4.816  4.543  4.564  4.573  4.710  4.522  4.554  4.718  4.836  4.820  4.680  4.736  4.700  4.691  4.804  4.710  4.673  4.644  4.682
3.871  3.835  3.892  3.932  3.985  3.932  3.871  3.912  4.060  3.850  4.004  3.829  3.932  4.052  4.057  3.932  3.942  3.807  4.007  4.111  4.156  4.111  3.802  4.034  4.043  4.108  3.738  3.807  3.922  3.802  3.714  3.892  3.961  3.784  3.784  3.912  3.871  3.738  3.961  3.829  3.850  3.947
3.689  3.664  3.750  3.761  3.638  3.497  3.605  3.578  3.611  3.658  3.664  3.738  3.850  3.912  3.638  3.714  3.857  3.619  3.882  3.970  3.871  3.829  3.714  3.835  3.784  3.757  3.689  3.761  3.584  3.733  3.638  3.892  3.824  3.664  3.761  3.714  3.526  3.584  3.638  3.526  3.526  3.689
4.812  4.691  4.663  4.635  4.852  4.819  4.828  4.796  4.804  4.860  4.564  4.836  5.030  5.004  5.004  4.699  4.804  4.771  4.905  4.844  4.913  4.875  4.844  4.828  4.691  4.710  4.666  4.699  4.494  4.644  4.739  4.575  4.710  4.890  4.615  4.779  4.836  4.727  4.564  4.758  4.554  4.875
3.932  4.060  4.007  4.025  4.127  4.066  3.932  4.234  4.091  4.043  3.932  4.060  4.317  4.205  4.167  3.970  4.159  4.007  4.127  4.205  4.357  4.127  4.174  4.143  4.094  4.060  4.060  3.807  3.784  3.850  3.989  3.807  4.007  4.202  4.043  4.140  4.025  3.951  3.714  3.932  3.714  3.951
6.016  5.768  5.908  5.930  5.905  5.892  5.875  5.858  5.958  5.963  5.922  5.981  6.050  5.966  5.953  5.799  5.908  5.889  5.832  6.071  5.935  5.875  5.914  5.832  5.717  5.866  5.799  5.730  5.793  5.825  5.785  5.710  5.837  5.835  5.922  5.900  5.869  5.811  5.930  5.764  5.720  5.838
5.416  5.124  5.278  5.368  5.204  5.283  5.306  5.308  5.159  5.421  5.366  5.347  5.416  5.256  5.406  5.147  5.170  5.285  5.380  5.429  5.231  5.192  5.252  5.364  5.100  5.342  5.081  5.153  5.004  5.075  5.142  5.124  5.175  5.142  5.136  5.182  5.257  5.220  5.288  5.159  5.153  5.142
4.836  4.466  4.734  4.718  4.710  4.652  4.489  4.575  4.787  4.820  4.779  4.718  4.765  4.703  4.796  4.369  4.344  4.775  4.792  4.673  4.509  4.357  4.477  4.460  4.392  4.533  4.331  4.605  4.013  4.108  4.248  4.263  4.583  4.431  4.317  4.522  4.404  4.699  4.736  4.615  4.419  4.554
4.127  3.989  4.086  4.108  4.060  4.132  4.025  3.850  4.127  4.217  4.220  4.159  4.297  4.220  4.369  4.025  3.912  4.060  4.227  4.227  4.060  4.094  4.078  4.043  3.989  3.888  3.951  3.912  3.733  3.807  3.912  4.007  4.007  3.898  3.932  4.007  3.951  4.094  4.078  3.871  3.912  3.951
6.282  6.227  6.286  6.349  6.390  6.460  6.230  6.303  6.360  6.491  6.313  6.369  6.389  6.409  6.500  6.301  6.157  6.449  6.330  6.343  6.425  6.346  6.368  6.434  6.346  6.242  6.290  6.250  5.969  6.184  6.324  6.158  6.284  6.361  6.264  6.378  6.213  6.173  6.308  6.216  6.111  6.236
6.180  6.052  6.133  6.188  6.174  6.143  6.091  6.142  6.244  6.282  6.247  6.201  6.230  6.300  6.370  6.069  6.061  6.343  6.201  6.178  6.306  6.265  6.229  6.297  6.192  6.114  6.078  6.080  5.894  5.994  6.131  6.006  6.236  6.144  6.156  6.227  6.019  6.028  6.080  6.100  6.052  6.062
