5.568  5.312  5.476  5.287  5.513  5.576  5.416  5.433  5.421  5.622  5.501  5.505  5.433  5.338  5.389  5.159  5.030  5.252  5.517  5.384  5.557  5.303  5.257  5.209  5.338  5.323  5.247  5.236  4.984  5.162  5.302  5.085  5.257  5.333  5.318  5.352  5.389  5.342  5.252  5.421  5.352  5.338
4.304  4.367  4.220  4.277  4.263  4.344  4.369  4.246  4.472  4.392  4.317  4.419  4.277  4.392  4.419  4.234  4.094  4.317  4.489  4.363  4.642  4.369  4.407  4.357  4.331  4.234  4.143  4.127  3.951  4.127  4.241  3.989  4.304  4.190  4.248  4.434  4.260  4.212  4.246  4.111  4.060  4.202
5.303  5.147  5.075  4.844  5.106  5.050  5.040  5.295  5.063  5.366  5.231  5.037  5.257  5.112  5.370  5.124  5.007  5.282  5.185  5.142  5.159  5.168  5.323  5.269  4.745  4.786  5.068  5.043  4.956  5.019  5.004  4.970  4.890  5.004  5.069  5.004  5.043  5.069  5.165  5.043  4.828  4.927
6.525  6.365  6.383  6.335  6.409  6.415  6.347  6.515  6.389  6.596  6.565  6.449  6.454  6.408  6.513  6.361  6.263  6.405  6.380  6.360  6.380  6.352  6.412  6.468  6.133  6.155  6.236  6.324  6.211  6.255  6.333  6.241  6.217  6.290  6.290  6.355  6.407  6.413  6.363  6.344  6.233  6.310
5.427  5.308  5.380  5.442  5.325  5.493  5.391  5.268  5.338  5.416  5.398  5.557  5.457  5.378  5.557  5.384  5.152  5.442  5.404  5.342  5.489  5.303  5.226  5.349  5.136  5.099  5.215  5.170  5.009  5.257  5.268  5.252  5.273  5.342  5.278  5.303  5.312  5.278  5.259  5.382  5.318  5.193
4.866  4.762  4.766  4.654  4.754  4.691  4.850  4.635  4.775  4.913  4.700  4.771  4.828  4.812  4.727  4.727  4.595  4.762  4.779  4.727  4.718  4.682  4.700  4.787  4.644  4.511  4.691  4.575  4.543  4.533  4.682  4.673  4.710  4.718  4.605  4.727  4.585  4.554  4.573  4.588  4.428  4.554
5.159  4.890  5.071  5.133  4.984  5.011  5.052  4.963  5.030  5.129  5.063  5.159  5.231  4.913  4.997  5.130  4.977  4.804  5.017  5.100  5.133  5.176  4.949  5.094  5.045  4.883  4.843  4.927  4.844  4.792  4.913  5.075  5.004  5.056  5.238  4.954  4.920  4.852  4.727  4.828  5.024  4.963
4.682  4.533  4.511  4.633  4.500  4.745  4.815  4.543  4.554  4.605  4.454  4.745  4.615  4.595  4.710  4.522  4.477  4.407  4.511  4.644  4.860  4.522  4.654  4.710  4.633  4.654  4.511  4.593  4.530  4.382  4.382  4.868  4.543  4.860  4.680  4.625  4.498  4.407  4.407  4.404  4.541  4.527
5.407  5.371  5.236  5.407  5.342  5.398  5.445  5.356  5.379  5.460  5.602  5.593  5.521  5.580  5.620  5.497  5.341  5.598  5.583  5.590  5.706  5.278  5.375  5.459  5.170  5.247  5.165  5.244  4.997  5.226  5.366  5.152  5.293  5.298  5.371  5.308  5.278  5.159  5.278  5.179  5.176  5.209
4.654  4.691  4.691  4.796  4.743  4.804  4.852  4.779  4.836  4.828  4.745  4.843  4.710  4.718  4.911  4.875  4.858  4.554  4.890  4.887  4.907  4.771  4.663  4.806  4.662  4.736  4.543  4.525  4.369  4.564  4.644  4.718  4.595  4.666  4.718  4.608  4.610  4.625  4.595  4.489  4.466  4.642
4.446  4.431  4.673  4.190  4.533  4.533  4.382  4.625  4.585  4.522  4.344  4.511  4.804  4.671  4.727  4.443  4.331  4.500  4.635  4.663  4.644  4.394  4.605  4.620  4.431  4.475  4.419  4.308  4.394  4.394  4.533  4.348  4.511  4.477  4.382  4.386  4.394  4.466  4.248  4.477  4.533  4.458
4.344  4.078  4.311  4.043  4.530  4.234  4.202  4.335  4.234  4.248  4.202  4.227  4.583  4.533  4.419  4.290  4.091  4.205  4.458  4.522  4.317  4.202  4.317  4.350  4.190  4.143  4.190  4.151  4.025  4.078  4.143  4.135  4.248  4.159  4.007  4.205  3.989  4.159  4.143  4.234  4.111  4.220
5.069  4.984  4.919  5.004  5.017  4.924  5.030  5.037  4.868  5.043  5.064  5.124  5.024  5.069  5.120  4.816  4.905  4.956  5.112  4.968  4.883  4.673  4.828  4.927  4.828  4.898  4.798  4.883  4.890  4.804  4.920  4.804  5.011  4.956  4.922  4.860  4.856  5.081  4.963  5.011  4.840  4.883
3.892  3.932  4.078  3.850  3.932  3.807  3.912  3.989  3.989  4.007  3.871  4.043  4.060  3.928  4.094  3.829  3.932  3.932  3.892  4.205  4.007  3.761  3.970  3.871  3.912  3.802  3.824  3.928  3.738  3.689  3.951  3.951  4.004  3.784  3.867  4.043  3.761  3.829  3.738  3.902  3.867  3.932
6.425  6.031  6.275  6.282  6.284  6.297  6.314  6.351  6.450  6.557  6.392  6.488  6.435  6.279  6.319  6.163  6.204  6.223  6.392  6.437  6.280  6.111  6.297  6.111  6.229  6.263  6.207  6.247  6.103  6.181  6.188  6.006  6.240  6.324  6.324  6.288  6.180  6.360  6.238  6.255  6.138  6.280
6.269  6.054  6.146  6.096  6.184  6.163  6.215  6.261  6.389  6.400  6.282  6.363  6.400  6.191  6.246  6.146  6.256  6.098  6.299  6.322  6.196  6.117  6.265  6.127  6.116  6.142  6.172  6.223  6.170  6.260  6.082  5.935  6.131  6.215  6.225  6.185  6.107  6.182  6.155  6.016  6.084  6.129
4.673  4.718  4.564  4.652  4.575  4.489  4.489  4.554  4.543  4.687  4.578  4.575  4.777  4.615  4.762  4.564  4.663  4.635  4.615  4.585  4.690  4.564  4.585  4.575  4.585  4.315  4.546  4.382  4.416  4.407  4.567  4.554  4.466  4.663  4.498  4.522  4.620  4.752  4.635  4.407  4.443  4.489
4.094  3.989  4.025  4.094  4.043  4.066  4.094  4.007  4.007  4.043  4.025  4.127  4.241  4.159  4.205  3.970  4.140  4.078  4.290  4.143  4.205  4.174  4.078  4.190  3.951  3.912  3.951  3.850  3.892  3.922  4.111  4.174  3.985  4.060  4.127  4.140  3.970  4.094  4.043  3.932  3.985  4.043
4.174  3.951  4.025  4.025  3.970  4.060  4.111  4.007  4.043  4.094  4.143  4.078  4.159  4.043  4.394  4.025  4.060  4.043  4.111  4.127  4.174  4.111  3.892  4.143  4.007  4.025  4.127  3.951  3.976  4.057  3.892  4.043  4.116  4.025  4.060  3.989  3.932  4.174  3.951  3.850  4.060  3.912
3.497  3.497  3.867  3.611  3.638  3.401  3.526  3.784  3.791  3.784  3.664  3.466  3.784  3.784  4.295  3.638  3.871  3.802  3.714  3.892  3.738  3.709  3.689  3.714  3.664  3.611  3.555  3.466  3.466  3.714  3.584  3.709  3.807  3.550  3.689  3.584  3.526  3.555  3.384  3.401  3.638  3.578
4.464  4.382  4.466  4.431  4.304  4.369  4.304  4.317  4.290  4.367  4.357  4.382  4.382  4.554  4.304  4.260  4.277  4.317  4.357  4.511  4.392  4.234  4.369  4.419  4.304  4.143  4.466  4.344  4.156  4.304  4.425  4.202  4.428  4.328  4.344  4.187  4.159  4.446  4.394  4.248  4.205  4.380
3.938  3.989  4.031  4.060  3.947  3.829  3.871  3.912  3.892  3.989  3.857  4.013  3.970  3.871  3.989  3.850  4.060  3.912  4.135  4.111  4.060  3.970  3.989  4.025  3.892  4.007  4.031  3.829  3.912  3.802  3.850  4.060  4.190  3.932  4.124  4.060  3.784  3.976  3.689  3.761  3.932  4.094
