6.443  6.472  6.347  6.270  6.399  6.431  6.409  6.399  6.463  6.550  6.508  6.485  6.555  6.493  6.419  6.466  6.224  6.496  6.402  6.281  6.316  6.308  6.443  6.364  6.238  6.267  6.422  6.304  6.142  6.294  6.397  6.073  6.231  6.297  6.412  6.378  6.438  6.307  6.342  6.360  6.148  6.339
5.755  5.903  5.619  5.388  5.670  5.628  5.656  5.740  5.765  5.862  5.799  5.828  5.823  5.743  5.749  5.707  5.529  5.811  5.638  5.513  5.659  5.665  5.757  5.700  5.347  5.549  5.690  5.509  5.471  5.537  5.615  5.377  5.489  5.587  5.631  5.700  5.734  5.481  5.556  5.649  5.476  5.645
5.724  5.327  5.569  5.525  5.572  5.677  5.734  5.583  5.670  5.680  5.580  5.587  5.617  5.583  5.652  5.493  5.357  5.666  5.583  5.529  5.677  5.519  5.513  5.472  5.451  5.509  5.384  5.398  5.215  5.268  6.741  5.361  5.351  5.472  5.561  5.484  5.561  5.476  5.357  5.501  5.375  5.438
6.441  6.222  6.319  6.399  6.363  6.589  6.435  6.431  6.480  6.637  6.456  6.567  6.436  6.361  6.513  6.267  6.256  6.246  6.507  6.244  6.498  6.371  6.338  6.277  6.277  6.332  6.303  6.188  6.044  6.209  6.303  6.238  6.333  6.368  6.461  6.402  6.358  6.363  6.289  6.285  6.234  6.323
5.273  4.942  4.997  5.075  5.088  5.176  5.183  5.124  5.198  5.327  5.100  5.124  5.273  5.103  5.318  5.146  4.970  5.176  5.231  5.069  5.263  5.187  5.197  5.193  5.017  4.949  5.037  4.963  4.782  4.942  5.011  4.947  4.956  5.146  5.058  5.024  5.142  4.934  4.963  5.023  4.868  4.913
5.677  5.674  5.537  5.513  5.501  5.710  5.768  5.684  5.796  5.966  5.790  5.796  5.780  5.785  5.759  5.700  5.622  5.725  5.830  5.429  5.753  5.760  5.638  5.720  5.505  5.509  5.624  5.521  5.416  5.576  5.727  5.762  5.611  5.565  5.819  5.710  5.756  5.565  5.501  5.575  5.529  5.564
6.142  5.914  6.028  5.889  5.976  6.016  5.927  6.047  5.943  6.087  5.964  6.122  6.157  6.016  6.133  5.924  5.771  6.026  6.038  6.048  5.914  5.913  5.940  5.981  5.931  5.986  5.894  5.888  5.657  5.733  5.920  5.673  5.983  5.894  5.855  5.826  5.866  5.886  5.897  5.948  5.803  5.958
5.617  5.352  5.613  5.382  5.434  5.466  5.407  5.591  5.598  5.687  5.507  5.697  5.759  5.707  5.673  5.509  5.352  5.495  5.663  5.676  5.513  5.411  5.412  5.464  5.521  5.438  5.412  5.447  5.215  5.247  5.303  5.338  5.414  5.489  5.387  5.379  5.429  5.438  5.380  5.493  5.257  5.513
5.761  5.656  5.558  5.659  5.784  5.638  5.620  5.697  5.587  5.811  5.687  5.866  5.765  5.700  5.774  5.676  5.460  5.685  5.678  5.700  5.697  5.612  5.527  5.652  5.565  5.557  5.572  5.595  5.412  5.364  5.604  5.476  5.562  5.659  5.533  5.656  5.583  5.673  5.690  5.663  5.533  5.663
5.176  5.223  5.094  5.100  5.231  5.050  5.233  5.227  5.220  5.359  5.231  5.380  5.283  5.268  5.252  5.136  5.024  5.172  5.142  5.146  5.347  5.165  5.189  5.220  4.890  5.017  5.056  5.056  4.990  5.053  5.026  5.037  5.030  5.130  5.176  5.109  5.142  5.112  5.024  5.050  4.942  4.975
5.338  5.220  5.193  5.283  5.169  5.283  5.273  5.231  5.247  5.425  5.257  5.380  5.371  5.204  5.347  5.159  5.161  5.178  5.301  5.223  5.263  5.268  5.255  5.317  5.169  5.257  5.081  5.150  5.003  4.975  5.209  5.165  5.218  5.231  5.226  5.100  5.225  5.143  5.056  5.193  5.043  5.288
4.754  4.615  4.635  4.585  4.564  4.700  4.673  4.489  4.898  4.710  4.836  4.812  4.771  4.682  4.852  4.522  4.640  4.630  4.700  4.595  4.868  4.868  4.585  4.792  4.700  4.575  4.564  4.559  4.344  4.635  4.654  4.605  4.509  4.522  4.564  4.633  4.554  4.431  4.533  4.543  4.419  4.552
6.830  6.537  6.707  6.749  6.726  6.745  6.614  6.567  6.687  6.831  6.751  6.762  6.830  6.703  6.859  6.579  6.507  6.697  6.749  6.701  6.714  6.537  6.542  6.579  6.572  6.567  6.522  6.587  6.384  6.459  6.510  6.554  6.558  6.677  6.629  6.596  6.619  6.727  6.717  6.639  6.586  6.647
6.295  6.028  6.238  6.324  6.265  6.332  6.174  6.140  6.252  6.399  6.273  6.347  6.415  6.212  6.387  6.133  6.109  6.230  6.299  6.293  6.230  6.218  6.076  6.157  6.115  6.132  6.146  6.084  6.016  6.059  6.103  6.113  6.136  6.227  6.198  6.261  6.172  6.304  6.249  6.219  6.170  6.125
5.078  4.898  5.013  4.905  4.990  4.947  4.977  4.896  4.927  4.942  5.030  5.011  5.192  5.136  5.106  4.890  4.889  5.214  5.209  5.063  5.072  5.263  5.352  5.429  4.942  4.942  4.896  4.844  4.779  4.752  4.979  4.927  4.844  4.844  4.840  5.017  4.956  4.927  4.966  4.913  4.828  4.942
5.024  5.226  5.100  5.100  4.984  5.063  4.949  4.913  5.075  5.182  5.226  5.061  5.204  5.189  5.394  5.124  5.050  5.097  5.164  4.990  5.036  5.124  5.091  5.252  5.011  4.875  5.063  4.875  4.875  4.913  5.075  4.956  4.915  5.030  5.069  5.066  5.120  5.094  5.136  4.920  4.836  4.938
5.215  4.934  5.235  5.209  5.257  5.176  5.094  5.273  5.147  5.288  5.088  5.239  5.226  5.161  5.288  5.118  4.990  5.182  5.220  5.273  5.111  5.063  5.094  5.112  5.014  5.030  4.963  4.940  4.844  4.868  4.942  4.997  5.129  5.063  5.024  5.075  4.952  5.226  5.004  5.037  5.050  5.081
4.816  4.673  4.852  4.771  4.913  4.836  4.762  4.771  4.625  4.913  4.898  4.828  4.905  4.840  5.030  4.700  4.644  4.804  4.947  4.949  4.898  4.804  4.844  4.796  4.578  4.691  4.663  4.623  4.431  4.605  4.635  4.760  4.852  4.690  4.662  4.769  4.564  4.787  4.595  4.691  4.533  4.677
5.690  5.382  5.572  5.620  5.617  5.654  5.460  5.628  5.580  5.690  5.638  5.687  5.781  5.576  5.629  5.373  5.501  5.596  5.703  5.753  5.645  5.476  5.511  5.497  5.624  5.710  5.527  5.481  5.357  5.395  5.352  5.283  5.606  5.618  5.511  5.505  5.421  5.467  5.496  5.485  5.501  5.642
4.331  4.171  4.317  4.248  4.290  4.143  4.344  4.304  4.344  4.357  4.290  4.425  4.454  4.452  4.489  4.091  4.317  4.190  4.331  4.477  4.454  4.382  4.388  4.304  4.431  4.367  4.263  4.317  4.174  4.220  4.127  4.190  4.277  4.348  4.194  4.227  4.094  4.127  4.099  4.277  4.373  4.277
6.468  6.117  6.346  6.337  6.361  6.356  6.023  6.351  6.279  6.392  6.363  6.366  6.426  6.332  6.405  6.179  5.928  6.435  6.326  6.336  6.182  6.007  6.071  6.138  6.148  6.168  6.182  6.290  5.978  6.064  6.194  6.019  6.229  6.172  6.040  6.155  6.133  6.366  6.348  6.363  6.186  6.335
5.771  5.602  5.680  5.858  5.752  5.727  5.580  5.778  5.676  5.781  5.727  5.778  5.784  5.773  5.983  5.451  5.435  5.707  5.805  5.762  5.740  5.416  5.638  5.576  5.407  5.553  5.521  5.497  5.333  5.489  5.451  5.485  5.700  5.549  5.575  5.666  5.461  5.778  5.663  5.525  5.515  5.652
