5.989  5.328  5.727  5.268  5.587  5.961  5.561  5.333  5.714  5.313  5.781  5.159  5.501  5.580  5.130  5.497  5.268  5.858  5.683  5.357  5.118  5.537  5.268  5.505  5.238  5.153  5.003  5.699  4.369  4.852  5.011  5.118  5.323  5.604  4.824  5.517  5.613  5.652  5.135  5.598  4.489  5.442
4.796  4.449  4.511  4.190  4.304  4.804  4.644  4.043  4.696  4.164  4.500  4.025  4.422  4.564  4.060  4.635  4.416  4.511  4.533  4.277  4.174  4.710  4.369  4.625  4.143  4.111  4.025  4.527  3.714  4.007  4.159  4.159  4.290  4.500  4.060  4.575  4.812  4.431  3.970  4.489  3.611  4.304
6.817  6.565  6.625  6.356  6.554  6.663  6.779  6.680  6.777  6.809  6.758  6.805  7.041  6.963  7.020  6.952  6.547  7.033  6.772  6.732  6.945  6.856  6.875  6.802  6.809  6.858  6.878  6.825  6.594  6.801  6.827  6.676  6.706  6.919  6.854  6.788  6.868  6.721  6.718  6.756  6.515  6.662
4.407  4.284  4.454  4.382  4.419  4.382  4.718  4.676  4.623  4.682  4.615  4.654  4.824  4.945  4.963  4.860  4.557  4.575  4.533  4.736  4.890  4.890  4.787  4.839  4.673  4.635  4.554  4.205  4.677  4.443  4.552  4.454  4.489  4.745  4.562  4.828  4.644  4.382  4.710  4.277  4.324  4.625
7.066  6.846  6.990  6.810  6.950  7.045  6.951  6.841  6.970  7.029  6.764  7.011  7.062  6.921  6.963  6.906  6.779  6.887  7.034  6.892  6.978  6.939  6.989  6.975  6.955  6.982  6.928  6.895  6.713  6.830  6.752  6.812  6.866  6.968  6.847  7.009  7.013  6.918  6.692  6.946  6.854  6.999
5.883  5.763  5.717  5.724  5.717  5.838  5.787  5.684  5.846  5.908  5.794  5.823  5.886  5.778  5.858  5.784  5.642  5.856  5.823  5.708  5.927  5.883  5.841  6.023  5.731  5.751  5.814  6.006  5.756  5.894  5.738  5.561  5.597  5.649  5.549  5.799  5.673  5.802  5.663  5.730  5.527  5.717
6.607  6.506  6.534  6.429  6.522  6.668  6.550  6.368  6.631  6.637  6.461  6.721  6.599  6.605  6.643  6.590  6.365  6.551  6.592  6.422  6.608  6.531  6.657  6.507  6.524  6.617  6.489  6.469  6.265  6.457  6.513  6.389  6.439  6.546  6.378  6.575  6.624  6.436  6.452  6.500  6.367  6.528
4.913  5.159  5.011  4.828  4.905  5.011  5.182  4.625  5.094  5.133  4.868  5.112  5.293  5.129  5.176  5.043  4.927  5.003  5.175  4.779  5.273  5.352  5.242  5.364  4.874  5.226  5.231  5.003  5.016  5.040  5.118  4.881  4.890  5.231  4.973  5.277  5.338  4.848  5.017  4.977  4.844  5.075
6.438  6.304  6.356  6.308  6.314  6.561  6.438  6.399  6.447  6.521  6.469  6.526  6.519  6.408  6.442  6.361  6.250  6.325  6.513  6.213  6.456  6.373  6.372  6.394  6.358  6.402  6.320  6.339  6.189  6.261  6.361  6.335  6.314  6.461  6.384  6.441  6.422  6.209  6.225  6.340  6.279  6.368
4.543  4.454  4.341  4.466  4.454  4.613  4.642  4.486  4.605  4.564  4.554  4.533  4.511  4.382  4.489  4.344  4.538  4.277  4.625  4.466  4.710  4.605  4.595  4.635  4.290  4.419  4.290  4.290  4.295  4.270  4.348  4.234  4.290  4.500  4.369  4.543  4.431  4.354  4.443  4.190  4.500  4.394
6.084  5.820  5.981  6.038  6.038  6.127  5.930  6.006  6.038  6.101  5.958  6.164  6.159  6.009  6.152  5.899  5.768  5.998  6.136  6.033  5.919  5.858  5.908  5.869  5.915  5.984  5.802  5.805  5.673  5.638  5.727  5.557  5.905  5.916  5.844  5.880  5.869  5.903  5.719  5.945  5.970  6.056
3.951  4.043  4.159  4.094  3.951  3.912  3.951  3.970  4.060  4.124  4.140  4.140  4.248  4.132  4.248  3.947  4.078  3.761  4.143  4.290  4.190  4.060  4.040  4.060  4.078  4.060  3.912  3.871  3.784  3.995  3.989  3.951  3.928  4.111  3.970  4.007  4.007  4.111  3.818  3.922  3.912  4.078
6.428  5.951  6.338  6.312  6.155  6.447  6.199  6.334  6.246  6.377  6.372  6.631  6.595  6.444  6.524  6.215  6.045  6.248  6.526  6.441  6.115  5.960  6.159  6.064  6.335  6.482  6.273  6.306  6.017  6.019  5.872  5.934  5.606  6.308  6.144  6.347  6.195  6.335  6.211  6.273  6.217  6.363
3.951  4.025  4.060  4.060  3.871  4.231  4.060  4.007  4.007  3.912  4.263  4.454  4.443  4.277  4.344  3.932  3.932  4.277  4.205  4.074  4.220  3.932  4.103  4.025  4.043  4.111  3.951  3.850  3.689  3.850  3.912  3.689  3.638  4.007  3.970  4.007  3.761  3.912  3.951  3.871  3.951  3.912
6.310  6.089  6.140  6.308  6.157  6.277  6.080  6.127  6.103  6.205  6.190  6.198  6.207  6.118  6.234  6.071  6.034  6.229  6.317  6.194  6.068  6.120  6.047  6.103  6.109  6.033  6.040  6.049  5.892  5.961  6.005  5.971  6.017  6.028  6.006  6.028  6.067  6.047  6.021  6.068  5.919  6.038
6.557  6.441  6.457  6.582  6.479  6.490  6.356  6.443  6.397  6.621  6.555  6.497  6.547  6.522  6.583  6.353  6.294  6.438  6.601  6.511  6.385  6.369  6.461  6.518  6.281  6.205  6.213  6.201  6.054  6.109  6.286  6.188  6.372  6.358  6.321  6.392  6.304  6.498  6.455  6.326  6.258  6.312
6.787  6.610  6.710  6.813  6.739  6.812  6.676  6.717  6.797  6.818  6.687  6.853  6.893  6.767  6.828  6.409  6.581  6.660  6.934  6.890  6.674  6.604  6.587  6.625  6.718  6.889  6.624  6.660  6.450  6.475  6.554  6.498  6.718  6.719  6.649  6.657  6.645  6.683  6.529  6.768  6.617  6.774
5.595  5.455  5.513  5.533  5.505  5.620  5.533  5.497  5.549  5.553  5.573  5.707  5.663  5.582  5.649  5.398  5.452  5.333  5.808  5.727  5.609  5.391  5.463  5.474  5.491  5.541  5.273  5.164  5.278  5.153  5.236  5.176  5.375  5.472  5.313  5.485  5.337  5.298  5.142  5.130  5.290  5.352
5.841  5.663  5.781  5.778  5.956  6.038  5.501  5.757  5.754  5.765  5.860  5.852  5.981  5.900  5.988  5.680  5.268  5.923  5.905  5.841  5.620  5.501  5.580  5.700  5.263  5.428  5.470  5.598  5.112  5.278  5.460  5.371  5.529  5.438  5.375  5.677  5.468  5.823  5.746  5.808  5.565  5.687
4.317  4.317  4.202  4.394  4.489  4.394  4.174  4.386  4.304  4.344  4.357  4.472  4.575  4.454  4.543  4.331  4.205  4.127  4.615  4.382  4.357  4.394  4.443  4.382  4.143  4.057  4.069  3.989  4.007  3.850  4.190  4.111  4.369  4.205  4.174  4.489  4.234  4.248  4.419  4.290  4.317  4.394
4.040  3.738  3.985  3.784  3.989  4.007  3.689  3.989  3.947  3.871  3.951  4.043  4.025  4.025  4.004  3.850  3.912  3.867  4.205  4.091  3.850  3.871  3.784  3.951  3.738  4.022  4.078  3.976  3.850  3.829  3.689  3.892  3.829  4.040  3.951  3.932  3.912  3.932  3.689  3.807  3.784  3.850
3.401  3.401  3.434  3.401  3.497  3.296  3.395  3.497  3.395  3.497  3.428  3.526  3.761  3.638  3.605  3.497  3.555  3.367  3.526  3.611  3.555  3.367  3.497  3.434  3.367  3.360  3.401  3.288  3.526  3.332  3.367  3.526  3.490  3.490  3.611  3.367  3.526  3.401  3.135  3.367  3.428  3.555
