5.288  4.997  5.106  5.120  5.136  5.236  5.209  5.153  5.147  5.247  5.263  5.130  5.176  5.096  5.175  5.165  4.890  5.109  5.102  5.052  5.176  5.003  5.055  5.106  4.990  4.942  4.934  5.063  4.905  4.934  5.223  5.003  4.951  4.990  5.136  5.030  5.063  5.097  5.094  5.075  5.030  5.142
4.745  4.511  4.590  4.500  4.575  4.700  4.564  4.647  4.564  4.635  4.615  4.682  4.554  4.578  4.615  4.595  4.585  4.533  4.610  4.595  4.615  4.598  4.543  4.654  4.575  4.431  4.304  4.394  4.315  4.369  4.605  4.394  4.489  4.489  4.477  4.522  4.564  4.489  4.500  4.511  4.564  4.564
4.331  4.324  4.174  4.290  4.202  4.187  4.431  4.369  4.220  4.234  4.253  4.369  4.331  4.311  4.317  4.277  4.127  4.277  4.220  4.263  4.428  4.341  4.220  4.382  4.143  4.127  4.078  4.224  4.159  4.331  4.127  4.205  4.174  4.190  4.241  4.108  4.190  4.187  4.159  4.159  4.057  4.367
4.007  3.947  4.025  4.127  4.040  4.171  4.078  4.043  4.091  4.159  4.094  4.205  4.127  4.043  4.094  4.103  4.094  4.111  4.094  4.205  4.190  4.025  4.007  4.205  4.052  3.989  4.156  4.004  3.989  4.078  4.060  4.060  4.151  3.912  3.989  4.083  3.951  3.912  3.985  3.970  3.850  4.043
5.209  5.143  5.193  5.136  5.247  5.357  5.303  5.231  5.063  5.278  5.100  5.342  5.017  5.215  5.288  5.187  5.030  5.094  5.226  5.182  5.251  5.130  5.225  5.257  5.195  5.220  5.214  5.260  5.147  5.280  5.634  5.572  5.598  5.063  5.106  5.236  5.251  5.176  5.193  5.016  5.130  5.142
4.443  4.522  4.585  4.520  4.466  4.779  4.369  4.595  4.443  4.635  4.369  4.620  4.357  4.554  4.575  4.477  4.331  4.533  4.554  4.673  4.585  4.654  4.700  4.533  4.357  4.290  4.369  4.260  4.394  4.595  4.382  4.419  4.554  4.331  4.466  4.369  4.472  4.382  4.304  4.434  4.615  4.331
4.752  4.644  4.710  4.585  4.454  4.595  4.605  4.564  4.564  4.762  4.500  4.745  4.628  4.605  4.654  4.575  4.593  4.567  4.533  4.654  4.635  4.635  4.723  4.700  4.511  4.554  4.475  4.489  4.404  4.585  4.492  4.691  4.680  4.615  4.489  4.691  4.554  4.533  4.475  4.454  4.454  4.530
5.247  4.909  5.226  5.164  5.136  5.129  5.081  5.112  5.081  5.130  5.014  5.164  5.056  5.112  5.204  4.987  5.074  4.926  5.106  5.165  5.198  5.017  4.916  5.024  5.100  5.143  4.987  4.852  4.796  4.852  4.839  4.868  5.052  5.142  5.069  4.963  4.868  5.112  5.004  4.963  5.024  5.118
4.369  4.143  4.419  4.369  4.304  4.277  4.357  4.220  4.304  4.625  4.466  4.304  4.404  4.344  4.407  4.290  4.369  4.190  4.354  4.454  4.328  4.466  4.220  4.431  4.202  4.304  4.431  4.174  4.143  4.060  4.246  4.260  4.277  4.290  4.407  4.274  4.143  4.331  4.234  4.094  4.238  4.281
4.749  4.663  4.673  4.500  4.562  4.605  4.625  4.585  4.554  4.860  4.700  4.654  4.668  4.682  4.828  4.595  4.618  4.522  4.745  4.769  4.718  4.710  4.690  4.691  4.511  4.538  4.575  4.344  4.625  4.522  4.623  4.647  4.595  4.575  4.564  4.564  4.741  4.618  4.543  4.543  4.595  4.564
3.871  3.784  3.738  3.761  3.784  3.689  3.807  3.829  3.912  3.892  3.733  3.714  3.867  3.846  3.989  3.871  3.761  3.807  3.928  4.057  3.912  3.951  3.807  3.784  3.835  3.714  3.761  3.892  3.520  3.738  3.761  3.689  3.738  3.664  3.912  3.584  3.584  3.784  3.555  3.807  3.664  3.689
3.714  3.689  3.791  3.761  3.829  3.761  3.638  3.784  3.664  3.912  3.795  3.761  3.795  4.025  4.034  3.738  3.807  3.738  3.932  3.928  3.807  3.871  3.497  3.638  3.584  3.664  3.611  3.584  3.611  3.761  3.611  3.761  3.738  3.684  3.761  3.584  3.664  3.664  3.689  3.714  3.632  3.578
4.654  4.554  4.605  4.727  4.682  4.644  4.477  4.654  4.522  4.836  4.489  4.752  4.726  4.605  4.762  4.509  4.538  4.533  4.762  4.615  4.625  4.787  4.585  4.605  4.454  4.466  4.549  4.288  4.277  4.288  4.357  4.466  4.477  4.446  4.700  4.454  4.543  4.472  4.419  4.419  4.477  4.682
4.407  4.260  4.564  4.477  4.419  4.398  4.344  4.277  4.357  4.562  4.369  4.615  4.654  4.407  4.575  4.331  4.407  4.290  4.419  4.489  4.419  4.304  4.274  4.431  4.234  4.290  4.187  4.159  3.989  4.025  4.263  4.277  4.274  4.304  4.284  4.304  4.190  4.369  4.419  4.277  4.143  4.190
5.316  5.023  5.323  5.165  5.123  5.050  5.043  5.088  5.050  5.198  5.170  5.276  5.412  5.288  5.215  5.159  5.030  5.242  5.231  5.325  5.159  5.153  5.178  5.252  5.029  5.037  5.004  4.965  4.934  5.030  5.068  4.977  5.088  5.056  4.990  5.136  5.118  5.115  5.069  4.820  4.920  5.069
4.625  4.536  4.407  4.492  4.511  4.443  4.357  4.419  4.317  4.564  4.431  4.595  4.666  4.663  4.575  4.404  4.422  4.454  4.575  4.654  4.419  4.407  4.486  4.416  4.354  4.394  4.431  4.337  4.304  4.231  4.428  4.511  4.407  4.419  4.404  4.341  4.304  4.500  4.328  4.043  4.407  4.486
4.270  4.143  4.143  4.317  4.341  4.190  4.025  4.274  4.234  4.290  4.205  4.277  4.407  4.263  4.533  4.043  4.094  4.159  4.220  4.530  4.369  4.174  4.174  4.290  4.190  4.190  4.159  4.205  3.932  3.951  3.970  4.143  4.127  4.234  4.174  4.260  4.025  4.060  4.156  4.111  4.078  4.224
4.060  3.709  3.738  3.850  3.850  3.761  3.784  3.689  3.773  3.784  3.664  3.807  3.784  3.932  4.043  3.738  3.738  3.738  3.957  4.212  3.892  3.908  3.689  3.871  3.784  3.689  3.761  3.714  3.689  3.584  3.802  3.784  3.807  3.645  3.829  3.689  3.611  3.638  3.555  3.526  3.611  3.714
5.023  4.598  4.800  4.827  4.989  4.911  4.663  4.804  4.890  4.868  4.820  4.927  4.949  4.868  4.868  4.663  4.844  4.844  4.883  5.011  4.856  4.844  4.638  4.804  4.663  4.989  4.503  4.564  4.673  4.543  4.691  4.394  4.748  4.783  4.727  4.717  4.779  4.796  4.836  4.736  4.682  4.890
4.304  4.007  4.094  3.970  3.970  3.947  3.932  4.016  4.007  4.094  3.970  4.043  4.111  4.007  4.190  3.871  4.007  3.961  4.025  4.205  4.025  4.007  3.850  3.908  3.932  4.040  3.738  3.807  3.714  3.871  3.611  3.761  3.970  4.060  4.060  3.912  3.850  4.043  3.951  3.761  3.738  4.078
4.500  4.407  4.472  4.505  4.263  4.394  4.111  4.443  4.382  4.554  4.475  4.543  4.533  4.500  4.605  4.304  4.344  4.317  4.477  4.477  4.593  4.304  4.407  4.466  4.091  4.369  4.301  4.263  4.277  4.295  4.443  4.369  4.394  4.331  4.354  4.382  4.317  4.419  4.620  4.382  4.317  4.464
4.858  4.575  4.852  4.970  4.852  4.802  4.657  4.804  4.756  4.875  4.657  4.933  4.875  4.700  5.042  4.718  4.625  4.745  5.016  4.977  4.898  4.796  4.633  4.718  4.437  4.533  4.605  4.466  4.331  4.598  4.796  4.721  4.868  4.671  4.752  4.787  4.635  4.812  4.777  4.585  4.615  4.808
