4.025  4.060  4.143  3.912  4.007  3.989  4.007  4.111  3.970  4.263  4.174  4.127  4.205  4.220  4.190  4.159  3.967  4.263  4.167  4.127  4.148  3.902  4.127  4.007  3.912  4.078  3.908  3.970  3.912  4.025  3.932  3.850  3.892  4.060  4.043  3.967  3.951  4.043  3.989  3.957  3.807  4.043
3.871  3.871  3.664  3.584  3.846  3.795  3.605  3.738  3.761  3.829  3.611  3.912  3.970  3.871  3.951  3.818  3.807  3.829  3.807  4.078  4.025  3.738  3.892  3.871  3.664  3.664  3.664  3.714  3.638  3.689  3.714  3.733  3.757  3.605  3.497  3.761  3.738  3.912  3.664  3.829  3.714  3.784
4.956  4.879  4.977  4.836  4.896  5.030  4.934  5.050  5.043  5.023  4.860  5.055  5.037  4.942  5.108  4.883  4.762  4.909  4.977  4.860  4.951  4.736  4.727  4.820  4.885  4.779  4.745  4.812  4.538  4.745  4.787  4.682  4.754  4.977  4.890  4.835  4.844  4.676  4.727  4.836  4.754  4.811
3.932  3.738  3.784  3.784  3.802  3.871  3.892  3.912  3.932  3.998  3.998  3.932  4.127  4.043  4.007  3.951  3.714  3.714  4.007  3.912  3.985  3.761  4.016  3.932  3.807  3.714  3.912  3.689  3.611  3.802  3.912  3.829  3.829  3.989  3.684  3.867  3.850  3.684  3.807  3.689  3.850  3.780
5.521  5.352  5.308  5.489  5.338  5.342  5.384  5.384  5.328  5.662  5.525  5.595  5.597  5.447  5.501  5.308  5.308  5.317  5.476  5.470  5.564  5.407  5.398  5.436  5.204  5.106  5.273  5.159  5.069  5.176  5.424  5.263  5.277  5.283  5.236  5.394  5.342  5.371  5.257  5.268  5.236  5.263
6.124  6.114  6.103  6.185  6.091  6.100  6.127  6.087  6.176  6.240  6.203  6.194  6.148  6.004  6.155  5.922  5.958  5.938  6.119  6.068  6.236  6.078  5.974  6.118  5.771  5.765  5.900  5.855  5.808  5.774  5.956  5.974  5.985  5.798  6.078  6.052  5.943  5.984  5.924  5.943  5.903  5.932
4.682  4.615  4.585  4.673  4.567  4.543  4.635  4.640  4.635  4.856  4.677  4.796  4.700  4.673  4.734  4.625  4.623  4.736  4.564  4.726  4.736  4.705  4.694  4.771  4.533  4.595  4.477  4.659  4.452  4.564  4.654  4.718  4.771  4.570  4.635  4.625  4.644  4.549  4.625  4.575  4.564  4.610
4.644  4.522  4.625  4.613  4.554  4.404  4.605  4.605  4.615  4.700  4.615  4.700  4.736  4.687  4.820  4.533  4.520  4.673  4.671  4.644  4.736  4.562  4.618  4.595  4.549  4.407  4.511  4.554  4.380  4.466  4.585  4.404  4.590  4.454  4.489  4.554  4.585  4.466  4.598  4.477  4.398  4.464
4.760  4.533  4.894  4.585  4.871  4.644  4.605  4.787  4.786  4.913  4.820  4.883  4.836  4.771  4.949  4.812  4.762  4.804  4.691  4.868  4.779  4.564  4.625  4.644  4.779  4.754  4.644  4.787  4.431  4.477  4.583  4.511  4.745  4.691  4.583  4.671  4.700  4.779  4.625  4.654  4.699  4.615
4.585  4.730  4.654  4.618  4.500  4.567  4.727  4.585  4.570  4.927  4.804  4.727  4.673  4.743  4.721  4.682  4.700  4.475  4.654  4.644  4.779  4.644  4.595  4.673  4.511  4.615  4.522  4.369  4.315  4.498  4.503  4.533  4.344  4.554  4.595  4.775  4.718  4.522  4.575  4.500  4.425  4.511
4.890  4.691  4.811  4.749  4.820  4.762  4.844  4.654  4.754  4.860  5.023  4.963  4.890  4.885  5.043  4.605  4.682  4.885  4.860  4.703  4.860  4.691  4.736  4.762  4.564  4.654  4.654  4.575  4.382  4.416  4.635  4.635  4.736  4.600  4.623  4.682  4.644  4.654  4.836  4.605  4.533  4.615
4.771  4.682  4.533  4.691  4.644  4.663  4.691  4.605  4.644  4.875  4.874  4.843  4.787  4.773  4.920  4.588  4.682  4.804  4.682  4.721  4.860  4.736  4.682  4.762  4.419  4.407  4.543  4.407  4.382  4.419  4.615  4.625  4.628  4.600  4.673  4.580  4.595  4.466  4.787  4.489  4.317  4.533
5.115  4.787  4.949  5.072  5.096  5.106  4.868  4.984  4.860  5.017  5.030  5.176  5.118  5.017  5.159  4.875  4.812  4.997  5.234  5.142  4.963  4.848  4.779  4.920  4.828  4.782  4.820  4.625  4.605  4.511  4.727  4.644  4.963  4.913  4.676  4.963  4.870  4.990  4.862  4.762  4.997  4.920
4.212  4.220  4.344  4.419  4.174  4.263  4.078  4.217  4.277  4.357  4.025  4.344  4.337  4.376  4.477  3.989  4.234  4.060  4.413  4.205  4.407  4.337  3.932  4.143  4.220  4.094  3.970  4.127  3.912  3.932  3.922  4.127  4.159  4.304  4.234  4.143  3.985  4.025  4.043  4.304  4.111  4.174
5.361  5.165  5.226  5.206  5.460  5.283  5.197  5.226  5.165  5.497  5.303  5.366  5.300  5.050  5.451  5.075  5.088  5.242  5.293  5.308  5.278  5.303  5.165  5.257  5.147  5.124  4.963  5.050  4.896  5.029  5.147  5.081  5.193  5.273  5.193  5.153  5.056  5.303  5.112  5.252  5.050  5.209
5.391  5.112  5.220  5.165  5.247  5.257  5.124  5.100  5.142  5.460  5.287  5.226  5.333  5.182  5.283  5.226  5.074  5.165  5.231  5.263  5.322  5.360  5.182  5.147  5.118  5.066  4.934  4.949  4.979  5.112  4.975  4.984  5.106  5.043  5.215  5.100  5.016  4.997  5.230  5.069  5.011  4.984
4.934  4.828  4.844  4.868  4.934  4.811  4.804  4.860  4.828  4.820  4.771  5.030  5.003  4.956  4.890  4.815  4.866  4.848  4.972  5.037  4.942  4.898  4.802  4.963  4.691  4.836  4.736  4.685  4.691  4.662  4.762  4.673  4.806  4.927  4.905  4.812  4.796  4.875  4.779  4.680  4.779  4.868
4.248  4.190  4.331  4.304  4.248  4.159  4.220  4.205  4.344  4.174  4.270  4.290  4.443  4.317  4.317  4.174  4.407  4.297  4.246  4.407  4.401  4.344  4.111  4.143  4.094  4.295  4.270  4.057  4.234  4.127  4.025  4.007  4.301  4.127  4.205  4.234  4.190  4.234  4.331  4.025  4.328  4.304
5.311  5.086  5.182  5.302  5.247  5.328  5.215  5.215  5.313  5.286  5.371  5.176  5.333  5.471  5.366  5.165  5.127  5.357  5.306  5.318  5.341  5.209  5.303  5.256  5.105  5.011  5.088  5.016  4.934  5.165  5.288  5.193  5.215  5.242  5.169  5.220  5.147  5.206  5.094  5.094  5.176  5.147
4.543  4.500  4.454  4.736  4.500  4.554  4.511  4.522  4.673  4.615  4.500  4.554  4.820  4.671  4.754  4.585  4.437  4.419  4.754  4.844  4.762  4.654  4.530  4.654  4.373  4.454  4.407  4.419  4.382  4.344  4.687  4.623  4.564  4.585  4.699  4.654  4.440  4.633  4.407  4.454  4.431  4.341
6.242  5.984  6.151  6.229  6.221  6.222  6.055  6.152  6.192  6.312  6.213  6.319  6.273  6.133  6.314  6.094  5.922  6.217  6.282  6.330  6.339  6.223  6.190  6.192  6.252  6.225  6.035  6.118  5.922  5.976  6.068  6.053  6.354  6.263  6.256  6.198  6.142  6.157  6.215  6.232  6.190  6.328
6.583  6.353  6.567  6.611  6.583  6.560  6.504  6.526  6.575  6.648  6.561  6.639  6.653  6.540  6.676  6.466  6.508  6.524  6.669  6.703  6.735  6.594  6.523  6.619  6.604  6.592  6.454  6.466  6.315  6.372  6.525  6.513  6.692  6.764  6.687  6.724  6.526  6.603  6.572  6.567  6.581  6.653
