3.932  4.025  3.761  3.912  3.912  3.861  3.932  3.932  3.850  3.871  3.761  3.867  4.016  4.040  4.040  3.829  3.839  3.951  3.871  4.025  4.025  4.043  3.829  3.871  3.970  3.784  3.850  3.761  3.689  3.689  3.714  3.947  3.807  3.892  3.795  3.850  3.867  3.784  3.664  3.757  3.807  3.892
4.317  4.331  4.143  4.382  4.344  4.248  4.248  4.328  4.394  4.277  4.380  4.248  4.344  4.466  4.290  4.234  4.369  4.205  4.394  4.407  4.317  4.311  4.344  4.407  4.159  4.174  4.007  4.094  3.932  4.094  4.357  4.220  4.290  4.060  4.052  4.248  4.277  4.205  4.174  4.220  4.143  4.143
4.234  4.143  4.217  4.127  4.284  4.159  4.057  4.127  4.171  4.174  4.174  4.111  4.263  4.140  4.301  4.078  3.932  4.025  4.220  4.212  4.094  4.004  4.344  4.277  3.807  3.892  3.912  3.970  3.912  4.013  4.078  4.043  3.970  3.932  3.932  4.060  4.025  3.892  3.912  3.761  3.928  4.060
4.500  4.635  4.317  4.290  4.290  4.498  4.466  4.324  4.419  4.407  4.341  4.454  4.635  4.554  4.663  4.354  4.263  4.317  4.505  4.428  4.585  4.446  4.367  4.644  4.205  4.220  4.317  4.025  4.078  4.124  4.317  4.220  4.187  4.246  4.179  4.246  4.220  4.197  3.807  4.143  4.248  4.241
3.989  3.989  3.773  4.057  3.989  3.773  3.871  3.829  3.871  4.007  4.025  3.932  4.174  3.871  4.094  3.850  3.970  3.932  4.040  4.060  4.060  3.951  3.989  4.025  3.888  3.951  3.784  3.784  3.784  3.947  3.871  3.932  3.714  3.932  3.850  3.957  3.807  3.757  3.947  3.611  3.850  3.807
3.401  3.367  3.332  3.367  3.332  3.526  3.367  3.367  3.459  3.401  3.296  3.497  3.584  3.497  3.714  3.367  3.497  3.526  3.611  3.689  3.520  3.367  3.332  3.434  3.343  3.497  3.360  3.258  3.250  3.638  3.466  3.555  3.332  3.367  3.459  3.638  3.332  3.219  3.258  3.296  3.258  3.526
3.367  3.434  3.434  3.526  3.466  3.497  3.459  3.570  3.466  3.555  3.332  3.526  3.555  3.555  3.584  3.367  3.367  3.555  3.632  3.611  3.611  3.638  3.526  3.401  3.434  3.497  3.466  3.401  3.401  3.466  3.434  3.550  3.555  3.434  3.555  3.555  3.434  3.526  3.296  3.367  3.296  3.401
3.638  3.584  3.555  3.761  3.611  3.632  3.611  3.555  3.664  3.490  3.520  3.638  3.611  3.714  3.871  3.658  3.738  3.526  3.689  3.761  3.714  3.638  3.664  3.584  3.466  3.584  3.428  3.497  3.401  3.332  3.714  3.664  3.638  3.638  3.535  3.611  3.466  3.638  3.418  3.638  3.555  3.555
3.689  3.632  3.784  3.611  3.605  3.689  3.784  3.807  4.031  3.689  3.526  3.892  3.807  3.829  4.013  3.664  3.638  3.829  3.750  3.861  3.664  3.714  3.638  3.638  3.714  3.611  3.761  3.829  3.555  3.701  3.584  3.550  3.584  3.555  3.689  3.497  3.497  3.497  3.850  3.664  3.676  3.638
3.664  3.638  3.761  3.526  3.584  3.709  3.584  3.611  3.898  3.584  3.689  3.497  3.638  3.611  3.784  3.555  3.714  3.761  3.768  3.611  3.526  3.689  3.434  3.726  3.555  3.367  3.497  3.584  3.584  3.689  3.401  3.689  3.428  3.526  3.757  3.638  3.555  3.584  3.664  3.714  3.395  3.395
4.454  4.369  4.394  4.543  4.454  4.419  4.394  4.344  4.407  4.477  4.454  4.477  4.454  4.525  4.691  4.317  4.290  4.564  4.431  4.454  4.407  4.301  4.382  4.369  4.127  4.143  4.234  4.205  4.060  4.174  4.224  4.190  4.477  4.190  4.248  4.143  4.248  4.443  4.331  4.357  4.304  4.301
4.007  3.871  4.078  4.156  4.143  3.970  3.932  4.004  4.190  4.066  4.066  4.078  4.111  4.246  4.231  3.807  3.951  3.976  4.477  4.234  4.094  4.094  3.970  4.234  3.912  3.824  3.892  3.912  3.871  3.761  3.892  3.989  4.094  3.807  3.922  3.807  3.807  4.025  4.007  3.922  3.871  4.094
4.454  4.394  4.331  4.635  4.404  4.516  4.454  4.454  4.644  4.605  4.477  4.564  4.578  4.489  4.754  4.382  4.382  4.317  4.690  4.575  4.710  4.466  4.500  4.533  4.394  4.341  4.308  4.159  4.148  4.103  4.263  4.290  4.431  4.452  4.344  4.394  4.202  4.543  4.363  4.350  4.522  4.454
3.689  3.761  3.611  3.784  3.658  3.784  3.807  3.638  3.951  3.850  3.761  3.892  3.932  3.932  4.143  3.807  3.818  3.829  3.989  4.007  3.850  3.807  3.780  3.850  3.611  3.638  3.807  3.709  3.578  3.664  3.761  3.871  3.714  3.824  3.829  3.807  3.738  3.714  3.714  3.555  3.768  3.611
4.369  4.466  4.357  4.394  4.407  4.344  4.277  4.357  4.386  4.500  4.357  4.466  4.554  4.394  4.477  4.234  4.317  4.431  4.394  4.466  4.489  4.443  4.220  4.511  4.394  4.304  4.263  4.083  4.140  4.190  4.357  4.407  4.317  4.498  4.331  4.317  4.220  4.382  4.205  4.344  4.212  4.274
5.193  4.949  5.130  5.115  4.827  4.860  4.977  5.030  4.982  5.016  5.017  5.086  5.149  4.977  5.063  4.905  4.787  4.984  5.004  5.100  5.030  5.030  4.896  4.890  4.736  4.920  4.871  4.820  4.635  4.723  4.920  4.787  5.027  4.868  4.866  4.970  4.949  4.951  4.913  4.913  4.773  5.029
4.963  4.970  4.828  4.919  4.905  5.004  4.852  5.003  4.956  5.050  4.760  4.966  5.112  5.017  5.209  4.699  4.820  4.828  4.890  4.828  5.075  5.050  4.997  4.835  4.756  4.595  4.644  4.726  4.635  4.762  4.844  4.828  4.852  4.783  4.949  4.990  4.890  4.927  4.868  4.714  4.718  4.828
4.947  4.790  4.980  5.102  5.165  5.037  5.247  5.272  5.231  4.942  4.796  4.804  4.856  4.812  4.997  4.659  4.723  4.615  4.779  4.890  4.970  4.934  4.745  4.898  4.613  4.575  4.431  4.443  4.431  4.361  4.466  4.896  4.775  4.630  4.635  4.796  4.673  4.828  4.934  4.673  4.635  4.736
3.555  3.584  3.466  3.638  3.520  3.367  3.584  3.434  3.721  3.738  3.555  3.689  3.761  3.664  3.835  3.497  3.638  3.526  3.664  3.757  3.738  3.592  3.490  3.689  3.676  3.658  3.664  3.555  3.466  3.605  3.395  3.555  3.611  3.555  3.555  3.434  3.555  3.689  3.497  3.638  3.570  3.555
3.490  3.490  3.434  3.555  3.466  3.350  3.296  3.638  3.401  3.611  3.526  3.401  3.632  3.555  3.611  3.395  3.555  3.450  3.611  3.780  3.664  3.401  3.497  3.584  3.490  3.459  3.550  3.497  3.360  3.434  3.434  3.611  3.497  3.497  3.497  3.526  3.428  3.466  3.258  3.288  3.555  3.466
4.205  4.220  4.159  4.140  4.224  4.234  4.205  4.234  4.103  4.277  4.159  4.217  4.404  4.452  4.475  4.263  4.234  4.159  4.248  4.331  4.357  4.404  4.220  4.367  4.190  4.220  4.060  4.274  3.951  4.143  4.344  4.328  4.454  4.304  4.357  4.234  4.060  4.060  4.043  4.143  4.143  4.111
4.736  4.500  4.543  4.489  4.575  4.522  4.554  4.431  4.543  4.585  4.613  4.605  4.642  4.663  4.796  4.398  4.554  4.554  4.605  4.868  4.762  4.718  4.575  4.745  4.419  4.489  4.431  4.549  4.304  4.357  4.575  4.288  4.595  4.431  4.454  4.533  4.392  4.486  4.570  4.500  4.443  4.522
