6.892  6.703  6.720  6.760  6.766  6.866  6.753  6.774  6.729  6.909  6.850  6.777  6.852  6.770  6.787  6.748  6.567  6.703  6.597  6.649  6.668  6.739  6.713  6.753  6.585  6.611  6.588  6.615  6.555  6.554  6.801  6.510  6.680  6.659  6.743  6.743  6.859  6.791  6.633  6.645  6.607  6.701
7.895  7.727  7.675  7.554  7.563  7.664  7.567  7.575  7.643  7.713  7.757  7.614  7.589  7.589  7.597  7.560  7.464  7.526  7.478  7.465  7.601  7.561  7.610  7.607  7.495  7.498  7.450  7.492  7.418  7.466  7.623  7.445  7.529  7.618  7.603  7.647  7.765  7.656  7.607  7.672  7.566  7.671
4.710  4.663  4.734  4.843  4.762  4.736  4.977  4.820  4.812  5.050  4.786  4.920  4.922  4.777  4.947  4.754  4.777  4.633  4.710  4.862  4.898  4.898  4.718  4.718  4.718  4.657  4.691  4.466  4.489  4.625  4.765  4.913  4.874  4.800  5.004  4.762  4.745  4.765  4.615  4.554  4.585  4.800
5.328  5.231  5.468  5.384  5.347  5.347  5.553  5.402  5.529  5.464  5.371  5.561  5.439  5.445  5.561  5.333  5.521  5.257  5.412  5.384  5.663  5.662  5.247  5.380  5.328  5.339  5.159  5.130  5.165  5.069  5.308  5.438  5.380  5.464  5.533  5.352  5.380  5.242  5.242  5.187  5.204  5.417
4.613  4.394  4.625  4.585  4.585  4.635  4.533  4.717  4.635  4.736  4.554  4.673  4.635  4.552  4.623  4.466  4.344  4.564  4.533  4.564  4.509  4.575  4.533  4.446  4.454  4.284  4.263  4.344  4.263  4.382  4.331  4.270  4.317  4.380  4.248  4.394  4.564  4.454  4.419  4.477  4.205  4.511
4.756  4.489  4.635  4.443  4.489  4.522  4.477  4.520  4.682  4.605  4.625  4.554  4.511  4.564  4.625  4.635  4.419  4.585  4.727  4.543  4.511  4.543  4.341  4.745  4.248  4.416  4.317  4.354  4.174  4.234  4.431  4.171  4.344  4.344  4.357  4.431  4.369  4.357  4.357  4.288  4.174  4.431
4.111  4.040  4.060  4.078  4.043  4.060  4.111  4.004  4.111  4.190  4.060  4.143  4.331  4.174  4.263  4.007  4.060  3.871  4.025  4.143  4.234  4.132  4.091  4.060  4.043  3.970  4.007  3.807  3.892  3.892  3.989  3.989  4.078  3.951  4.127  4.060  4.083  4.004  4.034  3.761  4.022  4.043
4.111  4.220  4.078  4.094  4.043  4.205  4.094  4.124  4.124  4.290  3.970  4.290  4.143  4.246  4.304  4.060  4.025  3.989  4.111  4.290  4.301  4.043  4.040  4.094  4.083  3.829  3.985  3.829  3.970  3.989  4.111  4.025  4.025  4.078  3.989  4.025  3.980  4.007  4.108  3.829  3.989  4.007
5.056  5.100  5.004  5.050  5.136  5.019  5.094  5.055  5.270  5.381  5.142  5.286  5.176  5.074  5.175  4.949  5.088  5.011  5.273  5.136  5.242  5.209  5.176  5.283  5.124  5.056  5.077  4.934  4.843  5.011  5.017  5.165  4.828  5.130  5.181  5.043  5.086  5.003  5.061  4.977  4.877  4.920
5.835  5.775  5.733  5.652  5.784  5.747  5.903  5.773  5.837  6.026  5.914  5.978  5.894  5.694  5.844  5.771  5.687  5.700  5.903  5.849  5.869  5.900  5.838  5.878  5.778  5.700  5.621  5.684  5.545  5.765  5.733  5.740  5.533  5.854  5.796  5.791  5.705  5.662  5.714  5.763  5.644  5.673
4.990  4.997  4.745  4.771  4.860  4.868  4.934  4.868  4.982  5.037  4.979  5.001  5.069  5.014  5.055  4.828  4.812  4.828  4.905  4.875  5.036  4.875  5.004  4.990  4.682  4.635  4.933  4.691  4.663  4.654  4.843  4.905  4.771  4.860  4.927  4.835  4.850  4.839  4.812  4.699  4.710  4.828
5.198  5.136  5.069  5.011  5.037  5.081  5.252  5.061  5.003  5.292  5.130  5.140  5.268  5.203  5.273  5.004  5.075  5.078  5.039  5.011  5.273  5.159  5.175  5.187  4.804  4.896  5.050  4.934  4.852  4.868  5.017  5.043  4.920  4.956  5.043  5.112  5.153  4.984  4.997  4.890  4.927  4.883
4.642  4.595  4.585  4.443  4.511  4.580  4.585  4.575  4.625  4.700  4.644  4.752  4.710  4.500  4.828  4.543  4.466  4.533  4.726  4.700  4.654  4.662  4.680  4.682  4.673  4.605  4.554  4.407  4.331  4.575  4.419  4.533  4.486  4.787  4.615  4.588  4.603  4.509  4.522  4.407  4.454  4.505
5.211  4.875  4.905  4.920  5.040  5.099  4.990  5.068  5.193  5.273  5.037  5.088  5.179  5.011  5.136  5.165  4.987  5.081  5.231  5.170  5.030  5.069  5.056  5.142  4.852  4.871  4.990  4.824  4.682  4.874  5.017  4.905  5.063  4.881  5.037  4.889  5.075  4.883  4.934  4.990  4.836  4.949
4.554  4.331  4.489  4.443  4.554  4.543  4.382  4.505  4.363  4.682  4.500  4.605  4.644  4.644  4.615  4.317  4.392  4.585  4.625  4.454  4.593  4.533  4.431  4.554  4.394  4.407  4.394  4.452  4.074  4.331  4.277  4.407  4.543  4.304  4.533  4.564  4.407  4.466  4.234  4.369  4.234  4.407
3.829  3.850  4.025  3.989  3.829  3.892  3.976  3.829  3.932  3.989  4.043  4.025  4.060  4.043  4.202  3.912  3.951  3.980  4.091  4.007  4.284  4.159  3.998  3.912  3.829  3.714  3.850  3.780  3.850  3.829  3.892  3.846  4.127  4.025  4.060  3.912  3.829  3.892  3.967  3.912  3.780  3.850
4.769  4.942  4.779  4.782  4.927  4.875  4.868  4.836  4.883  4.904  4.875  4.926  5.068  4.927  5.088  4.961  4.894  4.961  5.126  4.905  4.997  4.920  4.938  5.017  4.762  4.663  4.727  4.771  4.673  4.852  4.852  4.875  4.911  4.860  4.828  4.754  4.860  4.927  4.828  4.771  4.804  4.718
5.714  5.972  5.778  5.941  5.948  5.872  5.848  5.795  5.855  5.957  5.866  5.930  5.996  5.981  6.138  5.869  5.903  5.786  5.981  5.953  6.067  5.955  5.930  5.945  5.724  5.704  5.817  5.799  5.862  5.814  5.904  5.883  5.762  5.836  5.840  5.940  5.811  5.796  5.727  5.823  5.720  5.714
3.970  3.951  4.159  4.111  4.007  4.007  4.127  4.025  4.220  4.182  4.143  4.135  4.328  4.281  4.419  3.932  4.060  4.111  4.248  4.263  4.454  4.190  4.108  4.234  3.850  3.850  4.108  3.912  4.086  4.078  3.989  4.060  3.951  3.888  4.078  4.025  4.007  4.143  3.980  4.060  3.850  4.078
4.595  4.248  4.466  4.595  4.373  4.394  4.317  4.477  4.466  4.407  4.533  4.590  4.511  4.543  4.727  4.234  4.357  4.511  4.595  4.671  4.500  4.489  4.522  4.543  4.331  4.194  4.458  4.174  4.315  4.331  4.373  4.434  4.419  4.419  4.367  4.317  4.234  4.344  4.394  4.434  4.419  4.404
3.761  3.638  3.733  3.638  3.738  3.638  3.738  3.689  3.802  3.938  3.714  3.824  3.807  3.947  3.871  3.714  3.714  3.829  3.738  4.025  3.871  3.738  3.738  3.892  3.714  3.605  3.738  3.526  3.714  3.829  3.824  3.835  3.733  3.638  3.867  3.850  3.664  3.664  3.689  3.584  3.709  3.829
4.745  4.483  4.564  4.588  4.500  4.564  4.543  4.562  4.727  4.673  4.477  4.605  4.654  4.522  4.663  4.331  4.654  4.600  4.588  4.734  4.762  4.691  4.557  4.676  4.422  4.477  4.489  4.341  4.382  4.520  4.392  4.431  4.694  4.595  4.605  4.585  4.431  4.466  4.533  4.522  4.489  4.682
