4.454  4.263  4.234  4.317  4.263  4.543  4.205  4.220  4.348  4.382  4.304  4.394  4.575  4.454  4.407  4.419  4.159  4.481  4.304  4.354  4.369  4.344  4.431  4.394  4.111  4.354  4.127  4.220  4.263  4.277  4.220  4.234  4.220  4.220  4.304  4.431  4.357  4.407  4.290  4.419  4.151  4.263
4.124  4.317  4.277  4.078  4.248  4.220  4.304  4.248  4.344  4.234  4.220  4.357  4.369  4.363  4.419  4.344  4.078  4.443  4.277  4.248  4.369  4.304  4.174  4.331  4.111  4.248  4.304  4.357  4.043  4.124  4.159  4.190  4.205  4.317  4.304  4.382  4.174  4.074  4.111  4.234  4.025  4.317
4.048  4.043  4.127  3.888  3.970  4.052  3.892  4.057  3.928  4.127  3.998  4.140  4.217  4.190  4.205  4.016  4.091  3.850  4.004  4.202  3.957  3.989  3.989  3.970  4.078  4.022  4.007  3.871  3.839  3.938  3.784  3.888  3.888  3.951  3.902  3.985  3.947  3.898  4.016  3.928  3.721  3.871
3.908  3.839  3.850  3.807  3.912  3.951  3.850  3.912  3.850  4.016  3.738  3.850  3.850  3.784  3.912  3.892  3.951  3.664  3.871  3.761  3.892  3.761  3.738  3.784  3.912  3.871  3.970  3.738  3.829  3.689  3.638  3.829  3.970  3.611  3.824  3.638  3.761  3.757  3.689  3.871  3.664  3.664
3.497  3.638  3.466  3.584  3.611  3.526  3.611  3.638  3.611  3.526  3.526  3.466  3.584  3.664  3.738  3.689  3.555  3.638  3.555  3.684  3.714  3.526  3.526  3.555  3.497  3.584  3.555  3.611  3.466  3.466  3.555  3.584  3.611  3.632  3.584  3.466  3.526  3.497  3.526  3.497  3.367  3.434
3.497  3.395  3.434  3.367  3.367  3.332  3.434  3.497  3.497  3.401  3.367  3.466  3.434  3.605  3.497  3.520  3.332  3.296  3.526  3.555  3.555  3.526  3.466  3.450  3.428  3.684  3.367  3.466  3.555  3.401  3.367  3.550  3.526  3.434  3.258  3.466  3.401  3.428  3.367  3.219  3.434  3.497
4.040  4.086  4.025  3.932  3.912  3.998  4.111  3.892  4.025  3.980  3.738  3.970  3.970  3.850  4.159  3.850  3.970  3.829  4.212  3.989  4.127  3.985  3.912  3.951  3.951  3.714  3.829  3.611  4.025  3.980  3.857  4.043  3.892  3.871  3.951  3.951  4.025  3.846  3.829  3.611  3.689  4.078
3.850  3.912  3.807  3.951  3.829  3.807  3.951  3.824  3.850  4.016  3.651  3.985  3.938  3.807  3.928  4.025  4.231  3.757  4.060  3.942  3.989  3.912  3.829  3.850  3.902  3.780  3.689  3.664  3.892  3.689  3.709  4.007  3.892  3.871  4.043  3.738  3.780  3.733  3.807  3.664  3.784  3.714
4.804  4.736  4.710  4.625  4.585  4.663  4.787  4.682  4.331  4.875  4.710  4.786  4.920  4.595  4.927  4.663  4.743  4.382  4.745  4.828  4.794  4.787  4.615  4.605  4.595  4.625  4.635  4.431  4.500  4.649  4.522  4.777  4.466  4.654  4.673  4.654  4.644  4.762  4.820  4.585  4.533  4.663
4.625  4.304  4.477  4.585  4.357  4.500  4.575  4.635  4.143  4.836  4.585  4.754  4.787  4.511  4.734  4.443  4.407  4.428  4.477  4.652  4.663  4.543  4.615  4.564  4.466  4.394  4.443  4.475  4.205  4.489  4.419  4.394  4.297  4.533  4.466  4.605  4.382  4.585  4.575  4.500  4.357  4.700
3.497  3.555  3.664  4.143  3.638  3.584  3.526  3.671  3.888  3.970  3.296  3.839  3.689  3.584  3.932  3.638  3.555  3.807  3.892  3.784  3.867  3.784  3.526  3.951  3.632  3.401  3.526  3.714  3.401  3.761  3.367  3.434  3.611  3.555  3.714  3.651  3.555  3.664  7.299  3.555  3.791  3.526
3.497  3.434  3.689  4.357  3.497  3.689  3.434  3.520  3.578  3.605  3.332  3.714  3.555  3.638  3.802  3.638  3.605  3.555  3.846  3.829  3.664  3.401  3.434  3.829  3.526  3.466  3.466  3.466  3.367  3.584  3.497  3.664  3.689  3.497  3.605  3.434  3.401  3.550  3.466  3.497  3.367  3.401
3.367  3.555  3.526  3.605  3.434  3.584  3.401  3.555  3.555  3.584  3.434  3.526  3.611  3.664  3.664  3.638  3.638  3.481  3.526  3.611  3.761  3.638  3.497  3.526  3.459  3.466  3.466  3.434  3.497  3.526  3.434  3.624  3.541  3.428  3.466  3.526  3.401  3.434  3.714  3.459  3.526  3.428
3.481  3.434  3.466  3.367  3.332  3.401  3.434  3.401  3.434  3.434  3.296  3.526  3.526  3.526  3.526  3.434  3.384  3.401  3.490  3.584  3.401  3.520  3.526  3.367  3.332  3.296  3.296  3.296  3.434  3.367  3.378  3.497  3.520  3.466  3.526  3.555  3.178  3.296  3.497  3.497  3.434  3.350
3.401  3.401  3.638  3.466  3.526  3.367  3.401  3.526  3.466  3.564  3.367  3.611  3.611  3.526  3.664  3.395  3.611  3.605  3.829  3.592  3.721  3.434  3.490  3.497  3.395  3.367  3.395  3.332  3.434  3.466  3.296  3.466  3.541  3.490  3.526  3.434  3.367  3.481  3.401  3.466  3.434  3.497
3.638  3.497  3.526  3.611  3.605  3.466  3.401  3.466  3.526  3.564  3.466  3.526  3.638  3.714  3.761  3.658  3.611  3.676  3.802  3.689  3.611  3.401  3.619  3.584  3.611  3.497  3.555  3.434  3.434  3.434  3.367  3.664  3.658  3.520  3.638  3.638  3.526  3.401  3.526  3.466  3.526  3.526
3.367  3.367  3.466  3.497  3.689  3.434  3.332  3.367  3.584  3.434  3.178  3.638  3.664  3.761  3.784  3.459  3.497  3.401  3.332  3.526  3.584  3.555  3.555  3.550  3.466  3.497  3.401  3.401  3.325  3.490  3.258  3.434  3.526  3.367  3.497  3.497  3.401  3.434  3.296  3.497  3.367  3.434
3.401  3.332  3.526  3.434  3.332  3.367  3.401  3.367  3.296  3.384  3.332  3.526  3.664  3.807  3.638  3.258  3.555  3.434  3.466  3.555  3.578  3.497  3.296  3.459  3.497  3.555  3.332  3.434  3.367  3.367  3.401  3.555  3.466  3.466  3.418  3.401  3.497  3.296  3.332  3.170  3.296  3.401
3.689  3.497  3.611  3.638  3.611  3.611  3.611  3.584  3.714  3.638  3.497  3.584  3.784  3.850  3.871  3.611  3.829  3.638  3.892  3.784  3.761  3.638  3.689  3.709  3.584  3.526  3.638  3.619  3.401  3.497  3.526  3.401  3.555  3.555  3.664  3.664  3.714  3.466  3.497  3.638  3.638  3.714
4.007  3.738  3.892  3.932  3.829  3.850  3.638  3.892  3.773  3.882  3.871  3.951  4.174  4.127  4.108  3.947  3.784  3.942  4.040  3.970  3.967  3.738  3.784  3.892  3.726  3.757  3.714  3.813  3.611  3.676  3.784  3.584  3.970  3.784  3.768  3.807  3.761  3.967  3.892  3.645  3.738  3.871
6.196  5.969  6.068  6.206  6.038  6.105  6.031  6.111  6.070  6.236  6.151  6.147  6.229  6.159  6.252  6.045  6.084  6.035  6.295  6.210  6.151  6.214  6.105  6.239  6.146  6.157  6.035  6.050  5.883  6.004  6.182  6.098  6.279  6.304  6.349  6.345  6.444  6.472  6.407  6.270  6.669  6.752
5.460  5.394  5.308  5.398  5.282  5.357  5.193  5.215  5.293  5.313  5.533  5.215  5.391  5.438  5.375  5.283  5.414  5.268  5.467  5.429  5.513  5.455  5.566  5.587  5.357  5.236  5.303  5.050  5.220  5.130  5.361  5.112  5.318  5.380  5.384  5.342  5.217  5.303  5.288  5.024  5.366  5.204
