4.625  4.304  4.625  4.477  4.489  4.585  4.382  4.511  4.477  4.654  4.533  4.615  4.618  4.454  4.593  4.605  4.348  4.610  4.623  4.486  4.682  4.344  4.394  4.357  4.511  4.392  4.394  4.466  4.277  4.344  4.419  4.277  4.394  4.443  4.407  4.489  4.357  4.454  4.466  4.503  4.290  4.498
4.398  4.335  4.431  4.344  4.394  4.382  4.317  4.431  4.344  4.394  4.205  4.290  4.516  4.220  4.369  4.443  4.288  4.394  4.486  4.477  4.419  4.331  4.431  4.472  4.263  4.263  4.171  4.143  4.013  4.205  4.007  4.212  4.143  4.248  4.171  4.357  4.331  4.331  4.234  4.248  4.205  4.369
4.376  4.078  4.205  4.043  4.331  4.288  4.220  4.290  4.231  4.407  4.159  4.419  4.489  4.174  4.344  4.357  4.234  4.477  4.394  4.217  4.315  4.182  4.315  4.174  4.111  4.234  4.127  4.127  4.043  4.190  4.205  4.119  4.190  4.060  4.304  4.159  4.124  4.091  3.989  4.143  4.234  4.220
3.807  3.689  3.850  3.611  3.684  3.824  3.871  3.714  3.761  3.733  3.784  3.824  3.961  3.867  3.761  3.850  3.733  3.802  3.807  3.829  4.004  3.784  3.829  3.738  3.784  3.584  3.689  3.689  3.638  3.664  3.738  3.689  3.689  3.807  3.664  3.807  3.761  3.839  3.526  3.611  3.689  3.714
5.617  5.421  5.517  5.485  5.440  5.513  5.298  5.485  5.382  5.727  5.576  5.501  5.455  5.525  5.535  5.468  5.209  5.425  5.407  5.517  5.323  5.415  5.333  5.421  5.215  5.313  5.416  5.366  5.124  5.226  5.537  5.325  5.438  5.268  5.278  5.352  5.230  5.451  5.372  5.303  5.262  5.306
5.108  4.956  4.858  4.852  4.868  4.975  4.890  4.984  5.001  5.142  4.990  5.017  4.860  4.902  4.956  4.890  4.710  4.890  5.063  4.927  4.963  4.927  4.844  4.949  4.727  4.736  4.771  4.762  4.486  4.804  4.700  4.654  4.820  4.894  4.890  4.804  4.754  4.736  4.717  4.564  4.662  4.919
5.673  5.485  5.611  5.539  5.517  5.503  5.572  5.591  5.602  5.724  5.549  5.690  5.724  5.648  5.635  5.575  5.425  5.635  5.591  5.649  5.613  5.485  5.560  5.465  5.583  5.580  5.533  5.500  5.263  5.372  5.497  5.442  5.521  5.598  5.557  5.434  5.438  5.617  5.424  5.480  5.366  5.601
5.130  5.059  5.030  5.088  5.063  5.103  5.100  5.043  5.136  5.209  5.190  5.136  5.283  5.074  5.150  5.112  5.024  4.947  5.159  5.124  5.231  4.984  5.075  5.182  5.093  4.990  5.011  4.968  4.727  4.832  4.934  5.037  5.030  4.984  5.056  4.934  5.100  5.030  5.100  5.011  4.898  5.162
6.680  6.425  6.381  6.463  6.449  6.394  6.462  6.488  6.572  6.785  6.658  6.566  6.695  6.504  6.571  6.483  6.333  6.529  6.575  6.494  6.436  6.381  6.482  6.462  6.315  6.363  6.384  6.397  6.225  6.288  6.494  6.238  6.064  6.465  6.423  6.405  6.425  6.457  6.551  6.550  6.172  6.455
5.472  5.278  5.323  5.425  5.349  5.357  5.388  5.416  5.425  5.643  5.489  5.434  5.634  5.481  5.438  5.455  5.328  5.389  5.381  5.352  5.342  5.288  5.357  5.541  5.193  5.323  5.316  5.375  5.118  5.231  5.323  5.215  5.030  5.273  5.155  5.257  5.327  5.435  5.361  5.349  5.124  5.288
6.157  6.040  5.953  5.999  6.107  6.078  6.009  6.006  6.050  6.168  6.118  6.165  6.159  6.011  6.091  6.031  5.872  6.083  6.031  5.961  5.942  6.021  6.027  6.063  5.932  5.924  5.999  6.040  5.761  5.922  6.023  5.889  6.011  5.938  5.897  6.083  6.054  5.986  5.934  6.028  5.932  6.045
6.657  6.562  6.507  6.615  6.515  6.570  6.608  6.559  6.568  6.719  6.698  6.727  6.752  6.624  6.751  6.575  6.495  6.617  6.616  6.594  6.687  6.603  6.609  6.674  6.409  6.457  6.590  6.522  6.410  6.376  6.673  6.541  6.501  6.482  6.586  6.583  6.555  6.485  6.539  6.493  6.436  6.506
4.920  4.844  4.860  4.852  4.881  4.940  4.754  4.812  4.858  4.820  4.533  4.595  4.927  5.037  4.904  4.682  4.718  4.820  4.860  4.816  4.779  4.691  4.868  4.874  4.718  4.710  4.673  4.644  4.538  4.522  4.644  4.625  4.745  4.718  4.875  4.710  4.730  4.700  4.771  4.625  4.714  4.898
5.100  5.165  5.182  5.333  5.149  5.120  5.215  5.193  5.302  5.112  5.037  4.844  5.328  5.193  5.296  5.176  5.142  5.056  5.298  5.207  5.389  5.124  5.124  5.198  5.165  5.103  4.968  4.934  4.905  4.927  5.069  4.997  5.094  5.193  5.278  5.155  5.130  4.890  4.984  4.860  5.081  5.181
5.996  5.790  5.829  5.720  5.894  5.964  5.832  5.881  5.786  5.872  6.035  5.616  6.011  5.912  6.016  5.903  5.710  5.887  5.775  5.846  5.799  5.881  5.832  5.900  5.553  5.489  5.759  5.710  5.566  5.568  5.778  5.670  5.665  5.684  5.781  5.849  5.771  5.613  5.861  5.775  5.680  5.841
5.513  5.565  5.464  5.485  5.452  5.493  5.523  5.476  5.468  5.519  5.639  5.056  5.553  5.434  5.631  5.403  5.293  5.432  5.533  5.539  5.591  5.434  5.605  5.771  5.198  5.182  5.204  5.328  5.153  5.187  5.505  5.400  5.344  5.262  5.363  5.557  5.476  5.257  5.409  5.429  5.283  5.293
4.585  4.562  4.743  4.642  4.613  4.615  4.605  4.615  4.820  4.708  4.654  4.625  4.839  4.673  4.868  4.593  4.522  4.382  4.804  4.644  4.721  4.635  4.509  4.682  4.804  4.543  4.580  4.477  4.419  4.598  4.500  4.546  4.710  4.752  4.644  4.739  4.419  4.443  4.503  4.522  4.533  4.369
4.562  4.489  4.676  4.771  4.754  4.575  4.635  4.530  4.736  4.828  4.500  4.745  4.779  4.727  4.890  4.603  4.691  4.443  4.836  4.700  4.898  4.762  4.554  4.585  4.666  4.663  4.443  4.549  4.419  4.520  4.552  4.615  4.533  4.699  4.635  4.564  4.575  4.564  4.503  4.585  4.635  4.511
5.063  5.130  5.170  5.197  4.970  5.072  5.252  5.042  5.100  5.263  5.136  5.263  5.344  5.153  5.438  5.257  5.267  5.235  5.310  5.308  5.422  5.088  5.159  5.242  5.130  5.112  5.112  4.898  4.942  4.970  5.030  5.209  5.182  5.150  5.120  5.153  5.094  5.037  4.947  4.868  5.100  5.081
5.303  5.187  5.226  5.293  5.302  5.153  5.236  5.225  5.243  5.400  5.220  5.361  5.509  5.333  5.533  5.438  5.455  5.523  5.565  5.595  5.690  5.293  5.247  5.318  5.124  5.283  5.153  5.024  5.094  5.013  5.130  5.267  5.219  5.267  5.300  5.169  5.223  5.091  5.024  5.063  5.100  5.086
5.094  4.997  5.063  4.990  5.056  5.159  4.934  5.088  5.147  5.091  5.075  5.136  5.260  5.165  5.198  5.147  4.856  5.161  5.283  5.130  5.007  4.952  4.890  4.966  4.989  5.181  5.043  5.064  4.782  4.977  4.990  4.866  5.013  5.106  4.889  5.050  5.007  5.052  4.952  5.112  5.069  5.190
4.603  4.369  4.477  4.431  4.454  4.500  4.159  4.382  4.428  4.522  4.700  4.477  4.595  4.522  4.635  4.290  4.337  4.380  4.500  4.595  4.505  4.382  4.398  4.527  4.277  4.328  4.234  4.407  4.263  4.357  4.274  4.248  4.382  4.431  4.344  4.304  4.234  4.174  4.331  4.357  4.369  4.248
