6.746  6.444  6.598  6.535  6.655  6.698  6.563  6.708  6.721  6.920  6.846  6.767  6.835  6.720  6.737  6.659  6.390  6.832  6.855  6.640  6.571  6.475  6.599  6.418  6.671  6.692  6.629  6.693  6.355  6.536  6.547  6.389  6.503  6.689  6.656  6.577  6.565  6.639  6.599  6.758  6.475  6.714
4.595  4.500  4.543  4.382  4.500  4.500  4.527  4.796  4.554  4.734  4.782  4.671  4.828  4.812  4.779  4.564  4.407  4.623  4.700  4.595  4.466  4.564  4.585  4.489  4.564  4.489  4.633  4.615  4.288  4.466  4.500  4.164  4.554  4.522  4.557  4.419  4.466  4.498  4.691  4.500  4.205  4.428
4.977  4.762  4.942  4.828  4.934  5.021  4.913  4.875  5.037  5.193  5.077  5.017  5.050  4.860  5.118  4.945  4.898  4.927  5.094  4.915  5.043  4.972  4.963  5.075  4.727  4.819  4.875  4.787  4.680  4.975  4.927  4.956  4.779  4.762  4.977  4.762  4.933  4.804  4.860  4.875  4.700  4.858
5.231  5.193  5.436  5.226  5.384  5.733  5.583  5.404  5.342  5.631  5.489  5.578  5.328  5.192  5.485  5.283  5.298  5.370  5.509  5.366  5.313  5.328  5.293  5.559  4.970  5.114  5.176  5.118  5.307  5.537  5.342  5.231  5.467  5.106  5.416  5.366  5.412  5.056  5.204  5.189  5.106  5.273
6.766  6.586  6.614  6.601  6.698  6.709  6.649  6.600  6.687  6.770  6.590  6.730  6.765  6.707  6.645  6.606  6.444  6.725  6.736  6.671  6.600  6.525  6.642  6.636  6.676  6.715  6.578  6.662  6.494  6.500  6.546  6.420  6.610  6.690  6.619  6.520  6.659  6.677  6.557  6.654  6.522  6.683
5.704  5.561  5.517  5.620  5.621  5.659  5.670  5.666  5.738  5.788  5.677  5.749  5.673  5.670  5.814  5.464  5.501  5.583  5.793  5.717  5.683  5.529  5.562  5.551  5.587  5.652  5.546  5.565  5.357  5.338  5.472  5.429  5.545  5.670  5.529  5.529  5.485  5.553  5.346  5.429  5.476  5.607
4.787  4.466  4.736  4.654  4.511  4.762  4.615  4.804  4.727  4.779  4.522  4.717  4.934  4.804  4.920  4.477  4.500  4.635  4.836  4.820  4.671  4.443  4.481  4.522  4.489  4.654  4.494  4.575  4.344  4.425  4.522  4.407  4.585  4.673  4.595  4.511  4.431  4.625  4.466  4.494  4.691  4.708
3.912  3.871  3.932  3.829  3.850  3.738  3.850  4.174  3.970  4.007  3.892  4.205  3.970  4.060  3.998  3.738  3.829  3.867  3.989  4.016  3.970  3.795  3.714  4.043  4.057  3.932  3.892  3.784  3.829  3.714  3.780  3.714  3.824  3.951  3.912  3.951  3.738  3.951  3.871  3.664  3.689  3.867
6.407  5.894  6.219  6.120  6.333  6.215  5.964  6.120  5.943  6.317  6.255  6.230  6.242  6.082  6.288  5.894  5.799  6.263  6.176  6.194  5.928  5.935  5.897  5.958  5.977  6.059  5.890  6.075  5.620  5.861  5.908  5.749  6.066  5.989  5.889  5.986  5.881  6.153  6.182  6.144  5.940  6.084
4.977  4.673  4.745  4.700  4.883  4.811  4.718  4.671  4.682  4.956  4.718  4.736  4.881  4.856  4.868  4.718  4.554  4.977  4.710  4.836  4.868  4.771  4.718  4.682  4.575  4.605  4.549  4.605  4.311  4.575  4.691  4.394  4.605  4.638  4.595  4.673  4.527  4.673  4.625  4.644  4.367  4.466
7.848  7.668  7.755  7.768  7.750  7.780  7.653  7.732  7.716  7.764  7.788  7.772  7.852  7.782  7.777  7.673  7.641  7.770  7.779  7.733  7.636  7.726  7.734  7.710  7.803  7.814  7.636  7.753  7.617  7.615  7.720  7.621  7.716  7.766  7.731  7.652  7.761  7.802  7.682  7.794  7.683  7.793
6.892  6.683  6.807  6.862  6.785  6.788  6.730  6.700  6.770  6.810  6.821  6.848  6.884  6.823  6.851  6.623  6.697  6.765  6.874  6.749  6.713  6.721  6.746  6.745  6.800  6.869  6.559  6.652  6.564  6.629  6.599  6.615  6.766  6.753  6.680  6.616  6.790  6.685  6.680  6.692  6.656  6.764
5.193  5.321  5.147  5.159  5.209  5.176  5.130  5.136  5.231  5.366  5.283  5.257  5.308  5.425  5.323  5.052  4.934  5.215  5.182  5.215  5.043  4.848  5.165  5.088  5.037  5.094  5.100  5.017  4.905  5.030  5.165  4.913  5.004  5.081  5.024  5.209  5.056  5.247  5.099  5.204  4.913  4.913
4.615  4.685  4.575  4.654  4.615  4.585  4.500  4.466  4.543  4.564  4.554  4.533  4.844  4.710  4.828  4.363  4.585  4.625  4.654  4.879  4.828  4.419  4.673  4.762  4.401  4.472  4.394  4.363  4.419  4.357  4.511  4.407  4.533  4.466  4.477  4.647  4.466  4.543  4.500  4.466  4.454  4.590
6.650  6.354  6.479  6.547  6.687  6.654  6.472  6.571  6.522  6.687  6.607  6.677  6.650  6.566  6.683  6.533  6.310  6.685  6.647  6.608  6.545  6.379  6.392  6.342  6.482  6.521  6.423  6.537  6.211  6.306  6.293  6.328  6.458  6.571  6.474  6.499  6.400  6.646  6.605  6.618  6.439  6.554
5.903  5.788  5.864  5.811  5.924  5.932  5.761  5.743  5.864  5.974  5.999  5.984  6.076  5.921  6.079  5.793  5.694  5.963  5.843  5.886  5.901  5.822  5.900  5.902  5.686  5.707  5.778  5.713  5.561  5.678  5.744  5.602  5.687  5.782  5.825  5.922  5.844  5.916  6.008  5.951  5.638  5.804
4.546  4.341  4.382  4.304  4.492  4.533  4.443  4.401  4.437  4.443  4.593  4.700  4.644  4.673  4.782  4.533  4.304  4.554  4.595  4.469  4.466  4.369  4.449  4.454  4.434  4.431  4.489  4.477  4.220  4.344  4.543  4.277  4.511  4.585  4.554  4.477  4.522  4.522  4.407  4.605  4.386  4.500
3.367  3.664  3.584  3.555  3.632  3.689  3.714  3.555  3.733  3.689  3.611  3.714  3.807  3.784  3.802  3.664  3.664  3.807  3.761  3.829  3.850  3.807  3.714  3.709  3.664  3.611  3.738  3.696  3.701  3.689  3.611  3.780  3.605  3.738  3.638  3.684  3.738  3.676  3.733  3.555  3.555  3.611
5.521  5.451  5.519  5.397  5.462  5.469  5.268  5.380  5.347  5.603  5.606  5.403  5.704  5.533  5.613  5.379  5.447  5.635  5.565  5.425  5.444  5.472  5.611  5.553  5.204  5.242  5.403  5.347  5.153  5.218  5.541  5.344  5.394  5.356  5.272  5.459  5.317  5.569  5.529  5.389  5.366  5.488
5.126  5.064  5.052  4.970  5.124  5.037  4.804  4.990  4.913  5.288  5.225  4.990  5.263  5.197  5.047  4.879  4.727  5.178  4.997  5.170  5.029  4.868  5.053  5.030  4.883  4.942  4.896  5.083  4.687  4.703  4.942  4.727  4.860  4.820  4.820  5.050  4.804  4.913  5.226  5.075  4.905  4.913
5.356  5.380  5.361  5.338  5.384  5.407  5.099  5.252  5.330  5.684  5.352  5.464  5.684  5.593  5.667  5.398  5.220  5.561  5.501  5.404  5.455  5.278  5.533  5.434  4.942  5.179  5.323  5.288  4.977  5.150  5.287  5.081  5.165  5.287  5.209  5.394  5.170  5.278  5.412  5.323  5.140  5.366
3.829  3.928  4.007  4.040  3.932  3.892  3.882  3.871  4.022  3.951  3.807  4.060  4.078  4.043  4.156  4.078  4.007  3.892  4.060  4.135  4.357  4.043  4.094  4.140  3.850  3.714  3.951  3.664  3.784  3.714  3.761  3.829  3.898  3.912  4.060  4.007  3.912  4.078  3.951  3.761  3.980  4.025
