4.710  4.543  4.673  4.718  4.727  4.796  4.754  4.762  4.820  4.700  4.625  4.856  4.843  4.762  4.860  4.913  4.699  4.796  4.663  4.700  4.802  4.773  4.718  4.754  4.615  4.745  4.691  4.511  4.595  4.625  4.745  4.633  4.575  4.663  4.690  4.748  4.835  4.703  4.642  4.691  4.718  4.595
3.664  3.738  3.871  3.757  3.611  3.738  3.738  3.664  3.738  3.922  3.555  3.850  3.768  3.689  3.912  3.761  3.738  3.912  3.850  3.892  4.052  3.918  3.877  3.951  3.638  3.738  3.738  3.726  3.584  3.761  3.714  3.738  3.829  3.757  3.750  3.738  3.651  3.584  3.676  3.638  3.761  3.813
6.614  6.301  6.489  6.445  6.507  6.557  6.452  6.552  6.540  6.790  6.683  6.653  6.739  6.673  6.729  6.831  6.574  6.865  6.542  6.509  6.420  6.330  6.312  6.354  6.425  6.347  6.378  6.322  6.052  6.306  6.393  6.161  6.405  6.288  6.407  6.402  6.236  6.407  6.356  6.405  6.223  6.430
7.119  7.092  7.120  7.059  7.134  7.214  7.267  7.158  7.247  7.376  7.241  7.241  7.219  7.197  7.244  7.117  7.101  7.065  7.316  7.087  7.209  7.182  7.108  7.167  7.141  7.073  7.113  7.056  6.980  7.109  7.095  7.051  7.066  7.170  7.276  7.190  7.165  7.072  7.019  7.095  7.056  7.159
5.686  5.521  5.511  5.571  5.561  5.649  5.742  5.652  5.787  5.914  5.649  5.817  5.742  5.609  5.786  5.580  5.749  5.493  5.802  5.553  5.697  5.724  5.756  5.624  5.694  5.595  5.525  5.366  5.425  5.631  5.455  5.505  5.357  5.635  5.737  5.582  5.517  5.442  5.357  5.445  5.549  5.595
5.638  5.638  5.513  5.575  5.595  5.602  5.850  5.720  5.765  5.926  5.714  5.938  5.866  5.620  5.897  5.864  5.935  5.677  5.846  5.704  5.771  5.846  5.760  5.743  5.595  5.677  5.617  5.429  5.460  5.580  5.572  5.631  5.429  5.749  5.854  5.680  5.670  5.557  5.412  5.447  5.553  5.586
5.919  5.768  5.759  5.852  5.762  5.771  5.768  5.663  5.669  5.909  5.978  5.890  5.935  5.834  5.995  5.690  5.684  5.677  5.861  5.746  5.861  5.759  5.694  5.727  5.631  5.608  5.620  5.668  5.501  5.565  5.762  5.649  5.677  5.743  5.652  5.730  5.743  5.802  5.640  5.583  5.545  5.631
6.420  6.293  6.290  6.324  6.400  6.392  6.353  6.376  6.351  6.540  6.506  6.497  6.465  6.418  6.532  6.272  6.211  6.263  6.389  6.267  6.470  6.365  6.349  6.446  6.178  6.188  6.190  6.205  6.029  6.125  6.299  6.157  6.225  6.337  6.267  6.301  6.347  6.359  6.340  6.276  6.217  6.255
5.384  5.437  5.361  5.418  5.460  5.407  5.427  5.373  5.342  5.539  5.517  5.455  5.507  5.505  5.583  5.505  5.290  5.407  5.517  5.406  5.338  5.352  5.318  5.366  5.288  5.251  5.286  5.308  5.226  5.252  5.357  5.259  5.318  5.447  5.302  5.521  5.398  5.394  5.407  5.501  5.165  5.230
5.272  5.333  5.081  5.081  5.206  5.182  5.153  5.011  5.034  5.338  5.236  5.170  5.283  5.182  5.198  5.175  5.226  5.088  5.176  5.165  5.198  5.004  5.114  5.182  5.146  5.043  5.030  5.037  5.034  5.106  5.118  4.975  4.927  5.136  5.081  5.182  5.197  5.142  4.949  5.021  4.852  5.102
4.573  4.317  4.454  4.419  4.663  4.489  4.398  4.514  4.348  4.654  4.419  4.477  4.691  4.682  4.745  4.331  4.363  4.369  4.509  4.605  4.613  4.522  4.344  4.691  4.382  4.500  4.392  4.419  4.078  4.317  4.317  4.407  4.331  4.361  4.419  4.477  4.369  4.533  4.357  4.407  4.234  4.407
4.060  4.007  4.132  4.174  4.143  4.248  4.094  4.190  4.094  4.078  4.143  4.174  4.357  4.492  4.354  4.111  4.086  4.094  4.205  4.078  4.159  4.212  4.060  4.263  3.970  4.111  4.025  3.998  3.912  3.989  4.022  4.007  4.040  4.174  4.174  4.119  4.025  4.159  4.111  3.951  3.951  3.918
4.745  4.673  4.673  4.654  4.662  4.771  4.533  4.718  4.564  4.682  4.710  4.844  4.927  4.804  4.956  4.454  4.443  4.727  4.710  4.762  4.718  4.533  4.790  4.605  4.331  4.533  4.710  4.543  4.472  4.511  4.543  4.595  4.625  4.745  4.522  4.380  4.736  4.615  4.317  4.663  4.511  4.511
4.220  4.248  4.382  4.392  4.361  4.452  4.376  4.369  4.331  4.143  4.277  4.585  4.564  4.533  4.466  4.344  4.246  4.394  4.489  4.533  4.419  4.331  4.357  4.511  4.217  4.220  4.466  4.202  4.043  4.220  4.190  4.348  4.156  4.263  4.419  4.321  4.248  4.407  4.205  4.159  4.317  4.344
5.198  5.176  5.124  5.050  5.273  5.204  5.014  5.063  5.085  5.233  5.158  5.311  5.193  5.193  5.288  5.004  4.949  5.027  5.083  5.075  5.081  5.037  5.030  5.220  4.997  4.745  4.942  5.147  4.836  4.920  5.030  4.905  4.942  5.030  4.913  5.247  5.075  5.156  5.242  5.165  5.069  4.942
4.143  4.060  4.194  4.111  4.143  4.159  4.086  4.205  4.060  4.220  4.315  4.156  4.404  4.248  4.489  4.174  4.091  4.234  4.174  4.270  4.108  4.248  4.205  4.220  4.111  4.025  3.892  4.111  3.947  3.951  4.111  4.060  4.043  4.007  4.094  4.078  4.007  4.217  4.174  3.970  3.784  4.060
5.505  5.215  5.234  5.472  5.416  5.472  5.371  5.298  5.328  5.455  5.375  5.425  5.521  5.485  5.517  5.291  5.338  5.426  5.371  5.338  5.293  5.434  5.403  5.479  5.398  5.342  5.242  5.318  5.298  5.335  5.288  5.292  5.313  5.431  5.371  5.468  5.308  5.357  5.215  5.361  5.264  5.338
5.050  5.056  5.042  5.170  5.118  5.063  4.927  5.037  5.088  5.147  5.147  5.159  5.247  5.192  5.220  5.100  5.094  5.100  5.198  5.111  5.127  5.247  5.142  5.129  4.890  5.006  5.004  4.920  4.796  4.894  5.011  4.990  5.106  5.088  4.970  5.063  5.069  5.066  4.860  4.963  4.997  4.926
4.844  4.673  4.760  4.710  4.875  4.771  4.543  4.848  4.644  4.860  4.796  4.868  4.828  4.796  4.956  4.605  4.718  4.714  4.839  4.682  4.820  4.677  4.682  4.727  4.585  4.392  4.489  4.605  4.489  4.635  4.536  4.682  4.754  4.593  4.673  4.754  4.654  4.736  4.635  4.745  4.673  4.718
4.754  4.466  4.554  4.605  4.644  4.654  4.575  4.700  4.431  4.804  4.533  4.583  4.700  4.595  4.673  4.554  4.477  4.605  4.752  4.771  4.760  4.562  4.511  4.605  4.369  4.533  4.509  4.407  4.357  4.344  4.407  4.416  4.608  4.477  4.585  4.564  4.454  4.533  4.625  4.615  4.477  4.554
5.835  5.765  5.670  5.680  5.720  5.814  5.741  5.649  5.737  5.829  5.717  5.724  5.881  5.762  5.811  5.787  5.762  5.800  5.683  5.773  5.690  5.855  5.872  5.922  5.562  5.658  5.775  5.723  5.717  5.642  5.886  5.659  5.540  5.739  5.756  5.864  5.808  5.727  5.697  5.765  5.642  5.725
4.956  4.898  5.069  5.112  4.777  4.919  4.933  4.905  4.927  4.984  5.030  4.927  5.024  4.949  5.037  4.836  4.890  4.915  4.977  4.942  5.056  4.947  4.951  4.920  4.894  4.811  4.933  4.840  4.644  4.883  4.996  4.860  4.970  4.907  4.844  4.852  4.787  4.875  4.820  4.752  4.860  4.905
