5.345  5.257  5.223  5.293  5.273  5.434  5.407  5.372  5.416  5.474  5.347  5.464  5.425  5.338  5.371  5.204  5.215  5.293  5.529  5.303  5.342  5.293  5.260  5.204  5.215  5.366  5.193  5.176  5.064  5.235  5.187  5.063  5.325  5.384  5.423  5.328  5.292  5.161  5.259  5.247  5.147  5.311
3.871  3.932  3.829  3.829  3.882  3.888  3.932  3.970  3.912  4.108  3.970  3.951  4.143  4.043  3.970  3.912  3.829  3.807  4.108  4.025  4.007  3.970  4.022  3.871  3.850  3.892  3.871  3.761  3.761  3.861  3.761  3.807  3.761  3.714  3.912  3.908  3.761  3.912  3.882  3.829  3.802  3.802
4.700  4.241  4.691  4.431  4.673  4.718  4.369  4.718  4.583  4.765  4.828  4.727  4.727  4.748  4.700  4.509  4.277  4.618  4.649  4.663  4.654  4.317  4.522  4.284  4.440  4.644  4.562  4.533  4.174  4.382  4.511  4.407  4.331  4.564  4.483  4.382  4.514  4.662  4.608  4.673  4.317  4.564
3.611  3.497  3.555  3.611  3.497  3.555  3.434  3.664  3.434  3.466  3.490  3.638  3.611  3.584  3.526  3.466  3.497  3.526  3.611  3.784  3.714  3.818  3.584  3.584  3.632  3.526  3.459  3.466  3.332  3.671  3.367  3.296  3.584  3.611  3.434  3.434  3.526  3.555  3.466  3.506  3.466  3.624
4.875  4.671  4.771  4.852  4.745  4.913  4.828  4.949  4.771  4.949  4.682  4.980  4.996  4.896  4.970  4.754  4.682  4.898  4.934  4.940  4.828  4.691  4.762  4.736  4.868  4.915  4.700  4.700  4.369  4.466  4.762  4.710  4.844  4.736  4.673  4.765  4.787  4.734  4.779  4.710  4.663  4.820
5.088  4.913  5.024  4.990  4.997  5.159  5.050  5.075  5.088  5.318  5.053  5.242  5.352  5.061  5.215  4.992  4.820  5.118  5.088  5.100  5.147  4.970  5.063  5.050  4.949  4.949  4.990  4.949  4.730  4.765  5.021  4.804  4.890  4.890  4.990  5.075  4.860  4.860  5.017  5.004  4.754  4.977
4.710  4.562  4.554  4.682  4.554  4.536  4.638  4.644  4.741  4.700  4.431  4.500  4.663  4.625  4.638  4.407  4.613  4.533  4.595  4.533  4.673  4.620  4.452  4.615  4.620  4.564  4.454  4.369  4.331  4.394  4.498  4.605  4.533  4.511  4.575  4.533  4.464  4.477  4.331  4.431  4.304  4.635
5.366  4.913  4.956  4.920  5.142  5.112  5.080  5.081  5.027  5.322  5.142  5.176  5.145  5.112  5.100  5.032  4.956  5.075  5.111  4.997  5.029  5.017  5.017  5.004  4.956  4.997  4.984  4.934  4.663  4.860  4.866  4.920  4.905  5.029  4.954  5.063  5.004  5.004  4.984  4.997  4.718  4.956
5.656  5.511  5.529  5.517  5.624  5.568  5.481  5.521  5.625  5.733  5.580  5.687  5.670  5.624  5.707  5.521  5.416  5.710  5.796  5.565  5.651  5.432  5.577  5.371  5.467  5.566  5.513  5.617  5.318  5.398  5.466  5.297  5.193  5.572  5.521  5.554  5.645  5.602  5.617  5.655  5.342  5.529
4.022  3.989  3.922  4.060  4.159  3.951  4.060  4.043  4.111  4.231  4.025  4.007  4.111  4.034  4.060  4.060  3.871  3.928  4.205  4.094  4.190  4.074  3.908  3.970  3.989  4.007  3.970  3.970  3.714  3.951  3.757  3.932  3.714  3.892  4.074  3.784  3.908  3.970  4.007  3.738  3.784  3.951
5.075  4.662  4.787  4.792  4.940  4.970  4.727  5.029  4.975  4.963  4.905  5.050  5.030  4.977  5.063  4.920  4.625  4.875  4.922  4.890  4.794  4.710  4.700  4.820  4.595  4.779  4.673  4.732  4.541  4.663  4.875  4.663  4.605  4.762  4.673  4.787  4.663  4.836  4.640  4.858  4.605  4.796
3.526  3.611  3.584  3.611  3.570  3.611  3.332  3.497  3.555  3.664  3.466  3.611  3.664  3.696  3.689  3.434  3.555  3.434  3.726  3.632  3.750  3.658  3.434  3.605  3.526  3.418  3.611  3.555  3.466  3.497  3.434  3.555  3.584  3.714  3.638  3.638  3.401  3.497  3.384  3.332  3.497  3.526
5.642  5.555  5.596  5.623  5.529  5.609  5.580  5.545  5.635  5.759  5.759  5.749  5.726  5.489  5.673  5.481  5.412  5.531  5.631  5.617  5.726  5.645  5.663  5.594  5.407  5.407  5.525  5.425  5.283  5.413  5.525  5.474  5.533  5.525  5.561  5.591  5.557  5.525  5.537  5.407  5.333  5.488
5.081  4.970  5.132  5.175  5.004  5.063  5.132  5.042  5.075  5.142  5.069  5.124  5.149  5.050  5.187  4.942  4.911  4.898  5.242  5.186  5.208  5.081  4.997  5.242  4.927  4.762  4.916  4.890  4.654  4.885  4.977  5.118  4.968  4.927  4.997  4.942  4.965  4.934  4.938  4.796  4.997  4.938
5.498  5.112  5.302  5.233  5.303  5.346  5.118  5.345  5.531  5.489  5.387  5.497  5.558  5.361  5.352  5.391  5.135  5.361  5.420  5.241  5.223  5.123  5.273  5.043  5.153  5.382  5.187  5.357  4.984  4.927  5.187  4.885  5.153  5.339  5.114  5.333  5.207  5.451  5.361  5.305  5.165  5.242
4.820  4.736  4.663  4.644  4.718  4.615  4.691  4.700  4.860  4.920  4.779  4.920  5.017  4.852  4.771  4.732  4.595  4.419  4.691  4.913  4.835  4.647  4.691  4.615  4.663  4.543  4.585  4.564  4.500  4.454  4.625  4.522  4.564  4.718  4.820  4.710  4.511  4.691  4.654  4.710  4.554  4.575
5.631  5.086  5.652  5.561  5.533  5.578  5.568  5.596  5.695  5.710  5.455  5.820  5.727  5.455  5.652  5.265  5.398  5.407  5.765  5.686  5.560  5.425  5.338  5.357  5.535  5.730  5.370  5.416  5.170  5.318  5.050  4.625  5.412  5.630  5.394  5.493  5.513  5.505  5.307  5.384  5.541  5.617
3.912  3.932  3.912  3.738  3.689  3.942  3.871  3.846  3.951  4.007  4.007  4.108  4.025  4.004  3.932  3.807  4.060  3.784  3.813  3.892  4.025  3.892  3.807  3.761  3.824  3.850  3.829  3.638  3.638  3.750  3.768  3.638  3.638  3.951  3.871  3.922  3.970  3.784  3.466  3.709  3.807  3.750
4.284  4.143  4.111  4.382  4.248  4.288  4.108  4.290  4.220  4.248  4.304  4.277  4.466  4.331  4.511  4.205  3.989  4.369  4.277  4.373  4.466  4.205  4.260  4.277  4.111  4.069  4.060  4.171  3.970  4.060  4.127  3.989  4.127  4.074  4.025  4.132  4.143  4.143  4.248  4.111  4.127  4.094
4.454  4.404  4.277  4.527  4.290  4.511  4.277  4.525  4.369  4.466  4.443  4.500  4.605  4.673  4.663  4.386  4.419  4.304  4.440  4.564  4.654  4.466  4.511  4.500  4.466  4.288  4.277  4.344  4.111  4.234  4.205  4.205  4.407  4.394  4.443  4.428  4.263  4.419  4.593  4.401  4.431  4.260
5.938  5.778  5.940  5.820  5.892  5.966  5.759  5.935  5.784  5.927  5.931  5.964  5.908  5.883  5.922  5.717  5.710  5.981  5.948  5.905  5.881  5.824  5.896  6.009  5.727  5.814  5.684  5.841  5.572  5.705  5.771  5.720  5.869  5.801  5.858  5.828  5.849  5.869  5.839  5.825  5.714  5.886
5.710  5.677  5.642  5.690  5.694  5.762  5.649  5.629  5.771  5.827  5.802  5.771  5.733  5.737  5.811  5.659  5.598  5.710  5.762  5.790  5.811  5.849  5.844  5.902  5.638  5.687  5.656  5.594  5.561  5.564  5.672  5.620  5.673  5.661  5.715  5.707  5.720  5.704  5.705  5.672  5.613  5.568
