4.615  4.407  4.554  4.331  4.659  4.562  4.394  4.382  4.500  4.754  4.640  4.779  4.852  4.762  4.787  4.489  4.205  4.583  4.533  4.543  4.357  4.344  4.304  4.382  4.344  4.464  4.489  4.583  4.190  4.454  4.419  4.220  4.452  4.382  4.382  4.443  4.401  4.466  4.422  4.691  4.466  4.419
3.555  3.526  3.466  3.550  3.624  3.434  3.584  3.555  3.689  3.689  3.555  3.638  3.928  3.714  3.689  3.632  3.466  3.466  3.664  3.738  3.664  3.611  3.664  3.664  3.466  3.584  3.526  3.466  3.555  3.584  3.466  3.570  3.555  3.605  3.638  3.550  3.428  3.664  3.584  3.497  3.466  3.611
5.283  4.986  5.036  5.124  5.231  5.252  5.254  5.153  5.176  5.357  5.182  5.278  5.228  5.083  5.236  5.106  4.963  5.268  5.342  5.285  5.187  5.215  5.043  5.105  5.075  5.078  5.069  5.170  4.856  5.043  5.017  5.102  5.159  5.150  5.204  5.139  5.050  5.158  5.100  5.204  5.112  5.204
5.264  4.961  4.977  5.027  5.075  5.063  5.064  5.235  5.288  5.318  5.158  5.268  5.255  5.064  5.268  4.920  4.907  5.088  5.121  5.182  5.088  5.106  4.890  5.017  4.997  5.001  4.977  4.956  4.754  4.934  4.905  4.920  5.118  4.890  5.094  5.036  4.949  5.081  4.934  4.997  4.890  5.050
4.828  4.663  4.682  4.615  4.779  4.806  4.762  4.812  4.804  4.779  4.779  4.745  4.745  4.647  4.700  4.736  4.543  4.595  4.898  4.777  4.749  4.718  4.700  4.625  4.700  4.682  4.748  4.533  4.585  4.710  4.595  4.533  4.662  4.727  4.743  4.787  4.562  4.635  4.630  4.603  4.533  4.754
3.861  3.761  3.850  3.912  3.807  3.912  3.807  3.784  3.850  3.912  3.892  3.768  4.007  3.932  3.892  3.912  3.829  3.961  3.784  3.892  3.912  4.060  3.850  4.007  3.829  3.761  3.892  3.867  3.664  3.829  3.761  3.784  3.829  3.689  3.807  3.912  3.757  3.976  3.780  3.784  3.757  3.980
4.635  4.466  4.500  4.525  4.511  4.522  4.466  4.554  4.605  4.543  4.682  4.605  4.623  4.554  4.511  4.454  4.449  4.714  4.595  4.543  4.644  4.567  4.575  4.543  4.514  4.331  4.317  4.570  4.357  4.454  4.407  4.416  4.522  4.407  4.419  4.369  4.304  4.454  4.290  4.466  4.317  4.443
4.234  4.025  3.970  4.013  3.867  3.989  3.989  4.043  3.932  4.043  3.951  4.260  4.174  4.040  4.234  3.970  3.989  4.016  3.989  4.034  4.111  3.892  4.111  4.078  3.892  3.951  3.850  3.912  3.850  3.912  3.970  4.007  4.043  3.850  3.892  3.892  4.043  3.951  3.807  3.892  3.932  3.871
4.509  4.357  4.295  4.317  4.288  4.357  4.489  4.419  4.477  4.673  4.331  4.552  4.464  4.419  4.605  4.263  4.116  4.454  4.443  4.533  4.369  4.407  4.394  4.317  4.344  4.277  4.263  4.234  4.060  4.022  4.220  4.234  4.234  4.380  4.369  4.357  4.357  4.274  4.263  4.205  4.025  4.407
3.526  3.738  3.605  3.497  3.611  3.664  3.714  3.738  3.738  3.584  3.611  3.829  3.791  3.738  3.761  3.611  3.714  3.638  3.638  3.861  3.714  3.714  3.738  3.584  3.632  3.684  3.555  3.555  3.550  3.684  3.664  3.676  3.784  3.689  3.638  3.807  3.570  3.526  3.555  3.497  3.497  3.714
5.654  5.425  5.485  5.493  5.421  5.509  5.509  5.580  5.447  5.673  5.572  5.602  5.617  5.513  5.628  5.472  5.375  5.454  5.497  5.565  5.624  5.365  5.384  5.485  5.263  5.371  5.333  5.375  5.357  5.215  5.437  5.464  5.328  5.429  5.497  5.438  5.497  5.389  5.371  5.438  5.318  5.407
6.339  6.263  6.346  6.269  6.331  6.455  6.435  6.241  6.387  6.449  6.399  6.499  6.426  6.301  6.430  6.234  6.252  6.213  6.435  6.213  6.483  6.317  6.317  6.318  6.064  6.151  6.096  6.146  6.094  6.138  6.216  6.248  6.206  6.223  6.317  6.293  6.333  6.242  6.205  6.129  6.254  6.178
3.689  3.780  3.761  3.664  3.951  3.738  3.714  3.714  3.611  3.802  3.829  3.757  3.912  3.714  3.829  3.709  3.714  3.714  3.912  3.714  3.780  3.624  3.761  3.714  3.526  3.619  3.584  3.689  3.584  3.466  3.761  3.664  3.802  3.714  3.605  3.738  3.584  3.761  3.555  3.689  3.555  3.638
3.288  3.367  3.367  3.434  3.332  3.367  3.367  3.332  3.296  3.401  3.219  3.490  3.520  3.497  3.497  3.481  3.325  3.332  3.296  3.526  3.475  3.434  3.332  3.296  3.296  3.332  3.332  3.434  3.367  3.434  3.258  3.367  3.497  3.367  3.395  3.367  3.296  3.288  3.219  3.434  3.219  3.250
5.143  4.989  5.040  5.147  5.176  5.050  5.069  5.030  5.182  5.293  5.124  5.278  5.179  5.153  5.328  4.927  4.977  5.043  5.165  5.074  5.112  4.743  4.934  4.864  5.043  4.934  4.977  5.017  4.854  4.812  5.004  4.898  4.949  5.236  5.063  5.034  5.029  5.058  4.860  5.037  5.017  5.155
4.369  4.248  4.277  4.317  4.369  4.238  4.288  4.143  4.317  4.363  4.290  4.369  4.404  4.489  4.454  4.143  4.317  4.290  4.419  4.546  4.505  4.304  4.363  4.317  4.315  4.335  4.248  4.094  4.094  4.248  4.127  4.108  4.174  4.317  4.187  4.350  4.317  4.159  4.078  4.174  4.094  4.220
4.965  4.868  4.942  4.977  5.030  5.004  4.963  4.920  4.994  4.970  4.828  5.106  5.030  4.966  5.112  4.754  4.760  4.977  5.043  5.024  5.030  5.011  4.963  5.037  4.866  4.902  4.860  4.804  4.625  4.691  4.844  4.879  4.934  4.949  4.854  5.004  4.913  4.883  4.889  4.844  4.920  4.961
4.896  4.828  4.977  5.106  4.927  4.990  4.965  4.994  4.990  4.890  4.905  4.883  4.898  4.904  5.099  4.771  4.916  4.959  5.190  5.043  4.927  4.997  4.990  5.032  4.887  4.997  4.844  4.836  4.804  4.820  4.787  4.771  4.927  4.868  4.924  4.990  4.769  4.890  4.860  4.890  4.898  4.927
5.142  5.293  5.136  5.161  5.081  5.220  5.136  5.142  5.149  5.278  5.198  5.147  5.301  5.323  5.371  5.153  5.207  5.100  5.231  5.203  5.193  5.198  5.170  5.112  5.198  5.004  5.069  5.226  4.961  4.942  5.050  5.061  5.106  5.176  5.170  5.118  5.124  5.130  5.050  5.081  5.007  5.086
4.595  4.489  4.477  4.554  4.344  4.489  4.419  4.489  4.498  4.642  4.489  4.610  4.511  4.522  4.676  4.431  4.431  4.514  4.615  4.654  4.699  4.635  4.466  4.691  4.431  4.304  4.469  4.357  4.234  4.419  4.344  4.315  4.394  4.489  4.615  4.344  4.361  4.388  4.394  4.263  4.274  4.386
3.985  3.733  3.892  3.871  3.807  3.892  3.578  3.867  3.761  3.989  3.714  3.773  3.861  3.784  3.871  3.780  3.738  3.850  3.970  3.912  3.761  4.025  3.829  3.912  3.738  3.738  3.721  3.689  3.428  3.738  3.689  3.738  3.784  3.807  3.664  3.714  3.726  3.780  3.664  3.892  3.761  3.928
3.605  3.466  3.761  3.611  3.761  3.638  3.584  3.638  3.761  3.850  3.584  3.638  3.611  3.807  3.846  3.555  3.664  3.632  3.784  3.761  3.761  3.584  3.658  3.664  3.555  3.497  3.578  3.584  3.611  3.555  3.584  3.714  3.676  3.584  3.611  3.761  3.526  3.658  3.550  3.466  3.584  3.714
