3.951  3.802  3.824  3.761  3.846  3.813  3.696  3.846  3.850  3.947  3.689  3.807  3.912  3.807  3.970  3.761  3.555  3.689  3.638  3.871  3.818  3.871  3.684  3.835  3.709  3.664  3.824  3.689  3.466  3.611  3.689  3.664  3.784  3.738  3.689  3.714  3.684  3.645  3.584  3.555  3.664  3.638
3.466  3.466  3.434  3.325  3.428  3.490  3.401  3.466  3.497  3.497  3.401  3.497  3.638  3.497  3.689  3.466  3.367  3.367  3.497  3.689  3.578  3.497  3.497  3.550  3.564  3.459  3.401  3.497  3.434  3.434  3.296  3.497  3.466  3.459  3.367  3.550  3.526  3.459  3.401  3.434  3.332  3.296
3.638  3.555  3.689  3.526  3.638  3.714  3.555  3.784  3.761  3.738  3.434  3.664  3.892  3.857  3.871  3.611  3.632  3.497  3.714  3.784  3.676  3.645  3.459  3.651  3.526  3.738  3.526  3.550  3.638  3.689  3.738  3.555  3.638  3.761  3.638  3.466  3.638  3.714  3.619  3.526  3.664  3.512
3.497  3.401  3.332  3.367  3.466  3.411  3.434  3.466  3.497  3.466  3.332  3.526  3.784  3.611  3.738  3.497  3.611  3.497  3.664  3.689  3.658  3.490  3.584  3.550  3.325  3.434  3.434  3.332  3.332  3.555  3.367  3.497  3.497  3.466  3.497  3.434  3.497  3.428  3.434  3.512  3.434  3.466
5.283  5.147  5.187  5.197  5.170  5.303  5.257  5.215  5.209  5.306  5.366  5.257  5.403  5.303  5.380  5.303  5.246  5.164  5.318  5.303  5.442  5.293  5.182  5.273  4.949  5.106  5.130  5.220  4.984  5.030  5.308  5.242  5.059  5.209  5.069  5.247  5.268  5.219  5.208  5.094  5.080  5.088
4.159  4.078  4.025  4.127  4.159  4.025  4.007  4.205  4.043  4.057  4.159  4.091  4.174  4.246  4.127  4.148  4.025  4.091  4.078  4.111  4.231  3.932  4.111  4.078  3.871  3.989  3.877  3.802  3.951  3.850  3.932  4.043  4.140  3.989  3.912  3.912  3.947  4.025  4.025  3.985  4.025  3.912
4.564  4.288  4.635  4.575  4.344  4.407  4.425  4.301  4.394  4.585  4.431  4.710  4.654  4.431  4.549  4.344  4.454  4.357  4.543  4.466  4.500  4.344  4.164  4.407  4.543  4.500  4.248  4.263  4.143  4.357  4.297  4.290  4.533  4.290  4.413  4.331  4.344  4.477  4.290  4.220  4.344  4.382
4.022  4.094  3.850  3.738  3.867  3.689  3.957  3.850  3.871  4.234  3.761  3.892  4.091  3.970  4.143  3.912  3.850  3.892  4.078  4.060  4.007  3.850  3.871  3.824  3.761  3.761  3.824  3.850  3.632  3.709  3.892  3.967  3.807  3.824  4.086  3.784  3.970  3.871  3.882  3.773  3.714  3.850
4.812  4.700  4.710  4.431  4.762  4.844  4.710  4.727  4.800  4.927  4.754  4.754  4.811  4.787  4.835  4.654  4.652  4.708  4.812  4.779  4.682  4.464  4.700  4.736  4.682  4.905  4.734  4.727  4.635  4.533  4.710  4.533  4.578  4.663  4.663  4.644  4.593  4.635  4.654  4.662  4.694  4.736
3.867  3.882  3.784  3.871  3.757  3.714  3.932  4.007  3.871  3.970  3.871  3.998  3.871  4.025  4.108  3.689  3.912  3.947  3.947  4.135  3.998  3.888  3.807  3.932  3.871  4.078  3.784  3.761  3.807  3.871  3.892  3.932  3.928  3.912  3.989  3.871  3.761  3.757  3.784  3.824  3.802  3.932
4.644  4.428  4.382  4.454  4.440  4.489  4.419  4.416  4.489  4.500  4.443  4.654  4.595  4.500  4.489  4.489  4.443  4.564  4.498  4.677  4.533  4.380  4.543  4.440  4.500  4.673  4.394  4.466  4.369  4.357  4.407  4.533  4.190  4.454  4.350  4.516  4.567  4.419  4.425  4.413  4.290  4.477
4.060  4.022  4.094  4.060  3.989  4.025  4.111  4.060  4.111  4.094  4.043  4.143  4.159  4.260  4.060  3.951  4.094  3.871  4.094  4.052  4.209  4.127  4.143  4.164  4.159  4.140  4.111  4.007  4.078  4.220  3.850  4.124  3.989  3.970  4.127  4.253  3.947  3.970  4.043  3.932  4.025  4.052
4.043  3.932  4.094  4.060  4.159  4.094  4.078  4.190  4.060  4.127  3.928  4.086  4.304  4.263  4.304  4.159  4.108  3.970  4.277  4.179  4.234  4.190  4.078  4.043  3.951  4.108  4.127  3.912  3.970  3.951  4.025  4.190  3.912  4.317  4.060  4.174  4.007  4.119  3.892  4.025  4.007  4.078
3.850  3.932  4.078  4.220  4.074  4.060  4.043  4.007  3.970  4.227  4.004  4.025  4.078  4.043  4.357  3.761  4.086  3.714  4.007  4.277  4.382  4.094  4.111  4.111  3.932  4.043  3.829  3.871  3.784  3.932  3.912  4.190  4.007  4.060  3.985  4.143  3.850  3.807  3.807  3.829  3.951  3.912
4.828  4.700  4.718  4.691  4.804  4.710  4.608  4.718  4.811  4.771  4.717  4.682  4.947  4.927  4.940  4.635  4.500  4.727  4.942  4.804  4.787  4.699  4.787  4.831  4.564  4.443  4.644  4.575  4.511  4.608  4.615  4.779  4.635  4.564  4.533  4.605  4.745  4.852  4.710  4.691  4.500  4.663
5.063  5.017  5.049  5.226  5.100  5.142  4.937  4.990  5.011  5.142  5.161  5.203  5.278  5.257  5.298  5.130  5.100  4.977  5.357  5.220  5.236  5.100  5.069  5.228  4.984  4.911  4.812  4.828  4.762  4.790  4.905  5.094  5.081  4.919  4.949  5.071  4.977  5.075  5.053  4.913  4.940  4.919
4.159  4.007  4.217  4.143  4.174  4.127  4.143  4.246  3.932  3.932  3.839  4.182  4.277  4.205  4.256  3.871  4.078  3.985  4.350  4.234  4.205  4.159  4.140  4.111  3.871  3.846  3.985  4.094  3.829  3.970  4.004  4.078  4.124  4.190  4.159  4.159  4.124  4.205  4.025  4.094  3.761  4.094
3.850  4.431  4.277  4.317  4.304  4.454  4.263  4.357  4.369  4.394  4.263  4.522  4.290  4.431  4.522  4.263  4.407  4.060  4.615  4.498  4.431  4.290  4.179  4.434  4.317  4.331  4.231  4.094  3.951  4.209  4.220  4.382  4.263  4.143  4.344  4.277  4.007  4.394  4.277  4.205  4.290  4.317
4.022  3.970  4.007  3.967  3.970  4.108  3.912  4.074  4.043  4.143  3.912  4.007  4.094  4.143  4.331  3.932  4.043  3.714  3.970  4.159  4.182  3.989  3.892  4.043  3.989  4.174  3.912  3.850  3.761  3.850  3.829  4.078  4.124  4.074  4.174  4.190  4.159  3.912  3.861  4.040  3.970  4.007
4.317  4.179  4.159  4.348  4.304  4.274  4.127  4.212  4.103  4.248  4.094  4.357  4.304  4.290  4.288  4.060  4.159  4.143  4.416  4.443  4.317  4.369  4.124  4.270  4.227  4.159  4.159  4.052  4.031  4.034  4.205  4.369  4.575  4.663  4.554  4.511  4.382  4.317  4.078  4.182  4.108  4.317
4.344  3.912  4.143  4.007  4.022  4.108  3.951  4.205  4.043  4.148  4.151  4.111  4.091  4.190  4.369  4.040  4.025  4.034  4.202  4.205  4.094  4.060  3.961  4.190  4.007  4.143  4.078  3.871  3.784  3.846  3.892  3.918  4.091  3.761  4.022  4.111  3.970  4.108  3.967  4.078  4.007  3.967
3.434  3.459  3.434  3.497  3.555  3.296  3.434  3.434  3.459  3.434  3.258  3.466  3.578  3.526  3.584  3.490  3.497  3.434  3.757  3.807  3.733  3.611  3.401  3.526  3.497  3.401  3.459  3.434  3.384  3.367  3.332  3.578  3.584  3.578  3.555  3.555  3.434  3.497  3.395  3.258  3.219  3.332
