5.223  5.159  5.030  5.075  5.075  5.069  5.147  5.056  5.142  5.263  5.142  5.209  5.272  5.318  5.273  5.023  5.050  5.181  5.081  5.159  5.298  5.170  5.190  5.112  5.124  5.069  5.094  5.003  4.890  4.963  5.069  5.003  5.050  5.004  5.081  5.034  5.075  5.075  5.024  4.956  4.945  5.011
4.644  4.677  4.654  4.595  4.779  4.718  4.762  4.570  4.762  4.700  4.745  4.852  4.890  4.919  4.836  4.808  4.663  4.625  4.812  4.522  4.812  4.762  4.754  4.771  4.595  4.585  4.745  4.671  4.700  4.644  4.673  4.533  4.673  4.605  4.642  4.771  4.694  4.723  4.890  4.691  4.500  4.623
4.963  4.754  4.812  4.691  4.682  4.898  4.736  4.913  4.758  4.949  4.997  4.812  4.984  4.875  4.905  4.682  4.727  4.762  4.673  4.771  4.828  4.673  4.745  4.868  4.522  4.610  4.615  4.796  4.682  4.492  4.783  4.543  4.691  4.677  4.691  4.613  4.726  4.723  4.868  4.718  4.585  4.812
4.190  4.174  4.308  4.344  4.263  4.143  4.263  4.248  4.311  4.357  4.263  4.357  4.373  4.290  4.503  4.248  4.187  4.277  4.263  4.348  4.382  4.202  4.174  4.159  4.159  4.099  4.094  4.025  4.007  3.985  3.989  3.932  4.190  4.094  4.171  3.932  4.174  4.094  4.108  4.025  4.187  4.143
5.203  4.986  5.081  4.949  4.989  5.120  5.069  5.004  4.997  5.136  5.173  4.963  5.153  5.043  5.129  4.973  4.875  5.106  5.133  5.001  5.037  4.970  5.045  5.050  4.926  5.056  4.860  5.050  4.804  4.816  4.984  4.804  4.840  4.984  4.990  4.898  4.956  4.942  5.056  5.063  4.836  4.934
4.317  4.205  4.190  4.190  4.256  4.331  4.174  4.143  4.220  4.304  4.321  4.248  4.357  4.431  4.466  4.369  4.159  4.344  4.260  4.344  4.277  4.234  4.190  4.270  4.111  4.263  4.205  4.248  4.043  4.111  4.174  4.108  4.108  4.111  4.159  4.202  4.190  4.234  4.159  4.205  4.060  4.284
5.517  5.333  5.455  5.308  5.460  5.425  5.347  5.476  5.361  5.460  5.313  5.628  5.476  5.313  5.541  5.278  5.236  5.371  5.476  5.501  5.489  5.313  5.231  5.357  5.366  5.187  5.278  5.257  4.994  5.106  5.081  5.298  5.293  5.278  5.242  5.193  5.252  5.347  5.209  5.298  5.283  5.318
5.523  5.252  5.451  5.425  5.407  5.370  5.493  5.386  5.537  5.545  5.483  5.545  5.460  5.288  5.557  5.182  5.252  5.398  5.521  5.389  5.587  5.429  5.375  5.366  5.204  5.278  5.236  5.201  5.043  5.165  5.283  5.347  5.345  5.328  5.352  5.371  5.371  5.257  5.273  5.380  5.193  5.349
6.025  5.892  5.866  5.903  5.921  5.964  6.006  5.916  5.971  6.227  6.071  6.095  6.089  5.951  6.111  5.881  5.905  5.905  5.986  5.843  6.052  6.133  5.971  6.109  6.009  6.063  6.076  6.248  6.246  6.286  5.953  5.858  5.820  5.922  6.043  5.987  5.989  5.869  5.829  5.814  5.829  5.903
5.318  5.321  5.220  5.220  5.198  5.344  5.384  5.342  5.357  5.481  5.425  5.417  5.407  5.308  5.409  5.236  5.375  5.345  5.422  5.352  5.529  5.361  5.333  5.418  5.187  5.257  5.298  5.256  5.124  5.176  5.374  5.252  5.153  5.257  5.303  5.346  5.328  5.178  5.198  5.100  5.094  5.169
4.585  4.644  4.500  4.516  4.620  4.419  4.554  4.443  4.511  4.554  4.762  4.796  4.595  4.700  4.696  4.477  4.595  4.543  4.533  4.543  4.717  4.654  4.700  4.585  4.407  4.500  4.443  4.344  4.615  4.454  4.543  4.554  4.304  4.615  4.477  4.489  4.635  4.443  4.317  4.290  4.127  4.344
4.290  4.174  4.111  4.331  4.369  4.060  4.205  4.174  4.111  4.263  4.127  4.341  4.344  4.315  4.220  4.263  4.143  4.205  4.373  4.376  4.248  4.344  4.025  4.317  4.016  3.932  4.007  4.111  4.078  4.099  4.086  4.174  4.124  4.220  4.143  4.190  4.124  4.248  4.094  4.025  4.031  4.143
5.434  5.287  5.513  5.533  5.425  5.521  5.460  5.455  5.398  5.468  5.434  5.606  5.521  5.426  5.587  5.394  5.342  5.425  5.568  5.394  5.529  5.442  5.380  5.451  5.220  5.243  5.407  5.249  5.275  5.236  5.293  5.318  5.313  5.328  5.460  5.328  5.398  5.389  5.339  5.236  5.242  5.347
5.606  5.652  5.513  5.717  5.565  5.644  5.737  5.557  5.576  5.630  5.720  5.743  5.677  5.529  5.781  5.609  5.624  5.489  5.652  5.717  5.838  5.768  5.654  5.757  5.489  5.333  5.489  5.283  5.375  5.424  5.451  5.537  5.493  5.609  5.642  5.451  5.537  5.517  5.582  5.505  5.447  5.468
5.533  5.317  5.489  5.602  5.620  5.622  5.328  5.533  5.403  5.590  5.437  5.594  5.620  5.541  5.690  5.361  5.195  5.488  5.656  5.694  5.374  5.293  5.403  5.455  5.342  5.268  5.260  5.272  5.081  5.204  5.263  5.069  5.465  5.281  5.220  5.394  5.303  5.465  5.323  5.357  5.382  5.451
5.434  5.380  5.460  5.529  5.468  5.509  5.415  5.396  5.553  5.576  5.493  5.638  5.652  5.546  5.704  5.454  5.371  5.480  5.624  5.595  5.707  5.565  5.533  5.468  5.451  5.278  5.298  5.296  5.220  5.394  5.406  5.320  5.402  5.469  5.485  5.476  5.384  5.480  5.273  5.352  5.371  5.438
5.011  4.745  5.083  4.815  4.881  5.043  4.913  4.771  4.856  5.118  4.956  4.905  4.836  4.931  5.100  4.779  4.663  4.992  4.997  4.963  4.997  4.779  4.745  4.927  4.796  4.605  4.710  4.782  4.477  4.694  4.615  4.680  4.929  4.787  4.663  4.682  4.700  4.736  4.633  4.779  4.696  4.777
5.434  5.050  5.124  5.246  5.342  5.273  5.153  5.043  5.170  5.425  5.337  5.288  5.394  5.375  5.428  5.118  4.890  5.159  5.384  5.298  5.204  5.136  5.155  5.145  4.909  5.147  5.081  5.066  4.745  4.773  5.075  4.933  5.037  5.056  5.050  5.215  4.977  5.247  5.247  5.142  5.011  5.094
4.202  4.074  4.357  4.454  4.174  4.205  4.290  4.248  4.357  4.277  4.043  4.394  4.394  4.248  4.407  4.140  4.344  3.989  4.489  4.454  4.431  4.331  4.234  4.277  4.304  4.394  4.248  4.043  3.989  4.074  3.850  4.315  4.454  4.234  4.357  4.190  4.127  4.190  4.007  4.148  4.344  4.248
4.486  4.331  4.311  4.382  4.357  4.394  4.413  4.357  4.443  4.511  4.407  4.357  4.543  4.475  4.605  4.304  4.263  4.205  4.630  4.533  4.564  4.382  4.317  4.492  4.304  4.344  4.238  4.344  4.217  4.284  4.078  4.248  4.464  4.344  4.248  4.304  4.234  4.331  4.331  4.407  4.369  4.354
5.226  5.126  5.283  5.236  5.328  5.303  5.215  5.257  5.273  5.307  5.242  5.342  5.315  5.347  5.549  5.103  5.257  5.220  5.513  5.338  5.389  5.278  5.263  5.403  5.398  5.303  5.050  5.153  4.956  5.118  5.081  5.215  5.398  5.338  5.290  5.268  5.142  5.179  5.066  5.147  5.226  5.236
4.705  4.699  4.787  4.836  4.717  4.754  4.708  4.794  4.771  4.852  4.644  4.787  4.864  4.868  5.069  4.605  4.691  4.820  4.913  4.920  4.881  4.804  4.700  4.858  4.673  4.605  4.580  4.700  4.500  4.498  4.673  4.603  4.796  4.618  4.585  4.718  4.654  4.771  4.676  4.710  4.673  4.762
