6.877  6.636  6.698  6.516  6.767  6.815  6.720  6.742  6.796  6.848  6.751  6.837  6.800  6.742  6.759  6.739  6.413  6.824  6.887  6.486  6.642  6.640  6.668  6.596  6.712  6.768  6.656  6.693  6.439  6.579  6.667  6.497  6.605  6.742  6.748  6.658  6.708  6.733  6.695  6.806  6.544  6.695
5.580  5.439  5.301  5.268  5.476  5.421  5.442  5.403  5.541  5.604  5.568  5.636  5.583  5.525  5.609  5.472  5.165  5.425  5.455  5.215  5.398  5.471  5.517  5.407  5.438  5.407  5.357  5.282  5.272  5.375  5.333  5.312  5.220  5.447  5.404  5.361  5.463  5.318  5.317  5.442  5.252  5.389
6.053  5.771  5.895  5.509  5.943  5.986  5.956  5.945  5.999  6.242  6.156  6.111  6.170  6.100  6.009  5.866  5.529  6.038  6.107  5.753  5.725  5.725  5.832  5.749  5.710  5.900  5.909  5.962  5.628  5.789  5.768  5.434  5.627  5.872  5.854  5.897  5.743  5.932  5.878  6.026  5.561  5.971
4.317  4.369  4.234  4.040  4.382  4.297  4.277  4.295  4.382  4.460  4.443  4.541  4.533  4.564  4.585  4.357  4.078  4.248  4.234  4.078  4.241  4.111  4.274  4.248  4.078  4.263  4.277  4.143  3.989  4.248  4.159  3.892  3.951  4.205  4.304  4.331  4.190  4.116  4.304  4.277  3.951  4.220
7.109  7.051  6.975  6.960  7.023  7.127  7.181  7.036  7.127  7.131  7.073  7.145  7.167  7.108  7.131  6.999  7.017  6.987  7.054  6.989  7.288  7.097  7.101  7.057  6.994  6.974  7.086  6.984  6.916  6.974  7.082  7.066  6.950  7.077  7.132  7.144  7.164  7.066  6.955  7.051  6.992  7.022
5.179  5.207  5.130  5.088  5.056  5.130  5.242  5.220  5.189  5.215  5.182  5.226  5.252  5.263  5.182  5.204  5.204  5.112  5.117  5.066  5.338  5.209  5.145  5.280  5.112  4.934  5.043  4.949  4.942  5.105  5.170  5.159  4.949  5.124  5.118  5.235  5.173  5.050  5.043  5.004  4.883  5.156
4.942  4.723  4.691  4.562  4.852  4.956  5.037  4.796  4.942  5.037  4.868  5.011  5.109  5.004  4.927  4.812  4.811  4.796  4.942  4.836  4.927  4.787  5.011  4.868  4.633  4.718  4.852  4.663  4.541  4.710  4.963  4.615  4.654  4.766  4.762  4.796  4.819  4.949  4.659  4.663  4.682  4.754
4.052  3.850  3.951  3.850  4.086  4.025  4.004  4.108  4.057  4.164  3.912  4.007  4.174  3.932  3.951  4.074  3.967  3.912  4.174  4.060  4.043  3.829  3.912  4.143  3.857  3.857  3.761  3.791  3.738  3.912  3.908  3.871  4.094  3.761  3.908  3.888  3.829  3.908  3.888  3.871  3.835  3.951
6.884  6.748  6.709  6.458  6.833  6.949  6.731  6.733  6.813  6.856  6.896  6.868  6.858  6.790  6.846  6.794  6.442  6.838  6.696  6.597  6.632  6.581  6.773  6.722  6.468  6.561  6.649  6.732  6.534  6.579  6.729  6.282  6.406  6.636  6.517  6.709  6.707  6.713  6.562  6.735  6.607  6.661
4.771  4.691  4.620  4.654  4.500  4.663  4.710  4.575  4.762  4.836  4.682  4.875  4.947  4.754  4.913  4.787  4.454  4.642  4.796  4.625  4.875  4.712  4.852  4.875  4.522  4.682  4.682  4.533  4.454  4.605  4.605  4.382  4.585  4.700  4.460  4.691  4.673  4.454  4.533  4.644  4.466  4.682
6.899  6.792  6.765  6.725  6.845  6.912  6.831  6.797  6.882  7.026  6.921  7.025  6.945  6.724  7.026  6.880  6.674  6.860  6.979  6.792  6.860  6.803  6.774  6.850  6.854  6.826  6.757  6.777  6.611  6.689  6.725  6.667  6.759  6.835  6.828  6.790  6.918  6.687  6.652  6.784  6.692  6.827
4.916  4.844  4.600  4.443  4.718  4.543  4.956  4.779  4.804  4.828  4.787  4.868  4.754  4.860  4.898  4.754  4.625  4.644  4.745  4.635  4.927  4.942  4.823  4.844  4.575  4.554  4.454  4.575  4.335  4.642  4.708  4.575  4.509  4.559  4.727  4.790  4.723  4.554  4.380  4.367  4.394  4.668
4.575  4.382  4.454  4.443  4.431  4.522  4.357  4.454  4.554  4.635  4.511  4.654  4.564  4.522  4.717  4.331  4.308  4.538  4.564  4.483  4.564  4.489  4.454  4.304  4.277  4.277  4.304  4.304  4.043  4.304  4.277  4.143  4.260  4.295  4.127  4.331  4.431  4.344  4.284  4.357  4.197  4.357
4.190  4.317  4.274  4.094  4.043  4.174  4.060  4.174  4.094  4.220  4.111  4.143  4.344  4.127  4.344  4.078  3.989  4.234  4.143  4.335  4.127  3.970  4.127  4.078  4.094  3.951  4.127  4.060  3.888  4.156  4.220  4.111  4.143  4.143  4.043  4.060  4.143  4.043  4.094  4.111  4.263  4.111
6.765  6.297  6.576  6.466  6.619  6.537  6.370  6.545  6.585  6.681  6.538  6.713  6.706  6.509  6.615  6.397  6.215  6.531  6.755  6.673  6.366  6.290  6.369  6.392  6.415  6.526  6.342  6.460  6.215  6.265  6.341  6.217  6.387  6.486  6.365  6.457  6.340  6.583  6.454  6.529  6.347  6.551
5.384  5.124  5.293  5.247  5.273  5.407  5.318  5.293  5.485  5.479  5.398  5.468  5.489  5.425  5.497  5.307  5.024  5.389  5.398  5.398  5.283  5.118  5.242  5.242  5.081  5.193  5.263  5.147  4.931  4.990  5.130  4.904  5.011  5.136  5.085  5.193  5.147  5.182  5.130  4.942  5.063  5.283
6.883  6.507  6.761  6.648  6.663  6.757  6.667  6.667  6.746  6.804  6.756  6.827  6.868  6.697  6.749  6.627  6.594  6.745  6.800  6.658  6.680  6.596  6.628  6.601  6.620  6.788  6.629  6.676  6.607  6.604  6.649  6.551  6.538  6.719  6.652  6.640  6.775  6.707  6.667  6.735  6.565  6.743
5.398  5.063  5.164  5.063  4.956  5.283  5.164  5.277  5.268  5.398  5.297  5.282  5.451  5.322  5.352  5.182  5.153  5.130  5.257  5.252  5.268  4.997  5.201  5.081  4.898  5.257  5.130  4.942  4.860  5.009  4.990  4.762  4.963  5.130  5.094  5.159  5.063  5.172  5.126  5.152  4.927  5.209
7.173  7.018  7.065  7.070  7.185  7.124  6.916  7.065  7.109  7.111  7.131  7.179  7.128  7.128  7.130  6.965  6.901  7.179  7.061  7.014  7.039  6.908  6.965  6.999  7.072  7.036  7.042  7.102  6.860  6.940  6.933  6.919  7.028  7.048  6.974  6.986  7.002  7.143  7.085  7.160  6.911  7.097
6.310  6.203  6.223  6.160  6.290  6.250  6.153  6.198  6.345  6.308  6.312  6.363  6.332  6.271  6.436  6.111  6.157  6.269  6.267  6.215  6.272  6.221  6.184  6.296  6.225  6.167  6.105  6.254  6.014  6.114  6.165  6.094  6.091  6.234  6.263  6.215  6.155  6.292  6.240  6.221  6.057  6.184
6.626  6.425  6.611  6.637  6.640  6.605  6.405  6.579  6.544  6.608  6.543  6.637  6.605  6.620  6.589  6.412  6.378  6.676  6.620  6.593  6.487  6.446  6.501  6.445  6.509  6.574  6.471  6.463  6.240  6.359  6.387  6.344  6.561  6.526  6.444  6.439  6.380  6.513  6.548  6.539  6.450  6.588
4.625  4.407  4.595  4.682  4.543  4.543  4.477  4.605  4.615  4.630  4.564  4.691  4.779  4.787  4.812  4.543  4.533  4.564  4.605  4.543  4.516  4.363  4.682  4.610  4.554  4.466  4.382  4.516  4.263  4.331  4.301  4.140  4.489  4.500  4.483  4.549  4.277  4.538  4.615  4.437  4.443  4.520
