6.190  6.107  6.146  6.054  6.227  6.223  6.273  6.174  6.261  6.225  6.144  6.315  6.248  6.189  6.237  6.201  6.009  6.194  6.308  6.103  6.122  6.112  6.103  6.087  6.190  6.282  6.230  6.180  6.087  6.192  6.192  6.122  6.087  6.228  6.282  6.159  6.198  6.178  5.911  6.267  6.094  6.280
4.975  4.968  4.954  4.875  4.975  4.828  4.996  4.920  5.030  5.024  4.956  4.977  5.109  5.072  5.094  5.088  4.815  4.984  5.050  4.920  5.069  4.875  4.975  5.043  5.066  5.063  4.933  4.913  4.942  4.975  4.804  4.990  4.812  5.056  4.945  5.017  4.949  4.942  4.644  4.949  4.812  5.050
5.361  5.176  5.153  5.069  5.283  5.293  5.209  5.273  5.247  5.394  5.142  5.338  5.328  5.307  5.252  5.169  5.043  5.182  5.236  5.252  5.138  5.071  5.017  5.037  5.176  5.198  5.158  5.136  5.130  4.990  5.136  4.913  5.124  5.263  5.153  5.209  5.094  5.214  5.102  5.226  5.063  5.142
4.554  4.382  4.500  4.331  4.554  4.554  4.520  4.554  4.530  4.682  4.605  4.615  4.771  4.662  4.625  4.549  4.494  4.466  4.554  4.500  4.541  4.425  4.454  4.503  4.554  4.522  4.466  4.380  4.443  4.489  4.407  4.464  4.369  4.562  4.454  4.533  4.500  4.431  4.369  4.575  4.304  4.454
4.745  4.779  4.673  4.564  4.852  4.997  4.691  4.836  4.836  4.808  4.710  4.893  4.883  4.883  4.942  4.792  4.615  4.934  4.762  4.828  4.754  4.745  4.779  4.812  4.754  4.779  4.883  4.840  4.533  4.682  4.718  4.691  4.583  4.856  4.623  4.771  4.700  4.640  4.787  4.727  4.543  4.605
4.516  4.575  4.452  4.350  4.580  4.443  4.505  4.452  4.585  4.511  4.527  4.663  4.666  4.682  4.673  4.392  4.522  4.625  4.710  4.452  4.680  4.690  4.500  4.691  4.382  4.552  4.564  4.431  4.317  4.317  4.554  4.522  4.386  4.618  4.536  4.595  4.500  4.404  4.454  4.511  4.425  4.464
7.279  7.098  7.110  7.134  7.156  7.215  7.105  7.062  7.082  7.243  7.205  7.188  7.228  7.123  7.209  7.153  6.893  7.216  7.199  7.128  7.127  7.040  7.101  7.094  7.054  7.058  7.043  7.071  6.941  7.014  7.077  6.929  7.026  7.078  7.065  7.059  7.158  7.067  7.060  7.169  6.952  7.096
6.332  6.347  6.265  6.263  6.263  6.271  6.361  6.236  6.288  6.433  6.406  6.337  6.494  6.387  6.428  6.287  6.153  6.271  6.284  6.221  6.366  6.390  6.358  6.444  6.168  6.279  6.271  6.263  6.186  6.275  6.321  6.086  6.188  6.253  6.267  6.256  6.354  6.140  6.188  6.288  6.125  6.194
5.485  5.345  5.359  5.371  5.409  5.513  5.483  5.391  5.501  5.591  5.561  5.521  5.545  5.557  5.553  5.373  5.219  5.497  5.545  5.421  5.509  5.425  5.278  5.472  5.378  5.613  5.533  5.533  5.252  5.356  5.460  5.318  5.345  5.457  5.472  5.422  5.472  5.438  5.263  5.572  5.288  5.427
5.212  5.127  4.992  4.990  5.123  5.106  5.063  5.024  5.063  5.308  5.209  5.225  5.159  5.118  5.123  5.178  5.088  5.086  5.220  5.242  5.170  5.166  5.159  5.231  4.990  5.193  5.100  4.961  5.004  4.972  5.176  4.963  5.069  5.211  5.147  5.176  5.037  5.124  5.063  4.956  4.997  4.850
6.758  6.582  6.627  6.702  6.689  6.781  6.607  6.681  6.611  6.823  6.730  6.809  6.771  6.707  6.811  6.638  6.518  6.766  6.724  6.682  6.640  6.551  6.567  6.599  6.727  6.719  6.636  6.691  6.475  6.538  6.614  6.535  6.592  6.758  6.612  6.628  6.641  6.726  6.672  6.701  6.579  6.650
6.235  6.323  6.138  6.221  6.244  6.205  6.252  6.125  6.256  6.346  6.304  6.290  6.412  6.312  6.433  6.220  6.105  6.170  6.282  6.129  6.303  6.240  6.250  6.346  6.232  6.262  6.210  6.082  6.057  6.071  6.201  6.064  6.091  6.258  6.251  6.288  6.265  6.129  6.104  6.131  6.040  6.035
6.938  6.600  6.811  6.718  6.835  6.884  6.755  6.788  6.868  6.912  6.819  6.861  6.940  6.823  6.874  6.783  6.657  6.800  6.896  6.894  6.695  6.654  6.741  6.709  6.848  6.937  6.757  6.777  6.579  6.640  6.711  6.634  6.863  6.809  6.774  6.807  6.708  6.863  6.777  6.845  6.804  6.897
5.820  5.602  5.621  5.583  5.673  5.725  5.775  5.672  5.756  5.808  5.710  5.771  5.855  5.752  5.790  5.645  5.591  5.727  5.785  5.765  5.720  5.598  5.606  5.561  5.549  5.710  5.645  5.591  5.351  5.509  5.537  5.420  5.628  5.687  5.649  5.673  5.651  5.545  5.412  5.521  5.561  5.513
6.584  6.366  6.477  6.465  6.496  6.589  6.363  6.400  6.490  6.562  6.518  6.557  6.557  6.537  6.503  6.287  6.373  6.599  6.555  6.483  6.412  6.328  6.389  6.384  6.460  6.601  6.392  6.386  6.365  6.310  6.425  6.353  6.370  6.537  6.503  6.472  6.454  6.485  6.425  6.504  6.392  6.475
5.488  5.580  5.495  5.313  5.505  5.525  5.451  5.342  5.525  5.557  5.615  5.617  5.617  5.617  5.634  5.460  5.451  5.595  5.541  5.455  5.557  5.330  5.529  5.509  5.416  5.566  5.421  5.303  5.318  5.389  5.328  5.313  5.183  5.481  5.472  5.451  5.465  5.429  5.288  5.352  5.310  5.323
6.286  6.124  6.258  6.288  6.390  6.312  6.180  6.279  6.254  6.314  6.288  6.295  6.366  6.288  6.284  6.191  6.068  6.400  6.351  6.280  6.174  6.133  6.103  6.207  6.180  6.235  6.180  6.196  5.979  6.073  6.091  6.075  6.203  6.240  6.142  6.192  6.219  6.297  6.178  6.301  6.120  6.256
5.908  5.897  5.749  5.792  5.944  5.916  5.883  5.756  5.994  6.016  6.001  6.028  6.133  5.991  5.984  5.855  5.852  5.991  5.951  5.892  6.024  5.881  5.924  5.900  5.924  5.823  5.883  5.790  5.697  5.796  5.759  5.762  5.779  5.911  5.802  5.943  5.924  5.775  5.793  5.832  5.771  5.787
6.168  6.009  6.114  6.219  6.129  6.176  6.019  6.192  6.163  6.168  6.045  6.201  6.159  6.109  6.279  6.087  6.094  6.104  6.306  6.317  6.324  6.132  6.042  6.229  6.186  6.122  6.047  6.021  5.881  5.991  6.054  6.094  6.272  6.195  6.174  5.966  5.974  6.120  6.011  5.915  6.107  6.076
6.127  6.186  6.142  6.328  6.142  6.244  6.258  6.196  6.286  6.252  6.271  6.347  6.238  6.271  6.420  6.146  6.280  6.103  6.335  6.335  6.521  6.314  6.205  6.385  6.344  6.180  6.215  6.089  6.004  6.203  6.174  6.389  6.308  6.352  6.430  6.270  6.213  6.288  6.242  6.086  6.223  6.211
6.340  6.125  6.312  6.215  6.296  6.347  5.967  6.293  6.273  6.368  6.290  6.332  6.441  6.267  6.387  6.161  5.886  6.324  6.399  6.349  5.984  5.981  6.203  6.157  5.996  6.283  6.075  6.184  5.823  5.948  6.122  5.666  3.526  6.179  6.016  6.190  6.009  6.129  6.159  6.246  6.161  6.275
4.511  4.533  4.615  4.585  4.699  4.477  4.600  4.613  4.700  4.779  4.831  4.779  4.934  4.820  4.771  4.522  4.522  4.583  4.691  4.816  4.625  4.522  4.635  4.605  4.575  4.530  4.466  4.369  4.263  4.419  4.331  4.369  3.428  4.623  4.543  4.635  4.394  4.394  4.443  4.489  4.489  4.543
