5.220  5.159  5.136  5.106  5.017  5.165  5.124  5.147  5.338  5.298  5.124  5.235  5.273  5.112  5.236  5.017  5.004  5.182  5.165  5.215  5.242  5.094  5.078  5.182  4.920  4.922  5.093  4.860  4.754  4.858  4.883  4.804  5.017  5.004  5.006  5.063  4.898  5.127  5.152  5.003  4.836  5.106
5.263  5.118  5.276  5.130  4.920  5.142  5.135  5.233  5.263  5.298  5.241  5.227  5.198  5.024  5.241  4.999  4.942  5.139  5.165  5.117  5.209  5.039  5.069  5.226  5.011  4.984  4.977  4.808  4.779  4.868  4.840  4.852  4.977  5.056  5.001  5.278  4.942  4.911  5.016  5.011  4.828  5.165
4.331  4.290  4.434  4.419  4.248  4.394  4.260  4.505  4.369  4.394  4.331  4.367  4.500  4.344  4.500  4.234  4.304  4.277  4.489  4.567  4.489  4.174  4.304  4.404  4.159  4.220  4.227  4.108  4.022  4.317  4.394  4.357  4.304  4.394  4.277  4.369  4.205  4.263  4.167  4.290  4.159  4.317
4.190  4.190  4.108  4.143  4.143  4.159  4.159  4.094  4.043  4.159  4.111  4.220  4.357  4.143  4.466  4.127  4.277  4.043  4.344  4.111  4.220  4.174  4.304  4.317  4.078  4.025  4.074  4.167  3.938  4.111  4.060  4.078  4.143  4.111  4.205  4.190  4.111  4.127  3.970  4.060  3.951  3.985
6.319  6.079  6.207  6.219  6.226  6.161  6.261  6.196  6.238  6.422  6.310  6.351  6.383  6.203  6.319  6.006  6.153  6.116  6.236  6.236  6.256  6.125  6.062  6.198  6.087  6.098  6.098  6.136  6.064  6.087  6.129  6.099  6.146  6.122  6.193  6.163  6.052  6.136  6.131  6.114  6.064  6.155
6.433  6.379  6.261  6.336  6.373  6.286  6.324  6.284  6.310  6.479  6.441  6.326  6.351  6.307  6.361  6.323  6.261  6.205  6.321  6.331  6.370  6.402  6.319  6.385  6.324  6.245  6.239  6.217  6.236  6.203  6.346  6.254  6.269  6.301  6.346  6.321  6.295  6.203  6.242  6.165  6.229  6.185
5.327  5.058  5.277  5.204  5.249  5.066  5.050  5.278  5.024  5.347  5.236  5.260  5.295  5.226  5.434  5.130  5.121  5.130  5.278  5.231  5.103  5.176  5.030  5.236  4.900  4.905  5.045  5.056  4.877  4.893  5.186  5.106  5.130  5.150  5.029  5.056  5.153  5.043  5.040  5.024  5.063  5.034
5.753  5.633  5.654  5.773  5.594  5.662  5.663  5.606  5.670  5.808  5.727  5.749  5.823  5.743  5.817  5.814  5.733  5.765  5.670  5.617  5.690  5.565  5.557  5.591  5.521  5.568  5.472  5.457  5.313  5.354  5.553  5.451  5.541  5.608  5.591  5.576  5.557  5.589  5.625  5.549  5.493  5.595
4.263  4.543  4.443  4.159  4.367  4.486  4.290  4.234  4.386  4.380  4.277  4.404  4.575  4.443  4.416  4.337  4.304  4.425  4.466  4.575  4.466  4.443  4.466  4.500  4.220  4.220  4.369  4.234  4.043  4.431  4.394  4.304  4.331  4.205  4.304  4.304  4.354  4.369  4.174  4.304  4.205  4.348
4.263  4.410  4.205  4.159  4.187  4.317  4.394  4.248  4.205  4.304  4.174  4.127  4.443  4.575  4.477  4.253  4.357  4.311  4.522  4.443  4.525  4.304  4.443  4.489  4.248  4.304  4.205  4.060  4.159  4.202  4.182  4.311  4.227  4.231  4.234  4.301  4.331  4.143  3.970  4.043  4.111  4.260
5.870  5.749  5.673  5.852  5.832  5.821  5.799  5.835  5.722  5.981  5.869  5.908  5.908  5.727  5.879  5.808  5.762  5.892  5.994  5.768  5.749  5.731  5.717  5.809  5.505  5.602  5.654  5.590  5.429  5.496  5.656  5.642  5.808  5.642  5.673  5.649  5.553  5.765  5.666  5.617  5.582  5.620
6.175  6.163  6.115  6.143  6.131  6.148  6.165  6.153  6.207  6.321  6.338  6.244  6.303  6.142  6.238  6.140  6.166  6.087  6.234  6.210  6.190  6.176  6.100  6.227  6.012  6.060  6.073  5.966  5.886  5.958  6.122  6.064  6.057  6.052  6.242  6.107  6.165  6.011  5.988  6.045  6.014  6.001
5.069  4.913  4.875  4.852  5.042  5.075  4.990  4.885  5.011  5.118  5.004  5.043  5.242  5.112  5.170  5.021  4.864  5.030  5.328  4.956  5.094  5.043  5.063  5.043  4.623  4.673  4.890  4.996  4.835  4.968  4.970  4.812  4.812  4.990  4.942  5.004  4.871  4.898  4.934  4.949  4.769  4.894
5.493  5.407  5.446  5.429  5.417  5.505  5.472  5.367  5.412  5.684  5.481  5.591  5.601  5.613  5.774  5.509  5.416  5.400  5.666  5.533  5.656  5.545  5.455  5.609  5.381  5.215  5.438  5.333  5.273  5.366  5.389  5.395  5.438  5.438  5.412  5.545  5.442  5.386  5.379  5.349  5.293  5.533
3.638  3.871  3.689  3.784  3.584  3.802  3.807  3.689  3.761  3.784  3.689  3.784  3.861  3.689  3.871  3.664  3.829  3.784  3.829  3.846  3.829  3.807  3.829  3.850  3.611  3.578  3.871  3.714  3.638  3.892  3.807  3.664  3.784  3.689  3.780  3.807  3.689  3.664  3.555  3.664  3.638  3.664
3.664  3.689  3.584  3.497  3.434  3.434  3.497  3.689  3.555  3.584  3.584  3.611  3.898  3.738  3.807  3.584  3.584  3.434  3.611  3.850  3.714  3.611  3.664  3.638  3.611  3.638  3.555  3.497  3.466  3.490  3.584  3.555  3.709  3.526  3.829  3.611  3.526  3.584  3.497  3.850  3.584  3.638
5.706  5.361  5.611  5.775  5.489  5.583  5.525  5.697  5.656  5.756  5.587  5.677  5.707  5.553  5.733  5.529  5.407  5.628  5.652  5.714  5.652  5.553  5.501  5.519  5.565  5.476  5.447  5.489  5.308  5.447  5.429  5.507  5.694  5.628  5.591  5.576  5.505  5.649  5.609  5.537  5.602  5.673
6.605  6.443  6.469  6.554  6.382  6.555  6.544  6.541  6.563  6.655  6.477  6.601  6.588  6.544  6.621  6.433  6.395  6.495  6.547  6.540  6.615  6.569  6.519  6.535  6.529  6.522  6.422  6.407  6.366  6.387  6.439  6.433  6.560  6.495  6.564  6.447  6.510  6.557  6.406  6.497  6.516  6.510
4.786  4.654  4.700  4.812  4.700  4.700  4.727  4.796  4.644  4.860  4.905  4.811  4.860  4.802  4.890  4.635  4.625  4.732  4.790  4.866  4.919  4.754  4.796  4.812  4.530  4.610  4.530  4.477  4.466  4.443  4.615  4.691  4.820  4.673  4.567  4.754  4.533  4.852  4.673  4.691  4.710  4.585
4.942  4.879  4.913  5.017  4.905  4.856  4.959  4.827  4.691  5.037  4.990  4.844  4.961  4.989  5.170  4.871  4.760  4.893  4.977  5.011  5.011  5.029  4.787  5.081  4.769  4.762  4.796  4.727  4.654  4.644  4.866  4.745  4.835  4.804  4.889  4.743  4.766  4.883  4.804  4.736  4.828  4.783
4.828  4.657  4.718  4.783  4.700  4.727  4.635  4.771  4.754  4.804  4.615  4.745  4.883  4.927  4.956  4.625  4.605  4.615  4.812  4.913  4.796  4.673  4.700  4.762  4.431  4.603  4.595  4.671  4.407  4.533  4.511  4.554  4.700  4.585  4.635  4.710  4.635  4.820  4.736  4.615  4.605  4.585
5.303  5.434  5.303  5.297  5.380  5.394  5.318  5.357  5.421  5.425  5.624  5.357  5.493  5.583  5.501  5.394  5.153  5.338  5.525  5.434  5.283  5.351  5.398  5.434  5.342  5.251  5.360  5.303  5.187  5.252  5.303  5.215  5.204  5.328  5.278  5.357  5.263  5.513  5.476  5.262  5.231  5.236
