4.443  4.369  4.143  4.156  4.220  4.331  4.369  4.174  4.331  4.407  4.382  4.304  4.277  4.304  4.419  4.248  4.220  4.220  4.344  4.369  4.454  4.341  4.357  4.489  4.394  4.277  4.317  4.407  4.357  4.407  4.394  4.277  4.263  4.331  4.357  4.290  4.394  4.174  4.234  4.127  4.234  4.317
4.344  4.369  4.043  4.277  4.277  4.290  4.369  4.382  4.407  4.317  4.369  4.522  4.369  4.220  4.394  4.127  4.111  4.585  4.357  4.317  4.522  4.234  4.382  4.382  4.344  4.078  4.331  4.231  4.277  4.304  4.382  4.248  4.220  4.174  4.220  4.248  4.489  4.220  4.317  4.174  4.190  4.263
5.649  5.607  5.621  5.635  5.583  5.515  5.802  5.713  5.690  5.617  5.603  5.631  5.670  5.485  5.665  5.566  5.598  5.472  5.683  5.652  5.903  5.737  5.557  5.700  5.464  5.460  5.412  5.308  5.328  5.360  5.479  5.724  5.485  5.733  5.714  5.501  5.629  5.575  5.416  5.412  5.576  5.533
5.333  5.085  5.305  5.380  5.118  5.226  5.242  5.313  5.235  5.251  5.142  5.268  5.263  5.182  5.259  5.112  5.094  5.037  5.236  5.384  5.394  5.193  5.056  5.242  5.209  5.066  5.063  5.019  4.844  4.952  5.103  5.124  5.218  5.169  5.094  5.088  5.063  5.094  5.024  5.063  5.078  5.252
3.684  3.434  3.611  3.526  3.497  3.664  3.684  3.671  3.714  3.780  3.605  3.611  3.928  3.761  3.829  3.584  3.638  3.497  3.638  3.795  3.689  3.611  3.611  3.824  3.738  3.597  3.592  3.664  3.555  3.526  3.658  3.664  3.638  3.638  3.726  3.611  3.466  3.555  3.434  3.497  3.638  3.638
3.584  3.664  3.497  3.434  3.526  3.611  3.526  3.578  3.611  3.664  3.611  3.605  3.664  3.638  3.824  3.689  3.555  3.638  3.584  3.611  3.611  3.714  3.555  3.664  3.611  3.497  3.664  3.605  3.428  3.434  3.564  3.526  3.664  3.555  3.638  3.584  3.367  3.497  3.434  3.434  3.401  3.481
3.611  3.584  3.638  3.709  3.664  3.605  3.497  3.738  3.638  3.651  3.466  3.768  3.892  3.584  3.784  3.638  3.761  3.611  3.829  3.738  3.709  3.611  3.738  3.784  3.497  3.664  3.638  3.526  3.520  3.638  3.512  3.466  3.638  3.584  3.578  3.638  3.497  3.570  3.434  3.466  3.584  3.497
3.401  3.219  3.497  3.296  3.367  3.466  3.332  3.466  3.459  3.481  3.135  3.497  3.611  3.714  3.638  3.638  3.664  3.611  3.638  3.761  3.780  3.466  3.466  3.578  3.434  3.526  3.466  3.367  3.332  3.555  3.555  3.332  3.555  3.555  3.490  3.367  3.497  3.444  3.367  3.434  3.497  3.526
3.658  3.664  3.951  3.651  3.807  3.605  3.726  3.584  3.757  3.829  3.714  3.780  3.784  3.761  3.784  3.689  3.619  3.807  3.829  3.951  3.784  3.689  3.611  3.784  3.611  3.605  3.714  3.664  3.564  3.664  3.761  3.466  3.689  3.638  3.555  3.709  3.611  3.664  3.555  3.584  3.490  3.611
3.689  3.497  3.689  3.689  3.709  3.738  3.857  3.714  3.932  3.932  3.526  3.807  3.871  3.689  3.802  3.664  3.709  3.689  3.658  3.850  3.784  3.784  3.526  3.709  3.555  3.611  3.605  3.638  3.434  3.745  3.526  3.871  3.829  3.829  3.584  3.664  3.638  3.434  3.497  3.638  3.684  3.664
5.168  4.743  4.949  4.920  5.042  4.905  4.902  4.997  4.920  5.193  5.106  4.920  4.894  4.796  5.075  4.877  4.682  4.787  5.118  4.796  4.942  4.883  4.745  5.193  4.734  4.489  4.736  4.615  4.727  4.745  4.754  4.812  4.635  4.820  4.820  4.787  4.718  4.682  4.783  4.828  4.787  4.754
5.375  4.844  5.086  5.130  5.145  5.165  5.181  5.170  5.182  5.425  5.290  5.323  5.142  5.088  5.236  4.890  5.063  5.193  5.341  5.147  5.159  5.153  5.136  5.421  4.900  4.828  4.954  4.898  4.860  4.949  4.927  5.004  5.004  4.996  5.011  5.162  5.037  5.004  5.242  5.063  5.257  5.127
3.526  3.584  3.584  3.550  3.664  3.578  3.584  3.497  3.367  3.584  3.428  3.584  3.526  3.611  3.714  3.611  3.611  3.526  3.714  3.689  3.761  3.584  3.490  3.611  3.497  3.466  3.550  3.497  3.401  3.555  3.367  3.584  3.497  3.332  3.434  3.555  3.624  3.550  3.459  3.332  3.526  3.434
3.526  3.555  3.689  3.584  3.611  3.761  3.555  3.664  3.584  3.684  3.784  3.611  3.912  3.807  3.784  3.761  3.714  3.714  3.638  3.664  3.784  3.611  3.605  3.714  3.584  3.497  3.584  3.526  3.466  3.526  3.434  3.466  3.624  3.401  3.555  3.541  3.526  3.367  3.401  3.555  3.466  3.466
4.868  4.944  4.771  4.860  5.030  4.927  4.977  4.940  4.942  4.934  4.812  4.890  5.056  5.112  5.136  4.796  4.942  4.883  5.016  5.056  5.063  5.037  4.883  5.050  4.745  4.710  4.850  4.762  4.575  4.710  4.779  5.050  4.868  5.009  4.970  4.909  4.864  4.898  4.890  4.736  4.796  4.812
5.537  5.597  5.629  5.549  5.572  5.645  5.509  5.581  5.460  5.762  5.628  5.575  5.717  5.631  5.727  5.645  5.481  5.576  5.699  5.727  5.733  5.590  5.624  5.670  5.438  5.460  5.489  5.439  5.333  5.371  5.501  5.523  5.572  5.434  5.557  5.547  5.438  5.576  5.583  5.537  5.407  5.371
4.890  4.796  4.883  4.904  4.890  4.990  4.979  4.812  4.860  4.992  5.100  5.024  5.126  5.165  5.187  4.934  4.828  4.942  5.130  5.030  5.209  4.990  5.036  5.094  4.771  4.762  4.787  4.956  4.663  4.927  5.056  4.997  4.844  5.081  4.961  4.920  4.963  4.850  4.745  4.844  4.942  4.792
4.984  4.890  5.029  5.063  4.934  5.023  4.966  4.927  4.887  5.069  5.078  4.961  5.152  5.193  5.196  4.956  4.942  5.066  5.147  5.170  5.153  5.150  4.996  5.142  4.890  4.956  4.812  4.956  4.673  4.905  5.030  4.804  5.063  4.927  4.990  4.990  4.949  4.970  4.856  4.836  4.779  4.905
4.511  4.277  4.284  4.466  4.595  4.466  4.248  4.344  4.522  4.635  4.615  4.407  4.700  4.511  4.522  4.533  4.331  4.585  4.533  4.533  4.443  4.590  4.454  4.575  4.304  4.304  4.205  4.454  4.143  4.344  4.443  4.642  4.394  4.317  4.585  4.538  4.331  4.489  4.546  4.344  4.317  4.231
4.220  4.220  4.143  4.489  4.290  4.331  4.174  4.190  4.174  4.354  4.277  4.205  4.583  4.514  4.419  4.344  4.231  4.357  4.407  4.382  4.344  4.431  4.466  4.263  4.159  4.060  4.248  4.248  4.143  4.127  4.331  4.443  4.174  4.234  4.267  4.263  4.348  4.267  4.382  4.111  4.263  4.127
3.584  3.428  3.434  3.434  3.497  3.555  3.434  3.466  3.434  3.401  3.258  3.584  3.638  3.632  3.664  3.584  3.555  3.367  3.434  3.584  3.664  3.584  3.466  3.526  3.434  3.497  3.434  3.401  3.611  3.466  3.490  3.466  3.497  3.584  3.526  3.401  3.497  3.401  3.401  3.367  3.555  3.367
3.332  3.526  3.434  3.555  3.332  3.401  3.367  3.401  3.466  3.434  3.434  3.555  3.526  3.497  3.664  3.490  3.584  3.497  3.466  3.638  3.497  3.466  3.401  3.611  3.296  3.401  3.526  3.395  3.434  3.250  3.332  3.526  3.526  3.434  3.526  3.526  3.520  3.332  3.466  3.288  3.332  3.434
