6.640  6.552  6.436  6.425  6.513  6.555  6.567  6.472  6.466  6.587  6.600  6.529  6.617  6.525  6.600  6.510  6.375  6.554  6.605  6.397  6.517  6.506  6.503  6.496  6.516  6.522  6.477  6.475  6.430  6.460  6.571  6.426  6.314  6.525  6.516  6.417  6.580  6.409  6.312  6.416  6.420  6.412
6.334  6.207  6.162  6.201  6.168  6.229  6.340  6.238  6.213  6.390  6.324  6.303  6.310  6.204  6.358  6.122  6.168  6.168  6.267  6.105  6.347  6.273  6.190  6.308  6.109  6.129  6.203  6.071  6.066  6.064  6.290  6.103  6.091  6.170  6.283  6.174  6.261  6.031  6.038  6.068  5.986  6.101
5.948  5.710  5.892  5.841  5.916  5.948  5.916  5.935  5.974  6.064  5.899  6.060  6.054  5.930  6.004  5.971  5.649  5.841  6.011  5.841  5.865  5.817  5.861  5.826  5.914  5.892  5.820  5.833  5.696  5.864  5.846  5.756  5.741  5.918  5.828  5.841  5.881  5.883  5.737  5.885  5.823  5.869
4.690  4.575  4.677  4.771  4.564  4.625  4.796  4.736  4.779  4.741  4.682  4.769  4.787  4.699  4.905  4.718  4.644  4.663  4.691  4.754  4.754  4.673  4.654  4.700  4.564  4.804  4.644  4.527  4.530  4.615  4.595  4.673  4.605  4.741  4.625  4.615  4.543  4.575  4.564  4.585  4.554  4.575
5.459  5.226  5.398  5.298  5.481  5.357  5.254  5.428  5.268  5.553  5.380  5.460  5.549  5.501  5.505  5.176  5.147  5.425  5.366  5.333  5.303  5.124  5.323  5.133  5.186  5.170  5.252  5.288  4.934  5.100  5.273  5.050  5.288  5.139  5.302  5.193  5.243  5.288  5.366  5.236  5.170  5.209
5.353  5.001  5.293  5.147  5.186  5.126  5.059  5.063  5.100  5.371  5.242  5.278  5.204  5.170  5.176  5.085  4.956  5.215  5.273  5.136  5.176  5.037  5.043  5.193  4.977  5.024  5.050  4.956  4.890  4.997  5.100  4.804  5.004  5.075  5.017  5.112  5.006  5.011  5.026  5.016  4.875  5.058
6.163  6.023  6.078  6.066  6.087  6.122  6.100  6.118  6.126  6.260  6.165  6.217  6.248  6.157  6.238  6.082  5.886  6.033  6.146  6.112  6.194  6.063  6.021  6.053  6.082  5.993  5.994  5.878  5.787  5.911  6.059  5.899  5.984  6.047  6.081  6.082  6.146  6.038  6.011  6.006  5.885  6.021
5.513  5.728  5.561  5.492  5.537  5.591  5.641  5.434  5.717  5.749  5.753  5.656  5.759  5.680  5.761  5.537  5.583  5.352  5.736  5.497  5.796  5.705  5.663  5.749  5.549  5.583  5.489  5.366  5.497  5.425  5.585  5.517  5.529  5.710  5.620  5.634  5.666  5.460  5.384  5.478  5.572  5.457
5.935  5.869  5.935  5.794  5.805  5.808  5.914  5.768  5.768  5.961  5.787  5.875  5.876  5.792  5.959  5.707  5.590  5.790  5.914  5.762  5.969  5.787  5.835  5.807  5.824  5.811  5.642  5.620  5.521  5.630  5.673  5.805  5.741  5.834  5.771  5.811  5.821  5.711  5.679  5.697  5.723  5.832
6.107  5.910  5.979  6.028  6.057  6.057  6.098  6.045  6.053  6.189  6.047  6.211  6.180  6.061  6.228  6.017  5.905  5.971  6.157  5.979  6.252  6.038  6.084  6.084  5.891  5.958  5.969  5.875  5.791  5.892  5.872  5.971  5.956  6.105  6.120  6.044  5.958  5.886  5.938  5.846  5.923  5.934
6.671  6.569  6.500  6.482  6.652  6.619  6.572  6.526  6.582  6.588  6.617  6.525  6.701  6.593  6.632  6.520  6.475  6.588  6.632  6.524  6.600  6.640  6.623  6.611  6.515  6.554  6.528  6.524  6.392  6.425  6.528  6.413  6.395  6.522  6.509  6.466  6.601  6.536  6.413  6.585  6.340  6.498
5.497  5.533  5.384  5.286  5.489  5.605  5.485  5.397  5.442  5.493  5.529  5.273  5.704  5.549  5.697  5.521  5.323  5.521  5.620  5.398  5.517  5.572  5.595  5.580  5.421  5.455  5.517  5.398  5.342  5.242  5.489  5.278  5.215  5.505  5.499  5.438  5.525  5.434  5.434  5.549  5.204  5.333
5.557  5.381  5.407  5.438  5.407  5.521  5.460  5.425  5.687  5.480  5.460  5.544  5.601  5.595  5.545  5.421  5.282  5.549  5.549  5.447  5.563  5.325  5.395  5.472  5.449  5.394  5.307  5.301  5.158  5.397  5.323  5.230  5.389  5.541  5.364  5.435  5.412  5.375  5.204  5.403  5.412  5.379
4.984  4.911  4.858  4.898  4.927  5.017  4.827  4.860  5.147  4.927  4.798  4.860  4.977  4.934  5.011  4.852  4.673  4.990  5.017  4.956  4.994  4.883  4.924  4.858  4.745  4.883  4.796  4.796  4.554  4.777  4.852  4.820  4.836  4.990  4.883  4.868  4.860  4.682  4.663  4.890  4.883  4.927
7.401  6.891  7.338  7.164  7.418  7.429  7.026  7.363  7.276  7.487  7.380  7.507  7.418  7.302  7.485  7.098  6.598  7.371  7.407  7.197  6.960  6.871  7.023  6.946  6.972  7.074  7.005  7.093  6.390  6.695  6.838  6.491  6.961  6.925  6.755  7.019  6.751  7.088  7.044  7.255  6.980  7.162
6.016  5.652  5.852  5.659  5.875  5.956  5.909  5.751  5.971  6.064  5.911  6.087  6.089  6.047  6.192  5.796  5.321  5.911  5.907  5.666  5.805  5.858  5.924  5.814  5.620  5.710  5.784  5.733  5.230  5.485  5.625  5.283  5.434  5.819  5.515  5.892  5.600  5.464  5.571  5.831  5.594  5.665
6.897  6.934  6.897  6.801  6.976  6.962  6.627  6.876  6.934  6.930  6.851  6.912  7.076  6.990  6.978  6.876  6.631  6.948  6.923  6.783  6.915  6.762  6.908  6.831  6.825  6.858  6.820  6.877  6.726  6.784  6.852  6.673  6.767  6.869  6.801  6.856  6.868  6.862  6.779  6.837  6.726  6.798
5.124  5.317  5.106  5.263  5.226  5.203  4.927  5.100  5.364  5.394  5.106  5.226  5.464  5.308  5.344  5.366  5.159  5.301  5.283  5.170  5.352  5.367  5.325  5.379  5.074  5.293  5.308  5.181  5.063  5.153  5.277  5.011  5.063  5.358  5.226  5.268  5.283  5.273  5.265  5.208  5.043  5.303
6.292  6.194  6.219  6.192  6.356  6.339  6.284  6.276  6.305  6.370  6.335  6.361  6.417  6.405  6.380  6.267  6.174  6.365  6.360  6.228  6.239  6.310  6.335  6.394  6.242  6.375  6.295  6.352  6.183  6.245  6.243  6.142  6.217  6.400  6.250  6.339  6.308  6.258  6.124  6.232  6.132  6.194
4.898  5.100  4.754  4.726  4.893  4.835  4.913  4.673  4.887  4.922  5.024  4.942  4.977  5.050  5.061  5.030  4.898  4.691  4.860  4.700  5.068  5.011  5.142  5.106  5.017  4.949  5.017  4.748  4.717  4.868  4.796  4.819  4.812  4.934  5.021  5.004  4.997  4.856  4.745  4.828  4.694  4.804
6.270  6.061  6.064  6.019  6.168  6.178  6.043  6.114  6.088  6.282  6.238  6.248  6.225  6.207  6.223  6.079  6.016  6.178  6.244  6.152  6.142  6.094  6.068  6.207  6.157  6.186  6.034  6.198  6.026  5.961  6.136  5.965  6.080  6.223  6.176  6.159  6.035  6.225  6.118  6.103  6.098  6.169
4.337  4.331  4.348  4.248  4.363  4.543  4.234  4.331  4.263  4.498  4.575  4.464  4.585  4.644  5.424  4.295  4.419  4.419  4.357  4.500  4.543  4.500  4.331  4.394  4.297  4.174  4.348  4.357  4.190  4.231  4.382  4.078  4.419  4.398  4.454  4.419  4.317  4.511  4.304  4.057  4.187  4.220
