5.493  5.239  5.438  5.330  5.375  5.451  5.389  5.446  5.438  5.595  5.549  5.595  5.587  5.511  5.605  5.384  5.257  5.292  5.413  5.360  5.371  5.288  5.282  5.328  5.257  5.263  5.272  5.187  5.063  5.231  5.389  5.136  5.318  5.333  5.344  5.268  5.277  5.293  5.231  5.308  5.226  5.236
5.505  5.468  5.403  5.429  5.345  5.485  5.439  5.455  5.509  5.587  5.595  5.533  5.687  5.435  5.609  5.495  5.352  5.268  5.541  5.407  5.553  5.386  5.403  5.541  5.415  5.380  5.335  5.357  5.283  5.394  5.497  5.273  5.421  5.485  5.499  5.480  5.485  5.300  5.298  5.273  5.384  5.433
4.913  4.736  4.956  4.804  4.812  4.836  4.860  4.844  4.956  4.942  4.852  5.081  5.004  4.773  4.959  4.804  4.820  4.812  5.017  5.011  4.913  4.796  4.758  4.787  4.787  4.771  4.718  4.718  4.649  4.736  4.752  4.657  4.787  4.926  4.835  4.812  4.703  4.736  4.828  4.691  4.654  4.828
4.392  4.263  4.324  4.369  4.277  4.220  4.407  4.394  4.354  4.477  4.260  4.394  4.466  4.301  4.505  4.290  4.317  4.220  4.500  4.454  4.369  4.369  4.331  4.511  4.304  4.304  4.277  4.277  4.190  4.231  4.288  4.253  4.190  4.277  4.301  4.317  4.234  4.246  4.205  4.111  4.290  4.376
5.945  5.690  5.875  5.790  5.820  5.922  5.899  5.916  5.820  6.001  5.903  5.916  5.943  5.783  5.927  5.749  5.746  5.724  5.953  5.811  5.943  5.846  5.740  5.796  5.642  5.670  5.730  5.505  5.434  5.620  5.677  5.620  5.730  5.749  5.771  5.752  5.777  5.638  5.672  5.732  5.666  5.846
5.311  5.050  5.220  5.043  4.942  5.193  5.164  5.130  5.257  5.334  5.263  5.263  5.165  5.129  5.252  5.176  5.063  5.063  5.043  5.135  5.263  5.130  5.223  5.246  5.004  4.937  5.142  4.890  4.890  4.990  5.142  4.905  4.963  5.155  5.169  5.063  5.136  4.970  4.889  4.973  4.927  5.106
5.198  5.039  4.977  5.017  5.088  5.142  5.088  4.934  5.056  5.080  4.977  5.211  5.133  5.102  5.106  5.017  4.883  4.977  5.182  5.080  5.037  5.094  5.011  5.013  4.977  4.913  4.804  4.758  4.615  4.726  5.011  5.056  5.102  5.130  5.094  5.130  5.159  5.086  5.043  5.123  5.050  5.193
4.202  4.407  4.212  4.514  4.260  4.277  4.174  4.205  4.369  4.361  4.246  4.446  4.452  4.304  4.410  4.369  4.317  4.174  4.464  4.284  4.394  4.234  4.174  4.127  4.043  4.007  4.025  3.813  3.850  3.846  4.174  4.074  4.190  4.324  4.043  4.143  4.091  4.099  4.127  4.043  4.111  3.989
5.153  5.063  5.175  5.198  5.257  5.288  5.183  5.283  5.165  5.323  5.298  5.278  5.361  5.283  5.380  5.165  5.053  5.303  5.357  5.226  5.318  5.152  5.056  5.106  5.029  5.089  5.078  5.159  4.934  5.049  5.106  5.147  5.165  5.165  5.263  5.114  5.081  5.142  5.100  5.208  5.043  5.247
5.106  4.787  4.875  4.787  4.963  4.883  4.919  4.828  4.913  5.069  4.927  5.030  5.252  5.124  5.165  4.787  4.890  5.011  5.159  5.030  5.130  4.934  4.922  5.009  4.920  4.904  4.940  5.024  4.700  4.798  4.883  4.812  4.820  4.858  4.890  4.984  4.956  4.883  4.905  5.130  4.860  4.990
5.293  5.088  5.056  5.100  5.100  5.136  5.176  5.176  5.313  5.182  5.170  5.338  5.435  5.209  5.283  5.063  5.124  5.153  5.204  5.254  5.226  5.094  5.088  5.176  5.112  5.050  5.088  4.890  4.963  4.920  5.094  5.176  5.124  5.056  5.198  5.127  5.011  5.112  5.081  5.080  4.997  5.045
4.500  4.454  4.477  4.554  4.466  4.394  4.530  4.344  4.595  4.498  4.407  4.605  4.718  4.662  4.603  4.489  4.543  4.500  4.595  4.541  4.605  4.644  4.554  4.635  4.454  4.431  4.454  4.419  4.388  4.277  4.369  4.394  4.489  4.533  4.559  4.419  4.454  4.489  4.407  4.431  4.344  4.394
5.384  5.198  5.352  5.403  5.425  5.521  5.219  5.303  5.226  5.247  5.396  5.501  5.505  5.463  5.501  5.295  5.242  5.438  5.553  5.416  5.380  5.219  5.263  5.252  5.162  5.112  5.208  5.236  5.063  5.147  5.164  5.165  5.257  5.220  5.198  5.236  5.166  5.302  5.349  5.357  5.220  5.416
5.263  5.170  5.142  5.242  5.283  5.352  5.093  5.130  5.093  5.100  5.204  5.247  5.291  5.380  5.403  5.179  5.099  5.204  5.313  5.291  5.333  5.257  5.118  5.298  5.106  5.112  5.169  5.118  4.982  5.094  5.170  5.088  5.278  5.150  5.198  5.142  5.091  5.204  5.111  5.170  5.136  5.142
5.256  5.423  5.308  5.318  5.312  5.273  5.330  5.236  5.442  5.333  5.316  5.416  5.363  5.409  5.545  5.371  5.425  5.215  5.474  5.484  5.537  5.310  5.416  5.465  5.306  5.382  5.341  5.236  5.176  5.246  5.298  5.264  5.354  5.472  5.442  5.372  5.242  5.380  5.153  5.187  5.273  5.250
4.898  4.754  4.710  4.934  4.615  4.605  4.654  4.564  4.673  4.754  4.727  4.796  4.875  4.954  4.890  4.723  4.635  4.844  4.739  4.997  4.787  4.745  4.836  4.866  4.654  4.710  4.663  4.673  4.554  4.595  4.677  4.671  4.745  4.654  4.835  4.782  4.652  4.802  4.796  4.663  4.635  4.654
4.727  4.736  4.662  4.771  4.754  4.691  4.505  4.562  4.691  4.754  4.635  4.727  4.868  4.625  4.718  4.605  4.687  4.635  4.633  4.718  4.620  4.718  4.787  4.663  4.673  4.754  4.677  4.736  4.541  4.554  4.489  4.536  4.657  4.663  4.682  4.712  4.567  4.762  4.615  4.477  4.605  4.635
4.205  4.078  4.190  4.263  4.111  4.205  4.078  4.205  4.205  4.317  4.159  4.174  4.354  4.174  4.369  4.127  4.256  4.315  4.234  4.382  4.344  4.341  4.344  4.331  4.220  4.344  4.174  4.205  4.127  4.369  4.190  4.094  4.171  4.159  4.260  4.234  4.094  4.202  4.263  4.156  4.060  4.270
5.204  4.984  5.106  5.147  5.106  5.182  5.069  5.182  5.182  5.231  5.159  5.263  5.322  5.272  5.327  5.150  5.288  5.147  5.517  5.537  5.412  5.771  5.598  5.778  5.069  4.954  4.956  4.984  4.875  4.963  4.990  5.024  5.108  5.118  5.094  5.173  4.905  5.236  5.077  5.069  5.034  5.072
4.605  4.522  4.511  4.595  4.605  4.477  4.625  4.595  4.625  4.680  4.595  4.710  4.732  4.673  4.736  4.575  4.668  4.605  4.905  5.037  5.075  5.236  5.332  5.328  4.500  4.431  4.466  4.486  4.344  4.317  4.431  4.538  4.454  4.477  4.573  4.431  4.331  4.732  4.567  4.489  4.454  4.431
4.989  4.877  4.866  4.977  4.945  4.804  4.836  4.868  4.762  5.039  4.828  4.926  5.100  4.987  4.949  4.779  4.804  4.804  5.112  5.043  5.069  4.920  4.860  5.037  4.927  4.812  4.736  4.718  4.649  4.700  4.820  4.927  4.997  4.977  4.913  4.990  4.920  4.871  4.990  4.804  4.835  4.904
5.302  5.088  5.223  5.231  5.238  5.328  5.056  5.165  5.118  5.349  5.230  5.328  5.403  5.263  5.288  5.037  5.075  5.236  5.323  5.338  5.278  5.187  5.108  5.159  4.996  5.187  5.088  5.063  4.860  4.945  5.130  5.147  5.215  5.243  5.147  5.288  5.198  5.251  5.378  5.142  5.043  5.257
