4.898  4.997  4.714  4.836  4.820  4.796  4.890  4.779  4.890  4.881  4.905  4.898  4.804  4.819  4.815  4.820  4.898  4.864  4.942  4.843  4.927  4.843  4.727  4.883  4.942  4.860  4.696  4.745  4.690  4.721  4.762  4.727  4.765  4.868  4.752  4.820  4.787  4.792  4.654  4.671  4.673  4.836
4.516  4.443  4.449  4.489  4.407  4.710  4.533  4.522  4.520  4.575  4.290  4.533  4.710  4.500  4.613  4.357  4.443  4.434  4.700  4.620  4.635  4.394  4.369  4.382  4.511  4.443  4.354  4.304  4.248  4.290  4.277  4.477  4.477  4.511  4.274  4.454  4.357  4.431  4.419  4.394  4.373  4.443
4.673  4.585  4.644  4.440  4.718  4.630  4.758  4.595  4.727  4.883  4.663  4.745  4.913  4.771  4.804  4.787  4.654  4.654  4.866  4.638  4.727  4.564  4.595  4.732  4.691  4.598  4.511  4.509  4.522  4.762  4.623  4.454  4.644  4.828  4.718  4.663  4.804  4.543  4.454  4.573  4.533  4.673
3.970  3.689  3.784  3.888  3.784  3.807  3.871  3.892  3.761  3.892  3.807  3.850  3.967  3.892  3.998  3.709  3.824  3.867  3.970  3.888  3.892  3.871  3.850  3.807  3.689  3.714  3.780  3.689  3.570  3.714  3.761  3.664  3.784  3.871  3.932  3.714  3.526  3.664  3.761  3.761  3.689  3.829
4.043  3.989  3.989  4.074  4.057  4.007  4.007  4.167  4.205  4.190  3.970  4.246  4.295  4.143  4.331  3.888  4.025  4.253  4.078  4.140  4.304  4.007  4.057  4.263  3.912  4.060  4.078  3.970  3.850  3.807  4.127  3.871  4.022  4.025  3.951  4.057  3.908  4.004  3.892  3.892  3.850  4.074
3.989  3.970  3.989  4.007  3.857  3.998  3.912  3.932  3.908  4.167  3.912  3.970  4.274  4.124  4.220  4.022  3.951  4.069  4.025  4.007  4.060  4.007  3.970  3.892  3.912  3.829  3.829  3.714  3.638  3.892  3.947  3.871  4.025  3.846  4.111  3.912  4.060  3.824  3.784  3.714  3.850  4.025
4.078  4.025  3.942  3.957  3.850  4.094  3.829  3.928  3.850  3.871  3.714  4.025  4.043  3.912  3.892  3.888  3.638  3.970  3.989  4.248  3.912  3.932  3.738  3.829  3.807  3.738  3.784  3.829  3.638  3.773  3.780  3.638  3.932  3.638  3.761  3.912  3.555  3.689  3.773  3.733  3.761  3.829
3.401  3.526  3.570  3.526  3.497  3.466  3.332  3.611  3.367  3.555  3.459  3.689  3.497  3.497  3.714  3.555  3.466  3.526  3.638  3.466  3.526  3.401  3.401  3.555  3.466  3.466  3.466  3.434  3.367  3.632  3.428  3.520  3.497  3.497  3.466  3.541  3.258  3.401  3.332  3.332  3.497  3.584
3.497  3.584  3.466  3.526  3.526  3.497  3.434  3.434  3.664  3.714  3.497  3.638  3.664  3.555  3.738  3.490  3.555  3.664  3.497  3.664  3.761  3.664  3.526  3.638  3.466  3.497  3.466  3.526  3.555  3.459  3.459  3.466  3.497  3.738  3.332  3.555  3.512  3.434  3.526  3.332  3.401  3.611
3.555  3.578  3.401  3.526  3.497  3.526  3.497  3.584  3.638  3.578  3.401  3.714  3.664  3.761  3.784  3.638  3.689  3.555  3.664  3.555  3.611  3.664  3.611  3.664  4.248  3.497  3.526  3.689  3.466  3.367  3.584  3.497  3.466  3.611  3.395  3.367  3.497  3.332  3.434  3.332  3.466  3.434
5.186  4.949  5.162  5.094  4.990  4.997  4.963  4.970  4.949  5.220  5.106  5.153  5.235  5.342  5.288  4.927  4.942  5.124  5.124  5.192  5.088  5.024  4.977  4.986  4.868  4.913  4.920  4.904  4.831  4.870  5.039  4.970  5.159  5.013  5.105  5.023  5.193  5.209  5.176  5.061  4.937  4.949
4.164  3.932  3.989  3.989  4.057  4.111  3.989  4.190  4.078  4.394  4.127  4.220  4.304  4.290  4.401  4.205  4.060  4.060  4.205  4.231  4.205  4.111  3.989  4.135  4.007  3.989  4.143  4.094  3.957  3.932  4.022  4.094  4.094  4.060  4.091  4.174  4.174  4.143  4.253  4.086  3.932  4.127
4.220  4.025  4.167  4.159  4.190  4.078  4.040  4.111  3.951  4.277  4.091  4.174  4.091  4.290  4.543  4.007  4.060  4.078  4.143  4.234  4.248  4.231  4.025  4.248  4.094  3.951  3.989  3.932  3.802  3.892  4.043  4.078  4.205  4.040  4.127  4.111  3.970  4.127  3.951  4.078  3.807  4.060
4.094  3.912  3.912  4.060  4.007  4.040  4.007  4.007  3.829  4.140  3.942  4.086  4.220  4.060  4.804  3.932  3.970  4.111  4.127  3.989  4.194  4.043  4.007  3.989  3.951  3.761  3.989  3.892  3.818  3.970  3.802  3.892  3.784  3.784  3.989  4.025  3.882  3.932  4.078  3.922  3.807  3.871
4.963  4.635  4.875  4.682  4.718  4.762  4.633  4.771  4.754  4.913  4.663  4.924  4.875  4.984  4.947  4.676  4.726  4.828  4.926  4.860  4.909  4.477  4.585  4.762  4.760  4.625  4.633  4.615  4.500  4.564  4.600  4.691  4.836  4.727  4.779  4.710  4.663  4.812  4.676  4.700  4.726  4.736
4.344  4.304  4.394  4.369  4.443  4.382  4.449  4.357  4.516  4.425  4.382  4.419  4.533  4.727  4.600  4.419  4.382  4.274  4.344  4.736  4.543  4.413  4.443  4.489  4.419  4.317  4.263  4.394  4.241  4.317  4.174  4.263  4.454  4.263  4.486  4.431  4.357  4.263  4.382  4.357  4.483  4.454
4.717  4.718  4.657  4.796  4.771  4.828  4.511  4.710  4.745  4.819  4.787  4.879  4.883  4.898  4.970  4.714  4.595  4.644  4.812  4.820  4.852  4.745  4.727  4.831  4.682  4.615  4.662  4.431  4.509  4.575  4.610  4.671  4.505  4.736  4.682  4.771  4.615  4.752  4.635  4.710  4.762  4.682
4.190  4.205  4.159  4.135  4.111  4.143  4.078  4.156  4.025  4.194  3.989  4.124  4.277  4.263  4.234  3.995  4.078  4.004  4.277  4.477  4.140  4.174  4.060  4.234  3.989  3.985  4.013  3.932  3.714  4.043  3.951  4.025  4.127  4.127  4.060  4.174  4.127  4.091  3.912  4.066  3.989  3.989
5.292  5.186  5.273  5.328  5.318  5.209  5.293  5.293  5.268  5.288  5.142  5.375  5.243  5.313  5.489  5.165  5.241  5.313  5.360  5.313  5.576  5.380  5.215  5.545  5.075  5.100  5.255  5.029  4.934  5.215  5.042  5.124  5.366  5.176  5.231  5.361  5.181  5.106  5.231  5.140  5.075  5.311
4.905  4.779  4.852  4.868  4.836  4.850  4.933  4.808  4.890  4.911  4.762  5.050  5.017  4.940  4.997  4.779  4.927  4.913  4.942  5.004  5.043  4.934  4.905  5.024  4.858  4.779  4.844  4.708  4.794  4.804  4.779  4.832  4.977  4.927  4.852  4.883  4.927  4.860  4.828  4.812  4.644  4.771
3.555  3.497  3.332  3.664  3.584  3.367  3.296  3.738  3.401  3.497  3.434  3.475  3.773  3.846  3.784  3.434  3.611  3.555  3.784  3.664  3.584  3.367  3.428  3.475  3.367  3.367  3.367  3.526  3.219  3.401  3.401  3.434  3.555  3.401  3.526  3.434  3.555  3.584  3.520  3.434  3.466  3.638
3.490  3.332  3.367  3.250  3.401  3.258  3.332  3.466  3.258  3.526  3.332  3.466  3.584  3.714  3.584  3.296  3.497  3.428  3.401  3.651  3.466  3.459  3.401  3.367  3.520  3.288  3.325  3.360  3.258  3.332  3.258  3.401  3.434  3.332  3.466  3.219  3.332  3.219  3.170  3.296  3.258  3.296
