6.340  6.271  6.234  6.139  6.310  6.265  6.230  6.346  6.366  6.426  6.394  6.394  6.387  6.324  6.290  6.351  6.040  6.217  6.360  6.203  6.229  6.260  6.304  6.297  6.272  6.308  6.269  6.333  6.111  6.317  6.244  6.033  6.138  6.263  6.335  6.321  6.198  6.349  6.170  6.313  6.129  6.330
5.165  5.227  5.055  5.172  5.165  5.118  5.187  5.215  5.226  5.400  5.231  5.329  5.231  5.234  5.242  5.347  5.043  5.088  5.380  5.032  5.201  5.063  5.200  5.181  5.166  5.247  5.203  5.159  4.920  5.190  5.124  5.088  5.037  5.094  5.268  5.204  5.030  5.231  5.147  5.142  5.142  5.147
3.664  3.714  3.709  3.597  3.555  3.638  3.497  3.555  3.829  3.584  3.526  3.689  3.829  3.689  3.714  3.526  3.684  3.714  3.714  3.709  3.784  3.584  3.689  3.726  3.555  3.611  3.584  3.555  3.490  3.619  3.689  3.401  3.584  3.638  3.584  3.555  3.714  3.689  3.611  3.526  3.555  3.664
5.426  5.165  5.429  5.215  5.513  5.421  5.384  5.380  5.521  5.442  5.283  5.537  5.434  5.357  5.394  5.182  5.182  5.366  5.606  5.379  5.352  5.040  5.278  5.071  5.485  5.403  5.252  5.328  5.017  5.212  5.100  5.080  5.207  5.357  5.347  5.256  5.264  5.246  5.209  5.403  5.255  5.459
3.807  3.597  3.570  3.584  3.835  3.664  3.709  3.745  3.497  3.761  3.401  3.664  4.220  3.951  3.784  3.795  3.611  3.738  3.611  3.928  3.689  3.497  3.784  3.714  3.555  3.466  3.555  3.434  3.360  3.632  3.892  3.526  3.638  3.526  3.490  3.497  3.638  3.611  3.664  3.466  3.466  3.434
4.454  4.369  4.344  4.466  4.407  4.466  4.494  4.520  4.564  4.477  4.341  4.443  4.511  4.554  4.652  4.407  4.344  4.458  4.654  4.466  4.477  4.431  4.288  4.369  4.595  4.416  4.369  4.248  4.174  4.220  4.263  4.407  4.246  4.413  4.419  4.290  4.217  4.369  4.159  4.159  4.174  4.562
5.011  4.690  4.848  4.682  4.911  5.024  4.984  4.852  5.124  4.984  5.027  5.029  5.074  5.037  5.220  4.940  4.705  4.942  4.913  4.852  4.919  4.691  4.879  4.875  4.710  4.796  4.736  4.775  4.533  4.734  4.771  4.270  4.652  4.966  4.883  4.984  4.787  4.820  4.736  4.682  4.666  4.890
3.555  3.497  3.807  3.395  3.434  3.434  3.526  3.526  3.638  3.401  3.466  3.555  3.709  3.714  3.761  3.497  3.605  3.497  3.450  3.714  3.611  3.584  3.555  3.611  3.434  3.555  3.555  3.526  3.584  3.434  3.611  3.497  3.401  3.611  3.434  3.526  3.497  3.584  3.428  3.384  3.526  3.555
4.736  4.796  4.718  4.779  4.812  4.657  4.691  4.775  4.635  4.902  4.786  4.796  4.860  4.771  4.875  4.522  4.505  4.666  4.691  4.860  4.723  4.699  4.600  4.727  4.419  4.673  4.727  4.489  4.511  4.585  4.682  4.500  4.615  4.654  4.605  4.696  4.543  4.638  4.593  4.554  4.575  4.588
4.583  4.559  4.564  4.564  4.585  4.585  4.575  4.585  4.736  4.593  4.638  4.710  4.635  4.691  4.844  4.644  4.477  4.663  4.671  4.533  4.699  4.613  4.552  4.708  4.500  4.344  4.394  4.443  4.317  4.344  4.382  4.369  4.543  4.454  4.277  4.382  4.494  4.486  4.382  4.460  4.407  4.407
4.511  4.369  4.527  4.700  4.407  4.419  4.419  4.564  4.511  4.687  4.533  4.554  4.663  4.520  4.652  4.416  4.477  4.494  4.573  4.500  4.477  4.718  4.644  4.549  4.394  4.431  4.509  4.295  4.227  4.328  4.290  4.341  4.454  4.431  4.486  4.382  4.407  4.419  4.477  4.263  4.263  4.500
4.454  4.308  4.460  4.522  4.331  4.443  4.419  4.673  4.431  4.525  4.407  4.583  4.369  4.564  4.431  4.369  4.382  4.489  4.498  4.533  4.585  4.489  4.407  4.464  4.382  4.220  4.394  4.111  4.143  4.311  4.174  4.331  4.464  4.304  4.324  4.357  4.454  4.341  4.369  4.246  4.205  4.394
4.394  4.290  4.341  4.304  4.505  4.541  4.344  4.344  4.394  4.590  4.357  4.525  4.673  4.564  4.595  4.317  4.094  4.369  4.380  4.277  4.263  4.194  4.290  4.205  4.156  4.205  4.317  4.277  4.205  4.091  4.394  4.171  4.094  4.248  4.304  4.367  4.295  4.363  4.404  4.311  3.951  4.277
3.829  4.007  3.768  3.761  3.871  3.807  3.714  3.802  3.912  3.928  4.025  3.980  4.190  4.091  4.127  3.807  3.970  3.829  3.850  3.807  3.871  3.807  3.970  3.967  3.738  3.871  3.871  3.989  3.761  3.998  3.664  3.757  3.761  3.970  3.871  3.970  3.689  3.780  3.850  3.951  3.466  3.714
4.956  4.942  5.397  5.094  4.820  4.856  5.056  4.887  5.384  5.037  5.100  4.920  4.990  4.913  5.298  4.727  4.879  4.718  4.860  5.170  5.043  4.828  4.848  5.050  5.126  4.875  4.812  4.898  4.710  5.218  4.691  4.812  4.905  4.956  4.756  5.030  4.654  4.934  4.844  4.635  5.136  4.673
4.407  4.466  4.699  4.543  4.337  4.357  4.452  4.382  4.690  4.369  4.654  4.376  4.419  4.407  4.644  4.301  4.348  4.410  4.419  4.691  4.386  4.344  4.530  4.454  4.111  4.190  4.394  4.331  4.248  4.598  4.277  4.454  4.317  4.290  4.263  4.419  4.344  4.317  4.344  4.431  4.407  4.248
4.060  4.025  4.111  4.022  4.060  4.094  4.007  4.074  4.256  4.060  4.220  4.263  4.248  4.060  4.217  4.060  4.190  4.159  4.224  4.361  4.234  4.083  4.108  4.174  4.111  4.078  4.060  4.094  3.850  4.007  4.060  3.989  4.159  3.989  4.174  4.078  3.850  4.007  4.007  3.850  3.912  4.025
3.714  3.850  3.807  3.892  3.829  3.807  3.738  3.761  3.888  3.689  3.738  3.689  3.951  3.951  4.022  3.871  3.807  3.850  3.989  3.985  3.932  3.829  3.932  3.947  3.784  3.780  3.761  3.784  3.605  3.892  3.784  3.850  3.871  3.689  3.807  3.829  3.714  3.829  3.714  3.714  3.795  3.829
6.038  5.971  6.144  6.157  5.944  6.034  5.976  6.166  6.115  6.124  5.955  6.162  6.215  6.042  6.219  6.016  6.035  6.050  6.227  6.340  6.127  5.942  6.035  6.155  6.021  6.133  5.984  6.019  5.787  5.938  5.970  5.948  6.161  6.091  6.064  6.075  5.938  6.031  6.016  6.023  6.091  6.205
5.009  4.710  5.075  5.136  5.030  4.875  4.938  5.078  5.030  5.056  5.026  4.956  5.143  4.956  5.172  4.771  4.852  4.843  4.949  5.145  5.153  4.898  4.883  5.050  5.061  5.009  4.905  4.758  4.754  4.673  4.762  4.820  5.075  5.061  4.875  4.875  4.682  4.898  4.920  4.754  5.153  5.075
6.198  5.953  6.148  6.089  6.082  6.115  5.965  6.134  6.159  6.111  6.067  6.098  6.201  6.131  6.230  6.045  5.974  6.091  6.159  6.151  6.165  6.052  6.020  6.136  5.979  5.938  6.052  6.006  5.908  5.986  5.999  5.996  6.082  6.090  6.172  6.028  6.026  6.186  6.091  5.948  6.028  6.098
5.124  4.949  4.977  5.081  5.153  5.011  4.965  5.129  5.086  5.147  5.112  5.220  5.215  5.187  5.251  5.017  5.081  5.056  5.158  5.066  5.182  5.112  5.011  5.124  4.898  4.987  4.977  4.997  4.804  4.913  5.030  4.999  4.970  5.017  5.069  5.186  4.949  5.050  5.181  4.977  4.890  5.029
