3.638  3.638  3.689  3.689  3.664  3.584  3.611  3.555  3.555  3.466  3.638  3.555  3.584  3.555  3.689  3.555  3.611  3.689  3.850  3.807  3.714  3.651  3.689  3.638  3.497  3.497  3.541  3.611  3.584  3.497  3.367  3.555  3.738  3.932  3.638  3.497  3.401  3.466  3.526  3.497  3.360  3.664
3.605  3.497  3.638  3.434  3.497  3.526  3.497  3.526  3.526  3.584  3.584  3.555  3.726  3.689  3.664  3.555  3.578  3.526  3.714  3.714  3.761  3.638  3.584  3.466  3.367  3.434  3.367  3.490  3.466  3.497  3.555  3.664  3.526  3.497  3.497  3.555  3.401  3.638  3.664  3.428  3.367  3.434
4.477  4.428  4.431  4.494  4.394  4.500  4.718  4.443  4.593  4.603  4.369  4.682  4.511  4.588  4.710  4.407  4.443  4.220  4.647  4.630  4.787  4.605  4.367  4.564  4.369  4.454  4.392  4.386  4.263  4.413  4.511  4.543  4.530  4.477  4.466  4.605  4.511  4.331  4.143  4.205  4.489  4.394
4.174  3.970  4.094  4.248  3.970  4.116  4.171  4.025  4.111  4.143  4.111  4.220  4.227  4.231  4.367  4.190  4.367  4.025  4.108  4.220  4.324  4.197  4.111  4.127  4.190  4.190  4.190  3.970  3.888  3.892  4.022  4.337  4.043  4.111  4.094  4.159  4.116  4.132  3.871  4.043  3.951  4.043
3.555  3.466  3.395  3.829  3.434  3.434  3.434  3.466  3.418  3.555  3.401  3.550  3.526  3.638  3.733  3.578  3.434  3.434  3.466  3.555  3.689  3.555  3.497  3.497  3.332  3.497  3.555  3.367  3.466  3.555  3.584  3.434  3.296  3.367  3.401  3.428  3.401  3.332  3.466  3.367  3.277  3.466
3.434  3.664  3.807  3.970  3.497  3.466  3.497  3.555  3.520  3.714  3.638  3.520  3.802  3.526  3.784  3.714  3.497  3.638  3.684  3.761  3.526  3.597  3.526  3.555  3.466  3.466  3.611  3.555  3.401  3.332  3.526  3.434  3.466  3.367  3.466  3.555  3.367  3.459  3.526  3.459  3.288  3.490
4.220  4.140  4.290  4.103  4.143  4.159  4.174  4.220  4.156  4.317  4.179  4.220  4.575  4.530  4.416  4.284  4.025  4.328  4.317  4.367  4.394  4.290  4.331  4.419  4.025  4.127  4.127  4.111  4.016  4.190  4.007  3.989  4.263  4.074  4.025  4.111  4.040  3.989  4.108  4.127  4.078  4.140
4.554  4.394  4.443  4.357  4.419  4.522  4.281  4.481  4.511  4.543  4.466  4.394  4.911  4.800  4.745  4.357  4.337  4.590  4.419  4.559  4.734  4.344  4.500  4.682  4.167  4.317  4.317  4.407  4.220  4.127  4.284  4.220  4.263  4.419  4.454  4.419  4.410  4.344  4.398  4.564  4.382  4.373
4.762  4.357  4.304  4.663  4.585  4.454  4.407  4.489  4.277  4.543  4.654  4.615  4.644  4.673  4.796  4.419  4.331  4.605  4.635  4.663  4.564  4.498  4.575  4.625  4.331  4.231  4.357  4.392  4.111  4.317  4.428  4.454  4.511  4.431  4.394  4.472  4.344  4.454  4.469  4.416  4.263  4.466
4.635  4.543  4.595  4.718  4.564  4.489  4.443  4.623  4.605  4.754  4.605  4.575  4.644  4.615  4.796  4.369  4.466  4.489  4.828  4.754  4.625  4.700  4.522  4.771  4.500  4.522  4.595  4.328  4.277  4.394  4.431  4.369  4.543  4.382  4.500  4.595  4.419  4.522  4.654  4.533  4.498  4.585
5.996  5.641  5.886  5.841  6.057  6.361  5.945  6.006  6.271  6.549  6.141  6.336  6.165  5.911  6.390  5.787  5.720  5.953  6.082  6.436  5.979  6.001  6.057  6.157  5.924  5.663  5.635  5.969  5.743  5.829  5.762  5.749  6.016  6.162  5.969  5.781  5.844  5.737  5.964  5.587  6.065  5.680
6.646  6.590  6.531  6.500  6.620  6.683  6.663  6.528  6.662  6.788  6.706  6.738  6.762  6.497  6.815  6.566  6.472  6.535  6.658  6.717  6.706  6.706  6.721  6.739  6.645  6.326  6.445  6.391  6.378  6.545  6.492  6.409  6.535  6.498  6.571  6.474  6.527  6.458  6.583  6.354  6.525  6.354
4.522  4.344  4.533  4.443  4.595  4.431  4.419  4.205  4.446  4.477  4.344  4.419  4.443  4.511  4.552  4.369  4.220  4.317  4.416  4.407  4.369  4.205  4.202  4.431  4.205  4.060  4.111  4.174  4.148  4.164  4.290  4.341  4.419  4.127  4.234  4.344  4.174  4.174  4.263  4.256  4.413  4.324
4.771  4.533  4.618  4.605  4.593  4.595  4.543  4.489  4.608  4.786  4.710  4.477  4.575  4.727  4.885  4.533  4.382  4.663  4.790  4.736  4.779  4.575  4.567  4.775  4.317  4.466  4.475  4.466  4.344  4.394  4.394  4.564  4.673  4.530  4.494  4.443  4.369  4.452  4.573  4.337  4.615  4.452
4.605  4.505  4.700  4.762  4.454  4.454  4.419  4.605  4.745  4.533  4.779  4.443  4.466  4.489  4.505  4.367  4.317  4.573  4.554  4.564  4.718  4.489  4.546  4.644  4.564  4.357  4.369  4.394  4.500  4.248  4.394  4.533  4.635  4.575  4.644  4.668  4.354  4.304  4.431  4.552  4.394  4.281
4.317  4.078  4.260  4.171  4.127  4.094  4.007  4.127  4.205  4.174  4.187  4.159  4.277  4.205  4.522  3.912  4.205  4.094  4.127  4.357  4.290  3.951  4.159  4.246  4.331  4.263  4.248  4.111  4.094  4.277  3.871  4.040  4.127  4.205  4.127  4.086  4.078  4.091  3.989  4.025  4.083  4.078
4.025  3.932  4.043  3.912  3.989  3.932  3.932  3.888  3.989  4.057  3.850  4.127  4.103  3.951  4.263  3.829  4.174  3.989  4.069  4.127  4.263  4.127  4.007  3.989  3.932  3.912  3.970  3.932  3.967  3.951  4.043  3.951  4.060  4.052  3.995  3.892  4.111  4.007  3.892  3.912  3.912  3.784
3.784  3.757  3.733  3.714  3.664  3.761  3.761  3.761  3.738  3.761  3.714  3.902  3.932  3.867  3.951  3.784  3.784  3.871  3.912  3.892  3.892  4.094  3.839  3.850  3.714  3.664  3.638  3.664  3.738  3.689  3.850  3.892  3.807  3.738  3.829  3.871  3.664  3.784  3.584  3.664  3.802  3.807
4.413  4.288  4.234  4.277  4.304  4.369  4.187  4.111  4.304  4.401  4.238  4.407  4.500  4.419  4.466  4.369  4.277  4.466  4.317  4.304  4.407  4.234  4.533  4.428  4.205  4.248  4.394  4.234  4.234  4.331  4.369  4.317  4.246  4.317  4.452  4.277  4.246  4.288  4.202  4.263  4.220  4.190
4.344  4.277  4.263  4.248  4.317  4.357  4.304  4.234  4.263  4.407  4.331  4.407  4.559  4.369  4.522  4.187  4.295  4.500  4.431  4.419  4.431  4.290  4.437  4.431  4.267  4.246  4.248  4.217  4.331  4.317  4.401  4.304  4.315  4.321  4.369  4.205  4.156  4.344  4.052  4.227  4.190  4.174
4.295  4.167  4.277  4.234  4.174  4.290  4.263  4.331  4.190  4.564  4.205  4.337  4.419  4.288  4.520  4.205  4.304  4.078  4.394  4.530  4.454  4.277  4.111  4.344  4.143  4.217  4.159  4.127  4.057  4.016  4.277  4.111  4.317  4.428  4.290  4.078  4.174  4.227  4.202  4.234  4.171  4.290
4.866  4.635  4.783  4.900  4.812  4.875  4.633  4.787  4.673  4.927  4.777  4.898  4.942  4.966  4.970  4.718  4.668  4.804  4.970  5.011  4.881  4.824  4.796  4.836  4.727  4.730  4.726  4.595  4.477  4.613  4.727  4.595  4.808  4.749  4.644  4.828  4.623  4.934  4.787  4.745  4.721  4.771
