6.798  6.707  6.682  6.517  6.704  6.822  6.790  6.709  6.878  6.903  6.772  6.901  6.868  6.762  6.843  6.755  6.552  6.689  6.792  6.575  6.777  6.649  6.701  6.758  6.631  6.677  6.676  6.616  6.500  6.573  6.671  6.425  6.571  6.743  6.690  6.710  6.784  6.603  6.449  6.690  6.527  6.688
5.451  5.557  5.384  5.106  5.324  5.460  5.525  5.489  5.704  5.568  5.620  5.620  5.505  5.521  5.609  5.384  5.307  5.342  5.478  5.159  5.568  5.587  5.438  5.663  5.352  5.347  5.447  5.165  5.268  5.236  5.375  5.193  5.130  5.429  5.455  5.384  5.425  5.215  4.956  5.198  4.977  5.204
4.562  4.159  4.331  4.143  4.489  4.605  4.419  4.477  4.315  4.705  4.625  4.635  4.605  4.552  4.771  4.394  3.970  4.454  4.564  4.361  4.492  4.317  4.220  4.373  4.263  4.363  4.382  4.341  4.004  4.357  4.543  4.111  4.317  4.224  4.431  4.419  4.382  4.394  4.394  4.357  4.317  4.536
3.367  3.555  3.332  3.434  3.434  3.367  3.450  3.434  3.434  3.434  3.219  3.459  3.332  3.526  3.497  3.466  3.497  3.401  3.490  3.738  3.555  3.332  3.367  3.401  3.401  3.434  3.401  3.325  3.250  3.367  3.367  3.497  3.526  3.325  3.332  3.401  3.367  3.434  3.219  3.258  3.258  3.367
5.922  5.679  5.800  5.632  5.956  5.922  5.852  5.869  5.875  5.753  5.817  5.165  5.985  5.775  5.966  5.727  5.545  5.922  5.802  5.707  5.753  5.749  5.642  5.710  5.561  5.659  5.414  5.631  5.293  5.288  5.635  5.375  5.361  5.587  5.631  5.666  5.690  5.642  5.635  5.793  5.421  5.749
4.363  4.357  4.277  4.234  4.466  4.443  4.248  4.431  4.304  4.394  4.505  3.780  4.543  4.575  4.603  4.416  4.078  4.304  4.357  4.357  4.331  4.274  4.341  4.494  3.970  4.205  4.078  4.060  4.078  3.761  4.407  4.043  3.951  4.274  4.190  4.253  4.234  4.263  4.394  4.344  4.111  4.263
6.029  5.622  5.980  5.799  5.907  5.935  5.784  5.989  5.999  6.122  5.948  6.084  6.035  5.823  6.061  5.714  5.485  5.919  6.063  5.868  5.737  5.545  5.591  5.606  5.697  5.730  5.656  5.730  5.193  5.421  5.552  5.333  5.787  5.758  5.656  5.743  5.623  5.876  5.814  5.775  5.802  5.878
4.762  4.625  4.798  4.431  4.812  4.605  4.700  4.682  4.642  4.997  4.734  4.796  4.961  4.625  4.836  4.454  4.382  4.644  4.800  4.673  4.712  4.466  4.644  4.477  4.585  4.500  4.489  4.335  4.220  4.241  4.419  4.127  4.454  4.575  4.590  4.625  4.380  4.489  4.431  4.428  4.317  4.595
6.798  6.348  6.676  6.751  6.872  6.771  6.400  6.644  6.603  6.774  6.746  6.777  6.731  6.674  6.905  6.402  6.236  6.678  6.751  6.598  6.501  6.330  6.397  6.260  6.516  6.460  6.280  6.457  5.919  6.151  6.196  6.366  6.516  6.454  6.323  6.448  6.270  6.772  6.680  6.626  6.383  6.530
4.407  4.248  4.407  4.440  4.605  4.494  4.321  4.454  4.256  4.481  4.567  4.369  4.562  4.635  4.840  4.321  4.277  4.290  4.522  4.407  4.605  4.407  4.454  4.595  4.263  4.086  4.212  4.217  3.761  4.078  4.099  4.217  4.317  4.263  4.140  4.315  4.043  4.241  4.511  4.335  4.231  4.248
5.892  5.357  5.696  5.670  5.753  5.688  5.437  5.647  5.802  5.846  5.696  5.775  5.976  5.730  5.768  5.521  5.425  5.787  5.700  5.876  5.468  5.293  5.493  5.493  5.591  5.768  5.457  5.609  5.303  5.182  5.371  5.303  5.557  5.489  5.384  5.553  5.438  5.624  5.576  5.684  5.613  5.670
3.932  3.850  3.738  3.892  4.007  3.947  3.611  3.824  3.951  4.069  4.007  4.040  4.151  4.111  3.989  3.807  3.850  3.829  4.043  4.007  3.892  3.850  3.892  3.871  3.970  3.951  3.714  3.784  3.689  3.578  3.714  3.611  3.932  3.807  3.947  3.850  3.689  3.850  3.780  3.912  3.850  3.802
5.595  5.011  5.421  5.347  5.476  5.444  5.043  5.466  5.268  5.501  5.389  5.447  5.472  5.429  5.437  5.115  4.779  5.497  5.476  5.398  4.970  4.970  5.123  5.106  5.050  5.187  5.080  5.288  4.663  5.004  4.836  4.796  5.170  5.043  4.963  5.153  5.069  5.247  5.267  5.352  5.176  5.421
4.277  3.829  4.143  4.143  4.143  3.985  3.807  3.970  3.989  4.277  4.111  4.091  4.190  4.078  4.060  3.784  3.951  3.989  4.263  4.315  4.263  3.932  3.871  3.970  3.902  4.034  3.846  3.784  3.584  3.824  3.829  3.784  3.850  3.761  3.932  4.094  3.761  4.007  3.829  3.829  3.829  4.025
4.787  4.489  4.699  4.505  4.852  4.875  4.543  4.820  4.638  5.037  4.812  4.905  4.997  4.673  5.063  4.554  4.357  4.905  4.956  4.786  4.677  4.419  4.754  4.754  4.481  4.498  4.511  4.559  4.220  4.284  4.413  4.094  4.489  4.543  4.511  4.718  4.489  4.663  4.625  4.585  4.454  4.727
3.466  3.466  3.466  3.434  3.497  3.466  3.332  3.367  3.578  3.555  3.526  3.434  3.550  3.638  3.867  3.497  3.689  3.466  3.611  3.651  3.584  3.611  3.638  3.714  3.550  3.611  3.497  3.367  3.401  3.401  3.444  3.497  3.526  3.611  3.555  3.434  3.434  3.434  3.434  3.332  3.520  3.434
5.342  5.164  5.300  5.242  5.428  5.533  5.425  5.352  5.500  5.487  5.272  5.429  5.549  5.373  5.549  5.243  5.142  5.273  5.481  5.300  5.345  5.236  5.293  5.357  5.303  5.209  5.226  5.381  5.215  5.262  5.268  5.075  5.236  5.416  5.405  5.501  5.451  5.379  5.303  5.242  5.243  5.394
3.761  3.738  3.780  3.761  3.714  3.761  3.738  3.784  3.928  3.892  3.829  3.738  3.951  3.908  4.025  3.714  4.025  3.780  3.807  3.961  4.022  3.761  3.850  3.970  3.689  3.714  3.738  3.839  3.638  3.780  3.651  3.714  3.745  3.846  3.829  3.989  3.689  3.892  3.807  3.632  3.689  3.791
5.808  5.403  5.617  5.545  5.746  5.673  5.303  5.638  5.606  5.746  5.759  5.652  5.787  5.684  5.778  5.561  5.290  5.864  5.757  5.620  5.407  5.338  5.438  5.568  5.273  5.421  5.384  5.631  5.100  5.182  5.368  5.088  5.595  5.476  5.313  5.580  5.301  5.756  5.663  5.700  5.361  5.545
4.754  4.620  4.605  4.511  4.663  4.673  4.382  4.605  4.615  4.745  4.615  4.605  4.682  4.654  4.710  4.489  4.317  4.718  4.625  4.654  4.613  4.522  4.533  4.654  4.464  4.304  4.477  4.460  4.143  4.234  4.331  4.357  4.509  4.682  4.369  4.431  4.443  4.477  4.419  4.585  4.331  4.407
5.903  5.602  5.704  5.652  5.905  5.790  5.572  5.835  5.844  5.826  5.790  5.881  5.861  5.858  5.872  5.700  5.451  5.897  5.905  5.889  5.635  5.635  5.756  5.817  5.557  5.724  5.694  5.824  5.468  5.521  5.656  5.429  5.620  5.743  5.666  5.680  5.617  5.808  5.606  5.591  5.613  4.007
4.060  4.267  4.060  4.143  4.174  4.205  3.970  4.127  4.290  4.190  3.989  4.357  4.234  4.304  4.357  3.951  4.060  4.043  4.357  4.248  4.205  4.111  4.190  4.304  4.263  4.159  4.060  3.951  3.928  3.951  3.850  3.989  4.078  4.007  4.174  4.248  3.932  4.159  4.060  3.714  4.043  3.332
