5.159  4.828  5.006  4.896  5.023  5.081  4.875  4.949  5.118  5.094  4.977  5.170  5.209  5.023  5.220  5.011  4.804  4.997  5.094  5.061  5.061  4.782  4.883  4.831  4.883  4.980  4.783  4.875  4.543  4.836  4.777  4.787  5.004  4.990  4.820  4.905  5.024  4.934  4.828  4.940  4.836  4.963
5.007  4.771  4.727  4.690  4.875  4.760  4.787  4.836  4.787  4.883  4.896  4.970  4.913  4.902  4.798  4.883  4.710  4.762  4.883  4.836  4.875  4.760  4.691  4.844  4.828  4.844  4.575  4.682  4.585  4.700  4.804  4.522  4.605  4.868  4.635  4.630  4.657  4.673  4.771  4.620  4.500  4.682
5.447  5.313  5.566  5.337  5.455  5.595  5.455  5.447  5.503  5.451  5.017  5.303  5.546  5.513  5.627  5.433  5.256  5.298  5.505  5.609  5.598  5.462  5.288  5.485  5.315  5.303  5.147  5.142  4.896  5.153  5.252  5.328  5.434  5.371  5.293  5.394  5.272  5.288  5.278  5.211  5.406  5.273
5.726  5.697  5.799  5.694  5.666  5.813  5.775  5.656  5.894  5.775  5.318  5.700  5.845  5.849  5.965  5.846  5.787  5.730  5.834  5.792  5.989  5.894  5.695  5.994  5.690  5.652  5.613  5.561  5.298  5.541  5.606  5.677  5.730  5.656  5.743  5.580  5.654  5.684  5.635  5.596  5.701  5.704
3.932  3.970  4.151  3.824  4.111  3.998  3.932  3.871  4.025  4.025  4.025  4.086  4.111  4.159  4.111  4.040  3.850  4.078  4.190  4.091  4.099  3.998  4.094  3.951  3.638  3.867  3.989  3.829  3.738  3.942  3.989  3.932  3.829  3.989  3.951  3.892  3.738  3.967  4.934  3.947  3.807  3.871
3.689  3.611  3.714  3.757  3.555  3.497  3.605  3.738  3.638  3.611  3.584  3.714  3.829  3.970  3.892  3.784  3.689  3.784  3.850  3.850  3.877  3.784  3.784  3.807  3.611  3.541  3.611  3.611  3.555  3.555  3.757  3.611  3.664  3.684  3.780  3.664  3.738  3.611  3.605  3.555  3.526  3.664
4.388  4.419  4.357  4.382  4.575  4.382  4.382  4.419  4.341  4.367  4.361  4.511  4.605  4.431  4.682  4.369  4.331  4.443  4.304  4.475  4.533  4.413  4.382  4.623  4.078  4.159  4.234  4.143  3.871  4.220  4.234  4.331  4.331  4.341  4.350  4.321  4.288  4.220  4.407  4.317  4.317  4.530
4.060  3.912  3.951  3.918  3.829  3.807  3.807  3.807  4.025  3.970  3.951  3.932  4.140  4.004  4.007  3.784  3.871  3.850  3.932  4.108  3.912  3.967  3.980  3.892  3.850  3.932  3.867  3.912  3.714  4.220  3.951  3.912  3.850  3.928  3.738  3.850  3.761  3.738  3.850  3.871  3.807  3.892
4.174  4.043  4.174  4.234  4.111  4.143  3.989  4.094  4.111  4.127  4.159  4.127  4.431  4.317  4.454  4.277  4.248  4.159  4.317  4.344  4.174  4.124  4.304  4.078  4.060  4.007  4.078  4.060  3.989  4.078  4.369  3.932  4.190  4.277  4.190  4.174  4.025  4.094  3.932  4.043  4.094  4.040
4.135  4.419  4.331  4.248  4.260  4.159  4.132  4.022  4.205  4.344  4.094  4.407  4.422  4.431  4.511  4.143  4.143  4.263  4.111  4.380  4.357  4.159  4.234  4.382  4.220  4.164  4.290  4.205  4.159  4.263  4.263  4.350  4.256  4.111  4.205  4.256  4.174  4.357  4.016  4.078  4.086  4.048
4.754  4.758  4.595  4.700  4.699  4.730  4.673  4.663  4.605  4.659  4.736  4.615  4.844  4.828  4.970  4.754  4.613  4.603  4.798  4.762  4.771  4.691  4.736  4.710  4.652  4.635  4.687  4.628  4.564  4.477  4.771  4.890  5.066  4.708  4.662  4.736  4.533  4.754  4.635  4.635  4.543  4.754
4.263  4.074  4.108  4.304  4.263  4.043  4.025  4.111  4.190  4.159  4.182  4.119  4.382  4.394  4.585  3.951  4.116  4.040  4.227  4.357  4.317  4.159  4.190  4.241  4.205  4.060  3.980  4.078  3.989  4.086  4.205  4.304  4.419  4.108  4.159  4.094  4.022  4.248  4.277  4.190  3.928  4.060
4.248  4.234  4.477  4.007  4.220  4.304  4.148  4.234  4.234  4.335  4.363  4.404  4.431  4.357  4.500  4.174  4.143  4.344  4.241  4.407  4.380  4.174  4.094  4.246  4.143  4.205  4.248  4.804  4.043  4.060  4.007  4.025  4.078  4.094  4.135  4.078  4.217  4.295  4.127  4.331  4.190  4.094
3.664  3.611  3.829  3.632  3.664  3.829  3.632  3.738  3.829  3.721  3.714  3.780  3.912  3.932  3.829  3.689  3.780  3.829  3.807  3.871  3.850  3.701  3.584  3.738  3.497  3.664  3.578  4.288  3.466  3.714  3.466  3.664  3.850  3.664  3.664  3.689  3.578  3.714  3.466  3.555  3.664  3.584
6.087  5.811  6.172  6.125  5.996  6.110  5.835  6.063  6.065  6.094  6.006  6.134  6.089  6.066  6.111  5.838  5.849  6.001  6.110  6.114  5.924  5.977  5.841  5.881  6.091  5.984  5.861  6.002  5.583  5.674  5.790  6.011  5.956  6.021  6.021  5.903  5.849  6.116  6.091  5.911  5.938  6.021
6.966  6.875  6.874  6.909  6.918  6.900  6.850  6.870  6.908  6.986  6.942  6.943  6.962  7.008  7.030  6.849  6.783  6.884  6.883  6.944  6.897  6.935  6.971  6.985  6.783  6.723  6.853  6.871  6.668  6.756  6.870  6.865  6.823  6.870  6.933  6.891  6.815  7.035  7.041  6.836  6.775  6.799
3.989  3.970  3.989  3.871  4.143  4.248  3.951  4.234  4.040  4.143  3.912  4.220  4.304  4.111  4.217  3.989  3.892  4.094  4.174  4.217  4.156  4.078  3.970  4.043  4.108  4.060  4.048  4.043  3.970  3.807  4.060  3.871  4.060  4.127  3.951  4.078  3.970  4.060  4.007  4.094  3.871  4.043
3.871  3.976  3.802  3.888  3.780  3.850  3.932  3.970  3.871  3.908  3.807  3.892  4.099  4.132  4.127  3.795  3.871  3.784  4.007  4.043  4.043  4.022  3.989  3.951  3.689  3.807  3.780  3.784  3.689  3.638  3.850  3.932  4.022  3.807  4.043  3.829  3.761  3.738  3.738  3.738  3.738  3.807
4.394  4.277  4.489  4.407  4.388  4.288  4.369  4.394  4.443  4.489  4.321  4.344  4.466  4.489  4.533  4.304  4.394  4.284  4.564  4.644  4.407  4.344  4.407  4.454  4.394  4.217  4.248  4.263  3.888  4.277  4.143  4.111  4.520  4.246  4.246  4.443  4.205  4.394  4.288  4.348  4.382  4.277
3.611  3.611  3.526  3.791  3.434  3.611  3.367  3.638  3.526  3.908  3.550  3.714  3.912  3.912  3.871  3.555  3.638  3.689  3.714  3.892  3.892  3.611  3.611  3.689  3.664  3.497  3.555  3.638  3.497  3.605  3.555  3.428  3.738  3.611  3.584  3.773  3.584  3.481  3.555  3.584  3.459  3.664
3.892  3.802  3.970  3.989  3.871  3.882  3.721  3.970  3.989  3.829  3.846  4.007  3.850  3.912  3.989  3.714  3.989  3.928  4.159  3.970  4.031  3.951  3.784  3.989  3.871  3.780  3.807  3.829  3.638  3.824  3.638  3.989  4.078  4.078  3.951  3.784  3.850  3.871  3.912  3.714  3.829  3.784
3.791  3.714  3.745  3.892  3.738  3.807  3.714  3.871  3.791  3.871  3.638  3.745  3.932  4.078  3.995  3.684  3.784  3.824  3.892  3.898  4.143  3.714  3.638  3.784  3.807  3.684  3.684  3.768  3.526  3.638  3.638  3.829  3.970  3.664  3.664  3.714  3.738  3.658  3.664  3.664  3.967  3.664
