5.342  5.063  5.061  5.230  5.088  5.159  5.242  5.236  5.402  5.375  5.263  5.293  5.308  5.215  5.338  5.100  5.247  5.124  5.338  5.147  5.298  5.288  5.143  5.257  5.257  4.990  5.142  5.181  5.133  5.153  5.323  5.193  5.278  4.997  5.352  5.153  5.130  5.220  5.153  5.024  5.136  5.153
4.890  4.890  4.564  4.942  4.762  4.762  4.949  4.700  4.927  4.990  4.868  4.812  4.904  4.852  4.905  4.691  4.844  4.635  4.874  4.700  4.796  4.852  4.691  4.700  5.525  4.700  4.554  4.718  4.605  4.691  4.920  4.727  4.691  4.635  4.875  4.828  4.500  4.820  4.682  4.533  4.585  4.700
4.762  4.610  4.663  4.590  4.671  4.883  4.762  4.682  4.786  4.874  4.533  4.673  4.700  4.595  4.691  4.875  4.635  4.477  4.787  4.575  4.691  4.605  4.575  4.628  4.514  4.533  4.477  4.477  4.331  4.500  4.654  4.663  4.644  4.541  4.727  4.654  4.554  4.718  4.454  4.598  4.595  4.635
6.427  6.159  6.358  6.239  6.308  6.457  6.454  6.395  6.415  6.453  6.360  6.506  6.428  6.213  6.415  6.261  6.284  6.223  6.380  6.260  6.492  6.264  6.246  6.254  6.225  6.188  6.269  6.290  6.084  6.159  6.244  6.269  6.323  6.340  6.359  6.319  6.454  6.354  6.257  6.313  6.269  6.312
4.263  4.246  4.263  4.369  4.295  4.344  4.454  4.331  4.369  4.486  4.357  4.357  4.428  4.369  4.533  4.382  4.220  4.440  4.564  4.431  4.533  4.248  4.425  4.344  4.290  4.331  4.187  4.174  4.124  4.382  4.328  4.248  4.270  4.212  4.295  4.234  4.344  4.407  4.369  4.260  4.344  4.205
4.644  4.522  4.573  4.564  4.431  4.595  4.718  4.682  4.564  4.654  4.668  4.708  4.769  4.585  4.828  4.595  4.708  4.452  4.718  4.654  4.868  4.727  4.710  4.603  4.554  4.500  4.562  4.633  4.357  4.585  4.498  4.511  4.527  4.603  4.533  4.533  4.605  4.489  4.625  4.503  4.466  4.595
4.718  4.443  4.452  4.522  4.691  4.625  4.575  4.663  4.640  4.924  4.934  4.868  4.836  4.732  4.690  4.520  4.630  4.573  4.644  4.477  4.615  4.570  4.464  4.635  4.477  4.522  4.394  4.564  4.248  4.431  4.511  4.466  4.376  4.505  4.440  4.564  4.533  4.554  4.431  4.407  4.460  4.635
3.784  3.861  3.638  3.738  3.714  3.761  3.638  3.871  3.824  3.970  3.761  3.807  3.932  3.850  4.004  3.689  3.689  3.829  3.829  3.784  3.807  3.784  3.829  3.839  3.555  3.689  3.761  3.664  3.497  3.750  3.671  3.689  3.989  3.714  3.689  3.761  3.664  3.761  3.689  3.714  3.584  3.807
3.773  3.638  3.932  3.861  3.714  3.738  3.638  3.738  3.638  3.932  3.611  3.709  3.738  3.807  3.912  3.584  3.784  3.761  3.738  3.871  3.846  3.664  3.714  3.584  3.738  3.638  3.578  3.466  3.497  3.611  3.664  3.689  3.791  3.520  3.638  3.784  3.434  3.689  3.714  3.611  3.526  3.664
3.401  3.475  3.555  3.578  3.520  3.434  3.497  3.497  3.466  3.401  3.526  3.555  3.714  3.541  3.584  3.526  3.714  3.555  3.638  3.638  3.638  3.555  3.434  3.526  3.434  3.526  3.526  3.466  3.401  3.555  3.401  3.611  3.555  3.611  3.466  3.459  3.434  3.401  3.526  3.258  3.367  3.401
4.786  4.593  4.765  4.836  4.804  4.779  4.771  4.760  4.745  4.844  4.787  4.934  4.812  4.835  4.992  4.644  4.554  4.475  4.836  4.890  4.844  4.691  4.771  4.673  4.625  4.554  4.492  4.452  4.369  4.413  4.668  4.530  4.666  4.828  4.691  4.710  4.736  4.663  4.671  4.575  4.625  4.745
4.094  3.989  4.190  4.127  4.124  3.970  3.892  4.317  3.951  4.202  3.947  4.159  4.078  4.190  4.248  4.281  4.094  4.004  3.989  4.127  4.094  3.892  3.951  4.099  3.807  3.807  3.932  3.761  3.738  3.957  3.970  3.912  4.148  3.871  4.016  3.912  3.970  4.060  3.761  4.007  3.892  4.025
4.836  4.671  4.796  4.828  4.691  4.615  4.754  4.615  4.625  4.913  4.905  4.727  4.881  4.828  4.804  4.659  4.595  4.752  4.836  4.836  4.868  4.787  4.771  4.947  4.710  4.466  4.812  4.605  4.522  4.533  4.804  4.852  4.875  4.644  4.700  4.718  4.654  4.860  4.796  4.573  4.595  4.663
4.331  4.159  4.248  4.094  4.190  4.140  4.078  4.220  4.127  4.431  4.234  4.344  4.277  4.111  4.263  4.083  4.220  4.277  4.220  4.382  4.260  4.205  4.234  4.335  4.007  4.078  4.174  4.025  4.174  3.951  4.127  4.143  4.388  4.159  4.220  4.127  4.043  4.220  4.274  4.159  4.135  4.043
3.871  3.932  4.007  3.892  3.932  3.829  3.985  3.947  3.850  4.108  3.714  4.025  3.912  3.784  4.124  3.892  3.932  3.839  3.989  4.007  4.174  4.212  3.912  3.989  3.918  3.829  3.689  3.761  3.738  3.738  3.689  3.970  4.031  3.857  3.995  3.761  3.877  3.664  3.497  3.912  3.761  3.850
3.892  3.892  4.025  4.043  4.025  3.989  4.094  4.078  4.025  4.078  3.912  4.025  4.025  4.078  4.159  3.802  4.007  3.989  4.007  4.220  4.164  4.127  3.912  4.159  3.912  3.714  3.824  3.871  3.850  3.857  3.784  3.970  3.829  3.932  4.174  3.898  4.007  3.932  3.892  3.928  3.912  3.961
3.401  3.466  3.434  3.296  3.584  3.434  3.401  3.555  3.401  3.555  3.219  3.555  3.664  3.701  3.526  3.434  3.497  3.434  3.466  3.658  3.584  3.497  3.526  3.555  3.401  3.367  3.512  3.584  3.401  3.332  3.466  3.497  3.466  3.512  3.466  3.401  3.401  3.434  3.384  3.434  3.332  3.497
3.497  3.497  3.490  3.332  3.401  3.332  3.367  3.367  3.258  3.466  3.288  3.497  3.578  3.638  3.401  3.367  3.584  3.434  3.526  3.684  3.526  3.434  3.466  3.466  3.325  3.401  3.296  3.434  3.367  3.481  3.332  3.497  3.497  3.512  3.258  3.401  3.401  3.332  3.258  3.401  3.367  3.611
5.147  4.811  4.990  5.069  5.050  4.875  4.984  5.029  4.952  5.093  4.994  5.081  5.181  5.085  5.178  5.011  4.804  4.812  5.106  5.142  5.100  4.868  4.898  5.088  4.860  4.820  4.828  4.963  4.794  4.745  4.904  5.037  4.883  4.812  5.159  4.934  4.754  4.945  4.984  4.820  4.919  4.754
5.656  5.680  5.587  5.743  5.710  5.576  5.631  5.568  5.661  5.759  5.690  5.748  5.795  5.649  5.770  5.587  5.617  5.496  5.717  5.697  5.756  5.678  5.700  5.832  5.493  5.576  5.617  5.553  5.513  5.577  5.580  5.656  5.663  5.687  5.717  5.661  5.541  5.620  5.489  5.576  5.563  5.553
3.750  3.750  4.159  3.761  3.846  3.784  3.892  3.780  3.951  3.738  3.888  3.871  3.871  4.007  4.094  3.757  3.947  3.892  3.932  3.995  3.871  3.928  3.701  3.638  3.850  3.689  3.738  4.315  3.497  3.761  3.714  3.733  3.892  3.761  3.761  3.750  3.761  3.684  3.584  3.738  3.709  3.696
3.497  3.555  3.807  3.497  3.401  3.466  3.497  3.526  3.611  3.526  3.592  3.526  3.555  3.802  3.497  3.624  3.584  3.584  3.605  3.738  3.526  3.714  3.526  3.638  3.395  3.401  3.555  3.761  3.434  3.664  3.459  3.401  3.611  3.401  3.555  3.584  3.428  3.401  3.401  3.296  3.714  3.332
