4.934  4.828  4.879  4.816  4.762  4.710  4.913  4.860  4.970  5.108  5.063  4.952  4.875  4.905  4.904  4.860  4.407  4.762  4.585  4.736  4.945  4.691  4.820  4.812  4.595  4.663  4.575  4.588  4.357  4.575  4.635  4.564  4.673  4.511  4.673  4.700  4.796  4.696  4.754  4.554  4.642  4.710
4.798  5.094  4.860  4.804  4.771  4.874  4.802  4.804  4.905  5.127  4.883  5.011  4.982  4.745  4.937  4.804  4.475  4.806  4.762  4.769  4.782  4.745  4.836  4.898  4.736  4.644  4.673  4.663  4.522  4.638  4.710  4.712  4.796  4.654  4.691  4.820  4.595  4.691  4.804  4.642  4.700  4.920
5.583  5.497  5.525  5.389  5.371  5.490  5.384  4.984  5.407  5.472  4.734  5.247  5.429  5.189  5.198  5.375  5.366  5.341  5.366  5.421  5.533  5.557  5.288  5.624  5.264  5.380  5.153  5.225  5.135  5.112  4.881  5.093  5.328  5.303  5.112  5.421  5.327  5.256  5.291  5.293  5.081  5.193
5.081  5.030  5.058  5.081  5.037  5.118  5.130  4.754  5.124  5.023  4.585  4.905  5.056  4.949  4.852  4.970  4.986  4.949  5.043  5.037  5.215  5.182  5.023  5.268  4.779  4.796  4.890  4.913  4.970  4.804  4.743  4.754  5.074  5.024  4.779  5.124  5.075  4.820  4.977  4.898  4.663  4.710
5.024  4.947  5.056  4.984  4.890  4.860  4.875  5.036  4.905  4.907  4.852  5.088  5.037  4.905  5.050  4.812  4.718  4.804  4.927  4.913  5.061  4.977  4.836  4.905  4.860  4.790  4.844  4.718  4.659  4.727  4.864  4.868  4.736  5.056  4.990  4.984  4.802  4.854  4.796  4.771  4.771  4.852
4.970  4.890  5.013  4.654  4.994  4.804  4.864  4.958  4.844  4.973  5.011  4.987  4.970  4.920  5.011  4.927  4.762  4.934  4.898  4.832  4.896  4.970  4.934  5.030  4.691  4.663  4.920  4.736  4.743  4.844  5.209  4.760  4.654  4.804  4.868  4.860  4.812  4.874  4.852  4.904  4.743  4.700
4.680  4.543  4.593  4.522  4.533  4.567  4.762  4.700  4.673  4.762  4.635  4.736  4.644  4.673  4.726  4.654  4.779  4.525  4.787  4.700  4.883  4.710  4.691  4.760  4.543  4.554  4.394  4.454  4.369  4.394  4.654  4.635  4.511  4.603  4.595  4.595  4.700  4.466  4.443  4.466  4.431  4.605
5.152  4.990  4.940  4.934  5.111  5.061  5.072  5.049  5.083  5.182  4.992  5.124  5.254  5.017  5.136  5.106  5.043  5.069  5.164  5.112  5.056  5.094  4.977  4.999  4.852  4.820  4.852  4.868  4.613  4.723  5.004  4.942  4.868  4.905  4.885  4.956  4.875  4.997  4.984  4.979  4.820  5.056
6.082  5.896  5.966  6.096  6.050  6.125  6.035  6.100  6.043  6.109  6.032  6.138  5.974  5.988  6.100  5.981  5.938  5.746  6.146  6.089  6.125  6.050  5.888  5.897  5.976  5.991  5.930  5.804  5.666  5.784  6.066  5.953  6.023  6.008  6.073  5.945  5.932  6.011  5.886  5.808  6.016  5.943
4.802  4.615  4.844  4.968  4.844  5.009  4.977  4.942  4.977  5.023  4.663  5.014  4.920  4.710  4.868  4.823  5.017  4.500  5.096  4.956  5.106  4.920  4.860  4.852  4.812  4.804  4.552  4.536  4.552  4.691  4.585  4.754  4.883  4.727  4.710  4.777  4.745  4.754  4.771  4.668  4.771  4.796
4.905  4.820  4.828  4.796  4.644  4.868  4.779  4.696  4.844  4.796  4.605  4.898  4.898  4.635  4.828  4.710  4.654  4.625  4.868  4.913  4.828  4.920  4.754  4.736  4.754  4.663  4.533  4.382  4.500  4.543  4.700  4.613  4.875  4.756  4.771  4.694  4.533  4.554  4.685  4.580  4.644  4.673
4.231  4.111  4.143  4.301  4.202  4.187  4.174  3.989  4.143  4.094  4.202  4.220  4.174  3.998  4.331  4.094  4.205  4.060  4.205  4.263  4.248  4.263  4.143  4.248  4.174  4.078  4.108  4.025  3.850  3.970  4.094  4.057  4.124  4.022  4.127  4.004  4.143  4.143  3.912  3.989  3.951  4.248
4.416  4.174  4.288  4.301  4.209  4.248  4.143  4.290  4.317  4.454  4.317  4.344  4.511  4.317  4.454  4.171  4.156  4.277  4.304  4.361  4.344  4.277  4.190  4.202  4.174  4.290  4.248  4.099  4.078  4.205  4.060  4.025  4.174  4.205  4.277  4.156  4.304  4.304  4.220  4.025  4.127  4.111
3.922  3.898  3.829  3.892  3.912  3.784  3.871  3.932  3.932  4.127  3.871  4.043  4.111  4.007  4.174  3.951  3.989  3.951  3.871  4.167  3.951  4.043  3.850  4.025  3.850  3.829  3.892  3.892  3.850  3.714  3.850  3.738  4.025  3.714  3.995  3.871  3.892  3.714  3.761  3.638  3.689  3.912
4.277  3.912  4.091  4.094  4.205  4.111  4.159  4.094  4.111  4.091  4.060  4.124  4.234  4.246  4.401  3.912  3.912  4.190  4.111  4.127  4.159  4.025  3.932  4.202  3.970  3.892  3.932  4.013  3.761  3.807  3.871  3.985  4.031  3.932  3.867  4.171  3.829  3.892  4.103  3.888  3.738  3.985
4.431  4.205  4.317  4.514  4.369  4.290  4.220  4.357  6.163  4.419  4.248  4.431  4.554  4.367  4.625  4.220  4.205  4.190  4.543  4.511  4.477  4.304  4.443  4.472  4.202  4.111  4.127  4.127  4.007  4.094  4.220  4.277  4.220  4.205  4.277  4.369  4.174  4.344  4.382  4.224  4.248  4.094
5.182  5.209  5.212  5.380  5.316  5.130  5.130  5.112  5.236  5.334  5.264  5.313  5.352  5.263  5.398  5.198  5.252  5.198  5.247  5.187  5.306  5.231  5.100  5.297  5.139  5.063  5.068  4.970  4.883  5.050  5.159  5.176  5.124  5.182  5.207  5.273  5.106  5.112  5.268  5.182  5.106  5.166
4.304  4.341  4.234  4.354  4.304  4.187  4.159  4.248  4.248  4.419  4.331  4.317  4.428  4.263  4.419  4.111  4.124  4.248  4.422  4.248  4.344  4.246  4.190  4.263  4.099  4.127  4.078  4.151  4.140  4.127  4.143  4.217  4.357  4.127  4.127  4.317  4.091  4.159  4.078  4.111  4.151  4.209
4.248  4.159  4.234  4.248  4.151  4.174  4.007  4.277  4.238  4.454  4.335  4.248  4.575  4.533  4.620  4.057  4.143  4.290  4.369  4.425  4.277  4.205  4.331  4.263  4.043  4.108  4.179  4.007  3.970  4.060  4.057  4.190  4.205  4.111  4.078  4.209  4.022  4.159  4.127  4.190  3.967  4.060
4.034  3.871  4.007  4.060  4.078  3.892  3.871  4.060  3.932  4.248  4.143  4.248  4.449  4.394  4.466  3.850  4.111  4.127  4.022  4.227  4.143  4.052  4.205  4.060  3.970  3.980  3.951  3.829  3.947  3.780  3.850  4.060  4.094  4.094  3.989  4.060  3.892  4.078  4.025  4.007  3.892  4.007
4.394  4.246  4.248  4.304  4.190  4.094  4.234  4.335  4.190  4.263  4.231  4.357  4.317  4.419  4.274  4.234  4.187  4.308  4.277  4.419  4.357  4.263  4.159  4.357  4.234  4.052  4.212  4.025  4.159  4.043  4.111  4.220  4.357  4.220  4.174  4.270  4.151  4.205  4.220  4.078  4.127  4.290
4.159  4.248  4.174  4.248  4.205  4.078  4.078  4.190  4.111  4.341  4.124  4.248  4.248  4.317  4.234  4.190  4.159  4.111  4.357  4.369  4.205  4.174  4.043  4.159  4.094  4.060  4.174  4.151  4.111  4.094  3.970  4.174  4.220  4.217  4.202  4.069  4.099  4.127  4.143  4.007  4.248  4.171
