4.174  4.174  3.980  4.007  3.892  4.094  4.060  4.078  4.111  4.174  4.156  4.143  4.304  4.143  4.220  4.094  4.025  3.970  4.143  4.234  4.007  4.103  4.190  4.094  3.780  3.932  4.025  3.912  3.689  3.882  3.912  4.159  3.989  4.127  3.951  4.043  3.912  4.111  3.989  4.007  3.951  3.892
3.807  3.908  3.829  3.784  3.951  3.932  3.664  3.738  3.784  3.970  3.867  3.912  4.083  4.103  3.912  3.912  3.932  3.761  3.738  3.957  3.839  3.951  3.892  3.892  3.784  3.768  3.733  3.892  3.784  3.738  3.761  4.007  3.784  3.824  3.829  3.871  3.784  3.714  3.871  3.676  3.638  3.664
4.649  4.357  5.059  4.564  4.431  4.663  4.500  4.533  4.691  4.777  4.317  4.705  4.554  4.533  4.787  4.369  4.454  4.977  4.605  4.691  4.721  4.511  4.530  4.787  4.331  4.304  4.331  4.419  4.060  4.511  4.263  4.500  4.605  4.443  4.483  4.511  4.263  4.419  4.481  4.369  4.486  4.511
4.248  3.989  4.783  4.174  4.205  4.520  4.159  4.205  4.159  4.514  4.007  4.373  4.290  4.234  4.477  4.317  4.043  4.511  4.290  4.290  4.481  4.234  4.246  4.690  4.124  4.060  4.078  4.220  3.970  4.503  4.159  4.263  4.174  4.007  4.253  4.234  4.174  4.156  3.829  4.127  4.331  4.404
4.894  4.883  4.827  4.828  4.796  4.682  4.832  4.827  4.828  4.913  4.762  4.905  4.970  4.836  5.050  4.796  4.727  4.682  4.883  4.812  4.934  4.796  4.896  4.904  4.628  4.595  4.585  4.562  4.573  4.570  4.682  4.700  4.691  4.804  4.654  4.779  4.644  4.644  4.554  4.654  4.500  4.663
4.234  4.277  4.404  4.509  4.431  4.263  4.394  4.357  4.516  4.472  4.256  4.404  4.511  4.431  4.615  4.248  4.277  4.304  4.394  4.522  4.505  4.369  4.324  4.522  4.143  4.135  4.284  4.111  4.143  4.034  4.094  4.328  4.350  4.220  4.344  4.277  4.205  4.217  4.205  4.263  4.205  4.167
4.905  4.804  4.990  4.947  4.949  4.808  4.820  4.956  4.920  5.165  4.927  4.963  5.075  5.056  5.278  4.771  4.904  4.894  5.100  5.071  5.081  4.883  4.956  4.779  4.898  4.920  4.779  4.875  4.832  4.816  4.828  4.947  4.990  4.883  4.875  4.860  4.945  5.011  5.032  4.736  4.905  4.718
5.438  5.318  5.206  5.429  5.298  5.254  5.226  5.283  5.147  5.429  5.303  5.352  5.416  5.368  5.481  5.142  5.283  5.255  5.445  5.485  5.375  5.288  5.302  5.384  5.182  5.106  5.094  5.017  5.023  5.004  5.363  5.268  5.297  5.303  5.357  5.247  5.169  5.342  5.182  5.064  5.303  5.187
4.808  4.942  4.866  5.094  4.804  4.966  4.860  4.905  4.875  5.050  5.017  4.982  5.075  4.975  5.187  4.907  4.783  4.875  5.024  4.905  5.187  4.927  4.828  4.902  4.710  4.663  4.625  4.828  4.477  4.710  4.916  4.732  4.820  4.812  4.852  4.831  4.663  4.963  5.024  4.749  4.718  4.812
4.717  4.820  4.700  4.779  4.754  4.762  4.850  4.541  4.959  4.860  4.963  4.852  4.972  4.952  4.896  4.798  4.625  4.642  4.868  4.779  5.056  4.710  4.920  4.970  4.691  4.615  4.466  4.454  4.344  4.575  4.703  4.771  4.682  4.682  4.779  4.595  4.605  4.804  4.691  4.610  4.585  4.533
6.970  6.677  6.778  6.795  6.806  6.815  6.594  6.762  6.737  6.853  6.801  6.832  6.988  6.808  6.839  6.715  6.769  6.738  6.750  6.946  6.645  6.729  6.765  6.739  6.632  6.777  6.653  6.721  6.636  6.586  6.711  6.551  6.677  6.763  6.681  6.733  6.640  6.792  6.797  6.773  6.612  6.693
6.491  6.155  6.236  6.246  6.223  6.308  6.155  6.250  6.238  6.409  6.328  6.331  6.491  6.323  6.361  6.260  6.284  6.297  6.288  6.475  6.271  6.265  6.286  6.273  6.116  6.190  6.211  6.102  6.113  6.069  6.221  6.118  6.234  6.248  6.248  6.271  6.284  6.330  6.259  6.280  6.153  6.225
5.075  5.142  4.975  5.081  5.004  4.992  4.942  4.970  4.927  5.112  5.170  5.050  5.278  5.053  5.088  4.997  5.030  5.011  5.069  5.081  5.109  5.050  5.011  5.100  4.866  4.890  4.828  4.844  4.718  4.881  5.130  5.030  5.043  4.875  5.021  4.942  4.959  5.037  5.112  4.970  4.796  4.989
4.317  4.443  4.248  4.248  4.452  4.277  4.174  4.369  4.263  4.407  4.608  4.159  4.522  4.443  4.407  4.477  4.454  4.554  4.500  4.394  4.595  4.382  4.509  4.554  4.263  4.263  4.407  4.344  4.143  4.388  4.422  4.290  4.290  4.317  4.260  4.477  4.290  4.277  4.220  4.317  4.354  4.156
5.030  4.804  5.068  4.990  5.037  4.977  4.956  4.977  4.963  5.117  5.068  5.118  5.081  5.094  5.193  4.927  4.905  5.016  5.153  5.142  5.100  4.844  5.032  4.920  4.820  4.947  4.977  4.812  4.736  4.682  4.904  4.815  4.982  5.017  4.970  4.929  4.852  4.970  4.779  4.835  4.852  4.754
4.454  4.464  4.290  4.458  4.431  4.304  4.277  4.220  4.477  4.394  4.220  4.615  4.382  4.466  4.466  4.382  4.431  4.404  4.511  4.454  4.710  4.367  4.270  4.741  4.431  4.315  4.337  4.043  4.094  4.357  3.989  4.179  4.552  4.460  4.369  4.159  4.205  4.277  4.143  4.263  4.533  4.234
4.595  4.500  4.440  4.486  4.533  4.419  4.443  4.404  4.538  4.431  4.466  4.575  4.654  4.663  4.680  4.509  4.431  4.564  4.595  4.736  4.625  4.443  4.511  4.466  4.522  4.394  4.394  4.382  4.127  4.341  4.419  4.331  4.511  4.454  4.443  4.466  4.234  4.466  4.304  4.317  4.469  4.500
4.828  4.585  4.710  4.682  4.949  4.883  4.779  4.500  4.820  5.088  4.866  4.913  5.075  4.911  5.100  4.710  4.811  4.771  4.949  4.958  4.804  4.779  4.927  4.836  4.620  4.741  4.812  4.727  4.815  4.644  4.677  4.727  4.635  4.808  4.710  4.710  4.640  4.860  4.718  4.827  4.718  4.717
4.934  4.800  4.894  4.758  4.913  4.887  4.691  4.927  4.828  4.844  4.927  4.843  4.898  5.017  5.019  4.760  4.804  4.864  5.006  4.982  5.043  4.745  4.835  4.929  4.718  4.762  4.828  4.727  4.590  4.705  4.796  4.736  4.787  4.836  4.860  4.673  4.682  4.868  4.934  4.682  4.726  4.644
5.826  5.706  5.829  5.591  5.703  5.595  5.565  5.545  5.690  5.897  5.793  5.704  5.762  5.724  5.817  5.557  5.525  5.580  5.759  5.846  5.691  5.609  5.620  5.723  5.395  5.509  5.589  5.472  5.587  5.555  5.471  5.591  5.576  5.706  5.663  5.649  5.545  5.624  5.553  5.690  5.557  5.642
4.500  4.382  4.419  4.466  4.357  4.407  4.301  4.382  4.407  4.500  4.382  4.466  4.466  4.663  4.533  4.466  4.489  4.483  4.454  4.543  4.654  4.407  4.452  4.522  4.315  4.369  4.443  4.369  4.357  4.369  4.373  4.419  4.407  4.301  4.277  4.564  4.344  4.304  4.541  4.392  4.205  4.357
3.714  3.829  3.784  3.871  3.761  3.970  3.850  3.773  3.761  4.004  3.632  3.989  4.007  4.043  3.850  3.761  3.829  3.850  3.970  3.912  3.970  3.871  3.912  3.689  3.802  3.892  3.714  3.761  3.638  3.784  3.638  3.761  3.738  3.664  3.824  3.970  3.714  3.967  3.807  3.807  3.802  3.807
