4.615  4.595  4.843  4.623  4.570  4.824  4.595  4.625  4.682  4.625  4.635  4.812  4.787  4.489  4.860  4.654  4.804  4.647  4.615  4.663  4.984  4.820  4.673  4.575  4.673  4.511  4.543  4.469  4.382  4.595  4.543  4.727  4.712  4.727  4.700  4.635  4.536  4.700  4.443  4.543  4.782  4.663
5.666  5.493  5.557  5.544  5.352  5.517  5.652  5.556  5.656  5.652  5.585  5.714  5.617  5.489  5.673  5.493  5.545  5.553  5.663  5.595  5.740  5.572  5.549  5.565  5.620  5.537  5.242  5.273  5.170  5.328  5.328  5.583  5.427  5.620  5.497  5.525  5.460  5.447  5.420  5.252  5.357  5.541
4.382  4.086  4.060  4.331  4.143  4.127  4.078  4.127  4.143  4.234  4.124  4.304  4.357  4.220  4.357  4.248  4.007  4.143  4.159  4.394  4.111  4.143  4.078  4.094  4.025  4.143  3.829  3.912  4.007  3.912  4.140  3.888  4.025  4.007  3.989  4.043  4.143  4.190  4.043  4.094  3.871  4.119
4.489  4.277  4.431  4.369  4.331  4.369  4.205  4.220  4.357  4.477  4.341  4.588  4.443  4.394  4.500  4.443  4.174  4.304  4.431  4.404  4.428  4.234  4.304  4.344  3.932  4.060  4.234  4.140  4.078  4.078  4.205  4.190  4.317  4.205  4.124  4.140  4.234  4.382  4.205  4.194  4.043  4.231
5.659  5.460  5.407  5.407  5.361  5.366  5.451  5.497  5.342  5.652  5.416  5.482  5.389  5.595  5.464  5.468  5.247  5.366  5.342  5.499  5.485  5.298  5.337  5.384  5.364  5.323  5.278  5.257  5.220  5.226  5.342  5.303  5.433  5.389  5.525  5.327  5.421  5.301  5.257  5.412  5.244  5.378
6.779  6.579  6.701  6.605  6.669  6.627  6.680  6.702  6.630  6.819  6.787  6.746  6.673  6.532  6.714  6.528  6.444  6.641  6.671  6.605  6.692  6.589  6.609  6.659  6.481  6.500  6.404  6.461  6.360  6.466  6.589  6.535  6.423  6.612  6.583  6.523  6.593  6.557  6.582  6.547  6.491  6.544
5.268  5.204  5.308  5.278  5.182  5.262  5.273  5.371  5.313  5.375  5.236  5.451  5.412  5.183  5.384  5.170  5.273  5.039  5.366  5.262  5.471  5.447  5.290  5.390  5.136  5.049  5.147  5.050  5.080  5.124  5.078  5.124  5.255  5.170  5.338  5.209  5.165  5.223  5.204  5.094  5.056  5.288
4.605  4.564  4.522  4.425  4.477  4.477  4.564  4.615  4.394  4.771  4.522  4.635  4.638  4.543  4.690  4.407  4.625  4.277  4.663  4.575  4.509  4.699  4.522  4.644  4.431  4.489  4.357  4.344  4.469  4.500  4.234  4.511  4.413  4.585  4.554  4.644  4.533  4.344  4.431  4.331  4.369  4.454
3.951  3.951  3.761  3.638  3.970  3.750  3.951  4.007  3.802  4.004  3.689  3.850  3.892  3.912  3.932  3.835  3.784  3.807  3.918  4.060  3.976  3.951  3.784  3.850  3.784  3.795  3.780  3.757  3.714  3.605  3.850  3.829  3.714  3.714  3.738  3.761  3.892  3.871  3.807  3.784  3.714  3.689
3.784  3.850  3.780  3.738  3.664  3.932  3.871  3.989  3.738  3.784  3.689  3.807  4.066  3.912  3.951  3.932  3.761  3.807  3.888  3.967  3.846  3.807  3.714  4.007  3.664  3.709  3.689  3.714  3.526  3.684  3.761  3.738  3.726  3.738  3.638  3.829  3.714  3.738  3.664  3.611  3.611  3.555
5.412  5.361  5.914  5.371  5.333  5.620  5.568  5.333  5.492  5.587  5.484  5.553  5.561  5.361  5.464  5.252  5.293  5.476  5.746  5.447  5.785  5.442  5.389  5.727  5.422  5.252  5.159  5.165  4.990  5.537  5.239  5.298  5.541  5.193  5.465  5.278  5.366  5.204  5.366  5.142  5.313  5.288
4.977  4.511  5.656  4.779  4.812  5.007  4.554  4.625  4.836  4.673  4.779  4.828  4.739  4.454  4.812  4.625  4.862  4.777  5.159  4.769  5.255  4.963  4.585  5.182  4.593  4.533  4.644  4.511  4.522  5.187  4.522  4.745  5.017  4.691  4.659  4.673  4.779  4.357  4.593  4.454  4.649  4.554
4.654  4.407  4.466  4.369  4.615  4.500  4.564  4.290  4.608  4.779  4.460  4.663  4.382  4.500  4.593  4.615  4.290  4.317  4.554  4.522  4.477  4.454  4.522  4.511  4.263  4.231  4.407  4.190  4.335  4.357  4.281  4.394  4.477  4.394  4.570  4.350  4.304  4.317  4.505  4.209  4.404  4.304
4.843  4.644  4.666  4.605  4.762  4.977  4.820  4.644  4.990  4.927  4.554  4.787  4.691  4.682  4.831  4.633  4.615  4.794  4.920  4.977  4.820  4.663  4.522  4.804  4.503  4.317  4.536  4.401  4.344  4.671  4.564  4.605  4.942  4.595  4.635  4.530  4.454  4.585  4.625  4.564  4.677  4.554
5.037  4.934  4.977  4.852  4.736  4.804  4.883  4.868  4.963  5.056  4.858  4.947  4.920  5.024  5.004  4.864  4.812  4.802  4.963  4.949  5.004  4.850  4.852  5.016  4.786  4.736  4.727  4.633  4.787  4.700  4.920  4.909  4.796  4.963  5.004  5.118  5.106  5.088  4.990  4.717  4.564  4.806
4.369  4.248  4.263  4.407  4.367  4.220  4.043  4.159  4.043  4.317  4.348  4.382  4.416  4.248  4.317  4.301  4.190  4.143  4.263  4.357  4.392  4.369  4.369  4.422  4.060  4.127  4.248  4.052  4.060  4.094  4.274  4.202  4.190  4.317  4.290  4.220  4.190  4.277  4.091  4.190  4.043  4.094
6.413  6.001  6.230  6.303  6.209  6.136  5.989  6.125  6.089  6.396  6.371  6.186  6.248  6.142  6.310  6.011  6.047  6.145  6.256  6.277  6.153  6.033  5.967  6.035  5.894  5.905  5.925  5.858  5.710  5.704  5.949  6.120  6.064  6.018  6.136  6.086  6.021  6.330  6.267  6.151  6.020  5.953
6.646  6.430  6.491  6.639  6.535  6.519  6.399  6.404  6.393  6.624  6.608  6.548  6.603  6.524  6.634  6.346  6.356  6.454  6.524  6.615  6.509  6.413  6.379  6.447  6.322  6.348  6.330  6.292  6.102  6.144  6.368  6.370  6.482  6.376  6.407  6.475  6.335  6.636  6.635  6.466  6.352  6.330
5.463  5.176  5.313  5.438  5.497  5.323  5.133  5.382  5.228  5.454  5.455  5.403  5.416  5.384  5.461  5.316  5.135  5.313  5.451  5.488  5.384  5.300  5.321  5.412  5.170  5.206  5.030  5.197  5.017  5.081  5.328  5.242  5.360  5.268  5.293  5.323  5.158  5.328  5.342  5.363  5.313  5.357
4.977  4.812  5.011  5.056  4.956  4.779  4.771  4.920  4.956  5.011  5.024  4.970  4.997  4.984  5.050  4.771  4.811  4.913  4.949  5.011  5.159  4.942  4.883  4.997  4.771  5.004  4.758  4.682  4.691  4.654  4.691  4.718  4.913  4.787  4.796  4.896  4.862  4.852  4.920  4.673  4.812  4.812
4.078  4.094  4.086  4.025  4.043  3.892  4.174  4.094  4.171  4.171  4.127  4.156  4.398  4.454  4.337  4.174  4.124  4.135  4.217  4.295  4.205  4.431  4.290  4.382  4.025  4.182  4.267  4.127  4.331  3.985  4.263  4.094  4.124  4.094  4.190  4.025  4.108  4.057  4.031  3.611  3.976  4.263
3.824  3.761  3.784  3.892  3.761  3.761  3.684  3.784  3.835  3.839  3.761  3.846  4.025  4.091  4.048  3.761  3.951  3.714  4.004  4.031  3.892  3.829  3.761  3.807  3.850  3.835  3.824  3.689  3.664  3.632  3.761  3.835  3.888  3.918  3.738  3.684  3.738  3.780  3.684  3.871  3.867  3.780
