7.555  7.338  7.386  7.212  7.449  7.540  7.426  7.292  7.439  7.383  7.296  7.288  7.467  7.454  7.320  7.427  7.193  7.507  7.467  7.375  7.438  7.333  7.341  7.328  7.388  7.364  7.286  7.397  7.124  7.142  7.129  7.110  7.250  7.464  7.180  7.383  7.487  7.404  7.330  7.441  7.191  7.388
8.311  8.084  8.170  8.060  8.147  8.216  8.116  8.170  8.183  8.287  8.278  8.205  8.193  8.179  8.195  8.170  7.647  8.240  8.012  8.041  8.047  8.011  8.092  8.071  8.079  8.103  8.140  8.193  7.926  8.009  8.105  7.862  7.957  8.167  8.070  8.141  8.091  8.168  8.087  8.215  7.977  8.135
5.643  5.613  5.537  5.340  5.613  5.796  5.642  5.429  5.927  5.639  5.425  5.474  5.829  5.708  5.576  5.580  5.517  5.781  5.649  5.598  5.722  5.580  5.580  5.680  5.468  5.467  5.537  5.501  5.472  5.230  5.198  5.366  5.371  5.690  5.380  5.677  5.785  5.555  5.521  5.571  5.372  5.580
7.175  7.061  6.905  6.805  6.960  7.066  6.985  7.019  7.053  7.210  7.149  7.088  7.084  7.124  7.092  7.091  6.174  7.059  6.604  6.758  6.825  6.830  7.063  7.008  6.860  6.948  6.984  6.949  6.666  6.709  7.027  6.510  6.661  6.951  6.813  6.916  6.917  6.854  6.812  6.929  6.623  6.858
7.784  7.480  7.706  7.621  7.784  7.789  7.736  7.766  7.814  7.887  7.758  7.802  7.735  7.653  7.684  7.730  7.579  7.779  7.872  7.661  7.697  7.598  7.682  7.573  7.708  7.815  7.688  7.716  7.536  7.672  7.647  7.518  7.643  7.751  7.748  7.731  7.681  7.691  7.647  7.706  7.620  7.739
4.927  4.796  5.083  4.792  4.915  4.994  5.088  5.037  5.011  5.159  5.386  5.242  5.006  4.977  4.977  5.024  4.852  4.852  4.984  4.875  5.088  5.063  5.100  5.017  4.796  4.970  4.949  4.682  4.760  4.911  5.026  4.927  5.093  4.860  4.934  4.890  4.771  4.691  4.820  4.717  4.654  4.804
6.542  6.426  6.321  6.138  6.494  6.490  6.420  6.404  6.458  6.612  6.557  6.542  6.580  6.594  6.593  6.510  6.159  6.703  6.373  6.203  6.339  6.361  6.465  6.521  6.284  6.323  6.486  6.557  6.317  6.399  6.474  6.087  6.170  6.380  6.290  6.399  6.506  6.392  6.410  6.487  6.147  6.357
5.333  5.318  5.093  4.754  5.136  5.215  5.182  5.204  5.215  5.438  5.425  5.242  5.328  5.451  5.380  5.252  4.890  5.371  5.147  4.997  5.226  5.106  5.308  5.286  4.890  5.016  5.146  5.142  5.094  5.056  5.165  4.828  4.883  5.112  5.143  5.147  5.252  5.081  5.220  5.209  4.696  5.019
7.625  7.264  7.493  7.385  7.578  7.565  7.545  7.597  7.636  7.797  7.534  7.728  7.689  7.551  7.643  7.493  7.323  7.440  7.678  7.418  7.480  7.385  7.408  7.296  7.465  7.504  7.389  7.282  7.027  7.219  7.173  6.973  7.213  7.537  7.479  7.475  7.419  7.435  7.314  7.425  7.368  7.499
3.967  3.871  3.877  3.768  4.043  3.784  3.888  4.034  4.007  3.912  4.317  4.209  3.942  4.043  4.043  3.689  3.970  3.714  3.951  4.078  3.951  3.892  3.888  3.888  4.060  3.970  3.689  3.466  3.807  3.714  3.714  3.526  3.738  3.829  3.807  3.761  3.714  3.902  3.738  3.605  3.807  3.932
8.220  8.056  8.143  8.129  8.211  8.228  8.137  8.127  8.135  8.290  8.233  8.277  8.238  8.165  8.290  8.062  8.020  8.137  8.256  8.112  8.224  8.026  8.058  7.991  8.135  8.116  7.997  7.974  7.788  7.866  7.981  7.897  7.995  8.168  8.083  8.104  8.051  8.061  7.988  8.059  7.985  8.230
7.247  7.319  7.145  7.157  7.238  7.281  7.287  7.109  7.254  7.364  7.337  7.391  7.341  7.292  7.397  7.136  7.107  7.161  7.279  7.093  7.380  7.307  7.313  7.345  7.142  7.241  7.098  6.973  6.930  7.042  7.130  7.014  6.971  7.289  7.268  7.297  7.175  7.029  7.044  7.078  6.985  7.115
8.048  7.901  7.976  7.919  8.032  8.028  8.048  7.985  8.043  8.060  7.990  8.084  8.111  7.969  8.046  7.906  7.931  8.049  8.103  7.948  8.072  7.985  7.961  7.912  8.024  8.122  7.955  7.976  7.920  7.933  7.902  7.958  7.928  8.071  8.053  7.995  8.064  7.928  7.856  8.001  7.906  8.002
6.956  6.855  6.807  6.770  6.867  6.872  7.044  6.851  6.974  6.974  6.834  6.930  6.999  6.930  6.995  6.815  6.922  6.913  6.973  6.792  7.009  6.943  6.842  6.924  6.880  7.053  6.837  6.682  6.800  6.815  6.760  6.741  6.608  6.996  6.933  6.855  6.991  6.707  6.613  6.798  6.752  6.786
6.826  6.675  6.707  6.582  6.707  6.714  6.637  6.677  6.701  6.901  6.757  6.734  6.820  6.732  6.730  6.586  6.472  6.788  6.766  6.669  6.641  6.465  6.614  6.596  6.596  6.759  6.654  6.719  6.461  6.576  6.574  6.494  6.550  6.745  6.625  6.638  6.642  6.687  6.655  6.765  6.635  6.763
5.545  5.493  5.501  5.394  5.485  5.624  5.442  5.451  5.501  5.642  5.600  5.591  5.707  5.656  5.533  5.464  5.342  5.468  5.613  5.602  5.476  5.424  5.323  5.460  5.313  5.694  5.236  5.450  5.273  5.323  5.425  5.165  5.352  5.407  5.421  5.422  5.400  5.375  5.226  5.371  5.390  5.337
7.897  7.622  7.777  7.688  7.849  7.860  7.626  7.785  7.846  7.929  7.833  7.896  7.901  7.841  7.869  7.752  7.507  7.953  7.851  7.775  7.627  7.550  7.720  7.665  7.750  7.826  7.689  7.849  7.563  7.611  7.661  7.421  7.700  7.737  7.628  7.679  7.734  7.785  7.770  7.862  7.739  7.805
5.996  5.879  5.881  5.756  5.956  5.995  5.943  6.004  6.054  6.178  6.035  6.206  6.234  6.159  6.140  5.966  5.835  6.075  6.057  5.948  5.903  5.806  5.866  5.781  5.846  5.927  5.768  5.938  5.603  5.727  5.666  5.429  5.730  5.805  5.807  5.852  5.866  5.839  5.908  5.787  5.815  5.832
7.307  7.065  7.246  7.214  7.313  7.258  7.128  7.269  7.285  7.326  7.281  7.342  7.330  7.263  7.300  7.194  6.975  7.276  7.306  7.209  7.162  7.023  7.116  7.031  7.188  7.240  7.143  7.198  6.829  6.970  7.132  6.999  7.054  7.173  7.101  7.107  7.179  7.316  7.133  7.257  7.085  7.178
5.142  5.088  5.226  5.135  5.257  5.268  5.124  5.198  5.165  5.298  5.130  5.416  5.366  5.260  5.425  4.973  4.942  5.017  5.313  5.214  5.142  5.106  5.075  5.030  5.136  5.236  5.099  4.942  4.812  4.860  5.106  4.811  5.130  5.159  4.949  5.124  5.056  5.215  4.890  5.130  4.956  5.196
7.794  7.478  7.668  7.655  7.724  7.702  7.524  7.655  7.704  7.798  7.760  7.786  7.836  7.765  7.781  7.565  7.466  7.708  7.766  7.788  7.512  7.467  7.523  7.478  7.709  7.779  7.510  7.666  7.431  7.419  7.533  7.330  7.624  7.677  7.553  7.651  7.513  7.620  7.599  7.667  7.648  7.677
5.707  5.517  5.620  5.613  5.730  5.764  5.606  5.618  5.760  5.885  5.841  5.762  6.023  5.964  5.916  5.638  5.498  5.598  5.670  5.857  5.588  5.577  5.622  5.717  5.700  5.768  5.517  5.485  5.352  5.481  5.635  5.226  5.525  5.557  5.547  5.649  5.600  5.568  5.412  5.497  5.666  5.600
