3.611  3.555  3.611  3.829  3.726  3.696  3.689  3.578  3.664  3.638  3.795  3.932  3.989  3.584  3.829  3.714  3.689  3.526  3.638  3.932  3.738  3.807  3.714  3.761  3.871  3.684  3.664  3.664  3.676  3.584  3.550  3.664  3.664  3.664  3.807  3.555  3.658  3.584  3.664  3.520  3.733  3.434
4.317  4.108  4.094  4.127  3.892  4.127  4.290  4.060  4.174  4.290  4.197  4.263  4.407  4.248  4.344  4.190  4.094  3.970  4.127  4.202  4.466  4.304  4.025  4.248  4.127  4.263  4.220  4.060  4.025  3.892  4.060  4.274  3.989  4.124  4.454  4.111  4.103  4.004  4.066  3.989  4.043  4.111
4.787  4.567  4.868  4.644  4.635  4.700  4.615  4.654  4.736  4.920  4.736  4.862  4.913  4.889  4.984  4.541  4.543  4.552  4.732  4.605  4.727  4.723  4.623  4.595  4.520  4.644  4.234  4.369  4.290  4.489  4.477  4.357  4.644  4.564  4.489  4.554  4.443  4.263  4.454  4.337  4.575  4.549
4.511  4.407  4.466  4.369  4.443  4.443  4.443  4.382  4.554  4.745  4.466  4.543  4.771  4.610  4.736  4.260  4.220  4.205  4.492  4.486  4.431  4.509  4.382  4.361  4.217  4.167  4.248  4.202  3.970  4.234  4.260  4.324  4.304  4.419  4.363  4.344  4.205  4.301  4.344  4.205  4.220  4.388
4.344  3.912  4.205  4.246  4.143  4.174  4.220  4.111  4.043  4.111  3.932  4.263  4.043  4.190  4.220  4.148  3.951  4.277  4.248  4.489  4.234  4.202  4.043  4.220  4.116  3.951  4.060  4.074  3.951  4.140  3.970  3.951  4.220  4.078  4.060  4.111  4.043  4.369  4.190  3.976  4.127  4.159
4.248  3.912  4.078  4.099  3.989  4.078  3.892  3.970  3.951  3.871  3.807  3.892  3.829  3.932  3.989  3.892  3.738  4.052  4.127  4.331  4.060  3.912  3.850  3.912  3.947  3.829  3.912  3.780  3.584  3.922  3.689  3.846  4.022  3.813  3.761  3.892  3.871  3.951  3.807  3.857  3.807  3.932
4.108  3.998  4.007  4.119  4.078  3.951  3.932  3.932  4.016  4.007  3.932  3.970  4.156  3.970  4.174  3.829  4.078  3.714  4.078  4.220  4.078  3.970  3.784  3.912  3.957  3.761  3.807  3.738  3.784  3.761  4.004  3.912  4.159  3.784  4.156  3.970  3.871  3.738  3.807  3.824  3.807  3.780
4.382  4.324  4.277  4.331  4.290  4.190  4.111  4.263  4.248  4.317  4.078  4.127  4.369  4.220  4.190  4.290  4.174  4.043  4.437  4.304  4.331  4.194  4.304  4.159  4.060  4.007  3.912  4.043  4.124  3.951  4.143  4.277  4.234  4.220  4.202  4.060  4.179  4.060  4.025  4.043  4.174  4.111
4.500  4.263  4.369  4.317  4.407  4.382  4.111  4.091  3.989  4.043  4.060  3.970  4.111  4.143  4.220  3.807  4.094  4.127  4.111  4.078  4.094  4.025  4.094  4.124  3.932  3.871  3.912  3.807  3.867  3.871  3.970  3.888  4.043  3.912  3.892  4.043  4.025  4.094  3.989  4.004  4.043  4.060
4.234  4.159  4.159  4.143  4.301  4.174  4.190  4.209  4.094  4.311  4.060  4.290  4.331  4.202  4.511  4.007  4.290  4.174  4.328  4.301  4.498  4.382  4.248  4.317  4.159  4.086  4.140  3.970  4.060  3.932  4.220  4.382  4.522  4.140  4.331  4.156  4.094  4.074  3.985  3.985  4.127  4.143
4.904  4.554  4.727  4.823  4.736  4.732  4.710  4.786  4.802  4.844  4.673  4.760  4.883  4.736  4.820  4.682  4.792  4.840  4.760  4.990  4.819  4.691  4.644  4.868  4.762  4.673  4.699  4.615  4.464  4.564  4.533  4.663  4.743  4.727  4.762  4.779  4.613  4.562  4.644  4.644  4.533  4.963
4.256  4.174  4.174  4.156  4.317  4.311  4.111  4.297  4.369  4.416  4.248  4.466  4.454  4.407  4.382  4.277  4.290  4.267  4.304  4.533  4.431  4.369  4.331  4.489  4.263  4.159  4.290  4.111  4.022  4.220  4.127  4.220  4.425  4.369  4.331  4.277  4.220  4.277  4.344  4.231  4.094  4.094
4.143  4.057  4.127  4.135  4.091  4.094  3.850  3.989  4.190  4.167  3.967  4.140  4.277  4.174  4.331  4.052  4.034  4.111  4.111  4.190  4.205  4.111  4.231  4.156  4.022  3.970  4.007  3.970  3.850  3.807  4.127  3.829  4.025  3.928  4.111  4.025  4.060  4.060  4.143  4.187  3.892  3.970
4.710  4.543  4.511  4.525  4.717  4.489  4.344  4.585  4.357  4.703  4.673  4.541  4.804  4.700  4.786  4.600  4.509  4.783  4.580  4.762  4.595  4.500  4.605  4.595  4.419  4.304  4.511  4.407  4.369  4.205  4.533  4.369  4.443  4.380  4.520  4.615  4.369  4.564  4.644  4.500  4.304  4.554
3.861  3.912  4.043  3.970  4.043  3.951  3.970  3.989  3.970  4.174  3.829  3.976  4.209  4.190  4.127  3.892  3.757  4.022  4.174  4.094  4.234  3.932  3.989  4.111  3.951  3.738  3.970  3.912  3.664  4.111  3.882  4.060  3.932  4.016  3.951  3.807  3.807  3.970  3.928  3.970  3.871  4.004
4.344  4.256  4.234  4.174  4.344  4.290  4.357  4.317  4.290  4.454  4.290  4.248  4.625  4.437  4.431  4.407  4.304  4.394  4.477  4.344  4.466  4.382  4.500  4.392  4.288  4.127  4.220  4.246  4.369  4.078  4.466  4.290  4.431  4.284  4.304  4.407  4.290  4.407  4.416  4.025  4.127  4.127
3.570  3.332  3.497  3.526  3.605  3.258  3.434  3.526  3.497  3.367  3.332  3.570  3.611  3.638  3.738  3.434  3.555  3.367  3.714  3.689  3.555  3.611  3.555  3.638  3.526  3.434  3.497  3.624  3.332  3.434  3.360  3.490  3.611  3.401  3.434  3.497  3.411  3.526  3.520  3.497  3.401  3.526
5.112  4.956  5.100  5.063  5.153  5.088  5.100  5.147  5.040  5.211  4.990  5.165  5.283  5.091  5.377  5.037  5.100  5.142  5.257  5.263  5.384  5.136  5.075  5.106  5.050  5.004  4.864  4.934  4.723  4.866  4.843  5.118  5.215  5.147  5.074  5.037  4.954  5.152  5.011  4.864  5.176  5.153
3.555  3.714  3.912  3.807  3.761  3.611  3.689  3.912  3.784  3.784  3.989  3.784  3.871  4.007  4.369  3.584  3.892  3.584  3.738  3.892  3.995  3.761  3.738  3.882  3.757  3.638  3.892  3.578  3.714  3.466  3.714  3.664  3.829  3.714  3.871  3.791  3.605  3.664  3.555  3.497  3.714  3.709
3.434  3.434  3.584  3.664  3.651  3.434  3.584  3.638  3.526  3.578  3.611  3.555  3.784  3.664  3.714  3.555  3.584  3.664  3.970  3.555  3.738  3.611  3.497  3.592  3.555  3.434  3.550  3.689  3.367  3.401  3.434  3.745  3.584  3.738  3.497  3.550  3.434  3.555  3.466  3.497  3.526  3.696
4.428  4.267  4.367  4.511  4.530  4.394  4.354  4.404  4.503  4.460  4.443  4.533  4.625  4.460  4.699  4.419  4.369  4.357  4.644  4.676  4.615  4.357  4.382  4.431  4.443  4.392  4.238  4.290  4.140  4.205  4.344  4.522  4.554  4.277  4.466  4.382  4.382  4.489  4.382  4.394  4.472  4.357
3.555  3.526  3.584  3.611  3.611  3.466  3.434  3.638  3.611  3.611  3.689  3.497  3.714  3.871  3.807  3.367  3.632  3.584  3.578  3.714  3.584  3.466  3.738  3.714  3.584  3.466  3.555  3.555  3.466  3.555  3.520  3.434  3.611  3.497  3.526  3.611  3.466  3.611  3.526  3.497  3.434  3.638
