5.892  5.922  5.725  5.706  5.914  5.900  5.951  5.775  5.869  6.042  6.091  5.906  6.071  6.080  5.984  5.979  5.855  6.026  5.854  5.826  5.962  5.922  5.974  6.022  5.628  5.749  5.785  5.775  5.684  5.690  5.958  5.721  5.645  5.733  5.812  5.914  5.889  5.814  5.775  5.775  5.687  5.736
4.934  5.215  5.050  4.961  4.990  5.130  5.193  5.118  5.050  5.185  5.176  5.069  5.297  5.228  5.231  5.088  5.164  4.956  5.198  5.176  5.436  5.263  5.333  5.338  4.828  4.984  4.973  4.736  4.860  4.890  5.050  4.913  4.934  4.934  4.973  5.037  5.147  5.056  4.954  4.909  4.956  5.050
5.298  5.170  5.204  5.346  5.176  5.323  5.182  5.170  5.118  5.273  5.153  5.257  5.257  5.159  5.346  5.124  4.934  5.158  5.333  5.252  5.165  5.138  5.162  5.347  5.011  5.030  5.004  5.124  4.949  4.934  5.037  5.127  5.176  5.069  5.056  5.127  5.011  5.215  5.088  5.056  5.063  5.142
5.825  5.700  5.852  5.886  5.700  5.730  5.739  5.713  5.799  5.945  5.846  5.866  5.943  5.805  5.878  5.694  5.814  5.628  5.855  5.943  5.916  5.849  5.710  5.869  5.529  5.389  5.501  5.352  5.446  5.537  5.570  5.642  5.749  5.753  5.838  5.666  5.673  5.704  5.733  5.572  5.583  5.659
5.068  5.011  4.905  5.063  4.956  5.037  4.890  4.963  4.927  4.890  4.920  5.030  5.153  5.013  5.204  4.808  4.890  5.075  4.919  5.081  4.942  4.860  4.898  4.894  4.883  4.806  4.963  4.913  4.691  4.836  4.831  4.836  4.804  4.852  4.942  5.050  4.890  4.997  4.945  4.820  4.710  4.920
4.043  4.111  4.007  4.190  4.127  4.043  4.078  3.912  4.078  4.263  4.263  4.060  4.369  4.290  4.344  4.043  3.932  4.190  4.234  4.205  4.171  4.094  4.212  4.238  4.043  4.016  4.078  3.989  4.007  4.007  4.016  4.007  4.078  4.057  4.078  4.074  4.078  3.932  3.970  4.159  4.078  4.179
5.872  5.684  5.733  5.696  5.842  5.720  5.737  5.635  5.735  5.980  5.833  5.811  5.849  5.829  5.948  5.677  5.606  5.768  5.720  5.923  5.743  5.662  5.768  5.844  5.541  5.497  5.509  5.548  5.356  5.389  5.543  5.654  5.670  5.587  5.771  5.652  5.631  5.696  5.771  5.656  5.668  5.605
5.663  5.493  5.501  5.609  5.502  5.485  5.407  5.476  5.433  5.739  5.628  5.647  5.677  5.568  5.740  5.529  5.451  5.525  5.617  5.682  5.572  5.412  5.505  5.620  5.366  5.380  5.414  5.384  5.236  5.313  5.394  5.308  5.412  5.396  5.352  5.407  5.342  5.533  5.481  5.426  5.483  5.438
4.844  4.812  4.726  4.883  4.710  4.787  4.736  4.762  4.775  4.812  4.771  4.890  4.972  4.796  4.980  4.700  4.777  4.718  4.831  4.836  4.812  4.727  4.881  4.836  4.718  4.736  4.644  4.743  4.682  4.654  4.754  4.652  4.787  4.696  4.796  4.779  4.595  4.575  4.635  4.700  4.585  4.718
4.205  4.277  4.290  4.060  3.989  4.167  4.205  4.174  4.281  4.174  4.127  4.277  4.382  4.248  4.382  4.159  4.111  3.951  4.301  4.431  4.263  4.277  4.357  4.317  4.190  4.060  4.025  4.025  4.078  3.989  4.205  4.205  4.111  4.078  4.171  4.174  4.111  4.159  4.111  4.043  3.980  4.124
5.562  5.511  5.476  5.462  5.464  5.580  5.435  5.568  5.476  5.606  5.557  5.525  5.665  5.495  5.583  5.572  5.489  5.549  5.604  5.568  5.631  5.521  5.600  5.669  5.478  5.307  5.412  5.250  5.371  5.352  5.425  5.462  5.403  5.566  5.509  5.472  5.525  5.389  5.423  5.513  5.371  5.476
5.697  5.624  5.635  5.602  5.591  5.638  5.631  5.620  5.553  5.784  5.565  5.749  5.802  5.661  5.787  5.553  5.628  5.727  5.710  5.710  5.811  5.751  5.676  5.707  5.517  5.472  5.568  5.454  5.342  5.476  5.488  5.529  5.631  5.624  5.525  5.609  5.620  5.545  5.466  5.533  5.529  5.576
4.344  4.458  4.522  4.367  4.454  4.328  4.431  4.357  4.431  4.578  4.477  4.466  4.710  4.625  4.625  4.466  4.234  4.454  4.443  4.344  4.425  4.500  4.543  4.466  4.267  4.297  4.416  4.394  4.234  4.263  4.443  4.554  4.533  4.369  4.392  4.580  4.328  4.449  4.413  4.331  4.220  4.304
3.829  3.912  3.829  3.850  3.912  3.951  3.839  3.888  3.714  3.980  3.784  3.867  4.025  4.043  4.174  3.689  3.850  3.932  4.007  3.932  4.043  3.970  3.871  3.932  3.709  3.738  3.738  3.784  3.761  3.611  3.829  3.738  3.784  3.795  3.807  3.818  3.850  3.967  3.947  3.829  3.738  3.850
5.927  5.569  5.835  5.759  5.765  5.707  5.595  5.649  5.609  5.825  5.726  5.866  5.858  5.759  5.844  5.647  5.600  5.811  5.823  5.789  5.659  5.628  5.638  5.620  5.628  5.680  5.643  5.714  5.565  5.591  5.749  5.659  6.040  5.609  5.566  5.600  5.511  5.784  5.675  5.784  5.553  5.733
5.037  4.898  5.030  5.094  5.136  4.868  4.909  5.072  5.052  5.037  5.182  5.088  5.204  5.193  5.283  4.989  4.927  5.187  5.075  5.091  5.193  5.024  4.898  5.045  4.844  4.913  4.890  4.898  4.726  4.710  4.856  4.644  5.117  5.017  4.828  4.977  4.956  4.990  4.913  4.909  5.016  4.913
5.293  5.112  5.252  5.308  5.270  5.288  5.153  5.242  5.338  5.308  5.226  5.425  5.380  5.242  5.425  5.100  5.333  5.332  5.379  5.384  5.338  5.074  5.056  5.043  5.352  5.332  5.069  5.106  4.794  4.956  4.956  5.088  5.239  5.323  5.273  5.230  4.980  5.088  5.226  5.244  5.366  5.268
5.308  5.138  5.209  5.247  5.147  5.088  5.068  5.186  5.176  5.247  5.142  5.187  5.260  5.198  5.247  4.997  5.238  5.178  5.228  5.332  5.121  5.234  5.100  5.147  4.970  5.043  4.992  5.004  4.796  4.984  4.977  5.037  5.085  5.153  5.231  5.124  5.094  5.187  5.209  5.069  5.136  5.075
6.144  5.805  6.071  6.215  6.052  6.057  5.901  6.109  5.976  6.140  6.033  6.107  6.162  5.990  6.282  5.858  6.005  6.054  6.114  6.261  6.122  6.006  6.001  6.080  5.919  5.913  5.940  5.948  5.783  5.841  5.887  5.940  6.221  5.994  5.971  5.993  5.849  6.122  6.098  5.880  5.958  6.045
5.620  5.429  5.535  5.580  5.553  5.476  5.394  5.485  5.606  5.583  5.481  5.492  5.572  5.594  5.673  5.464  5.442  5.493  5.677  5.762  5.679  5.591  5.576  5.710  5.394  5.352  5.375  5.375  5.265  5.270  5.318  5.333  5.533  5.398  5.375  5.493  5.409  5.583  5.384  5.454  5.501  5.497
4.234  4.167  4.248  4.248  4.246  4.246  4.057  4.127  4.419  4.234  4.127  4.331  4.477  4.394  4.466  4.190  4.331  4.369  4.317  4.382  4.304  4.331  4.248  4.331  4.143  4.127  4.234  4.140  4.043  4.111  4.040  4.060  4.111  4.190  4.246  4.331  4.025  4.205  4.234  4.140  4.043  4.111
4.111  3.985  4.159  3.970  3.947  4.022  3.871  4.074  4.094  4.043  4.124  4.190  4.263  4.277  4.205  3.970  4.043  4.094  4.127  4.263  4.248  4.040  4.190  4.094  4.007  4.043  4.007  3.985  3.850  4.043  4.151  4.022  3.892  3.871  4.025  4.108  3.912  4.025  4.040  3.892  3.912  4.022
