6.118  6.006  5.979  5.881  5.974  6.127  6.026  6.023  6.014  6.096  6.235  6.084  6.005  5.933  5.958  5.958  5.739  5.943  5.998  5.864  6.163  5.922  6.038  5.958  5.875  5.790  5.935  5.837  5.696  5.864  6.073  5.765  5.851  5.869  5.870  5.928  5.999  5.991  5.943  5.838  5.943  6.011
5.485  5.479  5.394  5.361  5.338  5.613  5.587  5.288  5.513  5.576  5.541  5.572  5.521  5.407  5.602  5.427  5.390  5.375  5.405  5.425  5.628  5.478  5.609  5.595  5.323  5.263  5.400  5.231  5.403  5.293  5.587  5.333  5.242  5.464  5.507  5.552  5.631  5.308  5.298  5.293  5.288  5.293
5.919  5.549  5.724  5.720  5.781  5.730  5.609  5.666  5.662  5.889  5.802  5.811  5.894  5.765  5.781  5.753  5.591  5.595  5.844  5.642  5.700  5.645  5.659  5.671  5.557  5.620  5.583  5.533  5.407  5.427  5.637  5.533  5.638  5.521  5.497  5.442  5.563  5.710  5.561  5.602  5.487  5.545
6.752  6.707  6.738  6.675  6.748  6.824  6.766  6.760  6.963  7.041  6.910  6.846  7.046  6.958  6.954  6.867  6.579  6.558  6.930  6.701  6.704  6.756  6.779  6.784  6.710  6.824  6.715  6.733  6.599  6.617  6.648  6.520  6.629  6.725  6.759  6.702  6.787  6.671  6.673  6.609  6.619  6.658
5.547  5.396  5.533  5.505  5.501  5.389  5.549  5.513  5.501  5.568  5.505  5.500  5.529  5.381  5.576  5.403  5.420  5.460  5.598  5.543  5.545  5.493  5.537  5.533  5.549  5.460  5.380  5.481  5.283  5.278  5.421  5.278  5.398  5.489  5.409  5.352  5.416  5.503  5.460  5.454  5.394  5.509
5.182  5.037  5.094  4.997  4.866  5.043  5.186  5.114  5.153  5.143  5.132  5.029  5.242  4.990  5.069  4.977  5.123  4.883  5.288  5.176  4.997  5.094  5.069  4.979  4.913  4.913  4.915  4.984  4.883  4.920  5.037  4.915  4.771  5.071  5.093  5.011  5.013  4.989  4.977  5.014  4.990  4.990
8.208  7.861  7.984  7.846  7.981  7.953  7.771  7.855  8.101  8.177  8.141  8.150  8.015  7.814  8.005  7.910  7.658  7.901  7.875  7.866  7.851  7.895  7.865  8.179  7.829  7.743  7.987  7.829  7.769  7.849  7.855  7.703  7.866  7.686  7.763  7.997  7.771  7.814  7.840  7.856  7.834  7.751
8.097  7.962  8.091  8.041  8.227  8.077  7.935  7.979  8.211  8.313  8.240  8.160  8.081  7.954  8.190  8.015  7.837  7.986  8.031  8.027  7.966  8.060  8.026  8.225  7.941  7.925  8.168  7.982  8.041  8.021  8.015  7.816  7.966  7.874  7.930  8.018  7.945  7.926  7.903  8.030  7.936  7.888
5.124  4.961  5.135  5.165  5.011  4.868  4.927  5.106  5.058  5.190  4.954  5.099  5.233  5.138  5.182  4.934  4.984  5.198  5.187  5.126  4.984  5.017  5.100  5.088  5.011  4.958  5.027  5.085  4.777  4.905  5.069  4.860  5.043  4.979  4.949  4.890  5.061  4.992  5.009  4.905  5.011  5.043
5.628  5.347  5.690  5.575  5.481  5.451  5.433  5.513  5.541  5.611  5.466  5.625  5.568  5.464  5.617  5.476  5.313  5.434  5.533  5.690  5.513  5.366  5.497  5.464  5.455  5.352  5.252  5.389  5.106  5.201  5.384  5.233  5.501  5.463  5.308  5.426  5.337  5.358  5.357  5.328  5.342  5.474
4.712  4.431  4.533  4.564  4.635  4.595  4.483  4.477  4.633  4.575  4.654  4.625  4.654  4.700  4.739  4.635  4.369  4.696  4.710  4.663  4.516  4.425  4.564  4.460  4.585  4.543  4.509  4.595  4.248  4.363  4.357  4.431  4.615  4.511  4.369  4.625  4.394  4.489  4.530  4.554  4.449  4.633
4.615  4.514  4.437  4.583  4.644  4.595  4.549  4.483  4.644  4.762  4.554  4.771  4.718  4.486  4.635  4.543  4.481  4.673  4.595  4.710  4.736  4.511  4.500  4.630  4.618  4.583  4.454  4.477  4.331  4.382  4.454  4.486  4.500  4.522  4.500  4.533  4.575  4.543  4.595  4.477  4.454  4.492
5.292  5.043  5.063  4.920  5.170  5.241  5.176  5.106  5.105  5.357  5.307  5.187  5.402  5.236  5.292  5.023  4.927  5.273  5.318  5.242  5.043  5.004  5.153  5.283  4.915  5.118  5.050  5.089  5.055  4.883  5.234  4.804  5.037  5.081  5.050  5.132  5.242  5.257  5.136  5.252  4.904  5.138
4.132  4.143  4.094  4.060  4.220  4.205  4.094  4.190  4.202  4.159  4.354  4.489  4.290  4.344  4.311  4.248  4.231  4.344  4.159  4.369  4.281  4.220  4.290  4.205  4.124  4.205  4.159  4.159  4.007  4.205  4.167  4.174  4.060  4.043  4.190  4.220  4.091  4.078  4.078  4.060  3.980  4.078
4.615  4.454  4.483  4.500  4.533  4.543  4.274  4.554  4.559  4.603  4.357  4.580  4.682  4.635  4.585  4.413  4.509  4.454  4.625  4.663  4.796  4.500  4.466  4.522  4.369  4.700  4.533  4.500  4.277  4.190  4.407  4.369  4.533  4.419  4.522  4.554  4.443  4.654  4.466  4.407  4.498  4.511
4.043  3.871  4.025  4.007  4.143  4.111  4.007  4.007  4.043  4.111  4.007  4.025  4.060  4.043  4.148  4.060  3.970  4.094  4.190  4.159  4.159  3.970  4.060  4.156  4.127  4.094  4.043  4.007  3.912  3.850  3.932  3.967  4.060  3.912  3.850  3.908  3.951  4.127  3.951  3.892  4.016  3.932
6.241  6.219  6.229  6.332  6.342  6.271  6.122  6.230  6.170  6.342  6.344  6.308  6.346  6.322  6.528  6.207  6.066  6.180  6.306  6.258  6.300  6.205  6.136  6.265  6.157  5.961  6.118  6.066  5.787  5.922  6.097  6.180  6.207  6.081  6.103  6.165  6.114  6.392  6.397  6.157  6.059  6.137
6.099  6.198  6.046  6.232  6.118  6.155  6.091  6.050  6.122  6.172  6.215  6.230  6.263  6.221  6.372  6.066  6.064  6.075  6.133  6.056  6.159  6.242  6.190  6.242  6.024  5.889  6.004  5.908  5.753  5.914  6.054  6.111  6.059  6.058  6.033  6.109  6.043  6.252  6.267  6.032  5.986  5.945
4.883  4.913  4.898  4.779  4.745  4.954  4.831  4.820  4.874  4.812  4.827  4.913  4.970  4.927  4.990  4.874  4.836  4.934  4.844  4.883  4.920  4.844  4.796  4.920  4.647  4.644  4.727  4.489  4.605  4.700  4.700  4.771  4.779  4.745  4.875  4.828  4.754  4.836  4.820  4.736  4.690  4.804
4.007  3.902  4.040  3.829  3.980  3.951  3.784  3.850  3.795  3.761  3.714  4.031  4.159  4.143  4.007  3.871  3.871  3.807  3.871  4.078  3.970  3.813  4.103  4.099  3.750  3.850  3.784  3.813  3.807  3.818  3.871  3.738  3.912  3.664  3.951  3.807  3.871  3.912  3.850  3.892  3.871  3.761
4.687  4.449  4.489  4.583  4.533  4.615  4.511  4.708  4.486  4.752  4.585  4.610  4.727  4.777  4.717  4.585  4.575  4.777  4.710  4.700  4.718  4.779  4.787  4.787  4.238  4.477  4.407  4.466  4.394  4.431  4.533  4.446  4.466  4.522  4.522  4.500  4.443  4.404  4.477  4.564  4.489  4.700
4.779  4.564  4.727  4.762  4.685  4.802  4.635  4.769  4.700  4.804  4.852  4.820  5.004  4.804  4.836  4.595  4.682  4.727  4.874  4.858  4.787  4.920  4.997  4.920  4.727  4.530  4.671  4.449  4.419  4.567  4.573  4.543  4.736  4.762  4.673  4.773  4.736  4.673  4.673  4.575  4.673  4.677
