6.215  5.890  6.180  6.035  6.016  6.023  5.958  6.100  6.028  6.188  6.098  6.144  6.050  5.919  6.120  5.963  5.792  5.967  5.983  6.089  5.964  5.903  5.740  5.897  5.849  5.823  5.829  5.759  5.617  5.628  5.784  5.811  5.984  5.844  5.892  5.795  5.841  5.951  5.903  5.826  5.746  5.966
5.932  5.505  5.781  5.700  5.720  5.867  5.639  5.701  5.734  5.866  5.680  5.749  5.617  5.624  5.787  5.557  5.293  5.583  5.525  5.617  5.740  5.572  5.485  5.521  5.525  5.442  5.313  5.455  5.081  5.361  5.328  5.416  5.517  5.529  5.470  5.425  5.492  5.460  5.505  5.509  5.521  5.509
6.676  6.303  6.529  6.497  6.621  6.644  6.517  6.598  6.600  6.825  6.652  6.684  6.681  6.628  6.655  6.620  6.315  6.594  6.646  6.603  6.475  6.469  6.476  6.415  6.661  6.622  6.601  6.524  6.224  6.311  6.061  6.347  6.449  6.525  6.466  6.548  6.415  6.561  6.525  6.535  6.464  6.593
5.265  4.913  5.029  4.949  4.905  5.112  5.069  5.147  5.123  5.252  5.011  5.198  5.100  5.185  5.246  4.972  4.970  4.984  4.977  5.118  5.147  5.100  4.844  5.040  4.927  4.890  4.852  4.787  4.710  4.890  4.605  4.786  4.852  4.990  5.050  5.017  4.920  4.963  5.136  4.927  4.798  4.977
5.353  5.236  5.114  5.170  5.139  5.193  5.236  5.186  5.204  5.397  5.306  5.371  5.351  5.347  5.288  5.176  5.105  5.242  5.247  5.214  5.371  5.193  5.207  5.236  4.875  4.920  5.112  4.970  4.913  5.043  5.204  5.226  5.088  5.176  5.115  5.150  5.193  5.043  4.977  4.942  4.883  5.027
4.893  4.934  4.860  4.749  4.786  4.800  4.868  4.828  4.860  5.024  5.102  4.984  4.958  5.030  5.004  4.927  4.938  4.997  4.890  4.883  5.075  5.118  5.124  5.257  4.676  4.691  4.762  4.685  4.691  4.812  4.871  4.802  4.905  4.745  4.852  4.844  4.820  4.836  4.997  4.745  4.564  4.718
6.771  6.737  6.525  6.641  6.659  6.795  6.662  6.709  6.659  6.827  6.830  6.801  6.765  6.752  6.765  6.758  6.620  6.671  6.609  6.618  6.680  6.692  6.791  6.854  6.458  6.461  6.548  6.588  6.573  6.522  6.782  6.522  6.510  6.493  6.596  6.717  6.754  6.669  6.560  6.616  6.568  6.573
7.322  7.365  7.114  7.246  7.277  7.402  7.386  7.281  7.277  7.379  7.419  7.412  7.373  7.316  7.386  7.262  7.242  7.188  7.323  7.244  7.415  7.323  7.473  7.490  7.185  7.169  7.281  7.188  7.206  7.212  7.422  7.212  7.186  7.258  7.338  7.322  7.433  7.240  7.260  7.220  7.208  7.198
4.749  4.673  4.663  4.820  4.649  4.700  4.868  4.890  4.844  4.875  4.836  4.787  4.866  4.749  4.852  4.663  4.890  4.543  4.844  4.812  4.875  4.868  4.745  4.820  4.820  4.682  4.583  4.554  4.605  4.771  4.745  4.836  4.779  4.811  4.812  4.736  4.585  4.654  4.613  4.489  4.804  4.700
4.260  4.060  4.234  4.281  4.182  3.970  4.234  4.317  4.284  4.263  4.190  4.231  4.190  4.263  4.234  4.140  4.260  4.060  4.234  4.419  4.357  4.304  4.094  4.078  4.344  4.270  4.190  4.025  4.290  4.078  4.060  4.315  4.043  4.140  4.234  4.127  4.094  4.078  4.127  4.078  4.187  4.159
4.730  4.511  4.618  4.543  4.543  4.541  4.344  4.575  4.564  4.595  4.663  4.494  4.682  4.682  4.940  4.575  4.407  4.654  4.625  4.710  4.625  4.516  4.564  4.585  4.354  4.357  4.382  4.357  4.187  4.431  4.344  4.369  4.477  4.357  4.511  4.304  4.382  4.610  4.301  4.466  4.317  4.369
4.127  4.060  4.190  4.202  4.174  4.025  4.004  4.074  4.231  4.246  4.078  4.304  4.382  4.434  4.407  4.143  4.159  4.317  4.234  4.407  4.234  4.190  4.174  4.304  4.007  4.016  4.007  4.143  3.738  4.025  4.060  4.094  4.060  4.135  4.094  4.311  3.985  4.263  4.004  4.143  4.022  4.140
4.682  4.500  4.883  4.460  4.382  4.248  4.091  4.522  4.466  4.522  4.575  4.452  4.595  4.431  4.718  4.317  4.317  4.304  4.554  4.394  4.382  4.440  4.317  4.315  4.263  4.263  4.190  4.127  4.220  4.248  4.317  4.311  4.466  4.331  4.401  4.407  4.140  4.317  4.317  4.317  4.543  4.407
4.357  4.407  4.407  4.477  4.263  4.344  4.443  4.382  4.494  4.443  4.477  4.407  4.500  4.248  4.610  4.416  4.367  4.431  4.562  4.710  4.464  4.304  4.277  4.883  4.331  4.263  4.288  4.394  4.308  4.357  4.234  4.174  4.357  4.328  4.277  4.369  4.148  4.419  4.248  4.431  4.373  4.143
3.892  3.829  4.069  3.912  3.871  3.989  4.040  4.111  3.970  3.970  3.912  3.882  3.871  3.892  4.174  3.871  3.871  3.871  3.892  4.016  3.951  3.980  3.892  4.127  3.784  3.714  3.807  3.714  3.818  3.951  3.912  3.951  3.761  3.802  3.892  3.898  3.829  3.761  3.684  3.761  3.761  3.802
3.912  3.871  4.060  4.025  3.932  3.932  3.892  3.989  4.007  4.094  3.922  4.043  4.234  4.174  4.256  3.867  4.007  3.850  4.190  4.060  4.263  4.066  4.190  4.127  3.784  3.912  3.784  3.892  3.761  3.829  4.016  3.912  4.043  3.951  3.912  4.025  4.025  3.850  4.043  3.912  3.835  3.761
4.977  4.913  4.920  5.049  4.836  4.987  4.890  4.893  4.942  4.875  4.883  4.997  5.030  5.011  5.165  4.875  4.896  4.920  5.159  5.231  5.190  5.040  4.875  5.042  4.860  4.913  4.911  4.654  4.552  4.700  4.820  4.898  5.007  5.014  5.017  4.952  4.745  4.691  4.812  4.972  4.949  5.072
5.049  4.644  4.868  5.037  4.775  4.860  4.811  4.754  4.815  4.877  4.852  4.752  4.980  4.879  4.987  4.726  4.727  4.860  4.919  4.984  4.952  4.949  4.771  4.949  4.777  4.745  4.635  4.699  4.466  4.570  4.790  4.786  4.970  5.011  4.889  4.890  4.700  4.777  4.752  4.790  4.881  4.796
5.069  4.898  5.050  5.075  4.852  4.920  4.860  4.934  5.017  5.043  4.934  5.037  5.100  4.949  5.136  4.771  4.913  4.875  5.136  5.017  5.241  5.050  5.003  5.063  4.990  4.913  4.858  4.828  4.635  4.779  5.130  5.043  4.898  4.913  5.001  5.043  4.779  4.881  4.913  4.920  5.069  5.037
4.500  4.663  4.734  4.718  4.663  4.466  4.477  4.554  4.522  4.705  4.554  4.718  4.649  4.680  4.771  4.407  4.477  4.575  4.673  4.836  4.796  4.703  4.503  4.583  4.500  4.500  4.304  4.382  4.304  4.357  4.466  4.466  4.682  4.554  4.552  4.533  4.458  4.475  4.489  4.443  4.543  4.623
5.220  5.050  5.162  5.236  5.050  5.036  4.940  5.016  4.990  5.264  5.059  5.105  5.120  5.064  5.124  4.937  5.032  5.058  5.312  5.277  5.290  5.242  4.966  5.100  5.071  5.049  4.911  4.973  4.699  4.894  4.996  5.094  5.064  5.099  5.097  5.024  4.954  5.102  5.117  5.009  5.161  5.170
5.421  5.094  5.409  5.313  5.318  5.130  5.236  5.318  5.247  5.455  5.215  5.270  5.409  5.182  5.352  5.043  5.377  5.050  5.425  5.497  5.407  5.439  5.198  5.347  5.365  5.298  5.075  5.037  4.940  5.030  5.159  5.308  5.357  5.293  5.460  5.204  5.193  5.231  5.218  5.209  5.308  5.283
