4.852  4.812  4.754  4.682  4.623  4.824  4.811  4.700  4.828  4.934  4.762  4.844  4.942  4.820  4.852  4.700  4.736  4.615  4.875  4.691  4.913  4.708  4.708  4.889  4.673  4.691  4.668  4.638  4.509  4.575  4.745  4.654  4.575  4.625  4.700  4.796  4.828  4.673  4.635  4.477  4.644  4.635
4.331  4.304  4.220  3.967  4.091  4.231  4.234  4.220  4.246  4.382  4.220  4.394  4.443  4.394  4.466  4.290  4.234  4.174  4.220  4.419  4.317  4.317  4.394  4.509  4.111  4.083  4.060  4.007  3.970  4.111  4.094  4.246  4.143  4.190  4.043  4.234  4.328  4.220  4.111  4.091  4.094  4.086
4.593  4.595  4.600  4.505  4.691  4.794  4.771  4.671  4.718  4.920  4.718  4.766  4.828  4.754  4.754  4.635  4.595  4.394  4.696  4.595  4.726  4.727  4.575  4.710  4.331  4.443  4.625  4.511  4.500  4.454  4.431  4.625  4.595  4.410  4.710  4.509  4.727  4.593  4.554  4.500  4.357  4.522
6.737  6.801  6.601  6.564  6.612  6.780  6.899  6.790  6.887  7.047  6.994  6.966  7.114  6.939  7.096  6.888  6.777  6.612  6.995  6.843  6.987  7.311  7.232  7.245  6.547  6.633  6.746  6.611  6.635  6.687  6.847  6.583  6.554  6.706  6.844  6.841  6.865  6.665  6.604  6.611  6.568  6.582
4.883  4.836  5.036  4.890  4.844  5.030  4.956  4.942  4.860  4.977  4.754  5.112  4.852  4.883  5.013  4.875  4.779  4.866  5.136  4.920  5.071  4.942  4.922  5.004  4.736  4.736  4.743  4.717  4.700  5.029  5.004  4.762  4.913  4.796  4.977  4.920  4.779  4.700  4.691  4.754  4.812  4.836
4.898  4.736  4.893  4.949  4.779  4.984  4.771  4.796  4.820  4.718  4.745  4.966  4.575  4.820  4.927  4.820  4.635  4.852  4.956  4.875  5.037  4.920  4.843  4.883  4.635  4.644  4.700  4.663  4.477  4.712  4.779  4.745  4.977  4.718  4.828  4.828  4.852  4.762  4.700  4.533  4.554  4.682
4.644  4.605  4.500  4.625  4.595  4.477  4.562  4.522  4.511  4.700  4.585  4.654  4.511  4.538  4.613  4.575  4.527  4.564  4.605  4.564  4.743  4.466  4.564  4.673  4.489  4.443  4.585  4.454  4.380  4.511  4.469  4.483  4.234  4.472  4.564  4.522  4.500  4.443  4.489  4.331  4.277  4.477
4.654  4.489  4.477  4.575  4.440  4.605  4.422  4.590  4.382  4.682  4.394  4.635  4.620  4.452  4.573  4.443  4.434  4.431  4.575  4.428  4.505  4.392  4.394  4.511  4.419  4.344  4.315  4.277  4.190  4.304  4.357  4.394  4.466  4.304  4.615  4.344  4.357  4.443  4.443  4.344  4.202  4.394
4.511  4.644  4.520  4.489  4.500  4.317  4.585  4.520  4.477  4.598  4.543  4.564  4.690  4.635  4.575  4.382  4.401  4.615  4.431  4.443  4.585  4.443  4.613  4.454  4.454  4.317  4.331  4.413  4.277  4.311  4.466  4.564  4.317  4.369  4.486  4.466  4.489  4.419  4.315  4.277  4.290  4.466
4.812  4.796  4.721  4.736  4.736  4.812  4.836  4.726  4.762  5.043  4.820  4.812  4.942  4.927  4.844  4.771  4.718  4.836  4.727  4.927  4.905  4.804  4.934  4.890  4.682  4.533  4.671  4.700  4.673  4.745  4.868  4.615  4.663  4.682  4.804  4.673  4.710  4.691  4.663  4.718  4.477  4.654
6.354  6.297  6.428  6.264  6.378  6.525  6.410  6.470  6.423  6.686  6.548  6.740  6.581  6.389  6.544  6.378  6.158  6.433  6.667  6.339  6.301  6.299  6.446  6.521  6.238  6.433  6.380  6.304  6.023  6.420  6.365  5.927  6.196  6.330  6.353  6.468  6.303  6.324  6.286  6.217  6.103  6.377
5.835  5.962  6.011  5.690  5.924  6.006  6.019  5.948  6.094  6.209  5.985  6.342  6.105  5.961  6.144  5.973  5.898  5.862  6.161  5.894  6.073  5.932  6.146  6.120  5.841  6.036  5.991  5.807  5.756  6.116  5.894  5.596  5.685  6.009  5.981  6.066  5.915  5.790  5.611  5.617  5.697  5.919
4.913  4.762  4.808  4.860  4.898  4.905  4.736  4.860  4.852  4.984  4.804  4.956  4.898  4.949  4.844  4.752  4.762  4.828  4.977  5.011  4.942  4.920  4.804  4.820  4.812  4.708  4.635  4.736  4.533  4.533  4.727  4.779  4.879  4.775  4.775  4.771  4.673  4.883  4.745  4.663  4.828  4.862
5.069  4.984  4.926  5.106  5.017  4.871  4.794  4.977  4.840  5.220  5.017  4.968  5.056  5.004  5.118  4.852  4.727  4.934  4.949  5.118  5.037  4.875  4.905  4.927  4.828  4.673  4.898  4.860  4.605  4.790  4.852  4.852  4.868  4.786  4.890  4.745  4.990  4.890  4.916  4.804  4.762  4.875
4.367  4.248  4.464  4.394  4.256  4.328  4.367  4.344  4.304  4.317  4.220  4.477  4.431  4.357  4.522  4.407  4.382  4.382  4.263  4.489  4.543  4.344  4.500  4.407  4.263  4.394  4.111  4.159  4.174  4.277  4.277  4.357  4.304  4.410  4.449  4.304  4.344  4.369  4.367  4.290  4.060  4.344
4.796  4.635  4.782  4.718  4.904  4.666  4.879  4.836  4.844  4.949  4.804  4.890  4.926  4.644  5.024  4.745  4.687  4.673  4.820  4.905  4.970  4.828  4.727  4.904  4.595  4.605  4.644  4.443  4.454  4.642  4.714  4.710  4.718  4.708  4.762  4.718  4.718  4.615  4.570  4.554  4.615  4.745
3.829  3.784  3.932  4.025  3.850  3.738  3.807  3.824  3.989  3.985  4.025  4.016  3.912  4.143  3.989  3.761  3.967  3.850  4.108  4.094  4.022  4.060  3.714  4.025  3.912  3.761  3.835  3.664  3.867  3.738  3.738  3.850  3.846  3.807  3.861  3.947  3.829  3.709  3.714  3.892  3.867  3.976
3.611  3.638  3.738  3.761  3.867  3.584  3.664  3.738  3.780  3.839  3.584  3.829  3.922  3.835  3.829  3.584  3.807  3.689  3.898  3.912  3.932  3.714  3.689  3.807  3.555  3.555  3.638  3.638  3.696  3.714  3.584  3.689  3.664  3.664  3.709  3.738  3.684  3.619  3.584  3.466  3.611  3.892
6.339  6.169  6.267  6.330  6.293  6.361  6.157  6.260  6.256  6.376  6.304  6.348  6.418  6.284  6.407  6.125  6.080  6.319  6.387  6.333  6.297  6.161  6.215  6.261  6.035  6.125  6.196  6.168  5.985  6.103  6.159  6.089  6.324  6.225  6.242  6.279  6.212  6.299  6.269  6.254  6.201  6.259
5.883  5.724  5.864  5.872  5.810  5.911  5.753  5.897  5.861  5.949  5.838  5.894  5.999  5.866  6.033  5.717  5.720  5.825  5.943  5.943  5.999  5.838  5.894  5.908  5.659  5.771  5.802  5.553  5.673  5.609  5.799  5.705  5.930  5.783  5.820  5.771  5.802  5.899  5.694  5.781  5.768  5.858
3.434  3.459  3.611  3.664  3.555  3.611  3.526  3.689  3.689  3.807  3.555  3.780  3.824  3.871  3.714  3.689  3.664  3.497  3.829  3.850  3.738  3.611  3.611  3.714  3.497  3.664  3.624  3.526  3.401  3.555  3.466  3.761  3.932  3.497  3.550  3.664  3.459  3.490  3.466  3.497  3.784  3.497
4.357  4.190  4.382  4.382  4.357  4.205  4.277  4.277  4.575  4.520  4.454  4.367  4.431  4.489  4.682  4.317  4.277  4.317  4.605  4.443  4.404  4.167  4.231  4.369  4.304  4.174  4.398  4.363  4.086  4.304  4.205  4.344  4.382  4.454  4.428  4.277  4.108  4.167  4.119  4.094  4.419  4.290
