3.584  3.367  3.466  3.395  3.584  3.497  3.526  3.434  3.526  3.466  3.296  3.459  3.638  3.664  3.526  3.434  3.466  3.689  3.550  3.784  3.632  3.497  3.520  3.584  3.367  3.526  3.526  3.555  3.401  3.466  3.367  3.584  3.434  3.497  3.466  3.555  3.638  3.526  3.401  3.434  3.434  3.434
3.761  3.434  3.584  3.444  3.611  3.497  3.632  3.745  3.434  3.611  3.325  3.584  3.689  3.638  3.664  3.714  3.497  3.664  3.645  3.664  3.555  3.664  3.584  3.671  3.584  3.611  3.584  3.466  3.401  3.638  3.401  3.611  3.450  3.578  3.434  3.401  3.497  3.497  3.367  3.526  3.434  3.497
3.938  3.867  3.967  3.807  4.094  3.912  3.882  3.951  3.989  4.111  3.932  3.989  4.143  4.127  4.205  3.912  3.871  4.043  4.025  4.078  4.060  3.850  3.970  4.060  3.892  3.829  3.932  3.738  3.664  3.892  3.761  3.942  3.892  3.784  4.190  3.892  3.892  3.912  3.970  3.738  3.761  4.043
3.951  3.761  3.951  3.807  3.761  3.871  3.733  3.922  3.912  3.951  3.658  3.850  3.912  3.970  4.111  3.846  3.784  3.784  3.850  3.850  3.970  3.829  3.871  3.892  3.780  3.850  3.714  3.714  3.611  3.738  3.807  3.784  3.807  3.807  3.738  3.761  3.684  3.784  3.638  3.714  3.689  3.689
4.820  4.718  4.745  4.666  4.718  4.671  4.860  4.673  4.625  4.749  4.605  4.726  4.762  4.721  4.745  4.522  4.357  4.718  4.804  4.603  4.700  4.595  4.575  4.718  4.625  4.671  4.718  4.486  4.419  4.454  4.511  4.541  4.673  4.511  4.543  4.762  4.654  4.573  4.741  4.559  4.431  4.554
4.205  3.970  4.078  4.182  4.143  3.947  4.078  4.159  4.127  4.190  4.205  4.004  4.324  4.315  4.263  3.932  3.985  4.094  4.174  4.174  4.190  4.205  3.928  4.164  3.829  4.174  4.007  3.970  3.892  3.989  3.918  3.989  3.951  4.025  4.078  4.094  3.951  4.074  3.970  3.951  4.007  4.043
4.452  4.301  4.407  4.331  4.382  4.369  4.376  4.350  4.431  4.533  4.422  4.454  4.546  4.585  4.615  4.234  4.256  4.357  4.511  4.357  4.585  4.317  4.466  4.410  4.392  4.344  4.394  4.277  4.344  4.344  4.174  4.156  4.369  4.357  4.394  4.357  4.246  4.344  4.290  4.317  4.111  4.277
4.231  4.060  4.290  4.290  4.190  4.263  4.234  4.304  4.060  4.407  4.407  4.416  4.483  4.394  4.454  4.263  4.344  4.290  4.394  4.331  4.434  4.234  4.220  4.263  4.354  4.094  4.217  4.248  4.043  4.159  4.140  4.069  4.205  4.317  4.382  4.248  4.094  4.057  4.111  4.043  4.043  4.331
3.428  3.520  3.367  3.367  3.497  3.395  3.555  3.466  3.570  3.555  3.332  3.434  3.466  3.605  3.664  3.526  3.584  3.497  3.664  3.689  3.784  3.555  3.638  3.555  3.497  3.401  3.584  3.535  3.434  3.535  3.459  3.526  3.638  3.367  3.605  3.497  3.434  3.584  3.367  3.555  3.367  3.497
3.288  3.401  3.332  3.332  3.367  3.325  3.296  3.497  3.219  3.497  3.250  3.434  3.466  3.401  3.395  3.428  3.367  3.296  3.497  3.638  3.497  3.367  3.332  3.367  3.367  3.367  3.401  3.384  3.332  3.434  3.250  3.401  3.555  3.367  3.332  3.296  3.367  3.296  3.178  3.332  3.239  3.258
4.898  5.030  4.963  4.511  5.083  5.147  4.522  4.997  5.118  5.034  4.963  5.049  5.215  5.088  5.215  4.913  4.635  4.949  5.112  5.011  4.992  4.852  4.796  4.860  4.796  4.920  4.682  4.860  4.567  4.663  4.745  4.787  4.860  4.771  4.836  4.890  4.718  4.929  5.007  4.836  4.700  4.847
4.615  4.615  4.511  4.174  4.700  4.730  4.220  4.533  4.868  4.760  4.663  4.766  4.796  4.852  4.920  4.578  4.407  4.613  4.831  4.727  4.839  4.673  4.625  4.663  4.407  4.466  4.440  4.630  4.304  4.341  4.522  4.595  4.500  4.522  4.583  4.644  4.691  4.516  4.654  4.595  4.382  4.564
5.352  5.198  5.239  5.311  5.071  5.142  5.215  5.170  5.333  5.277  5.252  5.273  5.298  5.282  5.313  5.236  5.187  5.193  5.308  5.236  5.255  5.176  5.231  5.043  5.288  5.384  5.153  5.225  5.142  5.241  5.170  5.209  5.143  5.242  5.169  5.220  5.252  5.231  5.147  5.203  5.165  5.234
4.633  4.477  4.552  4.516  4.277  4.357  4.575  4.605  4.605  4.522  4.454  4.564  4.727  4.557  4.500  4.304  4.419  4.466  4.615  4.613  4.522  4.464  4.522  4.522  4.344  4.564  4.394  4.234  4.248  4.369  4.220  4.248  4.317  4.407  4.394  4.431  4.331  4.394  4.392  4.394  4.248  4.341
4.644  4.615  4.618  4.585  4.575  4.625  4.489  4.625  4.644  4.762  4.673  4.700  4.673  4.511  4.787  4.500  4.613  4.666  4.677  4.970  4.760  4.691  4.727  4.762  4.554  4.382  4.475  4.344  4.317  4.557  4.615  4.625  4.481  4.575  4.630  4.682  4.673  4.466  4.844  4.489  4.428  4.511
4.443  4.350  4.460  4.543  4.382  4.341  4.263  4.443  4.382  4.407  4.290  4.401  4.522  4.477  4.635  4.344  4.367  4.554  4.567  4.554  4.585  4.489  4.543  4.530  4.369  4.369  4.331  4.344  4.220  4.256  4.205  4.392  4.452  4.363  4.382  4.401  4.256  4.382  4.434  4.394  4.220  4.443
4.615  4.533  4.489  4.533  4.694  4.662  4.489  4.522  4.520  4.605  4.605  4.654  4.730  4.779  4.792  4.460  4.543  4.505  4.762  4.644  4.710  4.652  4.635  4.721  4.440  4.585  4.543  4.454  4.357  4.331  4.428  4.509  4.557  4.516  4.472  4.452  4.543  4.498  4.472  4.354  4.357  4.469
4.466  4.431  4.475  4.527  4.301  4.440  4.394  4.419  4.431  4.407  4.331  4.477  4.543  4.585  4.585  4.331  4.500  4.428  4.511  4.500  4.522  4.575  4.564  4.605  4.425  4.407  4.394  4.394  4.263  4.331  4.407  4.477  4.483  4.514  4.466  4.477  4.357  4.369  4.317  4.277  4.248  4.369
4.382  4.328  4.564  4.522  4.416  4.440  4.380  4.348  4.357  4.382  4.394  4.317  4.625  4.331  4.595  4.335  4.248  4.382  4.431  4.500  4.522  4.317  4.477  4.530  4.263  4.143  4.143  4.220  3.989  4.231  4.234  4.376  4.344  4.295  4.304  4.382  4.190  4.344  4.369  4.382  4.290  4.260
4.007  4.078  4.034  4.043  4.099  4.094  4.127  4.007  3.912  4.174  4.048  4.234  4.174  4.094  4.159  4.025  4.060  4.043  4.234  4.231  4.220  4.094  4.022  4.227  4.007  3.892  3.970  3.951  3.738  3.807  4.094  4.091  4.174  3.824  4.174  4.143  3.892  3.932  4.111  3.871  3.829  3.951
5.050  5.106  4.898  4.977  4.990  4.949  4.919  4.961  4.961  5.030  4.905  5.037  5.293  5.071  5.094  4.984  5.081  5.063  5.118  5.170  5.100  4.875  4.894  4.920  4.927  5.075  4.990  4.635  4.860  4.802  4.986  4.990  4.984  4.952  5.105  4.949  4.804  4.970  5.032  4.905  5.037  4.956
5.586  5.380  5.322  5.476  5.513  5.442  5.347  5.451  5.421  5.587  5.553  5.565  5.731  5.476  5.628  5.465  5.622  5.641  5.416  5.606  5.403  5.342  5.283  5.472  5.318  5.568  5.313  5.307  5.256  5.135  5.273  5.252  5.407  5.437  5.338  5.409  5.278  5.493  5.356  5.380  5.333  5.396
