5.096  4.790  4.975  4.796  4.875  4.970  4.890  5.063  5.055  5.124  4.922  5.068  5.176  4.828  4.977  4.956  4.771  4.990  5.164  5.047  4.997  4.905  4.749  4.691  4.927  4.975  4.934  4.920  4.727  4.806  4.635  4.657  4.920  4.990  4.860  4.868  4.848  4.956  4.920  4.920  4.796  5.004
4.274  4.174  4.263  3.970  4.094  4.127  4.274  4.220  4.304  4.357  4.060  4.205  4.174  4.315  4.290  4.159  4.025  4.007  4.174  4.205  4.248  4.091  4.127  4.086  4.060  4.220  4.007  4.094  4.007  4.140  3.807  3.989  3.989  4.007  4.127  4.078  3.985  3.989  4.025  3.989  3.947  4.007
4.477  4.290  4.392  4.489  4.344  4.466  4.274  4.317  4.394  4.425  4.498  4.466  4.533  4.489  4.454  4.220  4.234  4.205  4.575  4.369  4.533  4.369  4.367  4.205  4.317  4.220  4.290  4.382  4.148  4.132  4.220  4.290  4.220  4.331  4.382  4.416  4.234  4.220  4.369  4.511  4.248  4.290
3.689  3.664  3.638  3.689  3.584  3.497  3.664  3.689  3.761  3.638  3.466  3.611  3.932  3.932  3.932  3.638  3.526  3.605  3.795  3.829  3.784  3.584  3.689  3.714  3.664  3.584  3.550  3.611  3.497  3.701  3.434  3.555  3.768  3.367  3.466  3.605  3.584  3.555  3.401  3.450  3.434  3.611
5.802  5.553  5.597  5.695  5.652  5.617  5.645  5.677  5.740  5.796  5.823  5.756  5.800  5.686  5.732  5.710  5.571  5.554  5.746  5.609  5.670  5.724  5.730  5.656  5.665  5.654  5.595  5.583  5.426  5.633  5.700  5.501  5.471  5.733  5.631  5.565  5.649  5.690  5.670  5.663  5.557  5.575
4.836  4.883  4.933  4.889  4.913  4.905  5.236  4.836  5.069  4.990  5.030  5.063  5.193  5.030  4.883  4.963  4.905  4.942  5.158  5.130  5.050  4.920  5.037  5.100  4.890  4.804  4.963  4.913  5.001  5.032  4.883  5.024  4.832  4.913  4.934  4.913  4.920  4.820  4.920  4.875  4.644  4.800
5.106  4.970  5.147  5.037  4.984  5.094  4.982  5.169  5.100  5.263  5.127  5.170  5.209  5.100  5.170  4.999  4.965  4.997  5.153  5.123  5.136  5.030  5.088  5.004  4.949  5.118  5.043  5.043  4.787  5.001  4.905  4.868  4.949  5.064  4.984  5.124  4.913  4.927  4.977  4.890  4.913  4.896
4.234  4.171  4.111  4.156  4.304  4.234  4.344  4.159  4.220  4.290  4.234  4.263  4.509  4.369  4.416  4.256  4.386  4.205  4.357  4.295  4.419  4.220  4.111  4.246  4.127  4.078  4.234  4.263  4.111  4.159  4.248  4.127  4.159  4.256  4.143  4.127  4.263  4.234  4.094  4.013  4.060  4.217
5.093  4.956  4.990  4.949  5.004  5.075  4.875  5.058  4.990  5.242  4.920  5.016  5.124  5.069  5.097  4.977  4.762  5.115  4.982  4.984  5.037  5.017  4.970  5.100  4.804  4.920  4.854  4.839  4.762  4.860  4.887  4.718  4.934  4.868  4.898  4.927  4.913  4.792  4.794  4.913  4.754  4.802
4.277  4.078  4.317  3.784  4.007  4.094  4.025  3.989  4.174  4.317  4.043  4.174  4.190  4.140  4.111  4.078  4.091  4.127  4.156  4.234  4.220  4.205  4.078  4.331  3.976  4.060  4.060  3.967  4.004  4.174  4.190  4.025  3.932  3.829  4.043  3.989  4.025  3.784  3.989  3.912  3.932  3.908
5.219  5.285  5.226  5.222  5.204  5.315  5.278  5.308  5.231  5.442  5.204  5.293  5.460  5.394  5.381  5.050  5.236  5.164  5.347  5.252  5.497  5.389  5.334  5.451  5.182  5.233  5.273  5.088  5.153  5.176  5.220  5.075  5.124  5.403  5.226  5.193  5.263  5.118  5.052  4.972  5.016  5.063
4.613  4.595  4.511  4.489  4.564  4.443  4.718  4.644  4.652  4.635  4.541  4.567  4.812  4.860  4.816  4.567  4.754  4.640  4.736  4.727  4.852  4.828  4.696  4.836  4.718  4.680  4.682  4.883  4.883  4.796  4.489  4.522  4.552  4.554  4.663  4.644  4.511  4.642  4.434  4.593  4.628  4.635
5.398  5.407  5.338  5.220  5.501  5.396  5.368  5.286  5.361  5.412  5.371  5.429  5.489  5.434  5.519  5.372  5.118  5.550  5.421  5.197  5.357  5.231  5.357  5.342  5.140  5.142  5.198  5.105  5.043  5.037  5.176  5.112  5.173  5.303  5.209  5.130  5.124  5.204  5.147  5.382  5.185  5.165
4.111  4.317  4.111  4.025  4.159  3.951  4.091  3.989  4.217  4.043  4.127  4.111  4.159  4.220  4.202  4.274  3.902  4.164  4.234  4.060  4.111  3.989  4.431  4.288  3.850  4.159  4.143  3.761  3.871  3.784  4.060  3.989  3.892  4.066  4.025  4.043  3.951  4.043  4.060  3.912  3.902  3.995
5.310  5.081  5.170  5.050  5.313  5.278  4.997  5.130  5.147  5.394  5.207  5.313  5.416  5.323  5.497  5.124  4.836  5.365  5.270  5.187  5.142  4.942  4.890  5.032  5.064  5.050  4.949  5.136  4.811  4.812  5.088  4.883  5.099  5.152  5.004  5.176  5.024  5.257  5.153  5.283  5.004  5.081
4.277  4.248  4.060  4.290  4.277  4.394  4.263  4.394  4.143  4.407  4.454  4.304  4.522  4.647  4.564  4.382  4.234  4.392  4.382  4.407  4.363  4.205  4.274  4.382  4.227  4.234  4.277  4.234  4.103  4.174  4.159  4.187  4.190  4.311  4.143  4.367  4.060  4.344  4.348  4.344  4.078  4.143
6.504  6.294  6.405  6.454  6.417  6.372  6.258  6.402  6.292  6.512  6.378  6.404  6.504  6.399  6.529  6.265  6.201  6.391  6.410  6.497  6.312  6.282  6.315  6.328  6.125  6.142  6.151  6.163  6.153  6.163  6.275  6.201  6.373  6.366  6.402  6.415  6.217  6.504  6.512  6.385  6.105  6.215
5.541  5.533  5.476  5.560  5.468  5.451  5.412  5.453  5.525  5.476  5.541  5.481  5.595  5.460  5.673  5.429  5.489  5.489  5.562  5.551  5.583  5.544  5.412  5.609  5.380  5.364  5.301  5.303  5.165  5.263  5.366  5.455  5.407  5.394  5.444  5.565  5.407  5.447  5.572  5.425  5.342  5.390
4.824  4.654  4.575  4.691  4.673  4.644  4.717  4.787  4.779  4.766  4.804  4.696  4.881  4.787  4.920  4.654  4.676  4.673  4.890  4.860  4.804  4.779  4.559  4.820  4.492  4.682  4.522  4.443  4.431  4.564  4.575  4.407  4.745  4.771  4.779  4.625  4.595  4.593  4.654  4.489  4.673  4.727
4.832  4.727  4.844  4.796  4.905  4.920  4.934  4.890  4.963  4.956  4.905  4.905  4.984  4.860  5.043  4.662  4.913  4.736  4.963  4.970  5.017  4.866  4.771  4.875  4.847  4.905  4.796  4.654  4.500  4.736  4.654  4.712  4.796  4.934  4.890  4.835  4.714  4.779  4.835  4.796  4.736  4.898
6.389  6.089  6.271  6.144  6.244  6.239  6.061  6.155  6.188  6.311  6.324  6.257  6.356  6.297  6.328  6.142  5.991  6.370  6.315  6.240  6.153  6.174  6.030  6.129  6.028  6.190  6.142  6.282  5.886  6.009  6.105  5.911  6.142  6.230  6.118  6.211  6.023  6.213  6.259  6.286  6.111  6.182
5.511  5.451  5.493  5.549  5.595  5.565  5.421  5.394  5.455  5.612  5.505  5.582  5.679  5.733  5.638  5.525  5.437  5.537  5.684  5.617  5.673  5.572  5.494  5.489  5.433  5.451  5.397  5.481  5.254  5.398  5.442  5.278  5.505  5.529  5.448  5.472  5.481  5.438  5.407  5.375  5.371  5.497
