4.625  4.311  4.331  4.543  4.401  4.363  4.304  4.388  4.220  4.419  4.533  4.344  4.549  4.369  4.290  4.290  4.127  4.357  4.331  4.522  4.382  4.331  4.220  4.263  4.277  4.248  4.135  4.288  3.970  4.094  4.234  4.094  4.357  4.205  4.205  4.060  4.034  4.394  4.263  4.217  4.127  4.317
4.466  4.267  4.382  4.466  4.477  4.466  4.190  4.231  4.025  4.304  4.111  4.304  4.234  4.143  4.970  4.205  4.060  3.989  4.220  4.159  4.234  4.159  4.304  4.159  4.220  4.143  4.078  3.871  3.850  3.850  4.094  4.043  4.202  4.220  4.111  4.043  4.190  4.315  4.127  4.025  4.190  4.094
3.951  3.908  3.761  3.807  3.638  3.829  3.784  3.733  3.850  3.989  3.611  3.761  4.025  3.892  3.850  3.807  3.584  3.807  3.912  3.850  3.871  3.829  3.733  3.738  3.664  3.829  3.738  3.638  3.684  3.638  3.689  3.611  3.807  3.584  3.871  3.689  3.664  3.850  3.850  3.714  3.526  3.829
3.689  3.892  3.714  3.714  3.714  3.795  3.795  3.714  3.829  3.658  3.846  3.714  3.947  3.961  3.912  3.684  3.850  3.689  3.839  3.922  3.664  3.773  3.829  3.829  4.016  3.835  3.555  3.555  3.671  3.807  3.645  3.709  3.584  3.605  3.757  3.714  3.684  3.497  3.689  3.658  3.780  3.638
5.947  5.814  5.852  6.042  5.883  5.905  5.922  5.883  5.841  5.921  5.565  5.527  5.970  5.996  6.061  5.853  5.879  5.753  6.026  6.024  6.127  6.043  5.894  6.091  5.886  5.956  5.762  6.054  5.878  5.971  5.723  5.774  5.684  5.864  5.875  5.820  5.829  5.859  5.806  5.730  5.792  5.784
5.407  5.366  5.403  5.431  5.429  5.465  5.434  5.318  5.515  5.423  5.226  5.193  5.515  5.519  5.561  5.347  5.327  5.368  5.588  5.388  5.537  5.407  5.447  5.412  5.328  5.333  5.236  5.327  5.190  5.118  5.346  5.298  5.278  5.340  5.324  5.375  5.373  5.310  5.424  5.338  5.402  5.283
4.094  4.060  4.111  4.043  4.182  4.111  4.007  4.159  4.025  4.140  3.970  4.190  4.156  4.220  4.263  3.989  3.985  4.190  4.174  4.290  4.220  4.174  4.074  4.099  4.159  3.989  4.025  4.043  4.159  4.060  4.078  4.143  4.248  3.932  4.043  4.043  4.094  3.850  3.912  3.928  3.970  4.007
4.190  4.217  4.156  4.167  4.190  4.060  4.060  4.174  4.220  4.220  4.127  4.382  4.344  4.182  4.357  4.111  4.174  4.304  4.311  4.331  4.256  4.205  4.217  4.454  4.091  4.231  4.277  4.148  4.094  4.007  4.094  4.234  4.220  4.124  4.205  4.205  4.174  4.205  4.171  4.091  4.159  4.119
3.296  3.367  3.401  3.444  3.296  3.258  3.395  3.466  3.466  3.401  3.332  3.434  3.526  3.497  3.689  3.497  3.367  3.401  3.611  3.555  3.689  3.584  3.418  3.689  3.520  3.332  3.401  3.296  3.367  3.466  3.360  3.434  3.466  3.296  3.288  3.526  3.270  3.332  3.401  3.434  3.258  3.434
3.401  3.367  3.401  3.497  3.497  3.401  3.395  3.664  3.555  3.466  3.367  3.466  3.638  3.664  3.784  3.526  3.714  3.367  3.888  3.738  3.807  3.459  3.401  3.584  3.434  3.367  3.466  3.401  3.401  3.466  3.401  3.555  3.535  3.512  3.434  3.611  3.490  3.178  3.434  3.367  3.219  3.497
4.331  4.267  4.382  4.392  4.111  4.234  4.190  4.277  4.263  4.263  4.111  4.290  4.367  4.288  4.263  4.143  4.143  4.394  4.220  4.382  4.290  4.156  4.164  4.357  4.025  4.190  4.094  4.190  4.127  4.094  4.190  4.127  4.234  4.190  4.431  4.217  4.171  4.220  4.025  4.094  3.951  4.231
4.331  4.277  4.543  4.398  4.277  4.344  4.248  4.260  4.220  4.277  4.143  4.431  4.443  4.477  4.407  4.159  4.205  4.331  4.277  4.321  4.522  4.248  4.202  4.317  4.234  4.111  4.290  4.224  4.234  4.248  4.281  4.205  4.241  4.159  4.277  4.234  4.224  4.304  4.217  4.025  4.174  4.234
4.057  3.850  4.074  3.989  3.892  3.970  3.871  3.989  4.025  4.060  4.034  4.094  4.174  4.111  4.290  3.912  4.022  4.174  4.205  4.060  4.078  3.989  3.970  4.159  4.108  3.850  3.908  3.871  3.912  3.850  3.850  3.908  4.127  4.060  3.850  3.989  3.761  3.761  3.932  3.871  4.094  3.829
3.738  3.738  3.938  3.761  3.664  3.761  3.932  3.714  3.829  3.951  3.761  3.784  4.025  3.970  4.094  3.584  3.638  3.632  3.871  3.846  4.060  3.757  3.664  3.928  3.780  3.676  3.888  3.526  3.555  3.684  3.632  3.795  3.684  3.611  3.738  3.733  3.638  3.689  3.526  3.664  3.714  3.813
3.761  3.689  3.928  3.985  3.807  3.892  3.664  3.871  3.850  3.871  3.824  3.850  3.932  4.007  3.989  3.738  3.784  3.938  3.912  3.989  3.989  3.807  3.738  3.892  3.857  3.970  3.846  3.526  3.733  3.807  3.784  3.784  3.761  3.761  3.871  3.780  3.784  3.807  3.738  3.714  3.902  3.813
4.111  4.143  4.060  4.060  4.094  3.989  4.143  3.970  4.043  4.127  4.091  4.094  4.190  4.217  4.290  4.007  4.143  4.074  4.094  4.277  4.246  4.143  4.078  4.159  3.970  4.234  3.912  4.007  3.807  3.989  3.970  4.074  4.094  4.094  4.025  4.043  4.043  4.127  3.951  3.892  4.043  4.004
3.850  3.738  3.888  3.761  3.871  3.784  4.007  3.932  3.989  3.888  3.951  3.912  4.111  3.989  4.040  3.807  3.850  3.829  3.912  3.951  4.057  3.932  3.932  3.970  3.807  3.850  3.902  3.807  3.850  3.664  3.829  3.850  3.871  3.664  3.850  3.912  3.784  3.638  3.689  3.584  3.689  3.807
3.970  3.807  3.850  4.171  3.829  3.951  3.850  3.784  3.867  3.967  3.912  3.867  3.951  3.989  4.127  3.761  3.784  3.892  3.951  4.007  4.043  3.871  3.829  3.928  3.867  3.738  3.850  3.784  3.829  3.714  3.784  3.829  3.892  3.784  3.761  3.714  3.850  3.721  3.807  3.658  3.839  3.807
4.710  4.522  4.373  4.615  4.682  4.580  4.595  4.522  4.554  4.654  4.533  4.527  4.762  4.718  4.710  4.434  4.605  4.511  4.625  4.808  4.691  4.635  4.623  4.615  4.673  4.407  4.419  4.454  4.248  4.458  4.466  4.575  4.559  4.492  4.644  4.431  4.494  4.595  4.536  4.477  4.522  4.382
4.500  4.357  4.452  4.477  4.530  4.382  4.392  4.446  4.407  4.407  4.394  4.382  4.633  4.595  4.682  4.466  4.407  4.498  4.543  4.654  4.644  4.454  4.598  4.564  4.331  4.304  4.234  4.205  4.317  4.094  4.277  4.394  4.363  4.369  4.369  4.407  4.369  4.500  4.335  4.209  4.231  4.304
4.428  4.341  4.407  4.477  4.304  4.511  4.344  4.595  4.564  4.585  4.431  4.500  4.680  4.575  4.779  4.394  4.394  4.454  4.625  4.663  4.564  4.477  4.357  4.443  4.407  4.522  4.357  4.533  4.263  4.260  4.290  4.394  4.580  4.663  4.554  4.500  4.440  4.443  4.522  4.431  4.304  4.234
4.812  4.511  4.727  4.700  4.690  4.758  4.605  4.663  4.625  4.796  4.662  4.736  4.852  4.883  5.011  4.710  4.682  4.828  4.762  4.771  4.877  4.700  4.625  4.779  4.673  4.673  4.691  4.654  4.511  4.382  4.585  4.489  4.625  4.682  4.710  4.654  4.500  4.564  4.533  4.500  4.559  4.263
