4.844  4.464  4.682  4.691  4.682  4.754  4.638  4.635  4.782  4.787  4.595  4.663  4.649  4.543  4.926  4.583  4.477  4.635  4.779  4.883  4.812  4.690  4.416  4.500  4.489  4.642  4.407  4.543  4.344  4.554  4.511  4.538  4.828  4.522  4.486  4.595  4.477  4.628  4.533  4.440  4.575  4.533
5.961  5.707  5.866  5.855  5.984  5.953  5.969  6.035  5.983  6.125  6.025  6.021  6.054  5.859  6.035  5.855  5.787  5.817  5.981  5.821  5.866  5.869  5.707  5.904  5.720  5.727  5.737  5.710  5.642  5.716  5.905  5.763  5.829  5.852  5.908  5.845  5.906  5.842  5.951  5.720  5.730  5.771
5.407  5.147  5.142  5.313  5.250  5.283  5.372  5.273  5.345  5.442  5.333  5.493  5.413  5.338  5.485  5.159  5.170  5.293  5.416  5.318  5.380  5.351  5.147  5.382  5.175  5.106  5.147  5.136  5.017  5.124  5.215  5.197  5.333  5.165  5.332  5.215  5.176  5.252  5.215  5.159  5.223  5.159
6.708  6.489  6.589  6.618  6.635  6.659  6.692  6.640  6.678  6.852  6.727  6.750  6.669  6.596  6.704  6.483  6.592  6.531  6.637  6.582  6.646  6.583  6.542  6.558  6.381  6.450  6.525  6.548  6.404  6.471  6.545  6.524  6.594  6.504  6.628  6.521  6.600  6.568  6.633  6.501  6.436  6.523
6.394  6.227  6.424  6.209  6.178  6.390  6.312  6.205  6.514  6.304  6.378  6.356  6.314  6.151  6.290  6.213  6.017  6.183  6.321  6.184  6.370  6.237  6.242  6.317  6.080  5.969  6.105  6.087  5.928  6.165  6.194  6.087  6.244  6.172  6.039  6.087  6.107  6.170  6.491  6.057  6.150  6.186
6.376  6.156  6.423  6.252  6.364  6.409  6.375  6.273  6.293  6.439  6.458  6.355  6.429  6.136  6.371  6.299  6.052  6.400  6.415  6.190  6.358  6.249  6.183  6.486  6.230  5.989  6.227  6.120  5.961  6.129  6.236  6.120  6.238  6.364  6.324  6.184  6.306  6.127  6.230  6.073  6.232  6.395
5.366  5.273  5.323  5.380  5.263  5.342  5.517  5.389  5.466  5.347  5.361  5.485  5.318  5.283  5.485  5.429  5.460  5.412  5.666  5.656  6.052  6.168  6.004  6.170  5.223  5.193  5.398  5.152  5.029  5.198  5.204  5.407  5.323  5.429  5.342  5.283  5.587  5.333  5.288  5.189  5.327  5.288
5.976  6.026  5.894  5.961  5.961  6.016  6.135  6.080  6.174  6.234  6.198  6.105  6.203  5.971  6.144  6.068  6.066  6.050  6.201  5.983  6.221  6.217  6.205  6.207  5.951  6.006  6.047  6.031  5.909  6.059  6.166  6.180  6.083  6.201  6.198  6.151  6.070  5.994  5.908  5.911  5.930  5.924
5.944  5.756  5.986  5.953  5.991  5.966  6.019  5.986  5.974  5.984  5.851  6.006  6.001  5.858  6.091  5.864  5.905  5.787  6.028  6.004  6.086  6.072  5.889  5.953  5.794  5.737  5.647  5.636  5.596  5.638  5.700  5.835  5.823  5.872  5.924  5.822  5.908  5.894  5.872  5.799  5.855  5.899
5.497  5.663  5.338  5.394  5.425  5.549  5.673  5.481  5.635  5.762  5.730  5.545  5.620  5.633  5.768  5.578  5.645  5.546  5.654  5.478  5.838  5.756  5.706  5.690  5.489  5.464  5.628  5.533  5.505  5.568  5.645  5.570  5.407  5.687  5.680  5.684  5.568  5.438  5.423  5.505  5.394  5.447
6.323  6.238  6.292  6.122  6.377  6.340  6.133  6.265  6.215  6.252  5.989  6.158  6.351  6.356  6.402  6.213  6.081  6.269  6.292  6.282  6.286  6.203  6.254  6.301  6.047  6.100  6.059  6.142  5.886  6.000  6.279  6.082  6.114  6.151  6.153  6.211  6.244  6.299  6.354  6.242  6.064  6.174
6.006  5.969  5.826  5.866  5.999  6.043  5.924  6.029  5.932  5.956  5.679  5.817  6.198  6.109  6.084  5.886  5.844  5.878  5.979  5.964  6.041  5.881  5.994  6.057  5.756  5.617  5.793  5.892  5.659  5.759  5.995  5.889  5.770  5.823  5.881  5.894  5.956  6.023  6.082  5.958  5.768  5.917
4.909  4.710  4.718  4.819  4.700  4.700  4.796  4.575  4.691  4.949  4.824  4.927  4.877  4.700  4.919  4.710  4.564  4.708  4.816  4.852  4.905  4.745  4.673  4.913  4.638  4.615  4.644  4.595  4.554  4.691  4.644  4.700  4.663  4.585  4.628  4.654  4.605  4.466  4.625  4.615  4.595  4.585
4.874  4.828  4.673  4.844  4.754  4.700  4.726  4.760  4.787  4.987  4.926  4.920  4.905  4.710  4.812  4.673  4.708  4.625  4.864  4.771  5.003  4.779  4.677  4.752  4.543  4.554  4.708  4.543  4.404  4.585  4.644  4.771  4.771  4.718  4.756  4.691  4.610  4.511  4.625  4.564  4.573  4.635
4.246  4.159  4.369  4.344  4.317  4.174  4.171  4.127  4.263  4.324  4.171  4.398  4.382  4.260  4.500  4.190  4.159  4.234  4.344  4.407  4.304  4.220  4.220  4.248  4.094  4.007  4.040  4.190  4.060  4.060  4.156  4.060  4.290  4.212  4.174  4.159  4.091  4.220  4.143  4.290  4.127  4.143
4.454  4.179  4.477  4.419  4.559  4.344  4.317  4.331  4.304  4.593  4.344  4.440  4.554  4.567  4.522  4.369  4.317  4.475  4.398  4.680  4.304  4.159  4.277  4.263  4.382  4.317  4.263  4.317  4.148  3.892  4.270  4.220  4.454  4.317  4.248  4.382  4.190  4.328  4.277  4.304  4.205  4.331
4.654  4.644  4.466  4.554  4.419  4.357  4.431  4.464  4.466  4.585  4.595  4.595  4.691  4.549  4.762  4.511  4.369  4.595  4.613  4.564  4.595  4.315  4.431  4.486  4.328  4.304  4.500  4.464  4.167  4.270  4.543  4.331  4.615  4.657  4.605  4.527  4.477  4.489  4.410  4.489  4.443  4.522
4.025  4.025  4.151  4.025  3.892  4.190  3.989  3.970  4.217  4.234  3.985  4.043  4.159  4.234  4.328  4.094  3.970  4.124  4.205  4.234  4.190  4.116  4.111  4.341  4.007  4.007  4.007  4.043  3.733  3.892  3.970  4.143  4.069  4.078  4.143  4.025  4.074  3.951  4.057  3.970  3.942  3.970
5.749  5.707  5.866  5.759  5.720  5.730  5.757  5.635  5.814  5.849  5.866  5.771  5.805  5.727  5.962  5.656  5.727  5.730  5.804  5.883  5.905  5.707  5.724  5.840  5.714  5.587  5.678  5.620  5.609  5.649  5.609  5.714  5.709  5.779  5.826  5.756  5.629  5.756  5.738  5.509  5.652  5.611
5.442  5.447  5.384  5.429  5.394  5.333  5.525  5.265  5.384  5.447  5.476  5.371  5.509  5.523  5.687  5.301  5.455  5.242  5.333  5.416  5.617  5.455  5.489  5.591  5.298  5.333  5.357  5.257  5.342  5.375  5.366  5.455  5.384  5.370  5.476  5.509  5.323  5.384  5.337  5.303  5.242  5.200
5.004  5.043  5.106  4.954  4.982  5.099  4.990  4.945  5.093  5.075  4.977  5.142  5.091  5.075  5.203  4.920  5.017  5.187  5.080  5.080  5.293  5.099  5.043  5.075  4.963  4.956  5.081  4.913  4.898  5.004  4.934  5.106  5.047  5.074  5.114  5.030  4.949  4.844  4.999  5.004  4.902  5.017
4.779  4.710  4.844  4.717  4.762  4.844  4.696  4.700  4.868  4.727  4.904  4.905  4.877  4.836  4.933  4.673  4.642  4.898  4.850  4.718  4.984  4.710  4.673  4.894  4.691  4.812  4.875  4.630  4.796  4.844  4.691  4.690  4.836  4.844  4.771  4.836  4.736  4.654  4.745  4.623  4.620  4.835
