3.526  3.219  3.332  3.332  3.401  3.401  3.434  3.401  3.384  3.434  3.178  3.490  3.434  3.584  3.584  3.497  3.520  3.555  3.526  3.738  3.526  3.428  3.520  3.401  3.258  3.497  3.401  3.401  3.367  3.434  3.258  3.584  3.434  3.367  3.360  3.258  3.434  3.296  3.258  3.367  3.332  3.258
3.178  3.219  3.367  3.258  3.258  3.332  3.258  3.367  3.367  3.258  3.135  3.466  3.401  3.584  3.434  3.401  3.401  3.466  3.428  3.497  3.555  3.466  3.434  3.367  3.459  3.367  3.332  3.497  3.296  3.367  3.434  3.332  3.360  3.367  3.332  3.296  3.258  3.367  3.296  3.219  3.367  3.219
3.638  3.709  3.611  3.584  3.784  3.555  3.638  3.696  3.807  3.818  3.611  3.867  3.802  3.684  4.127  3.761  3.550  3.611  3.605  3.689  3.761  3.497  3.466  3.784  3.689  3.738  3.684  3.367  3.526  3.497  3.526  3.555  3.555  3.709  3.638  3.520  3.584  3.611  3.526  3.664  3.611  3.611
3.555  3.611  3.611  3.459  3.584  3.497  3.605  3.578  3.555  3.689  3.332  3.689  3.550  3.671  3.638  3.555  3.466  3.664  3.664  3.689  3.584  3.497  3.638  3.466  3.401  3.526  3.434  3.434  3.401  3.296  3.401  3.550  3.434  3.332  3.578  3.367  3.332  3.466  3.434  3.258  3.611  3.367
6.652  6.428  6.519  6.431  6.501  6.545  6.521  6.579  6.555  6.651  6.569  6.594  6.571  6.463  6.524  6.531  6.196  6.560  6.512  6.450  6.507  6.418  6.455  6.475  6.431  6.420  6.456  6.471  6.297  6.353  6.485  6.240  6.447  6.396  6.409  6.429  6.394  6.553  6.445  6.542  6.250  6.521
6.722  6.492  6.557  6.544  6.470  6.586  6.589  6.540  6.673  6.682  6.558  6.678  6.607  6.509  6.574  6.565  6.532  6.518  6.572  6.483  6.660  6.615  6.601  6.657  6.567  6.525  6.465  6.412  6.334  6.480  6.524  6.468  6.519  6.597  6.550  6.569  6.506  6.567  6.496  6.557  6.452  6.588
4.543  4.344  4.466  4.522  4.511  4.522  4.543  4.595  4.628  4.691  4.440  4.663  4.700  4.549  4.682  4.477  4.363  4.386  4.635  4.472  4.590  4.511  4.466  4.290  4.386  4.410  4.443  4.382  4.212  4.143  4.344  4.394  4.514  4.564  4.625  4.321  4.431  4.354  4.394  4.382  4.419  4.570
4.562  4.388  4.625  4.407  4.419  4.443  4.530  4.543  4.533  4.771  4.615  4.654  4.635  4.605  4.635  4.543  4.469  4.452  4.554  4.585  4.583  4.500  4.475  4.472  4.277  4.317  4.317  4.246  4.174  4.277  4.443  4.382  4.416  4.511  4.466  4.533  4.190  4.443  4.605  4.369  4.382  4.522
5.710  5.540  5.595  5.714  5.565  5.529  5.663  5.669  5.689  5.802  5.720  5.782  5.743  5.714  5.829  5.521  5.595  5.476  5.687  5.565  5.826  5.694  5.612  5.802  5.459  5.338  5.450  5.313  5.352  5.451  5.694  5.561  5.513  5.480  5.650  5.604  5.725  5.572  5.501  5.375  5.521  5.580
5.620  5.583  5.604  5.635  5.442  5.635  5.565  5.694  5.685  5.784  5.726  5.656  5.606  5.563  5.782  5.545  5.481  5.464  5.672  5.617  5.765  5.654  5.505  5.673  5.568  5.333  5.397  5.278  5.293  5.459  5.628  5.460  5.416  5.429  5.521  5.541  5.537  5.525  5.505  5.375  5.400  5.468
4.920  4.896  4.843  4.931  4.883  4.949  4.773  4.944  4.907  5.011  4.905  5.017  4.990  4.956  5.023  4.827  4.890  4.804  5.013  4.984  4.913  4.997  4.949  4.963  4.920  4.934  4.904  4.796  4.691  4.717  4.898  4.836  4.836  4.804  4.836  4.741  4.836  4.836  4.883  4.745  4.620  4.820
4.143  4.190  4.025  4.060  3.961  4.060  4.086  4.159  4.182  4.297  4.727  4.190  4.127  4.277  4.317  3.989  4.174  4.143  4.094  4.263  4.263  4.344  4.156  4.263  4.094  3.932  4.025  4.078  4.031  3.912  4.043  4.043  4.007  3.938  3.989  4.143  4.060  4.043  4.094  4.043  3.850  4.094
7.487  7.358  7.420  7.519  7.439  7.524  7.385  7.417  7.461  7.545  7.657  7.533  7.508  7.428  7.596  7.323  7.299  7.380  7.479  7.442  7.493  7.394  7.391  7.431  7.266  7.293  7.326  7.401  7.168  7.287  7.390  7.301  7.339  7.356  7.396  7.413  7.413  7.467  7.519  7.386  7.358  7.306
7.242  7.142  7.188  7.272  7.119  7.193  7.211  7.181  7.242  7.323  7.296  7.322  7.235  7.162  7.349  7.105  7.093  7.074  7.274  7.177  7.281  7.235  7.172  7.178  7.078  7.115  7.120  7.107  7.010  7.069  7.189  7.124  7.164  7.175  7.212  7.192  7.256  7.221  7.225  7.123  7.140  7.078
5.147  5.182  5.204  5.063  4.883  4.990  5.124  4.949  4.977  5.126  5.036  5.050  5.106  4.982  5.142  5.068  5.030  5.081  5.011  4.972  5.328  5.017  4.963  5.268  5.193  4.934  4.970  5.019  4.913  5.094  4.844  4.958  4.883  5.056  5.011  4.994  4.898  4.966  5.056  4.920  4.942  4.949
4.564  4.171  4.511  4.277  4.304  4.710  4.404  4.248  4.234  4.671  4.500  4.557  5.045  4.234  4.394  4.858  4.135  4.295  4.500  4.769  4.159  4.290  4.143  4.301  4.331  4.043  4.043  4.220  4.083  4.234  4.143  4.344  4.363  4.317  4.263  4.274  4.248  4.253  4.350  4.281  3.989  4.078
3.970  3.995  4.078  4.094  3.932  4.040  3.947  3.882  3.932  4.190  3.908  4.043  4.241  3.932  4.174  3.985  3.932  3.807  4.127  4.159  4.159  4.069  4.091  4.025  3.932  3.761  3.951  3.932  3.871  4.007  3.784  4.066  4.025  3.989  4.094  4.060  4.174  3.932  3.951  3.807  4.007  3.989
4.394  4.357  4.357  4.328  4.344  4.220  4.234  4.190  4.382  4.454  4.344  4.419  4.382  4.431  4.431  4.143  4.220  4.094  4.331  4.369  4.416  4.335  4.246  4.248  4.304  4.277  4.212  4.205  4.143  4.127  4.094  4.174  4.317  4.331  4.369  4.094  4.263  4.248  4.248  4.190  4.357  4.263
5.118  5.026  4.956  5.247  5.075  5.069  4.787  4.963  4.990  5.242  5.100  5.226  5.182  5.170  5.286  4.970  4.718  5.001  5.088  5.193  5.011  4.887  5.037  4.997  4.625  4.736  4.852  4.997  4.721  4.816  4.898  4.773  4.938  4.894  4.868  4.984  4.890  4.977  5.193  4.966  4.754  4.956
5.112  4.779  5.026  5.094  5.088  5.069  4.820  4.779  4.771  5.142  4.949  5.004  5.142  5.063  5.100  4.844  4.883  4.839  5.069  5.069  4.997  4.920  4.762  4.883  4.710  4.771  4.745  4.644  4.564  4.613  4.771  4.804  4.862  4.820  4.828  4.819  4.727  4.986  5.024  4.913  4.700  4.862
4.920  4.887  4.762  4.956  4.922  4.990  4.913  4.875  4.736  5.047  4.905  4.992  5.052  4.905  5.037  4.847  4.934  4.913  4.956  4.934  4.927  4.796  4.779  4.804  4.760  4.671  4.644  4.644  4.543  4.605  4.668  4.819  4.718  4.836  4.745  4.889  4.808  4.745  4.779  4.787  4.647  4.796
4.060  4.043  4.174  4.277  4.220  4.159  4.007  4.143  4.108  4.263  4.205  4.220  4.246  4.127  4.317  4.078  4.143  4.091  4.410  4.344  4.394  4.111  4.094  4.156  4.094  4.140  3.951  4.060  3.807  3.970  3.998  4.263  4.094  4.248  4.078  4.127  4.190  4.156  4.143  3.970  4.159  3.871
