3.807  3.714  3.714  3.871  3.807  3.871  3.995  3.761  3.850  3.882  3.942  3.942  4.052  3.912  4.111  3.807  3.824  3.584  3.928  3.989  4.022  3.738  3.807  3.871  3.689  3.780  3.784  3.689  3.664  3.714  3.761  3.839  3.714  3.784  3.738  3.605  3.829  3.638  3.714  3.584  3.738  3.818
3.584  3.466  3.664  3.497  3.526  3.638  3.714  3.611  3.497  3.892  3.611  3.829  3.970  3.780  3.784  3.555  3.664  3.401  3.738  3.882  3.802  3.555  3.466  3.664  3.611  3.526  3.584  3.611  3.658  3.555  3.584  3.689  3.605  3.526  3.664  3.466  3.714  3.401  3.632  3.466  3.401  3.466
4.927  4.710  4.890  4.977  4.804  4.844  4.836  5.024  4.871  4.963  4.934  4.977  4.942  4.898  4.977  4.727  4.934  4.804  4.927  4.977  5.103  4.977  4.777  4.868  4.934  4.989  4.934  4.875  4.828  4.934  4.762  4.970  5.075  5.019  4.913  4.798  4.828  4.934  4.682  4.796  4.850  4.894
4.527  4.248  4.564  4.635  4.615  4.369  4.533  4.431  4.691  4.771  4.585  4.782  4.654  4.407  4.779  4.466  4.511  4.489  4.564  4.700  4.717  4.486  4.419  4.454  4.573  4.585  4.301  4.466  4.317  4.317  4.190  4.564  4.595  4.567  4.543  4.443  4.443  4.328  4.511  4.394  4.477  4.625
4.509  4.511  4.324  4.248  4.331  4.382  4.494  4.536  4.492  4.522  4.304  4.564  4.598  4.530  4.486  4.263  4.552  4.376  4.575  4.543  4.710  4.357  4.644  4.500  4.477  4.350  4.431  4.357  4.127  4.382  4.460  4.477  4.401  4.522  4.369  4.382  4.520  4.263  4.190  4.277  4.386  4.277
4.673  4.554  4.454  4.615  4.472  4.394  4.652  4.437  4.585  4.625  4.564  4.663  4.575  4.615  4.613  4.549  4.625  4.361  4.654  4.691  4.662  4.541  4.543  4.691  4.564  4.454  4.464  4.533  4.543  4.511  4.663  4.712  4.638  4.718  4.564  4.585  4.522  4.477  4.394  4.443  4.388  4.543
4.234  4.151  4.263  4.440  4.331  4.205  4.164  4.234  4.331  4.220  4.159  4.248  4.575  4.331  4.533  4.127  4.143  4.288  4.369  4.304  4.363  4.344  4.171  4.369  4.066  4.159  4.263  4.078  3.912  4.007  4.174  4.190  4.127  4.277  4.190  4.220  4.220  4.331  4.274  4.143  4.151  4.290
3.892  3.829  3.989  4.022  3.892  3.970  3.970  3.761  4.274  3.850  4.057  3.970  4.143  4.094  4.248  3.829  4.025  4.156  4.116  4.331  4.231  3.951  4.127  4.043  3.942  3.871  3.850  3.970  3.689  3.850  3.912  4.127  4.103  4.060  3.835  4.043  3.912  3.892  3.802  3.829  3.871  3.871
3.714  3.714  3.829  3.721  3.784  3.780  3.714  3.807  3.784  3.714  3.555  3.871  3.802  3.846  3.807  3.638  3.761  3.638  3.829  3.824  3.807  3.555  3.738  3.738  3.761  3.555  3.714  3.624  3.520  3.584  3.689  3.664  3.664  3.584  3.714  3.813  3.526  3.871  3.526  3.611  3.535  3.638
3.555  3.611  3.671  3.490  3.684  3.658  3.526  3.526  3.497  3.611  3.555  3.497  3.689  3.664  3.676  3.638  3.466  3.520  3.638  3.611  3.738  3.526  3.466  3.584  3.497  3.497  3.584  3.526  3.367  3.459  3.401  3.520  3.664  3.611  3.578  3.738  3.526  3.526  3.490  3.418  3.367  3.664
4.605  4.538  4.522  4.554  4.477  4.533  4.431  4.440  4.440  4.575  4.431  4.559  4.804  4.662  4.779  4.511  4.543  4.533  4.700  4.654  4.687  4.500  4.477  4.618  4.413  4.288  4.354  4.331  4.220  4.248  4.369  4.407  4.357  4.317  4.486  4.440  4.443  4.407  4.530  4.431  4.369  4.533
4.220  4.074  3.989  4.094  4.143  3.989  3.932  4.007  3.850  4.094  4.007  3.970  4.190  4.290  4.078  3.932  3.932  3.970  4.094  4.078  4.043  4.007  3.951  4.060  3.947  3.922  4.043  3.985  3.761  3.871  3.912  4.060  4.025  3.932  4.060  3.912  3.932  3.989  3.951  3.970  3.784  3.892
3.632  3.721  3.761  3.738  3.709  3.611  3.689  3.757  3.714  3.807  3.526  3.611  3.829  3.850  3.871  3.714  3.689  3.757  3.784  3.829  3.922  3.714  3.526  3.584  3.738  3.611  3.829  3.638  3.664  3.584  3.584  3.689  3.807  3.684  3.550  3.689  3.611  3.714  3.611  3.714  3.738  3.526
3.350  3.258  3.526  3.258  3.401  3.526  3.367  3.434  3.550  3.497  3.258  3.555  3.481  3.714  3.676  3.367  3.664  3.592  3.664  3.555  3.578  3.555  3.490  3.611  3.434  3.367  3.367  3.434  3.296  3.497  3.497  3.611  3.761  3.526  3.428  3.555  3.401  3.367  3.258  3.434  3.332  3.401
4.564  4.344  4.564  4.564  4.570  4.394  4.382  4.575  4.344  4.575  4.475  4.477  4.836  4.583  4.787  4.369  4.369  4.522  4.615  4.593  4.477  4.503  4.376  4.431  4.248  4.159  4.357  4.394  4.234  4.159  4.419  4.477  4.564  4.407  4.428  4.525  4.301  4.500  4.585  4.511  4.344  4.520
4.394  4.127  4.220  4.317  4.328  4.248  4.111  4.234  4.174  4.382  4.143  4.248  4.466  4.431  4.357  4.078  4.263  4.234  4.348  4.382  4.376  4.290  4.335  4.263  4.007  4.007  3.989  4.111  4.091  4.043  4.304  4.354  4.357  4.311  4.335  4.317  4.263  4.234  4.212  4.248  4.111  4.094
4.913  4.804  4.771  4.736  4.890  4.836  4.615  4.804  4.836  4.889  4.868  4.947  4.970  4.898  5.017  4.741  4.745  4.717  4.934  4.956  4.920  4.727  4.754  4.905  4.635  4.691  4.666  4.541  4.382  4.585  4.804  4.605  4.782  4.682  4.696  4.875  4.663  4.676  4.771  4.522  4.625  4.804
4.263  4.174  4.288  4.394  4.290  4.382  4.304  4.277  4.231  4.288  4.277  4.337  4.475  4.357  4.489  4.227  4.190  4.367  4.431  4.500  4.304  4.274  4.304  4.304  4.304  4.288  4.202  4.304  4.078  4.043  4.078  4.304  4.388  4.263  4.159  4.220  4.111  4.156  4.159  4.078  4.263  4.443
3.784  3.807  3.829  3.761  3.738  3.761  3.664  3.761  3.928  3.689  3.714  3.761  3.922  3.807  3.928  3.714  3.671  3.784  3.807  3.932  3.912  3.829  3.611  3.689  3.664  3.638  3.664  3.689  3.689  3.645  3.733  3.584  3.871  3.784  3.761  3.784  3.664  3.689  3.555  3.664  3.780  3.689
3.985  3.871  3.951  4.174  4.057  4.040  3.871  3.951  3.947  4.174  3.932  3.989  4.304  4.078  4.295  3.824  4.022  3.829  4.078  4.277  4.078  4.143  3.985  3.989  4.043  3.989  3.892  3.871  3.768  3.733  3.807  4.043  4.174  4.094  3.850  3.951  4.031  3.850  3.951  3.912  3.951  3.932
3.761  3.689  3.714  3.829  3.738  3.761  3.835  3.714  3.738  3.829  3.898  3.807  3.761  3.892  3.850  3.802  3.932  3.664  3.850  3.932  4.108  3.892  3.689  3.784  3.664  3.555  3.912  3.714  3.497  3.664  3.638  4.040  3.611  3.714  3.985  3.709  3.689  3.689  3.555  3.676  3.714  3.780
4.111  4.111  4.190  4.127  4.007  4.217  3.970  4.060  4.277  4.043  4.202  4.324  4.328  4.263  4.205  4.013  4.248  4.159  4.156  4.317  4.477  4.094  4.234  4.428  4.094  4.094  4.127  4.124  4.127  4.043  4.248  4.174  4.043  4.127  4.167  4.205  4.227  4.043  4.094  3.829  4.060  3.989
