4.500  4.394  4.304  4.392  4.267  4.361  4.422  4.434  4.317  4.511  4.477  4.394  4.440  4.382  4.394  4.263  4.260  4.331  4.500  4.511  4.466  4.369  4.290  4.357  4.263  4.407  4.290  4.174  4.234  4.111  4.267  4.234  4.394  4.281  4.290  4.344  4.190  4.248  4.331  4.301  4.234  4.290
4.143  4.111  3.912  3.932  4.060  4.043  4.190  4.143  3.951  4.043  4.022  4.143  4.246  4.060  4.143  4.108  3.928  4.127  4.111  4.074  4.127  4.111  3.970  4.078  4.094  3.995  3.957  3.970  3.932  3.989  4.078  3.989  4.007  3.938  4.078  4.124  3.714  4.143  4.043  3.912  3.912  4.043
3.611  3.721  3.555  3.696  3.555  3.738  3.611  3.611  3.780  3.689  3.550  3.733  3.867  3.784  3.802  3.664  3.689  3.714  3.709  3.761  3.784  3.638  3.664  3.824  3.714  3.526  3.638  3.497  3.466  3.526  3.611  3.611  3.689  3.526  3.645  3.689  3.555  3.555  3.497  3.520  3.550  3.738
3.466  3.466  3.638  3.535  3.466  3.401  3.434  3.520  3.332  3.714  3.584  3.584  3.584  3.526  3.829  3.520  3.434  3.401  3.550  3.714  3.664  3.584  3.555  3.664  3.332  3.401  3.490  3.497  3.526  3.401  3.367  3.671  3.526  3.497  3.541  3.434  3.526  3.434  3.332  3.258  3.444  3.401
3.989  4.086  4.078  4.052  4.078  4.132  4.167  4.069  4.159  4.094  4.025  4.205  4.025  4.174  4.174  4.004  3.989  4.111  4.369  4.143  4.290  4.094  4.127  4.190  3.989  4.013  4.007  3.951  3.784  4.025  4.094  4.108  4.025  3.970  4.078  4.174  3.989  4.025  3.892  4.060  3.932  4.220
4.060  4.174  3.970  4.167  4.078  4.013  4.043  4.094  4.043  4.124  3.850  4.220  3.989  4.060  4.060  4.151  4.078  4.007  4.190  4.234  4.331  4.108  4.220  4.159  4.043  3.807  4.091  3.871  3.867  3.912  4.025  4.182  4.025  3.989  4.007  3.829  4.078  3.947  3.761  3.989  3.784  3.912
4.357  4.094  4.598  4.454  4.248  4.647  4.317  4.394  4.290  4.331  4.394  4.357  4.443  4.525  4.443  4.369  4.234  4.317  4.533  4.382  4.687  4.382  4.321  4.263  4.331  4.382  4.116  4.140  4.091  4.007  4.174  4.220  4.341  3.989  4.143  4.111  4.190  4.304  4.304  4.025  4.369  4.263
4.025  3.980  4.344  4.140  4.143  4.246  3.892  4.143  3.912  4.231  3.912  4.108  4.263  3.970  4.127  3.882  4.094  3.850  3.989  4.241  4.174  4.091  4.025  4.007  3.989  4.159  4.043  4.022  3.714  3.850  4.022  3.928  4.143  3.784  4.007  4.016  3.850  3.888  3.871  3.892  4.060  4.043
4.922  4.743  4.844  4.682  4.868  4.644  4.685  4.717  4.691  4.970  4.796  4.820  4.771  4.635  4.898  4.522  4.543  4.727  4.741  4.875  4.796  4.787  4.489  4.710  4.559  4.425  4.509  4.394  4.304  4.466  4.543  4.472  4.595  4.615  4.736  4.644  4.605  4.522  4.533  4.443  4.431  4.549
4.718  4.511  4.477  4.454  4.541  4.522  4.644  4.394  4.367  4.654  4.489  4.419  4.687  4.443  4.605  4.331  4.615  4.489  4.522  4.573  4.605  4.331  4.498  4.570  4.331  4.401  4.452  4.380  4.317  4.407  4.431  4.494  4.357  4.477  4.511  4.454  4.277  4.431  4.407  4.394  4.354  4.440
4.573  4.530  4.394  4.615  4.419  4.454  4.533  4.290  4.419  4.564  4.522  4.533  4.595  4.386  4.605  4.357  4.277  4.263  4.625  4.549  4.605  4.533  4.357  4.687  4.431  4.295  4.443  4.234  4.253  4.220  4.410  4.367  4.522  4.357  4.413  4.357  4.380  4.290  4.248  4.357  4.248  4.394
4.187  4.111  4.277  4.394  4.357  4.209  4.159  4.205  4.335  4.407  4.388  4.335  4.308  4.454  4.449  4.143  4.231  4.248  4.554  4.489  4.277  4.143  4.078  4.382  4.174  4.274  4.220  4.317  3.912  4.190  4.231  4.174  4.248  4.127  4.135  4.124  3.970  4.156  4.317  4.143  4.043  4.043
3.689  3.584  3.947  3.850  3.555  4.007  3.638  3.584  3.784  3.784  3.434  3.689  3.761  3.912  3.892  3.714  3.738  3.989  4.025  3.951  3.970  3.664  3.784  3.989  3.696  3.664  3.611  3.689  3.664  3.784  3.526  3.658  3.912  3.714  3.780  3.738  3.597  3.367  3.555  3.632  3.761  3.761
3.970  3.555  3.784  3.780  3.664  3.726  3.829  3.555  3.912  3.664  3.584  3.611  3.829  3.807  3.912  3.784  3.584  3.871  3.689  3.928  3.829  3.684  3.757  4.013  3.867  3.619  3.584  3.689  3.611  3.671  3.611  3.638  3.761  3.611  3.750  3.784  3.497  3.466  3.570  3.611  3.714  3.555
4.500  4.376  4.413  4.328  4.635  4.369  4.331  4.511  4.394  4.615  4.543  4.549  4.615  4.464  4.554  4.190  4.477  4.466  4.511  4.477  4.394  4.304  4.388  4.600  4.159  4.057  4.212  4.190  3.980  4.091  4.241  4.174  4.373  4.419  4.295  4.317  4.060  4.159  4.263  4.297  4.190  4.290
4.220  4.124  4.256  4.143  4.246  4.159  4.205  4.205  4.217  4.401  4.277  4.341  4.277  4.111  4.431  4.111  4.140  4.344  4.234  4.443  4.277  4.256  4.277  4.256  3.829  4.111  4.083  3.989  3.980  3.998  4.111  4.078  4.025  4.094  3.989  4.156  4.091  3.888  4.151  3.912  4.060  4.025
3.689  3.689  3.664  3.714  3.689  3.664  3.664  3.738  3.632  3.664  3.733  3.664  3.871  3.709  3.757  3.526  3.714  3.611  3.850  3.761  3.714  3.676  3.584  3.550  3.738  3.459  3.555  3.466  3.664  3.611  3.611  3.689  3.689  3.520  3.784  3.584  3.466  3.611  3.632  3.584  3.605  3.738
3.611  3.689  3.578  3.714  3.526  3.738  3.584  3.584  3.555  3.526  3.584  3.526  3.738  3.761  3.676  3.555  3.526  3.526  3.555  3.738  3.714  3.784  3.520  3.555  3.555  3.638  3.689  3.497  3.411  3.497  3.428  3.664  3.689  3.570  3.526  3.367  3.497  3.611  3.784  3.466  3.428  3.709
4.331  4.156  4.148  4.304  4.407  4.016  4.190  4.111  3.985  4.331  4.205  4.263  4.304  4.304  4.248  4.078  4.127  4.241  4.248  4.331  4.331  4.197  4.344  4.357  4.124  4.094  4.025  4.190  3.989  4.007  4.060  4.025  4.094  4.048  4.205  4.194  4.127  4.159  4.094  4.060  3.867  4.094
4.078  4.060  4.007  4.069  4.043  4.034  3.970  3.980  4.007  4.205  3.912  4.094  4.234  4.234  4.328  3.951  4.007  4.156  4.025  4.304  4.159  3.951  3.989  4.078  3.951  3.871  3.951  4.007  3.850  3.835  4.007  3.892  4.078  3.829  3.829  3.898  3.932  3.871  3.912  3.829  3.664  3.773
3.428  3.434  3.555  3.466  3.584  3.434  3.434  3.526  3.584  3.466  3.296  3.466  3.526  3.526  3.664  3.497  3.632  3.497  3.664  3.584  3.605  3.490  3.401  3.466  3.584  3.258  3.466  3.497  3.332  3.401  3.497  3.555  3.555  3.466  3.632  3.434  3.520  3.434  3.434  3.296  3.434  3.490
3.526  3.434  3.664  3.520  3.526  3.434  3.584  3.611  3.632  3.638  3.497  3.611  3.726  3.664  3.846  3.555  3.619  3.555  3.632  3.664  3.605  3.638  3.497  3.632  3.611  3.526  3.611  3.664  3.497  3.367  3.434  3.738  3.638  3.689  3.434  3.555  3.535  3.738  3.434  3.219  3.367  3.520
