5.817  5.476  5.609  5.588  5.617  5.759  5.677  5.793  5.715  6.014  5.790  5.545  5.771  5.651  5.768  5.556  5.509  5.645  5.862  5.690  5.561  5.545  5.476  5.541  5.529  5.572  5.529  5.485  5.442  5.447  5.494  5.395  5.613  5.509  5.753  5.551  5.521  5.754  5.557  5.553  5.497  5.700
6.641  6.288  6.418  6.487  6.609  6.543  6.565  6.576  6.510  6.862  6.692  6.480  6.630  6.483  6.529  6.433  6.397  6.458  6.604  6.494  6.373  6.347  6.381  6.359  6.425  6.356  6.397  6.404  6.212  6.405  6.339  6.255  6.449  6.392  6.538  6.400  6.336  6.399  6.463  6.414  6.380  6.463
5.509  5.398  5.468  5.535  5.416  5.583  5.529  5.472  5.485  5.572  5.541  5.583  5.552  5.509  5.602  5.451  5.397  5.416  5.561  5.666  5.609  5.565  5.493  5.513  5.372  5.407  5.338  5.333  5.176  5.288  5.433  5.318  5.541  5.394  5.468  5.454  5.472  5.565  5.422  5.394  5.412  5.424
4.836  4.682  4.905  4.956  4.905  4.922  5.083  4.956  5.037  4.956  4.779  4.956  5.009  4.844  5.024  4.811  4.852  4.860  5.050  5.182  5.136  4.966  4.980  5.112  4.916  4.812  4.754  4.723  4.779  4.875  4.913  4.883  4.927  4.970  4.963  4.989  4.963  4.754  4.736  4.727  4.852  4.835
4.205  3.807  3.947  3.989  3.912  3.928  3.807  3.738  3.912  3.932  3.892  3.912  3.951  4.034  4.344  3.757  3.738  3.892  3.951  3.932  3.970  3.761  3.807  4.060  3.714  3.761  3.490  3.784  3.526  3.689  3.684  3.714  3.689  4.127  3.824  3.780  3.784  3.784  3.714  3.807  3.605  3.761
3.638  3.638  3.892  3.611  3.850  3.807  3.714  3.738  3.664  3.784  3.638  3.714  4.016  3.967  4.025  3.871  3.761  3.871  3.761  3.738  3.738  3.829  3.892  3.857  3.714  3.829  3.726  3.664  3.497  3.584  3.750  3.632  3.584  3.611  3.624  3.584  3.689  3.611  3.664  3.795  3.555  3.475
6.492  6.219  6.461  6.330  5.912  6.420  6.402  6.425  6.511  6.582  6.328  6.607  6.474  6.384  6.487  6.335  6.161  6.260  6.535  6.278  6.248  6.230  6.256  6.213  6.368  6.399  6.265  6.217  6.002  6.234  6.084  6.098  6.250  6.305  6.349  6.279  6.261  6.243  6.129  6.347  6.153  6.507
4.710  4.543  4.663  4.575  4.140  4.595  4.644  4.771  4.777  4.883  4.562  4.718  4.760  4.779  4.800  4.625  4.603  4.543  4.934  4.736  4.710  4.662  4.541  4.564  4.635  4.585  4.431  4.527  4.428  4.580  4.290  4.538  4.541  4.625  4.700  4.605  4.549  4.522  4.564  4.595  4.407  4.419
5.117  4.945  4.984  4.883  4.500  4.944  4.963  4.896  4.963  5.106  4.860  5.004  5.118  5.042  5.017  4.883  4.796  4.885  5.080  4.745  4.994  4.839  4.860  4.947  4.947  4.700  4.765  4.554  4.317  4.585  4.783  4.727  4.734  4.779  4.779  4.852  4.796  4.804  4.718  4.963  4.552  4.868
5.583  5.572  5.493  5.533  4.942  5.406  5.485  5.543  5.565  5.617  5.407  5.590  5.537  5.517  5.645  5.451  5.303  5.485  5.359  5.402  5.565  5.403  5.555  5.539  5.325  5.283  5.215  5.036  4.926  5.049  5.200  5.263  5.291  5.273  5.241  5.298  5.187  5.225  5.318  5.298  5.100  5.429
4.382  4.127  4.263  4.190  4.452  4.486  4.466  4.543  4.635  4.682  4.452  4.700  4.663  4.578  4.779  4.331  4.078  4.344  4.500  4.304  4.357  4.382  4.369  4.354  4.248  4.274  4.290  4.344  4.043  4.078  4.290  4.167  4.043  4.522  4.190  4.511  4.182  4.111  3.970  4.025  3.951  4.277
3.892  3.738  3.829  4.043  3.908  3.738  3.584  3.892  3.829  4.174  3.829  3.932  3.989  4.007  3.970  3.780  3.892  3.829  3.829  3.807  3.912  3.912  3.733  3.947  3.664  3.664  3.780  3.726  3.761  3.664  3.850  3.738  3.757  3.689  3.761  3.807  3.738  3.892  3.761  3.761  3.761  3.738
6.166  5.583  6.000  5.908  5.905  6.047  5.796  6.047  6.082  6.304  6.031  6.206  6.195  5.980  6.129  5.677  5.686  6.023  6.095  6.047  5.897  5.628  5.609  5.602  5.709  5.805  5.559  5.677  5.265  5.501  5.656  5.464  5.572  5.861  5.773  5.777  5.762  5.806  5.790  5.808  5.621  5.922
3.664  3.761  3.846  3.738  3.658  3.367  3.466  3.714  3.611  3.664  3.584  3.791  3.714  3.520  3.784  3.555  3.611  3.664  3.676  3.818  3.784  3.714  3.638  3.664  3.490  3.709  3.714  3.526  3.401  3.550  3.550  3.555  3.466  3.689  3.638  3.638  3.664  3.570  3.611  3.434  3.434  3.611
4.040  4.159  4.248  4.094  4.220  4.220  4.277  4.143  4.140  4.220  4.212  4.328  4.277  4.407  4.317  4.124  4.174  4.304  4.263  4.234  4.443  4.248  4.174  4.248  4.043  4.094  4.234  3.989  3.951  4.220  4.094  4.182  4.344  4.190  4.159  4.190  4.060  4.069  4.094  4.094  4.094  4.263
4.143  4.025  4.317  4.290  4.174  4.091  4.159  4.231  4.187  4.317  4.074  4.248  4.317  4.331  4.475  4.043  4.220  4.344  4.227  4.454  4.425  4.267  4.174  4.220  4.220  4.094  4.263  4.277  4.066  4.143  4.174  4.159  4.317  4.304  4.263  4.190  4.174  4.060  4.094  4.078  4.091  4.220
5.198  5.030  5.283  4.997  5.064  5.209  5.081  5.072  5.112  5.136  5.069  5.204  5.088  5.021  5.231  4.913  4.927  5.089  5.112  5.011  5.086  4.984  4.896  5.069  4.796  4.874  4.947  4.913  4.700  4.745  4.824  4.769  5.016  5.050  4.890  5.030  4.977  5.017  5.009  5.096  5.088  5.106
4.802  4.699  4.736  4.771  4.779  4.727  4.585  4.727  4.804  4.905  4.749  4.754  4.804  4.615  4.828  4.511  4.522  4.708  4.727  4.718  4.868  4.710  4.710  4.771  4.554  4.630  4.489  4.575  4.290  4.260  4.492  4.369  4.766  4.575  4.575  4.554  4.575  4.595  4.630  4.554  4.500  4.564
4.040  3.912  4.083  4.043  4.022  4.127  3.902  4.111  4.043  4.111  4.031  4.190  4.341  4.143  4.367  3.932  4.043  4.108  4.357  4.220  4.148  3.989  4.111  4.043  3.721  4.007  4.007  3.829  3.784  3.757  3.892  3.795  4.043  3.970  3.967  4.083  4.140  3.932  3.967  4.111  4.025  4.156
3.951  3.850  4.119  4.407  4.043  4.190  4.274  4.143  4.143  4.159  4.148  4.060  4.202  4.094  4.205  3.980  4.143  4.043  4.369  4.220  4.317  4.127  3.951  4.159  3.985  3.802  3.912  4.094  4.022  4.119  3.882  4.007  4.007  4.143  4.143  4.060  3.784  3.850  4.016  3.829  3.912  4.025
4.787  4.489  4.663  4.732  4.605  4.644  4.585  4.554  4.605  4.454  4.466  4.773  4.673  4.748  4.654  4.466  4.635  4.635  4.718  4.710  4.787  4.812  4.541  4.718  4.762  4.700  4.595  4.382  4.248  4.419  4.608  4.533  4.771  4.687  4.663  4.673  4.543  4.654  4.564  4.549  4.466  4.673
4.407  4.331  4.331  4.452  4.394  4.382  4.344  4.419  4.443  4.543  4.317  4.419  4.454  4.511  4.522  4.190  4.419  4.263  4.466  4.673  4.475  4.386  4.256  4.452  4.443  4.511  4.331  4.205  4.060  4.224  4.220  4.220  4.583  4.394  4.304  4.394  4.394  4.407  4.205  4.187  4.382  4.500
