5.916  5.673  5.793  5.602  5.779  5.932  5.908  5.799  5.914  6.136  5.908  6.040  5.958  5.832  5.966  5.823  4.787  5.808  5.273  5.617  5.802  5.663  5.700  5.541  5.652  5.674  5.740  5.652  5.303  5.568  5.550  5.375  5.492  5.731  5.659  5.826  5.680  5.549  5.624  5.679  5.493  5.740
4.554  4.277  4.205  4.260  4.315  4.317  4.407  4.394  4.367  4.407  4.367  4.394  4.543  4.324  4.477  4.498  3.807  4.220  3.892  4.431  4.419  4.277  4.317  4.277  4.143  4.248  4.331  4.111  3.850  4.143  4.156  3.908  4.205  4.234  4.454  4.143  4.317  4.007  4.234  4.043  3.888  4.190
5.989  5.756  5.901  5.758  6.052  5.940  6.014  6.089  6.082  6.234  5.917  6.139  6.096  5.916  6.091  5.985  5.799  5.922  6.223  5.743  6.043  5.938  5.919  5.838  5.979  6.016  5.920  5.762  5.723  5.882  5.844  5.762  5.814  6.066  6.121  6.045  5.964  5.935  5.704  5.864  5.781  5.953
4.373  4.382  4.466  4.419  4.407  4.454  4.625  4.498  4.564  4.615  4.159  4.533  4.762  4.554  4.654  4.382  4.431  4.263  4.605  4.344  4.635  4.654  4.505  4.489  4.331  4.511  4.494  4.159  4.143  4.466  4.127  4.369  4.290  4.477  4.431  4.452  4.443  4.354  4.078  4.174  4.369  4.367
4.043  3.912  4.140  3.829  4.025  3.871  4.022  4.078  4.127  4.248  3.989  4.159  4.111  4.108  4.341  4.094  3.970  3.912  4.040  4.060  4.190  4.140  3.951  4.007  3.985  3.932  4.369  3.850  3.784  3.664  3.784  3.871  3.932  3.871  3.970  4.066  3.714  3.784  3.850  3.738  3.664  3.985
3.367  3.434  3.550  3.714  3.555  3.497  3.434  3.555  3.611  3.466  3.367  3.584  3.638  3.555  3.611  3.401  3.611  3.466  3.714  3.664  3.761  3.605  3.664  3.526  3.684  3.526  3.434  3.332  3.526  3.401  3.526  3.664  3.638  3.466  3.367  3.632  3.638  3.638  3.490  3.466  3.555  3.401
4.394  4.174  4.304  4.174  4.363  4.197  4.394  4.354  4.331  4.431  4.202  4.575  4.500  4.344  4.382  4.174  4.202  4.234  4.595  4.290  4.357  4.116  4.127  4.290  4.190  4.315  4.290  4.220  3.932  4.057  4.174  4.060  4.248  4.127  4.190  4.224  4.357  4.094  3.967  4.331  4.111  4.190
3.689  3.892  3.829  3.738  3.658  3.784  3.970  3.850  3.928  4.007  4.025  3.989  4.025  4.078  4.007  3.850  3.892  3.850  3.989  3.784  4.111  3.784  3.761  4.025  4.078  4.086  3.761  3.784  3.638  3.624  3.824  3.850  3.526  3.912  3.918  3.888  3.714  3.664  3.676  3.611  3.638  3.784
6.518  6.286  6.475  6.498  6.513  6.538  6.454  6.480  6.378  6.638  6.423  6.616  6.527  6.457  6.528  6.289  6.178  6.306  6.620  6.411  6.385  6.299  6.312  6.437  6.390  6.445  6.304  6.278  6.026  6.173  6.240  6.116  6.513  6.418  6.361  6.404  6.412  6.369  6.286  6.410  6.317  6.439
4.902  4.723  4.775  4.663  4.745  4.754  4.635  4.754  4.723  4.927  4.843  4.868  4.890  4.779  4.905  4.673  4.605  4.522  4.812  4.883  4.787  4.625  4.644  4.673  4.552  4.585  4.595  4.357  4.344  4.337  4.564  4.419  4.595  4.605  4.754  4.710  4.593  4.595  4.530  4.331  4.682  4.727
4.662  4.489  4.564  4.437  4.620  4.714  4.369  4.644  4.394  4.786  4.583  4.633  4.875  4.754  4.852  4.419  4.317  4.635  4.736  4.625  4.595  4.533  4.407  4.522  4.382  4.477  4.357  4.382  3.871  4.190  4.234  4.263  4.369  4.533  4.357  4.564  4.094  4.454  4.522  4.452  4.419  4.585
3.450  3.367  3.584  3.658  3.520  3.296  3.584  3.401  3.584  3.466  3.434  3.497  3.555  3.526  3.689  3.434  3.584  3.526  3.664  3.584  3.526  3.512  3.466  3.555  3.535  3.401  3.466  3.555  3.367  3.526  3.367  3.638  3.619  3.611  3.332  3.434  3.288  3.434  3.367  3.541  3.459  3.434
6.672  6.557  6.572  6.604  6.686  6.592  6.340  6.472  6.449  6.634  6.675  6.562  6.636  6.608  6.776  6.465  6.122  6.672  6.495  6.405  6.250  6.184  6.434  6.475  6.363  6.324  6.430  6.531  6.177  6.209  6.480  6.165  6.277  6.295  6.252  6.418  6.375  6.666  6.640  6.642  6.238  6.412
5.682  5.677  5.384  5.541  5.628  5.533  5.375  5.364  5.527  5.755  5.694  5.621  5.725  5.740  5.896  5.564  5.283  5.642  5.509  5.533  5.318  5.429  5.529  5.580  5.357  5.347  5.366  5.438  5.081  5.043  5.347  5.142  5.308  5.220  5.303  5.572  5.361  5.630  5.673  5.505  5.255  5.398
5.889  5.679  5.844  5.791  5.927  5.864  5.540  5.778  5.743  5.951  5.858  5.961  5.971  5.832  5.948  5.673  5.468  5.826  5.981  5.878  5.684  5.647  5.778  5.700  5.554  5.680  5.677  5.687  5.412  5.580  5.645  5.533  5.771  5.723  5.602  5.762  5.717  5.900  5.730  5.741  5.606  5.753
4.949  4.984  4.898  5.024  4.947  4.898  4.856  4.804  4.868  5.017  5.037  5.050  5.106  5.019  5.115  4.949  4.866  4.828  5.011  5.027  5.130  4.984  4.942  4.963  4.779  4.911  4.654  4.673  4.654  4.779  4.852  4.804  4.883  4.970  4.913  4.970  4.898  4.963  4.836  4.844  4.856  4.787
4.937  4.575  4.771  4.710  4.898  4.927  4.673  4.850  4.762  4.997  4.836  4.887  4.920  4.898  5.112  4.663  4.595  4.792  4.966  5.030  4.779  4.754  4.745  4.736  4.647  4.564  4.635  4.394  4.205  4.407  4.533  4.407  4.741  4.662  4.691  4.736  4.477  4.657  4.635  4.756  4.625  4.779
3.714  3.526  3.824  3.689  3.689  3.555  3.611  3.664  3.709  3.877  3.367  3.813  3.784  3.738  3.761  3.555  3.714  3.658  3.761  3.989  3.761  3.555  3.401  3.829  3.611  3.638  3.497  3.550  3.497  3.526  3.664  3.689  3.888  3.466  3.714  3.555  3.714  3.592  3.578  3.605  3.651  3.526
6.095  5.808  6.061  5.966  6.000  6.107  5.784  5.927  5.903  6.009  5.988  6.082  6.091  6.001  5.986  5.956  5.564  6.144  5.977  6.078  5.845  5.756  5.844  5.771  5.838  5.969  5.938  5.956  5.649  5.614  5.756  5.613  6.019  5.911  5.805  5.857  5.797  6.073  5.948  6.071  5.855  6.071
5.442  5.308  5.352  5.412  5.429  5.438  5.325  5.406  5.313  5.525  5.451  5.497  5.505  5.403  5.489  5.366  5.347  5.434  5.434  5.642  5.424  5.460  5.416  5.416  5.215  5.318  5.226  5.342  5.147  5.187  5.398  5.193  5.407  5.323  5.301  5.402  5.311  5.384  5.460  5.293  5.169  5.382
6.208  6.011  6.103  6.072  6.103  6.127  5.994  6.109  6.159  6.163  6.190  6.263  6.207  6.074  6.183  6.009  5.892  6.199  6.144  6.128  5.999  5.955  6.006  6.019  6.026  6.038  5.996  6.098  5.749  5.886  6.026  5.805  6.061  6.064  5.930  6.021  5.945  6.075  6.047  6.217  6.032  6.271
5.252  5.112  5.360  5.056  5.298  5.394  5.142  5.476  5.356  5.338  5.273  5.226  5.247  5.302  5.272  5.017  4.970  5.214  5.273  5.219  5.242  4.984  5.153  5.153  5.176  5.096  5.100  5.017  4.937  5.064  4.956  4.984  4.989  5.288  5.165  5.069  4.920  4.997  5.050  4.927  5.043  5.124
