5.717  5.394  5.598  5.565  5.501  5.429  5.241  5.460  5.384  5.670  5.476  5.578  5.537  5.451  5.509  5.388  5.069  5.333  5.434  5.568  5.371  5.153  5.436  5.431  5.227  5.204  5.231  5.198  4.997  5.100  5.347  5.164  5.338  5.438  5.371  5.286  5.153  5.497  5.381  5.340  5.170  5.404
6.089  5.697  6.009  6.038  5.935  5.844  5.765  5.940  5.864  6.021  5.817  6.059  5.858  5.779  5.930  5.680  5.568  5.784  5.916  5.971  5.829  5.721  5.749  5.796  5.690  5.835  5.656  5.620  5.425  5.412  5.670  5.620  5.864  5.759  5.635  5.826  5.552  5.976  5.858  5.741  5.600  5.927
4.883  4.745  4.691  5.011  4.682  4.663  4.754  4.682  4.848  4.990  4.673  4.868  4.852  4.615  4.775  4.682  4.522  4.511  4.787  4.787  4.836  4.762  4.615  4.832  4.598  4.554  4.331  4.466  4.431  4.787  4.710  4.654  4.652  4.666  4.710  4.640  4.564  4.489  4.533  4.514  4.712  4.500
4.382  4.304  4.367  4.357  4.263  4.344  4.376  4.205  4.344  4.500  4.369  4.413  4.520  4.274  4.419  4.224  4.246  4.317  4.344  4.407  4.543  4.290  4.111  4.431  4.159  3.989  4.174  4.220  3.967  4.179  4.205  4.220  4.190  4.190  4.248  4.174  4.174  4.078  3.989  4.179  4.074  4.127
6.422  6.119  6.201  6.215  6.254  6.261  6.159  6.238  6.326  6.417  6.263  6.258  6.333  6.233  6.335  6.116  6.006  6.182  6.378  6.205  6.107  6.042  6.254  6.219  6.207  6.244  6.217  6.209  5.966  5.991  6.074  5.472  6.172  6.194  6.140  6.125  6.107  6.191  6.172  6.222  6.100  6.203
4.682  4.583  4.647  4.741  4.595  4.516  4.595  4.511  4.691  4.779  4.743  4.794  4.836  4.790  4.844  4.564  4.615  4.538  4.644  4.812  4.828  4.663  4.595  4.820  4.419  4.564  4.543  4.290  4.407  4.419  4.564  4.454  4.454  4.533  4.575  4.483  4.533  4.533  4.466  4.454  4.382  4.500
3.951  3.714  3.818  3.689  3.850  3.861  3.658  3.757  3.784  3.932  3.850  3.912  4.060  3.850  3.970  3.802  3.824  3.892  3.882  3.970  3.932  3.689  3.829  3.932  3.584  3.632  3.807  3.951  3.738  3.689  3.664  3.714  3.784  3.664  3.714  3.784  3.664  3.829  3.850  3.709  3.689  3.611
3.807  3.689  3.807  3.664  3.850  3.709  3.584  3.807  3.807  3.892  3.611  3.709  3.829  3.892  3.951  3.664  3.714  3.714  3.932  3.970  3.846  3.784  3.714  3.912  3.611  3.611  3.664  3.651  3.520  3.526  3.738  3.689  3.871  3.714  3.689  3.850  3.555  3.714  3.555  3.624  3.584  3.689
6.035  5.971  6.029  6.107  5.966  5.984  6.035  5.948  5.976  6.184  6.050  6.142  6.111  6.008  6.120  6.003  6.082  5.872  6.154  6.140  6.133  6.023  5.986  6.061  5.914  5.932  5.918  5.852  5.820  5.856  5.945  5.989  6.087  6.084  6.082  6.116  6.153  6.196  6.153  6.230  6.174  6.256
6.240  6.168  6.211  6.310  6.170  6.231  6.256  6.227  6.263  6.310  6.290  6.308  6.275  6.151  6.299  6.176  6.252  6.157  6.261  6.240  6.330  6.219  6.205  6.346  6.161  6.238  6.165  6.047  6.031  6.023  6.133  6.178  6.317  6.292  6.353  6.321  6.244  6.214  6.205  6.188  6.201  6.190
4.898  4.787  4.654  4.466  4.575  4.625  4.762  4.804  4.554  4.773  4.875  4.819  4.942  4.913  4.920  4.625  4.605  4.718  4.700  4.708  4.682  4.732  4.875  4.852  4.394  4.428  4.673  4.477  4.554  4.520  4.804  4.498  4.382  4.745  4.583  4.862  4.730  4.530  4.743  4.522  4.428  4.486
4.111  4.174  3.970  4.111  4.078  4.043  4.094  4.119  4.094  4.034  4.315  4.224  4.190  4.190  4.220  4.040  4.174  4.043  4.111  4.205  4.205  4.190  4.288  4.220  4.174  4.007  4.290  3.850  3.989  4.043  4.078  4.151  4.078  4.127  4.231  4.078  4.108  4.034  4.094  3.807  3.871  3.784
4.256  4.263  4.382  3.970  4.419  4.220  3.829  4.205  4.248  4.277  4.074  4.369  4.533  4.498  4.407  4.174  4.094  4.277  4.344  4.315  4.407  4.174  4.263  4.328  3.871  4.156  4.174  4.040  3.947  4.127  4.317  4.174  4.190  4.277  4.205  4.277  4.094  4.382  4.060  4.277  3.985  4.143
3.696  3.584  3.664  3.584  3.611  3.638  3.611  3.584  3.526  3.664  3.434  3.638  3.807  3.750  3.638  3.689  3.584  3.584  3.892  3.829  3.738  3.714  3.584  3.750  3.497  3.664  3.689  3.578  3.497  3.638  3.689  3.611  3.555  3.555  3.684  3.611  3.733  3.632  3.434  3.555  3.497  3.584
4.174  3.957  4.217  4.078  4.127  4.043  4.040  4.171  4.060  4.060  4.290  4.263  4.369  4.234  4.564  3.951  4.025  4.111  4.248  4.263  4.248  4.074  4.094  4.111  3.932  3.871  3.951  3.829  3.791  3.912  4.111  4.004  4.060  3.912  4.034  4.127  3.912  4.111  3.850  3.850  3.970  3.951
4.357  4.241  4.143  4.190  4.382  4.248  4.124  4.301  4.382  4.500  4.220  4.344  4.533  4.443  4.431  4.007  4.174  4.263  4.369  4.394  4.234  4.179  4.190  4.220  4.344  4.394  4.331  4.143  3.970  4.103  4.267  4.007  4.127  4.234  4.357  4.248  4.127  4.159  4.040  4.043  4.025  4.159
4.454  4.407  4.578  4.605  4.464  4.357  4.382  4.419  4.500  4.466  4.454  4.635  4.662  4.369  4.736  4.321  4.311  4.407  4.522  4.543  4.718  4.511  4.585  4.605  4.297  4.190  4.331  4.304  4.078  4.212  4.190  4.416  4.431  4.304  4.304  4.613  4.357  4.290  4.205  4.344  4.317  4.270
3.490  3.664  3.658  3.807  3.689  3.497  3.555  3.664  3.714  3.714  3.584  3.664  3.761  3.846  3.871  3.570  3.638  3.658  3.807  3.689  3.689  3.638  3.611  3.738  3.689  3.714  3.611  3.709  3.526  3.550  3.829  3.638  3.714  3.638  3.664  3.684  3.401  3.555  3.632  3.611  3.611  3.664
5.872  5.308  5.781  5.866  5.775  5.791  5.505  5.733  5.720  5.828  5.802  5.804  5.837  5.700  5.900  5.583  5.447  5.771  5.793  5.876  5.680  5.577  5.580  5.609  5.519  5.533  5.498  5.580  5.263  5.375  5.464  5.481  5.659  5.598  5.541  5.627  5.561  5.673  5.656  5.710  5.537  5.702
4.766  4.511  4.710  4.654  4.700  4.883  4.779  4.792  4.745  4.896  4.635  4.802  4.934  4.890  4.905  4.794  4.736  4.875  4.920  4.934  4.942  4.743  4.595  4.710  4.736  4.743  4.657  4.758  4.443  4.615  4.500  4.752  4.881  4.808  4.779  4.762  4.727  4.615  4.585  4.654  4.710  4.758
6.707  6.323  6.454  6.467  6.590  6.600  6.351  6.541  6.554  6.655  6.553  6.627  6.628  6.609  6.688  6.412  6.229  6.621  6.608  6.569  6.392  6.413  6.550  6.450  6.320  6.392  6.482  6.437  6.244  6.280  6.363  6.178  6.431  6.423  6.384  6.531  6.485  6.513  6.482  6.545  6.351  6.531
6.488  6.304  6.328  6.361  6.416  6.465  6.312  6.315  6.475  6.535  6.431  6.452  6.578  6.480  6.524  6.332  6.286  6.369  6.519  6.466  6.440  6.420  6.466  6.518  6.267  6.347  6.344  6.280  6.142  6.279  6.299  6.116  6.383  6.442  6.353  6.412  6.380  6.372  6.286  6.377  6.250  6.366
