4.644  4.564  4.522  4.726  4.687  4.635  4.745  4.492  4.673  4.585  4.477  4.654  4.771  4.580  4.741  4.635  4.654  4.376  4.920  4.831  5.004  4.644  4.654  4.564  4.635  4.475  4.585  4.407  4.407  4.477  4.357  4.498  4.437  4.543  4.522  4.454  4.477  4.419  4.290  4.443  4.431  4.454
4.220  4.004  4.143  4.197  4.159  4.156  4.220  4.060  4.190  4.094  3.989  4.060  4.317  4.174  4.220  4.060  4.078  4.052  4.227  4.290  4.454  4.159  4.060  4.078  4.057  4.078  3.871  3.989  3.892  3.871  3.989  4.007  4.040  4.220  3.932  4.043  3.970  3.989  3.932  3.892  4.094  4.007
3.761  3.738  3.684  3.807  3.951  3.738  3.882  3.951  3.861  3.989  3.850  3.970  3.928  4.048  4.190  3.829  3.892  3.638  3.871  3.957  3.928  3.761  3.807  3.989  3.664  3.745  3.818  3.664  3.651  3.638  3.784  3.871  3.714  3.871  3.738  3.938  3.829  3.664  3.664  3.829  3.555  3.757
3.829  3.850  4.022  3.912  3.932  3.892  4.043  4.043  4.043  4.111  3.932  4.060  4.078  4.159  4.171  3.912  3.871  3.967  4.043  4.143  4.127  3.951  4.094  3.970  3.761  3.850  3.829  3.892  3.807  3.902  3.829  3.850  3.829  3.932  3.912  3.892  3.951  3.802  3.761  3.738  3.761  3.912
4.977  4.836  4.881  4.942  4.727  4.718  4.883  4.815  4.905  5.030  4.990  5.075  4.875  5.030  5.023  4.787  4.844  4.938  4.858  4.956  4.982  4.775  4.703  4.860  4.603  4.541  4.663  4.564  4.443  4.598  4.710  4.700  4.673  4.533  4.625  4.623  4.717  4.654  4.652  4.710  4.554  4.710
4.522  4.460  4.575  4.394  4.477  4.407  4.394  4.466  4.522  4.635  4.598  4.633  4.605  4.812  4.836  4.431  4.419  4.543  4.541  4.595  4.575  4.428  4.263  4.533  4.431  4.234  4.533  4.419  4.078  4.304  4.331  4.304  4.344  4.454  4.419  4.458  4.454  4.407  4.369  4.331  4.263  4.382
4.127  3.989  4.094  4.043  3.967  4.205  3.970  3.989  4.111  4.094  4.048  4.074  4.159  4.164  4.094  4.094  3.970  4.151  4.369  4.164  4.394  3.967  4.025  3.989  3.807  3.757  3.951  3.807  3.892  4.127  3.850  4.143  4.256  3.932  4.094  3.912  3.807  3.839  3.892  3.947  4.078  4.025
4.159  4.025  4.419  4.220  4.159  4.143  3.850  4.143  4.369  4.220  4.007  4.007  4.270  4.220  4.489  3.951  3.976  4.454  4.419  4.344  4.398  4.111  4.060  4.248  4.025  3.989  3.980  4.043  3.892  4.111  3.912  4.241  4.505  4.182  4.205  4.025  3.951  3.928  4.025  3.951  4.248  3.912
3.784  3.892  3.970  3.942  3.784  3.829  3.932  3.689  3.951  3.970  3.846  3.932  3.951  3.989  4.094  3.795  3.912  3.951  3.970  3.989  4.078  3.989  3.784  4.025  3.951  3.824  3.761  3.932  3.689  3.867  3.912  3.932  3.970  4.013  3.989  3.912  3.738  3.738  3.684  3.824  3.784  3.757
3.932  3.829  3.947  3.892  3.714  3.912  3.761  3.951  3.871  3.989  3.684  3.871  3.871  3.932  3.985  3.738  3.738  3.738  4.060  3.951  3.871  3.912  3.784  3.892  3.757  3.605  3.714  3.658  3.632  3.512  3.738  3.689  3.888  3.689  3.784  3.846  3.738  3.761  3.829  3.555  3.750  3.714
4.321  4.348  4.217  4.354  4.212  4.174  4.234  4.277  4.248  4.350  4.174  4.443  4.454  4.443  4.382  4.376  4.260  4.290  4.419  4.477  4.304  4.392  4.419  4.520  4.317  4.317  4.263  4.159  4.132  4.220  4.248  4.174  4.382  4.231  4.361  4.369  4.290  4.246  4.277  4.217  4.190  4.344
4.585  4.489  4.419  4.554  4.557  4.505  4.431  4.369  4.489  4.796  4.644  4.583  4.812  4.575  4.754  4.489  4.500  4.419  4.696  4.605  4.644  4.603  4.615  4.668  4.477  4.407  4.394  4.317  4.344  4.277  4.489  4.489  4.500  4.522  4.595  4.593  4.428  4.466  4.575  4.492  4.437  4.425
5.050  5.004  4.990  4.934  5.043  5.056  5.011  5.063  5.017  5.178  5.039  5.129  5.328  5.075  5.324  4.963  5.043  5.006  5.081  5.220  5.081  5.037  5.011  5.130  4.752  4.828  4.938  4.883  4.890  4.905  5.056  4.796  4.913  4.996  4.970  5.037  5.043  5.006  5.024  4.905  4.824  4.904
5.799  5.690  5.690  5.687  5.685  5.710  5.611  5.650  5.631  5.738  5.707  5.792  5.894  5.759  5.841  5.598  5.670  5.649  5.727  5.816  5.673  5.756  5.687  5.814  5.455  5.662  5.576  5.442  5.546  5.501  5.749  5.493  5.525  5.667  5.598  5.698  5.638  5.683  5.663  5.697  5.561  5.568
5.778  5.558  5.710  5.624  5.700  5.733  5.602  5.680  5.781  5.855  5.690  5.638  5.864  5.781  5.858  5.663  5.613  5.493  5.717  5.872  5.631  5.580  5.563  5.708  5.608  5.643  5.749  5.548  5.464  5.635  5.617  5.461  5.609  5.591  5.687  5.690  5.598  5.673  5.591  5.609  5.609  5.649
5.545  5.323  5.429  5.497  5.412  5.561  5.394  5.489  5.438  5.572  5.438  5.493  5.707  5.572  5.652  5.409  5.434  5.564  5.415  5.638  5.453  5.481  5.464  5.659  5.375  5.374  5.387  5.297  5.263  5.357  5.396  5.198  5.381  5.421  5.442  5.466  5.373  5.447  5.489  5.525  5.293  5.380
3.664  3.664  3.638  3.555  3.638  3.658  3.555  3.664  3.689  3.850  3.714  3.689  3.947  3.951  3.738  3.738  3.526  3.584  3.850  4.007  3.932  3.689  3.738  3.689  3.664  3.638  3.605  3.555  3.428  3.497  3.689  3.638  3.555  3.611  3.733  3.714  3.555  3.584  3.466  3.332  3.689  3.638
3.664  3.638  3.733  3.584  3.638  3.638  3.689  3.738  3.784  4.007  3.714  3.951  3.985  4.094  3.912  3.824  3.750  3.738  3.871  3.951  3.918  3.738  3.738  3.714  3.721  3.638  3.745  3.550  3.520  3.555  3.555  3.555  3.638  3.584  3.709  3.714  3.738  3.638  3.584  3.689  3.584  3.761
3.877  3.584  3.689  3.611  3.684  3.664  3.611  3.664  3.638  3.829  3.664  3.689  3.784  3.780  3.871  3.584  3.709  3.738  3.784  3.850  3.761  3.850  3.861  3.714  3.611  3.761  3.689  3.714  3.466  3.497  3.584  3.784  3.714  3.689  3.611  3.709  3.651  3.497  3.555  3.638  3.638  3.714
4.217  4.111  4.043  4.025  4.159  4.022  4.078  4.078  4.277  4.263  4.143  4.202  4.220  4.143  4.111  4.025  4.205  3.932  4.248  4.382  4.143  4.060  4.174  4.190  4.205  4.119  4.074  4.060  4.007  4.111  4.127  4.025  4.127  4.143  4.174  4.025  4.060  3.985  4.205  3.932  4.091  4.048
3.850  3.888  3.912  4.007  4.043  3.850  3.584  3.912  3.807  3.922  4.007  3.892  4.127  4.111  3.912  3.807  3.938  3.951  4.043  4.111  3.985  3.892  3.989  3.951  3.871  3.970  3.839  3.761  3.818  3.989  3.970  3.871  4.043  3.714  3.967  3.932  3.970  3.757  3.912  3.738  3.761  4.025
3.709  3.784  3.526  3.584  3.611  3.526  3.802  3.714  3.638  3.750  3.651  3.578  3.761  3.784  3.784  3.584  3.807  3.611  3.714  4.331  3.829  3.638  3.689  3.714  3.714  3.689  3.664  3.829  3.555  3.664  3.807  3.738  3.892  3.761  3.795  3.714  3.570  3.726  3.733  3.689  3.526  3.696
