4.806  4.727  4.710  4.796  4.454  4.796  4.794  4.811  4.860  4.975  4.779  4.811  4.779  4.649  4.898  4.794  4.736  4.700  4.850  4.635  4.718  4.745  4.868  4.934  4.554  4.554  4.762  4.489  4.628  4.796  4.913  4.615  4.754  4.736  4.771  4.779  4.734  4.454  4.564  4.564  4.585  4.812
4.304  4.159  4.220  4.304  4.304  4.277  4.498  4.159  4.394  4.394  4.394  4.248  4.234  4.284  4.301  4.308  4.220  4.324  4.304  4.290  4.443  4.344  4.234  4.466  4.159  4.202  4.231  4.111  4.094  4.202  4.281  4.304  4.263  4.328  4.341  4.324  4.357  4.190  4.205  4.143  4.143  4.301
5.181  5.175  5.187  5.106  5.130  5.170  5.130  5.142  5.182  5.215  5.170  5.226  5.220  4.975  5.215  5.050  5.017  5.118  5.072  5.081  5.220  5.043  4.965  5.105  4.866  4.812  4.990  5.024  4.718  4.937  5.037  4.920  5.030  5.081  5.056  5.112  5.024  5.024  5.075  5.136  4.927  5.226
4.533  4.344  4.344  4.428  4.369  4.205  4.401  4.369  4.290  4.454  4.357  4.394  4.317  4.350  4.443  4.043  4.190  4.281  4.407  4.297  4.511  4.431  4.304  4.516  4.127  4.135  4.174  4.220  3.829  4.111  4.174  4.057  4.290  4.187  4.094  4.304  4.277  4.159  4.190  4.127  4.060  4.477
5.434  5.124  5.136  5.030  5.273  5.268  5.318  5.303  5.298  5.541  5.394  5.421  5.379  5.476  5.442  5.357  5.066  5.352  5.421  5.056  5.220  5.155  5.236  5.236  5.226  5.268  5.209  5.323  5.037  5.109  5.215  4.982  5.036  5.278  5.165  5.323  5.263  5.209  5.112  5.142  5.081  5.293
3.829  3.745  3.846  3.784  3.850  3.689  4.016  3.871  3.850  3.970  3.664  3.989  3.989  4.040  4.127  3.846  3.738  3.714  3.871  4.025  3.989  3.871  3.807  4.007  3.689  3.824  3.807  3.664  3.689  3.733  3.871  3.784  3.555  3.757  3.807  3.689  3.761  3.807  3.638  3.689  3.784  3.871
6.832  6.617  6.677  6.724  6.776  6.782  6.686  6.759  6.690  6.778  6.799  6.832  6.755  6.744  6.815  6.680  6.426  6.863  6.774  6.659  6.707  6.544  6.608  6.522  6.667  6.632  6.661  6.718  6.434  6.407  6.608  6.519  6.557  6.642  6.585  6.633  6.615  6.688  6.681  6.714  6.550  6.693
5.325  5.323  5.170  5.231  5.278  5.371  5.379  5.347  5.366  5.493  5.509  5.472  5.489  5.509  5.517  5.384  5.270  5.347  5.338  5.298  5.442  5.341  5.433  5.384  5.118  5.333  5.257  5.273  4.942  5.196  5.337  5.124  5.159  5.347  5.252  5.438  5.318  5.215  5.357  5.215  5.170  5.238
6.120  5.645  5.964  5.841  5.822  5.962  5.879  6.020  5.944  6.075  5.892  6.016  6.078  5.869  6.004  5.752  5.693  6.032  6.038  5.990  5.729  5.775  5.650  5.645  5.864  5.932  5.781  5.858  5.553  5.673  5.687  5.485  5.755  5.864  5.730  5.935  5.824  5.869  5.797  5.909  5.770  5.998
4.404  4.277  4.466  4.234  4.159  4.373  4.452  4.263  4.536  4.407  4.443  4.344  4.454  4.443  4.464  4.151  4.231  4.382  4.419  4.304  4.386  4.290  4.212  4.337  4.277  4.124  3.970  4.078  3.871  4.143  4.060  3.957  3.947  4.331  4.205  4.127  3.951  4.060  4.253  4.004  4.148  4.124
4.816  4.700  4.779  4.605  4.745  4.727  4.723  4.779  4.593  4.820  4.754  4.812  4.963  4.913  5.006  4.787  4.595  4.730  4.844  4.812  4.852  4.615  4.652  4.691  4.511  4.595  4.682  4.615  4.419  4.554  4.644  4.419  4.694  4.590  4.613  4.700  4.710  4.718  4.682  4.787  4.564  4.710
3.802  3.928  3.714  3.761  3.761  3.928  3.967  3.761  3.802  4.007  3.807  3.871  3.912  4.094  4.111  3.951  3.877  3.947  3.892  4.091  3.951  3.942  3.970  3.995  3.761  3.871  3.871  3.807  3.689  3.738  3.892  3.611  3.882  4.025  3.768  3.871  3.761  3.638  3.638  3.738  3.733  3.784
5.447  5.147  5.204  5.260  5.403  5.375  5.252  5.308  5.190  5.361  5.354  5.403  5.371  5.416  5.489  5.263  5.056  5.398  5.308  5.342  5.247  5.126  5.215  5.235  5.257  5.179  5.193  5.247  4.986  4.927  5.108  5.208  5.118  5.357  5.215  5.220  5.204  5.303  5.334  5.303  5.030  5.147
4.752  4.736  4.659  4.745  4.727  4.717  4.844  4.739  4.673  4.700  4.721  4.787  4.934  4.913  4.919  4.635  4.654  4.808  4.790  4.745  4.836  4.796  4.682  4.710  4.575  4.771  4.673  4.691  4.564  4.642  4.533  4.727  4.635  4.691  4.673  4.718  4.771  4.673  4.710  4.605  4.644  4.595
5.147  4.623  5.100  4.990  5.024  5.037  4.816  5.003  5.052  5.024  4.970  5.226  5.159  4.883  5.298  4.868  4.710  4.868  5.081  5.081  4.787  4.520  4.703  4.699  4.866  4.745  4.762  4.554  4.295  4.533  4.443  4.522  4.811  4.823  4.769  4.787  4.736  4.890  4.605  4.710  4.812  4.920
3.689  3.638  3.555  3.624  3.526  3.605  3.367  3.714  3.584  3.689  3.526  3.526  3.611  3.676  3.701  3.611  3.526  3.651  3.638  3.912  3.684  3.490  3.490  3.664  3.584  3.401  3.526  3.490  3.367  3.428  3.526  3.555  3.638  3.605  3.401  3.578  3.497  3.466  3.578  3.658  3.526  3.466
5.293  5.078  5.273  5.123  5.262  5.209  5.099  5.198  5.189  5.159  5.024  5.249  5.263  5.147  5.340  5.142  4.989  5.509  5.238  5.159  5.133  5.030  5.182  5.106  5.231  5.153  5.198  5.214  4.911  5.118  5.017  5.030  5.198  5.159  5.170  5.204  5.136  5.361  5.257  5.187  4.947  5.257
4.605  4.344  4.511  4.341  4.595  4.407  4.416  4.443  4.419  4.727  4.373  4.543  4.718  4.623  4.726  4.500  4.431  4.625  4.543  4.443  4.635  4.657  4.595  4.522  4.394  4.419  4.344  4.525  4.263  4.585  4.344  4.317  4.443  4.477  4.443  4.605  4.500  4.500  4.554  4.454  4.297  4.511
6.397  6.194  6.316  6.312  6.460  6.521  6.258  6.339  6.344  6.373  6.312  6.423  6.400  6.371  6.423  6.266  6.091  6.354  6.397  6.365  6.248  6.236  6.275  6.249  6.217  6.282  6.308  6.301  6.087  6.159  6.150  6.081  6.342  6.319  6.176  6.279  6.248  6.392  6.213  6.301  6.157  6.372
4.500  4.625  4.533  4.779  4.615  4.700  4.668  4.369  4.718  4.498  4.779  4.615  4.700  4.654  4.691  4.494  4.543  4.575  4.605  4.605  4.745  4.615  4.690  4.741  4.380  4.700  4.673  4.605  4.477  4.511  4.454  4.331  4.407  4.605  4.475  4.654  4.511  4.635  4.382  4.431  4.533  4.673
5.705  5.471  5.621  5.389  5.549  5.572  5.263  5.394  5.509  5.678  5.680  5.609  5.700  5.652  5.633  5.549  5.088  5.710  5.645  5.576  5.373  5.170  5.464  5.308  5.537  5.565  5.513  5.595  5.105  5.333  5.553  5.236  5.583  5.472  5.417  5.412  5.231  5.384  5.525  5.666  5.361  5.587
4.007  3.871  4.022  4.127  3.829  3.970  3.970  4.234  3.970  4.091  4.205  4.007  4.060  4.202  4.248  3.871  3.850  4.043  4.007  4.174  3.871  3.761  4.078  4.248  3.951  3.850  3.882  3.892  3.773  3.761  3.807  3.714  3.871  3.871  3.951  3.871  3.784  3.967  3.951  3.829  3.795  4.007
