5.613  5.619  5.468  5.513  5.595  5.591  5.645  5.513  5.717  5.576  5.565  5.700  5.717  5.561  5.619  5.468  5.342  5.635  5.468  5.449  5.501  5.680  5.583  5.617  5.407  5.406  5.416  5.328  5.263  5.345  5.468  5.328  5.398  5.407  5.407  5.505  5.268  5.398  5.489  5.481  5.241  5.509
5.814  5.765  5.841  5.875  5.844  5.787  5.999  5.903  6.002  5.889  5.746  5.958  5.855  5.762  5.869  5.724  5.707  5.737  5.984  5.826  5.948  5.827  5.669  5.756  5.969  5.846  5.778  5.576  5.733  5.687  5.649  5.765  5.710  5.819  5.948  5.771  5.687  5.700  5.652  5.642  5.740  5.835
3.555  3.434  3.411  3.434  3.497  3.526  3.611  3.434  3.689  3.658  3.497  3.611  3.761  3.570  3.658  3.611  3.526  3.550  3.555  3.592  3.714  3.784  3.466  3.497  3.401  3.497  3.520  3.466  3.367  3.497  3.434  3.428  3.497  3.526  3.584  3.541  3.434  3.401  3.555  3.584  3.555  3.466
3.520  3.550  3.497  3.466  3.434  3.526  3.497  3.497  3.555  3.550  3.258  3.555  3.526  3.497  3.555  3.526  3.401  3.535  3.584  3.550  3.726  3.401  3.296  3.584  3.428  3.459  3.497  3.367  3.497  3.459  3.497  3.497  3.570  3.401  3.638  3.466  3.434  3.325  3.367  3.497  3.332  3.497
3.761  3.714  3.584  3.738  3.813  3.619  3.584  3.611  3.784  3.784  3.605  3.829  3.761  3.714  3.733  3.784  3.689  3.555  3.709  3.784  4.078  3.761  3.664  3.912  3.701  3.584  3.526  3.638  3.434  3.696  3.466  3.555  3.664  3.584  3.611  3.526  3.555  3.611  3.570  3.638  3.632  3.664
4.007  3.784  3.807  3.738  3.757  3.908  3.761  3.738  3.824  3.689  3.684  3.829  4.016  3.807  3.780  3.829  3.807  3.733  3.850  4.094  3.951  3.980  3.714  3.912  3.638  3.466  3.689  3.714  3.434  3.709  3.638  3.714  3.738  3.689  3.761  3.611  3.664  3.714  3.584  3.689  3.658  3.829
3.401  3.497  3.367  3.296  3.401  3.497  3.555  3.367  3.584  3.466  3.434  3.651  3.638  3.645  3.761  3.466  3.466  3.466  3.611  3.611  3.526  3.466  3.360  3.401  3.434  3.401  3.526  3.258  3.332  3.466  3.466  3.434  3.526  3.332  3.434  3.526  3.367  3.332  3.332  3.428  3.296  3.401
3.296  3.332  3.367  3.296  3.434  3.367  3.434  3.367  3.401  3.401  3.296  3.512  3.578  3.428  3.520  3.526  3.367  3.401  3.401  3.578  3.401  3.638  3.367  3.401  3.296  3.360  3.296  3.466  3.258  3.367  3.367  3.418  3.434  3.367  3.332  3.258  3.332  3.219  3.332  3.250  3.258  3.296
4.926  4.700  4.875  4.779  4.828  4.844  4.745  4.947  4.970  5.069  4.934  4.868  4.920  4.920  4.977  4.754  4.466  4.682  4.920  4.896  4.860  4.820  4.796  4.644  4.820  4.527  4.615  4.700  4.489  4.605  4.848  4.543  4.762  4.694  4.700  4.760  4.766  4.762  4.726  4.700  4.673  4.832
5.925  5.943  5.996  5.953  5.872  5.974  6.097  6.055  5.976  6.089  5.924  6.014  6.190  5.889  5.986  5.878  5.905  5.764  6.066  5.930  6.155  5.949  5.940  6.005  5.811  5.805  5.861  5.648  5.577  5.753  5.945  5.914  5.846  5.951  6.006  5.864  5.938  5.886  5.741  5.617  5.922  5.832
4.025  4.078  4.048  3.989  4.007  3.980  4.016  4.007  4.174  4.078  4.048  4.143  4.357  4.174  4.304  4.060  4.205  4.060  4.069  4.159  4.143  4.060  4.078  4.060  4.043  3.970  4.007  4.013  3.871  3.912  4.040  4.025  3.932  4.052  3.892  3.829  4.007  3.829  3.970  3.824  3.932  4.025
3.970  3.850  3.951  3.689  3.807  3.947  3.928  3.784  3.807  3.784  3.829  3.908  3.989  4.111  4.127  4.060  3.850  3.829  3.892  3.912  4.043  4.060  3.871  3.995  3.892  3.807  3.871  3.807  3.689  3.867  3.871  3.892  3.912  3.807  4.043  3.850  3.761  3.871  3.784  3.807  3.738  3.761
4.662  4.615  4.605  4.500  4.663  4.905  4.794  4.754  4.736  4.811  4.762  4.771  4.613  4.663  4.749  4.630  4.620  4.498  4.419  4.615  4.730  4.564  4.700  4.820  4.554  4.533  4.723  4.644  4.649  4.779  4.549  4.682  4.691  4.642  4.887  4.710  4.593  4.443  4.718  4.454  4.382  4.220
4.840  4.635  4.787  4.290  4.575  5.124  4.924  4.852  4.663  5.247  4.585  4.331  4.875  4.357  4.984  4.652  4.554  4.533  4.787  4.644  4.477  4.635  4.578  4.792  4.127  4.248  4.527  4.382  4.718  4.659  4.787  4.745  4.605  4.460  4.663  4.331  4.382  4.290  4.564  4.811  4.578  4.394
4.094  4.159  4.234  4.277  4.248  4.431  4.317  4.290  4.344  4.260  3.768  4.277  4.419  4.357  4.443  4.248  4.190  4.190  4.369  4.407  4.382  4.407  4.369  4.357  4.382  4.382  4.140  4.066  3.850  4.143  4.060  4.274  4.277  4.248  4.350  4.344  4.304  4.224  3.922  4.174  4.111  4.174
3.829  3.807  3.611  3.658  3.638  3.850  3.611  3.784  3.761  3.846  3.490  3.684  3.871  3.951  3.989  3.824  3.807  3.714  3.738  3.951  3.928  3.882  3.761  3.850  3.807  3.733  3.714  3.638  3.638  3.676  3.651  3.829  3.761  3.850  3.664  3.761  3.850  3.584  3.638  3.638  3.578  3.611
3.444  3.332  3.466  3.401  3.332  3.332  3.296  3.497  3.605  3.395  3.332  3.332  3.459  3.611  3.611  3.384  3.555  3.258  3.481  3.689  3.526  3.466  3.296  3.459  3.401  3.401  3.332  3.497  3.332  3.555  3.258  3.401  3.325  3.401  3.411  3.332  3.401  3.332  3.258  3.367  3.481  3.466
3.520  3.466  3.497  3.384  3.296  3.288  3.367  3.401  3.434  3.434  3.367  3.367  3.401  3.526  3.466  3.296  3.401  3.332  3.638  3.564  3.611  3.434  3.332  3.466  3.497  3.332  3.367  3.367  3.332  3.367  3.367  3.497  3.434  3.444  3.367  3.497  3.459  3.401  3.332  3.434  3.332  3.401
3.605  3.578  3.611  3.638  3.818  3.611  3.466  3.664  3.664  3.584  3.611  3.714  3.802  3.829  3.850  3.738  3.664  3.664  3.664  3.784  3.871  3.761  3.555  3.689  3.605  3.664  3.714  3.738  3.584  3.555  3.497  3.689  3.526  3.584  3.638  3.638  3.550  3.584  3.434  3.611  3.526  3.611
3.526  3.611  3.714  3.709  3.611  3.466  3.651  3.861  3.709  3.807  3.434  3.611  4.078  3.846  3.892  3.466  3.658  3.555  3.908  3.761  3.714  3.714  3.434  3.664  3.611  3.526  3.714  3.632  3.497  3.611  3.664  3.738  3.689  3.714  3.638  3.584  3.611  3.611  3.658  3.721  3.611  3.714
4.159  3.951  3.989  4.094  4.078  4.060  4.007  3.970  3.912  4.217  3.932  4.057  4.263  4.304  4.304  3.871  3.989  4.111  4.127  4.224  4.108  4.078  4.078  4.060  4.124  3.951  3.912  4.034  3.902  3.912  3.928  3.850  4.151  3.947  4.022  3.951  3.970  3.888  4.127  4.078  4.025  4.091
4.234  4.234  4.369  4.317  4.248  4.331  4.124  4.386  4.248  4.350  4.220  4.404  4.344  4.454  4.454  4.069  4.159  4.234  4.489  4.443  4.231  4.231  4.143  4.248  4.248  4.111  3.980  4.143  3.892  3.970  4.094  4.007  4.369  4.205  4.159  4.248  4.205  4.174  4.043  4.174  4.143  4.202
