4.419  4.522  4.475  4.466  4.489  4.454  4.663  4.511  4.543  4.543  4.500  4.575  4.663  4.585  4.585  4.489  4.533  4.290  4.500  4.593  4.682  4.657  4.466  4.644  4.317  4.562  4.419  4.190  4.321  4.454  4.489  4.559  4.533  4.481  4.644  4.443  4.549  4.205  4.304  4.263  4.331  4.511
4.659  4.635  4.595  4.663  4.564  4.543  4.820  4.779  4.710  4.654  4.721  4.745  4.700  4.605  4.652  4.654  4.820  4.541  4.583  4.673  4.881  4.673  4.454  4.734  4.585  4.575  4.369  4.489  4.373  4.595  4.654  4.710  4.564  4.699  4.700  4.522  4.593  4.644  4.564  4.489  4.625  4.615
4.315  4.263  4.078  4.179  4.143  4.132  4.143  4.263  4.277  4.220  4.357  4.454  4.324  4.248  4.304  4.143  4.209  4.174  4.274  4.311  4.234  4.220  4.094  4.290  4.174  3.892  4.167  4.007  3.970  4.094  4.078  4.108  4.111  4.025  4.190  4.078  3.951  4.078  4.248  4.127  3.951  4.111
5.208  4.963  5.186  5.106  5.066  5.088  5.056  5.217  5.024  5.283  5.136  5.204  5.138  5.081  5.220  4.990  4.913  5.056  5.130  5.138  5.193  5.024  4.920  5.100  4.977  4.980  4.852  4.898  4.754  4.934  4.890  4.920  4.934  4.952  4.905  4.913  4.949  5.024  5.037  4.963  4.942  5.153
4.043  3.970  4.025  4.127  3.970  3.932  4.127  4.171  4.187  4.369  4.212  4.328  4.159  4.094  6.005  4.143  4.270  4.234  4.205  4.220  4.220  4.297  4.094  4.094  3.970  3.784  4.004  4.159  3.892  4.025  4.143  3.967  4.094  4.078  4.108  4.078  3.892  4.124  3.951  3.989  4.078  3.989
4.159  3.932  3.967  3.932  3.989  4.078  3.871  4.022  3.989  3.912  4.043  4.074  4.156  4.159  4.290  3.892  4.025  3.871  4.164  4.174  4.111  4.091  4.004  4.007  3.970  3.807  3.807  3.871  3.892  3.807  3.761  3.951  3.871  3.784  3.850  3.989  3.967  3.928  3.877  3.967  3.807  3.807
4.369  4.274  4.301  4.344  4.290  4.317  4.234  4.290  4.220  4.443  4.159  4.357  4.382  4.317  4.443  4.159  4.187  4.263  4.344  4.331  4.382  4.263  4.277  4.205  4.190  4.159  4.174  4.234  4.111  4.022  4.190  4.382  4.263  4.190  4.143  4.127  4.159  4.205  4.159  4.190  4.317  4.127
4.477  4.443  4.428  4.369  4.431  4.564  4.407  4.263  4.454  4.543  4.466  4.382  4.431  4.554  4.644  4.361  4.410  4.248  4.575  4.575  4.419  4.454  4.440  4.475  4.304  4.290  4.317  4.212  4.205  4.190  4.394  4.477  4.477  4.367  4.431  4.431  4.407  4.357  4.382  4.263  4.290  4.466
4.934  4.898  4.727  4.828  4.890  4.762  4.787  4.868  4.710  4.977  4.852  4.994  4.977  4.994  4.933  4.836  4.890  4.828  4.852  4.913  4.762  4.949  4.875  4.944  4.727  4.682  4.700  4.736  4.705  4.652  4.727  4.762  4.745  4.811  4.796  4.885  4.890  4.743  4.835  4.754  4.543  4.804
5.094  5.081  5.077  5.277  5.170  5.175  5.081  5.009  5.017  5.263  5.185  5.155  5.303  5.136  5.308  4.977  5.056  5.150  5.136  5.303  5.112  5.146  5.130  5.050  4.828  4.883  4.970  4.927  4.934  4.852  5.063  4.856  4.963  5.088  5.130  5.088  5.112  5.061  5.053  4.997  4.868  5.043
4.997  4.816  4.875  4.927  5.027  4.997  4.769  4.832  4.787  5.037  4.927  4.997  5.081  5.091  5.182  4.798  4.673  4.881  5.024  4.984  4.977  4.920  4.854  4.990  4.758  4.595  4.654  4.748  4.511  4.635  4.762  4.828  4.762  4.779  4.762  4.754  4.736  4.804  5.583  4.860  4.710  4.820
4.598  4.431  4.585  4.673  4.654  4.575  4.477  4.590  4.554  4.575  4.595  4.564  4.717  4.680  4.682  4.522  4.394  4.382  4.700  4.615  4.605  4.431  4.567  4.575  4.477  4.290  4.304  4.260  4.220  4.466  4.522  4.511  4.394  4.394  4.454  4.443  4.328  4.543  4.585  4.466  4.394  4.382
4.304  4.143  4.394  4.317  4.290  4.241  4.205  4.263  4.148  4.304  4.331  4.344  4.489  4.407  4.595  4.167  4.140  4.248  4.477  4.434  4.404  4.331  4.127  4.220  3.989  3.951  4.143  4.159  4.043  3.989  3.995  4.202  4.143  4.094  4.277  4.143  4.212  4.143  5.379  4.025  4.159  4.248
4.472  4.248  4.344  4.511  4.440  4.248  4.344  4.331  4.277  4.500  4.205  4.344  4.498  4.382  4.567  4.094  4.277  4.297  4.494  4.500  4.583  4.443  4.234  4.190  4.263  4.159  4.205  4.263  4.127  4.127  4.156  4.290  4.304  4.331  4.317  4.263  4.227  4.369  4.344  4.317  4.274  4.369
4.511  4.344  4.263  4.382  4.357  4.205  4.248  4.220  4.477  4.380  4.341  4.234  4.500  4.392  4.407  4.277  4.290  4.317  4.382  4.585  4.564  4.380  4.290  4.344  4.304  4.394  4.248  3.951  4.234  4.277  4.404  4.190  4.357  4.246  4.434  4.331  4.331  4.331  4.425  4.190  4.190  4.304
4.007  3.951  4.060  4.078  4.043  4.190  4.057  3.985  3.961  4.060  3.951  4.043  4.111  4.143  4.127  3.850  4.057  3.912  3.989  4.078  4.220  4.043  4.078  4.197  3.970  3.932  4.094  3.989  3.871  3.861  4.111  4.205  3.932  4.132  3.989  4.190  4.078  3.932  3.951  3.892  3.912  4.111
4.804  4.625  4.980  4.852  4.640  4.635  4.811  4.644  5.112  4.595  4.727  4.779  4.745  4.745  4.970  4.331  4.673  4.500  4.745  4.927  4.796  4.730  4.615  4.771  4.710  4.615  4.454  4.331  4.505  4.605  4.625  4.500  4.804  4.382  4.804  4.663  4.533  4.304  4.382  4.590  4.682  4.466
4.344  4.159  4.256  4.256  4.260  4.205  4.350  4.143  4.369  4.317  4.344  4.190  4.344  4.428  4.543  4.174  4.317  4.078  4.443  4.394  4.324  4.248  4.094  4.331  4.111  4.127  4.132  4.171  4.227  4.350  4.212  4.174  4.248  4.301  4.304  4.111  4.202  4.220  3.970  4.143  4.190  4.127
5.814  5.673  5.835  5.892  5.841  5.799  5.620  5.727  5.768  5.892  5.727  5.778  5.876  5.733  5.953  5.598  5.609  5.662  5.850  5.924  5.788  5.713  5.635  5.680  5.587  5.565  5.583  5.541  5.429  5.505  5.598  5.537  5.819  5.808  5.745  5.728  5.645  5.740  5.587  5.690  5.598  5.685
4.868  4.454  4.942  5.118  4.875  4.644  4.588  4.736  4.635  4.699  4.718  4.836  4.625  4.736  4.771  4.714  4.682  4.509  4.811  4.994  4.796  4.615  4.522  4.700  4.898  4.685  4.394  4.331  4.475  4.344  4.443  4.489  4.787  4.644  4.546  4.585  4.422  4.723  4.575  4.687  4.745  4.836
5.088  5.024  5.004  5.127  4.970  5.088  5.072  5.017  4.990  5.198  5.063  5.100  5.147  5.130  5.215  4.990  4.875  4.920  5.147  5.198  5.209  5.118  5.037  5.196  4.905  4.970  5.100  4.934  4.828  5.004  4.990  4.963  4.949  5.003  5.094  5.061  5.001  5.075  4.970  4.828  4.977  5.036
4.443  4.363  4.464  4.407  4.331  4.380  4.431  4.419  4.543  4.477  4.344  4.466  4.543  4.398  4.630  4.505  4.615  4.386  4.522  4.559  4.615  4.500  4.454  4.575  4.431  4.454  4.304  4.143  4.220  4.277  4.267  4.454  4.407  4.511  4.554  4.588  4.419  4.477  4.419  4.304  4.454  4.404
