4.947  4.883  5.004  4.970  4.942  4.860  5.017  5.153  4.844  5.063  4.905  4.959  4.913  4.984  4.963  4.771  4.844  4.860  4.860  5.088  4.997  4.844  4.736  4.754  4.779  4.883  4.736  4.691  4.585  4.562  4.843  4.700  4.883  4.828  4.875  4.727  4.828  4.883  4.836  4.754  4.635  4.820
5.165  4.839  5.017  4.990  4.963  4.898  4.909  5.118  4.942  5.004  4.949  5.063  4.942  5.050  4.966  4.812  4.771  4.934  5.009  5.117  5.063  4.860  4.766  4.942  4.898  4.816  4.727  4.812  4.642  4.673  4.700  4.625  4.989  4.860  4.762  4.792  4.673  4.949  4.920  4.883  4.575  4.937
4.143  3.985  4.094  4.078  4.043  4.025  3.871  4.060  3.932  4.057  3.892  4.140  4.277  4.025  4.127  3.970  3.932  4.007  4.060  4.060  4.135  4.140  4.190  4.040  4.078  3.829  3.912  4.074  3.802  3.850  4.004  4.143  3.908  3.892  3.970  3.829  3.970  3.892  3.928  3.689  3.871  3.932
4.357  4.140  4.220  4.174  4.190  4.078  4.315  4.140  4.277  4.234  4.174  4.205  4.277  4.344  4.369  4.171  4.159  4.159  4.263  4.290  4.440  4.111  4.111  4.234  4.190  4.111  4.263  4.043  3.947  4.043  4.205  4.234  4.234  4.167  4.174  4.190  3.951  4.116  3.970  4.111  4.052  4.159
4.970  4.913  4.836  4.919  4.904  4.952  4.883  4.970  4.949  5.011  4.997  4.949  4.691  5.004  4.883  4.927  4.828  4.779  5.050  4.942  5.011  4.949  5.094  4.990  4.820  4.727  4.913  4.691  4.691  4.745  5.106  4.852  4.860  4.787  4.963  4.844  5.024  4.844  4.852  4.691  4.762  4.828
5.375  5.442  5.267  5.472  5.371  5.500  5.338  5.283  5.338  5.554  5.434  5.533  5.218  5.476  5.460  5.263  5.130  5.257  5.460  5.472  5.485  5.316  5.407  5.303  5.220  5.145  5.347  5.063  4.977  5.176  5.288  5.257  5.263  5.277  5.204  5.308  5.278  5.411  5.361  5.193  5.193  5.293
4.691  4.677  4.608  4.472  4.530  4.543  4.730  4.618  4.564  4.644  4.635  4.671  4.736  4.741  4.745  4.633  4.644  4.913  4.557  4.682  4.762  4.625  4.452  4.754  4.573  4.538  4.357  4.443  4.277  4.394  4.431  4.543  4.663  4.443  4.585  4.498  4.585  4.511  4.557  4.623  4.407  4.466
4.905  4.896  4.680  4.779  4.745  4.796  4.844  4.708  4.779  4.942  4.823  4.771  4.920  4.890  4.905  4.754  4.745  4.762  4.745  4.771  4.875  4.752  4.783  4.934  4.590  4.583  4.564  4.625  4.407  4.407  4.745  4.820  4.605  4.718  4.615  4.806  4.691  4.710  4.694  4.585  4.673  4.700
3.401  3.611  3.401  3.466  3.555  3.497  3.466  3.526  3.555  3.714  3.401  3.689  3.733  3.892  3.850  3.497  3.584  3.497  3.714  3.807  3.795  3.664  3.555  3.645  3.497  3.526  3.638  3.360  3.689  3.584  3.578  3.434  3.401  3.428  3.526  3.526  3.459  3.466  3.360  3.401  3.401  3.466
3.459  3.550  3.367  3.434  3.555  3.434  3.401  3.611  3.584  3.611  3.367  3.401  3.664  3.664  3.714  3.555  3.526  3.497  3.541  3.761  3.689  3.526  3.401  3.434  3.497  3.428  3.526  3.434  3.401  3.466  3.584  3.555  3.497  3.466  3.520  3.401  3.555  3.526  3.332  3.296  3.332  3.466
4.836  4.887  4.762  4.754  4.828  4.900  4.787  4.844  4.762  4.871  4.909  5.039  5.063  5.003  5.273  4.844  4.691  4.663  5.024  5.069  5.047  4.762  4.844  4.796  4.710  4.710  4.673  4.511  4.454  4.585  4.828  4.663  4.777  4.887  4.874  4.752  4.727  4.860  4.828  4.836  4.771  4.749
4.025  3.888  4.099  3.970  3.850  4.025  3.829  3.912  4.094  4.031  3.850  3.967  4.116  4.094  4.290  3.850  3.947  4.057  4.454  4.111  4.217  4.111  4.007  4.263  4.127  3.932  3.932  3.850  3.850  3.932  3.738  3.818  4.025  3.898  3.967  3.967  3.784  3.877  3.738  3.829  4.043  3.807
4.317  4.094  4.159  4.248  4.078  4.132  4.007  4.274  4.277  4.284  4.344  4.205  4.288  4.190  4.304  4.116  4.308  4.248  4.143  4.367  4.554  4.304  4.220  4.331  4.404  4.167  4.078  4.057  3.970  4.304  3.871  4.187  4.234  4.143  4.595  4.043  4.111  3.829  4.143  4.040  4.111  4.078
4.509  4.159  4.431  4.443  4.394  4.431  4.317  4.443  4.635  4.554  4.428  4.454  4.454  4.443  4.575  4.234  4.321  4.317  4.407  4.575  4.541  4.277  4.263  4.341  4.220  4.380  4.217  4.317  4.159  4.190  4.263  4.290  4.543  4.369  4.443  4.190  4.241  4.344  4.324  4.317  4.220  4.205
4.787  4.696  4.804  4.970  4.836  4.894  4.786  4.831  4.743  5.007  4.820  4.854  4.942  4.927  4.997  4.671  4.635  4.844  5.030  4.868  5.004  4.739  4.802  4.949  4.598  4.615  4.736  4.741  4.443  4.500  4.635  4.520  4.812  4.700  4.635  4.787  4.585  4.541  4.796  4.787  4.585  4.723
4.094  4.111  4.220  4.143  4.174  4.205  4.190  4.108  4.220  4.274  4.205  4.194  4.331  4.290  4.315  4.140  4.159  4.156  4.238  4.248  4.369  4.231  4.174  4.263  3.918  4.124  4.060  4.290  3.989  4.007  4.143  4.187  4.159  4.078  4.205  4.174  4.127  4.171  4.111  3.807  4.060  4.004
4.477  4.605  4.443  4.511  4.477  4.530  4.489  4.489  4.357  4.554  4.554  4.466  4.691  4.642  4.812  4.401  4.382  4.489  4.615  4.699  4.533  4.662  4.454  4.613  4.277  4.317  4.331  4.263  4.301  4.354  4.350  4.205  4.466  4.357  4.404  4.511  4.369  4.263  4.331  4.263  4.357  4.460
4.533  4.407  4.585  4.533  4.575  4.638  4.454  4.475  4.511  4.635  4.575  4.727  4.691  4.615  4.644  4.477  4.407  4.585  4.673  4.734  4.745  4.659  4.509  4.673  4.407  4.595  4.416  4.386  4.263  4.344  4.407  4.407  4.580  4.440  4.500  4.554  4.407  4.585  4.466  4.404  4.357  4.671
5.135  5.009  4.984  5.168  5.165  5.007  4.970  5.003  5.011  5.075  5.068  4.997  5.115  5.118  5.142  4.963  5.017  5.147  5.182  5.169  5.088  4.997  4.982  5.118  5.019  4.890  4.844  4.804  4.654  4.984  4.860  4.889  5.081  4.927  5.017  4.966  4.828  4.934  4.804  4.913  4.990  4.954
5.464  5.338  5.496  5.561  5.481  5.511  5.485  5.474  5.421  5.549  5.338  5.521  5.509  5.425  5.598  5.366  5.437  5.421  5.598  5.639  5.533  5.384  5.409  5.434  5.464  5.485  5.357  5.323  5.204  5.313  5.318  5.338  5.602  5.468  5.505  5.352  5.375  5.338  5.337  5.416  5.366  5.447
4.392  4.227  4.348  4.354  4.394  4.341  4.357  4.367  4.477  4.635  4.419  4.454  4.443  4.407  4.691  4.357  4.290  4.344  4.498  4.489  4.635  4.419  4.331  4.443  4.127  4.290  4.248  4.091  4.060  3.967  4.151  4.263  4.369  4.331  4.477  4.419  4.234  4.382  4.263  4.140  4.452  4.369
4.758  4.398  4.663  4.520  4.500  4.666  4.530  4.481  4.654  4.635  4.543  4.522  4.575  4.538  4.727  4.585  4.543  4.635  4.691  4.710  4.913  4.605  4.500  4.554  4.654  4.466  4.431  4.466  4.290  4.253  4.543  4.489  4.575  4.615  4.533  4.615  4.564  4.595  4.511  4.407  4.605  4.718
