8.246  8.043  8.028  7.954  8.169  8.248  8.176  7.877  8.182  8.339  8.294  8.223  8.274  8.279  8.208  8.212  7.669  8.192  7.989  7.897  8.074  8.065  8.119  8.041  8.043  8.165  8.152  8.191  7.963  8.048  8.128  7.893  7.732  7.988  8.166  8.174  8.146  8.156  8.004  8.164  7.986  7.932
5.553  6.531  6.528  6.553  6.648  6.709  6.673  6.669  6.820  6.823  6.689  6.816  6.760  6.716  6.820  6.633  6.615  6.698  6.729  6.519  6.736  6.591  6.544  6.518  6.756  6.630  6.652  6.678  6.516  6.600  6.549  6.455  6.611  6.667  6.671  6.697  6.649  6.644  6.549  6.832  6.571  6.687
6.982  6.712  6.510  6.506  6.874  6.964  6.883  6.103  6.916  7.136  7.140  6.955  6.948  7.002  6.967  6.988  5.684  6.817  6.198  6.526  6.757  6.700  6.739  6.745  6.512  6.808  6.777  6.806  6.432  6.706  6.724  6.378  5.900  6.280  6.808  6.841  6.723  6.724  6.569  6.720  6.557  6.043
4.942  5.594  5.497  5.390  5.622  5.661  5.747  5.727  5.680  5.814  5.690  5.802  5.778  5.634  5.852  5.710  5.662  5.672  5.700  5.556  5.857  5.748  5.720  5.578  5.716  5.647  5.582  5.628  5.513  5.572  5.568  5.447  5.505  5.533  5.694  5.693  5.656  5.501  5.497  5.613  5.468  5.616
6.757  6.431  6.679  6.503  6.643  6.821  6.653  6.532  6.728  6.597  6.698  6.712  6.717  6.627  6.632  6.576  6.375  6.652  6.721  6.551  6.576  6.466  6.525  6.493  6.546  6.561  6.486  6.581  6.323  6.452  6.439  6.338  6.605  6.623  6.495  6.571  6.590  6.632  6.455  6.558  6.394  6.714
5.247  5.252  5.278  4.982  5.182  5.204  5.252  5.069  5.142  5.204  5.159  5.247  5.204  5.242  5.241  5.193  5.124  5.190  5.244  5.075  5.136  5.152  5.105  5.187  5.039  5.105  5.081  4.997  4.963  4.990  4.909  4.956  5.069  5.159  4.997  5.228  5.187  5.037  5.006  5.159  4.745  5.193
7.133  6.889  6.990  6.802  7.038  7.077  6.986  6.960  7.045  7.216  7.044  7.110  7.069  6.994  7.002  6.945  6.731  7.109  7.088  6.913  6.894  6.819  6.939  6.864  6.891  6.903  6.889  6.910  6.631  6.696  6.842  6.663  6.823  6.892  6.914  6.962  6.882  6.943  6.930  6.904  6.680  6.932
5.347  5.301  5.209  4.875  5.282  5.204  5.198  5.152  5.236  5.531  5.505  5.313  5.460  5.220  5.374  5.268  4.913  5.323  5.278  5.159  5.124  5.106  5.333  5.323  4.844  4.968  5.193  4.927  4.961  4.990  5.135  4.860  4.905  5.024  5.034  5.100  5.037  4.890  5.197  5.017  4.652  4.883
8.144  7.990  7.940  7.841  8.014  8.025  8.009  7.984  8.032  8.198  8.114  8.081  8.159  8.088  8.055  8.066  7.781  8.034  8.086  7.892  7.923  7.922  8.060  7.968  7.916  8.003  7.972  7.932  7.729  7.885  7.959  7.650  7.809  8.014  7.945  7.970  7.945  7.890  7.917  8.017  7.757  7.918
6.144  6.153  5.977  5.844  6.050  5.981  6.102  6.057  6.144  6.392  6.341  6.246  6.279  6.205  6.178  6.093  5.940  6.028  6.043  5.972  6.148  6.050  6.172  6.154  5.753  5.894  5.834  5.685  5.489  5.720  5.876  5.505  5.539  5.733  5.986  5.974  5.781  5.729  5.717  5.844  5.517  5.712
7.457  7.352  7.385  7.408  7.425  7.496  7.491  7.467  7.498  7.536  7.415  7.568  7.525  7.432  7.515  7.437  7.347  7.453  7.598  7.413  7.549  7.583  7.516  7.485  7.585  7.552  7.400  7.473  7.354  7.389  7.413  7.451  7.402  7.580  7.575  7.416  7.490  7.462  7.254  7.419  7.431  7.471
5.980  5.974  5.844  5.943  5.929  5.961  6.098  5.835  6.068  6.109  5.953  6.063  6.075  5.973  6.057  5.944  5.943  5.814  6.071  5.940  6.246  5.975  5.945  5.992  6.043  6.105  6.023  5.897  5.841  5.823  5.875  5.942  5.855  6.071  6.103  6.111  6.031  5.835  5.733  5.775  5.892  5.885
7.954  7.647  7.824  7.897  7.864  7.901  7.763  7.785  7.809  7.900  7.832  7.941  7.883  7.769  7.889  7.679  7.552  7.817  7.911  7.837  7.795  7.649  7.736  7.650  7.838  7.823  7.775  7.770  7.486  7.566  7.652  7.626  7.823  7.826  7.702  7.719  7.772  7.826  7.775  7.838  7.745  7.833
7.323  7.209  7.193  7.284  7.221  7.272  7.286  7.200  7.244  7.371  7.331  7.330  7.362  7.266  7.383  7.221  7.040  7.167  7.288  7.234  7.332  7.235  7.308  7.259  7.248  7.194  7.154  7.076  7.022  7.101  7.214  7.110  7.180  7.288  7.186  7.246  7.220  7.160  7.191  7.192  7.115  7.213
7.000  6.961  6.946  6.774  6.986  7.025  6.579  6.904  6.872  7.037  7.059  6.985  7.089  7.025  7.025  6.964  6.515  7.105  6.929  6.927  6.715  6.720  6.893  6.888  6.779  6.824  6.889  7.069  6.726  6.812  6.943  6.598  6.757  6.779  6.740  6.844  6.867  6.993  6.948  7.041  6.588  6.894
6.184  6.144  6.127  6.061  6.125  6.196  5.642  6.127  6.086  6.213  6.284  6.147  6.292  6.346  6.202  6.100  5.775  6.192  6.161  6.040  5.897  5.955  6.266  6.234  5.901  5.924  6.151  6.136  5.894  5.854  6.155  5.782  6.005  5.926  5.905  6.203  6.054  6.154  6.240  6.182  5.690  5.968
6.719  6.488  6.627  6.597  6.757  6.775  6.604  6.650  6.636  6.862  6.717  6.880  6.861  6.748  6.960  6.538  6.351  6.608  6.803  6.685  6.603  6.497  6.531  6.445  6.430  6.531  6.436  6.477  6.066  6.299  6.354  6.271  6.402  6.603  6.506  6.698  6.548  6.736  6.477  6.555  6.368  6.539
4.341  4.288  4.143  4.419  4.511  4.263  4.060  4.220  4.220  4.419  4.174  4.369  4.431  4.454  4.494  4.260  4.217  4.270  4.277  4.520  4.317  4.331  4.308  4.263  4.007  4.060  4.043  4.159  3.951  4.025  4.234  4.205  4.174  4.159  4.135  4.290  4.234  4.331  4.489  4.143  4.179  4.135
7.898  7.608  7.838  7.723  7.864  7.863  7.778  7.829  7.858  7.933  7.834  7.923  7.955  7.843  7.915  7.616  7.781  7.890  7.905  7.879  7.876  7.744  7.673  7.628  7.832  7.961  7.699  7.779  7.622  7.660  7.639  7.685  7.786  7.879  7.806  7.809  7.760  7.816  7.775  7.819  7.785  7.832
5.537  5.652  5.429  5.318  5.580  5.494  5.624  5.228  5.652  5.613  5.762  5.631  5.784  5.694  5.762  5.366  5.690  5.541  5.621  5.398  5.717  5.568  5.572  5.468  5.429  5.645  5.549  5.398  5.247  5.429  5.300  5.347  5.361  5.594  5.476  5.531  5.598  5.347  5.513  5.370  5.375  5.263
6.612  6.504  6.547  6.478  6.714  6.753  6.618  6.673  6.866  6.824  6.650  6.877  6.883  6.717  7.018  6.547  6.581  6.648  6.879  6.633  6.786  6.625  6.654  6.709  6.639  6.666  6.594  6.548  6.190  6.428  6.397  6.300  6.571  6.757  6.682  6.736  6.540  6.505  6.404  6.415  6.472  6.539
3.882  4.127  4.263  4.022  3.998  3.689  3.951  3.871  4.143  4.217  4.270  4.103  4.060  4.344  4.263  4.060  4.205  3.989  4.159  3.850  4.127  4.025  4.220  4.202  3.989  4.043  3.942  3.928  3.714  3.871  4.060  4.091  4.127  3.951  3.932  3.951  3.829  3.861  4.078  3.912  4.124  3.892
