5.247  5.165  5.257  5.242  5.198  5.323  5.252  5.165  5.252  5.371  5.263  5.323  5.429  5.209  5.293  5.153  5.147  5.059  5.318  5.268  5.375  5.231  5.112  5.252  5.190  5.075  5.112  5.024  4.963  5.118  5.142  5.088  5.108  5.257  5.208  5.165  5.075  5.226  4.977  5.063  5.209  5.159
5.170  4.836  5.149  4.907  4.977  4.990  5.029  4.864  4.984  5.136  4.963  5.111  5.094  4.881  5.069  4.824  4.775  5.121  4.920  4.868  5.004  4.792  4.984  5.069  4.762  4.754  4.796  4.794  4.564  4.820  4.844  4.812  4.904  4.796  4.877  4.762  4.820  4.710  4.875  4.779  4.663  4.871
4.078  3.829  3.989  4.111  3.867  3.989  4.031  3.947  3.957  4.159  3.970  3.970  4.159  4.025  3.912  4.025  4.007  3.970  3.970  4.111  4.094  3.970  3.970  4.143  3.757  3.829  3.750  3.912  3.714  3.738  3.912  3.882  3.871  4.007  3.784  3.938  3.871  3.829  4.007  3.871  3.709  3.892
3.824  3.871  3.908  3.989  3.951  3.912  3.882  3.871  4.007  4.060  3.857  4.094  4.174  4.143  4.091  4.078  4.060  4.016  4.004  4.094  4.220  4.060  4.060  3.932  3.922  3.829  3.861  3.951  3.784  3.970  3.980  3.970  4.074  4.127  4.060  3.989  3.970  3.989  3.892  3.932  3.970  3.829
3.750  3.638  3.714  3.714  3.466  3.555  3.497  3.584  3.709  3.714  3.512  3.584  3.714  3.850  3.714  3.829  3.490  3.689  3.555  3.761  3.738  3.555  3.526  3.664  3.564  3.611  3.459  3.738  3.555  3.664  3.555  3.733  3.611  3.550  3.555  3.526  3.664  3.611  3.611  3.497  3.497  3.555
3.757  3.829  3.871  3.839  3.871  3.757  3.714  3.784  3.871  3.951  3.761  3.829  3.912  3.850  3.871  3.807  3.745  3.733  3.970  4.007  3.970  3.871  3.664  3.871  3.701  3.584  3.638  3.714  3.526  3.714  3.714  3.807  3.871  3.555  3.689  3.850  3.664  3.555  3.684  3.871  3.761  3.611
4.407  4.143  4.260  4.301  4.304  4.246  4.241  4.475  4.220  4.174  4.205  4.060  4.543  4.489  4.443  4.315  4.205  4.277  4.431  4.509  4.425  4.277  4.205  4.443  4.007  4.078  4.127  3.989  3.761  4.171  4.174  4.135  4.078  4.143  4.025  4.074  4.190  3.951  4.025  4.078  4.078  4.246
4.043  3.989  4.288  4.328  4.043  4.078  4.127  4.197  4.060  4.007  4.099  3.932  4.317  4.127  4.304  4.111  4.111  4.190  4.205  4.111  4.267  4.007  4.094  4.290  3.871  4.078  3.892  3.989  4.043  4.022  4.078  4.040  4.111  4.060  4.043  3.850  3.912  3.807  3.850  3.989  4.066  4.094
3.555  3.555  3.676  3.829  3.555  3.638  3.497  3.497  3.638  3.738  3.434  3.714  3.638  3.738  3.714  3.526  3.526  3.584  3.882  3.526  3.611  3.714  3.466  3.584  3.584  3.178  3.466  3.784  3.497  3.578  3.434  3.584  3.714  3.555  3.466  3.555  3.434  3.592  3.481  3.466  3.526  3.367
3.466  3.638  3.459  3.611  3.638  3.535  3.434  3.466  3.689  3.733  3.401  3.733  3.584  3.689  3.611  3.611  3.526  3.555  3.497  3.689  3.689  3.367  3.541  3.714  3.611  3.434  3.466  3.555  3.434  3.466  3.611  3.434  3.555  3.428  3.584  3.584  3.611  3.512  3.578  3.219  3.332  3.401
4.937  4.718  4.771  4.828  4.913  4.762  4.727  4.904  4.754  4.920  4.949  4.915  5.071  4.913  5.050  4.836  4.727  4.802  4.940  5.129  4.905  4.898  4.848  4.843  4.852  4.913  4.727  4.682  4.700  4.700  4.727  4.762  4.796  4.977  4.827  4.758  4.673  4.828  4.615  4.554  4.777  4.812
4.832  4.625  4.868  4.840  4.635  4.754  4.625  4.727  4.779  4.875  4.808  4.852  4.979  4.771  4.762  4.638  4.794  4.635  4.934  4.984  4.934  4.736  4.771  4.812  4.644  4.625  4.654  4.691  4.554  4.595  5.037  5.043  5.056  4.745  4.836  4.752  4.635  4.787  4.613  4.533  4.654  4.762
4.187  4.190  4.135  4.202  4.357  4.151  4.274  4.190  4.043  4.246  4.043  4.246  4.388  4.344  4.357  4.156  4.267  4.086  4.274  4.335  4.263  4.234  4.234  4.143  4.025  4.116  4.078  3.912  4.127  4.143  4.263  4.091  4.174  4.025  4.197  4.159  4.143  4.234  4.060  4.034  3.970  4.060
4.350  4.205  4.277  4.344  4.234  4.304  4.304  4.407  4.234  4.454  4.344  4.431  4.638  4.331  4.585  4.277  4.290  4.315  4.533  4.443  4.434  4.263  4.394  4.530  4.143  4.263  4.060  4.290  3.932  4.078  3.970  4.263  4.267  4.220  4.304  4.234  4.324  4.205  4.277  4.043  4.043  4.248
3.555  3.555  3.555  3.611  3.555  3.466  3.611  3.611  3.555  3.611  3.434  3.829  3.664  3.709  3.829  3.611  3.584  3.733  3.714  3.611  3.684  3.611  3.550  3.714  3.520  3.658  3.332  3.555  3.526  3.367  3.526  3.555  3.611  3.632  3.555  3.466  3.466  3.497  3.459  3.434  3.632  3.434
3.428  3.401  3.296  3.434  3.360  3.434  3.401  3.401  3.611  3.459  3.367  3.434  3.555  3.605  3.664  3.497  3.497  3.512  3.638  3.497  3.611  3.434  3.497  3.611  3.555  3.466  3.434  3.428  3.360  3.497  3.497  3.584  3.520  3.466  3.401  3.434  3.367  3.466  3.584  3.367  3.584  3.343
4.605  4.635  4.657  4.673  4.691  4.522  4.454  4.564  4.543  4.727  4.546  4.575  4.739  4.575  4.736  4.489  4.530  4.522  4.712  4.804  4.691  4.505  4.654  4.787  4.419  4.369  4.605  4.331  4.344  4.525  4.771  4.489  4.673  4.382  4.635  4.585  4.416  4.500  4.564  4.344  4.654  4.382
4.127  4.174  4.394  4.078  3.989  4.043  3.857  4.016  4.091  4.190  4.111  4.007  4.103  4.111  4.277  4.057  4.007  4.043  4.025  4.357  4.290  4.111  4.007  4.127  4.159  3.989  3.932  3.892  4.007  4.132  3.807  4.007  4.248  3.995  4.304  4.078  3.829  3.951  4.007  3.932  4.135  3.970
5.574  5.438  5.347  5.484  5.340  5.447  5.591  5.361  5.447  5.533  5.436  5.497  5.697  5.560  5.541  5.442  5.557  5.468  5.421  5.652  5.631  5.589  5.503  5.619  5.288  5.380  5.501  5.366  5.367  5.247  5.553  5.398  5.429  5.429  5.545  5.568  5.489  5.521  5.513  5.375  5.318  5.337
4.274  4.440  4.220  4.094  4.143  4.174  4.290  4.331  4.344  4.344  4.202  4.263  4.533  4.460  4.466  4.246  4.331  4.304  4.190  4.317  4.489  4.304  4.477  4.500  4.060  4.277  4.394  4.182  4.094  4.267  4.284  4.380  4.331  4.220  4.277  4.344  4.304  4.263  4.248  4.094  4.108  4.234
4.256  4.052  4.277  4.190  4.277  4.220  4.111  4.135  3.989  4.331  4.277  4.304  4.635  4.533  4.543  4.341  4.248  4.260  4.407  4.388  4.477  4.304  4.094  4.337  4.094  4.202  4.174  4.277  4.007  4.143  4.094  4.190  4.220  4.205  4.127  4.094  4.094  4.357  4.443  4.174  4.094  4.220
4.828  4.691  4.721  4.726  4.786  4.927  4.787  4.752  4.718  4.812  4.802  4.828  5.063  4.907  5.063  4.787  4.564  4.700  4.949  4.927  4.844  4.812  4.718  4.804  4.543  4.654  4.663  4.691  4.647  4.642  4.690  4.625  4.736  4.700  4.721  4.787  4.710  4.694  4.787  4.700  4.522  4.762
