3.951  4.007  3.829  3.951  3.871  3.980  3.807  4.043  3.951  4.060  4.060  4.025  4.116  3.970  3.970  4.094  3.795  4.007  3.951  3.912  3.985  4.025  4.066  4.043  3.829  3.829  3.846  3.761  3.932  3.912  4.007  3.861  3.989  4.007  4.007  3.892  4.143  4.182  4.290  3.784  3.951  3.970
3.761  3.829  3.768  3.714  3.714  3.784  3.892  3.807  3.714  4.060  3.807  3.850  3.912  3.951  4.043  3.888  3.912  3.892  3.892  3.807  3.951  3.829  3.871  3.888  3.684  3.784  3.912  3.738  3.526  3.709  3.829  3.850  3.689  3.807  3.850  3.850  3.970  3.761  3.807  3.584  3.738  3.807
5.132  5.115  5.118  5.063  5.069  5.081  5.170  5.193  5.115  5.361  5.226  5.298  5.136  5.081  5.172  4.949  5.069  5.127  5.056  5.056  5.147  5.037  5.165  5.142  4.820  5.075  4.913  4.977  4.828  4.970  4.945  4.956  4.890  4.970  4.862  5.140  5.094  4.934  4.986  4.919  4.835  4.915
4.043  4.043  3.989  3.985  3.850  4.007  4.220  4.174  4.091  4.174  4.007  4.025  4.043  3.932  4.127  3.970  3.951  4.060  4.060  3.989  4.060  4.159  3.970  4.078  3.761  3.932  3.951  3.985  4.040  4.043  3.892  3.932  3.871  4.083  4.007  4.007  4.040  3.932  4.007  4.007  4.025  3.928
3.922  3.829  3.850  3.791  3.714  3.761  3.892  3.829  3.871  4.043  3.932  3.912  3.947  3.761  3.892  3.850  3.882  3.784  3.829  3.824  3.850  3.676  3.829  3.829  3.733  3.689  3.638  3.611  3.584  3.638  3.824  3.611  3.714  3.745  3.912  3.638  3.611  3.784  3.850  3.726  3.664  3.689
3.871  3.912  3.912  3.664  3.784  3.829  3.784  3.871  3.871  3.951  3.850  3.850  4.007  3.892  3.947  3.892  3.757  3.824  3.985  4.127  3.970  3.932  3.807  3.807  3.850  3.802  3.784  3.709  3.689  3.664  3.877  3.912  3.784  3.807  3.871  3.892  3.757  3.829  3.784  3.951  3.829  3.932
4.796  4.937  4.994  4.990  4.736  4.913  4.961  4.836  4.944  5.029  4.883  4.920  5.024  4.787  5.063  4.804  4.905  4.828  5.075  4.798  5.236  4.927  4.896  5.273  4.844  4.680  4.635  4.595  4.771  4.820  4.787  4.915  4.749  4.905  5.011  4.868  4.875  4.771  4.787  4.564  4.804  4.727
4.454  4.486  4.357  4.511  4.419  4.357  4.486  4.477  4.477  4.486  4.394  4.514  4.454  4.317  4.522  4.407  4.357  4.205  4.443  4.369  4.477  4.407  4.382  4.575  4.337  4.111  4.094  4.111  4.205  4.159  4.344  4.500  4.419  4.205  4.290  4.263  4.234  4.404  4.234  4.190  4.369  4.331
6.390  6.280  6.315  6.269  6.333  6.353  6.207  6.363  6.226  6.483  6.335  6.361  6.428  6.302  6.371  6.196  6.159  6.171  6.437  6.368  6.312  6.322  6.252  6.347  6.223  6.332  6.336  6.525  6.349  6.507  6.265  6.271  6.148  6.192  6.271  6.229  6.172  6.308  6.131  6.043  6.160  6.168
7.225  7.175  7.179  7.282  7.174  7.222  7.321  7.246  7.257  7.368  7.200  7.323  7.358  7.190  7.347  7.139  7.123  6.966  7.313  7.228  7.324  7.271  7.220  7.234  7.224  7.223  7.258  7.244  7.276  7.290  7.155  7.264  7.131  7.204  7.309  7.186  7.254  7.208  6.998  7.029  7.157  7.112
4.361  4.205  4.290  4.277  4.344  4.140  4.248  4.182  4.190  4.369  4.290  4.331  4.382  4.304  4.575  4.194  4.304  4.263  4.419  4.431  4.304  4.382  4.277  4.419  4.246  4.277  4.025  4.078  4.078  4.043  4.220  4.205  4.217  4.143  4.220  4.217  4.357  4.248  4.263  4.127  4.074  4.111
3.784  3.689  3.664  3.584  3.434  3.490  3.541  3.611  3.526  3.714  3.434  3.632  3.714  3.738  3.957  3.835  3.807  3.555  3.951  3.871  3.638  3.555  3.624  3.761  3.638  3.638  3.466  3.520  3.526  3.466  3.605  3.526  3.570  3.605  3.584  3.526  3.555  3.605  3.664  3.584  3.550  3.689
4.477  4.328  4.270  4.341  4.419  4.369  4.419  4.367  4.357  4.422  4.452  4.533  4.373  4.394  4.407  4.234  4.151  4.304  4.369  4.554  4.511  4.382  4.382  4.394  4.256  4.220  4.220  4.190  4.043  4.132  4.394  4.317  4.337  4.431  4.419  4.394  4.301  4.156  4.304  4.331  4.094  4.220
4.828  4.828  4.831  4.811  4.625  4.820  4.812  4.659  4.762  4.909  4.727  4.940  4.907  4.820  5.017  4.745  4.963  4.718  4.949  4.812  5.094  4.875  4.836  4.905  4.787  4.827  4.771  4.500  4.511  4.590  4.682  4.920  4.787  4.844  4.990  4.868  4.783  4.662  4.635  4.477  4.635  4.718
4.111  4.078  4.140  4.094  4.078  3.892  4.078  4.007  4.060  4.248  4.159  4.190  4.380  4.060  4.357  3.970  3.970  3.989  4.220  4.350  4.057  4.220  4.060  4.127  4.043  4.040  3.989  3.871  3.892  3.985  4.060  3.807  4.190  4.025  4.043  4.108  3.951  3.871  4.048  4.078  3.967  4.074
4.844  4.752  4.718  4.852  4.745  4.836  4.745  4.749  4.836  4.949  4.705  4.949  5.021  4.890  4.920  4.620  4.659  4.787  4.927  4.875  4.752  4.727  4.654  4.905  4.625  4.844  4.654  4.443  4.425  4.382  4.727  4.419  4.754  4.787  4.787  4.852  4.564  4.787  4.625  4.564  4.736  4.762
4.156  3.932  3.947  4.143  4.174  4.007  3.784  4.094  3.932  4.078  3.998  4.025  4.270  4.094  4.263  3.780  3.888  4.025  4.190  4.143  4.111  3.846  3.829  4.043  3.850  3.829  3.850  3.888  3.750  3.871  3.902  3.951  4.143  3.902  3.970  3.912  3.829  4.060  3.871  3.738  3.951  4.007
3.714  3.584  3.912  4.248  3.947  3.928  3.638  4.025  4.016  3.970  3.701  4.004  3.807  3.784  4.179  3.689  3.689  3.824  4.025  4.263  3.850  3.871  3.638  3.784  3.714  3.807  3.638  3.750  3.564  3.555  3.714  3.761  4.007  3.871  3.738  3.967  3.761  3.829  3.829  3.584  3.761  3.829
4.554  4.511  4.628  4.466  4.554  4.573  4.454  4.404  4.585  4.723  4.682  4.580  4.700  4.710  4.844  4.554  4.533  4.564  4.543  4.585  4.844  4.511  4.486  4.811  4.564  4.344  4.477  4.522  4.605  4.533  4.600  4.460  4.503  4.554  4.595  4.466  4.466  4.454  4.533  4.552  4.638  4.394
4.804  4.769  4.736  4.726  4.745  4.699  4.554  4.640  4.652  4.959  4.820  4.745  4.860  4.919  4.879  4.663  4.644  4.828  4.754  4.812  4.860  4.727  4.727  4.831  4.762  4.564  4.771  4.736  4.500  4.500  4.756  4.642  4.727  4.663  4.585  4.682  4.605  4.623  4.691  4.771  4.718  4.691
4.083  3.951  4.025  4.127  3.928  4.111  3.829  4.043  4.111  4.194  3.951  4.108  4.304  4.367  4.174  4.127  4.060  4.078  4.220  4.382  4.190  4.043  4.217  4.174  4.094  4.111  3.867  3.932  3.829  3.912  3.932  4.025  4.078  3.970  4.094  4.143  4.025  4.111  4.094  3.947  3.961  4.043
3.835  3.912  3.780  4.007  3.829  3.784  3.795  3.850  3.784  4.091  3.761  3.846  4.074  3.951  4.111  3.784  4.007  3.689  3.912  4.111  3.989  3.807  3.761  3.951  3.733  3.664  3.738  3.584  3.714  3.807  3.689  3.871  3.871  3.829  3.757  3.829  3.738  3.829  3.829  3.714  3.829  3.761
