5.631  5.564  5.472  5.537  5.451  5.533  5.333  5.620  5.602  5.714  5.583  5.617  5.659  5.628  5.753  5.777  5.700  5.541  5.645  5.545  5.652  5.600  5.529  5.617  5.386  5.384  5.357  5.272  5.209  5.380  5.452  5.352  5.389  5.455  5.595  5.434  5.425  5.434  5.371  5.283  5.347  5.580
4.879  4.844  4.868  4.828  4.644  4.691  4.717  4.844  4.820  4.949  4.875  4.883  4.745  4.856  4.949  4.745  4.920  4.913  4.956  4.828  4.982  4.881  4.635  4.852  4.699  4.866  4.642  4.673  4.489  4.668  4.633  4.736  4.673  4.730  4.802  4.745  4.575  4.771  4.554  4.541  4.758  4.804
4.382  4.290  4.248  4.205  4.094  4.369  4.220  4.190  4.290  4.460  4.277  4.248  4.205  4.357  4.394  4.263  4.212  4.382  4.248  4.277  4.443  4.263  4.301  4.220  4.111  4.078  4.174  4.174  4.060  4.025  4.127  4.234  4.111  4.267  4.159  4.043  4.174  4.086  4.094  4.060  3.932  4.143
4.174  4.127  4.167  4.205  4.159  4.108  4.217  4.111  4.111  4.317  4.234  4.274  4.197  4.382  4.419  4.263  4.078  4.174  4.124  4.317  4.205  4.143  4.179  4.317  4.140  4.078  4.171  4.060  4.174  4.052  4.094  4.174  4.174  4.074  4.022  3.989  3.951  3.989  4.127  4.007  3.947  4.025
4.732  4.511  4.644  4.828  4.554  4.754  4.671  4.585  4.868  4.875  4.605  4.754  4.743  4.796  4.787  4.559  4.554  4.564  4.745  4.741  4.745  4.673  4.469  4.600  4.625  4.350  4.605  4.522  4.394  4.477  4.472  4.527  4.543  4.564  4.691  4.554  4.640  4.431  4.543  4.575  4.554  4.536
4.052  4.034  4.007  4.060  3.951  3.980  3.871  4.007  3.970  3.970  4.007  3.912  4.034  3.970  4.174  3.912  3.871  3.970  3.912  4.007  4.143  4.043  3.850  4.094  3.761  3.871  3.912  3.938  3.850  3.689  4.057  3.871  3.989  3.846  3.850  3.967  3.967  3.871  3.850  3.829  3.850  3.882
4.511  4.440  4.690  4.868  4.677  4.595  4.419  4.852  4.647  4.533  4.625  4.691  4.635  4.552  4.836  4.398  4.585  4.503  4.575  4.771  4.710  4.549  4.533  4.382  4.564  4.443  4.511  4.290  4.190  4.290  4.419  4.431  4.696  4.443  4.477  4.522  4.522  4.736  4.554  4.625  4.610  4.762
3.807  3.871  3.829  3.892  3.757  3.912  3.761  3.871  3.846  3.807  3.638  3.908  3.957  3.850  4.127  3.664  3.902  3.671  3.784  3.912  3.932  3.689  3.664  3.850  3.871  3.784  3.664  3.555  3.664  3.761  3.850  3.807  3.839  3.850  3.871  3.802  3.829  3.738  3.714  3.611  3.721  3.824
4.419  4.344  4.290  4.580  4.277  4.317  4.304  4.094  4.341  4.511  4.404  4.492  4.575  4.357  4.434  4.263  4.564  4.205  4.304  4.304  4.595  4.554  4.454  4.500  4.256  4.190  4.419  4.277  4.277  4.174  4.394  4.369  4.234  4.246  4.394  4.392  4.263  4.373  4.382  4.174  4.315  4.380
4.025  3.970  4.025  4.060  3.989  4.127  4.143  3.970  4.078  4.246  4.187  4.159  4.248  4.143  4.410  4.043  4.317  4.127  4.078  4.220  4.205  4.190  4.057  4.060  3.912  3.807  4.025  3.892  3.829  3.951  4.060  4.124  3.970  4.091  4.127  4.025  4.060  4.078  4.043  3.807  3.761  3.922
5.381  5.246  5.272  5.308  5.198  5.215  5.321  5.296  5.288  5.529  5.425  5.338  5.485  5.371  5.405  5.215  5.308  5.241  5.273  5.551  5.394  5.460  5.357  5.389  5.147  5.308  5.182  5.176  5.159  5.142  5.236  5.340  5.257  5.268  5.303  5.313  5.283  5.263  5.407  5.176  5.106  5.278
4.466  4.369  4.454  4.489  4.394  4.363  4.304  4.341  4.575  4.635  4.511  4.407  4.522  4.533  4.477  4.263  4.344  4.369  4.416  4.649  4.492  4.564  4.357  4.489  4.452  4.407  4.454  4.344  4.308  4.094  4.477  4.315  4.394  4.394  4.431  4.317  4.220  4.357  4.367  4.248  4.308  4.277
3.947  3.664  3.912  3.892  3.871  3.970  3.871  3.902  3.912  4.043  3.807  3.850  4.025  3.970  4.111  3.784  3.738  3.807  4.025  3.980  4.004  3.738  3.912  3.951  3.912  3.738  3.761  3.850  3.714  3.839  3.871  3.807  3.970  3.784  3.970  3.761  3.824  3.714  3.689  3.850  3.738  3.689
3.961  3.807  3.784  3.892  3.807  3.871  3.714  3.824  3.807  3.970  3.784  3.951  3.912  3.989  4.007  3.829  3.850  3.951  3.928  4.099  3.928  3.985  3.738  3.850  3.761  3.807  3.714  3.761  3.733  3.761  3.932  3.918  3.807  3.892  3.738  3.912  3.802  3.932  3.689  3.784  3.738  3.871
4.143  4.159  4.025  4.205  4.094  4.025  4.043  4.007  4.007  4.331  4.025  4.174  4.078  3.970  4.248  3.871  4.094  4.111  4.060  4.263  4.179  4.111  4.043  4.143  3.912  3.761  3.898  3.829  3.824  3.989  3.951  3.829  3.912  3.888  3.850  3.989  3.850  3.970  3.932  3.980  3.850  4.094
3.664  3.526  3.689  3.638  3.638  3.684  3.584  3.664  3.611  3.932  3.526  3.714  3.784  3.761  3.664  3.466  3.555  3.434  3.780  3.829  3.689  3.584  3.714  3.638  3.555  3.584  3.578  3.611  3.526  3.664  3.526  3.584  3.497  3.497  3.434  3.584  3.466  3.638  3.611  3.584  3.526  3.638
4.777  4.654  4.771  4.811  4.666  4.718  4.635  4.644  4.710  4.635  4.762  4.828  4.754  4.779  4.820  4.533  4.754  4.700  4.787  4.736  4.812  4.605  4.635  4.635  4.673  4.682  4.500  4.477  4.394  4.477  4.710  4.663  4.694  4.654  4.700  4.710  4.710  4.585  4.635  4.682  4.615  4.642
4.290  4.159  4.220  4.311  4.127  4.043  4.135  4.094  4.248  4.078  4.025  4.159  4.253  4.174  4.277  4.060  4.094  3.970  4.263  4.295  4.543  4.267  4.270  4.159  4.205  4.260  4.127  4.007  4.007  3.932  4.078  4.127  4.248  4.301  4.317  4.060  4.174  4.007  4.060  4.025  4.174  4.212
4.682  4.987  4.820  4.931  4.595  4.828  4.736  4.554  5.315  4.771  4.718  5.170  4.700  4.883  5.227  4.605  4.682  5.017  4.860  4.934  4.860  4.771  4.790  5.328  4.585  4.942  4.570  4.666  4.382  4.700  4.477  4.745  4.907  4.663  4.745  4.854  4.477  4.691  4.868  4.475  4.714  4.554
5.142  5.149  5.306  5.193  5.366  5.265  5.081  5.252  5.273  5.342  5.136  5.273  5.209  5.226  5.642  5.036  5.037  5.247  5.366  5.566  5.204  5.302  4.942  5.318  4.990  4.973  4.889  4.949  4.654  4.843  4.875  5.211  5.403  4.984  5.142  5.260  5.004  5.215  5.198  5.017  5.172  5.170
4.680  4.511  4.533  4.500  4.654  4.554  4.522  4.682  4.543  4.812  4.511  4.652  4.796  4.691  4.832  4.533  4.500  4.618  4.710  4.754  4.718  4.564  4.691  4.783  4.394  4.304  4.344  4.274  4.234  4.159  4.331  4.354  4.472  4.613  4.388  4.489  4.407  4.575  4.575  4.431  4.248  4.431
4.317  4.277  4.317  4.472  4.290  4.304  4.317  4.431  4.277  4.554  4.238  4.344  4.394  4.382  4.533  4.363  4.354  4.382  4.494  4.575  4.443  4.369  4.431  4.419  4.231  4.187  4.344  4.151  3.912  4.143  4.344  4.241  4.331  4.404  4.263  4.205  4.317  4.263  4.202  4.304  4.220  4.263
