6.105  5.666  5.935  5.639  6.023  6.096  6.078  5.996  6.219  6.248  5.981  6.176  6.128  6.050  6.211  5.943  5.791  5.912  5.981  5.841  6.105  5.945  5.844  5.814  5.935  6.035  6.028  5.911  5.733  5.796  5.916  5.762  5.725  6.129  6.057  5.987  5.999  5.784  5.787  5.909  5.781  5.981
4.263  4.260  4.263  4.205  4.060  4.143  4.270  4.159  4.159  4.263  4.094  4.317  4.554  4.344  4.585  4.174  4.043  4.119  4.205  4.344  4.357  4.174  4.159  4.248  4.197  4.174  4.094  4.091  3.985  4.007  4.111  4.143  4.143  4.217  4.234  4.248  4.091  4.140  4.091  3.871  4.060  4.043
5.193  4.990  5.042  4.982  4.963  5.293  5.088  5.142  5.196  5.204  4.970  5.298  5.142  5.050  5.162  5.037  4.828  4.984  4.947  4.984  5.257  4.989  4.927  5.037  5.100  5.037  4.927  4.868  4.796  4.924  5.058  4.920  4.812  5.165  5.004  5.004  5.093  4.844  4.954  4.949  5.080  4.990
4.492  4.511  4.394  4.156  4.344  4.281  4.489  4.431  4.382  4.615  4.331  4.682  4.454  4.317  4.489  4.511  4.369  4.263  4.190  4.317  4.573  4.369  4.503  4.386  4.078  4.317  4.190  4.159  4.078  4.337  4.263  4.205  4.190  4.277  4.205  4.369  4.466  4.231  4.127  4.143  4.274  4.369
6.209  6.082  6.129  6.045  6.118  6.120  6.026  6.120  6.178  6.376  6.323  6.219  6.321  6.188  6.288  6.127  6.100  6.082  6.254  6.181  6.165  6.109  6.064  6.138  6.054  6.155  6.078  6.176  6.021  6.026  6.043  5.953  6.033  6.129  6.162  6.105  6.038  6.075  6.103  6.019  6.078  5.981
4.919  5.011  4.896  4.741  4.920  4.868  4.890  4.836  5.017  5.004  5.094  5.056  4.937  4.989  5.024  4.787  4.909  4.828  5.017  4.942  4.919  4.920  4.904  5.023  4.736  4.673  4.690  4.820  4.754  4.700  4.779  4.760  4.710  4.860  4.852  4.864  4.754  4.804  4.718  4.796  4.836  4.866
7.442  7.207  7.402  7.326  7.460  7.450  7.284  7.397  7.414  7.562  7.426  7.515  7.500  7.375  7.521  7.317  7.106  7.456  7.468  7.396  7.289  7.175  7.326  7.222  7.192  7.272  7.314  7.330  7.108  7.139  7.242  7.031  7.281  7.345  7.251  7.347  7.266  7.294  7.279  7.451  7.198  7.360
6.047  5.961  6.003  6.001  6.107  6.059  6.032  5.970  6.075  6.221  6.080  6.176  6.125  6.102  6.137  6.006  5.983  6.114  6.148  5.981  6.133  6.035  6.073  6.059  5.894  5.942  5.796  5.898  5.771  5.649  5.846  5.808  5.852  5.953  5.948  6.047  5.958  5.849  5.900  6.034  5.760  5.817
4.357  4.290  4.234  4.317  4.290  4.304  4.248  4.220  4.174  4.369  4.231  4.357  4.361  4.304  4.477  4.174  4.311  4.304  4.394  4.407  4.431  4.263  4.317  4.205  4.094  4.111  4.103  4.111  4.127  4.060  4.057  4.263  4.078  4.143  4.174  4.190  4.190  4.205  4.220  4.060  4.127  4.127
4.796  4.443  4.630  4.564  4.489  4.533  4.585  4.407  4.454  4.663  4.522  4.564  4.654  4.536  4.745  4.434  4.466  4.575  4.623  4.573  4.691  4.585  4.466  4.578  4.533  4.328  4.341  4.190  4.248  4.290  4.290  4.344  4.398  4.357  4.407  4.460  4.331  4.331  4.367  4.304  4.277  4.315
4.454  4.127  4.290  4.234  4.007  4.317  4.248  4.043  4.856  4.419  4.174  4.290  4.205  4.331  4.388  4.043  4.127  4.060  4.308  4.477  4.253  4.220  4.078  4.167  4.331  4.060  4.025  4.119  4.007  3.989  4.094  4.234  4.078  4.108  4.357  4.103  3.850  4.007  3.951  4.025  4.057  3.898
4.369  4.220  4.234  4.398  4.174  4.234  4.220  4.127  4.348  4.220  4.357  4.220  4.290  4.256  4.492  4.043  4.174  4.224  4.398  4.489  4.367  4.234  4.190  4.304  4.260  4.111  4.127  3.970  3.970  4.119  4.263  4.171  4.277  4.099  4.248  4.205  4.043  4.078  4.094  4.220  4.083  4.108
5.387  5.293  5.112  5.219  5.215  5.281  5.150  5.147  5.179  5.328  5.432  5.270  5.407  5.333  5.398  5.106  5.043  5.288  5.153  5.226  5.272  5.120  5.209  5.352  5.132  4.994  5.142  5.142  5.081  5.075  5.242  4.942  5.063  5.147  5.097  5.242  5.043  5.170  5.231  5.081  4.920  5.030
5.055  4.977  4.984  4.956  4.927  4.997  5.120  4.961  5.100  5.204  5.153  5.100  5.075  5.026  5.218  4.934  4.990  5.011  5.063  5.056  5.170  5.075  5.039  5.168  4.929  4.792  4.963  4.812  4.970  4.828  4.938  4.890  5.130  4.942  5.052  5.100  5.043  4.812  4.890  4.949  4.898  4.828
6.004  5.659  5.956  5.866  5.911  5.943  5.876  5.981  5.876  6.009  5.866  5.986  6.017  5.897  6.044  5.790  5.758  5.781  5.992  6.155  5.733  5.805  5.697  5.759  5.659  5.869  5.628  5.687  5.416  5.464  5.521  5.642  5.762  5.849  5.844  5.771  5.619  5.790  5.851  5.781  5.733  5.768
4.317  4.111  4.171  4.091  4.174  4.025  3.951  4.263  4.040  4.025  4.025  4.094  4.205  4.248  4.354  4.182  4.099  4.007  4.331  4.317  4.220  4.357  4.094  4.132  3.892  4.060  3.951  3.888  3.714  3.892  3.951  4.159  4.043  4.159  4.091  4.007  4.066  4.069  3.829  3.951  4.025  3.951
5.333  5.352  5.257  5.347  5.293  5.324  5.315  5.403  5.239  5.278  5.412  5.357  5.391  5.459  5.482  5.265  5.231  5.316  5.375  5.318  5.231  5.323  5.257  5.283  5.056  5.215  5.251  5.225  5.050  5.165  5.252  5.375  5.209  5.228  5.236  5.220  5.193  5.394  5.366  5.288  5.150  5.193
6.441  6.423  6.389  6.558  6.341  6.335  6.385  6.384  6.402  6.425  6.356  6.486  6.523  6.373  6.659  6.321  6.394  6.303  6.472  6.412  6.510  6.435  6.348  6.441  6.418  6.354  6.287  6.198  6.203  6.229  6.286  6.454  6.404  6.438  6.443  6.408  6.392  6.404  6.367  6.264  6.400  6.351
7.185  6.964  7.117  7.072  7.230  7.197  7.115  7.218  7.224  7.274  7.134  7.258  7.267  7.148  7.287  7.003  6.979  7.075  7.314  7.160  7.131  6.930  6.990  6.961  7.137  7.234  6.950  7.046  6.802  6.853  6.901  6.919  7.029  7.184  7.100  7.148  7.059  7.088  6.942  7.057  7.053  7.061
4.554  4.663  4.522  4.595  4.477  4.605  4.663  4.386  4.691  4.754  4.605  4.700  4.708  4.875  4.673  4.700  4.732  4.317  4.605  4.605  4.875  4.718  4.787  4.654  4.344  4.489  4.633  4.407  4.564  4.394  4.595  4.635  4.344  4.511  4.844  4.630  4.663  4.460  4.546  4.407  4.394  4.373
5.236  5.050  5.153  5.133  5.081  5.214  5.081  5.193  5.193  5.124  5.226  5.130  5.283  5.226  5.273  5.063  5.017  5.063  5.263  5.209  5.198  5.074  5.100  5.313  4.938  4.986  5.096  5.130  4.977  4.970  5.063  4.982  5.075  4.997  5.100  5.193  5.063  5.147  5.094  4.956  5.043  5.147
5.442  5.384  5.418  5.306  5.411  5.352  5.201  5.367  5.344  5.485  5.409  5.259  5.379  5.455  5.476  5.389  5.269  5.347  5.328  5.371  5.278  5.354  5.398  5.342  5.252  5.040  5.293  5.257  5.080  5.252  5.220  5.247  5.275  5.268  5.361  5.375  5.298  5.394  5.429  5.371  5.293  5.361
