5.881  5.587  5.565  5.497  5.732  5.765  5.784  5.759  5.838  5.974  5.857  5.902  5.778  5.802  5.838  5.766  4.143  5.697  5.081  5.509  5.687  5.647  5.656  5.652  5.509  5.680  5.568  5.585  5.231  5.327  5.340  5.252  5.485  5.765  5.595  5.620  5.630  5.602  5.507  5.531  5.342  5.609
4.710  4.700  4.663  4.443  4.585  4.777  4.787  4.691  4.828  5.088  4.877  4.812  4.718  4.682  4.779  4.775  3.584  4.554  4.052  4.522  4.890  4.585  4.748  4.779  4.452  4.727  4.635  4.511  4.382  4.357  4.428  4.290  4.466  4.585  4.595  4.756  4.647  4.477  4.398  4.407  4.466  4.483
7.098  6.974  6.964  6.944  6.980  7.034  7.009  7.021  7.066  7.140  7.022  7.151  7.117  7.011  7.042  7.040  6.860  7.043  7.058  6.894  6.964  6.952  6.998  6.930  6.957  6.947  6.940  6.965  6.801  6.863  6.995  6.873  6.910  6.990  7.040  7.000  7.003  6.963  6.927  7.008  6.806  7.005
6.387  6.295  6.277  6.181  6.308  6.271  6.471  6.326  6.422  6.620  6.356  6.500  6.428  6.372  6.384  6.370  6.238  6.264  6.466  6.234  6.395  6.339  6.353  6.311  6.142  6.252  6.273  6.146  6.068  6.168  6.273  6.066  6.111  6.330  6.426  6.295  6.308  6.096  6.201  6.230  6.045  6.169
6.733  6.562  6.632  6.503  6.684  6.780  6.559  6.580  6.735  6.768  6.784  6.732  6.765  6.721  6.770  6.681  6.346  6.730  6.675  6.458  6.636  6.491  6.664  6.538  6.557  6.590  6.525  6.576  6.405  6.405  6.616  6.287  6.370  6.567  6.462  6.538  6.609  6.504  6.509  6.656  6.513  6.554
5.100  5.193  4.850  4.905  5.069  5.187  5.182  5.004  5.153  5.187  5.173  5.273  5.209  5.220  5.267  5.124  4.894  5.078  5.004  4.883  5.308  5.170  5.197  5.255  4.875  4.997  4.987  5.118  4.927  4.934  5.118  4.787  4.852  5.165  4.934  5.236  5.135  4.796  4.828  4.771  4.848  4.956
7.233  7.041  7.058  6.997  7.130  7.183  7.090  7.077  7.120  7.278  7.162  7.226  7.213  7.162  7.244  7.084  6.902  7.185  7.171  7.068  6.974  7.032  7.088  7.066  6.931  7.062  7.081  7.152  7.007  7.026  7.121  6.984  6.988  7.039  7.056  7.100  7.087  7.150  7.072  7.151  6.892  7.065
6.592  6.340  6.527  6.532  6.436  6.564  6.446  6.520  6.480  6.771  6.650  6.664  6.609  6.510  6.562  6.376  6.275  6.356  6.590  6.449  6.378  6.409  6.373  6.404  6.285  6.380  6.301  6.283  6.229  6.266  6.387  6.159  6.335  6.347  6.392  6.342  6.314  6.415  6.390  6.353  6.298  6.433
6.626  6.515  6.545  6.493  6.518  6.642  6.605  6.523  6.553  6.681  6.594  6.696  6.657  6.518  6.655  6.529  6.380  6.510  6.677  6.528  6.613  6.478  6.457  6.519  6.441  6.560  6.433  6.417  6.275  6.404  6.439  6.411  6.463  6.553  6.548  6.534  6.617  6.507  6.400  6.574  6.443  6.535
5.810  5.805  5.572  5.694  5.684  5.652  5.638  5.587  5.595  5.872  5.780  5.768  5.778  5.719  5.823  5.591  5.583  5.472  5.678  5.716  5.730  5.733  5.805  5.811  5.412  5.531  5.509  5.497  5.347  5.437  5.724  5.553  5.583  5.666  5.666  5.670  5.694  5.642  5.687  5.575  5.464  5.572
6.014  5.823  5.808  5.668  6.021  6.080  5.838  5.943  5.924  5.879  6.033  5.937  6.186  6.116  6.073  5.914  5.557  6.014  5.974  5.823  5.852  5.717  5.817  5.775  5.814  5.875  5.765  5.971  5.306  5.662  5.775  5.656  5.700  5.878  5.644  5.759  5.836  5.939  5.700  5.949  5.694  5.889
4.111  4.078  4.078  3.989  4.025  4.159  3.970  4.127  4.380  3.908  4.190  4.057  4.419  4.419  4.348  4.074  3.871  4.187  4.205  4.220  4.284  4.277  4.190  4.086  4.111  4.108  4.094  4.007  3.550  4.048  4.007  4.043  4.078  4.052  3.850  4.205  4.060  3.888  3.951  4.078  4.060  4.220
6.569  6.240  6.601  6.483  6.565  6.601  6.304  6.527  6.493  6.611  6.465  6.599  6.502  6.491  6.585  6.376  6.117  6.578  6.574  6.441  6.347  6.275  6.287  6.301  6.462  6.420  6.325  6.355  6.040  6.057  6.201  6.073  6.210  6.416  6.335  6.410  6.374  6.480  6.412  6.444  6.282  6.463
4.341  4.331  4.394  4.290  4.344  4.234  4.388  4.301  4.348  4.174  4.274  4.331  4.317  4.419  4.475  4.248  4.277  4.124  4.317  4.398  4.431  4.277  4.241  4.205  4.194  4.533  4.078  4.094  3.871  4.025  4.043  4.060  4.127  4.304  4.143  4.304  4.197  4.159  4.741  4.111  4.238  4.190
6.250  6.226  6.248  6.083  6.206  6.333  6.165  6.138  6.159  6.390  6.274  6.326  6.302  6.293  6.314  6.215  6.064  6.246  6.214  6.103  6.133  6.061  6.100  6.190  6.165  6.238  6.192  6.168  6.038  6.064  6.060  6.035  6.038  6.148  6.114  6.131  6.174  6.244  6.068  6.124  6.091  6.223
5.236  5.338  5.215  5.159  5.159  5.220  5.193  5.124  5.340  5.421  5.353  5.416  5.283  5.373  5.359  5.198  5.231  5.238  5.298  5.118  5.182  5.193  5.283  5.226  5.170  5.142  5.220  5.124  5.037  5.103  5.088  5.088  5.024  5.162  5.166  5.335  5.187  5.088  5.093  5.097  5.032  5.204
6.975  6.695  6.875  6.878  6.933  6.940  6.783  6.830  6.800  6.993  6.889  6.951  6.989  6.914  6.933  6.700  6.636  6.938  6.982  6.823  6.786  6.644  6.820  6.708  6.781  6.767  6.795  6.830  6.546  6.611  6.743  6.666  6.762  6.817  6.780  6.771  6.750  6.909  6.855  6.911  6.701  6.833
5.568  5.384  5.455  5.403  5.645  5.687  5.531  5.400  5.485  5.649  5.576  5.753  5.719  5.624  5.753  5.402  5.278  5.580  5.710  5.411  5.541  5.288  5.557  5.481  5.447  5.440  5.462  5.452  5.278  5.378  5.447  5.342  5.379  5.489  5.472  5.598  5.402  5.398  5.371  5.525  5.257  5.347
6.914  6.720  6.698  6.757  6.736  6.761  6.764  6.679  6.681  6.805  6.790  6.795  6.847  6.747  6.745  6.724  6.700  6.828  6.800  6.845  6.785  6.736  6.795  6.773  6.766  6.792  6.699  6.719  6.581  6.611  6.661  6.603  6.726  6.781  6.759  6.730  6.796  6.764  6.704  6.817  6.695  6.802
5.323  5.468  5.330  5.403  5.317  5.328  5.298  5.283  5.442  5.312  5.398  5.434  5.451  5.363  5.461  5.273  5.308  5.347  5.416  5.384  5.389  5.492  5.313  5.302  5.455  5.412  5.268  5.227  5.136  5.322  5.257  5.124  5.187  5.278  5.282  5.252  5.375  5.118  5.050  5.118  5.268  5.352
6.621  6.564  6.608  6.576  6.629  6.655  6.512  6.545  6.588  6.698  6.667  6.657  6.680  6.669  6.600  6.625  6.415  6.816  6.690  6.578  6.570  6.518  6.636  6.544  6.506  6.680  6.581  6.654  6.387  6.477  6.564  6.380  6.526  6.538  6.540  6.596  6.619  6.624  6.567  6.585  6.472  6.581
5.460  5.231  5.313  5.342  5.485  5.451  5.218  5.395  5.380  5.493  5.427  5.485  5.545  5.481  5.557  5.236  5.187  5.407  5.455  5.380  5.428  5.368  5.322  5.384  5.333  5.438  5.298  5.344  5.075  5.182  5.209  5.088  5.313  5.476  5.244  5.342  5.282  5.429  5.366  5.305  5.394  5.389
