6.075  5.886  6.028  5.951  6.004  6.234  5.958  6.107  6.047  6.198  6.227  6.140  6.068  6.111  6.139  5.917  5.852  5.976  6.082  5.996  6.165  5.892  5.897  5.961  5.934  5.802  5.858  5.903  5.613  5.789  6.061  5.869  5.916  5.914  5.849  5.893  5.940  5.948  5.926  5.948  5.996  5.927
6.560  6.389  6.413  6.385  6.438  6.693  6.489  6.504  6.508  6.663  6.730  6.509  6.547  6.518  6.604  6.426  6.275  6.409  6.505  6.458  6.603  6.384  6.435  6.463  6.260  6.258  6.372  6.404  6.118  6.254  6.579  6.267  6.306  6.335  6.347  6.333  6.463  6.470  6.317  6.365  6.402  6.358
5.349  5.088  5.088  5.118  5.112  5.043  5.196  5.183  5.170  5.434  5.303  5.242  5.394  5.176  5.247  5.059  5.100  5.142  5.193  5.165  5.204  5.080  5.130  5.251  5.165  5.063  5.069  5.064  4.890  5.049  5.043  5.094  5.063  5.139  5.187  5.170  5.077  5.069  4.934  5.024  4.997  5.088
3.784  3.807  3.807  3.850  3.761  3.807  3.850  3.846  3.908  3.892  3.807  4.043  4.007  3.892  3.871  3.829  3.829  3.784  3.892  3.912  3.912  3.829  3.951  3.951  3.871  3.829  3.714  3.555  3.761  3.611  3.951  3.807  3.850  3.957  3.761  3.829  3.784  3.932  3.912  3.689  3.824  3.784
4.267  4.205  4.234  4.234  4.274  4.267  4.248  4.205  4.460  4.344  4.344  4.344  4.140  4.174  4.394  4.238  4.290  3.970  4.331  4.331  4.344  4.317  4.357  4.277  4.248  4.220  4.321  4.094  4.174  4.143  4.167  4.373  4.256  4.304  4.277  4.321  4.167  4.111  4.317  4.078  4.127  4.174
4.968  4.304  4.454  4.357  4.820  4.562  4.605  4.392  4.949  4.860  4.290  4.905  4.382  4.575  4.673  4.994  4.533  4.248  4.736  4.489  4.554  4.407  4.489  4.889  4.481  4.369  4.575  4.514  4.078  4.290  4.533  4.642  4.673  4.315  4.771  4.546  4.796  4.373  4.522  4.190  4.671  4.489
5.707  5.762  5.811  5.856  5.866  5.930  5.730  5.704  5.838  5.849  5.801  5.894  5.922  5.953  6.035  5.790  5.628  5.759  5.966  5.872  5.894  5.811  5.747  5.852  5.956  5.787  5.835  5.602  5.617  5.609  5.666  5.733  5.771  5.847  5.690  5.805  5.694  5.691  5.666  5.727  5.666  5.707
4.625  4.575  4.454  4.559  4.654  4.585  4.691  4.511  4.771  4.824  4.543  4.663  4.860  4.752  4.963  4.562  4.690  4.642  4.787  4.736  4.954  4.771  4.727  4.874  4.868  4.700  4.721  4.382  4.382  4.500  4.477  4.758  4.685  4.608  4.595  4.802  4.525  4.567  4.559  4.443  4.554  4.522
3.584  3.738  3.850  3.584  3.922  3.555  3.651  3.611  3.638  3.714  3.892  3.784  3.773  3.780  3.784  3.813  3.871  3.611  3.555  3.807  4.078  3.555  3.877  3.784  4.025  3.555  3.664  3.638  3.605  3.632  3.497  3.638  3.638  3.738  3.664  3.714  3.611  3.638  3.714  3.824  3.497  3.733
3.846  3.689  3.757  3.784  3.850  3.584  3.584  3.638  3.555  3.714  3.689  3.795  3.967  3.784  3.829  3.714  3.850  3.714  3.784  3.912  3.738  3.714  3.733  3.664  3.584  3.555  3.738  3.714  3.689  3.520  3.761  3.638  3.761  3.846  3.714  3.867  3.638  3.714  3.555  3.611  3.597  3.846
7.416  7.241  7.308  7.347  7.383  7.451  7.318  7.348  7.413  7.575  7.492  7.465  7.556  7.455  7.590  7.361  7.249  7.380  7.445  7.268  7.412  7.353  7.390  7.400  7.257  7.432  7.381  7.389  7.289  7.309  7.389  7.397  7.383  7.430  7.403  7.457  7.393  7.509  7.465  7.343  7.280  7.314
5.293  5.273  5.268  5.225  5.293  5.187  5.147  5.251  5.270  5.545  5.476  5.412  5.333  5.236  5.446  5.182  5.159  5.288  5.255  5.328  5.366  5.150  5.263  5.347  5.029  5.147  5.231  5.136  5.056  5.165  5.159  5.283  5.283  5.100  5.135  5.263  5.004  5.273  5.292  5.103  5.064  5.112
5.841  5.720  5.792  5.861  5.793  5.900  5.781  5.817  5.820  5.958  5.817  5.856  6.013  5.784  5.991  5.746  5.768  5.783  5.940  5.893  6.021  5.808  5.765  5.875  5.746  5.869  5.762  5.641  5.602  5.572  5.740  5.690  5.879  5.857  5.811  5.720  5.738  5.781  5.758  5.666  5.652  5.730
6.623  6.380  6.494  6.511  6.501  6.439  6.370  6.472  6.471  6.569  6.454  6.460  6.612  6.504  6.589  6.375  6.449  6.438  6.584  6.601  6.511  6.497  6.399  6.529  6.267  6.351  6.330  6.159  6.184  6.193  6.295  6.273  6.409  6.413  6.433  6.373  6.297  6.399  6.413  6.378  6.279  6.375
3.738  3.584  3.784  3.829  3.664  3.738  3.638  3.784  3.434  3.684  3.584  3.721  3.738  3.658  3.951  3.664  3.714  3.664  3.892  3.912  3.738  3.807  3.520  3.611  3.611  3.738  3.784  3.611  3.434  3.555  3.611  3.892  3.780  3.689  3.664  3.611  3.555  3.555  3.526  3.671  3.584  3.784
3.638  3.555  3.850  3.761  3.850  3.733  3.689  3.714  3.784  3.664  3.714  3.714  3.912  3.850  3.932  3.664  3.738  3.892  3.871  3.871  3.908  3.664  3.584  3.684  3.689  3.526  3.689  3.664  3.638  3.689  3.570  3.738  3.714  3.638  3.664  3.689  3.714  3.738  3.664  3.761  3.638  3.738
4.956  4.806  4.934  4.977  4.911  4.905  4.828  4.875  4.890  5.069  4.900  4.949  4.959  5.011  5.017  4.691  4.835  4.972  4.984  5.064  4.968  4.913  4.927  4.927  4.787  4.741  4.718  4.718  4.605  4.717  4.812  4.860  4.945  4.860  4.890  4.933  4.831  4.934  4.844  4.787  4.852  4.883
4.277  4.331  4.394  4.500  4.401  4.290  4.369  4.277  4.382  4.369  4.443  4.290  4.533  4.522  4.522  4.060  4.419  4.311  4.498  4.431  4.543  4.419  4.382  4.407  4.407  4.350  4.159  4.231  4.043  4.174  4.466  4.317  4.301  4.449  4.428  4.357  4.263  4.315  4.190  4.369  4.263  4.304
4.308  4.143  4.317  4.301  4.159  4.288  4.263  4.078  4.288  4.274  4.094  4.205  4.533  4.331  4.454  4.111  4.357  4.234  4.386  4.344  4.564  4.317  4.174  4.304  4.304  4.304  4.060  4.143  4.277  4.217  4.263  4.205  4.263  4.407  4.190  4.248  4.331  4.190  4.190  4.205  4.220  4.159
4.060  4.022  4.078  4.111  3.951  4.197  4.143  3.938  4.190  4.078  4.197  4.159  4.477  4.248  4.290  4.241  4.143  4.094  4.248  4.174  4.344  3.989  4.060  4.159  4.078  4.174  4.127  4.052  3.951  4.007  4.140  4.143  4.091  4.220  4.174  3.912  4.094  4.060  4.025  4.094  3.850  4.078
3.714  3.714  3.761  3.967  3.664  3.714  3.850  3.784  3.761  3.807  3.761  3.898  4.060  4.040  4.174  3.664  4.007  3.738  4.004  3.892  4.205  3.989  3.932  3.892  3.892  3.807  3.784  3.664  3.689  3.689  3.738  3.829  3.861  3.714  3.807  3.761  3.912  3.738  3.714  3.714  3.584  3.850
4.004  3.829  4.078  3.928  3.888  3.951  3.807  3.989  3.976  4.171  3.850  3.932  4.078  4.052  4.217  3.867  3.807  3.861  4.025  4.143  4.159  4.078  3.932  4.040  3.951  3.714  3.951  3.738  3.892  3.912  3.829  3.829  4.025  4.007  4.007  3.912  4.094  3.867  3.892  3.829  3.829  3.850
