5.220  4.949  4.926  4.890  5.050  5.004  4.852  5.094  5.017  5.263  5.086  5.130  5.112  5.075  5.105  4.762  4.844  4.977  4.916  4.927  4.990  4.745  4.927  5.043  4.820  4.734  4.852  4.663  4.680  4.804  5.017  4.690  4.796  4.875  4.852  4.984  4.942  4.990  4.942  4.754  4.691  4.942
5.085  5.063  4.984  4.919  4.949  4.997  4.907  4.898  4.927  5.100  5.004  5.094  4.904  4.949  5.050  4.811  4.796  4.927  4.847  4.890  5.047  4.828  4.828  5.011  4.680  4.736  4.787  4.700  4.635  4.677  4.654  4.644  4.786  4.883  4.754  4.984  4.736  4.575  4.718  4.732  4.564  4.852
4.263  4.111  4.057  4.111  4.016  4.212  4.007  4.220  4.127  4.127  4.159  4.060  4.263  4.317  4.443  4.143  3.989  4.060  4.108  4.231  4.159  4.057  4.205  4.205  4.111  4.091  4.007  3.951  3.932  4.202  4.052  3.922  4.111  3.932  3.951  4.043  4.111  4.143  4.007  3.961  3.932  3.912
4.171  3.951  3.976  3.932  3.912  4.025  3.912  3.970  3.951  4.111  4.004  4.025  4.078  4.043  4.382  4.025  3.912  4.078  4.043  4.078  4.190  3.951  4.060  4.253  3.802  3.932  3.871  3.850  3.802  3.976  3.932  3.922  3.738  3.784  3.892  3.850  3.932  3.829  4.004  3.892  3.738  3.829
4.119  4.111  4.174  4.108  3.912  4.190  4.248  4.025  4.007  4.182  4.127  4.277  4.304  4.190  4.369  4.060  4.060  4.119  4.290  4.274  4.190  4.220  4.174  4.290  3.932  3.829  3.892  3.829  3.892  3.912  3.961  4.043  4.078  4.111  3.985  4.159  4.043  3.912  3.829  3.912  3.932  4.043
3.829  3.611  4.052  3.638  3.773  3.664  3.846  3.942  3.846  4.094  3.714  3.892  3.871  4.025  4.043  3.714  3.689  3.733  3.867  4.078  3.951  3.824  3.738  3.892  3.689  3.584  3.584  3.738  3.584  3.714  3.632  3.967  3.761  3.738  3.850  3.807  3.689  3.664  3.638  3.638  3.738  3.802
4.615  4.382  4.290  4.511  4.369  4.344  4.419  4.477  4.331  4.543  4.489  4.443  4.691  4.567  4.500  4.443  4.407  4.277  4.605  4.654  4.575  4.554  4.533  4.618  4.174  4.354  4.190  4.304  4.094  4.344  4.331  4.357  4.331  4.304  4.419  4.477  4.477  4.394  4.407  4.190  4.248  4.344
4.174  4.156  4.060  4.094  4.094  4.190  4.111  4.060  4.143  4.290  4.094  4.220  4.344  4.143  4.331  3.989  4.060  4.094  4.263  4.263  4.394  4.143  4.127  4.220  4.094  4.220  4.078  4.060  3.989  4.025  4.094  4.135  4.007  4.111  3.989  3.951  4.159  4.040  4.007  4.007  3.970  4.025
4.431  4.248  4.328  4.281  4.248  4.263  4.331  4.290  4.190  4.344  4.369  4.394  4.290  4.317  4.583  4.295  4.290  4.297  4.431  4.304  4.489  4.341  4.263  4.369  4.127  4.043  4.111  4.159  3.932  4.187  4.205  4.159  4.277  4.304  4.238  4.078  4.382  4.304  4.220  4.331  4.108  4.159
4.852  4.564  4.434  4.625  4.673  4.736  4.595  4.836  4.682  4.625  4.710  4.762  4.771  4.663  4.718  4.464  4.644  4.464  4.691  4.530  4.771  4.676  4.654  4.762  4.443  4.615  4.680  4.554  4.533  4.407  4.578  4.419  4.373  4.500  4.543  4.603  4.593  4.673  4.644  4.543  4.394  4.625
5.176  4.951  5.126  5.100  5.050  5.130  4.963  5.017  4.996  5.268  5.088  5.118  5.142  5.088  5.106  4.937  4.804  5.029  5.063  5.071  5.198  5.011  4.938  4.913  5.017  4.875  5.050  4.890  4.828  4.875  4.879  5.017  5.127  5.016  5.003  4.907  5.056  5.106  5.011  5.037  5.030  5.088
4.500  4.315  4.538  4.341  4.234  4.489  4.419  4.431  4.443  4.654  4.382  4.633  4.543  4.443  4.443  4.464  4.394  4.398  4.489  4.605  4.564  4.380  4.369  4.431  4.234  4.407  4.466  4.317  4.220  4.281  4.404  4.317  4.274  4.344  4.460  4.382  4.407  4.304  4.220  4.331  4.220  4.382
4.850  4.726  4.828  4.743  4.710  4.663  4.905  4.860  4.890  4.828  4.796  4.890  4.920  4.745  4.887  4.752  4.828  4.769  4.808  4.812  5.004  4.700  4.564  4.875  4.769  4.635  4.754  4.644  4.680  4.673  4.820  4.875  4.949  4.644  4.771  4.712  4.635  4.736  4.771  4.883  4.700  4.754
5.333  5.120  5.165  5.193  5.204  5.195  5.124  5.069  5.124  5.481  5.295  5.298  5.338  5.347  5.338  5.182  5.204  5.170  5.145  5.361  5.293  5.252  5.241  5.276  5.011  4.997  5.063  5.069  5.037  4.997  5.222  5.074  5.187  5.100  5.198  5.147  5.153  5.236  5.118  5.215  4.975  5.139
4.564  4.363  4.416  4.625  4.443  4.205  4.234  4.304  4.263  4.588  4.376  4.585  4.419  4.443  4.549  4.317  4.202  4.440  4.564  4.522  4.407  4.443  4.324  4.477  4.394  4.143  4.174  4.220  4.025  4.156  4.248  4.324  4.344  4.520  4.277  4.407  4.234  4.367  4.419  4.143  4.277  4.290
4.920  4.585  4.745  4.905  4.860  4.771  4.635  4.644  4.691  4.911  4.736  4.835  4.905  4.804  4.984  4.562  4.623  4.787  4.860  5.004  4.796  4.792  4.615  4.787  4.554  4.564  4.511  4.382  4.454  4.554  4.407  4.691  4.663  4.557  4.635  4.635  4.466  4.758  4.762  4.593  4.585  4.615
4.552  4.615  4.585  4.554  4.585  4.635  4.522  4.511  4.605  4.771  4.700  4.673  4.727  4.734  4.875  4.585  4.503  4.554  4.647  4.635  4.787  4.682  4.511  4.605  4.654  4.440  4.522  4.533  4.407  4.263  4.357  4.595  4.533  4.543  4.680  4.585  4.458  4.625  4.407  4.454  4.575  4.466
4.615  4.422  4.575  4.533  4.533  4.511  4.466  4.419  4.486  4.644  4.585  4.511  4.657  4.477  4.705  4.407  4.533  4.610  4.673  4.615  4.700  4.454  4.454  4.431  4.425  4.234  4.407  4.454  4.277  4.357  4.317  4.449  4.449  4.431  4.575  4.452  4.304  4.500  4.541  4.344  4.369  4.315
5.225  4.999  5.176  5.100  5.187  5.069  5.105  5.099  5.017  5.142  5.200  5.153  5.389  5.153  5.375  5.036  5.063  5.056  5.242  5.231  5.242  5.004  5.032  5.017  5.030  4.984  4.913  5.072  4.783  4.844  5.030  5.030  5.136  5.165  5.165  5.088  5.069  5.147  5.170  5.043  5.024  5.231
5.823  5.765  5.796  5.911  5.832  5.802  5.753  5.809  5.857  5.881  5.734  5.911  5.943  5.880  5.942  5.690  5.737  5.731  5.899  6.021  5.958  5.831  5.734  5.892  5.866  5.765  5.690  5.553  5.673  5.649  5.659  5.714  5.971  5.897  5.855  5.919  5.743  5.707  5.704  5.697  5.866  5.889
4.615  4.477  4.543  4.718  4.466  4.477  4.477  4.533  4.386  4.595  4.610  4.522  4.760  4.663  4.647  4.500  4.498  4.527  4.554  4.615  4.623  4.595  4.500  4.625  4.367  4.407  4.489  4.564  4.304  4.317  4.407  4.434  4.543  4.369  4.486  4.541  4.328  4.585  4.489  4.419  4.357  4.498
4.984  4.787  5.043  4.934  4.898  5.011  4.883  5.056  4.913  5.250  5.007  5.030  5.075  4.977  5.024  4.727  4.796  4.927  5.112  5.063  4.968  4.820  4.787  4.875  4.832  4.677  4.762  4.779  4.663  4.783  4.779  4.934  4.942  4.896  4.875  4.812  4.820  4.913  4.779  4.832  4.913  4.927
