4.668  4.590  4.595  4.481  4.573  4.625  4.718  4.575  4.787  4.806  4.727  4.824  4.796  4.682  4.710  4.554  4.060  4.615  4.812  4.605  4.477  4.554  4.718  4.543  4.486  4.585  4.413  4.605  4.274  4.575  4.554  4.369  4.663  4.615  4.603  4.477  4.511  4.583  4.477  4.615  4.511  4.585
4.595  4.500  4.369  4.369  4.317  4.357  4.419  4.317  4.533  4.489  4.301  4.404  4.585  4.394  4.635  4.382  4.025  4.331  4.533  4.304  4.394  4.344  4.407  4.489  4.344  4.382  4.167  4.248  4.248  4.290  4.290  4.234  4.317  4.304  4.288  4.304  4.234  4.220  4.127  4.263  4.205  4.060
4.710  4.489  4.564  4.580  4.585  4.575  4.549  4.762  4.736  4.860  4.745  4.779  4.844  4.654  4.769  4.625  4.564  4.567  4.726  4.736  4.754  4.575  4.608  4.585  4.590  4.533  4.543  4.700  4.466  4.392  4.511  4.585  4.466  4.500  4.605  4.466  4.511  4.234  4.595  4.605  4.477  4.564
4.143  4.111  4.190  4.171  4.022  4.143  4.217  4.111  4.248  4.477  4.394  4.304  4.394  4.143  4.317  4.190  4.304  4.190  4.127  4.331  4.290  4.060  4.187  4.248  4.111  4.159  4.094  4.043  3.932  3.829  4.094  4.007  4.086  4.220  4.078  4.111  4.094  3.912  4.043  4.007  4.025  3.970
4.816  4.796  4.682  4.796  4.800  4.748  4.868  4.779  4.820  4.989  4.858  4.871  4.959  4.898  5.050  4.827  4.756  4.691  4.839  4.808  4.927  4.883  4.850  4.883  4.745  4.868  4.625  4.710  4.623  4.663  4.700  4.762  4.844  4.852  4.754  4.745  4.595  4.595  4.583  4.654  4.804  4.691
4.836  4.787  4.836  4.812  4.881  4.844  4.787  4.732  4.804  4.883  4.860  4.966  4.934  4.844  4.966  4.718  4.766  4.804  4.844  4.796  4.977  4.866  4.699  4.887  4.771  4.727  4.745  4.696  4.554  4.700  4.710  4.663  4.773  4.811  4.779  4.663  4.710  4.671  4.745  4.779  4.691  4.673
5.656  5.580  5.517  5.523  5.545  5.663  5.670  5.559  5.659  5.717  5.694  5.666  5.704  5.663  5.798  5.645  5.485  5.578  5.591  5.497  5.614  5.529  5.545  5.628  5.323  5.442  5.487  5.470  5.484  5.561  5.505  5.352  5.384  5.501  5.687  5.576  5.521  5.533  5.476  5.544  5.442  5.493
4.554  4.663  4.690  4.644  4.682  4.575  4.640  4.500  4.635  4.828  4.605  4.682  4.787  4.600  4.796  4.575  4.625  4.682  4.828  4.718  4.727  4.758  4.595  4.811  4.554  4.615  4.605  4.530  4.477  4.500  4.489  4.710  4.530  4.585  4.762  4.585  4.549  4.466  4.369  4.477  4.407  4.625
5.577  5.416  5.311  5.305  5.389  5.468  5.645  5.416  5.535  5.737  5.537  5.587  5.684  5.469  5.606  5.500  5.537  5.515  5.489  5.438  5.440  5.380  5.609  5.645  5.288  5.375  5.318  5.298  5.341  5.278  5.489  5.316  5.259  5.455  5.425  5.505  5.455  5.447  5.460  5.507  5.187  5.447
6.289  5.951  6.026  5.994  5.976  6.118  6.096  6.052  6.109  6.303  6.366  6.194  6.248  6.192  6.242  6.053  6.028  6.155  6.064  6.051  6.028  5.838  5.986  6.028  5.727  5.886  5.860  5.984  5.817  5.835  6.043  5.886  5.864  5.935  5.961  5.948  5.989  6.071  6.265  6.022  5.837  5.875
4.819  4.625  4.762  4.844  4.890  4.786  4.654  4.754  4.585  4.868  4.777  4.745  5.019  4.852  5.081  4.557  4.644  4.898  4.820  4.870  4.812  4.677  4.635  4.663  4.654  4.762  4.522  4.554  4.625  4.543  4.564  4.673  4.710  4.730  4.762  4.663  4.743  4.796  4.682  4.644  4.691  4.804
4.977  4.718  4.671  4.879  4.718  4.762  4.783  4.680  4.743  5.004  4.875  4.836  4.949  4.894  5.056  4.625  4.727  4.868  4.844  4.881  4.913  4.710  4.682  4.806  4.745  4.718  4.554  4.419  4.394  4.522  4.663  4.635  4.762  4.652  4.787  4.635  4.663  4.754  4.736  4.543  4.652  4.554
4.007  4.043  4.220  3.932  4.143  4.143  3.829  4.043  4.127  4.187  3.951  4.159  4.277  4.164  4.190  4.094  3.807  4.094  4.174  3.989  4.078  3.892  4.094  3.951  4.094  4.025  3.871  4.007  3.850  3.807  3.871  3.970  4.007  4.007  3.892  4.127  4.025  4.016  3.961  3.951  3.829  4.124
3.839  3.664  3.733  3.807  3.658  3.761  3.555  3.689  3.829  3.784  3.664  3.738  3.989  4.060  3.892  3.761  3.664  3.807  3.784  3.784  3.892  3.802  3.733  3.784  3.555  3.664  3.761  3.714  3.555  3.664  3.664  3.611  3.638  3.684  3.784  3.807  3.738  3.555  3.714  3.784  3.714  3.824
3.871  3.813  3.829  3.932  3.932  3.892  3.807  3.726  3.947  3.912  4.007  3.932  4.078  3.912  4.159  3.829  3.850  3.892  4.043  4.025  4.025  3.664  3.867  4.025  3.871  3.951  3.912  3.871  3.638  3.664  3.757  3.888  4.007  3.928  3.932  3.970  3.829  3.807  3.807  3.738  3.784  3.888
3.761  3.714  3.689  3.714  3.784  3.526  3.802  3.651  3.638  3.807  3.611  3.846  4.025  4.060  3.892  3.497  3.932  3.689  3.850  3.829  3.807  3.689  3.658  3.714  3.761  3.664  3.638  3.578  3.497  3.714  3.807  3.664  3.784  3.466  3.867  3.714  3.555  3.638  3.638  3.611  3.664  3.584
3.526  3.466  3.671  3.555  3.664  3.611  3.466  3.638  3.497  3.597  3.367  3.520  3.714  3.611  3.611  3.526  3.638  3.689  3.761  3.892  3.638  3.555  3.434  3.714  3.526  3.434  3.611  3.658  3.490  3.555  3.611  3.466  3.638  3.555  3.584  3.526  3.466  3.689  3.761  3.497  3.738  3.584
3.584  3.526  3.714  3.520  3.689  3.526  3.555  3.555  3.658  3.757  3.497  3.550  3.738  3.733  3.807  3.611  3.611  3.434  3.664  3.738  3.733  3.664  3.332  3.738  3.689  3.757  3.450  3.367  3.497  3.490  3.584  3.584  3.738  3.584  3.520  3.664  3.664  3.584  3.466  3.555  3.578  3.664
5.634  5.673  5.529  5.513  5.575  5.605  5.700  5.587  5.668  5.720  5.677  5.688  5.889  5.668  5.828  5.589  5.707  5.595  5.746  5.694  5.905  5.822  5.704  5.724  5.645  5.680  5.704  5.576  5.471  5.519  5.613  5.684  5.659  5.765  5.762  5.775  5.684  5.588  5.628  5.501  5.581  5.598
5.568  5.472  5.472  5.521  5.412  5.583  5.493  5.523  5.466  5.570  5.642  5.578  5.743  5.686  5.681  5.403  5.697  5.501  5.629  5.720  5.778  5.717  5.620  5.746  5.537  5.565  5.554  5.342  5.366  5.449  5.489  5.541  5.447  5.638  5.595  5.583  5.472  5.474  5.565  5.407  5.507  5.533
4.673  4.663  4.533  4.554  4.625  4.605  4.575  4.575  4.644  4.752  4.710  4.718  4.844  4.652  4.812  4.644  4.625  4.852  4.710  4.700  4.736  4.685  4.710  4.718  4.595  4.466  4.703  4.691  4.367  4.615  4.533  4.522  4.564  4.625  4.663  4.745  4.554  4.804  4.844  4.564  4.419  4.700
3.989  4.025  4.127  4.060  3.892  4.159  3.932  4.025  4.078  4.132  4.078  4.220  4.410  4.194  4.317  4.094  4.078  4.234  4.159  4.143  4.234  4.127  4.057  4.159  3.989  3.932  4.078  3.951  3.871  3.932  3.970  4.078  4.043  4.074  4.127  4.025  4.108  4.060  4.111  3.850  3.761  3.989
