5.080  4.771  5.024  4.968  4.868  4.949  4.927  5.061  5.043  5.011  4.927  4.769  5.061  4.868  5.069  4.771  4.754  4.934  5.112  5.030  4.927  4.905  4.828  4.875  4.896  4.883  4.911  5.003  4.827  4.977  4.710  4.889  4.745  4.754  4.940  4.883  4.752  4.890  4.727  4.977  4.796  4.949
5.463  5.251  5.323  5.218  5.267  5.252  5.338  5.231  5.442  5.420  5.332  5.094  5.485  5.226  5.323  5.301  5.142  5.293  5.298  5.204  5.176  5.153  5.182  5.209  5.155  5.088  5.185  5.164  5.075  5.263  5.207  5.236  5.193  5.170  5.136  5.234  5.182  5.197  5.161  5.273  4.997  5.295
4.341  4.263  4.367  4.407  4.220  4.344  4.220  4.437  4.317  4.248  4.290  4.431  4.419  4.394  4.443  4.284  4.394  4.440  4.344  4.494  4.472  4.277  4.263  4.419  4.248  4.357  4.238  4.159  4.091  4.143  4.127  4.205  4.404  4.407  4.416  4.267  4.048  4.043  4.094  4.238  4.234  4.348
4.464  4.263  4.382  4.407  4.156  4.220  4.290  4.522  4.419  4.357  4.419  4.431  4.394  4.331  4.407  4.317  4.394  4.317  4.304  4.431  4.522  4.260  4.190  4.382  4.328  4.159  4.197  4.111  4.132  4.111  4.357  4.454  4.263  4.354  4.263  4.256  4.143  4.127  4.205  4.260  4.094  4.220
4.977  4.739  5.170  5.043  4.844  4.963  4.868  4.990  5.016  5.121  5.030  5.111  4.970  4.843  5.074  4.754  4.691  4.828  5.118  5.106  5.100  4.883  4.663  4.879  4.762  4.773  4.635  4.662  4.605  4.691  4.736  4.771  4.890  4.779  4.883  4.699  4.644  4.907  4.820  4.700  4.685  4.896
5.273  5.204  5.352  5.460  5.338  5.375  5.083  5.142  5.106  5.303  5.342  5.366  5.244  5.136  5.252  4.997  5.047  5.153  5.333  5.328  5.200  5.187  5.152  5.142  5.063  5.112  4.997  4.973  4.762  4.913  4.927  4.997  5.063  5.043  5.050  5.056  5.094  5.196  4.933  4.942  5.094  5.165
5.583  5.509  5.342  5.389  5.493  5.521  5.485  5.268  5.384  5.677  5.602  5.577  5.565  5.505  5.549  5.395  5.398  5.347  5.476  5.525  5.479  5.509  5.569  5.533  5.204  5.338  5.421  5.347  5.370  5.398  5.529  5.366  5.347  5.455  5.472  5.424  5.437  5.280  5.308  5.372  5.283  5.327
4.883  4.870  4.796  4.911  4.904  4.844  4.883  4.812  4.890  5.004  4.927  4.956  5.063  4.920  5.004  4.840  4.820  4.691  4.920  4.905  4.909  4.987  4.990  5.011  4.615  4.820  4.779  4.743  4.812  4.812  4.920  4.844  4.787  4.889  4.990  4.852  4.860  4.779  4.718  4.766  4.666  4.718
6.446  5.986  6.282  6.296  6.326  6.196  6.159  6.252  6.166  6.431  6.317  6.337  6.389  6.215  6.354  6.075  6.129  6.168  6.351  6.387  6.246  6.097  6.107  6.136  6.194  6.131  6.059  6.001  5.956  5.957  6.059  6.078  6.275  6.180  6.180  6.175  6.107  6.421  6.217  6.172  6.120  6.185
5.717  5.312  5.590  5.628  5.585  5.521  5.509  5.483  5.966  5.934  5.565  5.840  5.553  5.460  5.652  5.533  5.328  5.273  5.826  5.779  5.613  5.308  5.303  5.403  5.592  5.525  5.328  5.616  5.303  5.176  5.308  5.288  5.620  5.464  5.464  5.488  5.250  5.457  5.416  5.220  5.642  5.298
3.850  3.689  3.970  3.892  3.802  3.892  3.807  4.007  3.908  3.871  3.829  3.871  4.060  4.043  4.078  3.689  3.912  3.867  4.074  4.025  3.938  3.784  3.892  3.871  3.658  3.584  3.555  3.638  3.434  3.714  3.761  3.829  3.857  3.761  3.738  3.784  3.714  3.912  3.932  3.761  3.850  3.882
4.197  4.043  4.290  4.143  4.234  4.043  4.151  4.227  4.174  4.290  4.394  4.111  4.159  4.234  4.341  3.970  4.060  4.328  4.344  4.205  4.324  4.111  4.190  4.108  3.912  3.892  3.850  4.043  3.807  3.912  4.007  4.091  4.187  4.220  4.086  3.970  4.060  4.094  4.127  3.967  4.007  4.111
4.127  3.970  3.957  4.094  4.159  4.060  3.829  4.022  3.824  3.970  3.871  4.007  4.217  4.060  4.094  3.908  3.951  3.902  4.040  4.025  4.043  4.007  3.951  3.989  3.871  3.932  3.932  3.942  3.761  3.761  3.867  4.007  3.951  3.807  3.970  3.871  4.111  4.143  3.850  3.839  3.932  4.007
4.710  4.454  4.613  4.625  4.682  4.654  4.511  4.635  4.454  4.682  4.562  4.710  4.787  4.762  4.754  4.443  4.492  4.762  4.852  4.754  4.615  4.654  4.593  4.511  4.337  4.277  4.344  4.454  4.554  4.369  4.304  4.344  4.564  4.443  4.357  4.673  4.431  4.745  4.700  4.652  4.489  4.489
5.342  5.129  5.347  5.460  5.361  5.170  5.173  5.357  5.103  5.485  5.165  5.360  5.432  5.220  5.357  5.204  5.165  5.198  5.505  5.442  5.291  5.100  5.063  5.147  5.273  5.075  5.100  5.024  4.812  4.934  5.056  5.069  5.425  5.153  5.308  5.193  4.919  5.251  5.127  5.081  5.220  5.332
6.452  6.141  6.326  6.463  6.458  6.299  6.236  6.340  6.293  6.466  6.299  6.387  6.452  6.338  6.479  6.146  6.282  6.155  6.422  6.461  6.384  6.280  6.201  6.248  6.298  6.280  6.101  6.129  5.955  6.107  6.075  6.198  6.370  6.342  6.303  6.290  6.140  6.389  6.225  6.134  6.360  6.298
5.537  5.485  5.451  5.493  5.519  5.525  5.468  5.509  5.367  5.617  5.529  5.521  5.606  5.509  5.642  5.545  5.454  5.398  5.561  5.525  5.517  5.451  5.497  5.529  5.293  5.481  5.425  5.306  5.364  5.293  5.472  5.398  5.431  5.489  5.501  5.425  5.455  5.493  5.429  5.338  5.308  5.328
5.247  5.268  5.136  5.249  5.241  5.201  5.153  5.288  5.112  5.352  5.263  5.236  5.257  5.301  5.356  5.106  5.153  5.287  5.278  5.318  5.414  5.231  5.182  5.308  5.017  5.050  5.103  4.915  5.009  5.030  5.068  5.204  5.257  5.094  5.142  5.252  5.108  5.024  5.130  5.011  5.106  5.043
4.644  4.522  4.562  4.543  4.394  4.615  4.654  4.673  4.603  4.654  4.564  4.748  4.700  4.575  4.745  4.554  4.625  4.573  4.603  4.727  4.635  4.663  4.635  4.710  4.500  4.635  4.605  4.357  4.341  4.543  4.454  4.613  4.590  4.546  4.578  4.543  4.595  4.691  4.554  4.520  4.522  4.489
6.161  5.974  6.038  6.043  6.090  6.061  6.080  6.064  6.064  6.184  6.058  6.209  6.306  6.087  6.229  5.998  6.063  6.003  6.098  6.161  6.196  6.207  6.084  6.058  6.120  6.133  6.059  6.046  6.013  6.031  6.019  6.055  6.127  6.134  6.201  6.170  6.030  6.170  6.004  6.014  6.035  6.045
4.277  4.159  4.220  4.344  4.231  4.220  4.277  4.143  4.290  4.267  4.248  4.428  4.277  4.489  4.454  4.290  4.321  4.174  4.511  4.466  4.605  4.328  4.174  4.331  4.331  4.143  4.171  4.179  4.277  4.205  4.248  4.321  4.277  4.401  4.328  4.328  4.220  4.159  4.043  4.190  4.220  4.277
5.142  5.024  5.030  5.198  5.170  5.069  5.106  5.037  5.088  5.068  5.064  5.162  5.303  5.117  5.252  4.874  5.124  4.920  5.181  5.318  5.204  5.247  4.999  5.068  5.106  5.187  4.982  4.924  4.860  4.856  4.949  4.944  5.118  5.052  5.112  5.182  5.102  5.108  4.905  4.927  5.056  5.112
