4.796  4.736  4.727  4.662  4.870  4.890  4.843  4.696  4.844  4.905  4.875  5.004  4.977  4.847  4.973  4.775  4.812  4.754  4.919  4.766  4.828  4.700  4.820  4.828  4.820  4.927  4.710  4.804  4.511  4.898  4.905  4.760  4.652  4.868  4.844  4.727  4.945  4.748  4.663  4.828  4.804  4.890
4.710  4.554  4.600  4.595  4.573  4.680  4.543  4.382  4.734  4.687  4.727  4.644  4.543  4.615  4.676  4.443  4.419  4.543  4.575  4.673  4.644  4.575  4.541  4.635  4.454  4.431  4.419  4.419  4.344  4.541  4.578  4.557  4.460  4.454  4.382  4.466  4.505  4.533  4.567  4.585  4.464  4.500
6.652  6.409  6.506  6.495  6.621  6.745  6.659  6.669  6.713  6.795  6.717  6.708  5.283  6.741  6.770  6.655  6.443  6.631  6.657  6.602  6.592  6.524  6.632  6.518  6.482  6.501  6.425  6.623  6.256  6.348  6.553  6.354  6.430  6.544  6.495  6.518  6.578  6.510  6.458  6.479  6.431  6.544
4.868  4.796  4.662  4.682  4.754  4.800  4.673  4.828  4.794  4.796  4.835  4.883  3.434  4.745  5.004  4.694  4.595  4.745  4.812  4.730  4.949  4.736  4.787  4.843  4.736  4.806  4.647  4.654  4.575  4.559  4.710  4.443  4.762  4.745  4.673  4.875  4.828  4.644  4.578  4.564  4.595  4.700
5.940  5.692  5.860  5.759  5.883  5.935  5.843  5.838  5.839  6.078  5.973  5.971  5.964  5.808  6.021  5.808  5.517  5.897  5.905  5.875  5.892  5.687  5.750  5.720  5.710  5.784  5.687  5.697  5.429  5.517  5.743  5.569  5.613  5.736  5.751  5.825  5.768  5.872  5.883  5.889  5.666  5.753
4.376  4.234  4.241  4.174  4.263  4.317  4.452  4.111  4.248  4.344  4.317  4.407  4.477  4.331  4.382  4.234  4.331  4.151  4.410  4.277  4.511  4.304  4.328  4.520  4.205  4.220  4.174  3.989  4.205  4.182  4.094  4.234  4.140  4.151  4.231  4.376  4.263  4.205  4.382  4.135  4.060  4.078
4.623  4.705  4.727  4.696  4.663  4.682  4.682  4.668  4.654  4.762  4.682  4.812  4.860  4.852  4.710  4.804  4.682  4.745  4.739  4.840  4.787  4.671  4.726  4.836  4.668  4.779  4.644  4.615  4.700  4.710  4.739  4.654  4.654  4.635  4.700  4.708  4.663  4.682  4.736  4.680  4.559  4.652
4.357  4.357  4.304  4.260  4.288  4.394  4.304  4.238  4.277  4.419  4.369  4.394  4.416  4.477  4.443  4.234  4.290  4.394  4.407  4.503  4.454  4.344  4.522  4.317  4.290  4.217  4.317  4.205  4.290  4.159  4.277  4.205  4.220  4.290  4.248  4.317  4.263  4.324  4.040  4.234  4.143  4.304
4.705  4.677  4.762  4.762  4.782  4.868  4.644  4.762  4.682  4.828  4.533  4.920  4.954  4.898  4.920  4.690  4.522  4.762  4.927  4.934  4.890  4.635  4.635  4.792  4.642  4.727  4.628  4.623  4.344  4.595  4.787  4.562  4.710  4.654  4.700  4.680  4.654  4.644  4.533  4.804  4.615  4.771
5.111  5.043  5.130  5.176  5.136  5.106  5.226  5.112  5.097  5.198  4.973  5.159  5.215  5.106  5.204  5.024  4.963  5.069  5.293  5.252  5.182  5.176  5.061  5.159  5.017  5.050  4.997  4.850  4.754  4.913  4.977  5.014  4.966  4.997  5.063  5.056  5.069  4.934  4.787  5.024  4.959  5.024
5.602  5.471  5.656  5.591  5.648  5.683  5.549  5.624  5.700  5.764  5.583  5.846  5.649  5.509  5.714  5.489  5.228  5.561  5.680  5.529  5.561  5.455  5.433  5.407  5.576  5.727  5.565  5.442  5.187  5.124  5.333  5.282  5.557  5.529  5.498  5.656  5.380  5.497  5.298  5.565  5.572  5.684
4.382  4.277  4.248  4.382  4.304  4.331  4.367  4.464  4.331  4.357  4.220  4.522  4.585  4.533  4.630  4.304  4.277  4.324  4.477  4.331  4.503  4.382  4.159  4.431  4.304  4.234  4.357  4.127  4.217  4.060  4.256  4.290  4.350  4.410  4.315  4.304  4.174  4.344  4.174  4.111  4.335  4.263
6.016  5.881  5.889  5.961  5.951  5.969  5.966  5.866  5.996  6.082  5.872  6.016  6.034  5.920  6.103  5.849  5.920  5.969  6.071  6.091  6.100  5.974  5.832  5.938  6.009  5.938  5.832  5.829  5.645  5.771  5.795  5.803  5.935  5.964  5.916  5.897  5.999  5.940  5.798  5.948  5.935  6.004
5.398  5.218  5.384  5.515  5.277  5.407  5.226  5.037  5.014  5.100  5.043  5.328  5.136  5.179  5.318  5.106  5.027  5.130  5.308  5.308  5.252  5.081  5.088  5.135  5.215  5.159  5.063  5.024  4.828  4.844  4.961  5.004  5.236  5.293  5.106  5.130  5.117  5.209  5.043  5.236  5.198  5.242
7.059  6.749  6.922  6.936  6.932  6.940  6.847  6.898  6.968  7.000  6.807  7.004  7.077  6.834  6.956  6.783  6.822  6.866  7.020  7.025  6.827  6.873  6.832  6.779  6.998  7.095  6.823  6.903  6.782  6.713  6.759  6.784  6.987  6.963  6.908  6.856  6.863  6.960  6.827  6.914  6.878  6.966
5.844  5.485  5.730  5.799  5.749  5.704  5.521  5.704  5.749  5.869  5.631  5.759  5.928  5.673  5.876  5.602  5.750  5.652  5.721  5.765  5.741  5.613  5.525  5.602  5.638  5.787  5.485  5.525  5.347  5.398  5.353  5.467  5.687  5.635  5.620  5.609  5.566  5.525  5.553  5.525  5.454  5.580
5.811  5.694  5.649  5.659  5.776  5.775  5.661  5.615  5.727  5.820  5.730  5.749  5.753  5.600  5.802  5.591  5.602  5.737  5.749  5.673  5.746  5.548  5.568  5.628  5.583  5.690  5.572  5.639  5.537  5.521  5.587  5.591  5.613  5.659  5.715  5.680  5.624  5.670  5.649  5.740  5.529  5.753
4.771  4.736  4.644  4.736  4.811  4.769  4.595  4.511  4.654  4.804  4.736  4.762  4.942  4.647  4.942  4.575  4.806  4.883  4.868  4.745  4.913  4.860  4.730  4.875  4.699  4.682  4.663  4.559  4.585  4.541  4.543  4.779  4.595  4.832  4.663  4.687  4.745  4.762  4.762  4.511  4.486  4.718
6.812  6.750  6.788  6.791  6.866  6.854  6.789  6.772  6.789  6.860  6.770  6.850  6.882  6.812  6.898  6.721  6.668  6.822  6.903  6.751  6.878  6.806  6.759  6.713  6.744  6.695  6.714  6.683  6.515  6.587  6.654  6.698  6.659  6.758  6.707  6.752  6.741  6.829  6.734  6.802  6.697  6.725
5.252  5.308  5.159  5.390  5.352  5.421  5.260  5.198  5.321  5.366  5.334  5.226  5.521  5.403  5.659  5.227  5.472  5.220  5.565  5.278  5.517  5.602  5.472  5.631  5.375  5.170  5.316  5.169  5.037  5.106  5.313  5.290  5.257  5.275  5.236  5.333  5.347  5.380  5.306  5.235  5.136  5.047
6.547  6.526  6.337  6.377  6.497  6.533  6.475  6.450  6.504  6.583  6.438  6.420  6.564  6.509  6.614  6.439  6.326  6.525  6.472  6.435  6.431  6.507  6.515  6.583  6.287  6.288  6.360  6.407  6.295  6.390  6.436  6.301  6.314  6.330  6.377  6.384  6.544  6.430  6.399  6.439  6.258  6.254
5.451  5.479  5.220  5.403  5.338  5.438  5.226  5.165  5.310  5.318  5.352  5.400  5.474  5.412  5.608  5.288  5.162  5.318  5.328  5.327  5.298  5.308  5.388  5.581  5.226  5.209  5.288  5.288  5.124  5.153  5.303  5.138  5.181  5.220  5.298  5.389  5.333  5.347  5.389  5.328  5.250  5.293
