5.829  5.631  5.663  5.624  5.727  5.733  5.775  5.753  5.748  5.852  5.781  5.866  5.843  5.724  5.858  5.700  5.495  5.509  5.814  5.645  5.787  5.680  5.564  5.670  5.631  5.525  5.553  5.545  5.412  5.460  5.605  5.595  5.540  5.658  5.626  5.778  5.714  5.591  5.529  5.544  5.502  5.531
4.511  4.477  4.416  4.615  4.419  4.394  4.564  4.431  4.600  4.635  4.407  4.610  4.673  4.595  4.625  4.431  4.344  4.344  4.663  4.575  4.663  4.407  4.477  4.649  4.419  4.404  4.407  4.369  4.220  4.295  4.290  4.466  4.344  4.489  4.331  4.500  4.369  4.317  4.234  4.263  4.350  4.321
3.696  3.784  3.733  3.761  3.738  3.689  3.638  3.638  3.928  3.709  3.689  3.824  3.888  3.970  4.034  3.850  3.664  3.951  3.892  3.970  3.829  3.689  3.888  3.721  3.689  3.611  3.714  3.564  3.584  3.638  3.714  3.584  3.818  3.689  3.709  3.664  3.658  3.664  3.584  3.726  3.645  3.709
3.605  3.526  3.638  3.638  3.738  3.578  3.592  3.605  3.721  3.434  3.466  3.584  3.867  3.867  3.684  3.664  3.701  3.738  3.689  3.908  3.689  3.664  3.839  3.888  3.434  3.401  3.632  3.459  3.497  3.526  3.714  3.497  3.689  3.645  3.611  3.526  3.671  3.611  3.584  3.434  3.541  3.733
5.097  4.947  5.011  4.866  5.088  5.242  5.153  5.323  5.228  4.927  5.257  5.308  5.442  5.373  5.380  5.147  4.984  5.049  5.209  5.089  4.975  4.951  5.106  5.153  4.959  5.123  5.043  5.209  4.710  4.875  5.182  4.836  4.868  5.112  5.037  5.242  5.099  5.176  5.004  5.094  4.879  5.100
3.791  3.807  3.829  3.818  3.611  3.761  3.970  3.784  3.882  3.738  3.689  3.829  3.807  3.807  3.989  3.738  3.761  3.638  3.761  3.951  3.892  3.932  3.871  3.850  3.638  3.784  3.664  3.738  3.689  3.611  3.689  3.714  3.807  3.780  3.850  3.784  3.584  3.807  3.829  3.807  3.773  3.784
3.584  3.466  3.497  3.332  3.497  3.466  3.497  3.434  3.638  3.605  3.434  3.611  3.882  3.714  3.761  3.520  3.550  3.584  3.738  3.824  3.638  3.738  3.466  3.555  3.555  3.466  3.611  3.555  3.658  3.584  3.497  3.664  3.584  3.520  3.564  3.578  3.434  3.497  3.671  3.434  3.332  3.367
3.555  3.497  3.638  3.497  3.584  3.684  3.466  3.490  3.526  3.526  3.466  3.584  3.738  3.780  3.709  3.570  3.526  3.658  3.638  3.871  3.664  3.555  3.584  3.638  3.555  3.555  3.605  3.526  3.520  3.638  3.526  3.584  3.638  3.555  3.584  3.481  3.466  3.466  3.578  3.490  3.466  3.497
4.913  4.836  4.820  4.915  5.030  5.004  4.898  4.984  4.958  5.115  4.972  4.916  5.142  4.982  5.100  4.852  5.037  4.883  5.209  5.075  4.920  4.927  4.820  4.905  4.762  4.654  4.779  4.820  4.754  4.615  4.893  4.723  4.934  4.949  4.927  4.977  4.852  4.979  4.898  4.804  4.765  4.835
3.784  3.761  3.888  3.871  3.932  3.784  3.871  3.738  3.791  3.908  3.807  3.761  3.807  3.989  4.103  3.761  3.850  3.761  3.850  3.892  3.951  3.638  3.961  3.892  3.761  3.638  3.714  3.605  3.584  3.689  3.892  3.784  4.025  3.689  3.689  3.932  3.638  3.768  3.664  3.714  3.784  3.912
4.304  4.174  4.522  4.248  4.357  4.231  4.274  4.328  4.452  4.401  4.234  4.419  4.304  4.477  4.595  4.407  4.248  4.159  4.344  4.575  4.382  4.143  4.159  4.171  4.350  4.369  4.234  4.078  4.078  4.135  3.912  4.413  4.248  4.209  4.357  4.241  4.174  4.182  4.274  4.174  4.078  4.256
5.844  5.425  5.707  5.781  5.717  5.598  5.568  5.559  5.971  5.687  5.620  5.663  5.757  5.511  5.778  5.583  5.665  5.541  5.649  5.894  5.656  5.565  5.564  5.689  5.585  5.598  5.576  5.481  5.501  5.587  5.450  5.618  5.720  5.593  5.710  5.576  5.626  5.677  5.638  5.509  5.643  5.613
6.383  6.213  6.277  6.293  6.339  6.304  6.221  6.254  6.225  6.420  6.450  6.380  6.495  6.299  6.397  6.230  6.086  6.248  6.306  6.390  6.339  6.232  6.176  6.221  6.122  6.120  6.142  6.094  6.033  6.019  6.194  6.186  6.155  6.263  6.243  6.229  6.184  6.337  6.297  6.275  6.114  6.194
4.997  4.745  4.787  5.021  4.905  5.001  4.890  4.828  4.836  4.893  4.920  5.086  4.990  4.898  5.100  4.804  4.913  4.836  4.990  4.990  5.043  4.929  4.771  4.900  4.836  4.913  4.771  4.673  4.804  4.682  4.956  4.871  4.852  4.975  4.828  4.787  4.819  4.811  4.949  4.848  4.828  4.828
3.989  3.780  3.892  3.714  3.807  3.738  3.689  3.761  3.902  3.638  3.664  3.658  3.761  3.970  4.078  3.578  3.761  3.807  4.060  4.031  4.094  3.784  3.932  3.888  3.671  3.664  3.638  3.584  3.664  3.829  3.520  3.738  3.761  3.664  3.738  3.611  3.497  3.684  3.584  3.611  3.947  3.689
3.970  3.932  4.066  4.052  4.143  4.111  3.898  4.043  4.187  3.947  4.060  4.074  4.248  4.060  4.281  3.970  3.970  3.951  4.224  4.260  4.246  3.989  4.013  4.260  3.784  3.807  3.970  3.932  3.738  3.932  3.892  3.871  4.060  3.932  4.007  4.043  3.850  3.932  3.846  3.784  3.967  3.850
4.277  4.127  4.190  4.290  4.205  4.174  4.025  4.290  4.328  4.376  4.263  4.357  4.554  4.443  4.511  4.124  4.007  4.190  4.376  4.297  4.140  4.108  4.151  4.308  3.912  4.025  4.132  4.043  3.850  3.970  4.025  4.052  4.231  4.382  4.167  4.234  4.043  4.124  4.369  4.078  4.220  4.174
3.584  3.638  3.761  3.912  3.892  3.928  3.912  3.871  3.784  3.850  3.689  4.060  4.057  4.025  4.246  3.877  3.846  4.209  4.220  4.078  4.248  4.057  3.829  3.980  3.932  3.871  3.824  3.738  3.611  3.714  3.584  3.802  3.850  3.738  3.761  3.807  3.638  3.761  3.638  3.761  3.761  3.818
4.108  4.007  4.263  4.248  4.267  4.159  4.174  4.205  4.156  4.354  4.094  4.143  4.404  4.263  4.452  4.171  4.248  4.194  4.443  4.234  4.407  4.317  4.025  4.143  4.143  4.143  4.111  3.892  3.932  4.078  4.060  4.025  4.197  4.013  4.234  4.078  4.220  4.099  3.989  4.007  4.127  4.060
3.932  3.871  3.989  3.970  4.007  4.094  4.007  3.970  3.989  4.151  3.888  4.148  4.263  4.277  4.220  3.846  4.007  3.908  4.078  4.274  4.357  4.007  3.970  4.274  3.932  3.928  3.951  3.871  3.689  4.078  3.733  4.043  4.124  3.912  3.951  4.025  3.908  4.004  3.807  3.738  4.007  3.951
3.258  3.584  3.401  3.578  3.296  3.434  3.497  3.497  3.367  3.466  3.332  3.611  3.664  3.611  3.584  3.466  3.367  3.367  3.497  3.638  3.738  3.611  3.570  3.466  3.428  3.296  3.555  3.296  3.401  3.526  3.434  3.497  3.638  3.555  3.497  3.434  3.638  3.459  3.296  3.258  3.332  3.434
3.418  3.434  3.541  3.475  3.497  3.526  3.332  3.434  3.401  3.526  3.434  3.466  3.733  3.520  3.611  3.258  3.520  3.332  3.584  3.497  3.526  3.526  3.401  3.497  3.258  3.434  3.466  3.466  3.434  3.401  3.296  3.555  3.497  3.401  3.497  3.664  3.428  3.466  3.395  3.332  3.258  3.555
