4.640  4.538  4.625  4.590  4.575  4.710  4.575  4.564  4.608  4.700  4.700  4.779  4.682  4.748  4.827  4.644  4.419  4.727  4.718  4.647  4.654  4.691  4.682  4.762  4.543  4.536  4.543  4.419  4.564  4.477  4.460  4.554  4.369  4.475  4.710  4.654  4.585  4.500  4.500  4.543  4.454  4.511
4.489  4.431  4.413  4.466  4.419  4.407  4.357  4.304  4.520  4.392  4.290  4.543  4.466  4.605  4.549  4.331  4.382  4.585  4.570  4.422  4.564  4.394  4.394  4.498  4.419  4.127  4.443  4.317  4.382  4.434  4.392  4.500  4.500  4.344  4.363  4.431  4.419  4.443  4.304  4.392  4.202  4.443
6.131  5.724  5.958  6.020  5.922  5.961  5.967  6.023  6.001  6.131  5.923  6.057  5.953  5.865  6.019  5.823  5.817  5.855  6.056  6.016  5.924  5.858  5.796  5.866  5.849  5.903  5.733  5.753  5.507  5.704  5.802  5.757  5.875  5.916  5.938  5.844  5.807  5.945  5.862  5.768  5.886  5.943
6.962  6.730  6.822  6.909  6.855  6.945  6.971  7.043  6.965  7.098  6.934  7.047  6.966  6.825  6.998  6.898  6.900  6.842  7.015  6.916  7.036  6.918  6.704  6.737  6.849  6.833  6.734  6.715  6.528  6.702  6.718  6.749  6.789  6.881  6.920  6.845  6.844  6.846  6.705  6.736  6.834  6.896
3.632  3.550  3.497  3.526  3.466  3.638  3.611  3.466  3.689  3.632  3.526  3.638  3.611  3.638  3.761  3.497  3.638  3.466  3.584  3.738  3.526  3.584  3.526  3.555  3.367  3.401  3.541  3.497  3.332  3.638  3.434  3.526  3.638  3.466  3.584  3.555  3.332  3.401  3.526  3.466  3.434  3.555
3.632  3.584  3.555  3.584  3.555  3.520  3.638  3.738  3.584  3.738  3.497  3.701  3.664  3.701  3.761  3.664  3.526  3.490  3.738  3.738  3.584  3.745  3.526  3.696  3.466  3.490  3.605  3.466  3.367  3.497  3.497  3.555  3.638  3.526  3.578  3.651  3.526  3.466  3.611  3.466  3.367  3.684
4.382  4.317  4.369  4.304  4.431  4.217  4.431  4.357  4.248  4.644  4.331  4.522  4.431  4.663  4.710  4.407  4.248  4.357  4.489  4.575  4.407  4.217  4.331  4.407  4.522  4.317  4.363  4.419  4.187  4.111  4.159  4.205  4.500  4.270  4.256  4.174  4.394  4.263  4.290  4.260  4.317  4.382
4.331  4.331  4.382  4.344  4.317  4.078  4.234  4.407  4.401  4.449  4.489  4.443  4.452  4.290  4.382  4.127  4.428  4.331  4.428  4.533  4.419  4.354  4.248  4.511  4.205  4.277  4.253  4.290  4.060  4.007  4.388  4.382  4.317  4.234  4.410  4.328  4.263  4.394  4.190  4.270  4.234  4.263
5.187  5.037  5.153  5.257  5.220  5.231  5.118  5.117  5.147  5.209  5.249  5.198  5.273  5.198  5.323  5.106  4.990  5.242  5.225  5.176  5.118  5.050  5.118  5.140  4.994  4.994  4.890  5.016  4.796  4.913  5.037  4.970  5.004  5.170  5.037  4.924  4.934  5.204  5.130  4.956  4.890  5.011
4.699  4.615  4.511  4.673  4.500  4.595  4.575  4.509  4.615  4.804  4.543  4.625  4.831  4.682  4.625  4.522  4.410  4.477  4.593  4.620  4.663  4.654  4.554  4.625  4.388  4.458  4.477  4.394  4.317  4.407  4.533  4.595  4.344  4.564  4.522  4.443  4.500  4.554  4.554  4.538  4.263  4.431
4.025  4.060  4.297  4.060  4.111  4.078  4.004  4.078  4.111  4.263  4.111  4.317  4.263  4.127  4.263  4.094  4.127  4.205  4.263  4.317  4.369  4.197  4.143  4.135  4.025  3.892  4.060  3.908  3.989  3.989  3.912  4.174  4.094  3.951  4.043  4.034  4.043  4.094  3.932  4.060  3.985  4.094
4.394  4.331  4.394  4.605  4.498  4.511  4.434  4.573  4.477  4.419  4.492  4.431  4.654  4.454  4.543  4.394  4.511  4.394  4.727  4.564  4.743  4.466  4.394  4.567  4.407  4.317  4.344  4.277  4.263  4.410  4.401  4.564  4.304  4.419  4.454  4.520  4.288  4.394  4.440  4.317  4.304  4.382
5.799  5.389  5.485  5.670  5.525  5.680  5.517  5.609  5.609  5.638  5.656  5.583  5.765  5.561  5.666  5.465  5.557  5.447  5.595  5.805  5.521  5.707  5.553  5.424  5.525  5.609  5.460  5.442  5.381  5.438  5.442  5.464  5.601  5.628  5.595  5.545  5.460  5.543  5.541  5.541  5.589  5.606
6.297  5.996  6.135  6.250  6.135  6.232  6.186  6.223  6.264  6.271  6.269  6.220  6.415  6.277  6.323  6.031  6.116  6.040  6.311  6.375  6.231  6.137  6.144  6.093  6.138  6.357  6.056  6.074  6.107  6.035  6.054  6.025  6.232  6.189  6.246  6.161  6.138  6.105  6.078  6.073  6.101  6.129
3.584  3.696  3.526  3.466  3.738  3.555  3.555  3.555  3.584  3.738  3.332  3.684  3.784  3.555  3.807  3.497  3.555  3.802  3.738  3.714  3.555  3.605  3.520  3.664  3.526  3.434  3.638  3.605  3.434  3.466  3.296  3.367  3.638  3.555  3.611  3.664  3.466  3.490  3.401  3.512  3.555  3.714
3.367  3.497  3.401  3.367  3.401  3.332  3.367  3.555  3.401  3.490  3.428  3.497  3.434  3.555  3.689  3.332  3.367  3.401  3.466  3.526  3.555  3.360  3.466  3.401  3.367  3.258  3.466  3.332  3.401  3.178  3.296  3.411  3.512  3.332  3.434  3.555  3.296  3.258  3.332  3.219  3.296  3.611
3.970  3.871  3.912  3.850  4.025  4.025  3.967  3.807  3.807  3.807  3.818  3.970  4.127  3.947  3.871  3.932  3.951  3.951  3.970  4.111  4.094  3.928  4.025  3.970  3.989  3.951  3.871  3.807  3.664  3.733  3.928  3.824  3.664  3.892  3.850  3.967  3.829  3.951  3.664  3.871  3.912  3.835
3.332  3.611  3.466  3.332  3.497  3.459  3.367  3.401  3.578  3.684  3.332  3.434  3.761  3.676  3.714  3.466  3.497  3.526  3.658  3.689  3.638  3.497  3.611  3.526  3.526  3.526  3.466  3.466  3.570  3.428  3.466  3.611  3.611  3.584  3.497  3.367  3.401  3.466  3.555  3.332  3.332  3.401
3.951  3.932  3.951  3.989  4.127  4.159  3.850  4.043  4.074  4.007  3.970  3.989  4.331  4.159  4.248  4.034  4.043  4.124  4.060  4.111  4.043  3.928  3.970  3.951  3.807  3.951  4.031  3.989  3.871  3.989  3.947  3.733  4.025  3.888  3.961  4.004  3.951  4.143  4.016  4.040  3.871  4.040
3.466  3.497  3.638  3.466  3.497  3.466  3.367  3.611  3.638  3.638  3.689  3.611  3.867  3.738  3.871  3.638  3.671  3.664  3.738  3.761  3.664  3.638  3.555  3.632  3.550  3.526  3.497  3.611  3.466  3.466  3.584  3.555  3.611  3.611  3.689  3.584  3.428  3.497  3.497  3.592  3.466  3.526
3.795  3.520  3.829  3.664  3.701  3.584  3.784  3.738  3.850  4.083  3.658  3.807  3.892  3.942  3.892  3.638  3.871  3.761  3.892  3.829  3.738  3.738  3.611  3.638  3.761  3.738  3.684  3.671  3.701  3.638  3.526  3.709  3.850  3.738  3.714  3.638  3.611  3.638  3.664  3.664  3.761  3.664
4.197  4.094  4.187  4.111  4.127  4.190  3.970  4.060  4.040  4.317  4.094  4.094  4.324  4.386  4.187  4.190  4.205  4.174  4.190  4.263  4.263  4.091  4.094  4.344  4.159  3.829  4.016  3.912  3.850  3.850  4.171  4.078  4.248  4.004  4.127  4.111  3.892  4.086  4.060  4.060  3.998  4.127
