6.277  5.993  6.182  5.999  6.234  6.248  6.144  6.232  6.215  6.291  6.236  6.254  6.290  6.207  6.292  6.196  6.014  6.178  6.266  6.142  6.111  5.971  6.063  5.872  6.120  6.109  6.146  6.050  5.866  5.966  5.961  5.914  6.042  6.186  6.078  6.050  6.099  6.094  6.040  6.046  6.038  6.252
4.290  4.094  4.159  4.091  4.143  4.220  4.267  4.253  4.454  4.277  4.078  4.382  4.443  4.367  4.304  4.205  4.127  4.190  4.234  4.127  4.304  4.074  4.043  4.301  3.989  4.116  4.263  4.025  3.932  4.127  4.111  3.912  4.060  4.277  4.127  4.111  3.951  4.007  3.967  3.985  3.871  4.094
7.094  6.812  7.029  6.962  7.022  7.179  6.923  6.985  7.021  7.172  7.194  7.174  7.118  7.067  7.137  6.963  6.731  7.061  7.058  7.000  6.975  6.754  6.952  6.876  6.837  6.846  6.898  6.961  6.616  6.810  7.013  6.657  6.905  6.844  6.813  6.880  6.928  7.076  7.067  7.031  6.899  6.932
6.654  6.301  6.525  6.483  6.540  6.466  6.423  6.486  6.417  6.700  6.583  6.616  6.579  6.512  6.596  6.382  6.221  6.491  6.535  6.488  6.411  6.267  6.378  6.363  6.328  6.267  6.310  6.422  6.187  6.209  6.373  6.233  6.438  6.353  6.397  6.377  6.267  6.463  6.415  6.422  6.297  6.402
6.373  6.315  6.606  6.508  6.331  6.750  6.417  6.415  6.494  6.491  6.541  6.578  6.439  6.330  6.534  6.317  6.248  6.384  6.609  6.366  6.480  6.334  6.404  6.524  6.218  6.275  6.310  6.201  6.080  6.450  6.365  6.174  6.492  6.242  6.304  6.356  6.397  6.349  6.395  6.170  6.315  6.308
6.494  6.308  6.375  6.377  6.378  6.390  6.363  6.373  6.384  6.572  6.469  6.482  6.532  6.438  6.515  6.347  6.203  6.354  6.454  6.397  6.308  6.297  6.321  6.422  6.197  6.221  6.306  6.312  6.125  6.182  6.405  6.293  6.279  6.242  6.275  6.284  6.218  6.282  6.256  6.339  6.170  6.304
5.966  5.846  5.875  5.861  5.846  5.841  5.846  5.881  5.872  5.951  5.866  5.967  5.964  5.869  5.866  5.757  5.864  5.765  5.889  5.908  5.829  5.859  5.817  5.832  5.759  5.707  5.756  5.760  5.666  5.761  5.814  5.609  5.753  5.784  5.849  5.765  5.771  5.862  5.826  5.768  5.695  5.753
5.313  5.142  5.268  5.371  5.204  5.318  5.402  5.407  5.264  5.476  5.220  5.434  5.480  5.147  5.337  5.231  5.227  5.176  5.257  5.361  5.318  5.251  5.226  5.181  5.139  5.094  5.165  5.130  5.170  5.176  5.236  5.147  5.193  5.257  5.239  5.293  5.303  5.257  5.093  5.130  5.106  5.170
4.174  4.043  4.328  4.043  4.156  4.315  4.094  4.094  4.246  4.331  3.989  4.331  4.382  4.394  4.489  4.190  4.060  4.382  4.143  4.274  4.331  4.159  4.043  4.205  4.174  4.248  4.220  4.060  3.967  4.078  4.174  3.970  4.159  4.143  4.060  4.094  4.220  3.989  3.970  4.043  3.970  4.143
3.985  4.025  4.263  3.912  4.127  3.951  3.967  4.094  3.942  4.174  3.985  3.970  4.288  4.220  4.231  4.132  3.902  4.094  4.025  4.060  4.248  4.025  4.140  4.060  4.043  3.932  3.989  4.025  3.989  3.932  4.156  4.057  3.912  3.970  3.892  3.951  3.807  4.016  3.970  4.066  4.013  3.989
6.976  6.833  6.810  6.878  6.934  6.890  6.874  6.786  6.763  7.005  6.984  6.924  6.964  6.893  6.934  6.752  6.636  6.863  6.838  6.774  6.863  6.823  6.802  6.830  6.649  6.650  6.753  6.720  6.618  6.656  6.789  6.704  6.746  6.764  6.814  6.762  6.795  6.827  6.884  6.859  6.721  6.672
6.111  6.043  6.001  6.122  5.994  5.948  6.084  5.900  5.948  6.212  6.201  6.105  6.217  6.071  6.272  6.038  5.974  5.934  6.061  5.940  6.180  6.109  6.038  6.122  5.835  5.903  5.905  5.781  5.846  5.911  6.034  5.986  5.922  5.984  6.040  5.974  5.946  5.953  5.980  5.878  5.862  5.704
6.416  6.254  6.309  6.328  6.413  6.392  6.303  6.310  6.339  6.439  6.365  6.387  6.441  6.410  6.498  6.253  6.035  6.392  6.384  6.234  6.136  6.236  6.305  6.250  6.237  6.376  6.230  6.366  6.068  5.971  6.271  6.084  6.190  6.217  6.168  6.308  6.273  6.385  6.338  6.405  6.111  6.315
4.968  4.977  4.787  4.915  4.875  4.984  4.942  4.796  4.952  4.804  4.984  4.934  5.130  5.017  5.075  4.800  4.694  4.734  5.058  4.828  4.934  4.868  5.037  4.858  4.673  4.775  4.942  4.762  4.625  4.564  4.691  4.673  4.691  4.654  4.796  4.762  4.736  4.860  4.804  4.819  4.605  4.771
6.301  6.035  6.138  6.232  6.278  6.342  6.026  6.171  6.073  6.241  6.281  6.213  6.310  6.231  6.282  6.064  5.891  6.308  6.288  6.159  6.183  5.964  6.184  6.118  5.966  6.061  6.022  6.122  5.832  5.909  6.125  5.910  6.148  6.114  6.040  6.094  6.045  6.292  6.328  6.308  5.998  6.243
5.291  4.934  5.273  5.293  5.190  5.220  5.081  5.268  5.124  5.328  5.283  5.303  5.389  5.190  5.412  5.088  4.844  5.333  5.334  5.313  5.227  5.027  5.118  5.074  5.140  5.004  5.075  5.081  4.723  4.913  5.136  4.952  5.290  5.081  5.029  5.170  5.006  5.257  5.236  5.209  4.963  5.150
5.146  4.786  5.118  4.905  5.037  5.063  4.820  5.058  5.135  5.052  5.056  5.011  5.043  4.933  5.049  4.947  4.828  5.170  5.176  4.987  4.984  4.787  4.920  4.860  4.942  5.100  4.997  5.004  4.585  4.727  4.820  4.771  4.913  5.050  4.934  4.920  4.835  5.093  5.037  5.064  4.982  5.037
4.111  3.871  3.970  3.908  3.989  4.111  3.871  4.091  3.967  4.094  4.078  4.043  4.190  4.127  4.111  3.989  3.932  4.127  4.111  3.967  4.190  4.022  4.022  3.989  3.998  3.871  3.951  3.970  3.807  3.932  4.197  3.989  4.060  3.912  4.078  4.143  4.007  4.174  3.932  4.007  3.918  3.989
6.312  6.142  6.056  6.219  6.263  6.301  6.066  6.108  6.136  6.279  6.246  6.212  6.328  6.268  6.299  6.068  5.932  6.333  6.234  6.157  6.164  6.196  6.236  6.244  6.100  6.094  6.122  6.240  5.938  5.961  6.221  5.951  6.087  6.201  6.040  6.229  6.229  6.244  6.244  6.373  6.014  6.198
5.448  5.427  5.292  5.437  5.380  5.270  5.278  5.265  5.357  5.509  5.357  5.347  5.537  5.425  5.595  5.303  5.242  5.338  5.455  5.323  5.549  5.468  5.460  5.545  5.338  5.268  5.357  5.198  5.170  5.255  5.445  5.257  5.278  5.407  5.393  5.438  5.488  5.333  5.318  5.303  5.273  5.257
5.447  5.075  5.278  5.215  5.293  5.283  4.956  5.342  5.283  5.361  5.338  5.394  5.308  5.338  5.236  5.185  4.885  5.373  5.457  5.293  5.136  4.883  5.024  5.037  5.268  5.215  5.153  5.277  4.994  4.977  5.056  4.984  5.182  5.186  5.273  5.198  5.142  5.371  5.278  5.303  5.220  5.308
5.442  5.165  5.361  5.303  5.278  5.318  5.186  5.298  5.460  5.421  5.436  5.421  5.412  5.525  5.447  5.396  5.176  5.386  5.416  5.308  5.209  5.152  5.273  5.209  5.313  5.298  5.242  5.406  5.075  5.226  5.282  5.231  5.165  5.359  5.236  5.318  5.236  5.313  5.347  5.451  5.187  5.347
