6.572  6.779  6.507  6.314  6.649  6.680  6.862  6.662  6.812  6.799  6.759  6.678  6.783  6.768  6.763  6.779  6.710  6.686  6.801  6.339  6.762  6.773  6.704  6.680  6.688  6.732  6.743  6.612  6.650  6.760  6.700  6.564  6.455  6.786  6.866  6.715  6.594  6.501  6.415  6.664  6.513  6.635
4.248  4.522  4.357  3.951  4.143  4.277  4.564  4.369  4.635  4.644  4.489  4.500  4.585  4.500  4.543  4.443  4.277  4.331  4.466  4.248  4.522  4.530  4.394  4.407  4.344  4.205  4.635  4.317  4.431  4.369  4.357  4.143  4.290  4.357  4.317  4.290  4.304  3.932  4.263  4.357  4.127  4.190
7.211  7.009  7.034  6.872  7.106  7.150  7.018  6.921  7.075  7.181  7.163  7.218  7.160  7.121  7.100  7.051  6.781  7.117  7.061  6.972  6.987  6.867  6.995  6.962  6.834  6.966  6.969  7.022  6.704  6.891  7.076  6.687  6.821  6.935  6.837  6.988  7.003  7.087  7.013  7.058  6.839  7.048
6.265  6.111  6.182  5.969  6.163  6.280  6.118  5.911  6.219  6.234  6.182  6.256  6.213  6.180  6.327  6.190  5.966  6.158  6.239  6.128  6.201  6.061  6.142  6.118  5.849  6.010  5.994  5.984  5.740  5.878  6.118  5.835  5.906  6.022  5.908  6.037  6.122  6.157  6.059  6.043  5.892  6.099
7.015  6.708  6.900  6.796  6.901  6.929  6.823  6.865  6.923  7.050  6.974  7.037  7.031  6.892  6.971  6.919  6.654  7.020  7.004  6.872  6.785  6.741  6.723  6.716  6.668  6.848  6.846  6.910  6.539  6.731  6.867  6.618  6.774  6.852  6.859  6.847  6.761  6.906  6.868  6.916  6.695  6.873
6.731  6.541  6.609  6.449  6.601  6.652  6.623  6.608  6.685  6.818  6.748  6.786  6.755  6.634  6.765  6.683  6.458  6.687  6.685  6.497  6.516  6.480  6.516  6.561  6.458  6.513  6.550  6.501  6.344  6.475  6.500  6.346  6.443  6.570  6.480  6.590  6.542  6.498  6.402  6.518  6.326  6.437
4.883  4.431  4.868  4.628  4.890  4.866  4.754  4.883  5.017  5.024  4.804  5.094  4.997  4.779  4.937  4.635  4.466  4.652  4.970  4.754  4.717  4.554  4.644  4.511  4.691  4.782  4.475  4.520  4.248  4.382  4.304  4.505  4.700  4.883  4.673  4.638  4.623  4.575  4.419  4.466  4.533  4.771
3.555  3.638  3.689  3.768  3.619  3.428  3.434  3.676  3.584  3.466  3.584  3.689  3.664  3.676  3.829  3.555  3.738  3.497  3.578  3.892  3.638  3.555  3.526  3.738  3.526  3.526  3.497  3.466  3.520  3.555  3.497  3.490  3.466  3.360  3.526  3.401  3.434  3.401  3.526  3.332  3.466  3.526
6.895  6.692  6.730  6.672  6.797  6.818  6.721  6.682  6.702  6.827  6.764  6.845  6.912  6.698  6.866  6.666  6.419  6.852  6.829  6.655  6.608  6.574  6.692  6.698  6.635  6.612  6.703  6.666  6.515  6.557  6.656  6.385  6.553  6.692  6.559  6.621  6.715  6.724  6.672  6.764  6.513  6.704
6.080  5.979  5.846  5.855  6.082  5.994  6.043  6.004  6.066  6.094  6.041  6.082  6.196  5.981  6.169  5.940  5.893  6.039  6.115  5.922  6.068  5.937  6.080  6.098  5.903  5.986  6.054  5.870  5.883  5.903  5.927  5.841  5.762  6.005  5.964  6.098  6.103  5.991  5.897  6.040  5.704  5.899
4.710  4.543  4.489  4.466  4.828  4.927  4.422  4.659  4.727  4.554  4.920  4.852  5.004  4.905  4.997  4.710  4.317  4.844  4.727  4.443  4.533  4.522  4.644  4.564  4.543  4.595  4.644  4.762  4.060  4.398  4.644  4.317  4.543  4.500  4.489  4.718  4.595  4.700  4.635  4.812  4.431  4.552
3.555  3.367  3.497  3.367  3.434  3.466  3.296  3.401  3.466  3.367  3.296  3.497  3.526  3.434  3.466  3.578  3.459  3.219  3.434  3.497  3.651  3.434  3.258  3.466  3.459  3.219  3.459  3.401  3.325  3.497  3.401  3.367  3.526  3.466  3.401  3.332  3.296  3.296  3.360  3.434  3.367  3.481
5.720  5.507  5.513  5.347  5.638  5.468  5.425  5.481  5.412  5.670  5.602  5.513  5.704  5.765  5.673  5.447  5.345  5.587  5.677  5.568  5.595  5.471  5.557  5.572  5.368  5.476  5.342  5.308  5.024  5.252  5.313  5.030  5.313  5.395  5.347  5.442  5.412  5.511  5.468  5.493  5.361  5.472
3.738  3.871  3.850  3.989  4.007  3.951  3.761  3.850  3.871  4.025  3.951  4.094  4.060  4.060  4.227  3.871  4.007  3.850  3.998  4.078  3.932  3.912  3.850  3.932  3.780  3.784  3.871  3.611  3.541  3.738  3.757  3.684  3.738  3.951  3.761  3.871  3.761  3.802  3.784  3.714  3.892  3.714
6.380  6.168  6.259  6.159  6.449  6.469  6.181  6.317  6.395  6.490  6.495  6.447  6.525  6.545  6.646  6.236  5.953  6.385  6.431  6.312  6.234  6.120  6.382  6.299  6.078  6.163  6.135  6.166  5.817  5.792  6.111  5.869  6.063  6.206  6.101  6.295  6.176  6.439  6.326  6.344  5.953  6.148
3.638  3.761  3.664  3.750  3.829  3.638  3.638  3.664  3.818  3.638  3.714  3.738  3.784  3.807  3.839  3.555  3.638  3.696  3.638  3.871  3.829  3.632  3.738  3.689  3.578  3.784  3.555  3.658  3.481  3.520  3.434  3.526  3.689  3.395  3.466  3.784  3.619  3.584  3.584  3.829  3.638  3.434
6.757  6.688  6.695  6.721  6.773  6.798  6.772  6.753  6.835  6.862  6.721  6.898  6.975  6.777  6.898  6.707  6.723  6.749  6.781  6.813  6.807  6.717  6.748  6.798  6.705  6.827  6.692  6.692  6.781  6.717  6.731  6.601  6.725  6.775  6.805  6.810  6.844  6.702  6.619  6.722  6.628  6.726
5.250  5.416  5.147  5.198  5.318  5.405  5.525  5.247  5.513  5.576  5.405  5.521  5.644  5.587  5.553  5.283  5.442  5.247  5.303  5.354  5.403  5.482  5.476  5.517  5.147  5.515  5.215  5.204  5.288  5.252  5.333  5.136  5.112  5.438  5.468  5.394  5.381  5.182  5.075  5.215  5.209  5.303
6.847  6.558  6.745  6.672  6.732  6.731  6.592  6.636  6.566  6.805  6.804  6.806  6.771  6.700  6.747  6.636  6.474  6.870  6.762  6.713  6.567  6.488  6.579  6.579  6.576  6.645  6.551  6.708  6.388  6.462  6.574  6.453  6.628  6.583  6.538  6.632  6.624  6.692  6.686  6.665  6.495  6.676
5.337  5.145  5.181  5.043  5.195  5.298  5.193  5.198  5.209  5.384  5.333  5.416  5.429  5.252  5.252  5.153  5.106  5.192  5.293  5.239  5.198  5.043  5.303  5.270  5.179  5.262  5.124  5.118  4.868  5.124  5.009  4.856  5.049  5.036  5.094  5.153  5.198  5.142  5.147  5.147  4.990  5.094
6.252  5.943  6.095  6.119  6.234  6.241  5.989  6.244  6.190  6.323  6.201  6.286  6.299  6.204  6.256  6.047  5.849  6.192  6.219  6.151  6.019  5.897  6.001  6.089  5.991  6.148  6.016  6.063  5.823  5.875  6.016  5.753  6.186  6.057  5.932  6.205  6.078  6.176  6.047  6.079  5.857  6.161
4.543  4.628  4.567  4.694  4.644  4.605  4.290  4.511  4.538  4.654  4.514  4.575  4.691  4.625  4.673  4.394  4.489  4.454  4.625  4.777  4.554  4.454  4.466  4.511  4.466  4.500  4.369  4.331  4.220  4.263  4.308  4.454  4.533  4.554  4.489  4.605  4.466  4.654  4.559  4.369  4.380  4.511
