5.014  4.745  4.836  4.700  4.920  5.176  4.911  4.443  4.979  4.860  5.081  4.920  4.832  4.905  4.739  4.875  4.642  4.900  4.942  4.745  4.554  4.811  4.875  4.828  4.676  4.554  4.419  4.736  4.443  4.635  4.585  4.431  4.562  4.654  4.466  4.868  4.836  4.700  4.575  4.718  3.951  4.682
3.757  3.658  3.526  3.802  3.605  3.784  3.638  3.526  3.689  3.611  3.497  3.466  3.689  3.638  3.632  3.761  3.466  3.578  3.689  3.714  3.689  3.611  3.611  3.497  3.584  3.526  3.466  3.497  3.332  3.578  3.584  3.497  3.466  3.584  3.555  3.497  3.550  3.867  3.332  3.526  3.258  3.555
5.182  4.844  5.078  4.668  5.100  5.182  4.949  4.896  5.403  5.108  4.875  5.231  5.223  5.182  5.239  4.820  4.671  5.081  4.980  4.854  4.920  4.773  4.931  4.754  4.673  4.673  4.691  4.736  4.454  4.605  4.736  4.500  4.654  4.605  4.509  4.942  4.682  4.905  4.762  4.844  4.580  4.796
3.871  3.829  3.745  3.802  3.824  3.912  3.932  3.689  4.174  3.951  3.689  3.970  4.159  3.892  4.078  3.839  3.714  3.611  3.947  4.246  4.057  3.829  3.780  3.951  3.664  3.611  3.738  3.738  3.761  3.824  3.761  3.738  3.784  3.784  3.638  3.850  3.892  3.738  3.761  3.738  3.689  3.555
5.400  5.003  5.341  4.934  5.421  5.587  5.175  5.382  5.366  5.521  5.521  5.465  5.416  5.338  5.457  5.102  4.956  5.200  5.442  5.208  5.298  5.100  5.009  5.050  4.949  5.050  5.004  5.109  4.762  4.905  5.187  4.758  5.050  5.088  5.130  5.170  5.375  5.193  5.170  4.984  4.812  5.159
3.664  3.550  3.738  3.526  3.638  3.671  3.584  3.829  3.638  3.689  3.434  3.689  3.807  3.584  3.689  3.773  3.584  3.714  3.638  3.780  3.871  3.555  3.664  3.638  3.526  3.526  3.605  3.459  3.401  3.584  3.401  3.638  3.605  3.526  3.611  3.689  3.632  3.466  3.401  3.520  3.434  3.757
5.934  5.624  5.839  5.707  5.787  5.912  5.784  5.825  5.927  6.081  5.914  5.943  5.966  5.796  6.006  5.765  5.467  6.047  6.016  5.787  5.727  5.652  5.846  5.659  5.765  5.793  5.733  5.800  5.440  5.649  5.606  5.429  5.663  5.878  5.676  5.808  5.889  5.784  5.757  5.908  5.688  5.817
4.394  4.500  4.234  4.363  4.443  4.570  4.489  4.590  4.638  4.625  4.739  4.710  4.779  4.489  4.682  4.477  4.472  4.489  4.600  4.475  4.860  4.454  4.575  4.522  4.475  4.267  4.407  4.443  4.060  4.290  4.124  4.174  4.190  4.554  4.394  4.344  4.466  4.159  4.350  4.357  4.263  4.202
6.526  6.209  6.294  6.267  6.124  6.392  6.356  6.342  6.449  6.492  6.382  6.485  6.572  6.389  6.495  6.174  6.192  6.451  6.410  6.275  6.323  6.084  6.184  6.116  6.197  6.407  6.232  6.295  5.908  5.973  6.096  6.103  6.002  6.326  6.159  6.273  6.256  6.275  6.254  6.346  6.198  6.377
4.875  4.727  4.752  4.673  4.357  4.860  4.868  4.718  4.963  5.017  4.868  4.990  5.081  4.949  4.934  4.749  4.820  4.712  4.820  4.691  4.843  4.682  4.760  4.736  4.498  4.603  4.677  4.533  4.431  4.514  4.598  4.443  4.004  4.690  4.580  4.718  4.682  4.736  4.460  4.605  4.331  4.673
5.576  5.384  5.366  5.156  5.366  5.366  5.182  5.313  5.176  5.548  5.389  5.406  5.537  5.429  5.412  5.220  5.050  5.394  5.517  5.288  5.165  5.220  5.303  5.257  5.158  5.187  5.268  5.308  4.954  5.257  5.242  5.030  5.220  5.291  5.100  5.257  5.236  5.316  5.371  5.442  4.905  5.204
4.419  4.419  4.190  4.159  4.431  4.382  4.248  4.190  4.174  4.498  4.357  4.290  4.533  4.440  4.454  4.290  4.083  4.277  4.443  4.127  4.290  4.220  4.253  4.388  4.048  4.143  4.248  4.234  3.989  4.143  4.248  4.094  4.190  4.284  4.263  4.443  4.227  4.248  4.317  4.220  3.807  4.091
5.434  5.077  3.497  5.444  5.531  5.407  4.956  5.425  5.252  5.455  5.412  5.424  5.450  5.412  5.525  5.153  4.927  5.472  5.513  5.333  5.100  5.069  5.182  5.043  4.987  4.949  4.868  5.030  4.605  4.745  4.913  4.883  5.247  5.112  4.927  4.984  4.905  5.396  5.235  5.252  4.963  5.204
3.850  4.025  3.219  4.043  4.091  4.127  3.932  3.970  3.967  4.108  3.912  4.007  4.277  4.277  4.234  3.932  3.892  4.074  3.970  4.078  4.007  3.970  3.928  3.970  3.726  3.689  3.807  5.545  3.638  3.829  3.871  3.689  3.850  4.007  3.871  4.025  3.846  3.802  3.857  3.839  3.714  3.824
6.016  5.901  6.054  5.986  6.098  6.102  5.875  6.001  5.919  6.172  6.068  6.090  6.114  6.091  6.148  6.033  5.652  6.107  6.069  5.961  5.775  5.714  5.930  5.975  5.788  5.869  5.886  5.953  5.673  5.690  5.842  5.602  5.932  5.875  5.730  6.001  5.911  6.039  5.958  6.066  5.864  6.005
5.204  5.209  5.136  5.220  5.252  5.085  5.156  5.058  5.215  5.333  5.257  5.225  5.333  5.170  5.407  5.130  5.037  5.130  5.071  5.112  5.220  5.089  5.139  5.187  5.058  4.961  5.011  5.003  4.860  4.828  4.949  4.913  4.913  5.024  5.100  5.118  5.124  5.124  5.135  5.094  5.003  5.024
5.966  5.394  5.841  5.737  5.820  5.808  5.505  5.793  5.790  5.878  5.529  5.888  5.897  5.545  5.922  5.525  5.318  5.672  5.753  6.014  5.631  5.485  5.485  5.375  5.425  5.583  5.453  5.521  5.088  5.236  5.389  5.187  5.642  5.697  5.544  5.690  5.455  5.622  5.492  5.728  5.525  5.823
3.807  3.989  4.025  3.888  3.892  4.111  3.871  4.043  4.022  4.164  3.871  4.004  4.182  4.111  4.025  3.970  4.048  4.025  3.970  3.989  4.143  4.007  4.016  4.007  3.850  3.839  3.908  3.638  3.892  3.928  3.784  3.850  3.829  3.912  3.932  4.212  4.159  3.761  3.664  3.664  3.850  4.013
5.581  5.278  5.386  5.405  5.386  5.429  5.278  5.439  5.509  5.629  5.471  5.561  5.573  5.498  5.517  5.447  5.204  5.537  5.513  5.490  5.298  5.298  5.293  5.414  5.359  5.300  5.247  5.416  5.043  5.170  5.360  5.011  5.425  5.305  5.273  5.342  5.426  5.412  5.464  5.436  5.280  5.409
5.438  5.257  5.292  5.421  5.393  5.338  5.288  5.438  5.438  5.598  5.573  5.617  5.455  5.370  5.464  5.257  5.159  5.257  5.371  5.416  5.226  5.230  5.338  5.323  5.118  5.147  5.159  5.159  4.984  5.106  5.215  5.147  5.257  5.318  5.242  5.226  5.147  5.242  5.288  5.130  5.252  5.182
6.063  5.398  5.935  5.811  5.857  5.866  5.425  5.892  5.762  5.826  5.976  5.938  5.874  5.781  5.892  5.606  5.447  5.903  6.019  6.023  5.635  5.380  5.552  5.438  5.687  5.761  5.606  5.820  5.187  5.341  5.513  5.308  5.797  5.768  5.472  5.537  5.447  5.958  5.875  5.892  5.749  5.979
4.331  4.297  4.290  4.341  4.376  4.407  4.143  4.331  4.410  4.533  4.437  4.344  4.562  4.554  4.443  4.143  4.111  4.446  4.341  4.431  4.394  4.205  4.241  4.341  4.205  4.376  4.277  4.248  4.007  4.094  4.127  4.025  4.274  4.350  4.111  4.317  4.091  4.290  4.454  4.220  4.311  4.382
