4.700  4.752  4.585  4.575  4.682  4.635  4.615  4.663  4.739  4.836  4.644  4.625  4.771  4.762  4.824  4.736  4.522  4.766  4.673  4.852  4.745  4.620  4.718  4.745  4.628  4.575  4.533  4.680  4.538  4.580  4.727  4.494  4.593  4.603  4.682  4.605  4.762  4.625  4.454  4.654  4.588  4.691
3.850  3.738  3.773  3.714  3.784  3.932  3.892  3.701  4.022  3.850  3.807  3.733  4.007  4.060  4.034  3.892  3.871  3.761  3.761  4.234  4.007  3.928  3.714  3.892  3.714  3.714  3.761  3.807  3.676  3.632  3.611  3.846  3.784  3.892  3.850  3.638  3.784  3.714  3.696  3.714  3.745  3.784
4.443  4.472  4.369  4.344  4.593  4.536  4.341  4.443  4.575  4.522  4.477  4.712  4.644  4.533  4.605  4.386  4.344  4.635  4.500  4.543  4.522  4.416  4.344  4.317  4.394  4.543  4.454  4.443  4.220  4.431  4.369  4.344  4.419  4.317  4.407  4.382  4.443  4.419  4.428  4.337  4.357  4.263
4.705  4.472  4.635  4.564  4.520  4.662  4.654  4.682  4.585  4.710  4.575  4.745  4.748  4.680  4.796  4.522  4.477  4.554  4.771  4.700  4.673  4.557  4.635  4.682  4.585  4.477  4.500  4.477  4.337  4.486  4.500  4.543  4.575  4.615  4.635  4.564  4.605  4.466  4.644  4.404  4.533  4.554
5.081  4.860  5.078  5.140  4.909  5.023  4.984  4.898  4.966  5.182  5.075  5.056  5.183  5.036  5.081  4.977  4.844  4.875  5.118  4.913  5.081  5.055  4.927  4.883  5.069  4.875  4.852  4.934  4.754  4.868  4.836  4.883  4.835  4.942  5.030  4.907  4.852  5.024  4.879  5.088  4.913  5.045
4.691  4.443  4.428  4.635  4.443  4.564  4.477  4.344  4.554  4.754  4.564  4.575  4.690  4.630  4.700  4.605  4.419  4.533  4.710  4.727  4.564  4.585  4.454  4.570  4.533  4.477  4.407  4.564  4.388  4.392  4.511  4.533  4.344  4.407  4.407  4.543  4.477  4.522  4.454  4.443  4.220  4.511
4.644  4.394  4.543  4.458  4.736  4.663  4.500  4.736  4.575  4.824  4.677  4.676  4.717  4.691  4.828  4.603  4.401  4.662  4.654  4.564  4.598  4.469  4.401  4.394  4.434  4.369  4.357  4.431  4.290  4.431  4.454  4.443  4.533  4.500  4.489  4.419  4.498  4.603  4.500  4.564  4.511  4.615
3.892  3.761  3.761  3.714  3.829  3.714  3.985  3.932  3.951  3.932  3.835  3.998  4.091  3.902  4.043  3.829  3.802  3.761  4.094  4.007  4.022  3.951  3.888  3.928  3.846  3.738  3.714  3.761  3.738  3.829  3.664  3.714  3.807  3.807  3.784  3.689  3.664  3.784  3.784  3.738  3.932  3.638
3.584  3.638  3.466  3.578  3.638  3.664  3.638  3.658  3.689  3.689  3.526  3.892  3.912  3.761  4.057  3.605  3.738  3.564  3.726  3.871  3.871  3.733  3.584  3.784  3.611  3.664  3.578  3.611  3.584  3.664  3.578  3.526  3.555  3.664  3.611  3.497  3.520  3.584  3.490  3.555  3.490  3.714
3.597  3.459  3.526  3.332  3.738  3.651  3.497  3.664  3.555  3.750  3.512  3.638  3.738  3.584  3.784  3.570  3.497  3.651  3.664  3.761  3.733  3.555  3.555  3.526  3.526  3.497  3.638  3.401  3.401  3.584  3.526  3.550  3.535  3.526  3.555  3.367  3.332  3.466  3.434  3.401  3.664  3.584
5.233  5.004  4.949  5.088  5.094  5.075  5.142  5.162  5.094  5.198  5.247  5.170  5.215  5.115  5.273  5.069  5.017  5.129  5.193  5.252  5.100  5.011  4.970  5.068  4.997  5.043  4.913  5.037  4.860  4.909  5.075  4.970  5.040  5.037  5.081  5.006  4.970  5.136  5.165  5.024  4.934  5.049
5.801  5.421  5.635  5.659  5.714  5.652  5.537  5.729  5.583  5.793  5.829  5.694  5.700  5.635  5.673  5.598  5.352  5.564  5.666  5.756  5.656  5.517  5.598  5.576  5.485  5.493  5.429  5.620  5.236  5.429  5.577  5.313  5.665  5.460  5.497  5.525  5.485  5.830  5.720  5.513  5.631  5.545
5.204  5.017  5.100  4.997  5.100  5.118  5.069  4.968  4.956  5.234  5.225  5.136  5.220  5.100  5.106  5.027  5.024  5.118  5.165  5.124  5.153  5.063  5.017  5.257  4.934  5.007  5.004  4.916  4.754  4.812  5.004  4.949  5.011  4.956  5.009  5.043  5.094  4.905  5.011  4.942  4.700  4.963
4.416  4.111  4.317  4.344  4.270  4.304  4.270  4.321  4.281  4.394  4.288  4.341  4.431  4.341  4.498  4.263  4.304  4.331  4.511  4.443  4.595  4.317  4.234  4.543  4.127  4.274  4.060  4.277  3.989  4.111  4.290  4.419  4.234  4.317  4.331  4.227  4.143  4.187  4.078  4.190  4.111  4.205
4.466  4.060  4.078  4.094  4.094  4.190  4.007  4.127  4.297  4.234  3.932  4.234  4.111  4.205  4.209  4.025  3.829  4.108  4.256  4.344  4.290  3.970  3.850  4.108  4.151  4.025  3.912  4.007  3.867  4.025  3.850  3.947  4.331  4.025  4.220  3.912  3.829  3.970  4.007  4.220  4.048  4.227
4.078  3.761  3.970  3.922  3.970  4.057  3.829  3.871  3.995  4.078  3.912  3.912  3.947  4.119  4.124  3.761  3.938  3.689  4.043  4.277  4.078  3.784  3.871  3.784  4.007  3.912  3.807  3.761  3.611  3.784  3.871  4.057  3.918  3.957  3.951  3.807  3.664  3.611  3.738  3.932  3.733  3.689
4.848  4.893  4.820  4.762  4.866  4.844  5.023  4.852  4.754  4.828  4.730  5.024  5.004  4.911  5.037  4.852  4.691  4.820  4.874  4.745  4.718  4.779  4.819  4.732  4.625  4.783  4.625  4.663  4.585  4.771  4.700  4.633  4.787  4.804  4.745  4.820  4.844  4.812  4.762  4.762  4.663  4.727
4.344  4.685  4.431  4.509  4.304  4.382  4.357  4.331  4.449  4.394  4.623  4.533  4.673  4.541  4.593  4.489  4.682  4.350  4.428  4.382  4.644  4.564  4.466  4.500  4.304  4.263  4.301  4.277  4.220  4.190  4.290  4.407  4.241  4.454  4.344  4.511  4.248  4.440  4.331  4.344  4.344  4.187
4.205  4.043  4.078  4.007  4.143  4.007  3.980  4.031  4.202  3.912  4.007  4.078  4.205  4.078  4.111  3.928  4.202  4.111  4.234  4.159  4.108  4.277  4.094  4.159  4.135  3.989  3.928  3.892  3.989  4.043  4.174  4.132  3.951  4.205  4.057  4.078  4.043  4.043  3.871  4.060  3.898  3.932
3.784  3.714  3.738  3.611  3.757  3.664  3.584  3.526  3.619  3.714  3.466  3.738  3.784  3.714  3.780  3.619  3.761  3.664  3.738  3.807  3.714  3.784  3.761  3.584  3.738  3.584  3.664  3.638  3.714  3.784  3.658  3.761  3.738  3.738  3.584  3.784  3.689  3.497  3.761  3.490  3.490  3.738
3.912  3.689  3.871  3.829  3.892  3.829  3.835  3.908  3.807  3.902  3.867  3.932  3.807  3.932  4.057  3.664  3.709  3.967  3.970  3.970  3.829  3.829  3.664  3.795  3.912  3.757  3.829  3.871  3.584  3.611  3.714  3.645  3.824  3.738  3.835  3.998  3.761  3.846  3.802  3.714  3.784  3.967
3.829  3.497  3.932  3.850  3.871  3.714  3.676  3.784  3.714  3.989  3.520  3.871  3.807  3.784  3.829  3.684  3.761  3.807  3.824  3.970  3.807  3.714  3.709  3.839  3.857  3.611  3.714  3.664  3.526  3.638  3.638  3.632  3.932  3.664  3.714  3.784  3.555  3.714  3.689  3.550  3.738  3.638
