4.094  4.060  3.932  3.951  4.025  4.025  4.078  3.970  3.861  4.111  3.802  4.111  4.248  4.025  4.263  4.060  3.850  3.951  4.025  4.174  3.951  3.980  4.143  4.174  4.060  3.970  3.871  3.892  3.932  3.761  3.871  3.932  3.976  4.043  3.892  3.871  4.007  3.985  3.912  3.892  3.892  3.892
4.500  4.248  4.304  4.260  4.263  4.277  4.234  4.220  4.382  4.466  4.357  4.466  4.248  4.431  4.394  4.205  3.989  4.317  4.078  4.317  4.516  4.190  4.277  4.431  4.127  4.159  3.951  4.127  4.013  3.989  4.043  4.151  4.043  4.190  4.369  4.220  4.111  4.477  4.369  4.094  3.989  3.989
6.040  5.746  5.881  5.677  5.866  5.903  5.767  5.878  5.811  5.974  6.004  5.914  5.958  5.886  5.935  5.894  5.631  5.790  5.911  5.846  5.842  5.737  5.759  5.784  5.561  5.707  5.756  5.852  5.525  5.684  5.938  5.588  5.753  5.765  5.746  5.835  5.878  5.857  5.886  5.793  5.691  5.736
5.794  5.638  5.587  5.529  5.565  5.756  5.692  5.643  5.858  5.806  5.892  5.777  5.707  5.720  5.817  5.724  5.529  5.617  5.737  5.561  5.707  5.533  5.611  5.642  5.545  5.521  5.565  5.501  5.380  5.580  5.732  5.403  5.403  5.606  5.545  5.609  5.733  5.561  5.565  5.645  5.583  5.583
5.384  5.123  5.389  5.308  5.427  5.403  5.124  5.260  5.407  5.421  5.215  5.400  5.226  5.118  5.439  5.209  5.052  5.145  5.328  5.290  5.288  5.088  5.109  5.170  4.970  4.963  4.949  4.920  4.808  4.970  5.030  4.913  5.273  5.089  5.147  5.024  5.017  5.130  5.153  5.149  5.120  5.198
4.883  4.593  5.293  4.949  4.682  5.100  4.543  4.635  5.233  5.061  4.798  4.942  4.777  4.694  4.973  4.898  4.511  4.875  4.934  4.909  5.193  4.647  4.489  5.106  4.533  4.585  4.500  4.533  4.575  4.585  4.376  4.527  4.894  4.615  4.500  4.583  4.538  4.676  4.595  4.635  4.875  4.769
3.526  3.611  3.555  3.714  3.738  3.638  3.709  3.664  3.638  3.689  3.526  3.584  3.850  3.829  3.951  3.689  3.689  3.584  3.761  3.780  3.714  3.689  3.638  3.664  3.526  3.466  3.555  3.466  3.367  3.497  3.738  3.689  3.466  3.619  3.555  3.611  3.555  3.434  3.434  3.466  3.550  3.638
4.331  4.217  4.220  4.174  4.357  4.394  4.074  4.174  4.220  4.234  3.998  3.850  4.552  4.392  4.407  4.078  4.091  4.060  4.156  4.234  4.317  4.419  4.317  4.361  3.871  3.784  4.143  3.780  3.912  3.912  4.074  3.989  4.220  3.942  4.111  4.174  4.057  4.091  3.807  4.111  3.989  4.099
6.607  6.573  6.390  6.213  6.568  6.641  6.490  6.557  6.519  6.333  6.736  6.581  6.783  6.796  6.756  6.601  6.129  6.704  6.582  6.363  6.395  6.431  6.631  6.572  6.400  6.390  6.458  6.542  6.061  5.971  6.447  5.994  6.175  6.447  6.282  6.384  6.461  6.518  6.434  6.611  6.209  6.468
5.468  5.666  5.389  5.338  5.517  5.551  5.476  5.424  5.668  5.231  5.770  5.645  5.832  5.829  5.761  5.523  5.231  5.531  5.652  5.437  5.572  5.561  5.808  5.778  5.268  5.436  5.460  5.390  5.328  4.963  5.645  5.118  5.198  5.379  5.460  5.489  5.489  5.425  5.507  5.549  5.162  5.303
4.060  3.912  3.989  3.892  3.932  4.078  3.932  4.060  3.970  4.007  4.078  4.234  4.043  4.007  4.025  4.025  3.918  3.912  4.078  4.143  3.970  3.951  3.970  4.057  3.970  3.892  3.829  3.932  3.784  3.738  3.912  3.892  3.951  4.043  3.892  3.892  3.888  3.951  3.932  3.696  3.761  3.802
3.784  3.714  3.664  3.632  3.714  3.709  3.689  3.689  3.638  3.807  3.555  3.824  4.025  3.784  3.807  3.689  3.658  3.664  3.932  3.784  3.689  3.709  3.584  3.738  3.611  3.807  3.466  3.611  3.714  3.664  3.638  3.802  3.714  3.664  3.658  3.611  3.664  3.605  3.664  3.497  3.689  3.526
4.382  4.382  4.143  4.263  4.187  4.248  4.477  4.234  4.324  4.328  4.369  4.335  4.449  4.466  4.489  4.274  4.205  4.443  4.382  4.511  4.304  4.350  4.205  4.452  4.317  4.111  4.197  4.143  4.197  4.124  4.234  4.143  4.220  4.025  4.220  4.174  4.094  4.182  3.989  4.060  4.179  4.205
4.527  4.522  4.625  4.575  4.575  4.554  4.554  4.477  4.691  4.659  4.615  4.642  4.769  4.762  4.752  4.477  4.543  4.585  4.691  4.673  4.654  4.625  4.625  4.564  4.498  4.477  4.382  4.564  4.416  4.419  4.500  4.407  4.407  4.489  4.477  4.554  4.522  4.520  4.477  4.357  4.413  4.511
4.603  4.522  4.605  4.500  4.673  4.654  4.543  4.605  4.407  4.454  4.304  4.615  4.682  4.608  4.762  4.489  4.057  4.700  4.682  4.673  4.575  4.554  4.691  4.663  4.205  4.304  4.344  4.369  4.043  4.248  4.174  4.248  4.454  4.394  4.304  4.431  4.315  4.533  4.466  4.369  4.220  4.394
4.156  4.043  4.263  4.052  4.277  4.256  4.007  4.007  4.127  4.277  3.989  4.143  4.167  4.341  4.284  4.231  4.078  4.277  4.317  4.205  4.354  4.277  4.277  4.304  4.078  4.174  4.057  3.976  3.850  4.174  4.190  4.156  4.290  3.989  3.989  4.119  3.938  3.932  4.151  4.007  4.007  4.060
7.887  7.738  7.850  7.810  7.924  7.933  7.737  7.851  7.859  7.793  7.857  7.866  7.959  7.900  7.953  7.793  7.552  7.928  7.970  7.825  7.760  7.717  7.803  7.812  7.688  7.775  7.722  7.816  7.592  7.629  7.771  7.582  7.716  7.787  7.672  7.771  7.736  7.772  7.777  7.880  7.689  7.786
5.375  5.438  5.451  5.705  5.537  5.565  5.455  5.403  5.384  5.325  5.521  5.563  5.677  5.561  5.796  5.471  5.303  5.595  5.598  5.489  5.503  5.468  5.663  5.549  5.394  5.341  5.380  5.413  5.173  5.193  5.576  5.313  5.231  5.257  5.342  5.497  5.352  5.302  5.445  5.323  5.170  5.371
4.710  4.802  4.820  4.787  4.875  4.804  4.564  4.804  4.779  4.905  4.868  4.700  5.037  4.820  4.987  4.754  4.625  4.754  4.894  4.802  4.800  4.710  4.762  4.850  4.407  4.633  4.595  4.500  4.443  4.562  4.691  4.554  4.712  4.454  4.575  4.942  4.756  4.663  4.673  4.796  4.538  4.736
4.361  4.431  4.174  4.190  4.357  4.382  4.248  4.220  4.234  4.382  4.205  4.315  4.443  4.466  4.543  4.174  4.263  4.263  4.290  4.308  4.407  4.159  4.382  4.277  4.171  4.091  4.220  4.234  4.159  4.369  4.248  4.205  4.407  4.317  4.248  4.357  4.246  4.190  4.159  4.174  3.932  4.404
6.010  5.823  5.814  5.976  6.064  5.908  5.710  5.976  5.966  6.019  5.989  5.908  6.011  6.094  6.094  5.849  5.749  5.970  6.079  6.052  5.956  5.851  5.820  5.911  5.816  5.824  5.823  5.841  5.737  5.720  5.838  5.886  5.907  5.846  5.892  5.905  5.817  6.045  5.956  5.989  5.916  5.780
6.040  6.001  5.989  6.148  6.153  6.125  5.944  5.986  6.013  6.146  6.118  6.100  6.181  6.076  6.263  5.989  5.989  5.991  6.184  6.114  6.138  6.068  6.035  6.111  5.951  5.808  5.886  5.783  5.835  5.914  5.971  5.968  6.077  6.006  5.927  6.021  5.966  6.031  6.084  6.041  5.922  5.924
