4.078  4.143  4.025  4.074  4.148  4.108  4.489  4.111  4.260  4.304  3.829  4.094  4.382  4.220  4.174  4.111  4.317  3.912  4.234  4.234  4.394  4.248  4.317  4.288  4.060  4.025  4.043  3.928  3.928  4.111  4.324  4.060  3.912  4.111  4.277  4.078  4.304  3.846  3.908  3.989  4.025  4.007
3.892  3.961  3.957  3.829  3.892  3.932  4.040  3.947  3.857  3.912  3.605  3.951  3.970  3.912  4.164  4.007  3.829  3.714  3.871  3.807  4.094  3.932  3.989  4.022  3.829  3.761  3.807  3.721  3.784  3.780  3.998  3.951  3.807  3.871  3.689  3.989  3.784  3.664  3.850  3.780  3.768  3.829
6.107  5.700  5.936  5.846  5.829  6.086  5.999  5.900  5.927  6.163  6.185  5.929  6.016  5.841  6.014  5.844  5.916  5.984  6.203  6.225  6.230  6.009  6.021  6.031  5.950  5.932  5.793  5.743  5.922  6.401  5.752  5.826  6.089  5.753  6.142  5.790  5.779  5.730  5.753  5.628  5.720  5.881
5.714  5.537  5.345  5.438  5.460  5.694  5.434  5.384  5.451  5.781  5.741  5.624  5.781  5.451  5.624  5.583  5.587  5.431  5.753  5.529  5.595  5.624  5.489  5.781  5.344  5.204  5.421  5.521  5.418  5.694  5.525  5.338  5.329  5.371  5.771  5.371  5.549  5.397  5.438  5.374  5.278  5.366
4.868  4.500  4.705  4.625  4.700  4.741  4.654  4.718  4.644  4.920  4.866  4.828  4.868  4.727  4.836  4.762  4.575  4.827  4.852  4.796  4.952  4.771  4.710  4.642  4.635  4.564  4.700  4.595  4.419  4.564  4.477  4.530  4.765  4.625  4.585  4.745  4.475  4.575  4.575  4.595  4.489  4.570
4.304  4.263  4.440  4.205  4.344  4.205  4.174  4.317  4.328  4.492  4.277  4.382  4.486  4.419  4.454  4.357  4.174  4.205  4.419  4.477  4.382  4.277  4.304  4.331  4.212  4.231  4.234  4.143  4.043  4.205  4.159  4.116  4.078  4.094  4.253  4.234  4.127  4.111  4.220  4.248  4.159  4.167
4.094  4.043  4.004  3.807  3.938  3.871  3.942  3.892  4.043  3.951  3.912  4.060  4.197  4.034  4.171  3.892  3.932  3.980  3.970  4.143  4.127  3.989  3.784  4.043  3.892  3.871  3.928  3.871  3.664  3.850  3.850  3.892  4.007  4.004  4.111  3.761  3.846  3.871  3.951  3.807  3.807  3.846
4.174  4.007  4.132  4.190  4.143  4.124  3.961  4.078  4.007  4.331  3.932  4.263  4.369  4.317  4.394  4.034  4.004  4.025  4.234  4.317  4.143  4.043  4.143  4.091  3.932  3.846  3.846  3.970  4.043  3.802  4.025  3.947  4.074  3.970  4.025  4.040  3.892  3.951  3.807  3.951  3.951  4.159
4.673  4.527  4.691  4.536  4.603  4.699  4.511  4.564  4.500  4.796  4.533  4.691  4.754  4.543  4.727  4.460  4.489  4.710  4.691  4.668  4.642  4.522  4.431  4.628  4.331  4.344  4.376  4.369  4.205  4.317  4.317  4.217  4.564  4.500  4.220  4.554  4.407  4.554  4.452  4.511  4.331  4.623
5.255  5.234  5.088  5.250  5.212  5.187  5.156  5.193  5.120  5.375  5.303  5.263  5.247  5.323  5.380  5.037  5.130  5.308  5.318  5.175  5.318  5.257  5.403  5.342  5.118  4.905  5.017  5.043  4.954  4.997  5.063  4.949  5.176  5.053  5.106  5.193  5.063  5.118  5.138  5.114  4.875  5.168
4.603  4.583  4.654  4.754  4.804  4.605  4.394  4.644  4.454  4.736  4.647  4.649  4.796  4.727  4.820  4.575  4.475  4.520  4.635  4.700  4.498  4.511  4.662  4.736  4.357  4.511  4.557  4.522  4.509  4.477  4.700  4.585  4.745  4.505  4.443  4.564  4.552  4.682  4.633  4.663  4.559  4.585
4.317  4.174  4.419  4.481  4.431  4.454  4.086  4.263  4.260  4.369  4.234  4.382  4.431  4.248  4.437  4.174  4.197  4.317  4.382  4.659  4.234  4.443  4.220  4.331  4.159  4.270  4.190  4.187  4.304  4.111  4.205  4.159  4.573  4.263  4.344  4.263  4.212  4.431  4.304  4.277  4.288  4.304
4.804  4.703  4.652  4.654  4.754  4.898  4.649  4.739  4.769  5.078  4.844  4.844  5.153  4.887  5.170  4.727  4.635  4.796  4.736  4.920  4.852  4.736  4.680  4.700  4.500  4.745  4.615  4.431  4.615  4.593  4.625  4.625  4.754  4.649  4.752  4.745  4.431  4.691  4.654  4.585  4.635  4.682
4.593  4.662  4.578  4.575  4.554  4.762  4.635  4.511  4.522  4.804  4.543  4.700  5.063  4.798  4.887  4.654  4.628  4.578  4.625  4.771  4.828  4.654  4.718  4.868  4.514  4.682  4.564  4.407  4.466  4.483  4.585  4.394  4.718  4.663  4.654  4.782  4.615  4.466  4.407  4.317  4.466  4.575
4.398  4.290  4.324  4.466  4.344  4.369  4.197  4.341  4.407  4.290  4.304  4.472  4.533  4.407  4.549  4.419  4.263  4.466  4.382  4.466  4.538  4.143  4.248  4.234  4.164  4.344  4.290  4.315  4.025  4.331  4.311  4.290  4.369  4.241  4.328  4.290  4.231  4.190  4.159  4.190  4.263  4.159
4.475  4.522  4.489  4.407  4.575  4.500  4.477  4.500  4.564  4.489  4.466  4.682  4.605  4.603  4.564  4.585  4.489  4.575  4.736  4.618  4.673  4.554  4.527  4.598  4.357  4.404  4.466  4.348  4.419  4.328  4.394  4.477  4.554  4.486  4.500  4.466  4.382  4.394  4.407  4.357  4.331  4.466
5.480  5.226  5.421  5.472  5.380  5.425  5.357  5.407  5.293  5.519  5.298  5.469  5.529  5.366  5.613  5.283  5.236  5.370  5.670  5.568  5.673  5.404  5.468  5.490  5.204  5.124  5.124  5.200  5.118  5.242  5.215  5.333  5.332  5.285  5.333  5.308  5.340  5.396  5.361  5.318  5.303  5.389
5.165  4.850  5.011  5.043  5.118  5.017  4.927  5.069  5.037  5.182  4.984  5.123  5.153  5.093  5.242  4.963  4.905  4.996  5.257  5.226  5.187  4.949  4.996  5.030  4.963  4.875  4.860  4.879  4.710  4.718  4.934  4.828  5.061  5.011  4.905  4.949  4.824  5.030  4.984  5.075  4.905  4.934
4.760  4.489  4.654  4.852  4.771  4.718  4.682  4.898  4.749  4.802  4.691  4.812  4.812  4.708  4.802  4.654  4.717  4.816  4.875  4.820  4.844  4.769  4.649  4.836  4.500  4.575  4.718  4.554  4.407  4.304  4.644  4.564  4.787  4.792  4.700  4.663  4.573  4.673  4.554  4.511  4.644  4.575
5.166  4.905  5.072  5.159  5.081  5.004  5.030  5.088  5.069  5.169  4.956  5.145  5.189  5.080  5.288  4.970  5.102  5.063  5.242  5.172  5.262  5.147  5.108  5.176  4.997  4.904  4.927  4.828  4.718  4.804  4.864  4.905  5.011  5.106  5.123  5.075  4.927  5.094  4.920  4.905  4.947  5.121
4.357  4.103  4.159  4.140  4.111  4.094  3.951  4.127  3.932  4.248  3.951  4.143  4.143  4.159  4.263  4.078  4.043  4.220  4.290  4.344  4.410  4.205  4.124  4.256  4.164  4.060  3.985  3.980  3.970  3.829  4.022  3.951  4.190  4.143  4.171  4.205  3.989  4.094  4.025  4.127  3.989  4.031
4.543  4.700  4.477  4.630  4.663  4.554  4.477  4.554  4.527  4.644  4.564  4.754  4.682  4.575  4.736  4.443  4.663  4.628  4.522  4.699  4.615  4.615  4.525  4.642  4.543  4.449  4.500  4.419  4.394  4.394  4.428  4.511  4.564  4.673  4.575  4.605  4.500  4.554  4.541  4.431  4.344  4.511
