5.464  5.198  5.421  5.036  5.407  5.476  5.342  5.335  5.400  5.606  5.481  5.379  5.566  5.472  5.476  5.337  4.952  5.347  5.451  5.212  5.356  5.106  5.190  5.149  5.106  5.231  5.215  5.268  4.924  5.094  5.268  4.739  5.142  5.247  5.333  5.313  5.222  5.298  5.230  5.303  5.069  5.342
4.625  4.663  4.663  4.443  4.625  4.860  4.575  4.654  4.779  4.920  4.760  4.796  4.779  4.871  4.852  4.644  4.543  4.394  4.745  4.593  4.595  4.654  4.685  4.559  4.369  4.552  4.549  4.554  4.317  4.452  4.564  4.516  4.640  4.663  4.779  4.868  4.700  4.635  4.466  4.290  4.317  4.595
4.796  4.615  4.852  4.682  4.762  4.900  4.625  4.913  4.820  4.963  4.756  4.977  4.804  4.836  4.815  4.844  4.564  4.717  4.691  4.812  4.727  4.727  4.745  4.796  4.635  4.625  4.771  4.802  4.575  4.613  4.754  4.605  4.533  4.644  4.870  4.808  4.762  4.736  4.585  4.635  4.511  4.794
3.664  3.664  3.638  3.664  3.689  3.902  3.526  3.689  3.459  3.597  3.535  3.689  3.871  3.664  3.846  3.689  3.658  3.638  3.738  4.111  3.714  3.664  3.807  3.714  3.689  3.526  3.466  3.624  3.555  3.526  3.658  3.888  3.773  3.611  3.745  3.555  3.664  3.638  3.584  3.497  3.520  3.761
4.290  3.989  4.060  3.989  4.119  4.094  4.220  4.220  4.074  4.248  4.069  4.143  4.260  4.234  4.174  3.967  3.947  4.060  3.970  4.234  4.094  4.060  4.007  3.989  3.902  3.951  4.043  3.912  3.611  3.850  4.074  3.912  3.871  3.951  3.942  4.111  3.871  3.738  4.043  3.912  3.882  3.970
3.912  3.714  3.761  3.638  3.676  3.850  3.584  3.638  3.750  3.784  3.638  3.918  3.664  3.689  4.238  3.857  3.714  3.761  3.813  3.970  3.850  3.638  3.761  3.738  3.490  3.611  3.684  3.689  3.526  3.784  3.784  3.584  3.738  3.664  3.998  3.526  3.761  3.555  3.689  3.676  3.497  3.611
3.912  3.829  3.761  3.689  3.784  3.829  3.784  3.850  3.912  3.738  3.761  4.060  3.850  3.932  3.951  3.689  3.761  3.912  3.850  3.689  3.846  3.757  3.807  3.689  3.761  3.757  3.738  3.738  3.638  3.638  3.709  3.664  3.684  3.824  3.714  3.689  3.578  3.689  3.689  3.664  3.714  3.757
3.829  3.985  3.912  3.850  3.871  3.989  4.078  3.912  3.998  4.007  3.850  4.007  3.989  3.850  4.094  3.829  3.850  4.007  4.025  3.928  4.124  3.892  3.892  3.829  3.967  3.947  3.846  3.829  3.807  3.664  4.040  3.850  3.947  3.970  3.912  3.733  3.784  3.738  3.846  3.638  3.807  3.829
4.234  4.127  4.187  4.143  4.124  4.341  3.970  4.187  4.246  4.522  4.174  4.317  4.367  4.295  4.304  4.007  3.932  4.205  4.277  4.159  4.205  4.060  4.270  4.132  4.043  4.103  4.143  3.970  3.807  4.066  4.143  4.043  4.060  3.908  4.040  4.043  4.043  3.970  4.078  4.074  3.989  4.043
3.738  3.829  3.757  3.738  3.714  3.918  3.850  3.951  3.714  4.078  3.989  3.951  4.099  3.932  4.127  3.807  3.807  3.738  3.882  4.135  3.892  3.989  3.867  3.871  3.738  3.671  3.932  3.784  3.761  4.013  3.829  3.829  3.761  3.638  3.867  3.696  3.784  3.664  3.807  3.784  3.761  3.761
5.451  5.193  5.367  5.169  5.268  5.361  5.236  5.308  5.316  5.412  5.425  5.398  5.375  5.394  5.447  5.263  4.990  5.212  5.257  5.185  5.366  5.142  5.238  5.295  5.130  5.204  5.136  5.159  4.990  5.190  5.328  5.019  5.257  5.124  5.197  5.268  5.106  5.323  5.081  5.193  5.112  5.124
5.176  5.043  4.875  5.050  5.088  5.024  4.990  5.004  4.883  5.193  5.215  5.129  5.217  5.170  5.246  5.056  4.956  5.117  5.024  4.997  5.075  4.984  5.043  5.159  4.894  4.804  4.970  4.898  4.920  4.926  5.069  4.970  4.942  4.868  4.812  5.021  5.037  5.043  5.026  4.836  4.970  4.858
4.700  4.477  4.464  4.220  4.595  4.511  4.585  4.509  4.564  4.727  4.644  4.615  4.796  4.673  4.820  4.543  4.290  4.585  4.443  4.443  4.500  4.635  4.416  4.394  4.331  4.234  4.431  4.407  4.174  4.253  4.511  4.174  4.290  4.361  4.290  4.541  4.394  4.394  4.344  4.369  4.194  4.246
4.489  4.317  4.554  4.644  4.407  4.595  4.388  4.304  4.369  4.328  4.234  4.440  4.304  4.376  4.443  4.248  4.394  4.434  4.394  4.394  4.511  4.394  4.290  4.477  4.369  4.190  4.220  4.217  4.060  4.094  4.304  4.248  4.311  4.263  4.277  4.159  4.288  4.344  3.970  4.209  4.234  4.260
3.689  3.526  3.664  3.466  3.658  3.526  3.466  3.664  3.584  3.714  3.555  3.401  3.664  3.750  3.689  3.555  3.526  3.367  3.664  3.784  3.807  3.555  3.481  3.714  3.555  3.497  3.526  3.466  3.401  3.497  3.526  3.497  3.497  3.434  3.784  3.466  3.466  3.466  3.526  3.258  3.497  3.638
4.419  4.419  4.500  4.304  4.428  4.407  4.248  4.317  4.277  4.469  4.290  4.486  4.443  4.452  4.477  4.263  4.431  4.416  4.369  4.454  4.549  4.344  4.331  4.394  4.241  4.344  4.246  4.190  4.057  4.007  4.331  4.357  4.277  4.220  4.363  4.234  4.212  4.324  4.159  4.164  4.238  4.331
4.963  4.662  4.890  4.864  4.890  5.081  4.942  4.804  5.013  5.043  4.820  4.963  4.956  4.949  5.109  4.963  4.691  4.844  5.004  5.071  4.875  4.956  4.700  4.875  4.850  4.775  4.710  4.635  4.443  4.779  4.700  4.691  4.736  4.804  4.820  4.745  4.827  4.820  4.904  4.787  4.800  4.786
4.382  4.489  4.248  4.394  4.452  4.500  4.428  4.449  4.541  4.585  4.357  4.554  4.564  4.431  4.610  4.422  4.477  4.431  4.543  4.511  4.605  4.564  4.190  4.500  4.416  4.290  4.248  4.094  4.337  4.143  4.304  4.464  4.454  4.373  4.431  4.413  4.431  4.159  4.263  4.290  4.260  4.335
5.081  4.881  5.016  4.968  4.919  5.081  4.942  5.130  5.158  5.287  5.153  5.182  5.342  5.257  5.214  4.997  4.745  4.963  5.165  4.984  5.024  4.796  4.984  4.934  5.053  5.100  4.927  4.883  4.649  4.804  4.832  4.754  4.804  5.094  4.879  4.905  4.913  4.844  4.718  4.844  4.879  4.963
4.354  4.369  4.331  4.220  4.159  4.416  4.425  4.277  4.541  4.443  4.522  4.369  4.443  4.562  4.635  4.248  4.394  4.311  4.331  4.419  4.605  4.454  4.454  4.357  4.151  4.288  4.078  4.190  4.060  4.290  4.274  4.143  4.007  4.394  4.277  4.094  4.248  4.205  4.190  3.951  4.263  4.205
3.605  3.714  3.584  3.850  3.578  3.520  3.526  3.555  3.611  3.714  3.497  3.664  3.850  3.738  3.850  3.632  3.664  3.738  3.733  3.871  3.664  3.611  3.714  3.829  3.714  3.526  3.555  3.497  3.367  3.638  3.684  3.638  3.664  3.526  3.526  3.664  3.611  3.428  3.584  3.584  3.497  3.555
3.761  3.807  3.738  3.761  3.584  3.664  3.526  3.807  3.611  3.807  3.584  3.638  3.998  3.850  4.043  3.555  3.696  3.714  3.773  3.829  3.829  3.761  3.850  3.961  3.689  3.605  3.689  3.555  3.664  3.555  3.738  3.611  3.714  3.802  3.738  3.684  3.664  3.638  3.466  3.434  3.761  3.684
