3.605  3.584  3.784  3.738  3.611  3.980  3.605  3.664  3.871  4.094  3.651  3.850  3.829  3.733  3.951  3.829  3.638  3.611  3.738  3.714  4.078  3.807  3.829  4.004  3.444  3.850  3.584  3.638  3.428  3.664  3.638  3.611  3.850  3.611  3.497  3.555  3.520  3.664  3.676  3.497  3.738  3.584
3.761  3.850  3.970  3.871  4.135  3.807  4.004  3.970  3.951  4.043  3.761  4.111  3.738  3.898  3.989  3.689  3.738  3.850  3.807  3.912  4.078  3.912  3.714  4.234  3.824  3.709  3.714  3.714  3.638  3.733  3.664  3.761  3.892  3.761  3.829  3.714  3.861  3.689  3.791  3.638  3.714  3.850
3.526  3.555  3.520  3.526  3.658  3.428  3.490  3.466  3.550  3.684  3.497  3.584  3.638  3.714  3.761  3.332  3.497  3.497  3.888  3.791  3.664  3.597  3.555  3.466  3.584  3.526  3.912  3.520  3.450  3.466  3.428  3.689  3.611  3.619  3.726  3.624  3.428  3.332  3.466  3.434  3.555  3.526
3.401  3.497  3.360  3.428  3.597  3.367  3.526  3.434  3.434  3.360  3.535  3.550  3.592  3.550  3.738  3.526  3.584  3.401  3.638  3.738  3.611  3.428  3.497  3.555  3.450  3.367  3.444  3.434  3.332  3.555  3.490  3.466  3.434  3.401  3.597  3.466  3.296  3.332  3.434  3.296  3.332  3.434
5.521  5.425  5.421  5.338  5.418  5.476  5.497  5.300  5.425  5.501  5.541  5.497  5.540  5.521  5.556  5.323  5.317  5.423  5.457  5.447  5.525  5.394  5.367  5.537  5.273  5.204  5.262  5.226  5.170  5.389  5.283  5.198  5.236  5.394  5.412  5.375  5.247  5.313  5.209  5.250  5.257  5.298
5.327  5.273  5.088  5.215  5.136  5.176  5.112  5.047  5.112  5.193  5.307  5.204  5.313  5.147  5.416  4.997  5.029  5.100  5.063  5.247  5.313  5.165  5.182  5.220  4.954  5.063  5.017  4.944  4.860  4.997  5.017  5.026  5.081  5.106  5.081  5.187  5.088  4.970  5.078  5.080  4.890  4.984
5.829  5.642  5.784  5.761  5.566  5.673  5.759  5.635  5.775  5.787  5.722  5.783  5.787  5.749  5.787  5.576  5.753  5.585  5.758  5.050  5.808  5.753  5.724  5.700  5.587  5.684  5.533  5.502  5.429  5.517  5.617  5.609  5.523  5.598  5.598  5.656  5.642  5.634  5.505  5.606  5.545  5.606
4.828  4.996  4.890  4.898  4.673  4.771  4.956  4.787  4.926  4.868  4.944  4.970  4.920  4.890  4.997  4.745  4.890  4.812  4.745  4.533  4.970  4.963  4.956  5.081  4.745  4.771  4.687  4.696  4.762  4.828  4.820  4.718  4.710  4.796  4.890  4.727  4.828  4.831  4.668  4.736  4.745  4.630
4.454  4.394  4.500  4.357  4.369  4.557  4.419  4.428  4.522  4.590  4.382  4.605  4.680  4.500  4.671  4.475  4.498  4.454  4.564  4.771  4.511  4.522  4.511  4.710  4.466  4.431  4.404  4.357  4.263  4.344  4.277  4.382  4.564  4.475  4.341  4.466  4.489  4.413  4.315  4.382  4.428  4.344
4.522  4.446  4.304  4.190  4.205  4.440  4.317  4.217  4.509  4.522  4.419  4.404  4.443  4.454  4.615  4.317  4.357  4.205  4.317  4.588  4.407  4.382  4.394  4.533  4.220  4.260  4.344  4.127  4.190  4.209  4.248  4.344  4.205  4.260  4.344  4.344  4.241  4.246  4.234  4.248  4.350  4.159
5.209  4.968  5.153  5.293  5.105  5.236  4.970  5.075  5.068  5.301  5.094  5.075  5.145  5.147  5.281  4.940  5.042  5.244  5.346  5.338  5.396  5.235  5.165  5.273  4.977  4.885  4.828  4.942  4.652  4.804  4.812  5.100  5.106  4.997  5.074  5.056  4.977  5.063  5.136  4.997  5.017  4.934
5.497  5.214  5.468  5.509  5.380  5.352  5.209  5.360  5.347  5.468  5.342  5.252  5.357  5.357  5.497  5.029  5.242  5.352  5.460  5.517  5.501  5.283  5.165  5.338  5.220  5.145  5.111  5.118  4.852  4.963  5.147  5.273  5.384  5.290  5.257  5.176  5.077  5.283  5.231  5.118  5.198  5.147
4.516  4.575  4.382  4.382  4.373  4.331  4.190  4.357  4.357  4.454  4.317  4.331  4.605  4.533  4.564  4.443  4.290  4.489  4.472  4.533  4.357  4.317  4.419  4.224  4.187  4.143  4.331  4.464  4.135  4.357  4.277  4.234  4.277  4.171  4.111  4.205  4.143  4.344  4.373  4.407  4.111  4.304
4.580  4.554  4.407  4.440  4.527  4.522  4.443  4.466  4.419  4.477  4.564  4.564  4.663  4.615  4.718  4.522  4.486  4.500  4.498  4.564  4.382  4.635  4.625  4.575  4.367  4.277  4.554  4.304  4.369  4.290  4.625  4.407  4.357  4.335  4.277  4.489  4.382  4.543  4.500  4.431  4.425  4.357
4.220  4.159  4.127  4.290  4.111  4.111  4.263  4.127  4.434  4.344  4.263  4.331  4.341  4.431  4.511  3.970  4.413  4.248  4.190  4.505  4.588  4.267  4.350  4.363  4.386  4.205  4.140  3.970  4.248  4.060  4.094  4.187  4.331  4.143  4.331  4.231  4.174  4.094  4.094  3.989  4.348  4.060
3.932  3.892  4.234  4.078  3.998  4.025  4.094  4.069  4.148  4.078  4.007  4.234  4.174  4.220  4.321  4.040  4.091  4.209  4.194  4.127  4.220  4.025  4.127  4.111  4.060  3.951  3.970  4.127  3.932  3.807  3.807  4.078  4.074  4.127  4.094  4.171  3.957  4.094  3.871  3.970  4.052  4.007
3.701  3.611  3.611  3.611  3.714  3.584  3.611  3.784  3.738  3.807  3.761  3.584  3.888  3.892  3.850  3.550  3.791  3.784  3.795  3.829  3.761  3.689  3.807  3.738  3.555  3.689  3.738  3.638  3.584  3.550  3.638  3.584  3.714  3.761  3.664  3.721  3.638  3.733  3.578  3.638  3.611  3.555
3.928  3.850  3.768  3.850  3.951  3.892  3.829  3.932  3.951  3.850  3.912  3.912  4.007  3.947  4.159  3.871  3.807  4.025  4.007  4.111  3.807  4.060  3.892  4.043  3.738  3.784  3.757  3.970  3.638  3.861  3.892  3.761  3.892  3.850  3.761  3.807  3.850  3.857  3.829  3.892  3.829  3.967
5.130  4.875  5.147  5.037  5.069  5.069  4.883  5.011  4.913  5.111  4.949  5.049  5.165  4.956  5.165  4.836  4.752  5.231  5.147  5.198  5.016  4.949  5.037  4.934  4.919  4.771  4.866  4.691  4.779  4.787  4.625  4.635  5.106  4.984  4.890  5.034  4.820  4.968  4.844  4.913  4.875  4.984
4.804  4.633  4.852  4.756  4.773  4.734  4.673  4.762  4.836  4.835  4.852  4.871  4.858  4.820  4.949  4.771  4.745  4.844  4.802  4.820  4.963  4.710  4.804  4.828  4.804  4.754  4.760  4.635  4.564  4.644  4.644  4.796  4.779  4.787  4.654  4.786  4.647  4.745  4.682  4.605  4.766  4.680
5.595  5.846  5.673  5.704  5.790  5.796  5.756  5.617  5.746  5.814  5.687  5.734  5.838  5.767  5.878  5.799  5.878  5.583  5.790  5.784  5.869  5.928  5.883  5.967  5.717  5.781  5.765  5.572  5.717  5.710  5.762  5.799  5.787  5.823  5.980  6.053  5.832  5.846  5.638  5.587  5.677  5.634
5.624  5.796  5.580  5.645  5.576  5.673  5.799  5.541  5.677  5.700  5.694  5.677  5.775  5.781  5.808  5.602  5.814  5.598  5.733  5.583  5.729  5.965  5.849  5.951  5.595  5.595  5.670  5.609  5.583  5.617  5.727  5.790  5.629  5.765  5.854  5.897  5.778  5.687  5.631  5.496  5.593  5.690
