4.710  4.673  4.710  4.710  4.806  4.769  4.806  4.811  4.787  4.654  4.603  4.796  4.754  4.700  4.718  4.673  4.779  4.443  4.942  4.745  5.024  4.820  4.700  4.700  4.787  4.691  4.727  4.575  4.454  4.663  4.673  4.727  4.804  4.710  4.804  4.771  5.081  4.844  4.575  4.605  4.543  4.745
3.689  3.611  3.689  3.555  3.638  3.726  3.780  3.773  3.738  3.784  3.520  3.738  3.807  3.738  3.892  3.689  3.738  3.611  3.638  3.912  4.111  3.932  3.689  3.689  3.738  3.584  3.584  3.555  3.784  3.738  3.829  3.638  3.829  3.578  3.689  3.850  3.689  3.714  3.784  3.497  3.584  3.638
5.030  5.014  4.963  4.956  4.934  5.013  5.105  5.094  5.043  5.182  5.043  5.247  5.156  4.977  5.153  5.006  5.049  4.787  5.138  5.069  5.139  5.094  5.088  5.121  5.077  4.984  4.860  4.754  4.717  4.868  5.011  4.868  4.877  5.112  5.032  4.977  5.078  4.868  4.802  4.710  4.836  4.997
5.720  5.615  5.521  5.645  5.545  5.652  5.759  5.756  5.680  5.765  5.820  5.659  5.704  5.561  5.759  5.571  5.595  5.540  5.666  5.617  5.714  5.680  5.568  5.673  5.545  5.521  5.449  5.460  5.381  5.389  5.521  5.500  5.611  5.568  5.620  5.638  5.631  5.398  5.523  5.434  5.577  5.513
4.431  4.311  4.331  4.382  4.159  4.179  4.373  4.171  4.174  4.331  4.078  4.357  4.382  4.337  4.477  4.190  4.394  4.357  4.304  4.277  4.367  4.304  4.428  4.317  4.111  4.025  4.108  4.043  4.111  4.094  4.171  4.174  4.234  4.159  4.127  4.290  4.382  4.248  4.086  4.078  4.060  4.277
4.111  3.928  3.951  3.807  4.094  3.967  4.078  4.007  4.094  4.025  3.942  4.078  4.127  4.057  4.205  3.932  3.970  4.025  4.025  3.989  4.290  4.119  4.025  3.951  3.912  3.976  3.970  3.892  3.689  3.807  4.111  3.892  3.892  3.714  3.970  3.824  4.043  3.871  3.912  3.908  3.970  3.912
4.190  4.220  4.094  4.234  4.174  4.159  4.111  4.205  4.248  4.290  4.205  4.143  4.331  4.220  4.315  4.274  4.220  4.007  4.369  4.277  4.220  4.190  4.143  4.127  3.932  4.060  3.938  4.094  3.970  4.060  4.094  4.025  4.127  4.025  4.040  4.220  4.111  4.108  3.912  4.016  3.871  3.932
4.663  4.673  4.469  4.511  4.543  4.549  4.635  4.717  4.585  4.779  4.654  4.700  4.659  4.644  4.666  4.489  4.580  4.575  4.663  4.543  4.762  4.677  4.605  4.676  4.585  4.477  4.369  4.564  4.428  4.431  4.522  4.489  4.625  4.380  4.477  4.533  4.440  4.477  4.585  4.522  4.503  4.533
4.331  4.357  4.290  4.246  4.263  4.234  4.317  4.174  4.304  4.416  4.369  4.380  4.344  4.344  4.500  4.263  4.143  4.205  4.431  4.469  4.522  4.297  4.274  4.419  4.220  4.140  4.111  3.989  4.025  4.043  4.238  4.127  4.205  4.277  4.205  4.127  4.111  4.270  3.989  4.078  4.143  4.174
4.127  4.025  3.989  3.951  3.807  3.951  3.998  3.970  3.970  4.182  3.989  4.190  4.174  4.220  4.182  3.871  3.989  4.040  4.103  4.127  4.078  3.970  3.912  3.932  4.004  3.829  3.932  3.738  3.738  3.784  3.850  4.060  3.989  3.951  3.829  3.871  3.932  3.784  3.912  3.829  3.807  3.995
6.632  6.172  6.450  6.575  6.474  6.547  6.347  6.466  6.357  6.673  6.604  6.566  6.556  6.368  6.604  6.292  6.157  6.284  6.526  6.497  6.443  6.282  6.348  6.317  6.172  6.165  6.082  6.250  5.986  6.125  6.262  6.217  6.344  6.258  6.368  6.282  6.288  6.441  6.463  6.316  6.271  6.297
6.860  6.540  6.733  6.811  6.768  6.806  6.704  6.672  6.623  6.925  6.926  6.813  6.800  6.681  6.858  6.541  6.409  6.553  6.815  6.751  6.764  6.643  6.702  6.653  6.469  6.471  6.431  6.479  6.256  6.446  6.548  6.468  6.609  6.512  6.593  6.588  6.511  6.686  6.772  6.544  6.557  6.627
4.727  4.836  4.605  4.890  4.700  4.718  4.762  4.727  4.745  4.820  4.762  4.868  4.905  4.699  5.011  4.754  4.779  4.543  4.832  4.949  4.883  4.727  4.775  4.887  4.644  4.466  4.585  4.804  4.419  4.511  4.700  4.727  4.718  4.718  4.804  4.635  4.699  4.860  4.680  4.489  4.509  4.543
6.028  6.031  6.045  6.240  6.100  6.064  6.064  6.027  5.995  6.159  6.120  6.084  6.133  6.083  6.254  5.971  5.948  6.050  6.184  6.061  6.133  6.148  6.023  6.144  6.050  5.956  5.911  5.881  5.768  5.869  5.900  5.971  5.948  5.981  6.033  6.109  6.094  6.133  6.096  6.011  5.894  5.932
4.990  4.769  4.868  4.762  4.736  4.827  4.694  4.760  4.804  4.996  4.727  4.836  4.963  4.779  4.970  4.603  5.318  4.625  4.875  5.013  4.956  4.745  4.762  4.787  4.605  4.748  4.564  4.443  4.344  4.520  4.585  4.533  4.771  4.736  4.700  4.696  4.756  4.663  4.673  4.736  4.575  4.654
4.431  4.119  4.331  4.159  4.190  4.174  3.932  4.246  4.277  4.248  4.143  4.369  4.369  4.270  4.190  4.205  4.190  4.234  4.159  4.297  4.263  4.231  4.060  4.025  4.127  4.025  4.094  4.078  4.220  3.970  4.013  4.060  4.187  4.048  4.078  4.202  4.143  4.174  4.220  4.060  4.111  4.111
6.982  6.792  6.870  6.844  6.913  6.992  6.877  7.009  6.968  7.077  7.022  7.070  7.183  7.043  7.001  6.936  6.839  6.867  7.016  7.018  6.830  6.765  6.897  6.924  6.861  7.125  6.879  6.914  6.824  6.731  6.828  6.708  6.825  6.918  6.923  6.938  6.796  6.877  6.810  6.837  6.901  6.927
5.903  5.645  5.814  5.749  5.823  5.841  5.835  5.832  5.924  5.903  5.930  5.874  5.934  5.903  5.924  5.729  5.820  5.872  5.905  6.021  6.068  5.784  5.753  5.894  5.814  5.996  5.680  5.694  5.519  5.517  5.613  5.663  5.835  5.927  5.914  5.784  5.656  5.700  5.861  5.600  5.802  5.746
3.898  4.060  3.912  3.892  3.947  3.829  3.928  4.040  4.060  3.951  4.048  3.970  4.143  4.103  4.043  3.871  4.094  3.807  3.970  4.143  4.190  4.078  4.043  3.989  3.892  4.057  4.060  3.829  3.932  3.871  3.850  4.025  3.928  4.148  3.932  4.052  4.094  3.912  3.780  3.714  4.119  3.912
3.611  3.497  3.664  3.605  3.611  3.584  3.555  3.664  3.664  3.664  3.497  3.611  3.912  3.714  3.784  3.459  3.696  3.401  3.689  3.807  3.664  3.611  3.526  3.584  3.638  3.638  3.611  3.597  3.497  3.466  3.466  3.664  3.689  3.526  3.611  3.584  3.584  3.638  3.632  3.332  3.506  3.738
5.591  5.267  5.493  5.592  5.521  5.624  5.416  5.602  5.460  5.676  5.537  5.487  5.631  5.517  5.609  5.288  5.252  5.481  5.711  5.714  5.488  5.421  5.424  5.380  5.306  5.541  5.377  5.421  5.231  5.231  5.276  5.209  5.525  5.501  5.429  5.438  5.293  5.474  5.501  5.371  5.313  5.480
5.450  5.247  5.416  5.434  5.460  5.323  5.323  5.352  5.323  5.492  5.497  5.379  5.412  5.494  5.565  5.204  5.246  5.455  5.413  5.541  5.464  5.342  5.403  5.380  5.322  5.375  5.260  5.209  5.011  5.056  5.181  5.147  5.403  5.377  5.366  5.268  5.192  5.365  5.352  5.247  5.303  5.505
