3.761  3.807  3.912  3.951  3.689  3.818  3.867  3.829  3.967  3.892  3.497  3.989  4.060  3.998  4.066  3.784  3.922  3.784  3.850  4.043  4.007  3.807  3.780  3.871  3.664  3.850  3.846  3.871  3.664  3.714  3.714  3.738  3.892  3.912  3.714  3.892  3.784  3.638  3.689  3.638  3.807  3.761
3.611  3.714  3.714  3.497  3.434  3.584  3.684  3.497  3.709  3.714  3.526  3.738  3.951  3.761  3.839  3.638  3.714  3.664  3.714  3.738  3.867  3.684  3.466  3.761  3.714  3.526  3.689  3.555  3.584  3.526  3.592  3.689  3.689  3.761  3.434  3.638  3.584  3.481  3.466  3.497  3.592  3.632
5.100  5.037  5.072  5.296  4.947  4.997  5.050  5.136  5.142  5.242  5.153  5.106  5.136  5.075  5.176  5.050  5.017  5.037  5.142  5.201  5.106  5.100  4.868  5.017  4.898  5.030  4.787  4.771  4.762  4.760  5.017  5.075  5.106  4.905  5.001  4.890  4.920  5.056  4.982  4.963  5.004  5.147
4.595  4.516  4.394  4.520  4.419  4.585  4.500  4.486  4.500  4.691  4.500  4.654  4.585  4.477  4.694  4.407  4.533  4.557  4.533  4.603  4.682  4.564  4.443  4.595  4.489  4.443  4.363  4.317  4.357  4.354  4.331  4.407  4.460  4.489  4.603  4.522  4.440  4.304  4.361  4.407  4.344  4.466
4.094  3.967  4.060  3.970  4.108  3.892  4.013  4.127  4.248  4.069  4.078  3.871  3.951  4.034  4.060  3.970  3.912  3.912  4.140  4.290  4.127  4.060  3.850  3.871  4.043  4.086  4.025  4.094  4.094  4.078  3.892  3.970  4.164  3.871  4.060  4.111  3.871  3.784  3.871  3.761  3.807  3.989
4.673  4.331  4.590  4.718  4.578  4.443  4.511  4.533  4.431  4.644  4.492  4.564  4.466  4.466  4.654  4.477  4.304  4.373  4.721  4.710  4.700  4.654  4.419  4.691  4.739  4.603  4.554  4.554  4.595  4.680  4.369  4.357  4.654  4.263  4.407  4.472  4.248  4.394  4.317  4.500  4.369  4.454
4.212  4.382  4.317  4.477  4.290  4.248  4.231  4.248  4.304  4.394  4.116  4.290  4.407  4.431  4.443  4.284  4.234  4.522  4.263  4.344  4.554  4.437  4.297  4.304  4.174  4.227  4.220  3.989  4.025  4.190  4.234  4.143  4.277  4.205  4.220  4.220  4.248  4.277  4.159  4.190  4.164  4.290
3.951  4.111  4.111  4.205  4.094  4.328  3.970  4.094  3.892  4.148  3.857  4.127  4.190  3.989  4.174  3.985  3.989  3.932  4.174  4.127  4.205  3.970  4.025  3.951  3.951  4.066  3.784  3.970  3.824  3.829  4.074  3.829  4.078  3.892  3.947  3.989  3.871  4.004  4.052  3.871  4.078  4.174
5.391  5.268  5.384  5.333  5.283  5.328  5.469  5.416  5.493  5.442  5.465  5.549  5.412  5.361  5.595  5.403  5.288  5.220  5.438  5.523  5.572  5.416  5.323  5.549  5.218  5.249  5.247  5.135  5.159  5.215  5.293  5.236  5.407  5.187  5.298  5.242  5.278  5.342  5.403  5.268  5.352  5.361
5.209  4.890  5.276  5.293  5.283  5.333  5.215  5.165  5.217  5.352  5.187  5.303  5.375  5.159  5.361  5.094  5.130  5.236  5.308  5.389  5.272  5.094  4.956  5.235  5.112  4.961  5.053  4.927  4.771  4.860  5.136  5.011  5.204  5.050  5.231  5.024  4.977  5.242  5.190  5.043  5.222  5.130
4.915  4.727  4.762  4.844  4.787  4.758  4.718  4.749  4.844  4.779  4.828  4.727  4.970  4.898  4.997  4.564  4.682  4.796  4.796  4.816  4.787  4.663  4.659  4.828  4.615  4.466  4.615  4.673  4.458  4.454  4.625  4.673  4.710  4.595  4.673  4.691  4.676  4.745  4.625  4.752  4.644  4.690
5.318  5.176  5.323  5.338  5.298  5.372  5.303  5.247  5.311  5.412  5.320  5.389  5.342  5.411  5.527  5.176  5.198  5.338  5.429  5.344  5.356  5.234  5.342  5.384  5.004  5.130  5.108  5.130  4.741  4.949  5.136  5.159  5.198  5.170  5.257  5.308  5.198  5.247  5.239  5.169  5.100  5.077
4.595  4.533  4.357  4.503  4.644  4.543  4.248  4.452  4.477  4.595  4.394  4.543  4.804  4.727  4.732  4.654  4.454  4.585  4.605  4.644  4.687  4.615  4.562  4.680  4.440  4.369  4.449  4.407  4.357  4.382  4.477  4.583  4.331  4.615  4.718  4.736  4.481  4.443  4.407  4.344  4.431  4.477
5.328  5.094  4.977  5.109  5.182  5.133  5.088  5.081  5.165  5.169  5.252  5.094  5.242  5.170  5.328  5.037  5.081  5.252  5.204  5.168  5.303  5.273  5.165  5.170  4.905  4.898  4.919  4.970  4.844  4.956  4.898  5.069  4.977  5.061  5.037  5.142  4.927  5.159  5.193  5.063  4.956  4.980
5.017  4.804  4.860  4.977  4.919  4.920  4.806  4.927  4.909  4.968  4.934  5.004  5.063  4.990  5.089  4.920  5.056  5.088  4.937  4.875  4.907  5.017  5.106  4.949  4.762  4.836  4.883  4.779  4.700  4.820  4.710  4.727  4.871  4.920  4.947  5.037  4.852  4.700  4.871  4.843  4.749  4.875
4.931  5.004  4.890  4.898  4.883  4.942  4.980  4.920  4.951  4.860  5.004  5.112  4.942  4.986  5.075  4.828  5.034  5.050  4.796  4.916  5.089  5.037  5.100  5.130  4.796  4.828  4.828  4.615  4.615  4.700  4.860  4.828  4.844  4.782  4.710  4.968  4.836  4.663  4.885  4.762  4.625  4.916
5.081  4.919  5.011  5.037  5.075  5.030  4.934  4.984  4.796  5.069  5.147  5.017  5.094  4.927  5.193  4.847  4.871  5.069  5.124  5.094  5.147  4.916  4.977  4.994  4.654  4.771  4.852  4.812  4.673  4.754  4.875  4.798  4.963  4.919  4.883  4.927  4.828  4.852  4.844  4.875  4.820  4.860
4.811  4.754  4.654  4.736  4.710  4.762  4.575  4.635  4.541  4.786  4.816  4.718  4.836  4.787  4.718  4.520  4.662  4.736  4.752  4.779  4.860  4.717  4.682  4.652  4.489  4.500  4.543  4.520  4.394  4.392  4.585  4.575  4.700  4.644  4.743  4.705  4.603  4.623  4.635  4.520  4.522  4.543
4.727  4.595  4.615  4.700  4.654  4.732  4.644  4.580  4.564  4.819  4.804  4.875  5.037  4.919  5.024  4.736  4.754  4.804  4.771  4.868  4.940  4.754  4.815  4.820  4.691  4.615  4.691  4.654  4.635  4.644  4.654  4.625  4.663  4.489  4.615  4.739  4.673  4.779  4.635  4.796  4.652  4.699
4.836  4.580  4.820  4.595  4.466  4.570  4.454  4.608  4.466  4.593  4.575  4.541  4.802  4.663  4.736  4.477  4.481  4.522  4.654  4.828  4.673  4.419  4.573  4.605  4.443  4.500  4.404  4.500  4.277  4.394  4.477  4.328  4.431  4.477  4.454  4.543  4.543  4.590  4.489  4.564  4.466  4.394
4.127  4.246  4.220  4.159  4.043  4.060  4.159  4.094  4.078  4.304  4.159  4.159  4.290  4.043  4.331  4.025  4.304  4.234  4.127  4.127  4.205  4.277  4.111  4.317  4.190  4.190  4.078  4.057  3.738  4.043  4.074  4.127  4.159  3.989  4.277  4.212  3.980  4.159  4.078  4.174  3.912  4.091
3.871  3.768  3.892  3.989  3.932  3.784  3.738  3.871  3.839  3.970  3.738  3.912  4.043  3.871  4.060  3.738  3.932  3.908  3.989  4.043  4.060  3.970  3.871  3.970  3.738  3.780  3.784  3.714  3.738  3.871  3.761  3.871  3.802  3.784  3.761  3.784  3.738  3.829  3.664  3.784  3.784  3.892
