5.209  5.242  4.997  5.037  5.049  5.153  5.346  5.178  5.209  5.380  5.307  5.231  5.375  5.268  5.293  5.215  5.043  5.069  5.268  5.142  5.209  5.170  5.170  5.193  5.114  5.170  5.153  5.198  5.112  5.130  5.100  4.927  5.021  5.094  5.323  5.124  5.024  5.017  5.204  5.136  5.094  5.293
4.304  4.431  4.263  4.234  4.220  4.357  4.344  4.317  4.394  4.304  4.277  4.331  4.530  4.344  4.454  4.416  4.187  4.007  4.331  4.111  4.234  4.263  4.248  4.159  4.060  4.205  4.407  4.209  4.111  4.174  4.344  4.277  4.205  4.094  4.190  4.143  4.171  4.190  4.357  4.220  4.078  4.205
4.754  4.691  4.736  4.754  4.862  4.710  4.860  4.769  4.860  4.883  4.620  4.796  4.942  4.779  4.844  4.779  4.663  4.870  4.816  4.736  4.890  4.796  4.779  4.828  4.736  4.635  4.700  4.662  4.477  4.615  4.575  4.682  4.714  4.690  4.673  4.754  4.754  4.682  4.557  4.625  4.673  4.625
5.342  5.198  5.293  5.136  5.204  5.252  5.293  5.236  5.252  5.342  5.159  5.298  5.545  5.338  5.380  5.212  5.187  5.400  5.381  5.242  5.380  5.371  5.318  5.412  5.037  5.106  5.204  5.156  5.029  5.142  5.278  5.153  5.085  5.075  5.165  5.268  5.182  5.182  5.198  5.273  5.045  5.201
5.009  4.860  4.890  4.828  4.828  4.812  4.844  4.905  4.913  5.106  4.868  5.063  5.009  4.875  4.984  4.963  4.894  4.820  4.956  4.975  4.769  4.804  4.710  4.934  4.727  4.736  4.691  4.700  4.477  4.635  4.820  4.654  4.736  4.787  4.796  4.771  4.680  4.827  4.754  4.691  4.682  4.828
4.078  4.127  4.354  4.043  4.419  4.386  4.304  4.159  4.159  4.304  4.290  4.277  4.317  4.304  4.331  4.205  4.127  4.127  4.111  4.324  4.315  4.288  4.078  4.357  4.304  4.091  4.060  4.016  3.912  4.074  4.143  4.091  4.111  4.159  4.159  4.304  4.060  4.174  4.156  4.025  4.078  4.159
5.652  5.411  5.450  5.591  5.509  5.501  5.557  5.568  5.580  5.707  5.468  5.580  5.676  5.464  5.663  5.463  5.469  5.356  5.730  5.505  5.645  5.544  5.529  5.429  5.580  5.561  5.342  5.421  5.226  5.347  5.462  5.438  5.544  5.617  5.595  5.545  5.485  5.416  5.342  5.412  5.460  5.533
5.872  5.583  5.638  5.591  5.620  5.688  5.697  5.684  5.684  5.864  5.720  5.817  5.858  5.690  5.846  5.650  5.690  5.582  5.841  5.740  5.814  5.820  5.557  5.638  5.617  5.673  5.583  5.509  5.447  5.517  5.489  5.620  5.639  5.741  5.761  5.642  5.617  5.642  5.533  5.557  5.521  5.617
4.135  3.932  3.892  4.159  4.025  4.132  3.951  4.304  4.143  4.317  4.025  4.111  4.119  4.078  4.234  4.205  4.083  3.970  4.078  4.187  4.290  3.970  4.111  4.174  4.086  3.928  3.912  3.947  3.784  3.970  4.174  4.127  4.025  4.074  3.850  4.159  3.980  4.143  5.916  4.060  3.951  3.951
4.552  4.304  4.324  4.369  4.520  4.369  4.205  4.369  4.388  4.585  4.443  4.554  4.486  4.419  4.500  4.419  4.174  4.344  4.431  4.511  4.452  4.234  4.220  4.288  4.317  4.431  4.197  4.159  3.951  4.174  4.190  4.205  3.989  4.174  4.344  4.205  4.253  4.431  6.736  4.295  4.171  4.277
5.283  5.100  5.215  5.231  5.226  5.235  5.142  5.236  5.347  5.308  5.236  5.215  5.366  5.165  5.273  5.043  5.252  5.217  5.338  5.338  5.406  5.263  5.111  5.117  5.124  5.088  4.949  4.975  4.883  4.920  4.968  5.075  5.147  5.153  5.170  5.097  5.063  5.075  5.130  5.029  5.050  5.080
5.150  4.905  5.147  5.182  5.017  5.068  4.970  4.994  5.170  5.159  5.009  5.037  5.081  5.043  5.072  4.894  4.913  4.949  5.075  5.142  5.147  4.956  4.883  4.996  4.970  5.019  4.844  4.820  4.745  4.682  4.913  4.990  4.996  5.011  4.934  4.812  4.898  4.856  4.868  4.931  4.885  5.034
5.063  4.875  4.883  4.959  5.016  4.890  4.904  4.949  4.852  5.147  5.050  5.030  5.170  5.077  5.024  4.887  4.905  4.920  5.094  5.161  5.075  5.100  4.890  4.984  4.920  4.847  4.820  4.644  4.625  4.673  4.890  4.868  4.883  4.963  5.001  4.924  4.804  4.905  4.924  4.920  4.844  4.782
4.705  4.477  4.573  4.844  4.754  4.663  4.290  4.605  4.500  4.771  4.603  4.754  4.673  4.649  4.804  4.369  4.564  4.554  4.820  4.812  4.691  4.407  4.511  4.522  4.489  4.690  4.407  4.443  4.159  4.190  4.331  4.380  4.595  4.431  4.583  4.605  4.357  4.538  4.522  4.344  4.605  4.538
3.967  4.078  4.127  3.951  4.159  4.060  4.057  4.116  4.007  4.290  4.127  4.078  4.489  4.304  4.466  4.234  4.127  4.057  4.304  4.260  4.304  4.078  4.217  4.248  4.007  3.998  3.951  4.025  4.025  3.989  4.043  4.031  4.167  4.060  4.040  4.111  3.892  3.970  3.989  3.951  4.007  3.967
4.301  4.369  4.159  4.382  4.410  4.205  4.331  4.202  4.431  4.317  4.369  4.425  4.585  4.350  4.615  4.369  4.477  4.317  4.407  4.317  4.595  4.443  4.464  4.625  4.317  4.174  4.277  4.174  4.159  4.231  4.234  4.304  4.321  4.367  4.304  4.344  4.248  4.331  4.248  4.234  4.274  4.159
4.031  3.888  4.043  4.025  4.060  3.989  3.970  4.078  4.111  4.127  3.850  4.060  4.290  4.212  4.304  4.143  3.928  4.094  4.043  4.099  4.060  4.094  4.127  4.284  4.099  4.057  3.871  3.932  3.951  3.912  3.898  3.892  4.159  3.871  3.970  4.078  3.951  4.025  3.947  3.824  3.922  4.043
3.850  3.738  3.714  3.877  3.684  3.738  3.829  3.738  3.761  3.761  3.829  3.912  3.932  3.908  4.143  3.733  3.802  3.638  3.989  3.912  4.043  3.871  3.714  3.829  3.714  3.738  3.638  3.605  3.738  3.802  3.761  3.584  3.892  3.689  3.850  3.829  3.664  3.638  3.664  3.624  3.555  3.714
3.466  3.584  3.526  3.738  3.738  3.555  3.526  3.466  3.526  3.761  3.555  3.684  3.912  3.791  3.824  3.709  3.367  3.526  3.611  3.784  3.658  3.526  3.632  3.714  3.584  3.466  3.541  3.459  3.466  3.584  3.638  3.401  3.714  3.784  3.584  3.526  3.773  3.578  3.714  3.490  3.526  3.466
3.605  3.605  3.638  3.689  3.638  3.638  3.555  3.784  3.497  3.813  3.555  3.721  3.912  3.807  4.078  3.714  3.555  3.555  3.824  3.892  3.738  3.714  3.611  3.709  3.807  3.605  3.761  3.584  3.367  3.497  3.664  3.632  3.638  3.611  3.526  3.684  3.664  3.757  3.638  3.570  3.497  3.555
5.147  5.066  5.147  4.858  5.004  4.883  4.787  4.905  4.836  5.016  5.003  4.883  5.037  4.970  5.165  4.828  4.804  4.905  5.142  5.136  4.999  4.828  5.011  5.063  4.710  4.727  4.694  4.700  4.663  4.654  4.820  4.771  4.949  4.852  4.835  4.852  4.682  5.011  4.893  4.875  4.820  4.852
5.537  5.247  5.389  5.434  5.394  5.442  5.256  5.485  5.330  5.525  5.409  5.398  5.495  5.464  5.629  5.249  5.158  5.302  5.502  5.491  5.425  5.341  5.303  5.357  5.198  5.146  5.142  5.209  4.970  5.204  5.030  5.198  5.288  5.267  5.318  5.361  5.186  5.525  5.352  5.242  5.263  5.347
