4.174  3.957  3.989  3.912  4.060  3.761  3.892  3.951  3.947  4.217  4.022  4.119  4.234  4.174  4.231  3.829  3.932  3.871  3.850  3.951  4.043  3.829  3.967  3.892  3.714  3.807  3.784  3.888  3.850  3.638  3.989  4.094  3.932  3.951  3.850  3.989  3.892  3.908  3.871  3.922  3.908  3.951
4.043  4.108  4.060  4.205  3.970  4.074  3.951  4.111  3.918  4.344  4.040  4.174  4.382  4.217  4.392  4.060  3.912  3.829  3.871  4.156  4.127  3.951  3.850  4.143  3.850  3.912  3.871  3.989  3.802  3.784  3.912  3.892  4.007  3.970  4.111  3.932  3.912  3.967  3.761  3.745  3.888  3.784
4.543  4.317  4.543  4.344  4.344  4.440  4.522  4.663  4.489  4.710  4.425  4.654  4.680  4.585  4.635  4.554  4.522  4.344  4.754  4.682  4.635  4.585  4.367  4.443  4.595  4.522  4.454  4.386  4.171  4.190  4.500  4.477  4.419  4.489  4.500  4.416  4.475  4.477  4.475  4.425  4.543  4.575
4.357  4.382  4.443  4.500  4.344  4.220  4.422  4.460  4.317  4.498  4.407  4.477  4.505  4.554  4.464  4.304  4.344  4.363  4.511  4.615  4.554  4.511  4.344  4.344  4.354  4.078  4.331  4.156  4.159  4.220  4.344  4.331  4.394  4.263  4.331  4.295  4.256  4.431  4.304  4.205  4.234  4.317
4.413  4.337  4.344  4.434  4.321  4.382  4.304  4.220  4.174  4.454  4.354  4.443  4.575  4.419  4.511  4.315  4.489  4.369  4.304  4.422  4.443  4.367  4.431  4.369  4.159  4.301  4.190  4.304  4.025  3.951  4.344  4.248  4.344  4.335  4.443  4.297  4.267  4.220  4.344  4.190  4.220  4.234
3.871  3.807  3.829  3.951  3.892  3.761  3.784  3.892  3.928  4.094  3.850  4.127  4.060  3.802  4.060  4.025  3.989  3.784  3.970  4.224  3.928  3.951  3.932  3.951  4.007  3.784  3.839  3.807  3.638  3.761  3.689  3.951  3.761  3.882  3.928  3.882  3.807  3.871  3.867  3.846  3.784  3.761
4.881  4.812  4.866  4.828  4.775  4.836  4.754  4.820  4.745  5.014  4.905  4.911  4.868  4.820  4.905  4.779  4.883  4.828  5.004  4.956  4.852  4.920  4.756  4.835  4.727  4.754  4.533  4.644  4.649  4.714  4.700  4.754  4.673  4.700  4.633  4.727  4.727  4.804  4.710  4.663  4.820  4.700
4.828  4.700  4.699  4.804  4.443  4.779  4.595  4.745  4.618  4.956  4.820  4.819  4.898  4.796  4.812  4.710  4.649  4.691  4.771  4.762  4.800  4.673  4.659  4.771  4.615  4.554  4.662  4.543  4.394  4.404  4.522  4.533  4.673  4.718  4.762  4.623  4.543  4.613  4.511  4.520  4.522  4.638
4.868  5.139  4.836  4.812  5.050  5.050  5.198  4.982  5.069  5.127  5.063  5.019  5.183  5.263  5.338  5.308  5.377  4.986  4.890  4.754  5.106  5.124  5.066  5.176  4.940  4.862  4.852  4.796  4.844  4.883  5.004  4.990  4.828  5.094  5.004  5.043  5.100  4.909  4.942  4.934  4.644  4.890
4.317  4.559  4.263  4.382  4.277  4.446  4.425  4.311  4.290  4.392  4.564  4.475  4.727  4.598  4.654  4.898  4.927  4.575  4.543  4.625  4.690  4.754  4.620  4.564  4.288  4.263  4.331  4.288  4.127  4.331  4.367  4.500  4.127  4.454  4.331  4.543  4.530  4.492  4.413  4.234  4.043  4.143
4.533  4.598  4.511  4.419  4.443  4.431  4.357  4.431  4.489  4.454  4.530  4.498  4.522  4.543  4.575  4.369  4.575  4.431  4.419  4.511  4.625  4.431  4.590  4.682  4.472  4.466  4.317  4.174  4.500  4.331  4.464  4.357  4.357  4.382  4.511  4.394  4.407  4.367  4.341  4.317  4.357  4.317
4.745  4.682  4.700  4.700  4.691  4.605  4.642  4.749  4.633  4.820  4.605  4.663  4.787  4.736  4.828  4.762  4.804  4.644  4.663  4.710  4.844  4.682  4.630  4.745  4.388  4.605  4.615  4.498  4.533  4.520  4.743  4.700  4.605  4.500  4.663  4.696  4.443  4.554  4.567  4.475  4.522  4.522
6.014  5.879  5.892  5.976  5.887  5.841  5.905  5.857  5.841  6.054  5.889  6.019  6.096  5.903  6.125  5.886  6.045  5.826  5.991  5.984  5.919  5.922  5.908  6.037  5.733  5.820  5.748  5.604  5.638  5.659  5.771  5.861  5.805  5.872  5.900  5.878  5.819  5.829  5.777  5.665  5.715  5.864
5.537  5.407  5.407  5.537  5.391  5.416  5.357  5.313  5.446  5.421  5.338  5.568  5.714  5.439  5.603  5.328  5.501  5.360  5.493  5.613  5.622  5.485  5.412  5.493  5.384  5.389  5.275  5.263  5.273  5.220  5.285  5.263  5.397  5.501  5.447  5.416  5.380  5.407  5.308  5.209  5.347  5.318
5.013  5.176  4.942  5.037  5.187  5.063  5.209  5.013  5.204  5.252  5.124  5.003  5.342  5.220  5.398  5.124  5.100  4.934  5.328  5.136  5.252  5.226  5.170  5.257  5.037  4.907  5.069  4.905  4.934  4.984  5.094  5.204  5.011  5.030  5.165  5.226  5.026  5.011  4.905  5.011  4.852  4.913
3.807  3.871  3.807  3.932  3.738  3.829  3.807  3.888  3.807  3.892  3.611  3.871  3.951  3.892  4.022  3.745  3.871  3.976  3.829  4.234  4.007  3.892  3.932  4.025  3.738  3.818  3.780  3.784  3.664  3.689  3.714  3.846  3.951  3.807  3.784  3.861  3.638  3.932  3.761  3.750  3.689  3.738
4.860  4.844  4.635  4.860  4.823  4.804  4.699  4.723  4.694  4.927  4.812  4.913  5.004  4.771  4.864  4.736  4.625  4.749  4.754  4.887  4.883  4.635  4.699  4.745  4.543  4.588  4.745  4.682  4.605  4.522  4.605  4.452  4.741  4.839  4.710  4.717  4.700  4.852  4.828  4.779  4.562  4.773
4.248  4.174  4.074  4.246  4.274  4.248  4.025  4.234  4.143  4.290  4.234  4.281  4.443  4.277  4.382  4.060  4.263  4.205  4.260  4.341  4.277  4.324  4.274  4.446  4.290  4.288  4.248  4.143  4.094  4.078  4.094  3.970  4.094  4.231  4.167  4.190  4.111  4.190  4.094  4.174  4.205  4.304
5.100  4.860  5.024  5.074  4.913  5.064  4.947  4.982  4.989  5.017  4.926  5.081  5.153  4.963  5.091  4.924  4.949  4.949  5.153  5.066  5.139  4.970  4.977  4.942  4.860  4.902  5.100  4.883  4.828  4.779  4.883  4.883  5.027  4.984  4.963  4.970  4.860  5.030  5.024  4.926  4.868  4.913
4.060  3.807  3.998  3.807  3.892  3.871  3.888  3.947  3.912  3.970  3.846  3.902  4.078  4.066  3.989  3.784  3.807  3.807  3.947  4.159  3.970  4.025  3.892  4.007  3.807  3.714  3.850  3.784  3.850  3.784  3.714  3.829  3.882  3.846  3.829  3.850  3.784  3.784  4.007  3.638  3.807  3.932
4.344  4.127  4.234  4.304  4.394  4.304  4.190  4.290  4.234  4.328  4.431  4.260  4.575  4.304  4.407  4.274  4.369  4.443  4.357  4.533  4.317  4.317  4.341  4.248  4.140  4.220  4.202  4.277  4.057  3.989  4.248  4.124  4.331  4.174  4.331  4.174  4.234  4.321  4.344  4.060  4.007  4.263
4.052  3.970  3.807  4.078  3.970  3.892  3.824  4.074  3.867  4.013  4.043  4.040  4.022  3.951  4.140  3.824  3.846  4.074  3.970  4.143  3.989  4.159  3.892  4.094  3.871  3.942  3.985  3.714  3.784  3.780  3.892  3.912  4.043  3.850  4.007  3.835  3.846  3.932  3.871  3.761  3.784  3.985
