7.124  7.164  7.052  6.797  6.946  7.186  7.271  6.882  7.141  7.030  7.062  7.035  7.056  7.060  6.961  7.124  7.143  7.054  7.105  6.866  7.082  7.230  7.100  7.223  7.071  7.009  7.005  7.038  6.834  6.958  7.020  7.095  6.877  7.180  7.013  7.087  7.267  6.990  6.772  6.944  6.641  7.044
5.733  5.764  5.549  5.421  5.481  5.903  5.924  5.602  5.948  5.624  5.663  5.537  5.731  5.765  5.694  5.687  5.866  5.580  5.861  5.407  5.781  5.988  5.771  6.019  5.617  5.628  5.485  5.663  5.308  5.553  5.700  5.724  5.489  5.916  5.561  5.787  6.001  5.572  5.352  5.438  4.984  5.740
5.798  5.652  5.690  5.464  5.741  5.814  5.652  5.642  5.690  5.697  5.642  5.765  5.756  5.753  5.748  5.773  5.517  5.677  5.753  5.624  5.834  5.656  5.611  5.645  5.631  5.756  5.649  5.743  5.529  5.628  5.704  5.513  5.562  5.709  5.635  5.697  5.785  5.639  5.582  5.636  5.550  5.673
4.348  4.407  4.205  4.344  4.159  4.407  4.317  4.174  4.369  4.231  4.119  4.363  4.394  4.234  4.248  4.234  4.454  4.248  4.241  4.290  4.369  4.248  4.205  4.564  4.094  4.156  4.078  4.248  4.074  4.127  4.140  4.205  4.159  4.290  4.094  4.369  4.248  4.301  4.290  4.190  4.094  4.220
6.815  6.495  6.604  6.545  6.759  6.844  6.654  6.703  6.657  6.873  6.816  6.835  6.809  6.807  6.763  6.721  6.368  6.724  6.673  6.585  6.569  6.424  6.599  6.549  6.521  6.561  6.608  6.766  6.381  6.515  6.718  6.325  6.475  6.612  6.560  6.673  6.748  6.812  6.708  6.760  6.533  6.692
5.753  5.513  5.580  5.503  5.580  5.758  5.618  5.598  5.716  5.787  5.784  5.690  5.728  5.805  5.718  5.624  5.420  5.617  5.521  5.553  5.587  5.552  5.630  5.620  5.537  5.503  5.460  5.638  5.349  5.451  5.684  5.403  5.521  5.572  5.529  5.594  5.624  5.811  5.628  5.533  5.521  5.537
6.759  6.436  6.642  6.506  6.686  6.744  6.554  6.714  6.730  6.890  6.763  6.771  6.774  6.683  6.658  6.619  6.323  6.734  6.731  6.603  6.569  6.439  6.588  6.497  6.572  6.677  6.620  6.651  6.461  6.531  6.498  6.229  6.164  6.597  6.522  6.580  6.575  6.730  6.611  6.730  6.497  6.613
6.006  5.948  5.829  5.852  5.882  5.969  5.956  5.966  6.032  6.209  6.100  6.116  6.105  6.114  6.064  6.139  5.903  5.988  6.242  6.068  6.148  6.337  6.469  6.385  5.845  5.936  5.914  5.895  5.762  5.969  5.923  5.649  5.361  5.894  5.966  5.948  5.834  5.832  5.795  5.984  5.700  5.897
6.192  5.996  6.103  6.091  6.066  6.167  6.100  6.109  6.127  6.221  6.082  6.194  6.161  6.118  6.273  6.026  5.986  6.097  6.052  6.052  6.099  5.951  6.035  6.125  6.016  5.958  6.033  6.111  5.894  5.951  6.083  5.914  6.064  6.004  6.037  6.094  5.977  5.984  6.047  6.034  6.006  6.091
6.201  6.201  6.215  6.272  6.190  6.203  6.181  6.173  6.151  6.363  6.261  6.351  6.285  6.155  6.335  6.084  6.078  6.256  6.190  6.213  6.335  6.146  6.178  6.244  6.087  5.999  6.119  6.120  5.936  6.047  6.146  6.103  6.182  6.074  6.168  6.159  6.154  6.080  6.107  6.107  6.016  6.116
6.596  6.441  6.511  6.438  6.590  6.645  6.550  6.525  6.528  6.547  6.324  6.468  6.649  6.594  6.585  6.600  6.390  6.649  6.566  6.418  6.515  6.382  6.586  6.423  6.521  6.566  6.467  6.525  6.342  6.431  6.488  6.328  6.354  6.548  6.555  6.541  6.607  6.486  6.443  6.561  6.342  6.515
5.029  5.088  4.754  4.990  5.069  5.204  5.142  5.178  5.231  4.997  4.466  4.929  5.338  5.323  5.242  5.176  5.030  5.024  5.223  5.017  5.165  4.961  5.187  5.186  5.052  5.058  4.909  4.975  4.898  5.024  5.142  5.081  4.754  5.288  5.182  5.155  5.187  4.890  5.004  4.913  4.832  4.975
7.485  7.151  7.356  7.332  7.371  7.416  7.238  7.365  7.423  7.528  7.371  7.483  7.491  7.390  7.438  7.226  7.038  7.311  7.473  7.390  7.174  7.169  7.267  7.171  7.283  7.390  7.220  7.344  7.115  7.179  7.227  6.940  7.295  7.328  7.206  7.227  7.294  7.382  7.213  7.356  7.194  7.401
5.635  5.460  5.753  5.740  5.649  5.642  5.666  5.655  5.799  5.935  5.656  5.775  5.823  5.778  5.832  5.553  5.398  5.474  5.852  5.714  5.690  5.558  5.580  5.521  5.493  5.771  5.421  5.438  5.170  5.438  5.523  5.170  5.575  5.576  5.537  5.553  5.537  5.380  5.332  5.425  5.449  5.583
6.229  6.054  6.219  6.167  6.163  6.215  6.211  6.183  6.200  6.320  6.240  6.332  6.304  6.254  6.287  6.258  6.105  6.180  6.339  6.217  6.215  6.148  6.133  6.175  6.045  6.019  6.031  6.078  5.841  6.016  6.083  5.976  6.068  6.221  6.144  6.161  6.087  6.113  6.043  6.395  6.114  6.148
5.645  5.637  5.617  5.659  5.628  5.517  5.580  5.537  5.635  5.771  5.705  5.666  5.785  5.768  5.753  5.587  5.547  5.545  5.656  5.802  5.642  5.576  5.673  5.656  5.628  5.509  5.485  5.666  5.347  5.549  5.638  5.468  5.529  5.576  5.525  5.656  5.583  5.501  5.428  5.513  5.455  5.598
4.585  4.466  4.598  4.543  4.543  4.595  4.511  4.543  4.522  4.575  4.554  4.554  4.748  4.549  4.585  4.533  4.564  4.575  4.691  4.635  4.736  4.620  4.443  4.718  4.625  4.662  4.443  4.419  4.263  4.321  4.369  4.489  4.590  4.522  4.575  4.477  4.522  4.489  4.443  4.419  4.437  4.575
4.263  4.315  4.212  4.220  4.127  4.220  4.143  4.248  4.234  4.263  4.143  4.317  4.331  4.369  4.419  4.135  4.277  4.263  4.277  4.277  4.419  4.270  4.111  4.277  4.119  4.304  4.234  4.094  4.124  4.111  4.004  4.043  4.263  4.197  4.190  4.220  4.205  4.174  4.060  4.369  3.989  4.143
6.244  6.059  6.040  6.031  6.114  6.163  5.881  6.075  5.956  6.178  6.190  6.019  6.242  6.180  6.140  6.089  5.900  6.133  6.087  6.089  5.993  6.073  6.134  6.131  6.026  6.071  6.035  6.238  6.139  6.129  6.057  5.919  5.991  6.071  5.938  6.078  6.061  6.242  6.260  6.035  5.823  5.883
5.749  5.663  5.640  5.652  5.654  5.700  5.609  5.580  5.609  5.805  5.746  5.647  5.869  5.723  5.749  5.749  5.498  5.557  5.638  5.606  5.655  5.652  5.746  5.659  5.638  5.505  5.613  5.535  5.565  5.552  5.677  5.455  5.525  5.714  5.591  5.733  5.609  5.680  5.572  5.549  5.537  5.553
6.373  6.267  6.366  6.292  6.435  6.461  6.342  6.356  6.347  6.560  6.516  6.424  6.621  6.444  6.529  6.359  6.217  6.599  6.389  6.275  6.372  6.214  6.335  6.358  6.211  6.354  6.340  6.370  6.229  6.375  6.346  6.277  6.265  6.388  6.248  6.358  6.418  6.395  6.394  6.484  6.211  6.371
5.602  5.677  5.541  5.571  5.656  5.628  5.557  5.595  5.525  5.736  5.765  5.667  5.784  5.720  5.778  5.609  5.547  5.663  5.714  5.561  5.602  5.525  5.591  5.691  5.365  5.533  5.472  5.568  5.576  5.553  5.690  5.765  5.519  5.515  5.572  5.677  5.590  5.684  5.709  5.572  5.341  5.481
