4.202  4.043  4.043  3.892  3.951  4.143  4.025  4.007  4.111  4.248  4.099  4.140  4.295  4.317  4.407  4.078  3.961  4.253  4.220  4.263  4.304  4.197  4.034  4.174  4.111  3.932  4.159  4.007  3.932  3.908  4.043  4.007  4.007  4.078  4.025  4.094  3.928  4.043  3.989  4.111  3.951  4.127
4.034  3.892  3.985  3.912  3.908  4.004  3.970  3.951  4.025  4.094  4.025  4.094  4.394  4.159  4.263  4.043  4.159  4.004  4.060  4.007  4.234  3.961  3.932  4.060  4.159  3.942  3.892  4.060  3.784  3.871  3.951  3.912  4.127  3.871  3.912  3.912  3.951  3.850  4.007  3.846  3.714  3.989
5.582  5.267  5.460  5.451  5.416  5.489  5.273  5.352  5.257  5.670  5.519  5.497  5.613  5.429  5.513  5.220  5.088  5.447  5.366  5.464  5.412  5.236  5.380  5.371  5.208  4.956  5.165  5.251  4.860  5.118  5.416  5.142  5.283  5.165  5.226  5.236  5.166  5.421  5.428  5.242  5.136  5.127
5.252  5.037  5.138  5.187  5.283  5.267  5.117  5.142  5.069  5.403  5.398  5.220  5.288  5.193  5.361  5.024  4.844  5.252  5.136  5.147  5.063  5.056  5.063  5.124  4.890  4.819  4.942  5.030  4.934  4.997  5.094  4.942  5.091  4.952  4.904  5.118  4.924  5.106  5.324  5.136  4.956  4.920
6.461  6.163  6.380  6.456  6.282  6.354  6.265  6.302  6.378  6.544  6.375  6.460  6.426  6.277  6.380  6.232  6.235  6.297  6.440  6.392  6.415  6.250  6.225  6.230  6.250  6.272  6.107  6.168  5.980  6.133  6.125  6.205  6.378  6.365  6.304  6.280  6.292  6.277  6.247  6.288  6.249  6.320
6.551  6.269  6.498  6.469  6.333  6.433  6.464  6.437  6.521  6.669  6.457  6.519  6.525  6.420  6.553  6.324  6.356  6.431  6.509  6.495  6.568  6.347  6.373  6.397  6.374  6.350  6.244  6.277  6.143  6.269  6.375  6.392  6.404  6.469  6.479  6.404  6.354  6.346  6.275  6.298  6.288  6.357
4.419  4.585  4.509  4.431  4.511  4.477  4.321  4.475  4.425  4.575  4.220  4.466  4.613  4.500  4.583  4.443  4.341  4.464  4.575  4.635  4.554  4.454  4.431  4.466  4.174  4.234  4.369  4.234  4.174  4.234  4.382  4.304  4.344  4.317  4.331  4.407  4.331  4.477  4.522  4.443  4.174  4.466
4.787  4.820  4.777  4.828  4.779  4.700  4.633  4.649  4.754  4.942  4.775  4.754  4.942  4.913  4.890  4.593  4.585  4.691  5.004  4.934  4.796  4.691  4.820  4.687  4.464  4.533  4.564  4.644  4.382  4.394  4.727  4.477  4.727  4.533  4.615  4.777  4.779  4.875  4.812  4.787  4.500  4.615
4.304  4.205  4.238  4.407  4.241  4.205  4.140  4.248  4.317  4.311  4.277  4.205  4.633  4.190  4.357  4.048  4.111  4.174  4.317  4.509  4.443  4.277  4.091  4.277  4.179  4.187  4.094  4.094  4.078  4.078  4.143  4.048  4.290  4.290  4.174  4.304  4.156  4.382  4.078  4.025  3.970  4.174
4.585  4.369  4.522  4.469  4.452  4.585  4.394  4.635  4.407  4.727  4.443  4.593  4.654  4.394  4.710  4.357  4.533  4.625  4.578  4.710  4.588  4.382  4.500  4.428  4.500  4.466  4.354  4.344  4.354  4.344  4.304  4.520  4.585  4.575  4.635  4.644  4.489  4.454  4.449  4.500  4.357  4.511
4.682  4.263  4.700  4.659  4.575  4.696  4.489  4.466  4.736  4.357  4.673  4.220  4.564  4.691  4.673  4.357  4.263  4.956  4.718  4.682  4.987  4.522  4.756  4.654  4.509  4.511  4.369  4.466  4.007  4.500  4.231  4.350  4.913  4.475  4.277  4.398  4.407  4.407  4.344  4.344  4.610  4.527
4.140  4.091  4.277  4.212  4.086  4.357  4.111  4.174  4.454  4.074  4.078  4.127  4.174  4.277  4.533  3.970  4.043  4.787  4.511  4.078  4.373  4.127  4.248  4.787  4.143  3.989  4.127  4.234  3.829  4.220  3.951  4.040  4.635  4.143  4.066  4.220  3.850  4.069  3.738  3.871  4.094  4.205
4.663  4.605  4.554  4.625  4.745  4.682  4.443  4.615  4.657  4.858  4.685  4.691  4.779  4.828  4.868  4.530  4.552  4.595  4.758  4.718  4.796  4.644  4.682  4.625  4.454  4.419  4.595  4.554  4.431  4.583  4.666  4.673  4.466  4.690  4.527  4.736  4.662  4.659  4.628  4.649  4.635  4.477
5.006  4.852  4.970  5.088  5.056  4.956  4.812  4.949  4.796  5.100  4.961  4.970  5.193  5.024  5.162  4.940  4.852  5.024  4.890  5.042  4.997  5.017  4.956  5.017  4.844  4.727  4.852  4.754  4.625  4.820  4.844  4.754  4.984  4.836  5.004  5.063  4.879  5.069  5.030  5.014  4.717  4.905
4.164  4.143  3.970  4.078  4.159  4.263  4.007  4.025  4.127  4.304  4.078  4.094  4.337  4.431  4.500  4.317  4.025  4.127  4.304  4.277  4.248  4.127  4.277  4.357  3.871  3.989  4.174  4.124  4.116  4.025  4.304  4.025  4.234  4.119  4.466  4.094  4.190  4.127  4.083  4.248  4.060  4.190
4.554  4.466  4.263  4.382  4.454  4.605  4.234  4.466  4.443  4.304  4.357  4.500  4.690  4.564  4.625  4.500  4.382  4.466  4.687  4.615  4.605  4.543  4.489  4.595  4.315  4.190  4.419  4.317  4.431  4.277  4.500  4.394  4.486  4.386  4.754  4.466  4.290  4.382  4.386  4.317  4.263  4.274
4.025  4.091  4.060  4.007  4.004  4.007  3.985  4.078  3.871  4.025  4.159  3.989  4.227  4.143  4.248  4.083  4.004  3.989  4.108  4.174  4.212  4.040  3.989  4.094  3.951  3.892  4.060  3.989  3.714  3.932  4.025  4.111  3.850  3.967  4.078  4.043  3.998  3.989  3.947  3.957  3.951  3.970
3.871  3.951  3.871  3.989  3.902  3.951  3.846  3.871  3.807  3.967  3.892  3.850  4.143  4.234  4.094  3.664  3.829  3.951  3.961  4.111  3.951  3.912  3.807  4.174  3.912  3.829  3.807  3.850  3.714  3.850  3.871  3.784  3.951  3.908  3.802  4.022  3.784  3.867  3.829  3.846  3.807  3.882
4.804  4.710  4.787  4.920  4.860  4.827  4.771  4.779  4.811  4.949  4.811  4.852  4.954  4.905  4.956  4.727  4.787  4.804  4.905  5.050  5.011  4.824  4.794  4.854  4.700  4.736  4.717  4.762  4.516  4.613  4.605  4.633  4.920  4.745  4.844  4.852  4.796  4.828  4.796  4.673  4.676  4.787
4.394  4.419  4.290  4.489  4.317  4.419  4.263  4.419  4.419  4.304  4.331  4.443  4.483  4.382  4.605  4.220  4.500  4.520  4.500  4.595  4.575  4.522  4.413  4.543  4.500  4.288  4.477  4.043  4.290  4.227  4.260  4.413  4.505  4.505  4.443  4.466  4.304  4.357  4.464  4.220  4.297  4.431
5.785  5.529  5.666  5.808  5.710  5.808  5.694  5.749  5.753  5.883  5.869  5.864  5.918  5.916  6.009  5.705  5.735  5.872  6.038  5.866  5.938  5.802  5.732  5.820  5.793  5.826  5.704  5.690  5.497  5.629  5.733  5.684  5.892  5.900  5.730  5.792  5.798  5.737  5.808  5.719  5.717  5.763
6.142  5.924  6.068  6.034  6.052  6.150  6.011  6.014  6.052  6.127  6.175  6.111  6.176  6.096  6.254  6.033  6.038  6.221  6.194  6.151  6.280  6.045  6.125  6.125  6.052  6.009  6.037  5.986  5.730  5.905  6.118  6.023  6.103  6.234  6.258  6.255  6.042  6.075  6.031  6.038  5.962  5.998
