4.745  4.575  4.771  4.848  4.605  4.644  4.687  4.710  4.779  4.868  4.798  4.883  4.736  4.673  4.828  4.736  4.533  4.644  4.754  4.736  4.644  4.522  4.717  4.727  4.663  4.615  4.575  4.644  4.431  4.466  4.466  4.477  4.585  4.595  4.644  4.691  4.500  4.615  4.615  4.443  4.328  4.673
4.454  4.407  4.407  4.489  4.246  4.431  4.620  4.483  4.477  4.585  4.357  4.407  4.466  4.419  4.564  4.407  4.382  4.394  4.522  4.642  4.354  4.511  4.680  4.344  4.443  4.398  4.392  4.234  4.263  4.407  4.419  4.419  4.443  4.277  4.407  4.443  4.344  4.419  4.277  4.256  4.248  4.331
4.736  4.644  4.787  4.812  4.654  4.727  4.736  4.754  4.796  4.905  4.754  4.965  4.812  4.769  4.963  4.642  4.700  4.682  4.889  4.786  4.927  4.796  4.615  4.745  4.635  4.687  4.625  4.644  4.407  4.635  4.687  4.595  4.680  4.635  4.956  4.691  4.623  4.620  4.489  4.511  4.727  4.554
4.963  4.883  4.875  4.812  4.883  4.927  4.972  4.959  4.927  5.193  4.997  5.075  5.159  4.997  5.170  4.949  4.905  5.021  4.977  4.860  5.072  5.075  4.844  4.979  4.718  4.828  4.804  4.883  4.852  4.868  4.959  4.898  4.812  4.804  4.934  4.883  4.883  4.896  4.804  4.843  4.828  4.852
4.836  4.836  4.796  4.866  4.854  4.915  4.787  4.868  4.927  5.130  4.804  5.017  4.970  4.843  4.984  4.699  4.804  4.890  5.043  5.080  5.081  5.017  4.787  5.094  4.543  4.779  4.718  4.635  4.787  4.710  4.654  4.727  4.687  4.808  4.771  4.860  4.762  4.663  4.798  4.700  4.779  4.659
4.394  4.205  4.277  4.315  4.217  4.248  4.419  4.234  4.361  4.498  4.263  4.382  4.407  4.361  4.394  4.317  4.190  4.190  4.331  4.369  4.575  4.386  4.331  4.498  4.078  4.256  4.190  4.025  4.127  4.197  4.277  4.317  4.127  4.159  4.304  4.234  4.270  4.043  4.234  4.127  4.220  4.174
5.313  5.344  5.241  5.241  5.273  5.226  5.374  5.136  5.273  5.403  5.499  5.412  5.379  5.460  5.489  5.283  5.249  5.050  5.252  5.204  5.447  5.361  5.278  5.398  5.081  5.063  5.142  4.977  5.043  5.123  5.327  5.236  5.176  5.268  5.272  5.295  5.333  5.176  5.176  5.037  5.100  5.037
3.898  3.912  3.850  3.850  3.970  3.714  3.892  3.871  3.784  3.989  3.780  3.850  4.043  4.127  4.174  4.078  3.989  3.912  3.932  4.078  4.094  4.025  3.932  3.689  3.807  3.761  3.850  3.738  3.867  3.784  3.898  4.060  3.714  3.871  3.839  3.951  3.738  3.714  3.908  3.846  3.761  3.807
4.905  4.533  4.673  4.843  4.736  4.691  4.663  4.673  4.927  4.710  4.754  4.808  4.745  4.682  4.828  4.530  4.595  4.489  4.913  4.913  4.875  4.787  4.652  4.718  4.736  4.703  4.500  4.543  4.367  4.382  4.489  4.564  5.004  4.736  4.673  4.603  4.516  4.605  4.623  4.428  4.615  4.638
4.466  4.317  4.407  4.267  4.357  4.386  4.143  4.277  4.328  4.477  4.274  4.357  4.357  4.394  4.536  4.357  4.127  4.248  4.369  4.317  4.489  4.425  4.331  4.304  3.970  4.344  4.111  4.043  4.043  3.989  4.078  4.248  4.263  4.127  4.174  4.317  4.127  4.060  4.074  4.220  4.099  4.190
5.120  4.961  5.043  4.963  4.977  4.920  4.898  5.011  4.811  5.042  5.063  5.023  5.176  4.970  5.153  4.963  4.887  5.009  5.193  5.043  4.968  4.771  4.875  4.902  4.844  4.605  4.787  4.850  4.644  4.727  4.852  4.734  4.860  4.836  4.836  4.956  4.852  4.970  4.852  4.896  4.663  4.896
4.489  4.290  4.489  4.605  4.419  4.234  4.454  4.500  4.486  4.428  4.489  4.647  4.625  4.652  4.748  4.454  4.454  4.590  4.654  4.543  4.633  4.466  4.369  4.489  4.466  4.263  4.394  4.290  4.382  4.159  4.413  4.382  4.407  4.410  4.382  4.431  4.419  4.475  4.290  4.304  4.404  4.428
4.522  4.533  4.554  4.549  4.525  4.466  4.419  4.443  4.443  4.585  4.489  4.382  4.766  4.710  4.727  4.449  4.483  4.277  4.663  4.700  4.530  4.625  4.573  4.644  4.382  4.419  4.443  4.290  4.419  4.431  4.492  4.407  4.554  4.454  4.431  4.419  4.489  4.277  4.369  4.263  4.382  4.416
4.212  4.270  4.174  4.217  4.246  4.060  4.205  4.263  4.174  4.111  4.143  4.078  4.234  4.357  4.419  4.143  4.043  4.143  4.277  4.443  4.317  4.311  4.007  4.263  4.159  4.202  4.143  4.007  4.143  4.057  3.970  4.277  4.143  4.094  4.220  4.344  4.091  4.078  4.099  3.970  4.025  3.970
4.159  4.094  4.143  4.094  4.135  4.143  3.970  4.043  3.882  4.284  4.174  4.246  4.394  4.407  4.483  3.970  3.989  4.194  4.190  4.220  4.248  4.202  4.025  4.143  3.932  3.970  4.060  4.007  3.912  4.007  4.140  4.043  4.164  4.167  4.078  4.078  3.951  4.060  4.174  4.060  4.111  3.928
3.829  3.813  3.829  3.761  3.818  3.761  3.624  3.846  3.714  3.871  3.784  3.761  4.143  4.290  4.094  3.632  3.898  3.871  3.989  4.057  4.078  3.824  3.802  3.892  3.738  3.757  3.784  3.689  3.611  3.701  3.738  3.773  3.802  3.850  3.738  3.850  3.664  3.829  3.850  3.791  3.638  3.638
5.814  5.727  5.720  5.742  5.790  5.746  5.749  5.626  5.743  5.824  5.775  5.796  5.846  5.819  5.984  5.677  5.737  5.753  5.883  5.795  5.909  5.835  5.778  5.814  5.649  5.583  5.614  5.541  5.548  5.583  5.656  5.875  5.684  5.680  5.759  5.756  5.670  5.737  5.809  5.517  5.602  5.533
5.136  5.207  5.029  5.176  5.140  5.153  5.112  4.992  5.056  5.204  5.197  5.236  5.416  5.214  5.283  5.037  5.153  4.990  5.153  5.193  5.305  5.273  5.147  5.344  4.970  4.844  5.017  4.796  4.913  5.074  5.050  5.252  4.949  5.118  5.247  5.011  5.112  5.204  5.147  5.056  5.045  4.890
4.007  3.932  3.850  3.912  3.761  3.850  3.807  3.871  3.761  3.912  3.846  3.928  4.007  4.078  4.078  3.922  3.888  3.951  3.932  4.060  4.007  4.040  3.912  3.892  3.773  3.807  3.784  3.846  3.664  3.970  3.892  3.892  4.025  3.784  3.784  3.888  3.951  3.795  3.932  3.761  3.738  3.871
3.802  3.829  3.689  3.807  3.714  3.689  3.784  3.829  3.839  3.892  3.526  3.807  3.989  3.807  3.912  3.555  3.829  3.689  3.882  4.007  3.892  3.951  3.850  3.882  3.689  3.807  3.750  3.738  3.714  3.597  3.784  3.807  3.829  3.850  3.658  3.850  3.942  3.768  3.761  3.784  3.664  3.807
4.541  4.311  4.357  4.394  4.466  4.416  4.321  4.425  4.443  4.595  4.460  4.431  4.541  4.595  4.564  4.489  4.224  4.564  4.595  4.407  4.498  4.369  4.443  4.585  4.190  4.344  4.434  4.290  4.111  4.231  4.419  4.234  4.466  4.394  4.277  4.489  4.341  4.500  4.344  4.263  4.317  4.369
5.118  4.949  4.949  4.844  4.920  5.080  4.840  4.956  4.956  5.193  5.050  4.883  5.165  5.056  5.231  4.926  4.875  5.094  5.094  5.118  5.075  5.050  5.004  5.088  4.852  4.883  4.990  4.844  4.787  4.762  4.860  4.771  5.024  4.898  4.787  5.017  4.961  4.977  4.905  4.804  4.736  4.999
