5.935  5.617  5.717  5.645  5.770  5.865  5.804  5.663  5.787  5.790  5.930  5.805  5.883  5.759  5.740  5.861  5.687  5.730  5.886  5.690  5.855  5.663  5.680  5.761  5.638  5.642  5.686  5.811  5.541  5.541  5.673  5.617  5.687  5.799  5.580  5.734  5.919  5.740  5.576  5.743  5.649  5.691
4.475  4.373  4.431  4.290  4.331  4.554  4.419  4.263  4.533  4.344  4.367  4.431  4.454  4.477  4.407  4.344  4.394  4.304  4.413  4.394  4.585  4.288  4.419  4.514  4.187  4.317  4.344  4.344  4.127  4.288  4.234  4.267  4.324  4.277  4.094  4.248  4.443  4.394  4.205  4.304  4.127  4.159
3.761  3.757  3.807  3.714  3.714  3.951  3.738  3.908  3.947  4.078  3.714  4.007  3.932  3.850  4.066  3.807  3.784  3.726  3.807  3.970  3.970  4.007  3.871  3.912  3.714  3.638  3.861  3.714  3.584  3.807  3.638  3.871  3.829  3.714  3.861  3.871  3.871  3.829  3.584  3.912  3.780  3.850
3.750  3.733  3.738  3.632  3.714  3.664  3.784  3.733  3.807  3.807  3.584  3.807  3.902  3.850  3.807  3.733  3.676  3.784  3.664  3.714  3.829  3.807  3.714  3.714  3.664  3.701  3.632  3.664  3.555  3.638  3.689  3.738  3.689  3.497  3.584  3.497  3.555  3.632  3.497  3.638  3.584  3.932
5.425  5.293  5.442  5.215  5.278  5.377  5.366  5.323  5.370  5.533  5.323  5.434  5.416  5.416  5.359  5.313  5.236  5.287  5.429  5.293  5.485  5.287  5.268  5.389  5.273  5.264  5.311  5.342  5.112  5.252  5.298  5.204  5.209  5.347  5.333  5.182  5.293  5.298  5.215  5.225  5.273  5.310
4.710  4.522  4.554  4.554  4.717  4.696  4.734  4.881  4.745  4.718  4.691  4.745  4.836  4.691  4.870  4.663  4.727  4.663  4.787  4.663  4.905  4.662  4.777  4.760  4.407  4.575  4.633  4.605  4.443  4.654  4.605  4.673  4.575  4.564  4.605  4.509  4.585  4.443  4.575  4.541  4.690  4.543
5.403  5.183  5.135  5.109  5.124  5.252  5.247  5.081  5.252  5.356  5.387  5.252  5.338  5.421  5.493  5.283  5.181  5.323  5.278  5.147  5.364  5.215  5.204  5.214  5.181  5.024  5.021  5.085  4.963  4.954  5.105  5.142  4.977  5.170  5.081  5.220  5.227  5.088  5.094  5.075  4.984  5.043
4.942  5.011  4.856  4.875  4.934  5.011  5.081  4.898  4.984  5.165  5.056  4.990  5.242  5.283  5.187  5.263  4.982  5.187  4.944  4.952  5.130  5.074  5.230  5.124  4.786  4.816  4.927  4.984  4.866  4.909  4.977  4.898  4.739  4.779  4.875  5.118  4.836  4.804  4.942  4.965  4.754  4.691
4.091  3.922  4.171  3.829  4.074  4.220  4.060  4.190  4.127  4.419  4.171  4.111  4.263  4.127  4.220  4.069  3.932  4.078  4.290  4.078  4.290  4.127  4.060  4.127  4.025  4.159  4.007  4.004  3.970  3.932  4.025  3.970  3.912  4.060  3.932  4.025  4.140  4.094  4.069  4.040  4.205  3.989
3.520  3.550  3.555  3.526  3.689  3.434  3.850  3.701  3.526  3.584  3.288  3.733  3.658  3.714  3.829  3.638  3.584  3.605  3.664  3.784  3.850  3.738  3.578  3.526  3.611  3.555  3.638  3.584  3.497  3.738  3.611  3.611  3.611  3.611  3.497  3.658  3.664  3.497  3.592  3.401  3.584  3.481
5.111  4.927  4.898  4.911  4.990  5.081  4.752  4.875  4.804  5.088  5.004  5.142  5.030  4.919  4.997  4.787  4.898  4.926  4.963  5.066  4.904  4.874  4.754  4.890  4.754  4.717  4.745  4.794  4.771  4.615  4.883  4.898  4.919  4.796  4.860  4.836  4.909  4.927  5.075  4.890  4.844  4.860
4.700  4.419  4.754  4.682  4.690  4.605  4.625  4.635  4.511  5.061  4.736  4.820  4.718  4.769  4.673  4.605  4.522  4.552  4.635  4.898  4.691  4.642  4.454  4.652  4.394  4.466  4.489  4.454  4.290  4.394  4.500  4.407  4.538  4.382  4.554  4.511  4.483  4.654  4.794  4.573  4.331  4.394
4.159  3.892  4.094  3.951  4.091  4.025  3.780  3.857  3.912  4.127  4.043  3.912  4.220  4.234  4.167  3.980  3.871  3.970  4.094  3.951  4.057  4.078  3.951  3.850  3.829  4.060  3.850  3.867  3.738  3.932  3.967  3.951  3.912  3.989  3.951  3.871  4.025  3.989  3.784  4.004  3.912  3.892
3.651  3.638  3.664  3.466  3.555  3.638  3.555  3.701  3.871  3.912  3.638  3.738  3.867  3.714  3.932  3.664  3.611  3.497  3.757  3.932  3.918  3.664  3.526  3.780  3.584  3.829  3.555  3.638  3.526  3.638  3.434  3.761  3.638  3.611  3.738  3.664  3.550  3.584  3.434  3.578  3.829  3.526
6.425  6.019  6.170  6.146  6.260  6.335  6.073  6.261  6.120  6.277  5.927  6.269  6.397  6.161  6.247  6.038  5.903  6.320  6.230  6.242  6.019  6.011  5.984  5.976  6.028  6.109  6.087  6.011  5.866  5.928  5.891  5.771  6.159  6.064  6.040  6.142  6.014  6.098  6.205  6.344  5.976  6.252
4.522  4.380  4.557  4.367  4.394  4.431  4.202  4.317  4.190  4.431  4.248  4.369  4.659  4.410  4.369  4.317  4.380  4.382  4.489  4.638  4.331  4.431  4.331  4.344  4.263  4.407  4.357  4.234  4.182  4.217  4.159  4.159  4.394  4.344  4.263  4.234  4.317  4.431  4.413  4.344  4.205  4.205
5.352  4.975  5.236  5.394  5.390  5.323  4.956  5.283  5.118  5.474  5.398  5.288  5.451  5.338  5.308  5.159  4.879  5.333  5.425  5.298  5.050  4.905  5.204  5.162  5.153  5.106  5.108  5.347  4.854  4.977  5.029  4.804  5.278  5.197  4.898  5.193  5.108  5.256  5.215  5.273  5.165  5.308
4.344  4.317  4.290  4.220  4.369  4.290  4.407  4.304  4.328  4.443  4.357  4.361  4.489  4.419  4.522  4.263  4.248  4.171  4.205  4.382  4.394  4.394  4.369  4.231  4.205  4.290  4.140  4.127  3.985  4.052  4.234  4.111  4.290  4.143  4.111  4.277  4.159  4.281  4.263  4.190  4.159  4.267
4.043  4.060  4.094  4.007  4.190  4.078  3.970  4.078  4.127  4.078  4.007  4.052  4.159  4.290  4.290  3.989  4.031  4.190  4.234  4.220  4.140  3.829  4.040  4.078  3.989  3.850  3.980  4.091  3.928  4.007  3.951  3.928  4.007  4.060  3.947  4.099  3.985  3.961  3.951  4.025  3.989  3.951
6.144  5.996  6.131  6.157  6.161  6.071  6.031  6.028  6.028  6.199  6.089  6.091  6.159  6.060  6.211  5.966  6.087  6.118  6.163  6.082  6.224  6.057  6.053  6.153  5.888  5.938  5.921  5.920  5.768  5.979  6.021  5.986  6.095  6.066  6.100  6.180  6.027  6.067  6.111  5.841  5.866  5.974
3.773  3.605  3.795  3.611  3.714  3.714  3.664  3.807  3.664  3.701  3.807  3.918  3.985  3.932  3.951  3.850  3.761  3.714  3.970  3.970  4.091  3.664  3.784  3.829  3.689  3.611  3.689  3.761  3.611  3.714  3.664  3.757  3.664  3.714  3.738  3.709  3.750  3.684  3.689  3.611  3.689  3.611
5.429  5.257  5.371  5.398  5.489  5.323  5.231  5.268  5.411  5.535  5.485  5.371  5.493  5.318  5.525  5.328  5.278  5.317  5.357  5.558  5.464  5.433  5.405  5.497  5.278  5.246  5.262  5.246  5.106  5.236  5.142  5.268  5.421  5.303  5.394  5.451  5.351  5.327  5.368  5.366  5.159  5.231
