5.893  5.749  5.801  5.775  5.811  5.812  5.652  5.655  5.779  5.812  5.743  5.805  5.849  5.733  5.836  5.794  5.602  5.716  5.790  5.852  5.749  5.717  5.777  5.816  5.628  5.583  5.680  5.594  5.539  5.591  5.666  5.656  5.613  5.598  5.652  5.724  5.673  5.791  5.785  5.619  5.603  5.656
6.385  6.253  6.166  6.240  6.281  6.299  6.304  6.269  6.263  6.370  6.340  6.279  6.417  6.317  6.400  6.207  6.277  6.284  6.297  6.246  6.290  6.332  6.394  6.402  6.047  6.111  6.124  6.184  6.013  6.038  6.250  6.019  6.057  6.155  6.178  6.229  6.219  6.263  6.280  6.075  6.052  6.116
4.745  4.662  4.812  4.828  4.635  4.564  4.828  4.585  4.732  4.610  4.727  4.710  4.836  4.898  4.875  4.585  4.595  4.710  4.760  4.745  4.868  4.779  4.644  4.929  4.691  4.522  4.543  4.489  4.431  4.505  4.615  4.663  4.554  4.605  4.613  4.585  4.625  4.511  4.595  4.498  4.492  4.509
3.989  3.908  4.111  4.127  3.951  3.951  3.850  3.970  4.040  4.060  3.850  3.951  4.246  4.078  4.103  3.912  3.912  4.060  4.091  4.260  3.951  3.967  4.022  4.124  3.850  3.738  3.850  3.839  3.714  4.263  3.761  3.951  3.892  3.802  3.892  3.871  3.784  3.871  3.555  3.871  3.980  4.025
5.375  5.156  5.242  5.333  5.220  5.173  5.278  5.236  5.416  5.576  5.268  5.429  5.323  5.183  5.414  5.182  5.231  5.215  5.380  5.318  5.381  5.252  5.193  5.156  5.152  5.198  5.088  5.100  5.016  5.037  5.145  5.273  5.273  5.283  5.298  5.236  5.241  5.242  5.165  5.147  5.080  5.162
5.142  4.700  4.852  4.890  4.828  4.877  4.875  5.030  4.875  5.050  4.947  5.009  5.017  4.949  5.056  4.787  4.727  4.812  5.100  4.844  4.979  4.792  4.890  4.852  4.806  4.682  4.727  4.691  4.533  4.585  4.760  4.700  4.828  4.745  4.787  4.718  4.771  4.745  4.754  4.883  4.812  4.769
5.088  5.017  5.069  5.193  5.142  5.365  5.030  5.231  5.043  5.056  5.132  5.298  5.286  5.075  5.075  4.997  4.911  5.142  5.231  5.222  5.220  4.905  5.085  5.049  4.963  4.996  5.017  4.975  4.754  4.898  4.984  5.136  5.074  5.034  5.030  5.061  5.026  5.043  4.989  4.934  4.970  5.068
5.384  5.421  5.303  5.288  5.439  5.591  5.460  5.460  5.425  5.322  5.416  5.649  5.513  5.454  5.557  5.211  5.223  5.380  5.537  5.460  5.684  5.403  5.479  5.407  5.318  5.308  5.357  5.178  5.075  5.069  5.325  5.333  5.215  5.318  5.356  5.352  5.394  5.445  5.307  5.175  5.338  5.308
5.808  5.670  5.680  5.649  5.620  5.666  5.736  5.808  5.846  5.988  5.945  5.859  5.829  5.665  5.771  5.661  5.638  5.787  5.759  5.796  5.687  5.442  5.721  5.622  5.608  5.525  5.694  5.802  5.501  5.609  5.934  5.500  5.883  5.557  5.572  5.539  5.471  5.717  5.819  5.598  5.587  5.615
5.756  5.659  5.696  5.728  5.602  5.613  5.718  5.687  5.887  6.131  5.905  5.820  6.016  5.629  5.756  5.744  5.576  5.704  5.974  5.613  5.727  5.612  5.799  5.812  5.568  5.595  5.659  5.624  5.569  5.621  6.001  5.673  5.802  5.656  5.774  5.728  5.608  5.687  5.680  5.641  5.509  5.649
5.967  5.714  5.940  5.958  6.004  5.892  5.798  5.902  5.871  5.942  5.849  5.927  5.924  5.753  5.991  5.723  5.800  5.719  5.938  6.019  5.903  5.811  5.710  5.737  5.875  5.872  5.796  5.737  5.624  5.727  5.749  5.743  5.851  5.872  5.795  5.822  5.663  5.943  5.823  5.808  5.823  5.831
5.256  4.956  5.247  5.273  5.368  5.231  5.034  5.166  5.123  5.384  5.037  5.182  5.278  5.118  5.225  5.132  5.145  4.904  5.268  5.257  5.182  5.130  5.004  5.153  5.055  5.075  5.072  4.940  4.911  4.989  4.942  5.124  5.268  5.124  5.142  5.100  5.024  5.118  5.075  4.883  5.139  5.086
4.394  4.263  4.277  4.263  4.369  4.277  4.234  4.394  4.443  4.331  4.357  4.454  4.564  4.394  4.533  4.277  4.277  4.498  4.277  4.407  4.354  4.317  4.419  4.475  4.143  4.025  4.344  4.290  4.094  4.174  4.143  4.124  4.205  4.267  4.315  4.290  4.234  4.220  4.277  4.317  3.985  4.234
3.829  3.871  3.807  3.738  3.861  3.714  3.750  3.998  3.807  3.970  3.970  3.850  4.111  3.951  3.970  3.912  3.689  3.761  3.912  4.025  3.976  3.818  3.871  3.918  3.584  3.611  3.784  3.807  3.664  3.807  3.932  3.857  3.882  3.733  3.684  3.738  3.638  3.738  3.696  3.714  3.638  3.689
4.896  4.690  4.811  4.913  4.905  4.820  4.874  4.754  4.898  4.868  4.718  4.890  5.050  4.997  5.170  4.804  5.017  4.883  4.913  4.915  5.111  5.136  4.794  4.949  4.844  4.760  4.754  4.858  4.718  4.710  5.129  4.860  5.100  4.984  4.883  4.938  4.990  4.852  4.762  4.771  4.691  4.836
4.454  4.440  4.595  4.500  4.407  4.443  4.466  4.443  4.779  4.603  4.668  4.673  4.700  4.615  4.990  4.543  4.654  4.466  4.836  4.779  5.019  4.567  4.443  4.690  4.500  4.500  4.543  4.514  4.407  4.642  4.505  4.682  4.745  4.554  4.786  4.498  4.644  4.466  4.394  4.595  4.804  4.644
4.663  4.317  4.270  4.392  4.277  4.413  4.331  4.357  4.357  4.500  4.489  4.443  4.623  4.530  4.575  4.301  4.419  4.477  4.419  4.533  4.454  4.394  4.260  4.394  4.205  4.382  4.290  4.277  4.304  4.209  4.290  4.274  4.205  4.357  4.419  4.369  4.382  4.357  4.443  4.407  4.248  4.331
4.263  4.369  4.182  4.260  4.248  4.401  4.369  4.290  4.234  4.431  4.344  4.304  4.633  4.428  4.588  4.304  4.344  4.357  4.344  4.394  4.477  4.489  4.454  4.522  4.317  4.187  4.331  4.111  4.290  4.190  4.425  4.511  4.344  4.174  4.331  4.369  4.382  4.190  4.443  4.127  4.143  4.331
3.970  4.043  4.234  4.205  3.951  3.892  4.074  4.164  4.119  4.078  3.989  4.111  4.304  4.248  4.277  4.007  4.277  4.078  4.190  4.382  4.301  4.190  4.060  4.007  4.025  3.932  4.025  3.846  3.912  3.888  3.807  4.078  4.094  3.892  4.190  3.951  4.060  3.947  4.016  3.951  3.967  4.007
3.784  3.738  3.624  3.689  3.714  3.638  3.664  3.807  3.701  3.918  3.689  3.807  4.048  3.947  4.078  3.709  3.835  3.892  4.043  3.989  3.951  3.871  3.658  3.829  3.850  3.584  3.611  3.689  3.555  3.721  3.584  3.761  3.892  3.689  3.824  3.733  3.684  3.664  3.768  3.584  3.676  3.888
4.852  4.860  4.771  4.860  4.752  4.804  4.828  4.828  4.860  4.933  4.787  4.752  5.017  4.973  5.024  4.796  4.787  4.787  4.927  4.942  5.043  4.940  4.990  4.883  4.663  4.718  4.685  4.745  4.564  4.739  4.823  4.848  4.710  4.796  4.875  4.836  4.754  4.844  4.727  4.593  4.727  4.769
4.454  4.422  4.321  4.489  4.344  4.277  4.248  4.344  4.394  4.567  4.234  4.458  4.575  4.554  4.575  4.357  4.454  4.234  4.533  4.564  4.500  4.382  4.277  4.466  4.205  4.174  4.288  4.357  4.043  4.331  4.290  4.277  4.376  4.234  4.489  4.382  4.369  4.549  4.509  4.691  4.585  4.575
