4.301  4.277  4.394  4.234  4.331  4.419  4.263  4.431  4.341  4.522  4.317  4.401  4.304  4.304  4.472  4.344  4.290  4.331  4.277  4.290  4.331  4.536  4.159  4.248  4.205  4.248  4.156  4.094  4.205  4.202  4.025  4.143  4.159  4.315  4.263  4.190  4.466  4.274  4.290  4.357  4.066  4.187
4.590  4.394  4.530  4.382  4.331  4.369  4.394  4.500  4.673  4.608  4.304  4.543  4.644  4.564  4.564  4.511  4.404  4.263  4.564  4.511  4.380  4.475  4.267  4.392  4.419  4.443  4.344  4.127  4.190  4.194  4.253  4.290  4.263  4.369  4.321  4.277  4.407  4.217  4.263  4.220  4.277  4.344
4.628  4.557  4.543  4.580  4.525  4.573  4.522  4.543  4.564  4.682  4.511  4.533  4.682  4.673  4.745  4.671  4.454  4.489  4.618  4.533  4.682  4.554  4.564  4.836  4.443  4.344  4.382  4.419  4.190  4.248  4.431  4.382  4.443  4.522  4.369  4.454  4.443  4.466  4.297  4.500  4.290  4.428
4.419  4.277  4.344  4.304  4.288  4.111  4.248  4.331  4.187  4.382  4.321  4.341  4.422  4.477  4.564  4.304  4.190  4.344  4.341  4.492  4.533  4.317  4.290  4.477  4.290  4.190  4.277  4.263  4.094  3.947  4.159  4.263  4.143  4.277  4.043  4.078  4.060  4.060  4.111  4.248  4.127  4.143
5.094  4.812  5.016  4.949  5.136  5.043  4.934  4.949  4.890  5.109  5.072  5.118  5.088  4.990  5.124  4.820  4.828  4.796  5.050  5.130  5.118  4.984  4.847  4.970  4.771  4.771  4.812  4.816  4.705  4.620  4.913  4.812  4.852  4.990  4.794  4.883  4.812  4.984  4.790  4.794  4.691  4.898
3.784  3.714  3.957  3.892  3.892  3.850  3.689  3.807  3.850  3.932  3.824  3.714  3.871  3.784  4.007  3.867  3.829  3.829  3.850  4.004  3.871  3.888  3.807  3.989  3.784  3.714  3.638  3.671  3.619  3.611  3.912  3.689  3.784  3.664  3.714  3.784  3.684  3.850  3.684  3.780  3.784  3.738
5.193  5.170  5.130  5.209  5.136  5.268  5.112  5.187  5.278  5.447  5.357  5.176  5.303  5.238  5.384  5.204  5.308  5.011  5.366  5.236  5.333  5.075  5.123  5.209  5.118  5.030  5.130  5.112  5.004  5.147  5.118  5.166  5.069  5.135  5.153  5.166  5.094  5.100  5.182  5.032  5.056  5.014
4.762  4.564  4.852  4.595  4.554  4.860  4.700  4.696  4.875  4.920  4.718  4.852  4.796  4.663  4.762  4.554  4.600  4.663  4.820  4.934  4.905  4.654  4.543  4.984  4.812  4.533  4.454  4.431  4.376  4.440  4.454  4.640  4.654  4.578  4.691  4.595  4.552  4.575  4.511  4.595  4.454  4.533
4.004  3.980  4.078  4.007  4.060  3.989  3.850  4.159  3.970  4.263  4.159  4.043  3.932  4.094  4.127  4.016  3.970  4.043  4.260  4.094  4.171  4.025  3.947  4.078  3.839  3.807  3.892  3.912  3.757  3.932  3.871  4.025  4.025  3.970  3.912  4.025  3.970  3.932  3.892  3.908  3.892  4.040
4.458  4.500  4.466  4.500  4.489  4.304  4.500  4.443  4.464  4.806  4.714  4.727  4.640  4.595  4.575  4.220  4.270  4.522  4.522  4.446  4.500  4.301  4.419  4.549  4.248  4.241  4.317  4.483  4.248  4.369  4.394  4.270  4.304  4.304  4.494  4.443  4.382  4.454  4.304  4.489  4.344  4.205
4.956  4.787  4.927  4.883  4.949  4.898  4.771  4.852  4.786  5.063  4.963  5.011  4.986  4.787  4.934  4.700  4.642  4.875  4.875  4.898  4.730  4.762  4.666  4.714  4.736  4.644  4.710  4.673  4.500  4.615  4.771  4.625  4.710  4.673  4.736  4.727  4.745  4.875  4.787  4.800  4.691  4.762
5.969  5.871  5.852  5.921  5.849  5.954  5.881  5.894  5.894  6.116  6.019  5.943  5.995  5.932  6.043  5.802  5.778  5.841  5.909  5.832  5.899  5.932  5.793  5.938  5.737  5.687  5.793  5.768  5.513  5.684  5.852  5.717  5.754  5.724  5.799  5.889  5.790  5.811  5.858  5.779  5.724  5.771
4.691  4.754  4.554  4.595  4.745  4.603  4.625  4.543  4.700  4.836  4.710  4.691  4.762  4.682  4.898  4.654  4.514  4.745  4.511  4.615  4.771  4.595  4.779  4.812  4.263  4.419  4.585  4.344  4.530  4.489  4.673  4.481  4.605  4.511  4.419  4.663  4.625  4.489  4.680  4.357  4.290  4.413
4.905  4.741  4.659  4.745  4.673  4.779  4.796  4.771  4.605  4.927  4.796  4.625  4.852  4.752  4.718  4.710  4.666  4.756  4.771  4.727  4.956  4.854  4.787  4.968  4.394  4.443  4.654  4.538  4.440  4.552  4.779  4.727  4.635  4.654  4.625  4.745  4.687  4.554  4.934  4.575  4.376  4.662
3.664  3.807  3.757  3.850  3.784  3.664  3.709  3.632  3.835  3.850  3.605  4.025  3.912  3.850  3.882  3.784  3.912  3.664  3.829  4.108  4.074  4.127  4.060  3.970  3.824  3.605  3.684  3.761  3.466  3.664  3.733  3.714  3.638  3.701  3.780  3.829  3.611  3.714  3.850  3.526  3.807  3.689
3.689  3.689  3.584  3.850  3.882  3.761  3.664  3.829  3.912  4.031  3.824  3.709  4.190  3.951  4.057  3.912  3.871  3.871  3.888  3.951  4.111  3.892  3.967  3.784  3.802  3.738  3.761  3.638  3.401  3.638  3.829  3.761  3.689  3.850  3.877  3.807  3.829  3.807  3.761  3.550  3.605  3.638
4.543  4.511  4.585  4.454  4.466  4.394  4.263  4.382  4.419  4.673  4.500  4.625  4.580  4.578  4.489  4.407  4.288  4.477  4.477  4.419  4.575  4.407  4.304  4.466  4.074  4.274  4.197  4.277  4.143  4.190  4.344  4.394  4.277  4.234  4.304  4.466  4.344  4.357  4.489  4.344  4.248  4.449
4.127  4.043  4.034  4.060  4.025  4.007  3.951  4.060  3.942  4.174  4.060  4.190  4.182  4.159  4.190  4.007  3.970  4.108  4.007  4.159  4.127  4.124  4.108  4.057  3.750  3.829  3.773  3.892  3.638  3.902  4.007  4.025  3.989  3.871  4.043  4.159  3.985  3.912  4.016  4.060  3.970  3.970
4.274  4.464  4.419  4.394  4.500  4.511  4.290  4.419  4.431  4.220  4.357  4.190  4.575  4.533  4.682  4.344  4.220  4.543  4.522  4.543  4.743  4.595  4.452  4.595  4.143  4.209  4.260  4.078  3.985  4.220  4.205  4.248  4.394  4.277  4.248  4.454  4.277  4.220  4.290  4.290  4.159  4.220
4.167  4.331  4.466  4.341  4.277  4.344  4.472  4.205  4.554  4.277  4.554  4.263  4.564  4.536  4.615  4.301  4.159  4.419  4.595  4.500  4.718  4.536  4.431  4.595  4.143  4.315  4.094  4.380  4.099  4.248  4.234  4.304  4.564  4.392  4.220  4.248  4.290  4.317  4.270  4.331  4.277  4.220
5.273  5.192  5.293  5.236  5.247  5.338  5.285  5.287  5.305  5.354  5.313  5.384  5.451  5.357  5.494  5.246  5.081  5.328  5.342  5.493  5.442  5.220  5.293  5.252  5.193  5.257  5.308  5.211  5.118  5.242  5.278  5.268  5.273  5.263  5.215  5.211  5.288  5.303  5.136  5.398  5.196  5.333
5.497  5.347  5.442  5.361  5.346  5.540  5.429  5.455  5.437  5.565  5.303  5.529  5.552  5.509  5.706  5.446  5.318  5.472  5.525  5.547  5.709  5.509  5.505  5.493  5.432  5.412  5.384  5.333  5.328  5.416  5.412  5.288  5.489  5.438  5.412  5.502  5.517  5.389  5.346  5.384  5.368  5.490
