5.347  5.283  5.347  5.255  5.317  5.357  5.463  5.412  5.511  5.545  5.352  5.407  5.393  5.242  5.394  5.268  5.286  5.247  5.460  5.283  5.451  5.389  5.270  5.375  5.204  5.263  5.257  5.069  5.226  5.268  5.236  5.357  5.338  5.427  5.489  5.394  5.347  5.288  5.159  5.268  5.434  5.521
5.352  5.226  5.193  5.198  5.209  5.356  5.481  5.278  5.318  5.338  5.257  5.303  5.429  5.176  5.394  5.277  5.165  5.231  5.303  5.257  5.468  5.323  5.164  5.394  5.273  5.159  5.187  5.075  5.152  5.159  5.324  5.187  5.193  5.264  5.268  5.276  5.187  5.118  5.053  5.123  5.094  5.338
4.533  4.376  4.489  4.357  4.394  4.260  4.290  4.431  4.317  4.615  4.394  4.431  4.477  4.443  4.585  4.382  4.277  4.552  4.344  4.500  4.394  4.328  4.220  4.394  4.143  4.234  4.220  4.422  4.205  4.234  4.407  4.277  4.290  4.190  4.190  4.301  4.357  4.382  4.394  4.446  4.043  4.428
5.323  5.056  5.288  5.088  5.112  5.043  5.100  5.318  5.106  5.425  5.226  5.303  5.231  5.133  5.226  5.081  4.913  5.291  5.127  5.220  5.075  4.990  5.023  5.083  4.868  4.905  5.011  5.030  4.736  4.920  5.186  4.975  5.081  4.949  5.043  4.959  5.043  5.127  5.153  4.992  4.942  5.077
6.450  6.258  6.381  6.342  6.329  6.319  6.428  6.360  6.394  6.509  6.397  6.496  6.427  6.333  6.534  6.299  6.307  6.377  6.458  6.385  6.536  6.431  6.337  6.487  6.336  6.245  6.291  6.227  6.136  6.236  6.296  6.349  6.370  6.488  6.447  6.420  6.494  6.482  6.538  6.687  6.597  6.735
7.073  6.965  6.976  6.962  6.956  7.023  7.035  6.989  7.024  7.042  7.004  7.075  7.050  7.014  7.090  6.924  6.873  7.019  6.978  6.948  7.078  7.053  7.050  7.104  6.863  6.910  6.894  6.896  6.881  6.915  6.991  6.852  6.916  6.976  6.970  6.992  7.034  6.999  6.928  7.012  6.844  7.050
5.056  5.043  4.868  5.037  5.069  5.088  4.956  5.021  5.004  5.159  5.080  5.130  4.959  5.170  5.236  5.204  4.942  5.069  5.192  5.186  5.247  4.997  5.147  5.111  5.017  4.904  4.942  5.017  4.828  5.030  4.970  5.050  4.945  4.920  4.997  4.920  5.047  4.997  4.931  4.913  4.864  4.920
5.613  5.493  5.464  5.557  5.447  5.692  5.591  5.412  5.662  5.645  5.635  5.720  5.628  5.689  5.778  5.650  5.549  5.529  5.733  5.545  5.790  5.620  5.628  5.666  5.533  5.460  5.595  5.485  5.366  5.485  5.591  5.606  5.398  5.553  5.608  5.690  5.578  5.556  5.429  5.320  5.434  5.553
6.250  6.073  6.155  6.308  6.203  6.217  6.139  6.207  6.161  6.129  6.270  5.922  6.223  6.174  6.310  6.100  6.096  6.148  6.161  6.207  6.203  6.127  6.087  6.100  6.082  6.100  6.015  6.033  5.835  5.922  6.120  6.066  6.064  6.064  6.184  6.127  6.203  6.144  6.045  6.022  6.033  6.094
5.645  5.624  5.537  5.737  5.553  5.622  5.719  5.572  5.720  5.561  5.613  5.394  5.687  5.684  5.808  5.609  5.704  5.434  5.594  5.561  5.849  5.717  5.680  5.777  5.566  5.483  5.398  5.352  5.354  5.308  5.557  5.613  5.525  5.598  5.580  5.620  5.609  5.489  5.464  5.451  5.617  5.531
5.159  5.063  5.159  5.121  5.034  5.109  5.242  5.024  5.106  5.366  5.066  5.198  5.380  5.187  5.366  5.176  5.162  5.030  5.246  5.170  5.398  5.204  5.120  5.100  5.017  5.088  5.063  4.890  4.965  4.990  5.124  5.088  5.165  5.182  5.204  5.182  5.231  5.027  5.004  4.920  4.970  4.984
4.350  4.564  4.277  4.328  4.263  4.190  4.595  4.394  4.394  4.489  4.274  4.477  4.454  4.500  4.554  4.419  4.509  4.407  4.380  4.317  4.595  4.736  4.437  4.727  4.419  4.382  4.431  4.220  4.263  4.290  4.443  4.477  4.317  4.533  4.605  4.419  4.419  4.220  4.111  4.344  4.190  4.419
5.389  5.242  5.466  5.357  5.234  5.347  5.313  5.375  5.354  5.513  5.409  5.442  5.407  5.361  5.447  5.273  5.372  5.434  5.505  5.434  5.476  5.403  5.361  5.523  5.283  5.283  5.278  5.088  4.989  5.170  5.204  5.220  5.318  5.353  5.273  5.278  5.313  5.231  5.298  5.170  5.226  5.351
5.030  4.875  4.996  5.017  4.958  5.159  5.030  4.963  5.011  5.097  4.966  5.063  5.043  5.024  5.124  4.881  4.883  5.004  5.142  5.037  5.182  5.088  5.004  5.016  5.081  4.913  4.883  4.875  4.804  4.911  4.920  4.949  5.030  5.026  5.032  5.011  4.919  4.828  4.812  4.913  4.984  5.094
5.043  4.905  5.003  4.997  4.970  4.961  4.942  4.934  4.787  5.147  5.118  5.004  5.118  4.968  5.147  4.748  4.883  5.014  4.990  5.088  5.136  4.919  4.913  5.075  4.708  4.771  4.949  4.700  4.682  4.690  4.828  4.860  5.003  4.942  4.916  4.947  4.890  4.934  4.836  4.828  4.736  4.883
4.911  4.710  4.902  5.004  4.883  4.875  4.771  4.796  4.836  4.970  4.883  4.883  4.824  4.913  5.043  4.749  4.843  4.944  4.836  4.977  4.990  4.894  4.787  4.898  4.630  4.654  4.718  4.575  4.615  4.610  4.564  4.727  4.779  4.749  4.708  4.862  4.682  4.730  4.779  4.615  4.718  4.754
3.912  3.761  3.892  3.829  3.871  3.807  3.932  3.892  3.957  4.007  4.057  3.892  3.989  4.094  4.197  3.947  4.060  3.861  4.248  3.951  4.190  3.871  4.174  3.989  3.784  3.892  3.714  3.738  3.846  3.912  3.871  3.689  3.961  3.807  3.970  3.989  3.951  3.932  3.871  3.738  3.689  3.664
5.835  5.852  5.582  5.765  5.875  5.820  5.720  5.756  5.638  5.971  6.004  5.874  6.033  5.976  6.019  5.808  5.714  5.966  5.793  5.768  5.994  5.924  5.883  5.981  5.571  5.545  5.620  5.638  5.451  5.546  5.740  5.609  5.670  5.649  5.759  5.746  5.638  5.820  5.857  5.659  5.576  5.613
4.143  4.263  4.060  4.317  4.394  4.344  4.317  4.304  4.382  4.380  4.290  4.416  4.543  4.595  4.533  4.369  4.277  4.234  4.401  4.494  4.520  4.394  4.317  4.449  4.111  4.348  4.357  4.209  4.007  4.174  4.209  4.369  4.190  4.143  4.205  4.344  4.369  4.416  4.052  4.304  4.246  4.111
3.824  3.912  3.761  3.989  4.060  3.829  3.951  3.850  3.932  3.985  3.892  3.928  4.040  4.043  4.174  3.846  3.912  3.871  3.871  3.989  4.091  4.007  3.784  3.892  3.871  3.824  3.871  3.757  3.555  3.807  3.726  3.932  3.892  3.738  3.829  3.908  3.829  3.970  3.684  3.738  3.807  3.784
4.074  4.156  4.108  3.951  3.932  3.957  3.912  3.989  3.989  4.317  3.850  4.231  4.099  4.078  4.159  3.850  3.932  3.951  4.040  4.127  3.970  4.007  3.829  4.190  3.967  3.912  3.908  3.807  3.871  3.871  3.829  4.159  4.331  3.850  3.871  3.784  3.761  3.877  3.892  3.784  3.932  3.951
4.220  4.143  4.357  4.234  4.190  4.187  4.127  4.167  4.060  4.454  4.094  4.295  4.458  4.277  4.407  4.174  4.290  4.220  4.386  4.357  4.344  4.277  4.324  4.277  3.970  3.932  4.074  4.060  3.912  3.970  4.190  4.143  4.127  4.025  4.380  4.143  4.140  4.311  4.124  4.108  3.970  4.202
