4.615  4.304  4.443  4.575  4.431  4.477  4.380  4.317  4.466  4.354  4.454  4.654  4.440  4.654  4.344  4.344  4.143  4.394  4.425  4.585  4.290  4.331  4.431  4.382  4.301  4.234  4.060  4.277  4.043  4.111  4.205  4.197  4.304  4.369  4.156  4.317  4.382  4.511  4.357  4.357  4.074  4.443
4.331  3.871  4.394  4.357  4.205  4.205  4.238  4.004  4.174  4.127  4.025  4.212  4.127  4.174  3.932  4.260  3.912  3.951  4.094  4.344  4.060  3.989  4.060  3.980  4.119  4.078  3.829  3.967  3.784  3.850  3.932  3.892  4.605  4.025  3.912  4.111  3.947  4.127  4.111  3.761  4.025  4.078
4.920  4.779  4.844  4.890  4.934  4.875  4.933  4.875  4.942  4.996  4.889  4.904  5.004  4.802  5.050  4.802  4.852  4.812  4.934  4.890  4.913  4.811  4.726  4.820  4.820  4.754  4.796  4.779  4.575  4.718  4.868  4.644  4.771  4.800  4.819  4.860  4.811  4.992  4.862  4.877  4.727  4.927
5.357  5.147  5.126  5.153  5.118  5.165  5.277  5.323  5.263  5.481  5.333  5.323  5.371  5.288  5.298  5.300  5.159  5.165  5.353  5.147  5.242  5.198  5.231  5.176  5.159  5.004  5.112  5.017  5.024  5.034  5.272  5.159  4.984  5.124  5.193  5.255  5.176  5.318  5.357  5.371  5.024  5.280
4.419  4.533  4.440  4.475  4.373  4.331  4.440  4.328  4.446  4.575  4.522  4.557  4.635  4.431  4.575  4.344  4.416  4.419  4.454  4.595  4.585  4.443  4.419  4.564  4.357  4.344  4.344  4.304  4.317  4.413  4.422  4.357  4.477  4.522  4.407  4.357  4.331  4.263  4.317  4.357  4.394  4.489
4.220  4.248  4.274  4.290  3.932  4.317  4.317  4.205  4.248  4.477  4.253  4.477  4.350  4.202  4.277  4.290  4.446  4.094  4.220  4.277  4.419  4.234  4.205  4.382  4.205  4.290  4.111  4.060  4.182  4.187  4.016  4.190  4.205  4.394  4.304  4.143  4.350  4.190  4.328  4.277  4.159  4.317
5.442  5.303  5.338  5.043  5.447  5.447  5.375  5.323  5.352  5.439  5.322  5.415  5.509  5.440  5.447  5.251  5.236  5.425  5.303  5.380  5.341  5.112  5.338  5.239  5.236  5.136  5.247  5.209  5.091  5.198  5.283  4.987  5.170  5.182  5.017  5.219  5.328  5.281  5.352  5.308  5.130  5.220
4.554  4.392  4.205  4.331  4.460  4.407  4.428  4.274  4.522  4.431  4.464  4.505  4.522  4.469  4.673  4.575  4.277  4.477  4.511  4.489  4.699  4.317  4.522  4.564  4.263  4.357  4.407  4.277  4.263  4.369  4.367  4.394  4.159  4.367  4.263  4.525  4.522  4.256  4.248  4.394  4.143  4.394
4.407  4.248  4.407  4.511  4.367  4.404  4.344  4.407  4.398  4.644  4.477  4.559  4.466  4.367  4.682  4.431  4.220  4.205  4.500  4.615  4.554  4.500  4.350  4.489  4.382  4.317  4.369  4.143  4.111  4.220  4.205  4.043  4.483  4.277  4.304  4.357  4.304  4.304  4.357  4.382  4.419  4.317
4.004  3.912  3.850  3.912  3.768  3.850  3.807  3.928  3.951  3.892  3.738  4.078  3.942  3.912  3.951  3.784  3.892  3.784  3.761  4.007  3.871  3.850  3.733  3.912  3.989  3.932  3.714  3.738  3.745  3.689  3.714  3.784  3.912  3.784  3.989  3.738  3.714  3.761  3.850  3.664  3.709  3.714
5.984  5.927  5.915  5.927  5.924  6.009  6.052  5.964  6.035  6.108  6.035  5.995  6.038  6.041  6.076  5.875  5.945  5.899  6.026  5.999  6.068  6.075  5.923  6.021  5.894  5.969  5.900  5.805  5.765  5.859  5.958  5.948  5.897  6.019  6.157  5.937  5.981  5.976  5.866  5.866  5.919  5.935
6.062  5.953  5.944  5.945  5.981  5.871  6.009  5.911  6.068  6.275  6.207  6.184  6.324  6.095  6.261  6.248  6.324  6.223  6.125  5.999  6.021  6.033  5.974  6.023  5.817  5.889  5.914  5.875  5.775  5.770  6.021  5.855  5.938  6.006  6.057  5.882  5.966  5.908  5.930  5.892  5.820  5.796
4.883  4.730  4.685  4.736  4.685  4.779  4.691  4.511  4.522  4.890  4.843  4.828  4.883  4.879  4.997  4.730  4.573  4.771  4.828  4.726  4.779  4.812  4.710  4.649  4.662  4.511  4.613  4.613  4.605  4.477  4.762  4.522  4.691  4.595  4.710  4.633  4.554  4.820  4.635  4.671  4.394  4.654
4.220  4.043  4.007  4.220  4.022  4.127  4.043  4.143  4.143  4.263  4.143  4.277  4.248  4.317  4.277  4.040  3.967  4.111  4.159  4.277  4.156  4.078  4.094  4.060  3.989  3.989  4.025  4.111  3.638  3.951  4.060  4.040  4.052  3.951  4.094  4.290  4.016  4.043  4.190  4.263  4.159  4.143
5.209  5.050  5.204  4.927  5.165  5.209  4.898  5.159  5.124  5.283  5.193  5.112  5.247  5.236  5.193  5.100  5.030  5.011  5.100  5.198  5.075  5.017  5.100  5.103  4.909  5.130  5.063  5.130  4.871  4.852  5.056  4.963  4.949  5.045  4.898  5.118  4.920  5.198  5.347  5.124  4.956  4.942
4.625  4.543  4.419  4.549  4.691  4.530  4.304  4.533  4.520  4.625  4.710  4.682  4.727  4.691  4.700  4.635  4.344  4.494  4.633  4.644  4.554  4.454  4.554  4.443  4.369  4.477  4.431  4.575  4.174  4.171  4.369  4.369  4.549  4.382  4.263  4.500  4.431  4.543  4.635  4.595  4.369  4.394
4.754  4.727  4.739  4.913  4.848  4.758  4.718  4.605  4.836  4.710  4.760  4.736  4.850  4.970  4.951  4.564  4.610  4.718  4.920  4.787  4.963  4.700  4.687  4.836  4.718  4.585  4.543  4.618  4.380  4.585  4.575  4.796  4.677  4.649  4.644  4.718  4.662  4.644  4.766  4.657  4.700  4.477
4.718  4.654  4.541  4.736  4.590  4.600  4.635  4.754  4.754  4.489  4.635  4.511  4.749  4.771  4.883  4.500  4.498  4.771  4.836  4.718  4.852  4.771  4.575  4.779  4.431  4.564  4.489  4.460  4.394  4.595  4.369  4.533  4.662  4.514  4.500  4.635  4.567  4.644  4.700  4.419  4.575  4.644
4.820  4.682  5.072  5.017  4.934  4.860  4.762  4.890  4.942  5.004  4.870  4.934  4.885  4.687  5.170  4.754  4.680  4.883  5.069  4.922  4.970  4.771  4.754  4.804  4.787  4.773  4.700  4.677  4.392  4.633  4.727  4.718  4.796  4.836  4.754  4.779  4.682  4.883  4.796  4.749  5.011  4.812
4.898  4.762  5.026  4.905  4.836  4.898  4.956  4.812  4.934  5.050  4.963  4.890  4.977  4.913  5.165  4.779  4.787  4.852  5.056  4.984  5.081  4.956  4.727  5.004  4.796  4.691  4.727  4.696  4.635  4.832  4.844  4.905  4.787  4.836  4.984  4.937  4.723  4.875  4.787  4.828  4.905  4.777
4.220  4.277  4.135  4.220  4.111  4.111  4.301  4.159  4.205  4.317  4.135  4.290  4.380  4.205  4.363  4.263  4.111  4.231  4.419  4.500  4.270  4.288  4.060  4.328  4.190  4.143  4.078  4.140  4.091  4.078  4.127  4.344  4.290  4.159  4.270  4.246  4.357  4.143  4.060  4.007  4.263  4.174
4.585  4.466  4.486  4.533  4.605  4.575  4.554  4.511  4.543  4.511  4.472  4.691  4.762  4.543  4.796  4.419  4.575  4.554  4.812  5.108  4.852  4.691  4.564  4.615  4.382  4.454  4.394  4.350  4.505  4.428  4.588  4.652  4.575  4.583  4.635  4.654  4.520  4.595  4.522  4.382  4.304  4.431
