5.581  5.337  5.483  5.130  5.656  5.746  5.409  5.561  5.700  5.642  5.535  5.759  5.690  5.617  5.631  5.561  5.257  5.565  5.620  5.509  5.545  5.438  5.591  5.468  5.421  5.628  5.525  5.565  5.187  5.464  5.521  5.313  5.333  5.421  5.489  5.445  5.565  5.583  5.529  5.517  5.366  5.425
4.127  3.850  3.871  3.824  4.025  4.007  3.951  4.007  4.094  3.970  3.989  4.043  4.111  4.274  4.220  3.989  3.871  3.951  3.947  4.060  3.970  3.892  4.060  4.148  3.970  3.912  4.190  3.829  3.850  4.060  3.951  3.791  3.951  3.967  3.912  3.938  3.912  4.043  4.078  3.807  3.664  3.951
7.292  7.034  7.143  7.088  7.093  7.182  7.123  7.206  7.248  7.384  7.154  7.247  7.278  7.154  7.226  7.156  6.987  7.102  7.251  7.146  7.114  7.091  7.107  7.053  7.060  7.149  7.120  7.130  6.927  7.045  7.107  6.982  6.940  7.157  7.112  7.148  7.159  7.150  7.084  7.206  7.010  7.166
6.792  6.642  6.658  6.739  6.652  6.752  6.809  6.762  6.865  6.969  6.785  6.837  6.851  6.633  6.735  6.732  6.699  6.576  6.790  6.732  6.742  6.668  6.655  6.711  6.641  6.589  6.623  6.564  6.423  6.586  6.609  6.537  6.486  6.738  6.715  6.613  6.609  6.649  6.675  6.627  6.528  6.653
6.290  6.122  6.159  6.111  6.153  6.248  6.133  6.105  6.052  6.284  6.263  6.190  6.282  6.171  6.286  6.084  5.974  6.258  6.227  6.196  6.163  6.004  6.077  6.113  6.045  6.005  6.111  6.045  5.872  6.011  6.133  5.924  6.078  6.061  6.014  6.071  6.057  6.146  6.147  6.129  5.948  6.107
5.366  5.142  5.142  5.303  5.226  5.209  5.075  5.231  5.223  5.361  5.228  5.308  5.407  5.249  5.288  5.198  4.956  5.170  5.447  5.230  5.206  5.170  5.176  5.293  5.074  4.965  4.973  5.129  4.963  5.026  4.970  5.075  5.091  5.123  5.165  5.091  5.130  5.074  5.136  5.045  5.075  5.105
6.107  5.808  5.924  6.031  6.064  6.084  5.823  6.004  5.972  6.032  5.958  6.089  5.987  5.921  6.058  5.685  5.521  5.900  6.040  5.971  5.841  5.832  5.835  5.820  5.756  5.790  5.814  5.779  5.509  5.606  5.703  5.553  5.746  5.883  5.705  5.864  5.876  6.000  5.903  6.059  5.775  5.979
4.796  4.600  4.575  4.836  4.575  4.691  4.522  4.564  4.745  4.575  4.605  4.752  4.860  4.682  4.909  4.477  4.477  4.489  4.654  4.696  4.710  4.687  4.700  4.736  4.464  4.654  4.595  4.498  4.263  4.466  4.394  4.317  4.605  4.691  4.503  4.690  4.615  4.644  4.652  4.640  4.554  4.703
6.485  6.172  6.297  6.142  6.417  6.400  6.192  6.288  6.205  6.465  6.381  6.457  6.521  6.345  6.423  6.284  6.009  6.399  6.447  6.385  6.236  6.206  6.204  6.231  6.198  6.238  6.064  6.260  5.999  5.901  6.144  5.935  6.057  6.203  6.167  6.211  6.275  6.263  6.208  6.310  6.063  6.229
4.522  4.573  4.324  4.179  4.263  4.190  4.094  4.248  4.263  4.407  4.392  4.369  4.394  4.530  4.543  4.290  4.143  4.007  4.290  4.443  4.234  4.220  4.369  4.369  4.159  4.301  4.143  4.108  4.094  4.190  4.350  3.951  4.025  4.234  4.331  4.311  4.060  4.290  4.248  4.074  4.043  4.043
5.249  4.924  5.024  5.136  5.215  5.165  4.905  5.136  5.106  5.236  5.017  5.147  5.147  5.172  5.257  4.913  5.004  5.155  5.293  5.164  5.176  4.860  4.887  4.970  4.913  5.094  4.997  5.043  4.796  4.700  4.663  4.820  4.970  5.103  5.030  5.024  4.806  5.242  4.984  5.050  5.043  5.136
4.595  4.714  4.573  4.736  4.796  4.769  4.530  4.682  4.644  4.828  4.718  4.743  4.905  4.812  4.920  4.610  4.419  4.762  4.771  4.727  4.860  4.676  4.633  4.754  4.595  4.443  4.500  4.489  4.317  4.386  4.522  4.575  4.615  4.745  4.585  4.625  4.564  4.700  4.682  4.615  4.520  4.644
6.491  6.272  6.295  6.326  6.303  6.457  6.306  6.426  6.410  6.449  6.311  6.422  6.550  6.437  6.410  6.328  6.281  6.373  6.372  6.483  6.304  6.261  6.248  6.242  6.255  6.439  6.312  6.328  6.219  6.223  6.269  6.175  6.342  6.405  6.270  6.353  6.319  6.458  6.306  6.426  6.321  6.372
6.146  5.923  6.029  6.017  6.096  5.989  5.996  6.057  5.974  6.100  6.011  6.094  6.213  6.056  6.131  6.027  6.000  5.971  5.996  6.133  6.075  5.999  5.950  6.064  5.875  5.961  5.989  5.758  5.926  5.723  5.976  5.890  6.004  6.047  5.981  5.989  5.981  5.991  5.886  6.001  5.878  5.958
6.846  6.317  6.718  6.650  6.797  6.763  6.344  6.661  6.592  6.792  6.801  6.768  6.845  6.730  6.733  6.511  6.168  6.799  6.750  6.754  6.296  6.297  6.455  6.380  6.370  6.558  6.507  6.624  6.096  6.290  6.397  6.057  6.620  6.613  6.384  6.535  6.395  6.695  6.634  6.745  6.475  6.678
5.273  5.085  5.231  5.247  5.364  5.357  4.956  5.155  5.186  5.438  5.367  5.231  5.489  5.390  5.384  5.030  4.827  5.366  5.268  5.172  4.940  4.934  5.159  5.100  5.061  5.093  5.056  5.153  4.732  4.913  5.058  4.454  4.997  4.956  4.823  5.106  4.904  5.024  5.089  5.142  4.868  5.112
6.954  6.599  6.700  6.707  6.805  6.870  6.650  6.734  6.658  6.851  6.835  6.851  6.932  6.886  6.812  6.662  6.550  6.919  6.797  6.845  6.654  6.557  6.677  6.644  6.582  6.741  6.701  6.754  6.425  6.472  6.588  6.361  6.640  6.707  6.658  6.683  6.641  6.774  6.730  6.822  6.469  6.787
5.442  5.288  5.447  5.366  5.513  5.496  5.303  5.303  5.276  5.521  5.624  5.537  5.642  5.580  5.628  5.328  5.100  5.580  5.493  5.472  5.320  5.220  5.352  5.347  5.416  5.497  5.422  5.303  5.159  5.088  5.283  4.887  5.278  5.318  5.158  5.455  5.278  5.425  5.306  5.352  5.204  5.434
5.252  4.972  5.149  5.142  5.159  5.231  5.017  5.159  5.099  5.298  5.159  5.139  5.147  5.118  5.328  5.024  5.147  5.136  5.252  5.283  5.130  5.066  5.088  5.063  5.066  5.159  4.970  5.204  4.934  5.004  5.011  4.999  5.242  5.118  5.050  5.193  5.088  5.106  4.984  5.124  5.081  5.153
5.808  5.737  5.799  5.914  5.765  5.816  5.756  5.784  5.740  5.858  5.771  5.883  5.924  5.728  5.899  5.707  5.687  5.733  5.894  5.910  5.872  5.825  5.787  5.869  5.673  5.744  5.635  5.629  5.447  5.628  5.707  5.617  5.838  5.697  5.762  5.707  5.692  5.787  5.697  5.744  5.727  5.749
5.938  5.628  5.869  5.903  5.852  5.867  5.735  5.868  5.835  6.014  5.957  5.969  5.911  5.991  5.852  5.814  5.636  6.031  5.996  5.943  5.820  5.677  5.717  5.866  5.793  5.826  5.690  5.894  5.535  5.628  5.784  5.598  5.861  5.852  5.750  5.765  5.707  5.887  5.802  5.799  5.694  5.799
5.472  5.286  5.384  5.398  5.393  5.360  5.352  5.375  5.472  5.537  5.545  5.425  5.580  5.583  5.513  5.421  5.192  5.565  5.537  5.517  5.412  5.416  5.313  5.476  5.464  5.442  5.403  5.663  5.244  5.447  5.313  5.238  5.371  5.368  5.407  5.323  5.272  5.429  5.525  5.484  5.263  5.357
