3.835  3.784  3.773  3.784  3.908  3.918  3.807  3.892  3.871  3.850  3.861  4.007  3.892  3.970  4.007  3.784  3.784  3.738  3.784  3.912  4.197  3.912  3.871  3.871  3.989  3.638  3.761  3.696  3.818  3.733  3.555  3.867  3.892  3.932  3.784  3.714  3.784  3.638  3.761  3.555  3.696  3.802
3.584  3.619  3.738  3.497  3.526  3.689  3.611  3.638  3.664  3.807  3.506  3.738  3.761  3.807  3.664  3.689  3.850  3.664  3.638  3.689  3.850  3.689  3.605  3.611  3.584  3.611  3.584  3.490  3.466  3.490  3.497  3.761  3.689  3.638  3.584  3.638  3.497  3.555  3.526  3.434  3.497  3.520
5.460  5.182  5.380  5.318  5.370  5.321  5.447  5.347  5.352  5.451  5.351  5.478  5.429  5.268  5.485  5.351  5.252  5.228  5.357  5.380  5.347  5.293  5.323  5.236  5.182  5.136  5.147  5.130  4.977  5.100  5.313  5.298  5.206  5.308  5.333  5.273  5.322  5.263  5.024  5.130  5.303  5.198
6.709  6.600  6.518  6.555  6.526  6.664  6.698  6.597  6.674  6.753  6.761  6.688  6.706  6.672  6.668  6.607  6.561  6.638  6.683  6.488  6.709  6.652  6.651  6.684  6.500  6.466  6.565  6.557  6.465  6.552  6.727  6.519  6.461  6.581  6.611  6.655  6.783  6.600  6.490  6.575  6.571  6.475
4.317  4.078  4.446  4.344  4.111  4.190  4.074  4.167  4.454  4.477  4.060  4.533  4.357  4.407  4.633  4.174  4.231  4.297  4.440  4.419  4.382  4.078  4.111  4.437  4.290  4.025  4.094  4.127  4.060  4.231  4.043  4.127  4.394  4.260  4.248  4.159  4.007  4.263  4.205  3.951  4.248  3.951
4.615  4.552  4.673  4.718  4.827  4.815  4.477  4.691  5.056  4.754  4.691  4.700  4.804  4.699  5.069  4.564  4.694  4.682  4.852  4.920  4.787  4.671  4.595  4.811  4.419  4.466  4.416  4.394  4.290  4.344  4.477  4.543  4.898  4.557  4.691  4.454  4.527  4.615  4.543  4.380  4.407  4.454
4.956  4.726  4.787  4.779  4.718  4.533  4.663  4.717  4.696  4.812  4.644  4.808  4.812  4.836  4.844  4.605  4.828  4.718  4.779  4.970  4.796  4.779  4.635  4.844  4.623  4.575  4.633  4.578  4.500  4.443  4.700  4.625  4.726  4.732  4.862  4.804  4.554  4.804  4.787  4.613  4.710  4.787
4.554  4.331  4.564  4.466  4.419  4.454  4.331  4.454  4.500  4.533  4.331  4.585  4.595  4.489  4.570  4.234  4.382  4.234  4.500  4.682  4.369  4.477  4.357  4.500  4.489  4.205  4.267  4.190  4.190  4.174  4.174  4.248  4.466  4.481  4.331  4.475  4.241  4.394  4.394  4.434  4.159  4.354
4.949  4.947  4.796  4.852  4.820  4.773  4.804  4.828  4.812  4.970  4.787  4.919  5.016  4.934  5.043  4.769  4.915  4.762  4.804  4.933  4.984  4.771  4.754  4.771  4.741  4.663  4.816  4.691  4.727  4.615  4.691  4.836  4.875  4.771  4.913  4.913  4.929  4.913  4.942  4.844  4.745  4.808
4.419  4.159  4.290  4.263  4.135  4.060  4.111  4.111  4.220  4.190  4.060  4.290  4.416  4.341  4.394  4.043  4.248  4.174  4.394  4.357  4.290  4.277  4.043  4.234  4.159  3.989  4.060  3.932  3.998  3.970  3.989  4.127  4.190  4.190  4.078  4.205  3.970  4.091  4.174  4.031  4.066  4.127
3.714  3.829  3.526  3.738  3.784  3.733  3.850  3.761  3.871  3.761  3.555  3.714  3.761  3.807  3.871  3.638  3.611  3.550  3.664  3.807  3.850  3.802  3.611  3.850  3.664  3.738  3.611  3.714  3.784  3.689  4.103  3.401  3.733  3.871  3.638  3.526  3.611  3.638  3.714  3.555  3.611  3.807
4.074  3.738  3.961  3.970  3.871  3.839  4.111  4.148  4.164  4.159  3.829  3.807  4.007  3.970  4.078  3.807  3.912  3.807  4.040  3.932  3.871  4.074  3.689  3.989  4.419  3.807  3.784  3.714  3.738  3.638  5.457  4.025  3.918  3.784  3.871  3.850  3.807  3.761  3.714  3.932  3.714  3.951
3.434  3.757  3.541  3.555  3.664  3.497  3.555  3.555  3.605  3.738  3.555  3.664  3.829  3.689  3.807  3.497  3.658  3.526  3.497  3.761  3.807  3.689  3.768  3.611  3.497  3.638  3.611  3.332  3.434  3.564  3.611  3.611  3.689  3.526  3.520  3.497  3.490  3.611  3.578  3.570  3.526  3.466
3.578  3.490  3.466  3.444  3.664  3.490  3.459  3.714  3.555  3.434  3.367  3.434  3.638  3.784  3.611  3.689  3.459  3.632  3.638  3.611  3.970  3.611  3.497  3.651  3.434  3.332  3.638  3.497  3.434  3.401  3.401  3.611  3.434  3.466  3.584  3.332  3.584  3.401  3.526  3.296  3.367  3.497
5.361  5.388  5.099  5.251  5.318  5.242  5.183  5.236  5.170  5.394  5.356  5.293  5.519  5.380  5.468  5.312  5.077  5.312  5.429  5.298  5.398  5.357  5.313  5.412  5.136  5.112  5.226  5.100  5.100  5.085  5.223  5.100  5.153  5.170  5.153  5.220  5.143  5.293  5.262  5.159  4.927  5.017
5.063  4.868  4.877  4.945  4.990  4.820  4.927  4.836  4.883  4.949  5.052  4.970  4.997  5.030  5.100  4.820  4.754  4.934  5.004  4.919  4.920  4.898  4.949  5.017  4.726  4.654  4.691  4.644  4.700  4.635  4.796  4.745  4.836  4.782  4.787  4.843  4.749  4.812  4.905  4.864  4.615  4.804
4.407  4.489  4.277  4.466  4.369  4.394  4.263  4.394  4.407  4.598  4.428  4.416  4.662  4.543  4.554  4.419  4.369  4.419  4.489  4.682  4.836  4.452  4.410  4.419  4.331  4.263  4.263  4.277  4.344  4.220  4.304  4.357  4.489  4.354  4.431  4.382  4.140  4.344  4.382  4.304  4.304  4.304
4.111  4.167  4.127  3.951  4.190  4.094  4.078  3.989  4.111  4.267  4.205  4.231  4.407  4.234  4.382  4.025  4.297  4.248  4.174  4.290  4.380  4.190  4.281  4.174  3.892  4.220  3.985  3.970  4.007  4.007  3.989  4.078  4.143  4.007  4.270  4.202  4.025  4.048  4.143  4.007  3.985  4.007
4.879  5.165  4.820  4.940  4.905  4.828  5.024  4.804  5.006  4.949  4.844  4.963  5.106  4.852  5.050  4.963  5.298  4.898  4.890  5.024  5.215  5.204  5.063  5.295  5.017  4.947  5.124  4.787  5.011  5.056  5.083  4.986  4.874  4.934  5.093  5.081  5.032  4.883  4.852  4.700  4.687  4.934
4.007  4.248  4.025  3.970  4.043  3.932  3.912  4.007  4.111  4.174  3.912  4.007  4.119  4.159  4.094  4.043  4.031  3.912  3.970  4.108  4.190  4.174  4.103  4.263  4.043  3.957  4.174  3.951  4.140  4.127  4.263  4.248  4.174  4.069  4.171  4.091  3.995  4.094  3.967  3.912  3.912  3.892
5.250  4.977  5.263  5.257  5.242  5.187  5.147  5.211  5.247  5.257  5.094  5.303  5.208  5.215  5.263  5.017  5.165  5.100  5.431  5.464  5.288  5.193  5.118  5.278  5.196  5.043  5.088  5.146  4.915  4.968  5.029  5.158  5.247  5.273  5.332  5.142  5.037  5.118  4.947  4.990  5.130  5.088
4.477  4.284  4.633  4.543  4.613  4.522  4.625  4.489  4.758  4.691  4.489  4.659  4.680  4.590  4.714  4.494  4.615  4.344  4.864  4.680  5.006  4.682  4.382  4.605  4.642  4.536  4.354  4.460  4.404  4.315  4.464  4.663  4.682  4.593  4.844  4.543  4.369  4.538  4.369  4.533  4.578  4.419
