4.963  4.874  4.883  4.942  4.700  4.898  4.927  4.868  4.984  4.916  4.745  4.889  5.024  4.820  5.017  4.796  4.762  4.771  5.017  4.828  4.712  4.847  4.787  4.875  4.816  4.828  4.736  4.682  4.642  4.673  4.682  4.644  4.836  4.815  4.644  4.786  4.718  4.762  4.762  4.726  4.654  4.732
5.037  4.796  4.883  4.997  4.949  4.852  5.043  5.011  5.069  5.106  4.924  5.024  5.063  4.934  5.063  4.874  4.644  4.852  5.003  4.868  4.836  4.812  4.798  5.024  4.847  4.844  4.904  4.718  4.663  4.691  4.736  4.644  4.840  4.868  4.920  4.754  4.595  4.844  4.927  4.831  4.700  4.868
4.220  4.205  3.989  3.932  4.060  3.850  4.143  3.970  4.124  4.143  4.159  4.111  4.290  4.277  4.256  3.912  3.951  4.025  4.111  3.951  4.127  3.989  4.174  4.190  3.850  3.714  3.861  4.007  3.807  3.877  4.007  3.892  3.951  3.807  3.877  4.043  3.850  4.025  4.025  3.892  3.867  3.871
3.611  3.738  3.555  3.726  3.632  3.757  3.761  3.761  3.684  4.007  3.696  3.871  3.989  3.829  3.980  3.850  3.638  3.761  3.689  3.871  3.850  3.784  3.807  3.761  3.664  3.638  3.850  3.829  3.611  3.584  3.888  3.584  3.750  3.584  3.664  3.829  3.738  3.555  3.664  3.638  3.624  3.802
5.631  5.329  5.485  5.595  5.598  5.583  5.313  5.707  5.507  5.740  5.705  5.583  5.565  5.356  5.602  5.323  5.088  5.533  5.461  5.421  5.491  5.394  5.357  5.342  5.263  5.277  5.215  5.283  5.004  5.153  5.313  5.257  5.398  5.268  5.438  5.389  5.233  5.525  5.591  5.308  5.312  5.387
4.852  4.595  4.682  4.762  4.796  4.779  4.615  4.875  4.717  4.787  4.806  4.820  4.754  4.836  4.909  4.500  4.625  4.843  4.633  4.575  4.828  4.533  4.557  4.739  4.585  4.652  4.454  4.520  4.419  4.369  4.454  4.533  4.522  4.615  4.575  4.575  4.585  4.691  4.787  4.659  4.514  4.552
4.727  4.522  4.796  4.727  4.615  4.754  4.710  4.500  4.708  4.766  4.635  4.811  4.673  4.595  4.905  4.533  4.454  4.575  4.691  4.866  4.828  4.691  4.580  4.874  4.331  4.277  4.511  4.489  4.220  4.615  4.533  4.618  4.625  4.585  4.419  4.522  4.466  4.583  4.593  4.394  4.628  4.635
4.331  4.394  4.644  4.498  4.331  4.382  4.446  4.483  4.500  4.635  4.454  4.541  4.710  4.248  4.541  4.460  4.224  4.205  4.509  4.714  4.511  4.419  4.494  4.564  4.174  4.220  4.263  4.290  3.784  4.477  4.270  4.217  4.419  4.078  4.174  4.205  4.127  4.267  4.248  4.174  4.489  4.443
5.278  5.215  5.313  5.209  5.226  5.220  5.217  5.183  5.273  5.501  5.247  5.434  5.347  5.209  5.291  5.050  5.130  5.130  5.209  5.170  5.398  5.255  5.068  5.315  4.997  5.024  5.088  5.075  4.920  4.883  5.078  5.153  5.124  5.071  5.124  5.037  4.984  5.056  5.080  5.136  5.017  5.030
5.209  5.142  5.075  5.075  5.078  5.030  5.153  5.024  5.094  5.257  5.017  5.106  5.112  5.094  5.278  4.913  5.017  4.970  5.121  5.037  5.347  5.109  5.100  5.176  4.852  4.852  5.004  4.691  4.796  4.868  4.934  5.050  4.990  4.977  5.004  4.984  5.011  4.779  4.843  4.762  4.905  4.898
5.946  5.842  5.791  5.903  5.879  5.849  5.961  5.900  5.911  6.155  5.956  5.994  5.989  5.771  5.996  5.875  5.832  5.858  5.872  5.864  5.974  5.964  5.863  5.945  5.690  5.642  5.839  5.730  5.772  5.753  5.875  5.838  5.771  5.817  5.898  5.971  5.832  5.826  5.858  5.717  5.680  5.707
6.311  6.254  6.068  6.217  6.207  6.304  6.303  6.111  6.170  6.494  6.494  6.377  6.401  6.230  6.361  6.120  6.330  6.275  6.238  6.227  6.342  6.316  6.271  6.346  6.040  6.058  6.223  6.171  5.964  6.133  6.306  6.149  6.057  6.176  6.262  6.213  6.314  6.109  6.186  6.126  5.969  6.071
4.466  4.494  4.369  4.503  4.428  4.317  4.443  4.554  4.522  4.668  4.511  4.575  4.477  4.500  4.615  4.543  4.489  4.477  4.511  4.644  4.673  4.466  4.489  4.500  4.431  4.543  4.416  4.382  4.263  4.317  4.263  4.454  4.350  4.382  4.511  4.301  4.419  4.288  4.475  4.344  4.290  4.509
4.727  4.543  4.718  4.808  4.522  4.721  4.654  4.652  4.727  4.920  4.663  4.847  4.736  4.605  4.754  4.533  4.635  4.727  4.852  4.927  4.913  4.673  4.663  4.654  4.564  4.605  4.585  4.543  4.361  4.394  4.543  4.564  4.477  4.804  4.654  4.700  4.663  4.477  4.489  4.500  4.615  4.682
4.174  4.074  4.231  4.277  4.350  4.143  4.127  4.220  4.094  4.434  4.174  4.392  4.394  4.234  4.369  4.078  4.363  4.234  4.224  4.443  4.344  4.277  4.263  4.220  3.912  4.205  4.111  4.078  4.043  4.159  4.174  4.190  4.344  4.217  4.060  4.111  4.174  4.246  4.248  4.111  4.277  4.078
5.118  4.787  5.026  5.037  5.056  4.961  4.949  4.997  4.949  5.118  5.024  5.086  5.094  5.153  5.143  4.905  5.096  4.887  5.017  5.118  5.094  4.956  4.905  5.009  4.875  4.771  4.787  4.956  4.875  4.905  4.754  4.745  5.004  4.927  4.984  4.919  4.852  4.949  4.905  5.040  4.836  4.934
5.911  5.756  5.635  5.622  5.835  5.759  5.565  5.673  5.619  5.953  5.945  5.659  5.964  5.875  5.916  5.762  5.576  5.953  5.743  5.700  5.673  5.652  5.829  5.935  5.434  5.537  5.714  5.704  5.448  5.591  5.683  5.333  5.472  5.614  5.656  5.684  5.743  5.697  5.793  5.830  5.493  5.606
5.252  5.056  5.049  5.106  5.227  5.124  5.069  4.956  4.933  5.187  5.226  5.080  5.275  5.293  5.252  5.088  4.980  5.278  5.061  5.023  5.118  5.099  5.187  5.220  4.828  4.796  5.069  4.956  4.820  5.004  5.142  4.745  5.056  5.050  4.984  5.112  5.003  5.024  5.124  5.115  4.862  4.911
3.733  3.555  3.701  3.638  3.638  3.466  3.714  3.497  3.684  3.638  3.714  3.664  3.829  3.857  3.807  3.664  3.784  3.761  3.689  3.892  3.738  3.689  3.689  3.733  3.689  3.611  3.664  3.664  3.584  3.638  3.578  3.611  3.638  3.597  3.664  3.584  3.497  3.807  3.526  3.714  3.709  3.738
3.714  3.761  3.850  3.807  3.829  3.784  3.638  3.689  3.773  3.664  3.689  3.850  3.998  3.951  4.025  3.892  3.784  3.738  3.784  3.928  4.025  3.912  3.807  3.784  3.664  3.807  3.850  3.850  3.664  3.761  3.584  3.829  3.912  3.829  3.689  3.714  3.818  3.761  3.714  3.780  3.605  3.892
4.220  4.074  4.267  4.043  4.174  4.209  4.103  4.074  4.234  4.354  4.171  4.202  4.367  4.382  4.458  4.212  4.357  4.212  4.401  4.477  4.394  4.234  4.190  4.413  4.057  4.060  4.202  4.241  3.932  4.078  4.202  4.143  4.182  4.197  4.369  4.335  4.083  4.190  4.220  4.074  4.007  4.094
3.684  3.526  3.632  3.526  3.638  3.481  3.497  3.638  3.466  3.605  3.296  3.761  3.850  3.555  3.750  3.651  3.714  3.490  3.638  3.867  3.689  3.584  3.714  3.526  3.434  3.555  3.541  3.638  3.466  3.490  3.526  3.784  3.651  3.550  3.689  3.550  3.611  3.541  3.497  3.434  3.709  3.605
