5.187  4.824  4.963  4.881  5.089  5.006  5.013  4.947  5.024  5.103  5.094  5.056  5.100  4.927  5.043  4.860  4.779  4.970  4.956  4.970  5.017  4.866  4.874  4.920  4.718  4.812  4.852  4.819  4.605  4.605  4.843  4.787  4.820  5.011  4.907  4.933  4.905  4.990  4.949  5.037  4.718  4.852
4.284  4.217  4.304  4.174  4.127  4.159  4.263  4.205  4.040  4.304  4.171  4.086  4.317  4.248  4.190  4.094  4.108  4.159  4.231  4.248  4.159  4.190  4.248  4.143  4.086  4.094  3.947  4.034  3.871  4.127  4.148  4.108  4.043  4.060  3.951  4.111  3.932  4.007  4.078  4.078  3.989  4.248
5.363  5.106  5.147  5.198  5.165  5.226  5.088  5.170  5.226  5.357  5.313  5.225  5.318  5.169  5.323  5.118  5.106  5.147  5.342  5.094  5.185  5.220  5.165  5.242  5.159  4.990  4.980  4.963  4.844  5.004  5.050  5.050  5.017  5.204  5.100  5.136  5.124  5.126  5.136  5.081  4.913  5.069
5.142  4.980  5.117  4.949  4.890  4.945  4.927  4.977  4.984  5.091  5.043  5.105  4.942  4.927  5.075  4.771  4.819  4.883  4.997  4.916  5.168  5.257  4.736  5.009  4.836  4.890  4.736  4.860  4.691  4.754  4.844  4.828  4.898  4.963  4.779  4.905  4.836  4.710  4.852  4.879  4.743  4.762
4.511  4.673  4.419  4.344  4.505  4.331  4.522  4.477  4.644  4.745  4.575  4.575  4.673  4.585  4.691  4.477  4.407  4.443  4.533  4.422  4.673  4.466  4.394  4.489  4.263  4.344  4.248  4.277  4.007  4.205  4.132  4.263  4.382  4.407  4.357  4.369  4.234  4.354  4.304  4.205  4.354  4.419
4.718  4.804  4.525  4.533  4.522  4.472  4.820  4.605  4.754  4.812  4.605  4.673  4.700  4.585  4.625  4.454  4.618  4.454  4.760  4.590  4.736  4.663  4.562  4.687  4.394  4.452  4.511  4.466  4.315  4.357  4.530  4.431  4.489  4.554  4.564  4.615  4.454  4.466  4.511  4.454  4.331  4.644
4.040  3.970  4.043  4.083  3.951  3.912  4.025  4.111  4.234  4.078  4.007  4.078  4.179  4.025  4.143  3.829  3.898  3.947  4.043  4.124  4.127  3.829  3.912  3.989  3.888  3.970  3.932  3.738  3.807  3.761  3.802  3.892  3.839  3.951  3.932  3.912  3.850  3.857  3.784  3.892  3.784  3.932
4.234  4.220  4.238  4.194  4.127  4.060  4.007  4.127  4.094  4.111  4.007  4.111  4.174  4.159  4.277  4.103  4.007  4.220  4.290  4.078  4.143  4.004  3.818  4.078  4.025  3.951  4.043  4.007  3.761  3.912  3.989  3.989  3.970  3.912  4.060  3.932  3.938  3.970  4.007  3.928  3.928  4.554
6.384  6.252  6.247  6.225  6.410  6.417  6.178  6.289  6.297  6.457  6.295  6.424  6.308  6.431  6.423  6.301  5.927  6.356  6.323  6.308  6.260  6.227  6.455  6.312  6.116  6.111  6.223  6.168  5.993  6.126  6.328  5.991  6.052  6.192  6.215  6.240  6.261  6.250  6.180  6.184  6.105  6.272
6.477  6.438  6.290  6.342  6.463  6.594  6.585  6.477  6.477  6.528  6.449  6.542  6.390  6.500  6.579  6.466  6.313  6.373  6.486  6.447  6.498  6.436  6.482  6.535  6.368  6.394  6.477  6.308  6.297  6.397  6.426  6.317  6.280  6.442  6.477  6.511  6.540  6.450  6.330  6.301  6.254  6.502
4.997  4.762  4.827  4.792  4.977  4.883  4.989  4.824  4.889  5.124  4.963  4.898  5.056  5.059  5.168  4.900  4.905  4.997  4.828  4.890  4.874  4.905  4.844  4.990  4.726  4.718  4.708  4.727  4.691  4.718  4.913  4.786  4.762  4.913  4.920  4.820  4.762  4.625  4.844  4.779  4.549  4.680
4.466  4.248  4.543  4.410  4.380  4.486  4.394  4.407  4.354  4.541  4.500  4.344  4.500  4.543  4.494  4.234  4.220  4.357  4.570  4.554  4.413  4.635  4.331  4.382  4.159  4.078  4.277  4.220  4.159  4.369  4.304  4.494  4.190  4.277  4.304  4.344  4.367  4.060  4.443  4.263  4.321  4.234
5.231  5.150  5.257  5.421  5.323  5.263  5.283  5.204  5.198  5.425  5.447  5.307  5.298  5.226  5.416  5.094  5.181  5.140  5.377  5.234  5.220  5.231  5.190  5.226  5.074  5.187  5.088  5.077  4.997  4.970  5.218  5.109  5.185  5.226  5.234  5.147  5.030  5.220  5.011  5.069  5.063  5.142
4.522  4.522  4.344  4.466  4.466  4.382  4.270  4.475  4.554  4.431  4.331  4.564  4.477  4.543  4.625  4.331  4.260  4.369  4.369  4.489  4.533  4.511  4.367  4.530  4.234  4.344  4.394  4.220  4.174  4.174  4.217  4.331  4.263  4.382  4.231  4.357  4.263  4.324  4.277  4.304  4.248  4.419
5.293  4.883  4.990  4.997  5.017  5.011  4.997  5.030  5.063  5.283  5.173  5.078  5.153  5.150  5.124  4.913  4.812  5.024  5.081  4.956  4.852  4.934  5.030  5.050  4.812  4.913  4.920  4.934  4.762  4.898  4.890  4.745  4.963  4.898  4.920  4.916  4.963  5.106  5.106  4.956  4.796  4.931
4.970  4.828  4.820  4.920  4.913  4.890  4.754  4.875  4.977  5.142  5.159  5.017  5.011  4.997  4.984  4.954  4.654  4.836  5.007  4.982  4.885  4.794  4.771  4.787  4.691  4.734  4.771  4.877  4.564  4.564  4.984  4.673  4.787  4.700  4.771  4.875  4.779  4.926  4.890  4.820  4.736  4.754
5.357  5.206  5.389  5.462  5.247  5.198  5.096  5.384  5.273  5.429  5.384  5.371  5.283  5.176  5.378  5.153  5.124  5.223  5.296  5.398  5.254  5.182  5.159  5.333  5.150  5.075  5.017  5.142  4.898  5.078  5.050  5.106  5.220  5.097  5.323  5.112  5.130  5.063  5.056  5.099  5.130  5.124
5.288  5.050  5.126  5.290  5.099  5.118  5.153  5.182  5.050  5.203  5.183  5.268  5.195  4.997  5.268  4.938  4.999  4.997  5.142  5.308  5.026  4.970  5.056  5.112  4.952  4.844  4.970  4.905  4.673  4.786  4.868  5.009  5.124  4.963  5.017  5.011  4.890  5.011  5.037  4.963  5.043  5.056
6.385  6.131  6.370  6.462  6.339  6.342  6.205  6.345  6.188  6.389  6.259  6.369  6.392  6.363  6.515  6.319  6.328  6.363  6.375  6.412  6.319  6.238  6.138  6.209  6.196  6.198  6.133  6.091  5.928  5.981  6.127  6.203  6.138  6.180  6.120  6.165  6.120  6.399  6.256  6.190  6.279  6.178
5.663  5.549  5.658  5.881  5.744  5.687  5.648  5.680  5.673  5.827  5.677  5.832  5.805  5.778  5.980  5.858  5.765  5.754  5.680  5.733  5.818  5.635  5.642  5.580  5.671  5.529  5.505  5.389  5.380  5.451  5.460  5.617  5.531  5.525  5.574  5.690  5.561  5.731  5.679  5.517  5.501  5.549
4.472  4.520  4.522  4.357  4.554  4.585  4.489  4.494  4.437  4.522  4.554  4.595  4.615  4.585  4.700  4.419  4.304  4.367  4.533  4.489  4.511  4.234  4.538  4.443  4.350  4.331  4.317  4.369  4.248  4.111  4.419  4.431  4.443  4.382  4.419  4.440  4.350  4.394  4.386  4.466  4.220  4.357
3.829  3.664  3.497  3.784  3.784  3.738  3.733  3.745  3.738  3.912  3.784  3.714  4.043  3.892  3.989  3.761  3.714  3.664  3.850  4.007  3.892  3.714  3.780  3.867  3.611  3.584  3.761  3.738  3.850  3.611  3.807  3.761  3.738  3.689  3.738  3.738  3.611  3.784  3.584  3.689  3.526  3.584
