4.934  4.787  4.762  4.927  4.920  4.852  4.942  5.016  4.879  5.043  4.754  4.970  4.898  4.881  4.956  4.787  4.756  4.642  4.905  4.885  4.934  4.868  4.736  4.700  4.827  4.777  4.749  4.554  4.357  4.663  4.635  4.718  4.850  4.700  4.975  4.736  4.533  4.779  4.820  4.595  4.682  4.790
5.373  5.308  5.370  5.480  5.247  5.347  5.433  5.403  5.416  5.557  5.352  5.497  5.405  5.409  5.407  5.333  5.303  5.097  5.488  5.334  5.357  5.273  5.169  5.323  5.286  5.293  5.140  5.088  4.970  5.251  5.147  5.293  5.317  5.416  5.351  5.287  5.112  5.308  5.169  5.288  5.270  5.283
4.657  4.564  4.554  4.443  4.673  4.625  4.673  4.575  4.595  4.754  4.743  4.787  4.860  4.771  4.820  4.628  4.543  4.748  4.765  4.644  4.691  4.419  4.605  4.605  4.431  4.394  4.522  4.466  4.369  4.419  4.727  4.564  4.354  4.533  4.554  4.635  4.500  4.682  4.610  4.533  4.407  4.466
4.025  4.060  3.970  3.980  4.007  4.127  4.025  3.912  4.025  4.060  4.159  4.111  4.274  4.171  4.025  4.043  4.108  4.025  4.091  4.143  4.190  3.998  4.060  4.094  4.078  4.094  3.951  3.892  3.807  3.912  4.094  4.043  3.947  3.807  4.060  3.912  4.025  4.078  3.871  3.989  3.807  3.908
3.846  3.829  3.829  3.882  3.912  3.807  3.757  3.780  3.932  4.094  3.871  3.850  3.951  3.932  4.025  3.714  3.664  3.912  3.892  4.007  3.888  3.908  3.714  3.932  3.611  3.664  3.807  3.689  3.709  3.738  3.761  3.807  3.714  3.701  3.938  3.846  3.714  3.850  3.664  3.526  3.526  3.867
3.689  3.784  3.638  3.784  3.526  3.684  3.638  3.584  3.784  3.892  3.611  3.871  3.850  3.807  3.871  3.632  3.584  3.664  3.611  3.912  3.951  3.850  3.795  3.807  3.584  3.664  3.807  3.624  3.555  3.490  3.684  3.638  3.638  3.671  3.638  3.638  3.584  3.584  3.638  3.555  3.466  3.689
4.304  4.290  4.159  4.419  4.369  4.127  4.449  4.337  4.357  4.466  4.394  4.500  4.522  4.407  4.520  4.190  4.407  4.241  4.419  4.595  4.489  4.369  4.344  4.297  4.234  4.263  4.304  4.174  4.078  4.111  4.357  4.392  4.328  4.382  4.407  4.324  4.270  4.357  4.290  4.187  4.220  4.317
4.025  4.074  4.094  3.850  3.989  3.912  4.111  3.951  4.060  4.132  3.970  4.159  4.194  4.159  4.190  3.989  4.143  3.970  4.143  4.060  4.205  4.111  3.985  4.140  4.060  4.057  3.912  3.947  3.951  4.111  3.912  4.060  4.148  3.932  4.007  4.140  3.898  3.912  3.850  3.689  3.738  3.912
4.344  4.284  4.263  4.127  4.060  4.111  4.234  4.174  4.234  4.220  4.060  4.190  4.231  4.270  4.361  4.094  4.174  4.205  4.246  4.369  4.304  4.220  4.301  4.270  4.159  3.951  4.060  4.022  4.111  4.174  4.078  4.190  4.241  4.234  4.043  4.159  4.111  4.060  4.043  4.025  3.998  4.220
4.078  3.989  4.025  4.078  4.025  3.957  3.951  3.892  4.043  4.159  4.025  4.127  4.331  4.108  4.197  4.007  4.060  4.016  4.025  4.174  4.220  3.892  3.967  4.094  3.835  3.932  4.043  3.892  3.871  3.807  4.174  3.989  3.967  3.892  3.989  4.004  3.951  3.989  3.888  3.912  3.807  3.989
4.990  5.011  4.956  5.091  4.905  4.972  4.913  4.745  4.904  5.081  5.069  5.075  5.088  5.176  5.169  4.956  4.907  4.970  4.975  4.990  5.088  4.905  4.905  5.193  4.787  4.927  4.771  4.787  4.762  4.779  4.940  4.942  4.844  4.970  4.984  4.868  4.990  4.874  4.860  4.883  4.898  4.868
4.527  4.489  4.344  4.492  4.466  4.452  4.413  4.277  4.443  4.691  4.317  4.575  4.533  4.483  4.489  4.248  4.382  4.419  4.671  4.543  4.644  4.554  4.489  4.511  4.500  4.428  4.277  4.304  4.290  4.060  4.277  4.554  4.472  4.554  4.407  4.615  4.407  4.357  4.304  4.277  4.489  4.248
3.714  3.689  3.632  3.784  3.714  3.520  3.466  3.664  3.584  3.802  3.761  3.761  3.761  4.025  4.007  3.738  3.761  3.584  3.892  3.839  3.829  3.714  3.555  3.784  3.526  3.497  3.584  3.584  3.401  3.658  3.807  3.638  3.738  3.761  3.611  3.611  3.605  3.526  3.497  3.584  3.689  3.584
3.367  3.401  3.450  3.434  3.664  3.611  3.401  3.434  3.434  3.512  3.219  3.520  3.850  3.689  3.850  3.555  3.526  3.466  3.466  3.829  3.555  3.526  3.466  3.605  3.332  3.401  3.367  3.434  3.401  3.411  3.434  3.555  3.611  3.401  3.497  3.497  3.689  3.428  3.258  3.288  3.434  3.367
3.942  3.761  3.947  3.829  3.818  3.976  3.850  3.689  4.111  3.985  3.932  3.947  3.951  4.167  4.111  4.007  3.850  3.689  4.025  4.060  4.190  4.241  3.850  3.970  3.970  3.932  3.761  3.850  3.761  3.932  3.839  3.871  3.932  3.846  3.839  3.892  3.807  3.938  3.761  3.908  3.689  3.784
4.460  4.331  4.454  4.248  4.443  4.559  4.060  4.304  4.422  4.277  4.205  4.575  4.500  4.623  4.687  4.419  4.111  4.562  4.554  4.654  4.419  4.290  4.407  4.419  4.078  4.094  4.231  4.277  4.043  4.190  4.301  4.182  4.357  4.205  4.190  4.331  4.263  4.369  4.331  4.443  3.829  4.361
4.494  4.538  4.304  4.564  4.615  4.522  4.522  4.443  4.489  4.691  4.489  4.533  4.779  4.595  4.673  4.527  4.500  4.575  4.564  4.595  4.727  4.489  4.575  4.466  4.248  4.431  4.454  4.382  4.288  4.311  4.407  4.466  4.486  4.443  4.331  4.593  4.466  4.443  4.654  4.449  4.317  4.477
4.004  4.040  3.951  3.989  3.850  3.807  3.850  3.892  3.784  3.951  3.829  3.912  4.174  4.124  4.159  3.922  3.807  3.951  3.989  4.022  4.007  3.892  3.829  3.714  3.611  3.757  3.871  3.947  3.773  3.611  3.951  3.928  3.912  3.871  3.761  4.094  3.784  3.970  3.784  3.714  3.922  3.850
5.583  5.638  5.438  5.694  5.565  5.533  5.509  5.472  5.755  5.587  5.642  5.624  5.682  5.638  5.923  5.485  5.654  5.591  5.656  5.656  5.746  5.697  5.549  5.835  5.469  5.381  5.380  5.423  5.374  5.308  5.513  5.629  5.494  5.370  5.533  5.606  5.418  5.613  5.710  5.525  5.371  5.442
5.759  5.793  5.765  5.871  5.690  5.778  5.714  5.762  5.724  5.796  5.720  5.759  5.852  5.823  5.991  5.733  5.722  5.761  5.866  5.866  5.869  5.784  5.768  5.852  5.571  5.505  5.595  5.583  5.493  5.553  5.631  5.697  5.707  5.710  5.787  5.789  5.622  5.940  5.897  5.790  5.720  5.587
4.700  4.443  4.564  4.663  4.734  4.443  4.477  4.700  4.682  4.796  4.727  4.727  4.762  4.673  4.913  4.796  4.663  4.625  4.787  4.700  4.736  4.625  4.585  4.644  4.516  4.554  4.578  4.598  4.654  4.511  4.533  4.727  4.796  4.625  4.766  4.691  4.691  4.575  4.654  4.511  4.554  4.605
4.040  4.016  4.078  4.174  3.970  4.025  4.007  3.932  3.985  4.060  3.932  4.159  4.164  4.248  4.290  3.951  4.078  4.127  4.174  4.328  4.127  4.094  4.124  4.127  3.871  4.057  3.970  3.846  3.892  4.007  3.892  4.004  4.143  4.043  4.078  3.970  4.025  3.932  4.086  3.871  3.932  3.951
