4.844  4.691  4.779  4.644  4.682  4.718  4.828  4.852  4.804  5.050  4.828  4.852  4.949  4.844  4.920  4.734  4.700  4.585  4.992  4.727  4.779  4.802  4.754  4.758  4.652  4.745  4.736  4.762  4.583  4.758  4.605  4.657  4.564  4.745  4.860  4.663  4.777  4.787  4.682  4.754  4.505  4.710
5.598  5.407  5.529  5.472  5.298  5.394  5.521  5.489  5.545  5.638  5.513  5.576  5.565  5.517  5.597  5.460  5.333  5.464  5.690  5.424  5.481  5.572  5.342  5.438  5.449  5.397  5.429  5.333  5.311  5.412  5.416  5.461  5.298  5.342  5.425  5.502  5.269  5.429  5.310  5.273  5.357  5.457
4.234  4.304  4.290  4.205  4.043  4.135  4.127  4.194  4.277  4.234  4.159  4.127  4.270  4.220  4.263  4.124  4.108  4.317  4.382  4.331  4.159  4.034  4.156  4.159  3.932  4.007  4.078  3.912  3.871  4.025  4.143  4.078  3.989  4.108  3.989  4.078  4.190  4.174  4.022  4.159  3.932  4.205
4.182  4.103  4.190  3.970  4.205  4.159  4.127  4.437  4.074  4.277  4.143  4.190  4.419  4.078  4.124  4.167  3.989  4.057  4.290  4.256  4.111  4.111  4.205  4.094  4.025  4.043  4.060  4.007  4.007  3.951  4.078  4.007  4.111  4.078  4.025  4.060  4.034  4.060  3.951  3.850  4.246  4.111
5.752  5.613  5.683  5.609  5.648  5.613  5.745  5.771  5.759  5.846  5.657  5.835  5.625  5.543  5.633  5.545  5.509  5.637  5.645  5.525  5.724  5.533  5.535  5.710  5.442  5.472  5.513  5.236  4.979  5.288  5.328  5.384  5.445  5.357  5.476  5.485  5.323  5.389  5.565  5.447  5.293  5.602
5.360  5.142  5.318  5.176  5.170  5.263  5.298  5.313  5.365  5.333  5.256  5.464  5.318  5.247  5.361  5.152  5.088  5.130  5.398  5.187  5.313  5.278  5.220  5.313  5.150  5.130  5.037  4.860  4.898  4.952  5.024  5.049  5.094  5.088  5.231  5.182  5.068  4.997  5.056  5.050  4.984  5.257
4.700  4.677  4.585  4.382  4.475  4.633  4.640  4.554  4.522  4.615  4.452  4.673  4.593  4.615  4.736  4.595  4.567  4.543  4.668  4.575  4.796  4.673  4.673  4.904  4.407  4.443  4.407  4.416  4.466  4.498  4.407  4.475  4.573  4.595  4.564  4.696  4.500  4.564  4.466  4.407  4.511  4.449
3.651  3.578  3.605  3.526  3.651  3.592  3.632  3.807  3.550  3.689  3.481  3.738  4.078  3.829  3.738  3.689  3.664  3.658  3.773  3.867  3.807  3.638  3.584  3.784  3.684  3.632  3.664  3.360  3.555  3.676  3.773  3.829  3.466  3.664  3.624  3.497  3.638  3.550  3.418  3.490  3.597  3.632
6.118  5.904  5.986  5.974  6.011  5.964  6.011  6.034  5.969  6.144  6.087  6.057  6.078  5.916  6.031  5.889  5.733  5.892  6.100  5.916  6.074  5.960  5.846  5.886  5.826  5.787  5.795  5.772  5.666  5.765  5.799  5.822  5.841  5.919  6.031  5.861  5.892  5.886  5.771  5.720  5.855  6.038
6.333  6.059  6.216  6.199  6.170  6.209  6.255  6.244  6.117  6.407  6.335  6.273  6.268  6.198  6.265  6.107  6.087  6.080  6.258  6.151  6.186  6.096  6.096  6.155  6.059  6.057  5.998  6.061  5.864  5.945  6.061  5.979  6.006  6.141  6.089  6.127  6.214  6.146  6.122  6.101  6.081  6.138
4.870  4.866  4.864  4.771  4.942  4.942  4.844  4.868  4.883  5.024  4.927  5.056  4.970  4.999  4.987  4.879  4.812  4.898  5.016  5.050  5.050  4.970  4.879  4.934  4.736  4.848  4.736  4.736  4.533  4.883  4.811  4.605  4.796  4.794  4.956  4.889  4.736  4.762  4.771  4.786  4.696  4.779
4.840  4.756  4.875  4.804  4.836  4.989  4.844  4.881  4.820  4.898  5.014  5.069  4.984  5.034  4.970  4.786  4.682  4.868  4.898  4.860  5.077  4.864  4.934  4.990  4.615  4.662  4.654  4.613  4.625  4.736  4.847  4.700  4.875  4.852  4.905  4.820  4.718  4.727  4.820  4.727  4.575  4.745
4.554  4.263  4.317  4.277  4.431  4.407  4.486  4.260  4.419  4.458  4.443  4.554  4.562  4.500  4.443  4.392  4.190  4.341  4.419  4.533  4.554  4.394  4.357  4.481  4.304  4.290  4.317  4.331  4.341  4.290  4.311  4.357  4.416  4.425  4.248  4.263  4.241  4.350  4.159  4.274  4.248  4.369
4.234  4.069  4.190  4.060  4.057  4.159  4.174  4.174  4.143  4.380  4.127  4.308  4.143  4.194  4.344  4.099  4.060  4.057  4.248  4.369  4.290  4.094  4.127  4.111  3.951  3.989  4.043  3.961  3.932  4.007  3.928  4.060  4.007  4.043  4.043  3.989  4.040  3.942  3.951  3.829  3.892  3.922
5.142  4.927  5.043  5.173  5.118  5.050  5.121  5.209  5.030  5.208  5.187  5.173  5.153  5.011  5.165  5.017  5.043  5.030  5.226  5.120  5.142  5.112  4.999  5.017  4.977  4.997  4.942  4.890  4.796  4.963  5.200  5.043  5.204  5.147  5.100  5.017  5.069  5.088  5.063  5.056  5.043  4.997
6.397  6.243  6.297  6.419  6.288  6.279  6.334  6.352  6.310  6.508  6.482  6.410  6.438  6.253  6.449  6.250  6.304  6.209  6.438  6.376  6.466  6.368  6.300  6.347  6.238  6.210  6.269  6.186  6.116  6.151  6.363  6.241  6.335  6.339  6.433  6.368  6.308  6.294  6.218  6.242  6.240  6.254
5.361  5.139  5.164  5.242  5.197  5.176  5.142  5.170  5.063  5.338  5.153  5.283  5.344  5.106  5.198  5.043  5.004  5.153  5.193  5.242  5.150  5.118  5.147  5.204  4.996  5.037  4.942  5.032  4.835  4.824  5.056  4.963  5.130  4.963  5.056  4.977  5.086  5.094  5.043  4.996  4.934  5.215
4.942  4.820  4.905  4.828  4.727  4.771  4.762  4.663  4.635  4.963  4.762  4.844  4.942  4.671  4.949  4.663  4.691  4.663  4.820  4.927  4.700  4.745  4.726  4.844  4.696  4.723  4.500  4.605  4.454  4.454  4.649  4.562  4.796  4.564  4.635  4.700  4.663  4.533  4.633  4.691  4.454  4.615
4.673  4.745  4.644  4.628  4.605  4.756  4.762  4.620  4.820  4.850  4.754  4.654  4.804  4.752  4.836  4.511  4.779  4.836  4.820  4.812  4.779  4.911  4.694  4.868  4.575  4.727  4.583  4.475  4.443  4.543  4.691  4.511  4.685  4.682  4.836  4.736  4.625  4.649  4.489  4.477  4.605  4.580
4.227  4.205  4.331  4.277  4.234  4.297  4.205  4.277  4.234  4.416  4.317  4.344  4.407  4.357  4.466  4.274  4.380  4.174  4.308  4.466  4.382  4.416  4.248  4.357  4.111  4.348  4.143  4.078  4.094  4.127  4.220  4.277  4.127  4.205  4.317  4.174  4.277  4.304  4.124  4.103  4.025  4.357
4.868  4.710  4.718  4.927  4.836  4.905  4.831  4.883  4.836  4.890  4.691  4.779  4.893  4.963  4.937  4.654  4.705  4.922  4.860  5.017  4.823  4.762  4.668  4.887  4.718  4.605  4.771  4.554  4.554  4.754  4.691  4.543  4.727  4.573  4.654  4.828  4.603  4.654  4.680  4.762  4.635  4.700
4.771  4.573  4.682  4.662  4.642  4.625  4.652  4.522  4.511  4.673  4.662  4.682  4.868  4.605  4.673  4.654  4.564  4.605  4.691  4.938  4.732  4.762  4.595  4.710  4.654  4.530  4.440  4.489  4.392  4.454  4.635  4.554  4.615  4.588  4.522  4.554  4.595  4.644  4.673  4.659  4.595  4.511
