5.273  4.984  5.162  4.979  5.146  5.403  5.181  5.282  5.357  5.576  5.351  5.384  5.346  5.242  5.342  5.164  4.640  5.142  5.014  5.112  5.231  4.963  4.996  5.118  4.843  5.075  4.990  5.024  4.554  4.997  5.106  4.682  4.883  5.133  5.030  5.118  5.030  4.994  5.088  5.034  4.984  5.080
3.584  3.401  3.434  3.401  3.611  3.605  3.584  3.555  3.611  3.584  3.466  3.555  3.850  3.714  3.761  3.526  3.401  3.497  3.611  3.928  3.738  3.638  3.497  3.684  3.497  3.506  3.428  3.434  3.466  3.332  3.367  3.526  3.401  3.506  3.497  3.450  3.332  3.584  3.401  3.332  3.332  3.434
6.941  6.866  6.869  6.737  6.748  6.844  7.084  6.987  7.138  7.115  6.955  7.147  7.102  7.059  7.134  7.032  6.956  7.078  7.147  7.030  7.126  7.012  6.987  6.970  7.055  7.057  7.020  6.949  6.960  6.883  6.905  6.960  6.972  7.184  7.048  7.034  7.144  6.974  6.833  6.940  6.907  6.998
6.125  5.981  5.938  5.886  5.919  6.033  6.364  6.075  6.263  6.223  6.179  6.242  6.295  6.066  6.252  6.131  6.114  6.033  6.277  6.098  6.351  6.263  6.111  6.215  6.066  6.176  6.091  5.951  5.947  5.875  5.885  6.085  6.011  6.192  6.146  6.287  6.293  5.994  6.001  5.869  6.059  6.160
5.208  5.080  5.316  5.088  5.407  5.447  5.303  5.398  5.468  5.476  5.236  5.455  5.434  5.371  5.327  5.339  4.710  5.288  5.609  5.100  5.204  5.047  5.103  5.085  5.302  5.298  5.278  5.208  4.942  5.254  4.982  4.875  5.147  5.313  5.352  5.153  5.170  5.318  5.088  5.375  5.117  5.476
3.757  3.658  3.689  3.664  3.689  3.664  3.761  3.638  3.714  3.938  3.555  3.738  3.829  3.701  3.761  3.761  3.611  3.584  3.867  3.807  3.807  3.850  3.664  3.714  3.784  3.807  3.689  3.664  3.555  3.664  3.555  3.526  3.850  3.584  3.632  3.611  3.526  3.689  3.611  3.605  3.714  3.750
7.126  6.991  6.954  6.904  7.018  7.020  6.888  6.907  6.950  7.144  7.088  7.045  7.073  6.992  7.048  6.944  6.700  7.090  7.020  6.888  6.854  6.859  6.977  6.928  6.797  6.819  6.931  6.945  6.753  6.784  6.972  6.800  6.750  6.875  6.834  6.913  7.073  6.931  6.919  7.000  6.728  6.873
5.927  5.824  5.666  5.631  5.714  5.720  5.710  5.690  5.587  5.994  6.021  5.811  5.861  5.823  5.926  5.714  5.580  5.635  5.805  5.707  5.746  5.844  5.832  5.903  5.499  5.666  5.621  5.521  5.476  5.537  5.817  5.545  5.549  5.666  5.628  5.687  5.738  5.586  5.602  5.673  5.358  5.527
5.513  5.288  5.288  5.239  5.497  5.545  5.298  5.394  5.347  5.580  5.421  5.515  5.583  5.372  5.624  5.239  5.112  5.389  5.461  5.270  5.442  5.176  5.106  5.313  4.920  5.250  5.103  5.173  4.977  5.118  5.130  5.068  5.231  5.283  5.226  5.363  5.318  5.187  5.252  5.389  5.136  5.313
3.664  3.638  3.638  3.750  3.664  3.497  3.638  3.584  3.611  3.714  3.684  3.892  3.888  3.658  3.807  3.555  3.761  3.497  3.689  3.846  3.784  3.664  3.638  3.714  3.497  3.584  3.592  3.658  3.664  3.611  3.555  3.664  3.714  3.684  3.555  3.638  3.555  3.664  3.605  3.611  3.526  3.689
6.261  5.916  6.265  6.215  6.213  6.321  6.159  6.378  6.359  6.351  6.293  6.213  6.462  6.278  6.251  6.098  5.979  6.148  6.502  6.261  6.282  6.031  6.110  6.010  6.319  6.397  6.103  6.190  5.795  5.989  5.989  5.820  6.050  6.277  6.027  6.151  6.138  6.161  6.114  6.168  6.272  6.299
4.779  4.549  4.802  4.694  4.443  4.787  4.786  4.786  4.856  4.905  4.792  4.644  4.947  4.868  4.816  4.700  4.868  4.564  4.902  4.852  4.883  4.804  4.630  4.633  4.663  4.633  4.736  4.500  4.263  4.466  4.615  4.454  4.317  4.828  4.682  4.673  4.554  4.369  4.615  4.369  4.623  4.615
6.831  6.739  6.781  6.748  6.850  6.790  6.653  6.797  6.774  6.824  6.790  6.860  6.742  6.753  6.819  6.623  6.413  6.843  6.835  6.749  6.636  6.608  6.721  6.687  6.683  6.739  6.636  6.714  6.504  6.558  6.570  6.481  6.611  6.654  6.646  6.657  6.651  6.820  6.784  6.743  6.571  6.706
5.329  5.407  5.288  5.293  5.220  5.324  5.136  5.124  5.293  5.342  5.374  5.380  5.360  5.320  5.617  5.139  4.942  5.233  5.252  5.153  5.347  5.165  5.389  5.298  5.235  5.204  5.136  5.081  4.949  4.977  5.089  5.017  5.056  5.209  5.088  5.298  5.074  5.371  5.124  5.100  5.106  5.136
6.354  5.834  6.323  6.320  6.279  6.323  6.242  6.353  6.385  6.407  6.225  6.477  6.486  6.263  6.363  5.996  6.207  6.269  6.506  6.425  6.389  6.182  6.068  6.041  6.497  6.578  6.057  6.153  5.889  5.951  5.889  6.115  6.337  6.344  6.333  6.195  6.031  6.191  6.063  6.140  6.479  6.458
4.673  4.331  4.500  4.446  4.263  4.454  4.401  4.440  4.554  4.541  4.413  4.489  4.736  4.590  4.595  4.654  4.369  4.212  4.559  4.595  4.533  4.443  4.392  4.304  4.687  4.676  4.277  4.301  4.357  4.263  4.202  4.380  4.304  4.525  4.509  4.341  4.270  4.111  4.094  4.217  4.481  4.443
7.139  6.742  6.976  6.899  7.031  6.989  6.783  6.924  6.930  7.035  6.916  7.051  7.115  6.930  7.058  6.806  6.793  7.146  7.088  6.992  6.881  6.778  6.820  6.848  6.854  6.958  6.808  6.908  6.719  6.676  6.805  6.661  6.763  6.946  6.802  6.844  6.847  6.933  6.894  7.085  6.804  6.942
5.727  5.352  5.485  5.347  5.769  5.583  5.481  5.429  5.515  5.642  5.618  5.670  5.799  5.678  5.687  5.497  5.455  5.568  5.657  5.580  5.651  5.338  5.476  5.438  5.598  5.609  5.468  5.481  5.187  5.275  5.263  5.114  5.342  5.549  5.438  5.416  5.352  5.338  5.278  5.468  5.280  5.460
6.822  6.425  6.810  6.609  6.896  6.798  6.649  6.817  6.784  6.890  6.763  6.868  6.895  6.783  6.834  6.526  6.531  6.845  6.910  6.780  6.618  6.492  6.590  6.579  6.604  6.686  6.565  6.537  6.352  6.407  6.423  6.254  6.693  6.762  6.607  6.624  6.532  6.693  6.619  6.696  6.507  6.742
3.932  4.025  4.111  4.171  4.234  4.148  3.912  3.967  4.274  4.007  4.159  4.220  4.241  4.369  4.111  4.060  4.202  4.025  4.094  4.267  4.094  4.108  4.043  4.246  3.714  4.159  4.007  3.689  3.829  3.871  3.908  3.638  3.989  4.477  4.111  4.127  3.784  4.111  3.684  3.784  3.684  4.007
6.443  6.039  6.392  6.247  6.414  6.395  6.172  6.306  6.310  6.443  6.378  6.433  6.449  6.378  6.410  6.326  6.078  6.482  6.329  6.281  6.221  6.092  6.279  6.255  6.198  6.300  6.263  6.377  6.068  6.142  6.288  6.006  6.217  6.198  6.186  6.169  6.244  6.340  6.299  6.275  6.240  6.218
5.358  5.263  5.273  5.142  5.288  5.283  5.215  5.268  5.328  5.384  5.263  5.333  5.424  5.303  5.541  5.264  5.169  5.318  5.361  5.283  5.347  5.235  5.313  5.320  5.303  5.209  5.273  5.295  5.011  5.239  5.159  4.990  5.106  5.257  5.198  5.323  5.338  5.361  5.187  5.081  5.170  5.147
