4.419  4.407  4.382  4.290  4.419  4.431  4.304  4.394  4.554  4.543  4.500  4.500  4.419  4.454  4.575  4.337  4.304  4.357  4.143  4.404  4.407  4.407  4.369  4.404  4.159  4.124  4.317  4.202  3.951  4.156  4.263  4.116  4.304  4.344  4.220  4.290  4.238  4.407  4.331  4.111  4.127  4.234
4.190  4.174  4.025  4.007  4.159  4.078  4.140  3.989  4.174  4.263  4.127  4.304  4.290  4.328  4.324  3.912  4.060  4.159  4.094  4.190  4.212  4.143  4.127  4.220  4.007  4.025  4.124  4.091  3.871  3.932  4.004  3.942  4.078  4.040  4.043  4.111  4.025  4.060  3.912  4.025  3.850  4.290
5.726  5.521  5.628  5.513  5.505  5.624  5.505  5.561  5.566  5.690  5.442  5.580  5.591  5.574  5.552  5.630  5.497  5.471  5.572  5.595  5.521  5.595  5.564  5.568  5.403  5.313  5.361  5.407  5.288  5.354  5.451  5.442  5.389  5.429  5.403  5.527  5.464  5.442  5.451  5.481  5.413  5.484
5.707  5.590  5.690  5.784  5.687  5.753  5.598  5.645  5.629  5.789  5.513  5.680  5.733  5.652  5.710  5.645  5.509  5.591  5.680  5.737  5.793  5.781  5.666  5.624  5.537  5.481  5.472  5.437  5.303  5.403  5.568  5.340  5.525  5.549  5.483  5.577  5.558  5.624  5.580  5.580  5.588  5.640
3.932  3.738  3.824  3.757  3.807  3.912  3.892  3.912  3.892  3.951  3.867  3.892  4.025  4.094  4.103  3.912  3.802  3.928  3.829  4.007  4.078  3.850  3.761  3.989  3.850  3.784  3.784  3.807  3.733  3.684  3.835  3.784  3.761  3.888  3.780  3.892  3.784  3.750  3.780  3.664  3.611  3.733
3.951  3.989  3.829  4.025  3.871  4.111  3.957  4.025  4.043  3.989  3.871  4.060  4.043  4.007  4.190  3.912  3.912  4.111  4.078  4.205  4.057  3.985  3.912  4.205  3.932  3.871  4.007  3.912  4.060  3.802  3.867  3.932  4.060  3.818  3.867  3.957  3.928  3.807  3.850  4.004  3.912  3.882
4.644  4.635  4.489  4.585  4.543  4.564  4.779  4.673  4.804  4.699  4.543  4.734  4.615  4.691  4.779  4.554  4.613  4.500  4.635  4.676  4.615  4.749  4.543  4.543  4.613  4.644  4.543  4.344  4.344  4.290  4.369  4.654  4.564  4.489  4.500  4.613  4.394  4.407  4.443  4.500  4.382  4.509
4.489  4.615  4.564  4.404  4.382  4.511  4.394  4.554  4.595  4.618  4.682  4.613  4.623  4.522  4.708  4.443  4.549  4.498  4.585  4.575  4.662  4.472  4.440  4.477  4.437  4.500  4.335  4.248  4.202  4.419  4.466  4.431  4.500  4.489  4.460  4.290  4.344  4.440  4.477  4.317  4.234  4.369
5.858  5.738  5.710  5.689  5.830  5.805  5.897  5.714  5.849  5.866  5.521  5.687  5.996  6.023  5.815  5.835  5.811  5.779  5.762  5.737  5.883  5.917  5.775  5.798  5.756  5.710  5.730  5.746  5.638  5.602  5.808  5.864  5.649  5.840  5.863  5.697  5.866  5.826  5.838  5.846  5.602  5.702
4.812  4.796  4.879  4.682  4.840  4.883  4.812  4.727  4.804  4.804  4.663  4.700  5.047  4.963  4.970  4.736  4.723  4.752  4.875  4.905  4.970  4.820  4.820  4.883  4.625  4.663  4.779  4.811  4.431  4.694  4.754  4.671  4.760  4.644  4.700  4.754  4.844  4.920  5.680  4.659  4.663  4.856
5.220  5.094  5.130  5.220  5.204  5.242  5.075  5.112  5.118  5.056  5.212  4.940  5.313  5.193  5.366  5.109  4.984  5.182  5.159  5.142  5.215  4.949  5.124  5.142  4.864  4.881  5.043  4.977  4.844  4.820  5.142  4.812  5.050  5.004  5.017  4.977  4.970  5.100  5.112  5.037  4.937  5.124
4.977  4.852  4.970  4.868  5.050  4.883  4.787  4.875  4.819  4.852  4.783  4.635  4.973  4.980  4.843  4.796  4.850  4.752  4.889  4.927  4.949  4.820  4.890  4.940  4.699  4.654  4.580  4.605  4.718  4.585  4.792  4.864  4.754  4.745  4.844  4.773  4.682  4.718  4.691  4.663  4.852  4.796
4.875  4.700  5.147  4.700  4.812  4.866  4.787  4.718  4.990  4.949  4.836  4.796  4.875  4.927  4.954  4.848  4.554  5.004  4.779  5.086  5.011  4.860  4.828  4.890  4.500  4.533  4.644  4.703  4.464  4.687  4.691  4.663  4.871  4.828  4.831  4.691  4.758  4.543  4.723  4.779  4.583  4.771
5.106  5.011  5.182  5.124  5.050  5.201  5.037  5.136  5.257  5.234  5.088  5.159  5.159  5.142  5.307  5.127  4.963  5.257  5.209  5.421  5.273  5.063  5.024  5.043  4.904  4.927  4.977  4.970  4.615  4.977  4.937  4.875  5.170  5.124  5.011  4.984  4.963  4.992  5.029  5.123  5.153  5.094
4.887  4.875  4.875  4.956  4.852  4.786  4.802  4.827  4.828  4.868  4.905  4.798  4.997  4.956  4.990  4.782  4.860  4.700  4.919  4.898  4.942  4.905  4.852  4.868  4.787  4.787  4.718  4.625  4.564  4.710  4.736  4.727  4.820  4.769  4.820  4.820  4.754  4.743  4.691  4.443  4.657  4.668
3.980  4.022  3.807  4.078  3.892  3.850  3.892  3.871  3.850  3.932  3.829  3.892  4.111  4.143  4.043  3.807  3.908  3.807  4.127  4.190  4.217  3.892  4.004  4.127  3.850  3.985  3.871  3.951  3.738  3.970  3.932  3.951  3.970  3.850  3.912  3.932  3.829  3.714  3.824  3.807  3.871  3.738
4.718  4.762  4.782  4.796  4.663  4.585  4.663  4.615  4.700  4.710  4.705  4.804  4.691  4.699  4.771  4.564  4.600  4.792  4.820  4.635  4.852  4.511  4.615  4.907  4.541  4.575  4.595  4.748  4.466  4.546  4.533  4.625  4.743  4.762  4.696  4.615  4.533  4.511  4.625  4.511  4.585  4.564
4.443  4.357  4.522  4.394  4.357  4.394  4.331  4.466  4.546  4.464  4.419  4.413  4.407  4.514  4.407  4.234  4.410  4.472  4.454  4.431  4.454  4.344  4.428  4.511  4.344  4.382  4.234  4.274  4.234  4.324  4.174  4.304  4.398  4.344  4.367  4.344  4.388  4.344  4.454  4.220  4.205  4.277
4.898  4.749  4.762  4.927  4.904  4.812  4.916  4.920  4.875  5.063  4.783  4.787  5.165  4.927  5.043  4.992  4.956  4.852  5.118  5.130  4.984  5.327  5.252  5.394  4.905  4.868  4.710  4.585  4.635  4.644  4.827  4.860  4.890  4.905  4.828  4.970  4.812  4.868  4.922  5.118  5.024  5.096
5.894  5.591  5.611  5.765  5.684  5.704  5.690  5.670  5.711  5.802  5.765  5.869  5.993  5.820  5.659  5.617  5.788  5.497  5.749  5.875  5.714  5.743  5.707  5.846  5.606  5.872  5.585  5.468  5.591  5.583  5.545  5.642  5.656  5.771  5.724  5.658  5.560  5.600  5.541  5.649  5.656  5.661
4.613  4.419  4.625  4.682  4.603  4.564  4.431  4.489  4.652  4.635  4.635  4.663  4.603  4.564  4.714  4.369  4.525  4.673  4.682  4.852  4.745  4.477  4.263  4.489  4.699  4.522  4.443  4.344  4.431  4.477  4.428  4.554  4.673  4.682  4.736  4.500  4.404  4.522  4.452  4.511  4.533  4.489
4.466  4.382  4.419  4.454  4.382  4.446  4.331  4.401  4.588  4.290  4.328  4.431  4.483  4.511  4.736  4.171  4.304  4.205  4.575  4.727  4.640  4.394  4.388  4.443  4.440  4.263  4.328  4.419  3.989  4.094  4.174  4.357  4.489  4.500  4.443  4.344  4.234  4.174  4.344  4.369  4.380  4.304
