4.605  4.466  4.500  4.573  4.290  4.575  4.511  4.500  4.509  4.477  4.466  4.541  4.605  4.511  4.680  4.489  4.382  4.431  4.466  4.543  4.533  4.477  4.500  4.554  4.331  4.369  4.277  4.248  4.171  4.315  4.428  4.277  4.454  4.394  4.337  4.475  4.317  4.407  4.337  4.263  4.260  4.454
4.522  4.382  4.354  4.304  4.263  4.331  4.500  4.317  4.369  4.382  4.174  4.564  4.464  4.416  4.454  4.394  4.331  4.234  4.458  4.369  4.407  4.392  4.357  4.511  4.288  4.407  4.369  4.248  4.043  3.985  4.179  4.304  4.663  4.246  4.248  4.248  4.304  4.344  4.171  4.190  4.248  4.238
4.977  4.762  5.058  4.963  4.926  4.836  4.905  4.934  4.926  5.081  5.004  4.997  4.970  4.956  4.989  4.890  4.718  4.905  4.956  4.942  5.081  4.782  4.815  4.920  4.690  4.710  4.762  4.640  4.718  4.680  4.828  4.802  4.779  4.762  4.691  4.717  4.874  4.844  4.870  4.654  4.708  4.831
5.674  5.389  5.588  5.503  5.609  5.575  5.628  5.695  5.548  5.753  5.719  5.737  5.695  5.749  5.816  5.596  5.505  5.595  5.596  5.513  5.609  5.442  5.384  5.442  5.328  5.365  5.283  5.265  5.203  5.285  5.352  5.412  5.429  5.377  5.509  5.464  5.442  5.497  5.378  5.389  5.397  5.447
4.754  4.736  5.001  4.812  4.804  5.136  5.011  4.736  4.927  5.147  4.762  4.997  4.836  4.836  4.920  4.966  4.905  4.718  4.977  4.911  4.984  5.056  4.913  5.283  4.871  4.682  4.775  4.654  4.663  5.040  4.844  4.898  5.056  4.787  5.071  4.984  4.883  4.734  4.779  4.890  5.106  5.249
5.088  5.209  4.984  5.170  5.117  5.257  5.346  5.142  5.318  5.187  5.231  5.263  5.198  5.220  5.407  5.081  5.278  5.037  5.328  5.133  5.638  5.398  5.257  5.338  5.069  5.297  5.123  4.868  5.088  5.135  5.220  5.328  5.118  5.293  5.451  5.318  5.494  5.112  5.043  5.198  5.361  5.220
4.382  4.382  4.446  4.187  4.190  4.394  4.331  4.234  4.357  4.394  4.220  4.522  4.554  4.304  4.466  4.525  4.290  4.472  4.578  4.394  4.416  4.304  4.277  4.585  4.156  4.078  4.277  4.143  4.094  4.311  4.224  4.111  4.248  4.344  4.143  4.419  4.227  4.190  4.159  4.382  4.190  4.277
3.807  3.829  4.151  3.892  3.989  3.784  3.892  3.912  4.078  3.951  3.784  4.078  4.127  4.007  4.060  4.043  3.850  4.103  4.043  4.025  4.078  3.892  3.882  4.094  3.689  3.638  3.846  3.721  3.714  4.135  3.970  3.829  3.882  3.942  3.850  3.768  3.850  3.850  3.714  3.584  3.829  3.846
5.282  5.112  5.100  5.124  5.136  5.115  5.136  5.243  5.017  5.308  5.257  5.220  5.347  5.198  5.323  5.118  5.081  4.990  5.226  5.147  5.176  5.220  5.115  5.246  5.063  5.030  5.013  4.972  4.934  4.994  5.052  5.094  4.984  5.063  5.118  5.124  4.959  5.069  5.050  5.003  4.934  4.963
5.984  5.869  5.903  5.855  5.871  5.728  5.820  5.861  5.768  6.047  5.979  6.004  6.026  5.793  5.905  5.773  5.717  5.759  5.903  5.892  5.883  5.930  5.685  5.869  5.529  5.568  5.680  5.746  5.733  5.670  5.858  5.673  5.717  5.814  5.981  5.897  5.811  5.881  5.802  5.620  5.666  5.733
5.471  5.223  5.386  5.416  5.257  5.493  5.333  5.364  5.366  5.545  5.361  5.429  5.485  5.242  5.480  5.209  5.176  5.251  5.455  5.442  5.471  5.268  5.268  5.257  5.106  5.124  5.209  5.169  5.036  5.068  5.215  5.165  5.412  5.263  5.263  5.306  5.178  5.159  5.226  5.242  5.165  5.270
5.617  5.361  5.479  5.517  5.541  5.537  5.576  5.501  5.583  5.635  5.557  5.617  5.513  5.497  5.613  5.379  5.416  5.418  5.602  5.611  5.605  5.464  5.442  5.476  5.460  5.394  5.447  5.451  5.323  5.478  5.389  5.529  5.451  5.468  5.472  5.537  5.464  5.313  5.318  5.318  5.407  5.373
3.714  3.714  3.757  3.784  3.638  3.784  3.738  3.555  3.932  3.970  3.584  3.892  4.127  3.989  3.989  3.689  3.871  3.850  3.989  4.025  4.060  3.807  3.714  3.824  3.638  3.671  3.619  3.555  3.526  3.611  3.689  3.689  4.007  3.605  3.761  3.671  3.738  3.807  3.721  3.584  3.970  3.750
3.555  3.709  3.726  3.658  3.555  3.714  3.807  3.638  3.784  3.761  3.664  3.714  3.932  3.784  3.784  3.638  3.850  3.664  3.824  3.807  3.871  3.824  3.750  3.733  3.912  3.555  3.638  3.664  3.578  3.664  3.550  3.745  3.709  3.555  3.611  3.632  3.526  3.466  3.497  3.550  3.664  3.738
4.527  4.691  4.585  4.680  4.422  4.454  4.522  4.394  4.477  4.554  4.373  4.410  4.673  4.554  4.680  4.394  4.554  4.357  4.564  4.564  4.642  4.585  4.585  4.603  4.260  4.431  4.404  4.344  4.190  4.344  4.394  4.454  4.500  4.454  4.489  4.603  4.615  4.575  4.369  4.344  4.394  4.238
4.248  4.290  4.248  4.443  4.246  4.357  4.127  4.304  4.263  4.454  4.317  4.277  4.443  4.407  4.605  4.190  4.357  4.419  4.454  4.509  4.595  4.443  4.394  4.428  4.234  4.108  4.248  4.043  4.190  4.284  4.344  4.308  4.331  4.394  4.344  4.317  4.143  4.263  7.579  4.159  4.174  4.317
3.928  3.908  3.807  3.951  4.007  3.871  3.989  3.912  3.761  3.850  3.664  3.970  4.025  4.007  4.205  3.829  3.912  4.034  4.040  3.970  4.143  3.908  3.967  4.043  3.850  3.611  3.932  3.761  3.829  3.714  3.850  3.989  3.824  3.871  3.951  3.761  3.664  3.871  3.892  3.689  3.807  3.892
4.094  3.967  4.197  4.220  4.159  4.078  3.989  4.094  3.989  4.143  4.159  4.111  4.394  4.369  4.443  4.290  4.025  4.025  4.263  4.317  4.357  4.078  4.140  4.317  4.060  4.111  4.111  3.989  4.124  4.078  4.127  4.111  4.234  4.094  4.220  4.078  4.060  4.111  4.116  4.190  4.007  3.970
4.205  4.231  4.311  4.404  4.205  4.277  4.007  4.220  4.263  4.234  4.248  4.260  4.331  4.297  4.394  4.205  4.007  4.466  4.317  4.466  4.454  4.331  4.248  4.290  4.143  4.060  4.025  4.159  4.060  4.197  4.078  4.174  4.205  4.171  4.190  4.220  4.111  4.205  4.205  4.140  4.205  4.419
4.394  4.394  4.404  4.593  4.654  4.331  4.324  4.509  4.267  4.554  4.369  4.554  4.625  4.585  4.554  4.369  4.404  4.466  4.554  4.522  4.625  4.454  4.466  4.477  4.443  4.511  4.274  4.025  4.078  4.288  4.263  4.263  4.464  4.511  4.277  4.489  4.297  4.277  4.301  4.317  4.315  4.615
5.493  5.308  5.478  5.613  5.425  5.371  5.398  5.447  5.515  5.553  5.451  5.553  5.565  5.449  5.555  5.395  5.557  5.375  5.654  5.702  5.597  5.561  5.409  5.533  5.500  5.529  5.386  5.447  5.203  5.246  5.346  5.421  5.572  5.568  5.561  5.375  5.328  5.396  5.357  5.268  5.533  5.549
5.052  4.905  5.011  5.220  5.061  4.961  5.063  5.037  5.220  5.117  5.165  5.281  5.112  5.059  5.121  4.868  5.081  4.858  5.209  5.288  5.236  4.990  4.947  4.956  5.182  5.179  4.956  5.130  4.754  4.927  4.934  5.011  5.156  5.147  5.083  4.949  4.852  5.017  4.852  4.879  5.217  5.142
