5.501  5.394  5.455  5.349  5.357  5.442  5.431  5.442  5.457  5.598  5.406  5.517  5.587  5.384  5.490  5.366  5.209  5.330  5.566  5.328  5.429  5.268  5.273  5.313  5.288  5.451  5.257  5.247  5.164  5.182  5.338  5.236  5.371  5.395  5.416  5.231  5.323  5.308  5.242  5.361  5.328  5.451
5.580  5.447  5.572  5.557  5.515  5.464  5.647  5.611  5.684  5.805  5.537  5.684  5.746  5.606  5.642  5.375  5.468  5.489  5.695  5.602  5.724  5.574  5.447  5.549  5.549  5.485  5.460  5.209  5.136  5.384  5.366  5.485  5.562  5.622  5.541  5.476  5.451  5.561  5.318  5.380  5.389  5.549
5.497  5.303  5.432  5.308  5.459  5.553  5.405  5.525  5.602  5.537  5.497  5.553  5.620  5.493  5.557  5.438  5.215  5.481  5.405  5.333  5.464  5.159  5.220  5.323  5.250  5.311  5.246  5.306  4.944  5.178  5.421  5.100  5.204  5.464  5.249  5.303  5.434  5.328  5.159  5.298  5.192  5.327
3.638  3.611  3.550  3.664  3.714  3.584  3.664  3.638  3.829  3.714  3.526  3.584  3.839  3.932  3.784  3.689  3.824  3.664  3.664  3.850  3.829  3.638  3.526  3.611  3.714  3.658  3.611  3.850  3.535  3.520  3.611  3.689  3.664  3.638  3.714  3.689  3.714  3.497  3.689  3.714  3.466  3.564
6.021  5.759  5.881  5.771  5.958  5.858  5.750  5.830  5.807  6.035  5.967  5.922  5.959  5.808  6.014  5.620  5.461  5.787  5.795  5.817  5.808  5.647  5.749  5.673  5.561  5.617  5.714  5.631  5.366  5.459  5.743  5.466  5.595  5.631  5.649  5.756  5.733  5.748  5.742  5.684  5.553  5.682
5.371  5.124  5.156  5.313  5.243  5.030  5.209  5.170  5.130  5.366  5.265  5.288  5.308  5.223  5.384  4.977  4.994  5.106  5.328  5.293  5.193  5.153  5.156  5.159  4.836  4.787  4.949  4.852  4.787  4.860  4.924  4.766  5.081  4.947  5.142  4.970  5.016  5.088  5.081  5.066  4.934  5.016
5.881  5.914  5.844  5.816  5.849  5.986  5.740  5.875  5.838  5.981  5.876  5.935  5.961  5.835  5.904  5.770  5.673  5.791  5.875  5.878  5.855  5.759  5.760  5.759  5.598  5.730  5.792  5.710  5.549  5.655  5.749  5.583  5.811  5.808  5.844  5.861  5.733  5.692  5.663  5.775  5.652  5.817
5.252  5.147  5.086  5.206  5.106  5.136  5.106  5.078  5.106  5.142  5.037  5.230  5.328  5.231  5.313  5.032  5.152  5.088  5.220  5.215  5.278  5.215  5.130  5.328  4.992  5.011  4.938  5.094  4.934  5.009  5.075  5.081  4.984  5.147  5.170  5.136  5.106  5.063  4.963  5.016  5.063  5.037
6.045  5.720  5.855  5.854  5.960  5.938  5.790  5.951  5.872  5.976  5.926  6.023  5.960  5.958  5.953  5.872  5.628  6.052  5.994  5.979  5.790  5.602  5.765  5.793  5.841  5.777  5.753  5.872  5.540  5.616  5.774  5.587  5.829  5.778  5.753  5.694  5.741  5.829  5.828  6.028  5.714  5.792
5.053  4.881  4.815  4.721  4.959  4.890  4.898  4.787  4.970  5.024  4.927  5.094  5.118  4.987  5.006  4.868  4.727  4.893  4.954  5.004  4.898  4.802  4.963  4.898  4.875  4.802  4.844  4.796  4.691  4.570  4.700  4.575  4.760  4.779  4.718  4.752  4.844  4.868  4.721  4.745  4.710  4.762
6.120  5.846  6.071  5.979  6.067  6.047  5.984  6.047  5.971  6.045  6.078  6.075  6.105  6.023  6.078  5.955  5.996  6.136  6.131  6.066  5.964  5.991  6.030  6.040  6.009  6.073  6.031  6.004  5.730  5.905  5.916  5.778  5.883  6.138  6.035  5.966  6.004  6.043  5.961  6.054  5.805  5.992
5.004  4.868  5.043  5.036  4.970  4.977  4.852  5.017  4.934  5.004  4.894  5.004  5.068  4.881  5.093  4.836  4.852  4.754  5.219  5.234  4.889  4.860  4.916  4.945  5.053  5.168  4.762  4.625  4.543  4.794  4.633  4.736  4.949  5.081  5.030  4.934  4.819  4.836  4.635  4.659  4.940  4.752
6.829  6.596  6.765  6.812  6.817  6.790  6.614  6.700  6.736  6.830  6.775  6.783  6.828  6.684  6.883  6.680  6.681  6.663  6.790  6.919  6.817  6.726  6.700  6.746  6.639  6.644  6.627  6.550  6.473  6.503  6.510  6.604  6.832  6.739  6.708  6.770  6.637  6.749  6.745  6.632  6.636  6.721
6.551  6.469  6.415  6.561  6.509  6.569  6.546  6.431  6.567  6.683  6.509  6.584  6.692  6.495  6.767  6.455  6.565  6.491  6.515  6.526  6.779  6.619  6.574  6.673  6.458  6.485  6.457  6.229  6.304  6.400  6.407  6.526  6.519  6.535  6.555  6.649  6.509  6.446  6.469  6.349  6.423  6.455
5.572  5.334  5.429  5.411  5.539  5.602  5.298  5.521  5.472  5.591  5.447  5.529  5.606  5.472  5.541  5.493  5.338  5.666  5.617  5.476  5.429  5.225  5.468  5.494  5.380  5.481  5.474  5.521  5.236  5.403  5.357  5.412  5.434  5.472  5.438  5.476  5.464  5.505  5.434  5.497  5.236  5.412
4.745  4.541  4.682  4.787  4.875  4.732  4.927  4.875  4.804  4.736  4.868  4.920  4.913  4.883  4.977  4.852  4.777  4.828  4.949  4.844  5.061  4.787  4.779  4.956  4.815  4.875  4.760  4.779  4.673  4.762  4.787  4.824  4.796  4.898  4.883  4.804  4.710  4.850  4.806  4.727  4.736  4.687
6.339  6.225  6.242  6.229  6.342  6.346  6.372  6.301  6.256  6.436  6.230  6.384  6.397  6.271  6.339  6.236  6.053  6.308  6.328  6.213  6.148  6.078  6.176  6.217  6.207  6.280  6.256  6.202  6.105  6.134  6.129  6.080  6.246  6.373  6.192  6.254  6.303  6.314  6.256  6.306  6.186  6.270
4.902  5.069  4.920  4.990  5.024  4.997  4.982  4.864  4.994  5.043  4.977  5.106  5.130  4.966  5.021  4.852  4.937  5.003  4.984  4.990  5.024  4.996  5.037  4.927  4.844  5.094  4.949  4.727  4.779  4.802  4.848  4.690  4.894  5.011  4.852  4.893  4.951  4.949  4.836  4.798  4.779  4.866
5.781  5.645  5.705  5.624  5.736  5.694  5.645  5.624  5.529  5.781  5.761  5.694  5.799  5.673  5.714  5.591  5.591  5.790  5.710  5.753  5.746  5.659  5.690  5.669  5.412  5.557  5.583  5.493  5.513  5.463  5.525  5.448  5.602  5.642  5.694  5.655  5.624  5.656  5.638  5.576  5.513  5.648
5.170  5.179  4.929  4.905  4.942  5.004  4.961  5.013  5.050  5.142  5.165  5.037  5.252  5.158  5.136  5.004  4.963  5.170  5.024  5.147  5.056  5.037  5.118  5.273  4.852  4.997  5.159  4.996  4.796  4.889  5.086  4.745  4.913  4.990  5.153  5.094  4.997  5.081  5.124  4.987  4.922  4.937
6.280  5.969  6.230  6.246  6.236  6.284  6.211  6.242  6.240  6.293  6.229  6.242  6.363  6.290  6.375  6.194  6.148  6.295  6.351  6.337  6.399  6.252  6.234  6.274  6.266  6.297  6.170  6.265  6.038  6.168  6.054  6.136  6.236  6.317  6.291  6.282  6.264  6.182  6.142  6.250  6.252  6.287
5.838  5.645  5.781  5.822  5.790  5.844  5.737  5.753  5.796  5.976  5.855  5.927  5.974  5.941  6.026  5.743  5.724  5.914  5.919  5.922  5.996  5.894  5.862  5.863  5.802  5.802  5.787  5.846  5.606  5.753  5.723  5.746  5.784  5.894  5.866  5.829  5.796  5.733  5.749  5.753  5.768  5.798
