6.118  6.033  6.012  5.956  5.911  6.054  6.045  5.878  5.978  6.122  6.166  6.057  6.150  6.009  6.087  5.953  5.919  6.057  5.991  5.916  6.096  6.751  6.087  6.078  5.806  5.817  5.864  5.986  5.849  5.871  5.979  5.875  5.823  5.990  5.974  5.971  5.966  5.930  6.082  5.961  5.793  5.933
5.037  4.977  5.214  5.145  4.994  5.013  5.088  4.868  5.112  5.268  5.017  5.100  5.136  4.913  5.094  4.977  4.868  4.896  5.030  4.868  5.069  4.961  4.990  5.193  4.858  4.844  4.997  4.687  4.812  4.933  4.896  4.852  4.796  4.887  4.977  4.920  4.984  4.836  4.816  4.860  4.961  4.874
5.398  5.050  5.136  5.136  5.193  5.165  5.124  5.176  5.103  5.204  5.142  5.308  5.302  5.187  5.162  4.929  5.147  5.075  5.313  5.236  5.242  5.130  5.106  5.069  5.236  5.214  5.186  5.318  5.074  5.024  5.056  4.977  5.193  5.293  5.186  5.159  5.231  5.147  4.997  5.146  5.050  5.288
4.836  4.700  4.673  4.654  4.890  4.691  4.760  4.700  4.816  4.920  4.673  4.836  4.885  4.812  4.796  4.500  4.844  4.615  4.771  4.766  4.868  4.714  4.736  4.812  4.868  4.736  4.775  4.700  4.708  4.745  4.575  4.680  4.710  4.727  4.743  4.625  4.691  4.575  4.652  4.564  4.454  4.727
5.017  4.727  4.762  4.718  4.856  4.977  4.779  4.804  4.812  4.977  4.883  4.875  5.021  4.850  4.949  4.920  4.644  5.136  4.927  4.777  4.883  4.820  4.828  4.762  4.771  4.796  4.718  4.875  4.511  4.564  4.840  4.633  4.690  4.802  4.642  4.771  4.654  4.934  4.804  4.796  4.682  4.905
4.543  4.489  4.454  4.248  4.277  4.419  4.190  4.234  4.344  4.549  4.452  4.419  4.559  4.431  4.500  4.454  4.344  4.382  4.382  4.290  4.331  4.344  4.376  4.304  4.197  4.174  4.324  4.344  3.989  4.159  4.315  4.220  4.220  4.248  4.217  4.190  4.127  4.290  4.331  4.344  4.111  4.419
5.631  5.313  5.404  5.602  5.421  5.398  5.371  5.565  5.352  5.602  5.617  5.583  5.638  5.574  5.553  5.537  5.247  5.533  5.509  5.549  5.451  5.412  5.533  5.525  5.218  5.166  5.273  5.344  5.198  5.112  5.416  5.283  5.363  5.384  5.352  5.366  5.318  5.380  5.471  5.486  5.338  5.377
3.951  3.807  4.025  3.989  3.850  3.888  3.738  4.007  3.867  3.932  3.738  4.124  3.892  4.025  4.174  4.025  3.829  3.892  4.060  4.159  4.156  3.932  3.912  3.784  3.733  3.850  3.892  3.784  3.584  3.813  3.829  3.824  3.892  3.738  3.761  3.892  3.807  3.967  3.714  3.912  3.850  3.932
4.205  4.083  4.124  4.078  4.111  4.127  4.171  4.341  4.341  4.344  4.156  4.344  4.452  4.290  4.382  4.174  4.078  4.304  4.277  4.331  4.234  4.234  4.048  4.022  4.111  4.182  4.190  4.205  3.898  3.947  4.143  4.078  4.022  4.127  4.111  4.234  4.103  4.043  4.127  4.086  4.094  4.171
3.738  3.871  3.784  3.802  3.824  3.738  3.714  3.892  3.714  3.912  3.892  3.839  3.970  4.025  3.912  3.892  3.912  3.780  3.850  3.951  4.060  3.829  3.942  4.060  3.961  3.807  3.802  3.761  3.611  3.829  3.967  3.824  3.802  3.989  3.850  4.007  3.807  3.658  3.738  3.664  3.714  3.850
4.745  4.635  4.721  4.723  4.575  4.673  4.605  4.745  4.765  4.905  4.762  4.852  4.905  4.762  4.875  4.522  4.691  4.874  4.875  4.762  4.819  4.635  4.694  4.682  4.703  4.787  4.638  4.824  4.500  4.663  4.511  4.511  4.860  4.663  4.691  4.736  4.575  4.700  4.708  4.647  4.575  4.662
4.511  4.419  4.466  4.419  4.382  4.466  4.431  4.454  4.543  4.511  4.475  4.663  4.613  4.663  4.745  4.382  4.595  4.608  4.489  4.585  4.682  4.354  4.477  4.543  4.533  4.431  4.573  4.331  4.277  4.477  4.522  4.511  4.635  4.500  4.500  4.454  4.546  4.369  4.500  4.431  4.522  4.443
4.654  4.564  4.500  4.564  4.466  4.394  4.382  4.431  4.159  4.673  4.454  4.543  4.644  4.762  4.736  4.419  4.308  4.394  4.654  4.644  4.382  4.288  4.511  4.536  4.277  4.277  4.159  4.277  4.231  4.315  4.419  4.190  4.246  4.331  4.382  4.443  4.394  4.557  4.394  4.511  4.431  4.304
4.786  4.511  4.682  4.811  4.710  4.500  4.673  4.575  4.644  4.682  4.860  4.680  4.898  4.745  4.771  4.357  4.416  4.694  4.644  4.796  4.662  4.522  4.615  4.635  4.431  4.554  4.452  4.394  4.227  4.407  4.431  4.635  4.657  4.654  4.516  4.625  4.369  4.727  4.625  4.625  4.431  4.644
5.347  5.142  5.244  5.159  5.231  5.273  5.204  5.278  5.318  5.313  5.267  5.318  5.463  5.257  5.352  5.136  5.215  5.231  5.272  5.352  5.226  5.187  5.226  5.257  5.236  5.296  5.172  5.198  5.069  5.063  5.124  5.147  5.283  5.361  5.209  5.226  5.263  5.182  5.124  5.278  5.198  5.288
4.511  4.620  4.522  4.498  4.466  4.595  4.603  4.559  4.700  4.635  4.625  4.798  4.741  4.682  4.787  4.489  4.673  4.666  4.511  4.745  4.739  4.605  4.644  4.710  4.500  4.511  4.511  4.549  4.382  4.477  4.443  4.511  4.331  4.407  4.723  4.605  4.443  4.477  4.530  4.494  4.543  4.595
4.386  4.277  4.263  4.344  4.404  4.263  4.190  4.304  4.127  4.489  4.220  4.304  4.452  4.382  4.489  4.246  4.194  4.248  4.477  4.498  4.382  4.248  4.344  4.407  4.197  4.357  4.234  4.290  4.025  4.205  4.190  4.103  4.331  4.263  4.143  4.290  4.234  4.290  4.357  4.248  4.127  4.277
4.324  4.317  4.234  4.317  4.205  4.248  4.304  4.248  4.277  4.263  4.057  4.431  4.407  4.380  4.489  4.127  4.331  4.357  4.466  4.419  4.469  4.304  4.369  4.331  4.220  4.111  4.127  4.127  4.083  4.174  4.159  4.373  4.460  4.419  4.190  4.394  4.246  4.357  4.159  4.127  4.159  4.174
4.743  4.449  4.533  4.595  4.691  4.654  4.267  4.575  4.466  4.721  4.659  4.635  4.779  4.663  4.804  4.543  4.443  4.625  4.682  4.762  4.533  4.673  4.633  4.652  4.369  4.585  4.416  4.489  4.354  4.304  4.536  4.509  4.605  4.625  4.431  4.635  4.543  4.659  4.741  4.633  4.419  4.736
3.850  3.912  3.908  3.912  3.970  3.784  3.761  3.871  3.784  3.928  3.871  3.951  4.025  4.025  3.942  3.784  3.761  3.892  4.022  3.970  3.784  3.714  3.871  3.871  3.829  3.738  3.829  3.664  3.761  3.784  3.850  3.892  3.807  3.846  3.784  4.007  3.784  3.807  3.664  3.784  3.738  3.807
4.466  4.419  4.483  4.564  4.386  4.407  4.407  4.554  4.341  4.605  4.533  4.554  4.717  4.682  4.654  4.443  4.369  4.590  4.682  4.605  4.533  4.419  4.466  4.344  4.466  4.494  4.382  4.357  4.220  4.143  4.317  4.234  4.603  4.466  4.382  4.477  4.466  4.511  4.419  4.557  4.394  4.585
3.738  3.664  3.611  3.850  3.829  3.784  3.664  3.714  3.773  3.807  3.892  3.761  4.099  4.043  4.108  3.761  3.871  3.861  3.970  4.013  3.951  3.709  3.689  3.892  3.892  3.892  3.738  3.689  3.689  3.664  3.784  3.829  3.877  3.780  3.807  3.807  3.611  3.738  3.738  3.638  3.761  3.807
