6.461  6.305  6.308  6.186  6.244  6.413  6.370  6.282  6.275  6.390  6.280  6.335  6.314  6.295  6.361  6.374  5.849  6.415  6.116  6.207  6.297  6.220  6.240  6.277  6.198  6.293  6.279  6.293  6.153  6.227  6.133  6.136  6.103  6.328  6.295  6.301  6.328  6.279  6.161  6.328  6.107  6.304
5.579  5.398  5.273  5.255  5.300  5.352  5.600  5.416  5.455  5.601  5.433  5.459  5.511  5.412  5.481  5.302  5.039  5.311  5.215  5.357  5.549  5.393  5.306  5.371  5.393  5.238  5.313  5.257  5.242  5.218  5.093  5.192  5.226  5.327  5.345  5.352  5.525  5.236  5.176  5.099  5.100  5.384
4.949  4.852  4.844  4.771  5.011  4.997  5.037  4.920  5.193  5.212  5.083  5.130  5.308  5.170  5.007  5.088  4.858  5.106  5.193  4.934  5.016  4.852  4.852  5.124  4.934  5.061  5.043  4.984  4.893  4.990  4.920  4.920  4.800  5.024  4.968  5.106  4.970  4.844  4.970  4.959  4.820  4.864
3.611  3.638  3.632  3.584  3.611  3.584  3.475  3.584  3.497  3.664  3.555  3.689  3.526  3.689  3.835  3.638  3.605  3.664  3.584  3.714  3.733  3.638  3.611  3.757  3.584  3.564  3.526  3.401  3.459  3.526  3.555  3.555  3.520  3.401  3.555  3.555  3.761  3.367  3.526  3.418  3.555  3.466
5.969  5.756  5.926  5.971  5.974  6.031  5.760  5.897  5.849  5.953  5.924  5.950  6.030  5.914  6.045  5.908  5.737  6.006  5.924  5.896  5.811  5.820  5.926  5.846  5.838  5.808  5.826  5.758  5.635  5.717  5.759  5.690  5.893  5.808  5.838  5.855  5.855  5.803  5.838  5.881  5.805  5.927
5.677  5.591  5.617  5.568  5.595  5.587  5.609  5.583  5.501  5.670  5.611  5.645  5.625  5.561  5.710  5.489  5.583  5.474  5.582  5.598  5.690  5.572  5.513  5.565  5.505  5.517  5.460  5.353  5.263  5.268  5.288  5.384  5.423  5.602  5.565  5.474  5.421  5.505  5.537  5.421  5.489  5.416
6.140  5.778  5.925  5.916  5.878  5.899  5.776  5.880  5.784  5.993  5.984  5.940  6.026  5.903  5.966  5.799  5.796  5.858  5.881  5.957  5.710  5.916  5.790  5.805  5.844  5.786  5.793  5.859  5.629  5.735  5.730  5.635  5.855  5.832  5.818  5.878  5.884  5.956  5.866  5.940  5.737  5.814
6.230  5.989  6.033  6.019  6.011  6.033  5.993  6.014  6.001  6.263  6.174  6.073  6.227  6.164  6.140  6.026  6.114  6.114  6.046  6.174  6.105  6.155  6.107  6.165  5.951  5.900  5.996  5.988  5.984  5.856  6.022  5.900  5.958  6.103  6.125  6.076  6.004  6.028  6.063  6.043  5.866  5.994
6.495  6.239  6.419  6.485  6.479  6.488  6.328  6.417  6.434  6.525  6.452  6.496  6.600  6.531  6.557  6.321  6.155  6.463  6.571  6.491  6.452  6.331  6.392  6.416  6.284  6.275  6.351  6.320  6.136  6.245  6.305  6.289  6.314  6.394  6.356  6.382  6.366  6.370  6.439  6.426  6.225  6.400
6.494  6.373  6.437  6.529  6.552  6.526  6.404  6.478  6.501  6.526  6.441  6.661  6.673  6.667  6.729  6.375  6.324  6.433  6.662  6.607  6.658  6.465  6.420  6.465  6.446  6.339  6.365  6.418  6.286  6.292  6.310  6.351  6.403  6.501  6.407  6.480  6.559  6.497  6.366  6.425  6.407  6.485
6.706  6.568  6.601  6.636  6.645  6.708  6.462  6.619  6.578  6.635  6.542  6.675  6.700  6.646  6.770  6.494  6.314  6.639  6.729  6.479  6.417  6.337  6.433  6.531  6.466  6.458  6.397  6.425  6.172  6.183  6.349  6.273  6.551  6.415  6.333  6.472  6.485  6.631  6.534  6.538  6.435  6.542
6.773  6.870  6.711  6.821  6.875  6.985  6.924  6.808  7.031  6.990  6.872  7.095  7.172  7.096  7.351  6.791  6.705  6.686  7.096  6.830  6.961  6.839  6.920  6.971  6.682  6.774  6.682  6.617  6.435  6.427  6.721  6.650  6.653  6.827  6.863  7.057  6.873  6.820  6.768  6.703  6.625  6.615
6.266  5.842  6.057  6.073  6.080  6.142  5.838  6.040  6.021  6.183  6.180  6.152  6.197  6.075  6.190  5.849  5.894  6.186  6.140  6.061  5.943  5.841  5.869  5.846  5.998  6.159  5.976  6.075  5.903  5.838  5.930  5.720  5.895  5.942  5.880  5.948  5.838  6.178  6.080  6.159  5.881  6.029
5.166  4.963  4.963  5.011  4.949  5.105  4.898  5.039  5.081  5.118  5.273  5.215  5.159  5.187  5.280  4.963  5.050  5.017  5.252  5.106  5.220  4.938  5.030  4.996  4.956  5.043  4.956  4.934  4.787  4.727  4.875  4.875  4.900  5.017  4.970  5.069  4.836  5.043  5.111  5.145  4.844  4.949
5.561  5.460  5.489  5.533  5.572  5.568  5.485  5.519  5.568  5.568  5.398  5.561  5.753  5.541  5.740  5.523  5.438  5.609  5.642  5.620  5.598  5.448  5.587  5.545  5.481  5.568  5.403  5.541  5.323  5.345  5.414  5.497  5.452  5.561  5.609  5.561  5.505  5.394  5.449  5.565  5.389  5.468
4.773  4.605  4.654  4.644  4.691  4.654  4.691  4.700  4.727  4.769  4.745  4.812  4.710  4.836  4.894  4.477  4.585  4.850  4.727  4.796  4.804  4.710  4.625  4.779  4.575  4.663  4.644  4.605  4.419  4.500  4.525  4.575  4.786  4.633  4.671  4.635  4.575  4.777  4.754  4.717  4.615  4.543
6.744  6.625  6.696  6.773  6.812  6.810  6.648  6.697  6.704  6.708  6.719  6.748  6.770  6.760  6.898  6.601  6.415  6.668  6.848  6.727  6.612  6.483  6.503  6.537  6.703  6.648  6.535  6.609  6.346  6.394  6.472  6.551  6.639  6.664  6.612  6.672  6.613  6.742  6.626  6.715  6.648  6.685
4.595  4.790  4.673  4.771  4.654  4.668  4.543  4.452  4.741  4.710  4.727  4.625  4.890  4.844  4.963  4.654  4.762  4.745  4.828  4.717  4.890  4.734  4.828  4.836  4.748  4.625  4.654  4.419  4.477  4.585  4.530  4.575  4.623  4.754  4.585  4.663  4.615  4.682  4.673  4.625  4.425  4.369
5.737  5.497  5.576  5.421  5.602  5.656  5.429  5.652  5.583  5.621  5.642  5.707  5.652  5.583  5.737  5.454  5.464  5.617  5.609  5.594  5.403  5.464  5.513  5.568  5.476  5.616  5.460  5.553  5.421  5.453  5.424  5.231  5.435  5.525  5.511  5.472  5.489  5.595  5.481  5.680  5.525  5.587
4.324  4.143  4.394  4.140  4.263  4.143  4.060  4.220  4.238  4.357  4.205  4.143  4.341  4.111  4.394  4.060  4.159  4.234  4.111  4.317  4.522  4.331  4.127  4.127  4.127  4.231  4.263  3.932  3.989  3.932  3.932  3.871  3.970  4.171  4.143  4.205  4.156  4.060  4.094  4.025  3.989  4.190
6.677  6.497  6.431  6.525  6.631  6.624  6.480  6.581  6.544  6.635  6.608  6.608  6.631  6.613  6.623  6.552  6.471  6.604  6.626  6.541  6.593  6.479  6.511  6.603  6.492  6.532  6.515  6.531  6.312  6.439  6.415  6.409  6.465  6.579  6.520  6.561  6.564  6.582  6.564  6.558  6.417  6.452
5.617  5.635  5.591  5.697  5.677  5.673  5.617  5.587  5.643  5.642  5.602  5.790  5.652  5.598  5.885  5.459  5.591  5.529  5.631  5.733  5.858  5.743  5.578  5.746  5.579  5.623  5.577  5.347  5.372  5.572  5.549  5.642  5.733  5.740  5.704  5.710  5.598  5.533  5.583  5.416  5.624  5.541
