3.497  3.367  3.434  3.401  3.584  3.434  3.325  3.401  3.597  3.497  3.258  3.526  3.750  3.611  3.466  3.526  3.367  3.466  3.401  3.714  3.584  3.526  3.466  3.584  3.401  3.526  3.584  3.497  3.367  3.367  3.434  3.526  3.526  3.401  3.584  3.555  3.367  3.401  3.296  3.401  3.367  3.466
3.434  3.434  3.258  3.296  3.401  3.367  3.367  3.296  3.401  3.367  3.332  3.332  3.684  3.296  3.497  3.555  3.401  3.367  3.332  3.466  3.466  3.466  3.367  3.497  3.428  3.332  3.401  3.434  3.332  3.296  3.332  3.332  3.367  3.258  3.584  3.332  3.401  3.395  3.296  3.258  3.258  3.296
3.989  4.007  3.932  3.970  3.784  3.892  4.007  3.912  4.111  4.007  4.043  4.111  4.111  4.007  4.127  4.111  4.060  3.951  4.057  4.074  4.004  3.961  4.043  4.094  3.807  3.850  3.932  3.733  3.761  3.892  3.989  3.892  3.928  4.031  3.951  4.094  4.094  4.007  3.846  3.714  3.871  3.784
4.469  4.477  4.428  4.464  4.522  4.290  4.454  4.454  4.344  4.533  4.477  4.533  4.407  4.477  4.554  4.425  4.367  4.407  4.317  4.505  4.585  4.419  4.464  4.466  4.205  4.234  4.317  4.324  4.234  4.281  4.500  4.605  4.277  4.344  4.369  4.094  4.595  4.382  4.443  4.159  4.357  4.205
5.153  4.997  5.333  5.436  5.056  5.397  5.263  5.100  5.334  5.215  5.209  5.204  5.344  5.050  5.297  5.142  5.136  5.106  5.273  5.293  5.513  5.207  5.193  5.220  5.117  5.081  4.844  4.961  4.835  4.804  5.050  4.984  5.142  5.142  4.990  5.088  5.023  5.226  5.081  4.961  5.105  5.298
4.304  4.290  4.511  4.623  4.394  4.700  4.443  4.304  4.860  4.489  4.369  4.304  4.557  4.234  4.748  4.475  4.469  4.127  4.585  4.630  4.671  4.511  4.373  4.787  4.382  4.425  4.331  4.317  4.253  4.382  4.234  4.357  4.745  4.431  4.419  4.511  4.197  4.263  4.367  4.437  4.404  4.466
4.860  4.680  4.762  4.771  4.815  4.723  4.754  4.828  4.890  4.956  4.883  4.905  5.037  5.063  5.094  5.263  5.011  5.223  5.525  5.628  5.471  6.089  6.153  6.163  4.564  4.644  4.644  4.625  4.509  4.419  4.603  4.736  4.787  4.712  4.710  4.682  4.615  4.682  4.668  4.520  4.595  4.644
4.898  4.796  4.900  5.001  4.949  5.043  4.913  5.023  4.898  5.043  4.938  4.984  5.170  5.056  5.063  5.075  4.963  5.037  5.352  5.464  5.386  5.785  5.784  5.749  4.682  4.700  4.820  4.710  4.647  4.533  4.848  4.718  4.734  4.815  4.828  4.796  4.787  4.990  4.942  4.828  4.823  4.779
3.526  3.550  3.584  3.584  3.584  3.466  3.578  3.490  3.784  3.611  3.178  3.611  3.761  3.689  3.892  3.526  3.555  3.611  3.638  3.780  3.664  3.689  3.611  3.434  3.497  3.526  3.638  3.555  3.466  3.664  3.611  3.526  3.555  3.466  3.611  3.555  3.466  3.434  3.526  3.434  3.497  3.332
3.584  3.512  3.664  3.497  3.638  3.526  3.555  3.611  3.526  3.611  3.466  3.709  3.761  3.671  3.664  3.434  3.738  3.611  3.892  3.726  3.638  3.526  3.611  3.784  3.555  3.664  3.658  3.638  3.555  3.526  3.490  3.664  3.664  3.526  3.497  3.555  3.526  3.332  3.578  3.611  3.296  3.466
4.745  5.050  4.820  4.889  4.762  4.691  4.977  4.635  4.782  4.804  4.860  4.934  5.006  4.796  5.030  4.875  4.937  4.779  4.949  4.812  4.994  5.047  5.043  5.004  5.011  5.030  4.973  5.088  4.949  4.990  4.812  4.942  4.754  4.811  4.890  4.868  4.811  4.615  4.754  4.727  4.723  4.595
4.357  4.443  4.331  4.331  4.248  4.119  4.248  4.295  4.284  4.530  4.431  4.394  4.466  4.449  4.530  4.212  4.443  4.431  4.404  4.595  4.595  4.263  4.477  4.466  4.290  4.382  4.380  4.043  4.315  4.248  4.477  4.369  4.246  4.190  4.489  4.452  4.331  4.440  4.341  4.277  4.091  4.263
4.111  4.111  4.007  3.970  4.174  3.951  4.007  3.951  4.078  4.143  3.967  4.060  4.205  4.159  4.205  4.007  4.127  3.989  4.127  4.094  4.231  4.205  3.970  4.025  3.892  3.807  3.932  3.951  3.689  3.784  3.989  4.060  4.083  3.947  3.970  4.143  3.850  4.111  4.143  3.951  3.912  3.989
3.861  3.757  3.807  3.714  3.611  3.807  3.584  3.664  3.738  3.714  3.584  3.638  3.761  3.932  3.912  3.526  3.526  3.611  3.829  3.664  3.784  3.684  3.638  3.761  3.555  3.434  3.497  3.738  3.578  3.611  3.360  3.638  3.611  3.638  3.824  3.611  3.584  3.638  3.761  3.466  3.555  3.526
3.912  4.022  3.784  3.738  3.738  3.738  3.638  3.850  3.738  4.025  3.714  3.738  3.989  4.043  3.951  3.611  3.709  3.714  3.932  3.871  3.807  3.951  3.780  3.802  3.784  3.761  3.738  3.807  3.664  3.807  3.912  3.850  3.824  3.912  3.638  3.757  3.780  3.807  3.584  3.761  3.761  3.829
3.584  3.638  3.689  3.584  3.611  3.584  3.584  3.555  3.611  3.689  3.555  3.638  3.802  3.850  3.761  3.526  3.611  3.807  3.689  3.892  3.846  3.541  3.520  3.611  3.555  3.714  3.658  3.761  3.584  3.497  3.578  3.829  3.611  3.611  3.497  3.584  3.570  3.555  3.466  3.367  3.638  3.605
3.738  3.780  3.584  3.761  3.638  3.738  3.738  3.784  3.784  3.850  3.434  3.784  3.989  3.871  4.007  3.714  3.829  3.714  3.807  3.829  3.871  3.871  3.738  3.850  3.638  3.829  3.738  3.757  3.684  3.664  3.784  3.664  3.738  3.871  3.761  3.871  3.738  3.784  3.892  3.714  3.497  3.584
3.526  3.481  3.555  3.611  3.466  3.611  3.434  3.578  3.611  3.466  3.367  3.611  3.714  3.664  3.689  3.490  3.584  3.497  3.526  3.584  3.611  3.497  3.526  3.611  3.497  3.497  3.638  3.466  3.367  3.367  3.367  3.584  3.497  3.550  3.526  3.526  3.526  3.466  3.296  3.367  3.332  3.578
3.888  3.989  4.034  3.807  3.970  3.932  3.892  3.850  3.980  4.043  3.998  3.985  3.985  4.034  4.040  3.871  3.892  3.861  3.970  4.108  3.970  3.989  3.970  4.043  3.951  3.908  3.780  3.829  3.738  3.768  3.784  3.861  3.912  4.031  3.824  3.961  3.738  4.043  3.818  3.714  4.174  3.985
3.638  3.638  3.761  3.689  3.795  3.696  3.658  3.696  3.714  3.738  3.619  3.535  3.871  3.696  3.733  3.584  3.761  3.689  3.664  3.846  3.784  3.466  3.738  3.807  3.664  3.846  3.664  3.584  3.638  3.490  3.738  3.738  3.824  3.664  3.584  3.684  3.605  3.745  3.664  3.555  3.802  3.733
4.511  4.623  4.454  4.836  4.644  4.625  4.736  4.489  4.828  4.852  4.727  4.691  4.754  4.736  4.929  4.779  4.710  4.687  4.727  4.718  4.852  4.644  4.754  4.836  4.522  4.575  4.718  4.700  4.712  4.710  4.710  4.718  4.663  4.663  4.745  4.714  4.736  4.500  4.543  4.522  4.522  4.486
3.985  4.025  3.912  4.043  3.912  4.007  3.761  4.043  3.850  4.060  4.060  4.143  3.970  4.007  4.111  4.099  3.951  3.970  4.043  4.174  4.094  3.970  3.989  4.143  3.850  3.761  3.807  3.932  3.846  3.867  4.007  4.111  3.970  4.025  3.970  3.951  3.824  4.025  3.867  3.829  3.908  3.892
