7.020  6.865  6.930  6.936  6.808  6.871  6.861  6.865  6.906  6.991  6.834  6.972  6.931  6.828  7.010  6.790  6.684  6.772  6.898  6.927  6.851  6.820  6.766  6.843  6.784  6.764  6.696  6.693  6.517  6.576  6.628  6.583  6.825  6.779  6.743  6.703  6.721  6.768  6.659  6.717  6.654  6.870
7.607  7.487  7.531  7.438  7.457  7.465  7.524  7.524  7.561  7.630  7.540  7.578  7.560  7.456  7.607  7.394  7.376  7.425  7.477  7.487  7.515  7.480  7.426  7.510  7.361  7.349  7.355  7.305  7.242  7.252  7.289  7.254  7.399  7.372  7.402  7.432  7.386  7.343  7.269  7.350  7.261  7.446
4.557  4.595  4.382  4.317  4.575  4.443  4.564  4.564  4.419  4.647  4.543  4.623  4.644  4.489  4.522  4.543  4.369  4.454  4.466  4.500  4.404  4.454  4.369  4.511  4.263  4.277  4.369  4.331  4.350  4.407  4.533  4.331  4.277  4.458  4.382  4.382  4.538  4.217  4.317  4.419  4.431  4.380
4.290  4.197  4.143  4.007  4.127  4.143  4.331  4.190  4.174  4.394  4.167  4.331  4.174  4.127  4.331  4.159  4.078  4.025  4.043  4.025  4.159  4.143  4.094  4.260  4.007  3.784  3.989  4.007  3.985  3.871  4.025  3.951  4.078  3.928  3.951  4.060  4.205  3.932  4.083  3.932  3.967  4.086
4.500  4.440  4.394  4.331  4.407  4.419  4.520  4.443  4.489  4.605  4.554  4.659  4.663  4.552  4.691  4.533  4.394  4.443  4.605  4.477  4.489  4.538  4.295  4.466  4.419  4.304  4.452  4.324  4.205  4.443  4.443  4.350  4.369  4.477  4.392  4.382  4.431  4.663  4.440  4.341  4.190  4.533
4.363  4.369  4.407  4.454  4.277  4.431  4.603  4.635  4.511  4.500  4.454  4.522  4.710  4.595  4.673  4.564  4.419  4.511  4.575  4.500  4.564  4.564  4.407  4.590  4.344  4.317  4.615  4.260  4.248  4.270  4.382  4.304  4.443  4.404  4.357  4.392  4.304  4.277  4.290  4.127  4.341  4.367
4.812  4.739  4.804  4.625  4.734  4.786  4.796  4.804  4.828  4.984  4.727  4.779  4.975  4.860  4.898  4.743  4.745  4.883  4.796  4.766  4.860  4.575  4.682  4.745  4.690  4.682  4.652  4.682  4.564  4.673  4.708  4.663  4.605  4.754  4.736  4.727  4.663  4.673  4.543  4.654  4.663  4.787
4.194  4.304  4.260  4.174  4.231  4.159  4.111  4.234  4.410  4.234  4.040  4.369  4.536  4.477  4.382  4.205  4.248  4.344  4.174  4.367  4.344  4.205  4.407  4.344  3.989  4.263  4.190  4.253  4.060  4.127  4.135  3.932  4.111  4.174  4.124  4.143  4.248  3.951  4.187  4.007  3.970  4.227
5.227  5.030  5.257  5.146  5.100  5.063  5.118  5.153  5.106  5.136  5.130  5.209  5.153  5.088  5.170  5.050  5.029  5.030  5.159  5.088  5.268  5.099  5.136  5.298  4.875  4.852  5.037  4.963  4.718  4.820  5.063  4.949  5.043  4.844  5.088  5.042  5.069  4.920  4.913  4.975  4.984  4.924
5.158  4.990  5.037  4.977  5.024  5.003  5.182  5.136  5.088  5.100  5.186  5.100  5.011  5.030  5.170  4.911  4.984  5.142  5.088  5.088  5.112  5.106  5.118  5.159  5.026  4.905  4.820  4.963  4.883  4.920  4.970  4.972  4.812  4.982  4.927  4.934  4.997  4.997  4.905  4.852  4.828  4.898
4.241  4.324  4.277  4.248  4.382  4.367  4.357  4.331  4.394  4.317  4.475  4.344  4.466  4.516  4.663  4.301  4.369  4.190  4.331  4.466  4.454  4.382  4.410  4.394  4.159  4.260  4.331  4.357  4.159  4.220  4.281  4.341  4.234  4.277  4.190  4.290  4.354  4.304  4.234  4.164  4.290  4.284
4.263  4.328  4.458  4.344  4.543  4.466  4.466  4.277  4.477  4.431  4.522  4.477  4.443  4.475  4.489  4.419  4.489  4.331  4.454  4.516  4.575  4.533  4.407  4.357  4.304  4.398  4.369  4.317  4.190  4.344  4.419  4.344  4.205  4.431  4.466  4.357  4.382  4.263  4.277  4.224  4.304  4.317
6.724  6.430  6.565  6.544  6.526  6.594  6.579  6.579  6.680  6.837  6.714  6.659  6.675  6.596  6.631  6.497  6.384  6.441  6.726  6.701  6.494  6.505  6.501  6.506  6.361  6.461  6.457  6.504  6.407  6.486  6.458  6.354  6.533  6.449  6.522  6.485  6.486  6.592  6.526  6.471  6.419  6.612
6.984  6.779  6.871  6.835  6.868  6.847  6.882  6.854  6.989  7.126  6.937  7.060  7.040  6.859  6.938  6.726  6.745  6.733  7.124  6.924  6.836  6.800  6.851  6.814  6.744  6.809  6.709  6.780  6.653  6.827  6.741  6.729  6.847  6.818  6.872  6.848  6.916  6.832  6.730  6.730  6.702  6.865
4.514  4.331  4.394  4.357  4.630  4.527  4.615  4.615  4.585  4.682  4.477  4.745  4.883  4.691  4.691  4.419  4.443  4.516  4.605  4.644  4.663  4.489  4.625  4.419  4.494  4.443  4.543  4.522  4.270  4.419  4.522  4.663  4.331  4.500  4.530  4.431  4.530  4.615  4.407  4.522  4.419  4.315
4.127  3.989  4.111  4.190  3.985  4.060  3.985  4.187  4.111  4.078  3.989  4.043  4.277  4.190  4.174  4.043  4.127  4.094  3.989  4.357  4.190  4.078  3.970  3.912  3.932  3.912  4.094  3.784  3.761  3.932  4.025  4.025  3.892  4.007  3.951  4.043  3.871  3.932  3.871  3.829  3.912  3.970
4.804  4.477  4.762  4.640  4.790  4.691  4.486  4.595  4.466  4.875  4.718  4.727  4.898  4.663  4.828  4.603  4.419  4.762  4.828  4.762  4.489  4.530  4.600  4.554  4.458  4.522  4.475  4.625  4.357  4.220  4.452  4.331  4.605  4.585  4.564  4.635  4.489  4.727  4.739  4.615  4.419  4.673
4.520  4.205  4.419  4.511  4.472  4.477  4.151  4.477  4.331  4.466  4.489  4.500  4.554  4.552  4.585  4.328  4.246  4.369  4.673  4.600  4.440  4.380  4.369  4.477  4.328  4.398  4.277  4.190  4.220  4.108  4.354  4.234  4.407  4.220  4.220  4.290  4.248  4.369  4.304  4.127  4.234  4.503
5.088  4.860  5.043  5.037  5.124  5.024  4.875  4.977  5.004  5.043  5.063  5.115  5.030  4.956  5.278  4.762  4.771  5.050  5.130  4.934  4.920  4.835  5.011  5.053  4.771  5.004  4.796  4.868  4.710  4.699  4.771  4.828  5.088  5.088  4.945  4.916  4.820  5.024  4.836  5.014  4.898  5.055
4.025  3.877  4.016  4.007  3.947  4.060  4.007  4.025  4.108  4.043  3.932  3.970  4.182  4.060  4.174  3.829  3.947  3.912  4.060  4.190  4.202  4.069  3.912  4.060  3.989  3.970  3.998  3.784  3.738  3.714  3.871  3.912  4.007  3.932  3.951  3.932  3.784  3.989  3.989  3.829  3.733  3.951
5.752  5.580  5.746  5.732  5.787  5.690  5.541  5.714  5.746  5.703  5.644  5.737  5.720  5.695  5.894  5.602  5.549  5.557  5.924  5.872  5.778  5.586  5.638  5.697  5.714  5.727  5.455  5.561  5.483  5.545  5.449  5.580  5.743  5.740  5.729  5.624  5.617  5.712  5.675  5.615  5.645  5.613
6.190  6.211  6.071  6.182  6.232  6.188  6.280  6.153  6.213  6.323  6.212  6.317  6.378  6.234  6.423  6.159  6.260  6.078  6.361  6.332  6.454  6.352  6.282  6.282  6.223  6.326  6.223  6.026  6.131  6.121  6.163  6.196  6.321  6.248  6.425  6.322  6.248  6.221  6.098  6.086  6.148  6.229
