4.248  4.052  4.238  4.205  4.190  4.060  4.159  4.174  4.108  4.234  4.217  4.174  4.290  4.205  4.202  4.143  3.892  4.156  4.270  4.290  4.234  4.143  4.025  4.111  3.989  3.989  4.086  4.007  3.892  3.989  3.932  3.871  4.209  4.094  4.094  4.078  4.025  4.060  4.060  3.989  4.124  4.111
4.004  3.928  3.970  4.135  4.004  4.043  3.985  4.135  4.040  3.989  3.850  4.078  4.094  4.060  4.048  4.025  3.932  3.980  4.159  4.007  4.057  4.043  3.951  4.086  3.912  3.912  3.957  3.912  3.738  3.824  3.951  3.850  3.882  3.970  3.867  3.932  3.850  3.871  3.932  3.882  3.892  4.094
5.922  5.733  5.869  5.835  5.781  5.838  5.789  5.855  5.875  6.016  5.903  5.989  5.823  5.663  5.787  5.628  5.464  5.694  5.720  5.782  5.817  5.729  5.714  5.805  5.710  5.679  5.756  5.694  5.455  5.568  5.652  5.564  5.737  5.737  5.697  5.724  5.761  5.700  5.736  5.754  5.799  5.875
5.228  5.006  5.118  5.193  5.066  5.124  5.209  5.030  5.165  5.321  5.149  5.208  5.170  5.112  5.262  5.096  4.860  4.975  5.009  5.142  5.231  5.327  5.112  5.272  5.094  5.081  4.883  4.824  4.820  4.858  4.984  5.024  5.100  5.100  4.963  5.030  5.068  5.011  5.093  5.096  4.804  5.165
3.497  3.664  3.584  3.434  3.466  3.466  3.434  3.584  3.689  3.584  3.296  3.466  3.912  3.555  3.738  3.555  3.638  3.526  3.611  3.807  3.689  3.555  3.466  3.401  3.701  3.584  3.624  3.428  3.497  3.428  3.550  3.584  3.466  3.768  3.584  3.638  3.555  3.459  3.466  3.584  3.466  3.520
3.555  3.664  3.434  3.367  3.584  3.332  3.434  3.550  3.526  3.526  3.401  3.555  3.824  3.714  3.624  3.466  3.555  3.360  3.555  3.850  3.555  3.466  3.332  3.497  3.584  3.570  3.497  3.332  3.367  3.466  3.459  3.619  3.605  3.611  3.434  3.466  3.555  3.258  3.497  3.466  3.434  3.459
3.526  3.684  3.714  3.611  3.584  3.555  3.757  3.555  3.714  3.619  3.258  3.802  3.829  3.780  3.761  3.664  3.578  3.555  3.638  3.638  3.813  3.664  3.490  3.638  3.689  3.689  3.714  3.555  3.611  3.738  3.466  3.466  3.689  3.497  3.638  3.611  3.632  3.578  3.526  3.434  3.401  3.689
3.497  3.526  3.611  3.526  3.689  3.555  3.401  3.689  3.584  3.619  3.497  3.664  3.638  3.738  3.871  3.761  3.738  3.526  3.738  3.829  3.714  3.611  3.664  3.689  3.611  3.689  3.701  3.466  3.550  3.401  3.466  3.709  3.664  3.638  3.664  3.638  3.526  3.497  3.550  3.296  3.624  3.611
3.526  3.520  3.466  3.497  3.584  3.367  3.434  3.638  3.555  3.611  3.611  3.584  3.664  3.638  3.664  3.497  3.611  3.555  3.497  3.689  3.689  3.512  3.490  3.638  3.450  3.332  3.428  3.611  3.638  3.497  3.466  3.664  3.395  3.490  3.466  3.605  3.526  3.332  3.555  3.466  3.466  3.497
3.296  3.584  3.401  3.434  3.555  3.466  3.401  3.526  3.395  3.367  3.219  3.497  3.466  3.434  3.497  3.555  3.490  3.401  3.466  3.526  3.466  3.526  3.401  3.466  3.434  3.325  3.466  3.459  3.367  3.367  3.332  3.466  3.401  3.497  3.466  3.219  3.434  3.296  3.332  3.360  3.434  3.434
4.127  3.738  3.989  3.738  3.761  3.768  3.738  3.829  3.867  3.942  3.871  3.871  3.989  3.989  3.970  3.829  3.689  3.784  3.985  4.094  4.060  3.861  3.892  3.850  3.784  3.664  3.846  3.807  3.632  3.807  3.761  3.802  3.664  3.784  3.733  3.902  3.632  3.908  3.664  3.684  3.714  3.850
3.951  3.726  4.074  4.025  3.932  4.119  3.871  3.947  4.048  4.151  3.835  4.148  4.060  4.043  4.099  3.970  3.892  3.967  4.143  4.174  3.989  3.912  3.780  4.111  3.850  3.970  3.689  3.784  3.761  3.932  3.829  3.989  3.892  3.985  4.060  4.060  3.733  3.867  3.932  3.892  3.784  3.902
3.332  3.497  3.401  3.526  3.332  3.401  3.434  3.584  3.395  3.497  3.296  3.466  3.671  3.638  3.664  3.434  3.466  3.367  3.584  3.584  3.526  3.466  3.466  3.611  3.497  3.395  3.526  3.332  3.219  3.401  3.332  3.550  3.466  3.401  3.434  3.466  3.367  3.296  3.466  3.332  3.401  3.459
3.466  3.497  3.332  3.526  3.466  3.401  3.428  3.490  3.584  3.555  3.332  3.466  3.632  3.611  3.526  3.605  3.526  3.555  3.526  3.761  3.555  3.664  3.401  3.497  3.332  3.418  3.611  3.434  3.444  3.520  3.611  3.434  3.526  3.466  3.434  3.401  3.367  3.466  3.367  3.219  3.332  3.401
3.761  3.850  3.938  3.807  3.892  3.850  3.761  4.127  3.932  4.025  3.714  3.970  3.912  4.004  3.951  4.025  3.846  3.892  4.078  3.850  4.066  3.784  3.892  4.007  3.824  3.784  3.802  3.689  3.645  3.757  3.850  3.714  3.807  3.829  3.829  3.784  3.714  3.871  3.850  3.611  3.892  3.871
3.497  3.780  4.099  3.738  3.689  3.761  3.829  4.174  3.871  3.829  3.871  3.768  3.951  3.970  4.043  3.526  3.738  3.584  3.932  3.871  3.912  3.738  4.007  4.234  3.714  3.664  3.761  3.664  3.555  3.671  3.526  3.829  3.807  3.664  3.714  3.761  3.664  3.497  3.738  3.526  3.807  3.611
3.714  3.738  3.850  3.871  3.784  3.611  3.638  3.912  3.664  3.850  3.592  3.892  4.111  3.980  3.888  3.784  3.850  3.689  3.888  3.989  3.989  3.807  3.733  3.850  3.701  3.689  3.638  3.611  3.689  3.605  3.709  3.850  3.807  3.871  3.689  3.829  3.807  3.738  3.638  3.664  3.658  3.850
3.967  3.957  3.932  4.043  4.094  3.912  3.738  3.888  3.750  3.951  3.908  3.932  4.025  4.143  3.989  3.951  4.007  3.780  4.220  4.159  4.078  4.060  3.871  3.912  3.784  3.714  3.714  3.846  3.888  3.784  3.951  3.871  3.970  4.025  3.761  3.970  3.912  4.007  3.829  3.892  3.867  4.135
4.127  3.850  4.025  4.078  4.094  4.094  3.738  4.083  3.912  4.159  4.078  4.007  4.190  4.060  4.143  4.007  3.967  4.159  4.234  4.205  4.094  4.025  4.108  4.043  3.970  4.060  4.007  3.912  3.784  3.807  3.970  4.060  4.174  4.025  4.078  4.007  3.839  4.174  4.094  3.784  4.111  4.190
3.784  3.658  3.892  3.912  3.664  3.784  3.638  3.951  3.761  3.985  3.638  4.007  3.892  3.871  3.951  3.689  3.867  3.689  3.970  4.025  3.932  3.795  3.733  3.892  3.714  3.761  3.638  3.784  3.664  3.689  3.738  3.784  4.174  3.829  3.871  3.882  3.750  3.846  3.871  3.689  3.829  3.861
4.779  4.787  4.644  4.782  4.668  4.802  4.868  4.808  4.852  4.771  4.975  4.868  4.760  5.017  5.030  4.727  4.994  4.564  4.942  4.883  5.024  4.800  4.836  5.052  4.575  4.779  4.736  4.642  4.691  4.595  4.605  4.850  4.663  4.796  4.868  4.687  4.743  4.812  4.787  4.533  4.625  3.867
4.277  4.270  4.394  4.422  4.419  4.277  4.357  4.454  4.585  4.394  4.344  4.564  4.466  4.522  4.575  4.382  4.464  4.277  4.700  4.727  4.625  4.583  4.382  4.538  4.263  4.466  4.205  4.344  4.078  4.277  4.143  4.290  4.331  4.477  4.431  4.315  4.260  4.554  4.317  4.248  4.317  3.578
