4.234  4.190  4.143  4.187  4.304  4.174  4.111  4.260  4.174  4.431  4.260  4.277  4.431  4.443  4.419  4.220  4.248  4.151  4.234  4.538  4.431  4.263  4.043  4.317  4.143  4.248  4.103  4.274  3.998  4.094  4.159  4.234  4.078  4.263  4.143  4.174  4.174  4.143  4.083  4.022  4.174  4.143
4.007  3.989  4.174  4.007  4.007  4.111  4.094  4.040  4.025  4.234  4.159  4.187  4.357  4.401  4.190  4.290  3.989  3.951  4.220  4.288  4.290  4.094  4.025  4.190  4.043  3.850  4.025  3.892  3.807  3.871  3.912  4.234  4.034  3.912  3.970  3.951  3.932  4.007  3.970  3.750  3.892  3.951
6.774  6.691  6.671  6.602  6.695  6.711  6.743  6.709  6.802  7.023  6.905  6.858  6.920  6.727  6.865  6.644  6.696  6.615  6.766  6.602  6.783  6.769  6.753  6.881  6.489  6.572  6.654  6.506  6.529  6.673  6.676  6.544  6.648  6.625  6.777  6.714  6.635  6.582  6.603  6.569  6.516  6.579
6.451  6.425  6.407  6.342  6.395  6.438  6.641  6.480  6.497  6.729  6.608  6.598  6.668  6.493  6.547  6.588  6.412  6.282  6.535  6.282  6.592  6.616  6.524  6.590  6.176  6.282  6.372  6.203  6.277  6.447  6.510  6.475  6.310  6.356  6.553  6.454  6.457  6.201  6.244  6.157  6.260  6.277
4.489  4.344  4.498  4.290  4.413  4.344  4.382  4.443  4.317  4.500  4.500  4.234  4.625  4.618  4.605  4.369  4.263  4.394  4.489  4.564  4.382  4.263  4.407  4.354  4.290  4.394  4.277  4.290  4.060  4.407  4.263  4.007  4.344  4.344  4.382  4.344  4.290  4.111  4.525  4.357  4.190  4.209
4.990  4.896  4.831  4.854  4.898  4.984  4.963  4.956  4.913  5.050  4.990  4.942  5.207  4.860  5.215  4.977  4.949  4.984  5.121  4.860  5.004  5.004  5.011  5.011  4.762  4.883  4.990  4.893  4.754  4.796  4.844  4.852  4.875  4.852  4.934  4.942  4.779  4.970  4.890  4.860  4.796  4.718
4.486  4.386  4.489  4.263  4.407  4.369  4.654  4.745  4.699  4.605  4.654  4.564  4.671  4.644  4.633  4.543  4.543  4.443  4.564  4.500  4.585  4.443  4.466  4.428  4.431  4.454  4.344  4.522  4.159  4.263  4.407  4.267  4.382  4.407  4.443  4.466  4.382  4.344  4.369  4.477  4.231  4.419
4.094  3.912  3.985  4.043  3.989  4.194  4.143  3.989  4.111  4.608  4.256  4.331  4.522  4.454  4.625  4.766  4.796  4.541  3.989  4.127  4.007  4.007  3.932  4.156  4.078  3.985  3.871  3.970  3.871  3.932  3.902  4.052  3.932  4.043  4.004  4.043  4.040  3.970  3.912  3.871  4.048  3.932
4.654  4.710  4.691  4.618  4.541  4.644  4.699  4.605  4.736  4.766  4.644  4.654  4.796  4.642  4.758  4.615  4.595  4.754  4.787  4.898  4.779  4.615  4.635  4.852  4.466  4.654  4.613  4.449  4.603  4.595  4.489  4.736  4.798  4.644  4.756  4.875  4.554  4.407  4.394  4.543  4.578  4.691
4.590  4.434  4.605  4.562  4.662  4.575  4.564  4.543  4.766  4.654  4.575  4.745  4.500  4.615  4.802  4.477  4.585  4.732  4.663  4.659  4.787  4.663  4.605  4.736  4.477  4.500  4.605  4.382  4.486  4.543  4.416  4.407  4.615  4.554  4.489  4.500  4.369  4.443  4.533  4.317  4.475  4.575
6.152  5.979  6.071  6.191  6.062  6.014  5.932  6.026  5.939  6.252  6.194  6.105  6.138  6.035  6.086  5.919  5.911  6.011  6.040  6.160  6.092  5.969  6.031  6.011  5.885  5.846  5.820  5.801  5.697  5.753  5.928  5.814  5.944  5.930  5.979  5.892  5.814  6.050  5.989  5.958  5.841  5.903
5.643  5.620  5.572  5.679  5.649  5.537  5.505  5.580  5.459  5.730  5.657  5.605  5.763  5.684  5.716  5.481  5.545  5.505  5.537  5.609  5.638  5.583  5.502  5.565  5.476  5.394  5.380  5.278  5.247  5.268  5.440  5.455  5.497  5.529  5.425  5.494  5.472  5.486  5.572  5.513  5.422  5.455
5.006  4.881  4.949  4.926  4.940  4.970  4.997  4.997  4.997  5.159  5.069  5.226  5.293  5.198  5.298  4.977  4.927  5.075  5.142  5.142  5.209  5.086  4.990  5.055  4.929  4.812  4.920  4.852  4.696  4.804  5.017  4.904  5.004  4.990  5.136  5.093  4.970  5.004  4.875  5.086  4.890  5.003
5.074  4.989  5.011  5.106  5.094  5.112  5.193  5.100  5.133  5.165  5.124  5.187  5.412  5.367  5.428  5.106  5.069  5.117  5.268  5.268  5.332  5.140  5.165  5.193  4.997  4.956  5.024  5.039  4.883  4.942  5.088  4.934  5.055  5.050  5.142  5.056  5.011  4.942  4.987  4.977  4.942  5.100
5.989  5.778  6.006  5.875  6.009  6.064  5.922  5.906  5.959  6.144  6.033  6.133  6.102  5.903  6.133  5.905  5.784  6.098  6.124  6.040  6.028  5.833  5.897  5.969  5.798  5.846  5.837  5.812  5.563  5.793  5.846  5.787  5.866  5.785  5.887  5.916  5.805  5.916  5.858  5.922  5.730  5.919
6.328  6.098  6.229  6.132  6.196  6.310  6.159  6.136  6.181  6.400  6.306  6.347  6.424  6.376  6.512  6.215  6.029  6.389  6.256  6.176  6.284  6.142  6.248  6.370  6.040  6.033  6.160  6.146  5.945  6.028  6.215  6.050  6.148  6.133  6.122  6.254  6.133  6.138  6.301  6.171  6.039  6.083
4.234  4.256  4.317  4.263  4.357  4.317  4.290  4.317  4.288  4.234  4.111  4.317  4.466  4.284  4.425  4.248  4.234  4.290  4.437  4.466  4.466  4.466  4.274  4.361  4.304  4.159  4.174  4.248  3.871  4.078  4.190  4.331  4.331  4.331  4.156  4.234  4.156  4.140  4.159  4.103  4.078  4.174
4.477  4.367  4.522  4.407  4.489  4.500  4.363  4.477  4.404  4.380  4.331  4.498  4.663  4.533  4.677  4.514  4.220  4.522  4.682  4.677  4.620  4.331  4.469  4.407  4.159  4.220  4.344  4.060  4.317  4.143  4.197  4.443  4.431  4.416  4.344  4.394  4.344  4.615  4.543  4.419  4.290  4.477
5.147  5.023  5.075  5.153  5.165  4.990  5.124  4.934  4.956  5.231  5.182  4.977  5.204  5.204  5.222  4.952  4.927  4.942  5.170  5.069  5.013  5.115  5.170  5.198  4.933  5.069  5.016  4.942  4.840  4.812  4.949  4.804  4.927  4.898  5.024  5.094  4.977  5.063  4.997  4.942  4.779  4.990
4.575  4.407  4.394  4.511  4.543  4.357  4.290  4.394  4.331  4.605  4.443  4.466  4.771  4.525  4.603  4.363  4.376  4.489  4.522  4.649  4.585  4.357  4.331  4.443  4.452  4.454  4.460  4.074  4.094  4.094  4.331  4.357  4.394  4.256  4.431  4.554  4.190  4.477  4.477  4.413  4.407  4.431
4.745  4.718  4.915  4.691  4.898  4.649  4.625  4.615  4.654  4.852  5.056  4.779  4.625  4.875  4.883  4.625  4.654  4.690  4.875  4.913  4.831  4.663  4.466  4.654  4.804  4.682  4.898  4.682  4.505  4.605  4.454  4.676  4.862  4.824  4.860  4.583  4.511  4.644  4.644  4.734  4.727  4.745
5.193  4.832  5.011  4.956  4.984  5.024  4.875  4.820  5.017  5.126  5.075  5.080  5.075  5.004  5.043  4.812  5.011  4.972  5.142  5.193  5.004  4.937  4.844  5.004  4.769  4.828  4.820  4.874  4.828  4.745  4.905  4.804  5.021  4.866  5.056  5.222  4.877  4.952  5.043  4.898  4.898  4.844
