5.949  5.501  5.841  5.501  5.883  5.875  5.667  5.631  5.700  5.730  5.969  5.624  5.714  5.778  5.318  5.591  5.187  5.796  5.698  5.714  5.606  5.375  5.572  5.482  5.366  5.384  5.357  5.497  4.929  5.268  5.170  5.140  5.431  5.406  4.977  5.602  5.361  5.694  5.302  5.509  5.147  5.509
3.871  3.871  3.738  3.714  3.780  3.912  3.733  3.761  3.989  3.689  3.892  3.807  3.932  3.928  3.807  3.638  3.784  3.757  4.025  3.932  4.025  3.689  3.738  3.761  3.757  3.555  3.829  3.829  3.466  3.664  3.714  3.689  3.829  3.584  3.584  3.761  3.638  3.578  3.624  3.784  3.638  3.784
6.960  6.615  6.823  6.653  6.852  6.873  6.687  6.793  6.871  6.939  6.849  6.940  6.798  6.725  6.858  6.651  6.528  6.922  6.870  6.711  6.699  6.532  6.676  6.599  6.633  6.687  6.653  6.710  6.525  6.632  6.617  6.506  6.605  6.713  6.682  6.709  6.678  6.813  6.815  6.795  6.640  6.799
5.468  5.247  5.342  5.226  5.371  5.491  5.497  5.357  5.446  5.608  5.451  5.606  5.468  5.407  5.471  5.192  5.252  5.464  5.403  5.323  5.442  5.286  5.242  5.273  5.185  5.438  5.263  5.158  5.139  5.231  5.236  5.236  5.159  5.379  5.404  5.330  5.416  5.273  5.118  5.257  4.986  5.136
6.443  6.234  6.167  6.122  6.409  6.524  6.201  6.372  6.317  6.521  6.567  6.416  6.441  6.344  6.489  6.301  5.894  6.397  6.399  6.138  6.237  6.052  6.282  6.155  5.984  6.182  6.234  6.314  5.930  5.984  6.221  5.976  6.035  6.111  6.142  6.218  6.188  6.231  6.205  6.297  6.128  6.229
5.517  5.384  5.298  5.268  5.485  5.537  5.568  5.398  5.568  5.706  5.525  5.511  5.595  5.476  5.624  5.438  5.247  5.333  5.542  5.323  5.583  5.425  5.541  5.450  5.263  5.357  5.389  5.283  5.159  5.268  5.365  5.278  5.283  5.450  5.352  5.451  5.425  5.364  5.257  5.263  5.298  5.453
6.677  6.475  6.579  6.236  6.720  6.779  6.523  6.621  6.715  6.678  6.588  6.763  6.767  6.661  6.695  6.613  6.227  6.768  6.637  6.535  6.560  6.510  6.593  6.510  6.482  6.593  6.510  6.564  6.321  6.449  6.498  6.323  6.410  6.554  6.480  6.597  6.609  6.588  6.518  6.669  6.353  6.562
5.197  5.318  5.075  4.766  5.273  5.425  5.303  5.288  5.380  5.334  5.247  5.460  5.557  5.437  5.361  5.318  4.762  5.357  5.347  5.302  5.220  5.233  5.513  5.347  5.342  5.124  5.170  5.159  5.058  5.069  5.342  5.130  5.130  5.118  5.173  5.357  5.215  5.259  5.115  5.394  4.933  5.112
6.827  6.621  6.788  6.836  6.726  6.806  6.642  6.752  6.673  6.889  6.771  6.833  6.842  6.700  6.765  6.666  6.572  6.702  6.784  6.811  6.762  6.654  6.540  6.612  6.609  6.730  6.576  6.622  6.370  6.468  6.641  6.611  6.690  6.760  6.708  6.609  6.604  6.725  6.635  6.676  6.532  6.696
5.872  5.652  5.746  5.753  5.831  5.883  5.875  5.861  5.774  6.011  5.934  5.971  5.948  5.846  5.875  5.707  5.673  5.670  5.861  5.826  5.852  5.714  5.674  5.808  5.697  5.749  5.728  5.638  5.576  5.572  5.697  5.621  5.642  5.778  5.685  5.720  5.694  5.717  5.696  5.700  5.635  5.680
5.085  4.836  5.037  4.942  5.017  5.050  4.965  5.030  5.037  5.159  5.037  5.123  4.994  5.043  4.990  4.933  4.926  4.920  5.023  5.036  5.063  5.069  4.942  4.956  4.963  4.875  4.942  4.949  4.779  4.920  4.804  4.898  4.745  4.934  5.106  4.949  5.004  4.916  4.852  4.868  4.875  4.934
4.443  4.407  4.570  4.580  4.407  4.367  4.549  4.464  4.466  4.511  4.369  4.644  4.635  4.369  4.554  4.454  4.454  4.301  4.625  4.691  4.628  4.514  4.344  4.703  4.297  4.407  4.431  4.498  4.369  4.511  4.394  4.522  4.520  4.304  4.570  4.413  4.559  4.407  4.331  4.331  4.317  4.304
6.766  6.558  6.694  6.597  6.677  6.717  6.640  6.656  6.726  6.858  6.699  6.830  6.808  6.685  6.752  6.601  6.543  6.685  6.829  6.744  6.609  6.520  6.601  6.535  6.745  6.798  6.659  6.695  6.519  6.560  6.588  6.489  6.620  6.756  6.659  6.639  6.613  6.710  6.667  6.764  6.585  6.703
6.066  5.820  5.988  5.929  6.001  5.938  6.066  5.974  6.075  6.223  6.084  6.157  6.100  6.054  6.074  5.814  5.908  6.046  6.059  6.031  6.064  5.855  5.976  5.908  5.974  5.886  5.869  5.858  5.720  5.790  5.878  5.855  5.781  6.042  5.984  5.829  5.721  5.858  5.861  5.969  5.793  5.844
6.070  5.976  5.998  5.418  6.116  6.082  5.407  6.064  6.100  5.945  5.996  5.948  6.120  6.088  6.155  5.930  5.561  5.976  6.075  5.951  5.875  5.771  6.057  5.908  5.775  5.841  5.888  5.849  5.591  5.695  5.829  5.595  5.820  5.881  5.702  5.974  5.922  5.955  5.961  5.986  5.609  5.826
3.932  4.111  3.998  3.638  3.970  3.922  3.714  3.761  3.970  3.951  4.007  3.989  4.174  4.060  4.143  3.989  3.829  4.094  4.248  4.060  4.043  3.951  4.143  4.143  4.060  3.932  3.807  3.912  3.761  3.928  3.951  3.738  3.850  3.947  3.892  4.190  4.078  3.970  3.784  4.025  3.784  3.784
6.215  5.700  6.136  6.089  6.317  6.203  5.792  6.207  5.908  6.277  6.150  6.279  6.315  6.026  6.380  5.846  5.525  6.071  6.238  6.172  5.849  5.697  5.837  5.838  5.720  5.914  5.624  5.778  5.187  5.416  5.589  5.394  5.919  5.875  5.663  5.924  5.700  6.077  5.958  5.960  5.756  6.014
4.143  4.078  4.248  4.304  4.344  4.194  4.007  4.124  4.174  4.238  4.190  4.328  4.331  4.220  4.522  4.111  3.985  4.174  4.311  4.382  4.263  4.143  3.989  4.248  4.190  3.970  4.043  3.689  3.738  3.761  3.912  3.784  4.159  4.060  3.985  4.174  4.143  3.938  4.043  4.007  4.202  4.007
5.896  5.541  5.903  5.835  6.047  6.001  5.580  5.955  5.846  5.924  5.852  6.019  5.973  5.860  6.153  5.663  5.353  5.981  6.105  5.852  5.759  5.442  5.618  5.614  5.533  5.620  5.501  5.568  5.086  5.182  5.517  5.209  5.601  5.580  5.464  5.717  5.624  5.897  5.762  5.828  5.587  5.756
3.605  3.434  3.584  3.638  3.632  3.584  3.638  3.619  3.605  3.466  3.780  3.738  3.932  3.818  3.871  3.714  3.689  3.584  3.784  3.584  3.738  3.714  3.658  3.638  3.526  3.638  3.611  3.459  3.401  3.434  3.367  3.466  3.611  3.578  3.611  3.664  3.497  3.664  3.611  3.466  3.584  3.401
6.965  6.841  6.863  6.926  6.968  6.930  6.818  6.860  6.933  7.016  6.915  7.052  6.999  6.960  7.019  6.854  6.782  6.997  6.981  6.856  6.905  6.847  6.836  6.911  6.993  7.003  6.923  6.928  6.807  6.793  6.886  6.749  6.939  6.996  6.863  6.970  6.945  6.935  6.845  6.948  6.782  6.923
5.505  5.521  5.359  5.472  5.463  5.447  5.434  5.438  5.549  5.541  5.645  5.557  5.533  5.580  5.598  5.412  5.481  5.342  5.519  5.425  5.472  5.407  5.416  5.485  5.421  5.576  5.501  5.226  5.366  5.340  5.242  5.263  5.278  5.489  5.521  5.602  5.438  5.515  5.352  5.407  5.366  5.495
