7.521  7.270  7.437  7.411  7.478  7.640  7.523  7.521  7.562  7.582  7.608  7.612  7.556  7.504  7.530  7.401  7.264  7.418  7.578  7.394  7.537  7.367  7.357  7.277  7.403  7.418  7.349  7.411  7.176  7.290  7.466  7.271  7.389  7.470  7.438  7.431  7.527  7.488  7.409  7.520  7.429  7.453
6.584  6.430  6.494  6.489  6.436  6.695  6.621  6.519  6.646  6.662  6.771  6.636  6.539  6.528  6.657  6.477  6.454  6.397  6.599  6.432  6.844  6.597  6.574  6.603  6.447  6.433  6.365  6.347  6.269  6.319  6.574  6.461  6.445  6.588  6.500  6.572  6.624  6.411  6.508  6.392  6.571  6.438
5.333  5.209  5.181  5.153  5.198  5.226  5.197  5.263  5.187  5.464  5.273  5.247  5.170  5.130  5.338  5.130  5.106  5.118  5.209  5.219  5.278  5.215  5.111  5.265  4.990  5.140  5.088  5.049  5.024  4.990  5.222  5.170  5.011  5.074  5.129  5.063  5.136  5.069  5.066  5.063  4.990  5.091
5.684  5.492  5.414  5.403  5.357  5.366  5.464  5.557  5.541  5.670  5.609  5.580  5.604  5.357  5.597  5.338  5.404  5.459  5.598  5.464  5.645  5.645  5.529  5.659  5.357  5.394  5.357  5.429  5.278  5.381  5.474  5.464  5.380  5.333  5.476  5.416  5.442  5.471  5.391  5.250  5.398  5.357
7.743  7.504  7.672  7.571  7.686  7.770  7.804  7.680  7.769  7.727  7.650  7.791  7.674  7.582  7.731  7.651  7.646  7.594  7.799  7.583  7.871  7.654  7.543  7.509  7.698  7.725  7.523  7.549  7.388  7.485  7.571  7.631  7.522  7.764  7.735  7.680  7.734  7.582  7.483  7.589  7.609  7.661
6.159  6.068  5.953  5.818  6.033  6.188  6.349  5.964  6.378  6.217  6.211  6.308  6.252  6.066  6.240  6.089  6.215  5.849  6.198  5.875  6.492  6.205  6.183  6.091  6.100  6.172  5.998  5.883  5.811  5.994  6.052  6.038  5.756  6.244  6.170  6.244  6.240  5.919  5.903  5.886  5.858  5.976
5.871  5.743  5.680  5.623  5.666  5.684  5.799  5.727  5.811  5.938  5.799  5.830  5.927  5.658  5.916  5.808  5.608  5.743  5.749  5.606  5.849  5.775  5.707  5.793  5.628  5.466  5.633  5.485  5.442  5.509  5.561  5.553  5.557  5.635  5.701  5.751  5.620  5.572  5.714  5.704  5.428  5.629
5.106  5.011  4.990  4.929  4.956  5.063  5.094  5.030  5.017  5.306  5.176  5.164  5.249  5.106  5.247  5.190  5.043  5.164  4.920  4.896  4.990  5.050  5.106  5.181  4.883  4.931  4.989  4.920  4.710  4.874  5.043  4.779  4.889  4.934  4.898  4.997  5.011  5.064  5.024  5.130  4.754  4.984
5.935  5.578  5.844  5.717  5.900  5.811  5.666  5.911  5.684  6.028  5.844  5.876  5.955  5.812  5.901  5.782  5.568  5.858  5.886  5.720  5.781  5.684  5.690  5.505  5.656  5.743  5.697  5.817  5.407  5.598  5.733  5.493  5.635  5.666  5.628  5.737  5.670  5.846  5.748  5.757  5.517  5.841
4.754  4.705  4.762  4.812  4.644  4.595  4.779  4.754  4.762  4.970  4.685  4.905  4.905  4.963  4.883  4.708  4.663  4.585  4.898  4.856  4.727  4.663  4.787  4.820  4.564  4.673  4.575  4.682  4.443  4.644  4.708  4.718  4.533  4.663  4.787  4.787  4.700  4.705  4.554  4.522  4.477  4.585
4.663  4.404  4.486  4.174  4.174  4.248  4.304  4.290  4.277  4.522  4.466  4.357  4.367  4.290  4.317  4.234  4.190  4.220  4.337  4.301  4.386  4.205  4.234  4.263  4.111  3.951  4.111  4.205  3.912  4.143  4.220  4.246  4.043  4.357  4.376  4.304  4.108  4.127  4.190  4.127  4.060  4.277
4.564  4.543  4.739  4.304  4.511  4.691  4.615  4.382  4.297  4.745  4.477  4.543  4.500  4.419  4.564  4.288  4.443  4.357  4.710  4.638  4.613  4.443  4.533  4.605  4.317  4.274  4.277  4.094  4.159  4.311  4.205  4.350  4.344  4.369  4.511  4.290  4.304  4.143  4.369  4.290  4.094  4.187
7.418  7.151  7.265  7.244  7.319  7.277  7.247  7.279  7.269  7.369  7.357  7.342  7.304  7.320  7.304  7.212  7.186  7.350  7.330  7.265  7.197  7.175  7.214  7.111  7.325  7.307  7.229  7.291  7.141  7.179  7.192  7.128  7.274  7.330  7.250  7.191  7.272  7.347  7.263  7.369  7.191  7.314
6.898  6.715  6.705  6.714  6.779  6.802  6.767  6.771  6.824  6.928  6.842  6.858  6.896  6.885  6.873  6.772  6.635  6.856  6.797  6.751  6.746  6.658  6.717  6.653  6.807  6.784  6.752  6.678  6.597  6.707  6.686  6.516  6.618  6.832  6.711  6.654  6.793  6.687  6.617  6.777  6.569  6.700
6.974  6.501  6.720  6.319  6.922  6.988  6.193  6.843  6.810  6.363  6.893  6.860  6.940  6.935  6.852  6.579  5.992  7.007  6.866  6.780  6.504  6.267  6.615  6.410  6.404  6.547  6.482  6.713  5.827  5.945  6.464  5.857  6.503  6.490  6.323  6.632  6.452  6.723  6.479  6.902  6.314  6.718
5.455  5.373  5.165  4.900  5.474  5.481  5.037  5.338  5.421  4.736  5.517  5.481  5.677  5.704  5.481  5.252  4.920  5.550  5.474  5.347  5.361  5.268  5.568  5.525  4.828  5.069  5.147  5.030  4.489  4.875  5.286  4.644  5.027  5.124  5.011  5.407  5.198  5.017  4.875  5.501  4.771  5.313
6.155  5.832  5.999  5.877  6.057  6.068  5.817  5.987  5.929  6.111  6.082  6.021  6.064  6.016  6.113  5.964  5.669  6.075  6.079  5.966  5.856  5.875  5.914  5.881  5.919  5.905  5.918  6.028  5.642  5.820  5.846  5.700  5.883  5.892  5.770  5.905  5.775  6.014  6.075  5.974  5.798  5.883
4.984  4.844  4.920  4.889  4.868  4.802  4.710  4.922  4.875  5.024  4.890  4.927  5.037  5.004  5.049  4.949  4.787  4.852  4.919  4.989  4.942  4.934  4.927  5.075  4.868  4.875  4.787  4.690  4.654  4.625  4.858  4.796  4.898  4.913  4.819  4.934  4.828  4.868  4.844  4.635  4.852  4.736
6.723  6.557  6.662  6.646  6.650  6.697  6.555  6.669  6.663  6.671  6.701  6.689  6.713  6.667  6.688  6.531  6.335  6.741  6.692  6.628  6.585  6.503  6.480  6.533  6.495  6.583  6.530  6.544  6.457  6.469  6.545  6.399  6.579  6.541  6.512  6.592  6.425  6.620  6.588  6.626  6.532  6.637
5.231  5.106  5.037  5.254  5.153  5.186  5.017  5.149  5.273  5.273  5.204  5.231  5.371  5.298  5.371  5.088  4.956  5.231  5.257  5.215  5.112  5.069  5.124  5.182  5.153  5.142  5.075  4.997  4.762  4.927  4.951  4.970  5.118  5.007  5.100  5.136  4.905  5.198  5.081  5.112  4.905  5.094
7.951  7.807  7.902  7.900  7.941  7.969  7.766  7.920  7.872  7.985  7.949  7.961  7.964  7.943  7.985  7.821  7.723  7.979  7.982  7.885  7.740  7.730  7.810  7.835  7.867  7.929  7.852  7.884  7.748  7.774  7.815  7.689  7.860  7.878  7.776  7.867  7.857  7.980  7.895  7.930  7.823  7.955
6.714  6.677  6.654  6.590  6.649  6.798  6.636  6.767  6.795  6.825  6.819  6.796  6.764  6.836  6.867  6.612  6.531  6.753  6.871  6.741  6.828  6.579  6.687  6.750  6.807  6.685  6.698  6.732  6.619  6.690  6.652  6.460  6.727  6.768  6.644  6.811  6.700  6.715  6.547  6.589  6.669  6.717
