5.106  4.691  4.890  4.890  4.977  5.009  5.037  4.894  5.030  4.975  4.970  5.108  4.905  4.862  5.021  4.868  4.840  4.926  5.066  4.898  5.276  4.938  4.708  4.762  5.053  4.942  4.710  4.844  4.511  4.663  4.710  4.905  4.595  5.139  4.977  4.854  4.920  4.703  4.775  4.828  4.644  4.989
4.159  4.004  3.912  3.951  4.167  3.989  4.156  3.970  3.932  4.043  4.078  4.140  4.159  4.159  4.174  4.048  4.078  3.951  3.980  4.043  4.171  4.108  4.052  4.174  3.871  3.912  4.069  4.007  3.714  3.829  4.143  3.835  3.784  3.970  3.850  3.989  4.025  3.850  3.761  3.989  3.850  3.912
6.157  5.899  6.157  6.047  6.234  6.157  6.146  6.127  6.256  6.140  6.114  6.143  6.200  6.118  6.242  6.059  5.860  6.045  6.232  6.163  6.205  6.004  5.984  6.050  6.133  6.157  6.127  6.125  5.894  5.852  5.971  5.911  6.096  6.209  6.163  6.079  6.061  6.118  5.985  6.103  6.126  6.175
5.278  5.433  5.361  5.344  5.384  5.425  5.580  5.384  5.468  5.481  5.489  5.476  5.595  5.357  5.645  5.493  5.598  5.451  5.535  5.447  5.602  5.548  5.380  5.476  5.394  5.403  5.384  5.159  5.181  5.328  5.230  5.450  5.273  5.553  5.595  5.450  5.371  5.252  5.158  5.143  5.204  5.187
6.862  6.466  6.720  6.780  6.779  6.806  6.677  6.728  6.738  6.821  6.667  6.875  6.872  6.760  6.801  6.594  6.542  6.752  6.861  6.813  6.770  6.574  6.600  6.560  6.828  6.817  6.637  6.724  6.522  6.605  6.522  6.582  6.787  6.752  6.704  6.596  6.640  6.753  6.636  6.777  6.723  6.777
5.100  4.745  4.812  5.029  5.093  5.011  4.963  4.868  5.086  5.081  4.883  5.226  5.169  5.056  5.147  4.727  4.820  4.718  5.118  5.100  5.056  4.902  4.745  4.870  5.081  4.920  4.956  4.883  4.718  4.718  4.727  4.804  4.945  5.124  5.004  4.868  4.904  4.836  4.852  4.786  4.896  4.771
5.247  4.852  5.099  5.112  5.124  5.156  5.085  5.112  5.256  5.318  5.146  5.236  5.263  5.187  5.338  5.056  5.013  5.170  5.256  5.209  5.226  4.931  4.913  4.949  5.170  5.303  5.050  5.130  4.721  4.898  4.875  5.004  4.927  5.159  5.165  5.056  4.913  5.142  5.106  5.011  5.118  5.050
4.159  4.140  3.932  4.119  4.025  4.111  4.174  4.174  4.205  4.357  4.159  4.174  4.304  4.290  4.357  4.143  3.951  4.159  4.248  4.159  4.277  4.220  4.304  4.248  4.094  4.256  4.060  3.932  3.951  4.159  4.078  4.025  4.078  4.159  4.043  4.094  4.060  4.094  4.143  3.871  3.807  4.043
7.183  7.008  7.064  7.074  7.140  7.139  7.053  7.081  7.112  7.122  7.141  7.130  7.141  7.074  7.215  7.028  6.909  7.147  7.179  7.043  7.026  6.895  6.938  6.998  7.037  6.969  6.853  6.935  6.718  6.797  6.926  6.836  6.919  7.046  6.953  6.931  7.054  7.024  6.966  7.081  6.896  7.030
6.326  6.446  6.217  6.312  6.360  6.377  6.362  6.280  6.384  6.418  6.405  6.373  6.430  6.380  6.507  6.281  6.125  6.303  6.407  6.198  6.426  6.265  6.399  6.407  6.263  6.219  6.238  6.203  6.031  6.122  6.277  6.217  6.180  6.299  6.224  6.335  6.389  6.242  6.246  6.380  6.165  6.206
6.679  6.317  6.375  6.462  6.554  6.528  6.282  6.470  6.337  6.642  6.586  6.578  6.676  6.525  6.601  6.414  6.150  6.687  6.417  6.458  6.297  6.277  6.442  6.395  6.349  6.362  6.469  6.547  6.248  6.252  6.468  6.170  6.325  6.409  6.290  6.475  6.456  6.575  6.581  6.652  6.264  6.494
5.537  5.283  5.342  5.460  5.493  5.500  5.204  5.330  5.333  5.595  5.561  5.476  5.505  5.485  5.582  5.455  5.159  5.428  5.429  5.416  5.313  5.263  5.402  5.521  5.250  5.323  5.375  5.391  5.187  5.196  5.342  5.147  5.247  5.298  5.288  5.501  5.347  5.361  5.465  5.460  5.075  5.412
4.920  4.828  4.839  4.875  4.883  4.836  4.944  4.792  4.896  4.956  4.883  4.852  5.105  4.927  5.037  4.887  4.890  4.771  4.934  5.063  4.881  5.004  4.890  4.963  4.868  4.820  4.844  4.662  4.905  4.812  4.871  4.920  5.024  4.984  5.030  4.959  4.812  4.828  4.736  4.820  4.868  4.730
4.443  4.533  4.431  4.407  4.248  4.369  4.376  4.382  4.410  4.500  4.522  4.428  4.564  4.466  4.509  4.248  4.557  4.304  4.585  4.554  4.536  4.543  4.419  4.543  4.522  4.357  4.328  4.290  4.388  4.263  4.431  4.554  4.477  4.511  4.585  4.454  4.328  4.290  4.304  4.382  4.419  4.382
6.334  6.248  6.211  6.207  6.215  6.211  6.138  6.240  6.144  6.453  6.436  6.333  6.642  6.554  6.605  6.239  6.114  6.236  6.144  6.209  6.129  6.181  6.334  6.255  5.966  6.163  6.248  6.190  6.155  6.080  6.261  6.023  6.118  6.056  6.153  6.194  6.178  6.169  6.174  6.260  6.004  6.163
5.200  5.225  5.081  5.153  5.231  5.162  5.136  5.136  5.288  5.293  5.263  5.198  5.371  5.285  5.257  5.118  5.050  5.118  5.217  5.220  5.187  5.186  5.242  5.426  5.112  5.153  5.176  5.043  5.204  5.100  5.198  5.081  5.183  5.159  5.069  5.179  5.170  5.043  5.105  5.088  5.017  5.094
6.884  6.621  6.756  6.859  6.786  6.788  6.709  6.765  6.783  6.839  6.765  6.837  6.907  6.740  6.924  6.757  6.645  6.768  6.910  6.872  6.751  6.739  6.701  6.771  6.744  6.771  6.616  6.605  6.274  6.542  6.624  6.523  6.752  6.823  6.733  6.726  6.653  6.741  6.666  6.691  6.668  6.717
5.591  5.374  5.531  5.602  5.545  5.624  5.565  5.613  5.631  5.635  5.543  5.685  5.661  5.643  5.670  5.384  5.563  5.537  5.700  5.697  5.768  5.501  5.434  5.505  5.598  5.451  5.447  5.328  5.030  5.395  5.226  5.293  5.576  5.517  5.447  5.460  5.411  5.513  5.553  5.390  5.483  5.476
6.769  6.593  6.536  6.656  6.805  6.855  6.664  6.735  6.653  6.799  6.808  6.781  6.921  6.750  6.816  6.662  6.506  6.933  6.730  6.839  6.650  6.599  6.757  6.718  6.578  6.717  6.632  6.799  6.535  6.592  6.699  6.495  6.683  6.617  6.635  6.664  6.704  6.771  6.750  6.836  6.475  6.699
5.429  5.308  5.197  5.263  5.447  5.397  5.297  5.346  5.249  5.455  5.521  5.447  5.578  5.455  5.594  5.339  5.226  5.582  5.204  5.468  5.365  5.322  5.407  5.472  5.159  5.347  5.233  5.338  5.156  5.085  5.242  5.043  5.159  5.278  5.257  5.236  5.247  5.447  5.389  5.366  5.080  5.136
6.054  5.705  5.864  5.798  5.940  5.936  5.740  5.829  5.866  5.849  5.842  5.916  5.951  5.892  5.897  5.769  5.606  5.924  5.932  5.956  5.821  5.677  5.733  5.757  5.846  5.935  5.811  5.802  5.697  5.648  5.717  5.481  5.768  5.932  5.765  5.719  5.799  5.938  5.804  5.861  5.722  5.895
5.030  4.980  5.339  5.053  5.100  5.165  5.055  5.019  5.094  5.088  5.075  5.209  5.215  5.123  5.296  4.968  4.970  4.954  5.081  5.212  5.136  5.024  5.050  4.994  5.130  5.189  5.024  4.947  4.890  4.913  4.875  4.754  4.949  5.263  4.970  5.037  5.011  5.011  4.945  4.968  5.045  4.977
