6.120  5.805  6.103  5.781  5.848  6.043  5.852  5.830  5.922  5.966  5.899  5.951  6.014  5.792  6.041  5.850  5.733  5.855  5.940  5.940  5.935  5.808  5.835  5.881  5.932  5.969  5.883  5.846  5.583  5.680  5.781  5.709  5.778  5.957  5.849  5.835  5.951  5.895  5.805  5.903  5.908  5.986
4.564  4.500  4.503  4.404  4.419  4.407  4.644  4.277  4.549  4.673  4.605  4.595  4.710  4.511  4.685  4.595  4.575  4.454  4.443  4.500  4.691  4.625  4.659  4.575  4.543  4.477  4.477  4.454  4.304  4.475  4.394  4.331  4.466  4.520  4.477  4.500  4.498  4.369  4.190  4.234  4.363  4.505
5.434  5.429  5.398  5.451  5.468  5.533  5.407  5.451  5.529  5.525  5.494  5.617  5.493  5.463  5.583  5.425  5.374  5.493  5.652  5.503  5.493  5.397  5.438  5.412  5.579  5.487  5.541  5.412  5.251  5.384  5.342  5.384  5.387  5.533  5.537  5.474  5.455  5.338  5.334  5.380  5.442  5.417
4.605  4.710  4.475  4.394  4.511  4.489  4.779  4.663  4.718  4.718  4.625  4.804  4.762  4.691  4.890  4.700  4.700  4.511  4.718  4.644  4.898  4.700  4.691  4.727  4.727  4.635  4.673  4.331  4.520  4.635  4.654  4.700  4.559  4.828  4.868  4.564  4.663  4.489  4.509  4.443  4.511  4.472
5.832  5.509  5.677  5.537  5.826  5.820  5.661  5.640  5.765  5.886  5.764  5.774  5.790  5.790  5.844  5.704  5.445  5.871  5.690  5.580  5.616  5.370  5.552  5.407  5.476  5.595  5.511  5.624  5.352  5.324  5.656  5.416  5.487  5.677  5.485  5.553  5.539  5.655  5.620  5.678  5.468  5.595
4.060  4.288  4.094  4.078  4.382  4.190  4.248  4.220  4.304  4.187  4.354  4.231  4.460  4.500  4.489  4.179  4.069  4.256  4.270  4.241  4.290  4.190  4.260  4.234  4.103  4.197  4.174  4.078  4.124  4.025  4.477  4.043  4.197  4.357  4.220  4.234  4.248  4.132  3.970  4.220  4.060  4.127
5.658  5.527  5.497  5.389  5.541  5.529  5.529  5.568  5.472  5.730  5.717  5.656  5.686  5.656  5.713  5.561  5.411  5.513  5.553  5.517  5.628  5.628  5.455  5.572  5.388  5.323  5.442  5.476  5.344  5.451  5.543  5.333  5.357  5.425  5.576  5.394  5.569  5.425  5.447  5.370  5.278  5.296
6.063  5.948  6.100  6.066  6.066  6.142  6.184  6.118  6.114  6.240  6.277  6.256  6.205  6.138  6.227  6.209  6.066  6.050  6.066  5.969  6.084  6.004  6.052  6.172  5.897  5.841  5.914  5.945  5.889  5.905  6.089  5.875  5.900  5.924  5.979  6.011  6.084  5.938  5.924  5.828  5.924  5.881
7.278  7.118  7.196  7.197  7.227  7.236  7.276  7.268  7.280  7.458  7.359  7.371  7.381  7.284  7.375  7.259  7.225  7.225  7.592  7.467  7.475  7.862  7.869  7.850  7.108  7.186  7.173  7.106  7.057  7.094  7.188  7.095  7.145  7.283  7.219  7.201  7.177  7.230  7.179  7.143  7.129  7.161
6.397  6.335  6.315  6.298  6.273  6.295  6.509  6.392  6.418  6.550  6.446  6.449  6.490  6.447  6.494  6.422  6.515  6.271  6.655  6.465  6.672  7.040  7.015  7.056  6.356  6.428  6.385  6.260  6.282  6.366  6.402  6.383  6.261  6.497  6.501  6.378  6.451  6.262  6.301  6.230  6.301  6.302
6.470  6.315  6.420  6.426  6.388  6.460  6.392  6.430  6.501  6.617  6.526  6.613  6.523  6.280  6.469  6.352  6.350  6.351  6.512  6.497  6.531  6.407  6.416  6.465  6.317  6.368  6.344  6.329  6.194  6.314  6.344  6.242  6.370  6.389  6.436  6.368  6.452  6.494  6.438  6.346  6.340  6.390
6.432  6.280  6.330  6.323  6.360  6.363  6.418  6.361  6.451  6.612  6.521  6.492  6.545  6.457  6.489  6.402  6.447  6.347  6.423  6.426  6.491  6.425  6.449  6.465  6.232  6.352  6.395  6.249  6.207  6.304  6.486  6.377  6.321  6.410  6.475  6.472  6.475  6.441  6.385  6.205  6.277  6.263
5.359  5.193  5.283  5.375  5.407  5.451  5.342  5.328  5.303  5.565  5.407  5.568  5.438  5.357  5.489  5.255  5.081  5.333  5.363  5.371  5.242  5.146  5.209  5.203  5.223  5.230  5.037  5.244  4.836  5.037  5.153  4.984  5.142  5.187  5.165  5.165  5.182  5.403  5.209  5.220  5.081  5.324
4.127  4.025  4.159  4.094  4.277  4.344  4.248  4.174  4.234  4.331  4.331  4.344  4.174  4.231  4.407  4.025  4.025  4.025  3.970  4.220  4.315  4.205  4.220  4.086  4.091  4.040  4.043  4.094  3.912  3.970  4.111  4.143  4.143  4.111  4.143  4.159  4.220  4.304  4.156  4.022  4.007  4.043
5.800  5.553  5.710  5.609  5.662  5.714  5.753  5.720  5.788  5.966  5.730  5.974  5.848  5.778  5.867  5.855  5.505  5.765  5.846  5.730  5.690  5.717  5.743  5.698  5.805  5.835  5.714  5.687  5.529  5.707  5.697  5.486  5.684  5.820  5.689  5.737  5.755  5.704  5.720  5.672  5.625  5.749
5.165  5.142  5.236  5.162  5.040  5.193  5.124  5.204  5.147  5.333  5.296  5.318  5.327  5.366  5.308  5.287  5.094  5.165  5.308  5.263  5.241  5.176  5.106  5.220  5.136  5.182  5.049  4.940  4.890  5.024  5.063  4.949  5.024  5.094  5.118  5.081  5.146  4.934  5.017  4.990  4.890  5.004
5.170  5.094  5.147  5.170  5.269  5.159  5.049  5.056  5.053  5.136  5.055  5.142  5.257  5.209  5.103  5.088  4.958  5.204  5.226  5.093  5.161  4.994  4.975  5.043  5.124  5.056  5.050  4.984  4.927  5.030  5.080  4.956  4.898  5.017  5.081  5.118  5.042  5.066  5.030  4.956  4.959  5.088
4.682  4.741  4.682  4.800  4.605  4.828  4.489  4.431  4.440  4.404  4.466  4.440  4.573  4.605  4.732  4.317  4.357  4.454  4.477  4.460  4.652  4.369  4.477  4.525  4.290  4.407  4.382  4.220  4.227  4.297  4.458  4.382  4.350  4.543  4.317  4.443  4.410  4.477  4.404  4.511  4.466  4.511
6.723  6.384  6.620  6.653  6.567  6.565  6.384  6.537  6.512  6.654  6.524  6.613  6.655  6.549  6.625  6.438  6.423  6.624  6.683  6.702  6.578  6.463  6.443  6.446  6.501  6.428  6.410  6.319  6.184  6.295  6.321  6.290  6.574  6.483  6.460  6.486  6.322  6.541  6.449  6.505  6.485  6.469
6.375  6.094  6.313  6.337  6.282  6.192  6.170  6.273  6.254  6.326  6.332  6.375  6.328  6.276  6.407  6.225  6.190  6.354  6.367  6.397  6.323  6.209  6.128  6.163  6.144  6.138  6.091  6.091  5.897  6.034  6.019  6.031  6.248  6.232  6.163  6.151  5.999  6.227  6.165  6.248  6.202  6.208
5.085  4.745  4.913  4.944  4.905  4.956  4.844  4.997  5.009  5.030  4.844  5.042  5.030  5.055  5.135  4.779  4.787  4.890  4.990  5.136  5.059  4.860  4.860  4.949  4.963  4.990  4.775  4.852  4.718  4.883  4.769  4.787  4.977  4.980  4.977  4.875  4.866  4.875  4.777  4.942  5.029  5.069
4.659  4.419  4.615  4.533  4.595  4.522  4.575  4.605  4.671  4.625  4.477  4.663  4.762  4.605  4.717  4.477  4.533  4.654  4.736  4.756  4.779  4.726  4.543  4.635  4.466  4.489  4.489  4.419  4.431  4.449  4.511  4.481  4.481  4.522  4.642  4.593  4.357  4.520  4.419  4.489  4.492  4.554
