5.204  5.088  5.112  5.147  5.182  5.182  5.193  5.231  5.056  5.380  5.209  5.352  5.242  5.198  5.209  5.036  5.075  5.204  5.193  5.251  5.290  5.263  5.147  5.106  5.109  5.050  5.089  5.030  5.050  4.990  5.182  5.094  5.047  5.215  5.135  5.139  5.124  5.058  4.963  5.069  4.990  5.043
5.572  5.434  5.529  5.517  5.501  5.545  5.545  5.541  5.549  5.642  5.549  5.609  5.517  5.529  5.666  5.501  5.313  5.527  5.557  5.576  5.609  5.464  5.303  5.455  5.366  5.375  5.318  5.398  5.215  5.263  5.455  5.226  5.322  5.347  5.513  5.380  5.311  5.464  5.425  5.335  5.357  5.529
6.163  6.089  6.069  6.073  6.186  6.053  5.987  6.107  6.045  6.246  6.118  6.156  6.227  6.140  6.190  5.984  5.953  6.045  6.136  6.064  6.017  6.033  6.019  6.125  6.006  6.050  5.981  5.887  5.846  5.803  5.974  5.964  5.974  6.087  6.019  6.015  5.805  5.988  5.914  5.961  5.999  6.031
5.416  5.242  5.407  5.242  5.361  5.431  5.162  5.056  5.236  5.231  5.238  5.198  5.242  5.106  5.209  5.004  5.050  5.004  5.176  5.158  5.235  5.239  5.204  5.300  5.268  5.017  5.011  4.961  4.812  5.262  5.021  5.011  5.112  5.088  5.094  5.053  4.820  5.017  5.009  5.050  5.088  5.056
4.691  4.554  4.503  4.311  4.644  4.533  4.543  4.472  4.673  4.673  4.522  4.691  4.787  4.663  4.754  4.673  4.407  4.575  4.578  4.554  4.615  4.522  4.642  4.625  4.500  4.500  4.500  4.554  4.369  4.277  4.595  4.578  4.357  4.564  4.654  4.533  4.605  4.605  4.422  4.511  4.419  4.583
3.912  4.025  3.850  3.947  4.025  3.989  4.094  4.159  4.317  4.174  4.190  4.127  4.248  4.301  4.220  4.171  4.022  3.951  3.989  4.277  4.202  4.197  4.094  4.094  3.871  3.928  4.060  3.951  3.961  3.970  3.932  4.031  4.043  3.970  4.248  3.970  3.829  3.989  3.912  3.932  3.989  3.807
5.663  5.476  5.662  5.603  5.598  5.583  5.485  5.627  5.472  5.705  5.533  5.659  5.587  5.476  5.642  5.366  5.193  5.455  5.678  5.564  5.442  5.325  5.313  5.323  5.529  5.576  5.460  5.501  5.375  5.346  5.460  5.451  5.517  5.442  5.500  5.468  5.509  5.474  5.485  5.389  5.366  5.489
4.705  4.644  4.699  4.760  4.654  4.625  4.564  4.635  4.654  4.786  4.654  4.723  4.852  4.635  4.860  4.575  4.498  4.533  4.860  4.804  4.736  4.682  4.691  4.727  4.710  4.691  4.533  4.477  4.431  4.431  4.671  4.573  4.734  4.676  4.820  4.673  4.673  4.520  4.654  4.573  4.585  4.533
5.455  5.231  5.344  5.407  5.347  5.341  5.252  5.328  5.263  5.605  5.292  5.425  5.389  5.352  5.480  5.257  5.215  5.384  5.491  5.415  5.461  5.273  5.293  5.159  5.347  5.328  5.208  5.226  5.037  5.103  5.218  5.153  5.235  5.357  5.375  5.367  5.407  5.273  5.264  5.236  5.278  5.312
5.631  5.469  5.687  5.598  5.561  5.545  5.593  5.548  5.531  5.591  5.595  5.666  5.631  5.523  5.737  5.365  5.308  5.453  5.513  5.513  5.642  5.561  5.485  5.448  5.384  5.438  5.405  5.288  5.242  5.298  5.352  5.323  5.416  5.541  5.451  5.497  5.642  5.447  5.396  5.517  5.357  5.505
4.511  4.357  4.543  4.466  4.290  4.440  4.431  4.564  4.407  4.475  4.382  4.431  4.605  4.477  4.682  4.220  4.394  4.304  4.431  4.500  4.585  4.543  4.466  4.718  4.564  4.483  4.489  4.446  4.341  4.386  4.443  4.554  4.509  4.466  4.443  4.522  4.466  4.357  4.174  4.315  4.344  4.382
3.912  3.912  3.947  3.871  3.942  3.802  3.664  3.892  3.784  3.829  3.761  3.807  3.985  3.807  3.892  3.555  3.892  3.829  3.989  3.850  3.970  3.912  3.714  3.871  3.738  3.709  3.807  3.738  3.526  3.611  3.689  3.829  3.871  3.871  3.989  3.689  3.584  3.689  3.584  3.605  3.761  3.714
5.030  5.037  4.913  4.920  5.017  5.069  4.771  4.990  4.771  5.081  4.977  4.934  5.056  5.094  5.106  4.934  4.743  4.970  5.050  5.050  4.868  4.736  4.970  4.956  4.881  4.931  4.956  5.096  4.754  4.890  4.843  4.852  4.933  4.970  4.977  4.942  4.927  5.124  5.003  4.852  4.883  4.875
4.348  4.205  4.234  4.248  4.263  4.263  4.234  4.007  4.127  4.317  4.043  4.190  4.431  4.317  4.357  4.234  4.205  4.205  4.260  4.263  4.394  4.344  4.277  4.248  3.970  4.048  4.132  4.099  4.174  4.167  4.004  4.127  4.078  4.331  4.127  4.174  4.156  4.190  4.156  4.190  4.007  4.078
5.737  5.576  5.628  5.717  5.618  5.773  5.576  5.620  5.914  6.028  5.649  5.775  5.730  5.557  5.852  5.541  5.545  5.407  6.143  5.779  5.762  5.740  5.525  5.710  5.576  5.562  5.624  5.844  5.914  5.629  5.493  5.548  5.557  5.591  5.624  5.556  5.455  5.595  5.649  5.544  5.656  5.497
5.974  5.768  5.675  5.765  5.852  6.042  5.762  5.720  6.405  5.994  5.920  5.778  5.952  5.799  5.948  5.727  5.781  5.787  6.103  6.021  5.866  5.916  5.714  5.817  5.823  5.802  5.857  6.197  5.858  6.035  5.720  5.826  5.557  5.880  5.730  5.788  5.659  5.720  5.659  5.736  5.790  5.635
4.870  4.691  4.836  4.852  4.850  4.920  4.852  4.741  4.868  4.860  4.710  5.088  4.956  4.811  5.050  4.605  4.595  4.762  4.934  4.868  4.868  4.527  4.736  4.690  4.564  4.554  4.635  4.575  4.407  4.554  4.671  4.575  4.756  4.808  4.564  4.860  4.663  4.727  4.682  4.727  4.682  4.652
4.074  3.912  4.078  3.989  3.942  3.912  4.111  4.074  3.932  4.111  3.714  4.174  4.094  4.190  4.234  3.829  4.060  4.057  4.007  3.970  4.220  4.127  4.043  4.007  3.850  3.689  3.989  3.761  3.757  4.205  3.757  4.248  4.156  3.928  4.190  4.060  3.912  3.761  3.892  3.850  3.757  3.850
5.589  5.398  5.374  5.595  5.501  5.544  5.371  5.583  5.421  5.645  5.625  5.606  5.720  5.710  5.649  5.426  5.347  5.553  5.631  5.638  5.574  5.505  5.451  5.645  5.384  5.252  5.352  5.447  5.236  5.256  5.421  5.313  5.375  5.425  5.307  5.407  5.288  5.464  5.434  5.481  5.293  5.375
5.638  5.568  5.576  5.717  5.572  5.627  5.591  5.561  5.609  5.737  5.753  5.727  5.894  5.819  5.855  5.606  5.561  5.720  5.720  5.677  5.750  5.580  5.663  5.756  5.545  5.497  5.577  5.533  5.426  5.513  5.616  5.468  5.564  5.553  5.546  5.574  5.513  5.702  5.658  5.700  5.442  5.505
5.828  5.651  5.825  5.927  5.826  5.778  5.666  5.435  5.710  5.918  5.724  5.836  5.832  5.687  5.911  5.549  5.628  5.714  5.871  5.991  5.883  5.741  5.700  5.758  5.694  5.680  5.686  5.741  5.620  5.724  5.573  5.749  5.826  5.706  5.687  5.768  5.707  5.837  5.683  5.754  5.781  5.720
4.700  4.668  4.787  4.868  4.635  4.608  4.564  4.500  4.671  4.828  4.736  4.710  4.745  4.745  4.843  4.511  4.564  4.505  4.754  4.956  4.736  4.605  4.533  4.779  4.373  4.477  4.443  4.481  4.369  4.419  4.494  4.625  4.700  4.585  4.635  4.543  4.369  4.802  4.554  4.449  4.595  4.431
