6.863  6.624  6.671  6.655  6.607  6.641  6.673  6.645  6.702  6.831  6.758  6.708  6.693  6.677  6.713  6.670  6.453  6.797  6.597  6.628  6.599  6.601  6.668  6.658  6.507  6.445  6.485  6.504  6.229  6.359  6.594  6.377  6.536  6.552  6.571  6.599  6.623  6.774  6.806  6.750  6.460  6.736
6.935  6.589  6.745  6.651  6.697  6.662  6.627  6.685  6.684  6.918  6.907  6.859  6.794  6.792  6.802  6.832  6.541  6.963  6.630  6.625  6.632  6.576  6.581  6.640  6.559  6.487  6.551  6.608  6.271  6.365  6.583  6.394  6.542  6.547  6.493  6.552  6.522  6.571  6.762  6.646  6.410  6.600
5.447  5.100  5.342  5.425  5.252  5.298  5.273  5.361  5.361  5.476  5.273  5.509  5.361  5.198  5.328  5.159  5.204  5.273  5.347  5.303  5.288  5.236  5.185  5.342  5.226  5.176  5.124  5.112  5.069  5.100  5.176  5.139  5.198  5.227  5.236  5.278  5.207  5.298  5.159  5.170  5.247  5.352
6.332  5.969  6.363  6.314  6.146  6.282  6.236  6.256  6.324  6.326  6.192  6.363  6.288  6.079  6.377  6.050  6.120  6.138  6.312  6.225  6.328  6.257  6.123  6.146  6.205  6.183  6.163  6.192  6.080  6.114  6.008  6.165  6.311  6.196  6.188  6.217  6.168  6.194  6.023  6.093  6.122  6.248
4.533  4.718  4.623  4.673  4.543  4.654  4.717  4.700  4.654  4.615  4.608  4.743  4.500  4.605  4.620  4.644  4.615  4.700  4.760  4.699  4.836  4.635  4.625  4.727  4.673  4.615  4.745  4.304  4.500  4.605  4.585  4.635  4.625  4.766  4.608  4.477  4.598  4.533  4.654  4.369  4.552  4.625
4.787  4.654  4.736  4.828  4.739  4.868  4.798  4.758  4.743  4.718  4.671  4.883  4.567  4.804  4.717  4.718  4.559  4.700  4.848  4.874  4.997  4.762  4.718  4.779  4.605  4.762  4.691  4.489  4.498  4.575  4.625  4.620  4.779  4.605  4.754  4.726  4.812  4.691  4.700  4.585  4.603  4.771
4.883  4.654  4.718  4.779  4.677  4.804  4.615  4.682  4.779  4.934  4.804  4.828  4.905  4.663  4.836  4.575  4.727  4.644  4.703  4.782  4.812  4.696  4.796  4.727  4.585  4.663  4.642  4.836  4.552  4.703  4.477  4.511  4.663  4.691  4.625  4.625  4.633  4.593  4.640  4.511  4.575  4.615
4.043  3.807  3.892  3.846  4.091  3.824  3.738  3.951  4.043  4.094  3.995  3.850  4.127  3.912  4.205  3.932  3.989  3.784  3.871  4.025  4.078  3.947  3.784  3.892  3.761  3.829  3.850  3.807  3.684  3.829  3.985  3.784  3.733  3.918  3.784  3.970  3.738  3.807  3.584  3.829  3.689  3.850
5.050  4.920  5.136  5.220  5.081  5.043  4.997  5.081  4.942  5.187  5.176  5.050  5.075  5.023  5.130  4.942  5.056  5.094  5.111  5.182  5.156  5.030  5.166  5.056  4.796  4.920  4.877  4.844  4.727  4.700  4.920  5.030  5.063  4.934  4.956  4.902  4.927  5.100  4.934  4.890  4.875  4.940
5.252  5.112  5.204  5.268  5.187  5.159  5.206  5.263  5.112  5.273  5.147  5.236  5.288  5.182  5.193  5.088  5.063  5.011  5.222  5.273  5.288  5.133  5.106  5.069  4.926  4.956  5.032  5.024  4.883  4.968  5.045  5.149  5.069  5.037  5.081  5.024  5.039  5.207  5.094  5.124  5.050  5.142
4.956  5.043  4.984  5.037  4.904  4.984  5.042  4.804  4.896  4.984  4.929  5.017  4.949  5.159  5.169  4.898  4.997  5.068  4.977  4.956  5.118  4.942  5.094  5.121  4.812  4.745  4.898  4.533  4.652  4.796  4.777  4.824  4.905  4.916  4.868  4.743  4.836  4.836  4.913  4.758  4.696  4.844
4.771  4.779  4.790  4.762  4.663  4.736  4.771  4.677  4.673  4.754  4.657  4.726  4.905  4.898  4.754  4.700  4.663  4.700  4.762  4.745  4.979  4.828  4.847  4.954  4.657  4.663  4.638  4.575  4.382  4.575  4.533  4.605  4.710  4.564  4.710  4.625  4.489  4.635  4.710  4.654  4.511  4.575
5.288  5.172  5.318  5.220  5.257  5.170  5.361  5.236  5.313  5.380  5.333  5.460  5.380  5.176  5.298  5.209  5.193  5.273  5.312  5.301  5.394  5.246  5.313  5.215  5.209  5.361  5.283  5.244  5.247  5.231  5.235  5.193  5.100  5.259  5.257  5.193  5.247  5.220  5.231  5.136  5.056  5.265
4.573  4.554  4.511  4.419  4.511  4.446  4.486  4.404  4.620  4.717  4.527  4.654  4.663  4.514  4.543  4.443  4.466  4.554  4.443  4.557  4.605  4.516  4.595  4.489  4.344  4.475  4.522  4.477  4.331  4.394  4.575  4.394  4.443  4.446  4.536  4.477  4.575  4.477  4.407  4.452  4.428  4.449
4.777  4.682  4.804  4.743  4.663  4.754  4.543  4.700  4.625  4.812  4.756  4.625  4.902  4.836  4.942  4.552  4.635  4.762  4.752  4.862  4.860  4.682  4.718  4.844  4.466  4.511  4.600  4.654  4.369  4.522  4.554  4.533  4.700  4.710  4.682  4.752  4.745  4.533  4.745  4.575  4.500  4.700
4.663  4.700  4.644  4.682  4.625  4.585  4.585  4.564  4.595  4.649  4.635  4.691  4.762  4.868  4.844  4.618  4.554  4.654  4.663  4.687  4.682  4.663  4.691  4.718  4.388  4.489  4.593  4.477  4.344  4.522  4.419  4.454  4.443  4.549  4.595  4.630  4.605  4.585  4.673  4.573  4.431  4.500
5.215  5.030  5.186  5.159  5.170  5.056  4.942  5.088  4.898  5.136  5.017  5.165  5.166  5.050  5.220  4.920  4.956  5.142  5.165  5.100  5.165  5.056  5.024  5.142  4.893  4.890  4.844  4.836  4.879  4.777  4.949  4.883  5.088  5.069  4.997  5.088  4.905  5.037  5.030  4.990  4.860  5.024
5.100  5.017  5.066  5.039  4.966  4.934  5.011  4.984  4.949  5.030  5.078  4.942  5.032  4.984  5.030  4.828  4.905  5.165  5.024  5.094  5.227  5.017  5.050  5.117  4.714  4.868  4.852  4.796  4.585  4.816  4.885  4.844  4.984  4.836  4.790  5.050  4.771  4.977  5.024  4.875  4.794  4.963
4.736  4.363  4.516  4.745  4.595  4.562  4.443  4.652  4.605  4.585  4.425  4.615  4.736  4.466  4.644  4.489  4.522  4.575  4.754  4.812  4.690  4.585  4.511  4.644  4.357  4.419  4.505  4.382  4.127  4.350  4.317  4.533  4.691  4.533  4.489  4.407  4.431  4.522  4.511  4.410  4.367  4.620
5.366  5.088  5.293  5.189  5.273  5.292  5.209  5.220  5.239  5.303  5.247  5.313  5.374  5.198  5.339  5.130  5.159  5.181  5.313  5.366  5.318  5.318  5.166  5.267  4.963  5.094  5.106  4.997  4.977  5.017  4.956  5.143  5.170  5.198  5.165  5.124  4.997  5.242  5.142  5.142  5.013  5.187
4.726  4.762  4.673  4.727  4.754  4.734  4.652  4.694  4.828  4.769  4.673  4.736  4.970  4.796  4.942  4.654  4.754  4.615  4.718  4.736  4.913  4.718  4.673  4.779  4.796  4.727  4.644  4.787  4.635  4.691  4.736  4.691  4.779  4.727  4.820  4.949  4.663  4.694  4.610  4.644  4.595  4.615
5.313  5.263  4.949  5.069  5.118  5.189  5.176  5.105  5.136  5.303  5.055  5.170  5.394  5.220  5.313  5.146  5.342  5.209  5.260  5.088  5.416  5.358  5.236  5.318  5.094  5.176  5.220  5.004  5.241  5.136  5.136  5.257  5.100  5.313  5.298  5.176  5.263  5.187  5.081  5.096  5.142  5.056
