5.743  5.642  5.663  5.531  5.651  5.690  5.667  5.643  5.730  5.820  5.803  5.787  5.894  5.727  5.881  5.710  5.489  5.743  5.717  5.684  5.727  5.580  5.561  5.697  5.700  5.724  5.617  5.661  5.472  5.613  5.666  5.583  5.565  5.713  5.591  5.666  5.546  5.620  5.545  5.771  5.545  5.657
5.878  5.861  5.690  5.587  5.762  5.738  5.857  5.798  5.986  5.969  5.922  5.852  5.961  5.938  5.974  5.919  5.843  5.894  5.793  5.656  5.924  5.879  5.852  5.852  5.924  5.714  5.811  5.749  5.568  5.697  5.808  5.687  5.677  5.817  5.814  5.762  5.624  5.652  5.708  5.808  5.652  5.796
5.549  5.429  5.288  5.357  5.412  5.366  5.517  5.497  5.545  5.561  5.521  5.481  5.476  5.438  5.563  5.366  5.063  5.328  5.460  5.075  5.481  5.403  5.421  5.578  5.293  5.181  5.236  5.050  5.001  5.132  5.247  4.934  5.215  5.263  5.333  5.215  5.176  5.153  5.263  5.231  5.039  5.308
5.661  5.565  5.357  5.375  5.429  5.394  5.587  5.533  5.598  5.661  5.521  5.476  5.447  5.384  5.544  5.474  5.247  5.375  5.572  5.112  5.509  5.557  5.485  5.619  5.278  5.298  5.320  5.081  5.072  5.197  5.337  5.112  5.252  5.262  5.402  5.384  5.263  5.270  5.252  5.293  5.069  5.375
4.543  4.700  4.533  4.635  4.710  4.625  4.820  4.677  4.663  4.844  4.710  4.771  4.754  4.595  4.779  4.754  4.625  4.762  4.736  4.691  4.718  4.718  4.666  4.718  4.654  4.654  4.615  4.676  4.498  4.443  4.635  4.489  4.654  4.727  4.603  4.718  4.691  4.554  4.486  4.503  4.570  4.673
4.732  4.662  4.710  4.615  4.590  4.590  4.630  4.575  4.691  4.727  4.630  4.700  4.868  4.595  4.754  4.585  4.682  4.511  4.625  4.828  4.804  4.700  4.522  4.710  4.394  4.304  4.404  4.290  4.380  4.452  4.605  4.466  4.500  4.522  4.367  4.575  4.543  4.585  4.274  4.452  4.407  4.564
5.030  5.043  5.100  4.820  4.868  4.997  5.066  4.970  5.043  5.186  5.030  5.123  5.124  5.100  5.130  5.011  4.836  5.011  5.011  4.942  5.105  4.883  4.812  4.934  4.905  4.850  4.942  4.949  4.691  4.898  4.905  4.828  4.860  4.934  4.963  4.942  4.956  4.819  4.787  4.828  4.680  4.898
4.990  5.075  5.004  4.754  4.898  4.949  5.014  5.030  4.934  5.091  5.016  5.106  5.088  5.106  5.187  4.970  5.024  4.913  4.970  4.970  5.118  5.024  4.942  5.017  4.931  4.868  4.900  4.796  4.691  4.796  4.949  4.934  4.815  4.909  5.114  4.890  5.047  4.852  4.828  4.644  4.615  4.934
6.239  6.021  6.050  6.059  6.014  6.125  6.247  6.240  6.178  6.339  6.201  6.136  6.295  6.071  6.198  6.163  6.052  6.045  6.172  6.043  6.186  6.101  6.078  6.066  5.979  5.976  6.016  5.964  5.903  6.063  6.001  6.061  5.924  6.009  6.153  6.144  6.152  5.991  5.971  6.004  5.875  6.094
6.488  6.356  6.328  6.400  6.366  6.479  6.535  6.458  6.477  6.697  6.633  6.545  6.532  6.450  6.544  6.407  6.418  6.304  6.481  6.420  6.483  6.463  6.378  6.506  6.326  6.335  6.415  6.328  6.292  6.353  6.457  6.356  6.312  6.390  6.505  6.415  6.447  6.360  6.359  6.250  6.314  6.368
4.317  4.060  4.290  4.317  4.260  4.248  4.234  4.394  4.140  4.317  4.290  4.248  4.382  4.248  4.344  4.194  4.256  4.220  4.220  4.227  4.248  4.263  4.156  4.248  4.078  4.127  4.119  4.007  3.951  4.127  4.078  4.174  4.277  4.190  4.074  4.094  4.140  4.248  4.111  4.317  4.060  4.248
4.367  4.357  4.220  4.419  4.248  4.554  4.331  4.290  4.263  4.605  4.263  4.290  4.422  4.522  4.419  4.246  4.248  4.248  4.489  4.543  4.543  4.533  4.363  4.344  4.174  4.111  4.174  4.234  4.205  4.078  4.328  4.304  4.159  4.263  4.449  4.151  4.317  4.190  4.078  4.174  4.143  4.231
5.945  5.756  5.863  5.866  5.808  5.806  5.788  5.775  5.793  5.971  5.955  5.938  5.953  5.878  5.864  5.737  5.737  5.805  5.892  5.832  5.866  5.814  5.832  5.737  5.623  5.687  5.796  5.746  5.631  5.617  5.820  5.841  5.707  5.815  5.950  5.900  5.730  5.765  5.732  5.805  5.666  5.740
4.520  4.696  4.635  4.454  4.489  4.820  4.511  4.533  4.394  4.564  4.466  4.543  4.758  4.754  4.407  4.615  4.718  4.500  4.605  4.489  4.691  4.585  4.454  4.644  4.595  4.357  4.489  4.564  4.382  4.682  4.990  5.075  4.889  4.538  4.416  4.460  4.344  4.419  4.354  4.382  4.382  4.419
6.842  6.767  6.796  6.765  6.792  6.880  6.819  6.770  6.867  7.022  6.943  6.940  6.902  6.866  6.987  6.731  6.756  6.718  6.807  6.737  6.951  6.827  6.819  6.862  6.633  6.592  6.680  6.645  6.538  6.664  6.806  6.766  6.582  6.747  6.734  6.738  6.851  6.772  6.875  6.731  6.681  6.664
6.671  6.702  6.657  6.693  6.609  6.822  6.697  6.608  6.690  6.836  6.783  6.744  6.733  6.644  6.810  6.597  6.590  6.560  6.650  6.621  6.827  6.718  6.697  6.737  6.482  6.454  6.540  6.420  6.428  6.517  6.703  6.637  6.526  6.588  6.663  6.583  6.658  6.638  6.644  6.542  6.482  6.500
4.844  4.522  4.779  4.710  4.630  4.682  4.771  4.771  4.777  4.868  4.691  4.860  4.796  4.691  4.779  4.625  4.625  4.718  4.787  4.766  4.839  4.575  4.745  4.605  4.808  4.652  4.680  4.758  4.416  4.431  4.700  4.745  4.673  4.732  4.575  4.771  4.625  4.890  4.613  4.714  4.745  4.671
4.277  4.205  4.234  4.205  4.151  4.124  4.344  4.174  4.174  4.369  4.209  4.392  4.394  4.234  4.344  4.202  4.174  4.060  4.263  4.304  4.357  4.111  4.174  4.151  4.234  4.111  4.263  4.060  4.007  4.205  4.119  4.159  4.094  4.078  4.143  4.127  3.932  4.094  4.190  4.094  4.127  4.025
4.852  4.875  4.877  4.949  5.004  4.909  4.779  4.718  4.913  4.984  4.920  4.745  5.017  4.942  5.056  4.844  4.708  5.024  5.077  4.982  5.017  4.787  4.875  5.130  4.898  4.752  4.745  4.654  4.585  4.754  4.700  4.652  4.875  4.732  4.844  4.920  4.794  4.836  4.673  4.615  4.575  4.835
4.762  4.700  4.782  4.875  4.828  4.749  4.691  4.644  4.820  4.844  4.828  4.691  4.816  4.771  4.990  4.654  4.712  4.752  4.956  4.852  4.984  4.860  4.771  4.896  4.477  4.595  4.595  4.477  4.511  4.567  4.644  4.771  4.642  4.677  4.625  4.682  4.642  4.754  4.718  4.644  4.500  4.635
5.388  5.236  5.358  5.342  5.384  5.308  5.278  5.292  5.302  5.438  5.425  5.366  5.471  5.333  5.571  5.203  5.227  5.298  5.409  5.366  5.313  5.228  5.176  5.354  5.204  5.247  5.193  5.218  5.069  5.195  5.176  5.069  5.215  5.236  5.273  5.303  5.215  5.283  5.338  5.231  5.155  5.313
5.069  5.043  5.130  5.222  5.109  5.047  5.011  5.138  5.109  4.990  5.075  5.136  5.252  5.145  5.363  4.984  5.030  5.056  5.123  5.138  5.140  5.066  4.970  5.136  4.909  4.963  4.890  4.956  4.913  4.963  4.961  4.883  5.017  5.043  5.077  5.088  4.926  5.042  4.963  4.956  4.989  5.075
