4.820  4.654  4.533  4.682  4.699  4.828  4.800  4.909  4.736  4.990  4.736  4.898  4.852  4.682  4.800  4.779  4.543  4.613  4.714  4.779  4.762  4.727  4.633  4.730  4.543  4.585  4.635  4.710  4.498  4.543  4.613  4.454  4.736  4.554  4.736  4.700  4.633  4.564  4.691  4.710  4.654  4.663
4.357  4.159  4.124  4.171  4.224  4.290  4.317  4.344  4.290  4.454  4.288  4.174  4.500  4.464  4.454  4.317  4.143  4.143  4.477  4.344  4.143  4.127  4.174  4.212  4.248  4.220  4.127  3.932  4.025  3.970  4.111  4.159  4.060  4.220  4.394  4.078  4.124  4.190  3.947  3.989  4.127  4.111
4.850  4.977  4.898  4.949  4.920  4.752  4.905  4.942  4.907  5.112  4.927  5.109  5.063  4.977  5.053  4.811  4.787  4.852  4.934  5.017  4.934  4.848  4.913  5.042  4.836  4.762  4.836  4.736  4.585  4.682  4.828  4.820  4.875  4.762  4.787  4.828  4.787  4.699  4.894  4.796  4.714  4.920
4.220  4.270  4.328  4.234  4.078  4.111  4.205  4.263  4.301  4.270  4.317  4.304  4.431  4.357  4.382  4.143  4.174  4.357  4.304  4.357  4.367  4.290  4.078  4.248  4.190  4.220  4.143  4.078  4.004  3.961  4.060  4.132  4.304  4.187  4.187  4.143  4.043  3.947  4.159  4.060  3.995  4.174
3.871  3.761  4.078  3.784  4.078  4.025  3.850  4.007  3.989  4.060  3.912  4.140  3.932  4.043  4.190  4.025  3.761  3.912  4.220  3.989  3.998  3.807  3.951  3.998  3.829  3.846  3.892  3.892  3.638  3.892  3.850  3.892  3.892  3.780  3.867  3.928  3.998  3.839  3.714  3.689  3.714  3.829
3.526  3.296  3.689  3.332  3.450  3.296  3.360  3.526  3.555  3.541  3.296  3.584  3.555  3.611  3.638  3.555  3.401  3.466  3.689  3.664  3.605  3.434  3.689  3.535  3.584  3.367  3.466  3.497  3.434  3.367  3.401  3.428  3.490  3.526  3.605  3.434  3.714  3.434  3.401  3.526  3.296  3.658
5.557  5.398  5.328  5.481  5.501  5.438  5.513  5.407  5.485  5.680  5.583  5.529  5.598  5.455  5.557  5.371  5.328  5.429  5.565  5.370  5.481  5.434  5.403  5.434  5.260  5.303  5.333  5.389  5.220  5.257  5.394  5.315  5.308  5.347  5.352  5.389  5.416  5.380  5.380  5.333  5.231  5.293
4.898  4.820  4.820  4.828  4.890  5.004  4.843  4.827  4.710  5.088  5.063  4.938  4.984  4.796  4.984  4.779  4.787  4.787  4.898  4.881  4.920  4.828  4.956  4.927  4.703  4.511  4.635  4.736  4.449  4.745  4.812  4.828  4.691  4.762  4.786  4.787  4.766  4.920  4.868  4.736  4.625  4.700
4.997  4.522  4.804  4.754  4.898  4.836  4.727  4.847  4.990  5.056  4.860  4.977  5.011  4.913  4.977  4.605  4.404  4.777  5.004  4.883  4.804  4.654  4.593  4.673  4.685  4.934  4.787  4.736  4.543  4.663  4.628  4.575  4.718  4.828  4.700  4.718  4.625  4.804  4.820  4.736  4.710  4.916
3.611  3.651  3.846  3.497  3.526  3.611  3.638  3.761  3.689  3.818  3.689  3.784  3.807  3.761  3.761  3.497  3.721  3.466  3.638  3.761  3.871  3.611  3.367  3.555  3.761  3.638  3.584  3.434  3.434  3.611  3.780  3.638  3.611  3.638  3.564  3.555  3.497  3.664  3.466  3.497  3.497  3.611
5.037  4.718  4.942  4.836  5.009  4.875  4.762  4.920  4.875  4.947  4.898  5.019  5.004  4.852  4.883  4.812  4.812  4.913  4.898  4.920  4.796  4.726  4.840  4.836  4.595  4.700  4.796  4.796  4.605  4.615  4.779  4.700  4.771  4.700  4.690  4.673  4.654  4.748  5.605  4.860  4.718  4.771
4.357  4.111  4.234  4.290  4.317  4.443  4.380  4.315  4.344  4.277  4.357  4.419  4.394  4.369  4.466  4.260  4.174  4.234  4.190  4.231  4.277  4.304  4.317  4.317  4.111  4.074  4.159  4.190  3.871  4.304  4.159  4.159  4.060  4.443  4.277  4.321  4.091  4.220  5.956  4.277  4.025  4.124
5.124  4.852  5.088  4.875  4.990  5.106  4.963  5.004  4.956  5.176  5.086  5.091  5.193  5.050  5.124  4.898  4.745  4.990  5.042  4.905  4.890  4.804  4.879  4.927  4.875  4.913  4.779  5.118  4.745  4.870  4.905  4.771  4.920  4.982  4.963  4.979  5.077  4.963  5.040  5.088  4.860  5.004
4.248  4.304  4.277  4.159  4.241  4.248  4.304  4.187  4.344  4.407  4.481  4.407  4.562  4.431  4.394  4.331  4.344  4.234  4.466  4.483  4.443  3.989  4.248  4.234  4.007  4.127  4.111  4.348  4.174  4.277  4.205  4.143  3.970  4.224  4.190  4.248  4.248  4.143  4.094  4.248  4.094  4.241
4.868  4.394  4.663  4.562  4.779  4.554  4.454  4.699  4.500  4.745  4.543  4.736  4.699  4.734  4.736  4.533  4.443  4.796  4.673  4.673  4.736  4.428  4.419  4.489  4.357  4.416  4.533  4.554  4.335  4.394  4.505  4.315  4.625  4.543  4.595  4.425  4.434  4.635  4.394  4.585  4.554  4.623
4.220  3.882  4.025  4.043  4.052  4.127  3.989  4.164  3.989  4.220  4.205  4.111  4.156  4.135  4.248  3.951  3.970  4.220  4.111  4.174  4.190  3.932  4.048  3.989  4.007  3.932  4.007  3.908  3.784  3.912  3.970  4.043  4.007  3.850  4.263  3.951  3.882  4.277  3.912  4.057  4.060  4.060
4.238  4.124  4.187  4.151  4.205  4.301  3.932  4.127  4.127  4.248  4.040  4.331  4.248  4.205  4.344  4.025  3.989  4.174  4.277  4.205  4.205  4.127  4.043  4.111  4.174  4.174  4.060  4.143  3.829  3.970  4.174  4.013  4.140  4.007  4.094  4.127  4.094  4.205  4.052  4.205  4.078  4.057
3.638  3.638  3.520  3.555  3.638  3.632  3.638  3.584  3.738  3.871  3.638  3.784  3.807  3.850  3.738  3.638  3.689  3.664  3.835  3.738  3.784  3.638  3.638  3.807  3.611  3.664  3.689  3.611  3.664  3.658  3.584  3.784  3.784  3.714  3.611  3.689  3.638  3.882  3.611  3.434  3.611  3.664
5.416  5.147  5.361  5.338  5.394  5.323  5.327  5.402  5.209  5.438  5.278  5.398  5.489  5.298  5.509  5.182  5.162  5.251  5.440  5.380  5.403  5.273  5.136  5.298  5.075  5.094  5.061  5.069  5.024  5.081  4.997  5.209  5.262  5.212  5.209  5.130  5.181  5.236  5.303  5.176  5.121  5.236
6.153  5.953  6.122  6.129  6.209  6.148  6.035  6.182  6.114  6.318  6.140  6.127  6.277  6.098  6.402  6.047  5.951  6.131  6.203  6.308  6.151  6.111  6.091  6.099  5.835  5.864  5.929  5.932  5.762  5.737  5.850  5.927  6.111  5.990  5.969  6.148  5.899  6.117  6.133  6.012  5.919  5.979
4.787  4.603  4.760  4.754  4.796  4.927  4.673  4.820  4.718  4.798  4.714  4.819  4.860  4.732  4.820  4.615  4.615  4.754  4.860  4.868  4.595  4.663  4.605  4.699  4.654  4.754  4.652  4.554  4.331  4.514  4.498  4.489  4.796  4.727  4.625  4.700  4.564  4.663  4.605  4.615  4.466  4.828
3.888  3.888  3.888  3.970  3.951  3.871  3.871  3.761  3.807  3.932  3.871  4.004  4.078  4.007  4.025  3.871  3.871  3.892  3.932  4.078  3.989  3.918  3.932  3.998  3.850  3.807  3.846  3.714  3.664  3.658  3.584  3.957  3.932  4.025  3.829  3.908  3.807  3.902  3.912  3.780  3.802  3.932
