4.736  4.635  4.500  4.575  4.522  4.554  4.654  4.575  4.590  4.907  4.640  4.718  4.868  4.874  4.887  4.700  4.500  4.654  4.644  4.682  4.775  4.710  4.682  4.769  4.771  4.654  4.786  4.522  4.489  4.477  4.554  4.615  4.522  4.640  4.595  4.522  4.511  4.486  4.527  4.489  4.475  4.509
5.361  5.130  5.159  5.203  5.106  5.105  5.272  5.135  5.359  5.459  5.288  5.288  5.434  5.313  5.305  5.170  5.118  5.193  5.349  5.136  5.170  5.075  5.257  5.215  5.024  5.004  5.030  5.078  4.905  4.890  5.220  5.066  5.185  5.061  5.112  5.142  5.075  5.181  5.220  5.056  4.940  5.209
5.553  5.323  5.384  5.273  5.490  5.547  5.347  5.576  5.378  5.609  5.642  5.587  5.563  5.545  5.617  5.517  5.268  5.464  5.421  5.308  5.427  5.333  5.470  5.391  5.246  5.288  5.251  5.345  5.204  5.220  5.463  5.236  5.236  5.423  5.273  5.394  5.507  5.565  5.583  5.405  5.219  5.257
5.493  5.476  5.468  5.347  5.407  5.476  5.496  5.426  5.509  5.598  5.659  5.497  5.652  5.557  5.639  5.468  5.403  5.494  5.425  5.421  5.429  5.412  5.529  5.620  5.204  5.288  5.438  5.306  5.147  5.303  5.406  5.226  5.142  5.313  5.352  5.323  5.436  5.338  5.449  5.303  5.176  5.283
4.997  4.883  4.977  4.828  4.927  5.074  4.927  4.779  4.718  5.114  4.990  4.883  4.883  4.883  4.898  4.786  4.718  4.877  4.961  4.942  4.905  4.771  4.860  4.934  4.533  4.657  4.682  4.727  4.530  4.644  4.752  4.585  4.562  4.787  4.771  4.700  4.726  4.760  4.890  4.754  4.625  4.760
4.663  4.710  4.605  4.771  4.554  4.782  4.516  4.691  4.585  4.792  4.860  4.717  4.736  4.700  4.762  4.754  4.635  4.676  4.477  4.603  4.662  4.580  4.779  4.762  4.382  4.454  4.595  4.522  4.380  4.489  4.819  4.407  4.454  4.605  4.575  4.543  4.585  4.749  4.734  4.690  4.331  4.595
5.922  5.746  5.820  5.830  5.819  5.841  5.771  5.768  5.833  6.107  6.054  5.927  6.042  5.953  6.048  5.787  5.651  5.811  5.793  5.826  5.849  5.764  5.802  5.846  5.607  5.624  5.781  5.609  5.275  5.561  5.790  5.595  5.576  5.700  5.670  5.727  5.598  5.787  5.771  5.659  5.523  5.595
6.234  6.105  6.087  6.159  6.105  6.223  6.176  6.098  6.128  6.234  6.370  6.261  6.385  6.308  6.303  6.153  6.056  6.089  6.178  6.050  6.229  6.089  6.133  6.182  5.999  5.981  6.098  5.981  5.797  5.935  6.174  5.894  5.886  6.082  6.057  6.103  6.093  6.052  6.094  6.064  5.933  5.974
4.820  4.682  4.736  4.977  4.828  4.777  4.718  4.605  4.682  5.004  4.745  4.900  4.852  4.812  4.860  4.575  4.718  4.635  4.762  4.820  4.779  4.671  4.623  4.717  4.466  4.595  4.673  4.682  4.407  4.554  4.489  4.779  4.736  4.769  4.652  4.836  4.745  4.590  4.787  4.682  4.710  4.682
3.976  3.912  3.970  4.078  3.912  4.040  3.951  3.928  3.951  4.043  3.850  4.143  4.086  4.060  4.108  3.957  3.989  3.807  4.007  4.132  4.119  3.912  3.928  3.807  4.007  4.171  3.867  3.989  4.060  3.932  3.932  4.025  3.912  3.970  3.976  4.060  3.871  3.989  3.888  3.951  3.807  3.970
4.205  4.344  4.449  4.357  4.234  4.331  4.205  4.205  4.382  4.361  4.094  4.437  4.443  4.331  4.575  4.304  4.407  4.111  4.416  4.407  4.509  4.578  4.341  4.466  4.220  4.277  4.363  4.078  4.202  4.205  4.295  4.260  4.317  4.394  4.443  4.246  4.290  4.171  3.807  3.970  4.111  4.241
4.344  4.477  4.434  4.489  4.419  4.290  4.413  4.392  4.454  4.498  4.263  4.498  4.585  4.443  4.605  4.234  4.500  4.234  4.562  4.516  4.564  4.466  4.407  4.458  4.382  4.363  4.331  4.111  4.111  4.248  4.164  4.344  4.466  4.419  4.443  4.466  4.248  4.151  4.174  4.043  4.357  4.522
4.552  4.440  5.193  4.554  4.654  4.708  4.718  4.618  5.130  4.794  4.883  4.714  4.562  4.595  4.736  4.554  4.407  5.043  5.117  4.718  4.727  4.511  4.382  4.956  4.452  4.344  4.454  4.486  4.248  4.773  4.454  4.217  4.804  4.533  4.575  4.516  4.585  4.481  4.357  4.625  4.691  4.516
5.485  4.812  5.159  5.317  5.147  5.342  5.323  5.439  5.561  5.568  5.278  5.396  5.182  5.349  5.357  5.159  5.246  5.557  5.455  5.394  5.476  5.333  5.147  5.509  5.037  5.037  5.011  5.053  4.968  4.977  4.956  5.130  5.509  5.225  5.286  5.176  5.204  5.220  5.023  5.100  5.384  5.075
4.220  4.187  4.220  4.311  4.304  4.143  4.234  4.220  4.304  4.277  4.234  4.489  4.419  4.477  4.486  4.369  4.234  4.514  4.431  4.489  4.440  4.315  4.357  4.494  4.234  4.331  4.205  4.111  4.234  4.094  4.248  4.248  4.315  4.171  4.344  4.337  4.317  4.248  4.220  4.290  4.227  4.263
4.498  4.394  4.431  4.304  4.382  4.304  4.500  4.328  4.437  4.543  4.464  4.466  4.466  4.407  4.498  4.331  4.357  4.494  4.522  4.500  4.520  4.304  4.407  4.477  4.431  4.317  4.357  4.234  4.290  4.331  4.290  4.127  4.386  4.367  4.394  4.331  4.344  4.263  4.263  4.419  4.297  4.277
4.304  4.234  4.274  4.304  4.277  4.234  4.205  4.174  4.234  4.317  4.043  4.304  4.304  4.256  4.419  4.043  4.159  4.007  4.304  4.248  4.220  4.174  4.205  4.511  3.892  4.127  4.078  3.928  3.829  4.048  4.060  4.060  4.382  3.989  4.304  4.143  4.094  4.190  4.025  4.043  3.932  4.205
3.912  3.892  3.818  3.989  3.761  3.846  3.761  3.829  3.829  3.951  3.689  3.871  4.116  3.850  3.998  3.802  3.892  3.701  3.951  4.127  3.908  3.892  3.784  3.871  3.738  3.784  3.738  3.664  3.807  3.584  3.714  3.664  3.850  3.892  3.829  3.928  3.839  3.871  3.784  3.829  3.632  3.802
4.924  4.796  4.868  4.875  4.963  4.977  4.860  4.868  4.828  4.522  4.762  4.796  4.977  5.004  5.094  4.745  4.920  4.898  5.006  5.124  5.130  4.956  4.920  5.074  4.543  4.583  4.691  4.543  4.635  4.714  4.754  4.779  4.844  4.796  4.852  4.779  4.754  4.875  4.804  4.718  4.705  4.804
5.330  5.476  5.371  5.380  5.313  5.380  5.438  5.242  5.434  5.179  5.313  5.333  5.464  5.420  5.583  5.278  5.442  5.394  5.505  5.476  5.607  5.476  5.447  5.602  5.204  5.112  5.263  5.088  5.135  5.263  5.246  5.375  5.318  5.337  5.311  5.371  5.384  5.243  5.247  5.268  5.170  5.193
5.317  5.226  5.170  5.231  5.215  5.273  5.094  5.153  5.074  5.318  5.247  5.288  5.357  5.283  5.332  5.187  5.347  5.220  5.231  5.405  5.395  5.323  5.257  5.407  5.106  5.100  5.030  4.989  5.081  5.069  5.231  5.081  5.223  5.100  5.193  5.297  5.280  5.263  5.204  5.183  5.017  5.118
4.205  4.263  4.357  4.357  4.234  4.274  4.094  4.205  4.304  4.304  4.234  4.382  4.394  4.522  4.416  4.174  4.304  4.220  4.324  4.472  4.248  4.174  4.344  4.344  4.205  4.190  4.234  4.111  4.159  4.043  4.094  4.277  4.277  4.331  4.248  4.234  4.350  4.308  4.234  4.159  4.179  4.205
