5.094  5.129  4.949  5.124  4.994  5.118  5.055  5.029  5.075  5.142  4.961  5.153  5.124  5.043  5.106  5.136  4.997  5.124  5.024  5.094  5.182  5.030  4.990  5.094  4.934  4.963  5.037  4.898  4.883  4.927  4.956  4.984  5.014  5.001  5.029  4.996  5.011  5.056  4.727  4.904  4.970  4.956
5.142  5.069  4.997  5.102  4.997  5.063  5.147  5.081  5.124  5.081  5.081  5.043  5.159  4.868  5.142  5.106  5.053  5.106  5.130  5.069  5.198  5.043  5.004  5.142  5.063  4.970  4.956  4.934  4.956  4.963  4.956  4.986  5.004  5.081  5.030  5.112  5.136  5.094  4.734  4.951  5.100  5.024
4.522  4.413  4.527  4.500  4.428  4.543  4.494  4.486  4.511  4.654  4.458  4.615  4.595  4.466  4.511  4.533  4.171  4.388  4.575  4.500  4.635  4.564  4.522  4.394  4.610  4.317  4.304  4.217  4.205  4.248  4.477  4.164  4.394  4.454  4.625  4.220  4.315  4.466  4.317  4.443  4.246  4.419
4.159  3.932  4.007  4.025  3.892  4.043  4.174  4.078  4.111  4.143  3.738  4.043  4.317  4.004  4.202  3.951  3.892  3.951  4.111  4.069  4.043  4.078  3.850  3.989  3.967  3.871  3.784  3.761  3.738  3.738  3.922  3.951  3.989  4.078  3.932  4.007  3.989  3.912  3.802  3.784  3.942  4.060
6.039  5.800  5.878  5.903  5.875  5.934  5.922  5.940  5.883  6.064  6.035  5.940  5.953  5.878  5.976  5.932  5.666  5.876  5.938  5.894  5.911  5.812  5.765  5.875  5.711  5.659  5.587  5.759  5.474  5.586  5.790  5.631  5.711  5.737  5.802  5.759  5.781  5.919  5.784  5.842  5.656  5.800
5.580  5.112  5.460  5.505  5.333  5.426  5.407  5.553  5.407  5.533  5.434  5.513  5.442  5.370  5.493  5.305  5.236  5.303  5.308  5.472  5.429  5.347  5.293  5.447  5.513  5.352  5.300  5.400  5.111  5.328  5.165  5.011  5.251  5.282  5.175  5.318  5.169  5.407  5.112  5.298  5.069  5.235
4.043  3.912  4.043  3.912  3.892  3.871  3.932  3.932  3.932  3.912  3.818  3.850  3.989  3.970  4.025  3.850  3.951  3.970  3.947  4.025  4.078  3.970  3.970  3.888  3.638  3.664  3.761  3.611  3.871  3.689  3.757  3.784  3.928  3.784  3.908  3.818  3.807  3.989  3.664  3.824  3.829  3.738
3.526  3.526  3.555  3.584  3.578  3.526  3.497  3.632  3.658  3.761  3.401  3.584  3.611  3.807  3.526  3.611  3.684  3.802  3.638  3.867  3.664  3.555  3.555  3.497  3.497  3.605  3.466  3.434  3.466  3.555  3.555  3.584  3.664  3.555  3.555  3.520  3.555  3.584  3.401  3.555  3.434  3.466
3.902  3.867  3.638  3.784  3.761  3.761  3.892  3.824  3.784  3.738  3.689  3.912  4.043  3.871  4.025  3.912  3.738  3.738  3.807  3.932  4.025  3.807  3.829  3.784  3.584  3.784  3.761  3.761  3.466  3.709  3.684  3.761  3.802  3.871  3.733  3.709  3.714  3.555  3.611  3.550  3.526  3.526
4.060  3.871  3.761  4.078  3.912  4.034  3.970  4.111  3.892  4.159  4.119  4.094  4.382  4.350  4.304  4.143  4.304  4.127  4.812  4.640  4.963  4.135  3.871  4.194  3.850  3.892  3.664  3.912  3.829  4.060  4.057  3.784  4.040  4.025  3.995  3.714  3.932  3.761  3.684  3.784  3.738  3.850
3.497  3.497  3.497  3.296  3.296  3.332  3.367  3.466  3.367  3.584  3.296  3.555  3.497  3.738  3.584  3.296  3.459  3.332  3.466  3.584  3.671  3.497  3.401  3.434  3.526  3.332  3.367  3.450  3.434  3.401  3.401  3.332  3.401  3.367  3.258  3.434  3.296  3.350  3.258  3.219  3.466  3.367
3.367  3.555  3.466  3.555  3.296  3.296  3.401  3.497  3.434  3.296  3.466  3.497  3.584  3.664  3.714  3.520  3.584  3.258  3.466  3.555  3.584  3.497  3.466  3.434  3.401  3.367  3.332  3.332  3.360  3.395  3.325  3.526  3.367  3.367  3.401  3.401  3.367  3.466  3.288  3.332  3.332  3.459
3.892  3.578  3.761  3.892  3.714  3.738  4.007  3.584  4.052  3.784  3.664  3.850  3.714  3.714  4.103  3.611  3.709  3.829  3.892  3.902  4.074  3.638  3.714  4.025  3.784  3.611  3.526  3.658  3.584  3.738  3.664  3.664  3.689  3.497  3.490  3.555  3.584  3.638  3.611  3.638  3.932  3.497
3.526  3.611  3.584  3.497  3.584  3.664  3.296  3.497  3.497  3.497  3.466  3.466  3.689  3.605  3.664  3.807  3.526  3.638  3.738  3.645  3.526  3.638  3.401  3.684  3.526  3.497  3.584  3.434  3.555  3.526  3.497  3.584  3.466  3.541  3.520  3.526  3.434  3.584  3.932  3.466  3.367  3.434
4.554  4.454  4.533  4.573  4.605  4.369  4.419  4.554  4.530  4.727  4.500  4.585  4.730  4.625  4.836  4.486  4.419  4.620  4.554  4.654  4.613  4.605  4.443  4.522  4.431  4.290  4.466  4.394  4.290  4.220  4.419  4.486  4.559  4.489  4.554  4.511  4.331  4.489  4.363  4.382  4.335  4.522
5.796  5.790  5.753  5.691  5.858  5.870  5.745  5.620  5.724  5.900  5.814  5.849  5.869  5.803  5.808  5.701  5.665  5.808  5.689  5.677  5.697  5.680  5.710  5.746  5.576  5.509  5.659  5.706  5.493  5.598  5.677  5.543  5.517  5.766  5.740  5.749  5.696  5.707  5.680  5.710  5.502  5.663
4.202  4.159  4.419  4.290  4.419  4.317  4.369  4.127  4.357  4.380  4.477  4.335  4.304  4.304  4.317  4.025  4.143  4.277  4.263  4.593  4.454  4.344  4.344  4.357  4.344  4.297  4.295  4.212  4.159  4.290  4.174  4.263  4.317  4.127  4.425  4.190  4.205  4.311  4.220  4.231  4.187  4.174
4.290  4.234  4.367  4.369  4.369  4.234  4.241  4.317  4.419  4.564  4.486  4.308  4.520  4.369  4.248  4.078  4.344  4.357  4.331  4.477  4.331  4.392  4.475  4.593  4.311  4.357  4.301  4.182  4.143  4.111  4.078  4.331  4.394  4.311  4.277  4.277  4.159  4.074  4.301  4.288  4.174  4.190
5.468  5.448  5.390  5.455  5.565  5.513  5.429  5.303  5.333  5.459  5.433  5.535  5.602  5.525  5.517  5.384  5.176  5.426  5.480  5.565  5.563  5.425  5.561  5.523  5.285  5.278  5.247  5.341  5.219  5.323  5.478  5.338  5.372  5.277  5.234  5.333  5.352  5.553  5.394  5.533  5.308  5.347
4.973  4.963  4.860  5.169  5.081  5.193  4.927  4.956  5.011  4.905  5.043  5.112  5.153  5.094  5.247  4.844  4.771  4.970  5.120  5.139  5.063  4.970  5.023  5.081  4.820  4.856  4.852  4.748  4.754  4.904  4.913  4.898  5.030  4.898  4.972  4.934  4.820  4.927  4.934  4.990  4.811  4.990
4.382  4.769  4.610  4.700  4.718  4.644  4.758  4.554  4.682  4.503  4.758  4.635  4.811  4.850  5.136  4.949  4.982  4.898  4.691  4.682  5.047  4.676  4.765  5.045  4.466  4.419  4.552  4.546  4.525  4.562  4.410  4.509  4.431  4.543  4.603  4.680  4.489  4.578  4.419  4.595  4.575  4.511
4.143  4.410  4.295  4.248  4.443  4.443  4.425  4.288  4.500  4.357  4.407  4.357  4.511  4.443  4.736  4.625  4.787  4.543  4.644  4.575  4.635  4.386  4.248  4.816  4.290  4.143  4.357  4.361  4.069  4.284  4.369  4.337  4.369  4.407  4.344  4.341  4.274  4.344  4.094  4.350  4.443  4.290
