4.883  4.727  4.893  4.919  4.820  4.977  5.003  4.909  4.956  5.118  4.905  5.043  4.860  4.736  4.875  4.783  4.812  4.820  4.887  4.898  5.037  4.942  4.881  4.949  4.819  4.687  4.644  4.663  4.802  4.819  4.762  4.820  4.779  4.879  4.710  4.771  4.827  4.699  4.794  4.710  4.745  4.762
3.761  3.738  3.709  3.738  3.784  4.025  3.807  3.780  3.689  3.829  3.664  3.784  3.892  3.738  3.871  3.938  3.761  3.761  3.932  3.871  4.060  3.947  3.802  3.689  3.750  3.658  3.584  3.664  3.671  3.701  3.807  3.721  3.761  3.773  3.951  3.671  3.726  3.664  3.761  3.738  3.738  3.795
5.976  5.802  5.844  5.775  5.866  6.006  5.916  5.901  5.785  6.127  6.098  6.004  5.996  6.011  5.846  5.914  5.652  5.793  5.911  5.783  5.899  5.756  5.826  5.854  5.572  5.647  5.613  5.762  5.366  5.565  5.926  5.667  5.707  5.738  5.826  5.793  5.781  5.733  5.756  5.737  5.617  5.687
5.081  4.984  4.920  4.890  5.034  4.963  4.905  4.820  4.970  5.115  5.159  4.990  5.030  4.913  5.021  4.868  4.875  4.975  5.030  4.836  5.030  4.963  4.898  4.949  4.671  4.762  4.745  4.762  4.687  4.718  4.913  4.736  4.883  4.858  4.870  4.963  4.956  4.754  4.913  4.883  4.691  4.745
4.060  4.127  4.159  4.174  4.205  4.078  3.970  3.970  4.127  4.234  4.143  4.143  4.190  4.205  4.317  4.007  4.148  4.205  4.220  4.078  4.263  4.143  4.094  4.043  4.078  3.998  4.066  3.871  3.932  4.052  4.025  3.951  4.143  3.989  4.111  4.111  4.074  4.111  4.111  3.871  4.043  4.143
3.892  3.970  3.970  3.932  3.807  4.043  4.078  3.989  4.078  3.989  4.060  4.007  4.025  3.912  4.263  3.932  3.824  3.932  4.007  4.060  4.007  4.078  3.892  3.989  3.871  3.947  4.022  4.043  3.761  3.970  3.871  4.094  3.912  3.802  3.951  3.932  3.928  3.784  3.912  3.807  3.967  3.829
4.234  4.256  4.143  4.078  4.094  4.007  4.143  4.060  4.227  4.281  4.190  4.246  4.290  4.263  4.344  4.025  4.190  4.174  4.315  4.263  4.317  4.159  4.174  4.205  4.078  3.989  4.025  3.989  4.060  4.025  4.091  4.227  4.290  3.989  4.143  4.248  4.127  4.267  4.007  4.127  4.016  4.127
4.344  4.382  4.304  4.335  4.246  4.317  4.331  4.234  4.263  4.520  4.205  4.363  4.382  4.344  4.522  4.248  4.304  4.308  4.317  4.357  4.382  4.341  4.315  4.486  4.111  4.043  4.304  4.143  4.094  4.174  4.304  4.205  4.220  4.205  4.290  4.290  4.317  4.367  4.205  4.127  4.253  4.328
5.323  5.056  5.178  5.293  5.247  5.288  5.121  5.159  5.142  5.156  5.288  5.278  5.389  5.259  5.361  5.153  5.273  5.204  5.323  5.416  5.219  5.165  5.069  5.193  5.074  5.030  5.120  5.108  4.875  4.934  4.990  4.951  5.017  5.081  5.183  5.115  4.949  5.265  5.172  4.977  5.011  5.108
4.331  4.382  4.446  4.585  4.489  4.367  4.419  4.382  4.394  4.190  4.304  4.477  4.562  4.500  4.575  4.357  4.449  4.522  4.644  4.605  4.554  4.500  4.369  4.615  4.321  4.127  4.248  4.220  4.159  4.263  4.357  4.284  4.382  4.394  4.317  4.466  4.394  4.263  4.331  4.341  4.369  4.392
4.638  4.557  4.649  4.590  4.570  4.598  4.585  4.369  4.610  4.691  4.677  4.590  4.758  4.644  4.769  4.454  4.673  4.509  4.712  4.745  4.727  4.676  4.635  4.625  4.443  4.554  4.575  4.369  4.367  4.331  4.454  4.489  4.443  4.625  4.630  4.585  4.691  4.590  4.454  4.500  4.533  4.489
5.412  5.226  5.273  5.416  5.340  5.214  5.004  5.165  5.231  5.293  5.318  5.389  5.407  5.288  5.425  5.176  5.129  5.236  5.338  5.463  5.461  5.242  5.228  5.318  5.187  5.318  5.176  5.069  5.130  5.043  5.112  5.153  5.268  5.215  5.371  5.291  5.099  5.242  5.109  5.170  5.231  5.231
4.388  4.174  4.466  4.328  4.419  4.284  4.369  4.392  4.419  4.331  4.392  4.288  4.573  4.533  4.585  4.205  4.290  4.331  4.443  4.477  4.564  4.344  4.220  4.394  4.234  4.143  4.143  4.007  4.043  4.159  4.220  4.277  4.234  4.277  4.290  4.205  4.263  4.174  4.094  4.159  4.111  4.190
3.912  3.951  3.951  4.025  3.970  3.892  3.970  4.007  4.025  4.007  3.807  3.970  4.248  4.094  4.190  3.951  4.060  3.871  3.985  4.159  4.159  4.060  3.995  4.078  3.970  4.140  3.892  3.871  4.004  3.932  4.043  3.970  3.932  3.850  4.007  3.970  4.108  3.970  3.932  3.829  3.947  3.932
4.673  4.762  4.745  4.756  4.682  4.554  4.734  4.787  4.673  4.760  4.700  4.700  4.938  4.796  4.745  4.533  4.691  4.710  4.673  4.796  4.718  4.673  4.771  4.727  4.625  4.564  4.500  4.635  4.317  4.554  4.696  4.443  4.762  4.694  4.708  4.522  4.605  4.625  4.647  4.575  4.500  4.605
4.174  4.234  4.284  4.179  4.277  4.234  4.348  4.182  4.234  4.407  4.357  4.220  4.458  4.477  4.419  4.220  4.308  4.304  4.143  4.277  4.344  4.220  4.331  4.407  4.078  4.190  4.234  4.094  4.159  4.331  4.290  4.344  4.248  4.174  4.290  4.234  4.246  4.248  4.205  4.328  4.108  4.111
4.174  4.074  4.331  4.394  4.443  4.187  4.382  4.311  4.248  4.431  4.205  4.331  4.573  4.190  4.419  4.078  4.341  4.407  4.533  4.543  4.452  4.328  4.290  4.454  4.394  4.382  4.091  4.159  4.007  4.234  4.043  4.419  4.331  4.263  4.443  4.277  4.205  4.290  4.331  4.143  4.248  4.317
4.771  4.543  4.633  4.754  4.783  4.640  4.736  4.613  4.600  4.625  4.505  4.745  4.868  4.852  4.824  4.536  4.533  4.630  4.754  4.741  4.771  4.573  4.630  4.700  4.394  4.440  4.407  4.466  4.446  4.304  4.520  4.554  4.754  4.595  4.635  4.635  4.633  4.779  4.682  4.615  4.554  4.615
4.431  4.407  4.304  4.363  4.324  4.500  4.263  4.511  4.234  4.543  4.407  4.431  4.500  4.454  4.605  4.246  4.431  4.344  4.469  4.549  4.533  4.443  4.454  4.410  4.220  4.217  4.190  4.190  4.234  4.290  4.419  4.331  4.288  4.277  4.290  4.369  4.304  4.407  4.331  4.205  4.248  4.331
4.043  3.802  3.867  4.007  3.850  3.807  3.676  3.871  3.892  3.850  4.007  3.998  4.116  3.970  4.143  3.898  3.967  3.871  4.025  4.159  4.025  3.970  3.892  3.932  3.970  3.761  3.867  3.871  3.714  3.689  3.784  3.846  3.970  3.761  3.850  3.922  3.824  3.912  3.807  4.078  3.761  3.877
3.892  3.738  3.784  3.871  3.714  3.733  3.850  3.738  3.689  3.839  3.689  3.829  3.951  3.807  3.932  3.850  3.912  3.829  4.094  3.989  3.846  3.970  3.850  3.871  3.689  3.784  3.738  3.784  3.784  3.555  3.829  3.970  3.951  3.829  3.957  3.714  3.761  3.829  3.714  3.506  3.761  3.850
4.103  4.290  4.205  4.304  4.301  4.205  4.205  4.277  4.234  4.344  4.127  4.317  4.260  4.407  4.419  4.304  4.190  4.304  4.443  4.248  4.187  4.234  4.331  4.277  4.263  4.205  4.205  4.344  4.159  4.171  4.094  4.190  4.248  4.248  4.431  4.205  4.234  4.234  4.132  4.074  4.094  3.932
