5.509  5.342  5.357  5.263  5.366  5.380  5.505  5.352  5.494  5.407  5.429  5.442  5.517  5.492  5.493  5.412  5.353  5.323  5.445  5.323  5.464  5.513  5.437  5.557  5.303  5.220  5.425  5.176  5.283  5.323  5.438  5.375  5.328  5.371  5.347  5.382  5.468  5.322  5.215  5.268  5.352  5.356
6.219  6.217  6.220  6.131  6.183  6.269  6.376  6.103  6.263  6.271  6.292  6.260  6.243  6.203  6.184  6.196  6.208  6.201  6.304  6.122  6.395  6.317  6.306  6.407  6.217  6.127  6.238  6.026  6.057  6.122  6.175  6.122  6.107  6.196  6.265  6.188  6.275  6.068  6.066  6.084  6.068  6.097
5.595  5.472  5.509  5.407  5.406  5.412  5.489  5.501  5.398  5.642  5.447  5.481  5.488  5.308  5.521  5.342  5.442  5.398  5.583  5.398  5.505  5.434  5.416  5.485  5.412  5.380  5.403  5.338  5.286  5.416  5.380  5.384  5.438  5.366  5.553  5.421  5.318  5.313  5.308  5.273  5.308  5.476
5.442  5.361  5.464  5.296  5.366  5.317  5.485  5.468  5.513  5.586  5.434  5.493  5.409  5.409  5.513  5.361  5.403  5.375  5.505  5.421  5.583  5.404  5.471  5.447  5.283  5.252  5.303  5.145  5.176  5.293  5.323  5.272  5.384  5.389  5.421  5.352  5.308  5.182  5.208  5.236  5.182  5.375
5.394  5.398  5.403  5.439  5.406  5.455  5.384  5.464  5.416  5.507  5.545  5.568  5.626  5.628  5.706  5.638  5.693  5.691  6.193  6.082  6.244  6.728  6.686  6.685  5.380  5.361  5.323  5.263  5.193  5.328  5.447  5.278  5.303  5.407  5.517  5.442  5.366  5.529  5.380  5.236  5.252  5.437
4.615  4.615  4.605  4.662  4.717  4.635  4.649  4.625  4.625  4.762  4.437  4.736  4.844  4.691  4.844  4.564  4.654  4.533  5.017  4.913  4.920  5.158  5.215  5.242  4.595  4.615  4.475  4.635  4.369  4.625  4.564  4.605  4.489  4.533  4.575  4.605  4.727  4.533  4.498  4.522  4.710  4.509
4.871  4.874  4.812  4.852  4.762  4.890  4.758  4.970  4.736  4.942  4.883  5.037  4.902  4.942  4.927  4.898  4.714  4.934  4.920  4.898  4.920  4.831  4.875  4.792  4.745  4.668  4.754  4.718  4.500  4.796  4.787  4.691  4.615  4.786  4.732  4.820  4.819  4.860  4.762  4.820  4.745  4.804
4.696  4.790  4.663  4.615  4.595  4.533  4.605  4.673  4.786  4.754  4.673  4.736  4.700  4.710  4.811  4.543  4.554  4.673  4.644  4.718  4.852  4.610  4.718  4.782  4.489  4.536  4.691  4.489  4.464  4.511  4.662  4.585  4.477  4.489  4.533  4.543  4.500  4.668  4.489  4.454  4.530  4.575
4.543  4.394  4.394  4.585  4.446  4.317  4.585  4.522  4.635  4.522  4.431  4.644  4.595  4.477  4.595  4.443  4.419  4.615  4.498  4.554  4.543  4.605  4.511  4.575  4.369  4.382  4.357  4.263  4.407  4.248  4.428  4.407  4.419  4.401  4.500  4.454  4.422  4.454  4.431  4.454  4.224  4.419
4.595  4.522  4.454  4.552  4.394  4.489  4.543  4.595  4.511  4.690  4.623  4.657  4.466  4.682  4.796  4.369  4.644  4.520  4.549  4.605  4.615  4.489  4.525  4.595  4.428  4.304  4.419  4.437  4.263  4.248  4.295  4.344  4.466  4.466  4.489  4.522  4.344  4.361  4.431  4.419  4.407  4.489
5.236  5.159  5.217  5.158  5.164  4.984  5.159  5.088  5.081  5.231  5.097  5.176  5.273  5.097  5.242  5.063  5.058  5.130  5.112  5.220  5.168  5.142  5.069  5.016  4.913  5.069  4.913  4.979  4.942  4.970  4.963  5.106  5.088  5.027  5.049  5.088  5.147  5.030  4.942  5.075  4.890  5.026
4.475  4.533  4.407  4.452  4.382  4.431  4.277  4.407  4.407  4.554  4.357  4.500  4.654  4.401  4.538  4.277  4.407  4.525  4.522  4.585  4.533  4.477  4.419  4.454  4.234  4.263  4.361  4.297  4.234  4.317  4.373  4.159  4.477  4.431  4.446  4.290  4.317  4.344  4.127  4.277  4.220  4.331
4.836  4.754  4.913  4.852  4.769  4.836  4.956  4.779  4.856  4.860  4.885  4.860  4.883  4.883  4.954  4.820  4.758  4.787  4.875  4.956  5.011  4.931  4.806  4.860  4.771  4.673  4.630  4.745  4.605  4.703  4.714  4.812  4.820  4.898  4.860  4.745  4.635  4.828  4.771  4.836  4.732  4.710
4.315  4.205  4.159  4.248  4.231  4.190  4.182  4.174  4.354  4.263  4.174  4.344  4.263  4.382  4.541  4.127  4.060  4.143  4.263  4.248  4.357  4.205  4.143  4.341  4.060  4.234  4.205  4.127  4.094  4.043  4.159  4.220  4.174  4.234  4.357  4.331  4.256  4.205  4.069  4.108  4.108  4.111
5.464  5.318  5.455  5.481  5.500  5.461  5.357  5.464  5.429  5.489  5.389  5.481  5.545  5.533  5.613  5.322  5.293  5.434  5.628  5.453  5.403  5.317  5.394  5.371  5.278  5.246  5.203  5.273  5.130  5.298  5.278  5.215  5.541  5.371  5.263  5.283  5.273  5.438  5.247  5.278  5.303  5.396
5.175  5.142  5.226  5.242  5.296  5.231  5.220  5.453  5.247  5.322  5.298  5.340  5.242  5.308  5.425  5.198  5.011  5.187  5.455  5.313  5.496  5.312  5.165  5.236  5.152  5.204  5.074  5.127  5.030  4.984  5.003  5.111  5.380  5.225  5.142  5.208  5.094  5.243  5.298  5.118  5.111  5.109
4.954  4.777  4.820  4.700  5.030  4.997  4.736  4.844  4.836  4.940  4.868  4.844  5.050  4.942  5.050  4.875  4.543  4.926  4.904  4.875  4.800  4.654  4.691  4.796  4.787  4.691  4.779  4.844  4.700  4.787  4.811  4.559  4.745  4.712  4.533  4.775  4.820  4.802  4.942  4.920  4.618  4.732
4.263  4.337  4.174  4.263  4.369  4.331  4.357  4.234  4.357  4.209  4.220  4.315  4.583  4.321  4.522  4.190  4.187  4.357  4.449  4.489  4.425  4.290  4.297  4.382  4.025  4.143  4.004  4.111  4.119  4.111  3.989  4.025  4.220  4.227  3.951  4.078  4.290  4.209  4.111  4.174  4.078  4.094
4.644  4.407  4.489  4.511  4.575  4.779  4.407  4.407  4.407  4.673  4.593  4.543  4.796  4.727  4.718  4.477  4.477  4.796  4.625  4.796  4.699  4.431  4.525  4.610  4.466  4.443  4.554  4.522  4.295  4.369  4.416  4.367  4.625  4.407  4.511  4.505  4.394  4.522  4.522  4.644  4.460  4.615
4.179  4.043  4.290  4.159  4.174  4.197  3.888  4.127  4.190  4.317  4.190  4.248  4.369  4.454  4.304  3.970  4.127  4.111  4.227  4.263  4.234  4.111  4.159  4.159  3.951  4.007  4.174  4.220  3.892  4.127  4.025  4.078  4.094  4.078  4.143  4.094  4.043  4.174  4.308  4.190  4.127  4.094
4.875  4.736  4.844  4.758  5.011  5.142  4.804  4.984  5.075  5.056  4.875  5.130  5.056  5.106  5.153  4.898  4.802  4.977  5.118  5.024  5.004  4.736  4.920  4.836  4.875  4.860  4.736  5.017  4.522  4.812  4.920  4.835  4.852  4.949  4.883  4.934  4.828  5.043  4.831  4.883  4.927  4.156
5.209  5.063  5.100  5.260  5.220  5.352  5.094  5.242  5.293  5.308  5.283  5.380  5.333  5.434  5.481  5.352  5.136  5.328  5.403  5.398  5.380  5.273  5.278  5.280  5.209  5.268  5.257  5.193  5.024  5.004  5.182  5.198  5.252  5.165  5.273  5.153  5.147  5.220  5.182  5.081  5.209  4.341
