4.827  4.668  4.608  4.522  4.644  4.771  4.615  4.727  4.696  4.745  4.710  4.671  4.820  4.708  4.879  4.745  4.382  4.673  4.682  4.727  4.808  4.585  4.615  4.718  4.691  4.575  4.659  4.500  4.248  4.440  4.613  4.700  4.625  4.682  4.575  4.700  4.635  4.633  4.663  4.516  4.434  4.615
5.260  5.099  5.029  4.919  5.069  5.124  5.209  5.094  5.142  5.354  5.142  5.218  5.209  5.106  5.193  5.136  4.762  5.069  4.970  5.242  5.192  5.094  5.165  5.182  5.075  5.050  5.081  4.997  4.898  5.061  4.942  4.984  5.050  5.124  4.970  5.024  5.050  4.947  5.056  5.042  4.913  5.088
5.097  4.812  4.890  4.690  4.771  4.949  4.787  4.796  4.933  5.024  4.952  4.990  4.927  4.804  4.986  4.920  4.804  4.745  5.043  4.890  4.963  4.820  4.779  4.852  4.595  4.736  4.812  4.605  4.595  4.762  4.839  4.644  4.828  4.875  4.913  4.844  4.836  4.779  4.844  4.771  4.777  4.718
4.673  4.277  4.585  4.522  4.541  4.635  4.522  4.625  4.509  4.691  4.475  4.477  4.543  4.344  4.585  4.477  4.419  4.304  4.595  4.522  4.585  4.585  4.564  4.419  4.260  4.234  4.382  4.111  4.290  4.425  4.588  4.443  4.511  4.394  4.543  4.331  4.431  4.382  4.394  4.234  4.472  4.428
4.710  4.663  4.700  4.522  4.812  4.937  4.893  4.905  4.875  4.905  4.654  4.883  4.787  4.663  4.808  4.644  4.317  4.477  4.883  4.745  4.924  4.787  4.736  4.644  4.710  4.852  4.779  4.812  4.564  4.727  4.682  4.585  4.710  4.796  4.804  4.828  4.843  4.554  4.533  4.654  4.635  4.844
3.807  3.664  3.932  3.807  3.638  3.761  3.761  3.912  3.829  3.829  3.807  3.871  4.094  3.970  3.871  3.784  3.829  3.664  3.928  3.989  3.850  3.850  3.638  3.761  3.761  3.638  3.807  3.605  3.738  3.664  3.829  3.714  3.738  3.784  3.738  4.060  3.784  3.611  3.807  3.807  3.784  3.784
4.954  4.787  4.942  4.844  4.820  4.868  4.898  4.868  5.056  4.984  4.927  5.187  5.043  5.009  5.139  4.916  4.820  4.963  5.050  4.956  5.009  4.862  5.024  4.898  4.896  4.977  4.860  4.883  4.718  4.808  4.848  4.905  4.787  4.852  4.771  4.977  4.970  4.990  4.984  4.868  4.905  4.905
4.954  4.779  4.954  4.934  4.915  4.949  4.766  4.934  4.890  5.136  4.890  5.036  4.963  4.979  4.977  4.920  4.796  4.883  5.050  4.977  4.970  5.034  4.844  4.920  4.852  4.736  4.820  4.690  4.416  4.710  4.860  4.883  4.934  4.736  4.875  4.796  4.868  4.905  4.977  4.727  4.868  4.956
7.536  7.193  7.420  7.136  7.434  7.461  7.395  7.442  7.478  7.623  7.478  7.543  7.533  7.438  7.466  7.371  7.230  7.368  7.582  7.424  7.381  7.303  7.244  7.247  7.465  7.499  7.341  7.403  7.156  7.246  7.345  7.274  7.429  7.477  7.428  7.374  7.347  7.461  7.401  7.385  7.399  7.451
5.287  5.130  5.176  5.264  5.231  5.268  5.225  5.263  5.263  5.257  5.365  5.384  5.281  5.260  5.333  5.081  5.140  5.193  5.236  5.296  5.236  5.178  5.112  5.094  5.153  5.146  5.017  5.069  5.032  4.949  5.043  5.004  5.209  4.927  5.081  5.176  5.099  5.147  5.063  4.979  4.997  5.100
5.004  4.902  5.004  4.718  4.990  5.069  5.043  5.063  5.003  5.030  4.875  5.063  5.056  5.142  5.086  5.030  4.913  5.030  5.130  5.027  5.043  4.999  4.970  5.037  4.949  4.934  4.890  4.852  4.762  4.927  4.920  4.904  4.875  4.905  5.056  4.879  4.949  4.956  4.868  4.915  4.850  4.987
4.913  4.920  4.896  4.787  4.924  4.905  4.883  4.887  4.905  4.949  4.745  5.004  4.968  4.934  4.989  4.796  4.877  4.802  4.942  4.994  4.913  5.030  4.942  5.004  4.990  4.766  4.812  4.745  4.663  4.754  4.890  4.942  4.839  4.883  4.754  4.828  4.927  4.820  4.796  4.850  4.771  4.820
5.948  5.730  5.829  5.759  5.829  5.830  5.714  5.765  5.817  5.898  5.781  5.894  6.176  5.855  6.009  5.642  5.820  5.811  5.871  5.873  5.961  5.727  5.743  5.832  5.649  5.825  5.638  5.525  5.541  5.501  5.529  5.541  5.781  5.704  5.776  5.741  5.613  5.580  5.684  5.583  5.628  5.699
5.523  5.513  5.438  5.505  5.416  5.354  5.509  5.368  5.549  5.489  5.442  5.521  5.587  5.489  5.743  5.361  5.631  5.417  5.416  5.541  5.684  5.537  5.521  5.697  5.384  5.352  5.273  5.037  5.142  5.375  5.303  5.301  5.373  5.442  5.434  5.455  5.236  5.069  5.242  5.165  5.288  5.235
5.149  5.004  5.208  5.252  5.259  5.204  5.011  5.069  5.112  5.313  5.162  5.264  5.323  5.168  5.318  5.029  4.875  5.142  5.170  5.165  5.118  5.021  5.052  4.934  5.050  5.043  4.970  4.986  4.844  4.894  4.775  4.990  5.193  5.063  4.933  5.112  4.927  5.112  5.153  5.043  4.975  5.094
5.040  4.990  4.913  5.011  5.004  4.956  5.037  4.977  4.934  5.075  5.176  5.043  5.231  5.155  5.533  5.204  5.170  5.204  5.204  5.069  5.280  5.124  4.920  4.963  4.942  4.820  4.762  4.644  4.585  4.682  4.811  5.037  4.986  5.004  5.099  4.913  4.868  5.050  4.927  4.779  4.927  4.836
4.997  4.890  4.919  5.100  5.094  5.078  4.804  4.963  4.997  5.088  4.970  5.147  5.047  4.977  5.226  4.934  4.714  5.159  5.130  5.187  5.004  4.860  4.802  4.828  4.836  4.779  4.811  4.868  4.554  4.754  4.745  4.777  5.024  4.989  4.942  4.779  4.883  5.088  5.011  5.009  4.832  4.940
4.156  4.094  4.060  4.025  4.143  4.328  3.928  4.167  4.143  4.248  4.143  4.078  4.277  4.263  4.357  4.094  4.159  3.989  4.419  4.159  4.263  4.159  4.025  4.190  3.989  4.171  3.908  4.143  3.967  4.094  3.951  3.989  4.060  4.043  4.094  4.159  4.040  4.043  4.060  4.043  4.111  4.043
5.470  5.384  5.390  5.468  5.509  5.537  5.429  5.476  5.537  5.407  5.525  5.585  5.525  5.558  5.573  5.481  5.361  5.541  5.690  5.513  5.507  5.209  5.347  5.384  5.398  5.434  5.318  5.382  5.283  5.217  5.347  5.298  5.366  5.387  5.308  5.268  5.398  5.278  5.231  5.308  5.298  5.380
4.234  4.394  4.248  4.477  4.511  4.382  4.431  4.344  4.477  4.516  4.522  4.585  4.691  4.500  4.583  4.500  4.554  4.443  4.654  4.522  4.635  4.652  4.615  4.682  4.443  4.458  4.466  4.458  4.311  4.248  4.419  4.454  4.416  4.419  4.460  4.489  4.477  4.392  4.394  4.440  4.410  4.277
5.371  5.259  5.412  5.371  5.403  5.493  5.298  5.288  5.365  5.464  5.541  5.342  5.407  5.394  5.460  5.252  5.257  5.273  5.412  5.293  5.429  5.380  5.247  5.347  5.254  5.142  5.215  5.201  4.970  5.159  5.159  5.193  5.318  5.317  5.412  5.416  5.170  5.293  5.325  5.135  5.193  5.347
4.382  4.190  4.477  4.486  4.159  4.407  4.344  4.369  4.357  4.369  4.394  4.454  4.449  4.407  4.623  4.277  4.428  4.335  4.443  4.489  4.511  4.419  4.227  4.509  4.382  4.382  4.277  4.151  3.985  4.220  4.220  4.205  4.290  4.331  4.431  4.331  4.363  4.290  4.234  4.263  4.301  4.234
