4.094  4.143  4.078  3.967  4.007  4.111  4.074  4.078  4.043  4.361  3.951  4.099  4.290  4.022  4.127  4.111  4.151  4.060  4.094  4.060  4.197  4.127  4.159  4.025  3.892  3.951  4.007  3.807  3.784  4.043  3.888  4.007  3.970  3.908  4.043  4.078  3.932  3.733  3.892  3.892  3.989  3.970
4.354  4.190  4.344  4.331  4.159  4.317  4.357  4.290  4.248  4.311  4.174  4.472  4.331  4.248  4.407  4.290  4.174  4.248  4.331  4.317  4.434  4.290  4.220  4.392  4.248  3.989  4.212  4.111  4.140  4.234  4.140  4.277  4.304  4.205  4.248  4.328  4.317  4.159  3.989  4.281  4.143  4.217
5.666  5.405  5.513  5.561  5.455  5.582  5.478  5.482  5.505  5.690  5.690  5.513  5.633  5.533  5.654  5.455  5.384  5.481  5.497  5.447  5.666  5.434  5.561  5.525  5.398  5.384  5.313  5.421  5.267  5.268  5.476  5.323  5.380  5.521  5.493  5.529  5.541  5.583  5.631  5.360  5.397  5.460
5.347  5.220  5.198  5.351  5.371  5.466  5.327  5.318  5.533  5.527  5.412  5.468  5.422  5.313  5.513  5.278  5.322  5.124  5.507  5.481  5.588  5.295  5.306  5.328  5.398  5.442  5.226  5.024  4.997  5.215  5.126  5.270  5.273  5.380  5.340  5.332  5.273  5.142  5.192  5.050  5.414  5.298
4.394  4.174  4.357  4.317  4.260  4.277  4.190  4.404  4.174  4.573  4.078  4.522  4.511  4.489  4.585  4.394  4.159  4.369  4.522  4.500  4.500  4.304  4.357  4.344  4.253  4.277  4.317  4.277  3.976  4.127  4.025  4.094  4.248  4.344  4.274  4.288  4.277  4.357  4.124  4.078  4.205  4.263
4.007  3.951  3.938  4.022  3.951  3.850  3.912  3.807  3.989  4.127  3.850  4.127  4.159  4.025  4.248  3.850  3.942  4.025  4.143  4.304  4.248  4.078  3.989  4.078  4.025  3.912  3.932  3.912  3.989  3.761  3.761  3.932  4.094  3.951  3.932  4.060  3.912  3.892  3.784  3.761  3.738  3.928
4.315  4.220  4.111  4.304  4.174  4.270  4.428  4.220  4.205  4.449  4.431  4.331  4.533  4.263  4.277  4.217  4.060  4.127  4.382  4.344  4.382  4.301  4.190  4.367  4.111  4.127  4.267  4.025  4.034  4.174  4.022  4.174  4.111  4.205  4.171  4.190  4.148  4.094  4.143  4.174  3.932  4.124
5.126  5.037  4.927  5.032  5.024  5.097  5.158  5.056  5.100  5.247  5.203  5.100  5.136  5.037  5.262  5.063  5.011  4.972  5.088  5.075  5.303  5.108  5.050  5.209  4.883  4.990  4.975  4.990  4.804  4.934  5.106  5.056  4.997  5.024  5.165  5.117  5.099  4.949  5.011  4.942  4.990  5.011
3.928  3.829  4.043  4.159  4.043  3.877  3.871  3.912  3.922  4.174  3.761  4.025  4.234  4.078  4.060  3.912  3.871  3.829  3.892  3.871  4.007  3.951  3.784  3.892  3.942  3.951  3.829  3.807  3.689  3.689  3.850  3.912  3.912  3.951  3.784  3.807  3.839  3.850  3.871  3.664  3.807  3.932
4.398  4.234  4.190  4.231  4.174  4.060  4.156  4.156  4.277  4.234  4.234  4.369  4.431  4.277  4.290  4.248  4.277  4.234  4.174  4.331  4.394  4.159  4.074  4.304  4.040  4.256  4.043  3.951  4.025  4.174  4.091  4.143  4.025  4.234  4.111  4.190  4.094  4.231  4.078  4.078  4.111  4.187
3.555  3.497  3.664  3.466  3.512  3.401  3.584  3.490  3.584  3.632  3.497  3.526  3.611  3.714  3.714  3.555  3.497  3.332  3.434  3.638  3.664  3.638  3.555  3.738  3.605  3.466  3.526  3.564  3.520  3.520  3.550  3.689  3.401  3.434  3.541  3.535  3.434  3.332  3.434  3.444  3.332  3.490
3.526  3.638  3.578  3.611  3.526  3.584  3.526  3.689  3.466  3.611  3.401  3.714  3.689  3.676  3.738  3.434  3.434  3.584  3.526  3.689  3.689  3.497  3.459  3.714  3.541  3.466  3.526  3.434  3.638  3.526  3.332  3.597  3.761  3.689  3.773  3.689  3.395  3.466  3.367  3.459  3.584  3.401
4.673  4.736  4.615  4.700  4.736  4.509  4.680  4.533  4.564  4.754  4.585  4.792  4.898  4.754  4.956  4.644  4.673  4.511  4.883  4.836  4.905  4.736  4.605  4.662  4.654  4.718  4.554  4.477  4.407  4.369  4.635  4.734  4.644  4.625  4.652  4.745  4.754  4.663  4.522  4.452  4.635  4.654
3.892  3.932  3.807  3.850  3.892  3.892  3.638  3.871  3.892  4.034  3.738  3.970  3.892  3.850  4.111  3.638  4.057  3.638  3.951  4.025  3.871  3.807  3.970  3.980  4.025  3.714  3.892  3.738  3.807  3.846  3.714  4.016  3.773  3.892  3.957  3.784  3.664  3.714  3.726  3.684  3.871  3.850
5.374  4.736  4.860  5.105  5.004  4.820  4.699  4.796  4.942  4.890  4.942  4.836  4.890  4.920  5.050  4.828  4.754  5.037  5.050  5.414  4.868  4.879  4.734  4.836  5.099  4.771  4.779  4.812  4.832  4.860  4.811  4.769  4.970  4.771  5.004  4.682  4.654  4.638  4.779  5.043  4.696  4.705
6.397  6.129  6.213  6.199  6.258  6.236  6.218  6.174  6.319  6.415  6.377  6.321  6.535  6.354  6.380  6.226  6.165  6.217  6.271  6.297  6.209  6.023  6.195  6.176  6.128  6.281  6.301  6.196  6.279  6.223  6.173  6.087  6.091  6.288  6.324  6.317  6.248  6.324  6.187  6.277  6.168  6.192
4.564  4.554  4.554  4.543  4.583  4.700  4.559  4.511  4.533  4.718  4.580  4.682  4.804  4.766  4.700  4.503  4.554  4.718  4.815  4.595  4.796  4.635  4.554  4.615  4.489  4.564  4.446  4.543  4.220  4.500  4.357  4.407  4.477  4.727  4.644  4.673  4.477  4.516  4.543  4.431  4.394  4.500
4.127  3.970  4.060  4.174  4.007  4.078  3.932  3.989  3.989  4.103  4.043  4.111  4.263  4.304  4.140  3.985  4.007  4.004  4.060  4.159  4.369  4.111  4.060  4.043  4.060  3.970  4.057  4.060  3.932  3.932  4.031  4.078  4.108  4.143  4.212  4.040  4.060  3.970  4.016  3.932  4.025  4.132
4.990  4.644  4.771  4.820  4.754  4.779  4.682  4.773  4.804  4.836  4.726  4.850  4.956  4.836  4.844  4.762  4.754  4.804  4.905  5.024  4.875  4.868  4.663  4.804  4.644  4.727  4.657  4.663  4.570  4.564  4.673  4.654  4.898  4.866  4.916  4.741  4.710  4.723  4.856  4.820  4.754  4.864
4.691  4.492  4.615  4.630  4.585  4.615  4.543  4.796  4.595  4.573  4.718  4.603  4.796  4.663  4.771  4.522  4.575  4.625  4.691  4.804  4.682  4.511  4.422  4.559  4.583  4.700  4.367  4.357  4.331  4.443  4.331  4.520  4.585  4.680  4.595  4.682  4.466  4.520  4.644  4.615  4.357  4.663
3.664  3.664  3.664  3.709  3.784  3.611  3.526  3.714  3.689  3.611  3.738  3.689  3.784  3.850  3.912  3.689  3.689  3.611  3.867  3.829  3.638  3.638  3.611  3.750  3.738  3.584  3.664  3.434  3.490  3.497  3.638  3.638  3.738  3.671  3.761  3.466  3.401  3.738  3.401  3.497  3.555  3.555
3.611  3.526  3.611  3.434  3.709  3.497  3.466  3.784  3.497  3.638  3.721  3.466  3.932  3.871  3.738  3.664  3.555  3.733  3.784  3.689  3.709  3.555  3.584  3.784  3.466  3.611  3.709  3.584  3.738  3.555  3.584  3.611  3.638  3.570  3.584  3.584  3.584  3.555  3.638  3.520  3.434  3.367
