5.328  5.016  5.176  5.063  5.259  5.360  5.236  5.209  5.236  5.288  5.185  5.278  5.264  5.178  5.303  5.088  5.181  5.158  5.165  5.220  5.318  5.115  5.281  5.094  5.030  5.024  5.004  5.147  5.024  5.030  5.094  4.942  4.927  5.209  5.142  5.176  5.193  5.242  5.293  5.182  5.147  5.088
4.220  4.043  4.078  4.116  4.148  4.094  4.277  4.078  4.025  4.111  3.824  4.119  4.263  4.205  4.143  4.043  4.078  3.912  4.190  4.111  4.108  4.256  4.174  4.143  3.867  3.829  4.060  3.892  3.871  4.007  3.970  3.951  3.947  3.850  4.004  4.043  3.932  4.025  4.060  3.892  4.043  4.043
5.499  5.327  5.218  5.256  5.244  5.384  5.509  5.395  5.384  5.572  5.434  5.489  5.338  5.324  5.533  5.293  5.303  5.263  5.407  5.298  5.541  5.347  5.273  5.384  5.291  5.106  5.242  5.187  5.063  5.162  5.347  5.193  5.147  5.186  5.342  5.313  5.375  5.262  5.278  5.112  5.030  5.193
5.190  4.956  5.215  5.207  5.088  5.130  5.142  5.121  5.165  5.283  5.236  5.176  5.069  5.043  5.293  4.927  5.030  4.920  5.183  5.185  5.181  5.117  5.006  5.182  4.944  4.844  4.896  4.820  4.745  4.804  4.963  5.013  5.050  4.997  5.100  4.938  4.881  4.970  5.100  4.875  4.920  5.140
4.828  4.575  4.620  4.615  4.578  4.564  4.633  4.615  4.691  4.758  4.699  4.743  4.625  4.662  4.800  4.836  4.419  4.703  4.644  4.723  4.723  4.615  4.700  4.615  4.564  4.673  4.585  4.363  4.284  4.382  4.466  4.559  4.554  4.625  4.431  4.489  4.562  4.486  4.419  4.554  4.466  4.673
4.382  4.205  4.143  4.394  4.357  4.217  4.357  4.331  4.174  4.469  4.260  4.419  4.477  4.554  4.605  4.431  4.354  4.317  4.263  4.369  4.527  4.344  4.369  4.274  4.078  4.060  4.290  4.127  4.086  4.174  4.094  4.174  4.217  4.159  4.369  4.167  4.263  4.143  4.174  4.007  4.108  4.159
5.112  4.979  5.050  4.926  5.135  4.929  4.954  4.970  4.860  5.077  5.063  5.158  5.050  5.091  5.011  4.890  4.844  5.011  4.984  4.920  4.909  4.963  4.942  4.997  4.794  4.727  4.783  4.804  4.533  4.700  4.913  4.874  4.992  4.894  4.898  4.942  4.718  4.890  4.820  4.907  4.663  4.913
5.481  5.394  5.513  5.394  5.352  5.298  5.328  5.342  5.412  5.468  5.468  5.476  5.333  5.377  5.481  5.394  5.323  5.371  5.398  5.407  5.451  5.352  5.398  5.497  5.099  5.124  5.242  5.182  5.117  5.011  5.375  5.318  5.421  5.231  5.303  5.361  5.252  5.287  5.257  5.112  5.112  5.283
5.908  5.625  5.976  6.115  5.986  5.914  5.730  5.905  5.924  5.908  5.875  5.997  5.989  5.874  6.045  5.729  5.697  5.684  5.993  6.116  5.900  5.762  5.684  5.796  5.706  5.670  5.620  5.606  5.069  5.352  5.609  5.710  5.823  5.762  5.716  5.694  5.743  5.969  5.790  5.808  5.858  5.844
5.989  5.659  5.948  6.080  5.924  5.960  5.883  5.925  5.894  5.914  5.925  5.976  6.021  5.905  6.161  5.705  5.778  5.777  6.078  6.082  6.019  5.866  5.739  5.894  5.858  5.817  5.727  5.697  5.050  5.485  5.628  5.720  5.951  5.841  5.908  5.886  5.717  6.052  5.908  5.787  5.866  5.938
4.727  4.685  4.844  4.654  4.673  4.736  4.615  4.890  4.718  4.963  4.710  4.883  4.836  4.836  4.836  4.787  4.615  4.762  4.894  4.913  4.883  4.913  4.745  4.956  4.533  4.477  4.615  4.595  4.263  4.787  4.635  4.682  4.779  4.633  4.700  4.654  4.717  4.754  4.635  4.595  4.682  4.500
5.011  4.762  5.081  4.883  4.762  5.024  4.927  4.844  4.973  5.142  5.100  5.118  4.984  4.949  5.130  4.823  4.796  5.081  5.094  5.094  5.017  5.050  4.890  5.037  4.691  4.718  4.765  4.777  4.522  4.933  4.710  4.844  4.977  4.828  4.745  4.787  4.860  4.913  4.820  4.836  4.852  4.708
6.605  6.320  6.525  6.545  6.566  6.568  6.399  6.478  6.425  6.645  6.568  6.558  6.564  6.480  6.612  6.439  6.346  6.607  6.581  6.579  6.538  6.332  6.356  6.472  6.334  6.240  6.409  6.314  6.125  6.339  6.400  6.265  6.447  6.405  6.402  6.439  6.386  6.535  6.458  6.468  6.397  6.409
4.927  4.927  4.875  5.043  4.919  4.952  5.004  4.819  4.934  5.024  4.984  4.963  5.075  4.999  5.159  4.905  4.875  5.004  5.017  5.024  5.043  4.951  4.931  5.088  4.890  4.734  4.898  4.890  4.726  4.762  4.796  4.745  5.004  4.970  4.942  4.989  4.820  4.913  4.858  4.875  4.836  4.868
5.124  5.024  5.130  5.109  5.088  5.158  5.050  5.140  4.990  5.257  5.112  5.187  5.347  5.045  5.198  4.990  5.024  5.039  5.112  5.313  5.088  5.100  5.198  5.115  5.004  4.905  5.047  5.030  4.868  4.804  5.049  5.043  5.136  5.066  5.063  5.024  5.004  5.159  5.203  5.042  4.997  5.042
5.193  5.030  5.147  5.136  5.212  5.081  5.252  5.100  5.257  5.318  5.293  5.298  5.293  5.211  5.333  5.094  5.268  5.030  5.145  5.363  5.275  5.136  5.130  5.241  5.063  5.158  5.124  5.056  5.106  5.059  5.136  5.088  5.176  5.173  5.242  5.193  5.118  5.242  5.172  5.069  5.081  5.212
6.625  6.423  6.553  6.663  6.598  6.603  6.418  6.435  6.450  6.612  6.554  6.567  6.594  6.565  6.809  6.409  6.420  6.551  6.542  6.562  6.526  6.465  6.363  6.459  6.378  6.254  6.227  6.290  6.091  6.182  6.286  6.491  6.452  6.425  6.407  6.400  6.280  6.669  6.681  6.471  6.299  6.388
6.491  6.377  6.375  6.574  6.454  6.471  6.395  6.326  6.412  6.572  6.555  6.438  6.623  6.446  6.723  6.400  6.408  6.409  6.555  6.400  6.554  6.400  6.372  6.456  6.310  6.146  6.297  6.201  6.058  6.143  6.216  6.465  6.380  6.407  6.419  6.426  6.382  6.644  6.562  6.349  6.278  6.323
4.696  4.454  4.466  4.489  4.511  4.673  4.357  4.585  4.509  4.570  4.625  4.511  4.663  4.682  4.671  4.394  4.472  4.585  4.615  4.680  4.644  4.525  4.585  4.635  4.382  4.691  4.489  4.466  4.301  4.331  4.511  4.311  4.477  4.710  4.464  4.464  4.416  4.466  4.554  4.522  4.454  4.454
4.078  4.094  3.912  4.025  3.928  4.007  3.951  4.111  4.025  3.970  3.871  4.060  4.205  4.234  4.277  4.190  4.007  3.780  4.159  4.043  4.111  4.060  3.912  4.234  3.714  3.989  4.060  3.947  3.970  3.829  3.932  3.980  4.031  4.074  3.932  3.892  3.912  3.970  4.043  3.829  3.738  4.060
5.252  4.997  5.106  5.176  5.050  5.112  5.063  5.159  5.030  5.215  5.081  5.187  5.130  5.242  5.252  5.053  4.919  5.273  5.231  5.283  5.166  5.081  5.043  5.394  4.942  5.037  5.017  4.836  4.718  4.913  5.017  4.844  4.898  4.996  5.030  5.050  4.940  4.984  5.049  4.898  5.024  4.963
5.063  4.844  4.990  5.093  4.990  4.984  4.796  4.875  4.949  4.927  4.970  4.970  5.043  5.024  5.088  4.844  4.844  4.905  4.905  5.063  5.088  4.963  4.852  4.994  4.942  4.920  4.852  4.736  4.673  4.754  4.787  4.762  4.874  4.984  5.027  4.920  4.860  4.804  4.898  4.635  4.762  4.919
