5.497  5.796  5.056  4.970  5.455  5.737  5.911  5.425  5.700  5.561  5.549  5.576  5.793  5.568  5.694  5.688  5.652  5.645  5.687  5.357  5.864  5.854  5.673  5.900  5.366  5.352  5.513  5.472  5.409  5.347  5.447  5.511  5.204  5.517  5.666  5.614  5.844  5.303  5.371  5.412  5.036  5.386
3.947  3.824  3.714  3.850  3.689  3.850  3.761  3.761  3.807  3.912  3.638  3.738  4.108  3.877  4.060  3.784  3.757  3.850  3.850  3.951  4.143  3.932  3.850  3.932  3.709  3.714  3.738  3.784  3.714  3.632  3.738  3.664  3.689  3.638  3.664  3.784  3.902  3.676  3.664  3.829  3.689  4.205
7.203  7.131  7.143  7.099  7.173  7.191  7.235  7.192  7.289  7.286  7.128  7.286  7.272  7.174  7.214  7.196  7.019  7.185  7.369  7.078  7.214  7.168  7.123  7.067  7.304  7.338  7.165  7.136  7.117  7.262  7.097  7.066  7.132  7.332  7.345  7.205  7.157  7.124  6.983  7.201  7.175  7.351
6.293  6.277  6.194  6.196  6.346  6.370  6.465  6.275  6.486  6.455  6.330  6.531  6.465  6.356  6.494  6.429  6.221  6.286  6.512  6.118  6.471  6.382  6.324  6.261  6.405  6.507  6.389  6.221  6.278  6.413  6.187  6.244  6.217  6.483  6.550  6.421  6.428  6.148  6.115  6.252  6.229  6.385
7.491  7.440  7.335  7.044  7.393  7.378  7.487  7.373  7.571  7.632  7.576  7.564  7.626  7.561  7.514  7.518  7.356  7.518  7.556  7.208  7.353  7.365  7.454  7.396  7.402  7.454  7.505  7.444  7.321  7.573  7.439  7.256  7.155  7.508  7.543  7.490  7.450  7.390  7.351  7.449  7.232  7.418
5.940  6.127  5.651  5.421  5.927  5.855  6.103  5.889  6.035  6.186  6.194  6.080  6.223  6.094  6.144  6.100  5.822  5.875  6.057  5.649  5.894  5.981  6.161  6.073  5.897  5.930  6.100  5.841  5.967  6.167  6.054  5.632  5.485  6.011  6.028  5.973  5.897  5.746  5.708  5.820  5.661  5.837
6.355  6.059  6.194  5.924  6.394  6.308  6.059  6.107  6.168  6.330  6.108  6.217  6.168  6.195  6.188  6.165  5.914  6.323  6.152  6.091  6.050  6.031  6.171  6.109  6.017  6.034  6.288  6.142  5.883  6.066  6.111  5.812  5.828  6.107  6.038  6.184  6.161  6.263  6.094  6.211  5.924  6.125
4.317  4.386  4.466  4.205  4.575  4.344  4.500  4.248  4.562  4.443  4.187  4.419  4.477  4.541  4.578  4.317  4.248  4.290  4.317  4.357  4.382  4.407  4.533  4.443  4.124  4.382  4.234  4.369  4.127  4.277  4.317  4.052  4.277  4.443  4.344  4.446  4.585  4.288  3.932  4.394  4.094  4.331
7.741  7.538  7.519  7.472  7.640  7.633  7.538  7.584  7.609  7.721  7.712  7.730  7.694  7.629  7.630  7.595  7.369  7.692  7.628  7.509  7.470  7.493  7.502  7.512  7.431  7.560  7.564  7.648  7.413  7.466  7.589  7.305  7.447  7.537  7.477  7.510  7.594  7.633  7.580  7.639  7.442  7.581
5.787  5.673  5.549  5.460  5.841  5.788  5.666  5.645  5.670  5.927  5.991  5.892  5.901  5.914  5.814  5.682  5.263  5.670  5.707  5.595  5.464  5.569  5.694  5.591  5.525  5.613  5.690  5.740  5.402  5.589  5.680  5.136  5.397  5.613  5.421  5.493  5.602  5.624  5.672  5.686  5.485  5.485
6.511  6.246  6.425  6.221  6.507  6.489  6.458  6.378  6.485  6.494  6.448  6.515  6.542  6.382  6.537  6.332  6.148  6.449  6.428  6.254  6.259  6.275  6.286  6.340  6.192  6.261  6.417  6.352  6.201  6.205  6.218  6.094  6.223  6.349  6.230  6.310  6.378  6.286  6.203  6.398  6.144  6.387
4.331  4.357  4.382  4.304  4.454  4.394  4.554  4.248  4.431  4.533  4.428  4.477  4.522  4.505  4.564  4.304  4.394  4.248  4.522  4.443  4.382  4.344  4.404  4.585  4.419  4.380  4.220  4.274  4.263  4.217  4.373  4.159  4.344  4.357  4.317  4.301  4.595  4.171  4.094  4.205  4.060  4.304
5.412  5.193  5.366  4.564  5.346  5.434  5.056  5.346  5.490  5.247  4.944  5.357  5.572  5.497  5.454  5.308  4.982  5.460  5.613  5.388  5.247  5.242  5.361  5.231  5.136  5.236  5.298  5.298  4.875  5.263  5.257  4.885  5.234  5.252  5.263  5.367  5.252  5.236  5.056  5.303  5.176  5.277
4.745  4.635  4.543  4.290  4.691  4.745  4.644  4.663  4.854  4.659  4.419  4.743  5.069  5.058  4.994  4.682  4.454  4.804  4.816  4.741  4.875  4.673  4.804  4.790  4.585  4.552  4.595  4.644  4.369  4.771  4.682  4.440  4.615  4.625  4.498  4.712  4.812  4.486  4.407  4.635  4.425  4.615
6.941  6.531  6.802  6.720  6.845  6.877  6.631  6.790  6.750  6.811  6.746  6.788  6.920  6.783  6.915  6.733  6.512  6.828  6.927  6.809  6.612  6.431  6.578  6.574  6.691  6.770  6.583  6.727  6.365  6.505  6.625  6.282  6.631  6.744  6.592  6.698  6.560  6.789  6.726  6.757  6.681  6.775
4.431  4.538  4.263  4.248  4.543  4.341  4.111  4.398  4.344  4.554  4.382  4.419  4.500  4.543  4.419  4.344  4.111  4.234  4.443  4.419  4.431  4.277  4.407  4.466  4.238  4.331  4.060  4.060  4.220  3.932  4.277  3.932  4.043  4.361  4.277  4.209  4.094  4.394  4.060  4.103  4.205  4.315
6.368  6.217  6.312  6.095  6.277  6.324  6.188  6.252  6.318  6.337  6.248  6.288  6.394  6.263  6.313  6.131  6.078  6.324  6.268  6.238  6.113  6.059  6.159  6.240  6.207  6.314  6.199  6.180  6.129  6.151  6.071  5.971  6.184  6.165  6.230  6.223  6.234  6.235  6.131  6.344  6.101  6.257
5.624  5.759  5.565  5.479  5.645  5.638  5.555  5.640  5.676  5.727  5.817  5.697  5.879  5.687  5.777  5.587  5.451  5.670  5.706  5.553  5.553  5.613  5.670  5.635  5.513  5.635  5.602  5.445  5.529  5.540  5.561  5.425  5.529  5.461  5.574  5.630  5.521  5.513  5.562  5.533  5.393  5.505
6.770  6.436  6.463  6.390  6.569  6.572  6.332  6.477  6.537  6.546  6.488  6.605  6.758  6.636  6.565  6.444  6.385  6.617  6.601  6.542  6.385  6.435  6.495  6.509  6.525  6.702  6.557  6.528  6.443  6.319  6.467  6.229  6.429  6.571  6.483  6.515  6.515  6.486  6.486  6.564  6.436  6.553
5.517  5.394  5.252  5.321  5.389  5.349  5.300  5.262  5.347  5.460  5.293  5.460  5.649  5.449  5.429  5.130  5.389  5.494  5.407  5.429  5.451  5.332  5.457  5.402  5.318  5.463  5.338  5.323  5.209  5.147  5.338  5.024  5.203  5.293  5.252  5.361  5.347  5.193  5.293  5.263  5.088  5.342
5.288  5.126  5.204  5.242  5.370  5.323  5.176  5.193  5.308  5.328  5.235  5.403  5.397  5.394  5.481  5.251  5.159  5.231  5.373  5.298  5.178  5.204  5.056  5.130  5.347  5.247  5.206  5.170  5.075  5.069  5.130  4.990  5.118  5.268  5.226  5.155  5.187  5.204  5.093  5.231  5.236  5.311
3.932  3.784  3.951  3.970  4.060  3.829  3.892  3.850  4.043  3.951  3.784  4.159  4.182  4.127  4.190  3.846  3.951  3.967  4.156  4.317  4.094  3.888  3.912  4.043  3.892  4.016  4.007  3.871  3.664  3.780  3.807  4.127  4.040  3.970  3.970  4.007  3.850  3.784  3.780  3.784  3.824  3.818
