5.981  5.662  5.897  5.969  5.938  5.841  5.843  5.945  5.955  6.105  5.937  6.059  5.934  5.784  5.946  5.606  5.717  5.756  6.045  6.013  5.832  5.796  5.680  5.717  5.730  5.696  5.639  5.665  5.384  5.517  5.576  5.591  5.929  5.781  5.844  5.776  5.775  5.941  5.849  5.705  5.791  5.876
6.937  6.500  6.850  6.783  6.810  6.922  6.827  6.876  6.879  7.090  6.917  6.924  6.868  6.768  6.774  6.729  6.690  6.729  6.972  6.841  6.926  6.718  6.569  6.494  6.921  6.872  6.548  6.744  6.321  6.482  6.507  6.673  6.786  6.963  6.888  6.788  6.698  6.846  6.813  6.675  6.749  6.847
4.963  5.053  4.883  4.890  4.949  4.890  5.161  5.003  5.017  5.030  4.997  4.942  5.024  4.920  4.994  4.940  4.956  4.800  4.965  4.904  5.215  5.099  5.112  5.211  4.860  4.832  4.922  4.762  4.913  4.913  5.147  4.890  4.875  4.977  5.026  5.011  5.037  4.868  4.762  4.745  4.875  4.890
4.635  4.431  4.615  4.543  4.500  4.700  4.726  4.554  4.710  4.625  4.605  4.771  4.595  4.564  4.700  4.580  4.796  4.357  4.605  4.710  4.913  4.625  4.598  4.554  4.625  4.615  4.413  4.263  4.394  4.533  4.425  4.605  4.419  4.635  4.649  4.585  4.657  4.505  4.443  4.428  4.644  4.489
4.431  4.321  4.354  4.277  4.331  4.248  4.277  4.392  4.369  4.554  4.290  4.431  4.533  4.644  4.511  4.394  4.190  4.357  4.382  4.477  4.419  4.220  4.357  4.331  4.111  4.277  4.274  4.143  4.127  4.344  4.290  4.290  4.190  4.331  4.304  4.380  4.369  4.394  5.338  4.151  4.331  4.241
4.522  4.419  4.575  4.248  4.297  4.483  4.328  4.440  4.419  4.533  4.190  4.511  4.585  4.511  4.477  4.373  4.331  4.443  4.466  4.344  4.564  4.317  4.331  4.443  4.304  4.263  4.407  4.344  4.277  4.220  4.304  4.234  4.344  4.317  4.466  4.369  4.369  4.500  4.394  4.317  4.078  4.419
4.331  4.094  4.277  4.248  4.143  4.159  4.159  4.256  4.127  4.407  4.220  4.290  4.446  4.369  4.443  4.357  4.108  4.331  4.224  4.394  4.369  4.083  4.308  4.190  4.111  4.111  4.127  3.951  3.951  4.234  4.220  4.143  3.951  4.060  4.159  4.127  4.078  4.190  5.219  4.094  3.951  4.127
4.787  4.734  4.691  4.595  4.625  4.575  4.585  4.682  4.736  4.771  4.394  4.745  4.970  4.654  4.779  4.668  4.615  4.583  4.736  4.727  4.718  4.595  4.595  4.652  4.543  4.500  4.533  4.605  4.159  4.394  4.443  4.477  4.464  4.552  4.595  4.522  4.710  4.522  4.605  4.477  4.489  4.625
4.466  4.500  4.511  4.562  4.503  4.466  4.472  4.543  4.382  4.615  4.533  4.554  4.654  4.573  4.762  4.554  4.248  4.543  4.549  4.625  4.605  4.477  4.570  4.625  4.489  4.369  4.357  4.190  4.263  4.290  4.522  4.315  4.394  4.290  4.388  4.477  4.315  4.367  4.477  4.328  4.407  4.357
5.153  5.030  5.112  5.030  4.975  5.231  5.078  5.037  5.066  5.140  5.056  5.173  5.075  5.118  5.169  5.268  5.001  5.058  4.963  5.088  5.251  4.942  4.956  5.011  4.852  4.913  4.820  4.812  4.745  4.828  5.118  4.804  4.990  4.852  4.905  5.050  5.017  4.909  4.929  4.905  4.812  4.986
4.443  4.500  4.407  4.527  4.500  4.367  4.615  4.466  4.464  4.605  4.331  4.640  4.623  4.543  4.567  4.564  4.654  4.277  4.644  4.820  4.700  4.668  4.431  4.533  4.575  4.315  4.369  4.174  4.263  4.301  4.443  4.443  4.431  4.578  4.644  4.431  4.522  4.270  4.290  4.354  4.267  4.466
4.754  4.820  4.676  4.748  4.564  4.734  4.717  4.699  4.673  4.718  4.654  4.796  4.699  4.654  4.662  4.736  4.717  4.623  4.820  5.011  4.949  4.690  4.654  4.787  4.700  4.663  4.745  4.489  4.477  4.511  4.533  4.644  4.620  4.595  4.625  4.779  4.575  4.407  4.466  4.585  4.573  4.575
3.638  3.611  3.745  3.497  3.434  3.497  3.541  3.611  3.611  3.584  3.367  3.638  3.714  3.497  3.738  3.664  3.497  3.611  3.750  3.689  3.784  3.597  3.466  3.584  3.611  3.401  3.466  3.367  3.434  3.526  3.497  3.434  3.584  3.490  3.526  3.497  3.584  3.497  3.632  3.401  3.434  3.632
3.709  3.555  3.490  3.684  3.632  3.611  3.506  3.550  3.584  3.638  3.219  3.664  3.780  3.434  3.689  3.684  3.664  3.761  3.645  3.780  3.714  3.584  3.611  3.611  3.664  3.632  3.466  3.555  3.466  3.696  3.526  3.490  3.664  3.466  3.550  3.526  3.497  3.434  3.332  3.401  3.555  3.584
4.234  4.317  4.234  4.220  4.127  4.174  4.227  4.151  4.382  4.297  4.205  4.386  4.159  4.220  4.357  4.111  4.094  3.989  4.270  4.369  4.209  4.078  4.060  4.205  4.078  4.060  4.007  3.970  3.871  4.025  4.040  4.094  4.060  3.970  4.116  4.124  3.970  4.007  3.951  4.043  3.951  4.043
4.043  3.922  3.989  4.043  4.103  3.932  4.111  3.912  4.007  4.034  4.078  4.143  4.094  3.989  4.159  3.912  4.004  3.932  4.148  4.220  4.217  3.871  3.970  3.912  3.922  3.951  3.829  3.912  3.761  3.932  3.882  3.892  3.932  3.989  4.025  3.761  3.784  3.932  3.932  3.807  3.918  4.007
4.909  4.926  4.920  4.875  4.705  4.796  4.802  4.800  4.836  5.075  4.877  4.827  4.963  4.970  4.852  4.836  4.673  4.828  4.787  4.828  4.949  4.745  4.836  4.942  4.787  4.585  4.710  4.654  4.489  4.710  4.796  4.580  4.331  4.671  4.635  4.662  4.573  4.730  4.804  4.726  4.419  4.779
4.671  4.543  4.559  4.595  4.530  4.466  4.522  4.585  4.543  4.796  4.578  4.673  4.808  4.682  4.794  4.615  4.404  4.498  4.564  4.640  4.644  4.564  4.583  4.754  4.541  4.554  4.369  4.419  4.260  4.357  4.554  4.376  4.246  4.407  4.369  4.509  4.376  4.317  4.543  4.570  4.290  4.431
4.382  4.277  4.234  4.394  4.288  4.220  4.277  4.202  4.220  4.382  4.231  4.270  4.431  4.248  4.304  4.304  4.190  4.241  4.290  4.475  4.304  4.304  4.317  4.263  4.078  4.094  4.143  3.892  4.060  3.951  4.174  4.111  4.205  4.253  4.060  4.317  4.127  4.212  4.159  4.194  4.143  4.111
4.949  4.796  4.848  4.989  4.832  4.718  4.718  4.874  4.585  4.994  4.875  4.890  4.890  4.827  5.011  4.734  4.718  4.804  4.868  4.984  4.812  4.844  4.682  4.663  4.615  4.543  4.522  4.608  4.475  4.446  4.844  4.769  4.858  4.647  4.762  4.682  4.585  4.893  4.727  4.673  4.687  4.836
4.668  4.625  4.745  4.977  4.691  4.860  4.710  4.745  4.796  4.868  4.754  4.779  4.913  4.682  4.907  4.644  4.745  4.673  4.898  4.904  4.956  4.787  4.745  4.860  4.630  4.477  4.554  4.543  4.522  4.477  4.575  4.644  4.727  4.745  4.804  4.690  4.654  4.663  4.500  4.564  4.773  4.583
5.056  5.013  5.081  5.136  5.112  5.056  4.890  5.127  5.059  5.257  5.056  5.030  5.198  5.130  5.349  4.949  5.043  5.094  5.242  5.236  5.236  5.147  5.069  5.187  4.902  4.787  4.934  4.890  4.806  4.898  5.004  4.919  5.209  5.024  5.050  5.153  5.017  4.860  4.937  4.961  5.152  4.990
