5.398  5.165  5.298  5.231  5.250  5.389  5.352  5.328  5.460  5.412  5.272  5.429  5.351  5.187  5.318  5.179  5.247  5.308  5.566  5.308  5.278  5.204  5.263  5.039  5.423  5.403  5.288  5.283  5.170  5.242  5.069  5.170  5.257  5.273  5.338  5.198  5.298  5.197  5.118  5.187  5.170  5.260
4.205  4.159  4.127  4.167  4.174  4.357  4.263  4.190  4.341  4.466  4.159  4.369  4.304  4.357  4.407  4.174  4.234  4.143  4.217  4.277  4.419  4.290  4.143  4.127  4.297  4.127  4.290  4.277  4.227  4.043  3.967  4.025  4.234  4.227  4.277  4.156  4.357  3.951  4.094  4.025  4.094  4.174
5.198  5.075  5.100  5.030  5.096  5.360  5.140  5.165  5.037  5.235  5.328  5.260  5.288  5.267  5.328  5.176  5.037  5.124  5.242  5.106  5.267  5.153  5.209  5.017  5.037  5.024  5.017  5.106  4.920  5.130  5.166  5.024  4.977  5.088  5.043  5.176  5.182  5.006  4.956  4.997  5.050  4.958
4.585  4.431  4.376  4.159  4.373  4.452  4.543  4.367  4.472  4.630  4.562  4.527  4.673  4.533  4.754  4.554  4.431  4.407  4.394  4.344  4.585  4.489  4.500  4.489  4.443  4.472  4.489  4.394  4.301  4.522  4.477  4.369  4.290  4.595  4.516  4.511  4.562  4.458  4.234  4.317  4.419  4.382
5.345  5.303  5.315  5.198  5.421  5.366  5.333  5.380  5.398  5.412  5.352  5.380  5.416  5.384  5.493  5.333  5.198  5.303  5.440  5.293  5.400  5.247  5.313  5.236  5.193  5.352  5.235  5.198  5.017  5.196  5.263  5.112  5.187  5.273  5.220  5.236  5.278  5.263  5.293  5.416  5.268  5.251
3.850  4.007  3.761  3.807  3.738  3.871  3.951  3.967  3.951  4.094  3.738  3.989  4.060  4.004  4.078  3.947  3.871  3.807  3.985  3.947  4.159  3.967  3.912  3.892  3.761  3.807  3.970  3.784  3.761  3.970  3.784  3.738  3.829  3.761  3.584  3.807  3.829  3.850  3.611  3.611  3.611  3.689
5.247  5.094  5.288  5.226  5.244  5.182  5.142  5.308  5.307  5.352  5.165  5.152  5.357  5.297  5.352  5.130  5.187  5.375  5.303  5.182  5.203  5.204  5.247  5.236  5.318  5.215  5.183  5.037  4.949  5.030  5.223  5.135  5.203  5.298  5.288  5.262  5.176  5.277  5.278  5.081  4.942  5.347
5.407  5.278  5.323  5.340  5.308  5.236  5.429  5.398  5.361  5.579  5.545  5.306  5.569  5.576  5.568  5.384  5.251  5.252  5.541  5.366  5.464  5.352  5.313  5.463  5.247  5.257  5.308  5.267  5.114  5.136  5.308  5.278  5.288  5.357  5.347  5.317  5.324  5.361  5.328  5.323  5.078  5.293
5.663  5.420  5.587  5.521  5.652  5.609  5.597  5.659  5.602  5.760  5.624  5.763  5.670  5.588  5.602  5.541  5.435  5.628  5.636  5.573  5.539  5.513  5.481  5.455  5.521  5.542  5.493  5.455  5.375  5.472  5.529  5.533  5.609  5.606  5.561  5.493  5.541  5.457  5.442  5.485  5.447  5.517
5.009  4.898  4.699  4.804  4.949  4.691  4.940  5.011  5.039  5.050  4.905  4.963  4.979  4.997  5.052  4.852  4.934  4.811  4.916  4.820  4.947  4.907  4.796  4.844  4.913  4.905  4.717  4.820  4.787  4.700  4.890  4.786  4.927  4.945  5.063  4.836  4.898  4.794  4.796  4.787  4.766  4.868
5.375  5.050  5.278  5.288  5.278  5.394  5.303  5.308  5.342  5.489  5.249  5.395  5.333  5.374  5.278  5.231  5.081  5.182  5.361  5.236  5.321  5.252  5.132  5.187  5.118  5.231  5.146  5.215  4.990  5.142  5.124  5.143  5.226  5.204  5.193  5.198  5.209  5.283  5.147  5.176  5.159  5.293
4.498  4.263  4.234  4.419  4.331  4.533  4.503  4.363  4.464  4.703  4.419  4.516  4.454  4.369  4.595  4.477  4.477  4.317  4.564  4.511  4.443  4.357  4.388  4.503  4.407  4.454  4.248  4.248  4.357  4.357  4.234  4.331  4.190  4.394  4.419  4.344  4.205  4.220  4.124  4.174  4.234  4.263
6.165  5.948  6.039  6.014  5.950  6.021  5.994  6.094  6.080  6.178  6.071  6.151  6.157  6.130  6.151  6.114  6.091  6.111  6.186  6.159  6.290  5.999  6.045  6.028  5.986  6.040  6.003  6.105  5.945  5.998  6.016  5.932  5.961  6.163  5.988  6.054  6.114  6.034  6.028  6.023  5.872  6.011
5.717  5.561  5.640  5.635  5.572  5.587  5.620  5.628  5.662  5.802  5.694  5.744  5.714  5.649  5.720  5.572  5.663  5.609  5.709  5.728  5.817  5.684  5.553  5.651  5.539  5.566  5.569  5.565  5.447  5.464  5.549  5.485  5.620  5.616  5.613  5.631  5.617  5.712  5.577  5.680  5.489  5.687
5.607  5.421  5.587  5.453  5.617  5.548  5.442  5.501  5.497  5.602  5.527  5.600  5.690  5.545  5.727  5.416  5.225  5.606  5.614  5.586  5.377  5.208  5.447  5.425  5.318  5.472  5.438  5.451  5.239  5.384  5.361  5.215  5.455  5.521  5.366  5.407  5.438  5.527  5.371  5.505  5.318  5.452
4.708  4.663  4.605  4.623  4.644  4.552  4.585  4.564  4.779  4.827  4.554  4.673  4.920  4.727  4.942  4.663  4.552  4.533  4.741  4.760  4.598  4.663  4.575  4.745  4.454  4.700  4.543  4.498  4.454  4.431  4.593  4.413  4.654  4.654  4.618  4.615  4.564  4.543  4.673  4.533  4.554  4.500
4.942  4.699  4.920  4.844  4.913  4.913  4.890  5.024  5.063  5.165  4.942  5.004  5.118  5.011  5.056  4.868  4.890  4.927  4.977  4.949  4.836  4.875  4.756  4.762  4.898  4.990  4.673  4.956  4.730  4.734  4.690  4.718  4.868  4.949  4.852  4.934  4.913  4.920  4.802  4.984  4.820  4.977
3.624  3.526  3.757  3.526  3.714  3.714  3.584  3.555  3.829  3.714  3.584  3.497  3.871  3.892  3.784  3.526  3.611  3.555  3.738  4.031  3.714  3.714  3.526  3.738  3.611  3.658  3.664  3.638  3.520  3.555  3.584  3.611  3.584  3.434  3.584  3.526  3.466  3.555  3.578  3.611  3.401  3.490
5.606  5.455  5.565  5.517  5.525  5.537  5.330  5.455  5.338  5.489  5.525  5.533  5.517  5.365  5.505  5.308  5.346  5.545  5.398  5.463  5.403  5.429  5.444  5.513  5.303  5.317  5.308  5.318  5.105  5.140  5.313  5.173  5.428  5.425  5.361  5.412  5.425  5.313  5.412  5.361  5.181  5.513
5.670  5.537  5.511  5.540  5.609  5.537  5.445  5.447  5.434  5.677  5.594  5.595  5.545  5.525  5.609  5.412  5.342  5.697  5.533  5.609  5.620  5.609  5.463  5.652  5.156  5.288  5.380  5.190  5.268  5.159  5.313  5.175  5.398  5.373  5.398  5.580  5.365  5.380  5.451  5.442  5.236  5.421
5.606  5.515  5.573  5.624  5.649  5.739  5.638  5.684  5.740  5.692  5.591  5.685  5.670  5.621  5.771  5.533  5.561  5.670  5.680  5.733  5.680  5.619  5.533  5.606  5.565  5.553  5.476  5.617  5.407  5.442  5.485  5.412  5.613  5.714  5.684  5.655  5.553  5.604  5.513  5.598  5.556  5.669
4.762  4.449  4.633  4.673  4.700  4.691  4.522  4.585  4.564  4.682  4.559  4.783  4.754  4.652  4.812  4.419  4.585  4.575  4.673  4.745  4.787  4.575  4.575  4.585  4.431  4.585  4.511  4.443  4.304  4.398  4.398  4.522  4.644  4.477  4.745  4.533  4.615  4.573  4.635  4.525  4.443  4.477
