5.887  5.727  5.074  5.344  5.442  5.817  5.976  5.204  5.960  5.994  6.096  5.785  5.442  5.746  5.738  5.752  5.651  5.809  5.114  5.278  5.587  5.777  5.746  6.021  5.623  5.344  4.958  5.406  5.088  5.207  5.259  5.724  5.307  5.680  5.805  5.634  6.099  5.701  5.434  5.694  4.773  5.682
4.284  4.290  3.807  3.784  4.007  4.321  4.376  3.951  4.331  4.301  4.644  4.231  3.989  4.472  4.202  4.376  4.220  4.209  3.658  4.007  4.227  4.431  4.382  4.595  4.043  4.007  3.584  3.861  3.761  3.867  3.709  4.111  3.784  3.970  4.127  4.190  4.522  3.995  3.989  4.069  3.497  4.043
5.451  5.311  5.418  5.328  5.349  5.472  5.529  5.391  5.490  5.666  5.200  5.565  5.576  5.418  5.465  5.263  5.220  5.242  5.583  5.347  5.273  5.298  5.153  5.204  5.257  5.352  5.333  5.170  4.920  5.203  5.236  5.153  5.347  5.434  5.380  5.384  5.242  5.371  5.186  5.234  5.197  5.517
3.951  3.928  3.951  3.850  4.016  3.989  3.932  4.127  4.156  4.143  3.970  4.111  4.025  4.022  4.220  3.951  3.850  3.892  4.060  4.007  4.078  3.970  3.871  3.829  3.912  3.951  3.871  3.947  3.932  3.951  3.912  3.784  3.829  4.007  4.007  4.086  3.912  3.784  3.829  3.961  3.824  3.989
6.546  7.019  7.093  6.704  7.124  7.188  6.878  7.108  7.018  7.191  7.017  7.116  7.203  7.185  7.151  7.081  6.711  7.185  7.082  7.027  6.903  6.887  7.066  6.985  6.895  6.941  6.952  7.099  6.599  6.811  6.958  6.734  6.892  6.951  6.905  6.933  7.014  7.119  6.963  7.165  6.835  6.987
4.690  4.900  4.927  4.503  4.977  5.011  4.860  4.913  4.890  4.963  4.949  4.977  5.146  5.117  5.091  4.942  4.870  4.836  4.959  4.862  4.890  5.043  5.069  4.956  4.736  4.700  4.762  4.745  4.500  4.663  4.779  4.727  4.836  4.796  4.710  4.937  4.875  4.990  4.927  4.890  4.800  4.700
7.317  7.136  7.107  6.894  7.224  7.287  7.136  7.145  7.202  7.214  7.295  7.271  7.383  7.311  7.285  7.189  6.844  7.293  7.220  7.072  7.070  7.084  7.143  7.071  6.992  7.126  7.134  7.198  6.613  6.948  7.110  6.742  6.852  7.072  7.043  7.064  7.149  7.027  6.879  7.163  6.909  7.047
5.595  5.755  5.375  5.268  5.579  5.719  5.557  5.513  5.673  5.576  5.700  5.587  5.812  5.796  5.724  5.596  5.337  5.756  5.631  5.333  5.594  5.527  5.849  5.775  5.330  5.587  5.548  5.513  4.970  5.298  5.460  5.161  5.252  5.438  5.389  5.665  5.489  5.323  5.118  5.442  5.100  5.293
7.576  7.286  7.479  7.570  7.621  7.619  7.372  7.516  7.447  7.594  7.568  7.627  7.635  7.560  7.647  7.420  7.175  7.478  7.671  7.466  7.409  7.233  7.349  7.312  7.510  7.497  7.380  7.381  7.136  7.070  7.312  7.128  7.463  7.412  7.294  7.358  7.316  7.488  7.363  7.304  7.296  7.296
6.011  5.974  5.855  5.984  6.035  6.061  6.051  6.005  6.162  6.120  6.122  6.089  6.246  6.011  6.269  5.976  5.796  5.955  6.207  5.958  6.112  5.956  6.140  6.089  5.964  6.021  5.946  5.819  5.666  5.730  5.799  5.700  5.878  6.011  5.986  6.091  5.999  5.787  5.796  5.730  5.756  5.733
6.967  6.597  6.757  6.685  6.818  6.770  6.573  6.705  6.704  6.842  6.809  6.878  6.930  6.775  6.824  6.650  6.513  6.838  6.876  6.825  6.570  6.531  6.686  6.551  6.676  6.838  6.594  6.657  6.515  6.439  6.516  6.328  6.601  6.674  6.491  6.555  6.521  6.616  6.532  6.413  6.214  6.378
5.704  5.485  5.577  5.521  5.720  5.631  5.447  5.649  5.666  5.778  5.771  5.724  5.900  5.724  5.916  5.578  5.415  5.704  5.753  5.572  5.576  5.501  5.572  5.533  5.606  5.775  5.460  5.496  5.208  5.231  5.328  5.063  5.118  5.457  5.434  5.497  5.318  5.481  5.442  5.218  5.241  5.242
7.290  7.102  7.195  7.261  7.293  7.309  7.151  7.274  7.244  7.301  7.240  7.348  7.306  7.236  7.323  7.135  6.923  7.252  7.317  7.244  7.151  7.044  7.069  7.149  7.233  7.240  7.160  7.130  6.964  7.046  7.065  7.022  7.203  7.242  7.231  7.182  7.176  7.294  7.109  7.215  7.166  7.218
5.743  5.687  5.717  5.855  5.783  5.811  5.793  5.657  5.812  5.984  5.707  5.981  5.944  5.974  6.017  5.707  5.485  5.638  6.016  5.760  5.858  5.724  5.638  5.697  5.872  5.839  5.624  5.557  5.476  5.505  5.595  5.583  5.634  5.852  5.727  5.765  5.670  5.649  5.609  5.572  5.647  5.790
7.245  6.995  7.036  6.760  7.213  7.242  7.074  7.098  7.166  7.193  7.117  7.200  7.182  7.098  7.299  6.973  6.846  7.161  7.204  6.997  7.021  6.918  6.932  6.829  6.950  6.958  6.901  6.941  6.654  6.744  6.799  6.774  7.017  7.116  6.921  7.064  6.999  7.102  7.011  7.088  6.834  7.063
5.897  5.811  5.624  5.476  5.798  5.911  5.814  5.704  5.929  5.920  5.846  5.946  6.028  5.927  6.098  5.762  5.737  5.883  5.901  5.628  5.832  5.849  5.922  5.889  5.723  5.580  5.638  5.533  5.521  5.541  5.613  5.587  5.699  5.799  5.753  5.838  5.918  5.802  5.633  5.771  5.507  5.817
7.351  7.184  7.226  7.251  7.315  7.305  7.159  7.212  7.261  7.315  7.274  7.350  7.380  7.240  7.337  7.205  7.067  7.321  7.365  7.282  7.208  7.160  7.226  7.247  7.163  7.307  7.140  7.165  7.041  7.125  7.204  7.064  7.234  7.333  7.236  7.239  7.274  7.225  7.178  7.278  7.080  7.283
5.497  5.527  5.313  5.347  5.464  5.553  5.455  5.497  5.553  5.562  5.560  5.562  5.598  5.549  5.576  5.394  5.501  5.472  5.600  5.447  5.481  5.493  5.429  5.560  5.100  5.429  5.405  5.201  5.061  5.293  5.328  5.204  5.136  5.476  5.465  5.371  5.328  5.283  5.175  5.211  5.203  5.366
6.540  6.381  6.370  6.295  6.515  6.466  6.269  6.394  6.540  6.558  6.551  6.478  6.560  6.554  6.593  6.410  6.265  6.521  6.471  6.414  6.314  6.292  6.447  6.447  6.290  6.211  6.317  6.418  6.091  6.183  6.356  6.059  6.256  6.394  6.250  6.395  6.297  6.405  6.372  6.483  6.175  6.335
4.875  4.994  4.844  4.754  5.049  4.823  5.016  4.896  5.130  5.165  5.037  4.913  5.114  5.176  5.220  4.848  4.875  4.963  4.965  4.862  5.147  5.056  5.124  5.170  4.804  4.840  5.094  4.828  4.511  4.771  4.852  4.605  4.927  4.868  4.963  4.970  4.913  4.927  4.862  4.828  4.820  4.760
6.340  5.908  6.225  6.038  6.260  6.201  5.910  6.243  6.192  6.370  6.351  6.293  6.330  6.288  6.217  6.011  5.897  6.353  6.317  6.288  6.023  5.852  6.140  6.057  5.969  6.161  6.116  6.221  5.764  5.844  5.912  5.677  6.127  6.087  5.974  6.091  6.059  6.317  6.163  6.139  5.932  6.323
4.956  4.663  4.864  4.691  4.771  4.812  4.382  4.812  4.942  5.004  4.990  4.820  4.984  5.023  4.984  4.710  4.575  4.905  4.866  4.860  4.663  4.673  4.804  4.754  4.605  4.745  4.787  4.718  4.234  4.543  4.454  4.190  4.710  4.663  4.543  4.754  4.564  4.875  4.714  4.511  4.585  4.736
