4.331  4.159  3.989  3.970  3.989  4.007  4.127  4.205  4.151  4.248  4.197  4.143  4.419  4.174  4.304  4.143  4.190  3.970  4.127  4.260  4.466  4.174  4.111  4.248  4.025  3.912  4.007  3.932  4.043  4.094  4.159  4.140  4.043  4.174  4.277  4.111  4.143  3.932  4.025  3.951  3.932  4.025
4.344  4.248  4.290  4.288  4.248  4.159  4.392  4.344  4.394  4.413  4.263  4.321  4.331  4.407  4.394  4.477  4.234  4.277  4.248  4.344  4.570  4.317  4.270  4.304  4.205  4.231  4.205  4.231  4.043  4.187  4.290  4.304  4.234  4.124  4.331  4.190  4.256  4.083  4.135  4.331  4.263  4.190
4.317  4.407  4.270  4.159  4.111  4.304  4.277  4.174  4.304  4.220  4.407  4.419  4.331  4.143  4.394  4.344  4.234  4.143  4.263  4.361  4.357  4.260  4.263  4.344  4.127  4.094  4.159  4.143  4.094  4.190  4.357  4.205  4.127  4.060  4.174  4.156  4.277  4.108  4.174  4.060  4.060  4.159
3.733  3.784  3.689  3.714  3.709  3.555  3.738  3.802  3.714  3.871  3.584  3.912  3.951  4.007  3.989  3.807  3.932  3.807  3.989  3.892  3.761  3.757  3.761  3.714  3.584  3.867  3.738  3.638  3.459  3.664  3.638  3.761  3.761  3.807  3.738  3.738  3.738  3.638  3.689  3.611  3.611  3.664
4.148  4.171  4.022  4.043  4.194  4.025  4.156  4.052  4.108  4.174  4.060  4.094  4.331  4.190  4.263  4.317  4.190  4.220  4.127  4.238  4.263  4.094  4.143  4.205  3.970  4.043  4.043  4.060  4.043  4.078  4.174  4.127  4.007  4.078  4.057  4.078  4.094  3.871  3.912  3.970  3.951  3.932
3.795  3.555  3.664  3.584  3.584  3.611  3.664  3.689  3.638  3.689  3.466  3.497  3.912  3.951  3.807  3.638  3.550  3.638  3.761  3.846  3.738  3.664  3.611  3.784  3.638  3.526  3.584  3.584  3.459  3.497  3.605  3.638  3.807  3.497  3.664  3.526  3.784  3.526  3.658  3.584  3.466  3.638
4.209  4.190  4.344  4.248  4.205  4.040  4.246  4.324  4.263  4.190  4.248  4.290  4.263  4.127  4.369  4.111  4.357  4.111  4.234  4.331  4.277  4.190  4.148  4.234  4.127  3.989  4.111  4.220  3.970  3.951  4.140  4.202  4.277  4.140  4.202  4.094  4.078  4.159  4.119  4.043  4.025  4.094
3.871  3.892  3.912  3.888  3.892  3.846  3.932  4.108  3.807  4.007  3.850  4.078  4.007  3.989  3.912  3.807  3.871  4.007  4.094  3.989  3.989  4.111  3.839  4.007  3.850  3.970  3.824  3.867  3.761  3.829  3.829  3.784  4.091  3.807  3.846  3.928  3.784  3.802  3.784  3.714  3.918  3.892
5.332  5.247  5.142  5.078  5.173  4.977  5.118  5.118  5.196  5.425  5.321  5.317  5.263  5.231  5.212  5.050  5.152  5.204  5.263  5.142  5.165  5.278  5.176  5.187  4.905  4.984  5.140  5.030  4.977  5.081  5.176  5.081  4.812  5.004  5.059  5.099  5.106  5.072  5.193  5.017  4.944  5.117
5.759  5.598  5.645  5.500  5.570  5.568  5.694  5.561  5.521  5.901  5.864  5.810  5.743  5.606  5.687  5.545  5.545  5.572  5.631  5.666  5.628  5.517  5.696  5.710  5.311  5.454  5.478  5.485  5.338  5.509  5.628  5.416  5.357  5.483  5.561  5.557  5.595  5.611  5.645  5.541  5.333  5.565
4.541  4.369  4.460  4.466  4.522  4.483  4.454  4.407  4.509  4.595  4.454  4.673  4.554  4.603  4.516  4.404  4.369  4.575  4.575  4.431  4.382  4.466  4.489  4.477  4.394  4.304  4.486  4.304  4.220  4.394  4.337  4.464  4.431  4.357  4.477  4.416  4.315  4.331  4.369  4.394  4.297  4.443
4.452  4.543  4.466  4.407  4.536  4.509  4.486  4.520  4.530  4.564  4.522  4.662  4.575  4.454  4.635  4.466  4.564  4.673  4.564  4.593  4.663  4.431  4.522  4.533  4.369  4.573  4.489  4.431  4.419  4.486  4.541  4.477  4.489  4.466  4.522  4.509  4.564  4.382  4.344  4.500  4.367  4.500
4.007  3.871  3.829  3.871  3.892  3.970  3.658  3.807  3.871  3.976  3.714  3.802  4.108  4.007  4.111  3.605  3.757  3.912  4.043  3.871  3.970  3.839  3.829  4.004  3.738  3.714  3.761  3.684  3.689  3.611  3.611  3.892  3.824  3.829  3.784  3.714  3.555  3.611  3.664  3.784  3.714  3.892
3.951  3.912  3.932  4.060  4.078  4.007  3.951  3.892  3.989  4.022  3.970  4.108  4.060  4.078  4.060  3.951  3.807  3.912  4.159  4.094  4.127  4.048  3.912  4.060  4.060  3.932  3.932  3.892  3.611  3.689  3.829  4.007  4.060  3.989  4.094  3.951  3.871  3.967  3.938  3.784  3.839  3.871
4.407  4.263  4.344  4.290  4.317  4.248  4.025  4.241  3.970  4.357  4.234  4.382  4.357  4.224  4.483  4.083  4.263  4.331  4.231  4.477  4.407  4.159  4.174  4.174  4.060  4.007  3.850  4.025  3.824  3.947  4.078  4.220  4.263  4.043  4.234  4.094  4.025  4.094  4.159  4.127  4.057  4.140
4.331  4.094  4.159  4.190  4.156  4.111  4.025  4.111  4.108  4.277  4.127  4.290  4.489  4.205  4.413  4.111  4.159  3.892  4.234  4.227  4.304  4.043  4.187  4.205  4.060  4.094  3.932  4.025  3.888  3.850  4.078  4.060  4.159  3.892  4.025  4.317  4.060  4.074  4.025  3.989  3.985  4.031
7.303  7.075  7.145  7.173  6.957  7.190  7.106  7.131  7.209  7.267  7.249  7.249  7.365  7.154  7.189  7.124  7.120  7.120  7.207  7.341  7.151  7.132  7.109  7.039  7.056  7.236  7.064  7.038  7.038  7.025  7.034  7.020  6.982  7.207  7.177  7.126  7.098  7.249  7.203  7.148  7.113  7.130
7.223  7.032  7.028  7.104  6.846  7.086  7.056  7.005  7.124  7.164  7.131  7.136  7.238  7.044  7.083  7.010  7.139  6.947  7.074  7.187  7.099  7.097  7.052  6.942  6.941  7.072  6.974  6.866  7.014  6.899  7.033  7.013  6.876  7.113  7.128  7.041  7.023  7.039  7.067  7.064  6.973  7.035
4.710  4.595  4.575  4.652  4.605  4.635  4.657  4.564  4.644  4.762  4.605  4.787  4.748  4.787  4.727  4.554  4.734  4.644  4.700  4.820  4.700  4.654  4.585  4.727  4.522  4.511  4.431  4.369  4.431  4.454  4.633  4.575  4.605  4.685  4.754  4.727  4.727  4.543  4.522  4.460  4.605  4.454
4.511  4.304  4.431  4.543  4.419  4.466  4.317  4.398  4.419  4.477  4.297  4.525  4.564  4.605  4.575  4.489  4.344  4.382  4.466  4.615  4.500  4.394  4.500  4.382  4.205  4.263  4.143  4.143  4.078  4.304  4.419  4.344  4.585  4.382  4.369  4.466  4.217  4.511  4.267  4.454  4.284  4.454
5.176  4.968  4.982  4.927  4.907  5.068  4.970  4.889  5.100  5.118  5.081  4.942  5.165  4.963  5.220  5.050  5.069  5.050  5.099  5.094  5.220  5.030  4.875  5.124  4.852  4.828  4.844  4.868  4.708  4.875  4.997  4.896  4.984  5.037  5.100  5.019  4.850  4.920  4.883  4.913  4.875  4.902
4.977  4.745  4.804  4.997  4.883  4.977  4.605  4.730  4.673  4.796  4.875  4.898  4.913  4.970  5.081  4.654  4.635  4.942  4.890  4.913  4.905  4.787  4.787  4.871  4.635  4.644  4.605  4.739  4.543  4.615  4.575  4.691  4.730  4.736  4.730  4.812  4.699  4.804  4.796  4.625  4.635  4.864
