4.380  4.454  4.522  4.317  4.344  4.281  4.357  4.248  4.466  4.564  4.404  4.511  4.475  4.317  4.475  4.489  4.321  4.422  4.454  4.344  4.644  4.625  4.367  4.454  4.317  4.284  4.263  4.357  4.304  4.363  4.205  4.290  4.311  4.344  4.533  4.477  4.554  4.394  4.248  4.220  4.263  4.380
4.754  4.820  4.806  4.787  4.726  4.741  4.990  4.961  5.037  4.920  5.017  4.984  5.024  4.812  4.949  4.860  4.920  4.765  4.920  4.828  5.124  4.970  4.934  4.898  4.898  4.792  4.836  4.745  4.748  4.883  4.640  4.843  4.779  4.890  4.860  4.913  4.752  4.736  4.635  4.734  4.710  4.777
5.624  5.447  5.384  5.591  5.449  5.435  5.447  5.454  5.203  5.549  5.517  5.531  5.656  5.407  5.549  5.455  5.371  5.375  5.549  5.557  5.561  5.513  5.501  5.572  5.460  5.384  5.485  5.568  5.313  5.434  5.394  5.333  5.268  5.388  5.328  5.354  5.381  5.328  5.371  5.438  5.298  5.407
5.153  4.956  4.949  5.024  4.828  4.883  5.004  5.050  4.652  5.140  4.898  5.069  5.063  4.940  5.106  5.063  4.905  4.852  5.075  4.942  5.043  4.898  4.875  4.828  4.977  4.745  4.942  4.762  4.595  4.796  4.828  4.898  4.771  4.868  4.811  4.854  4.787  4.762  4.831  4.848  4.682  4.850
4.796  4.824  4.905  4.852  4.682  4.868  4.927  4.718  4.896  5.021  4.913  4.968  4.956  4.898  4.979  4.852  4.997  4.787  4.893  4.734  4.984  5.063  5.178  5.165  4.718  4.951  4.816  4.654  4.790  4.680  4.804  4.824  4.718  5.019  4.794  4.812  4.673  4.756  4.663  4.848  4.647  4.595
4.159  4.407  4.171  4.174  4.174  4.241  4.344  4.311  4.341  4.419  4.159  4.454  4.331  4.304  4.503  4.407  4.382  4.241  4.564  4.543  4.595  4.585  4.644  4.727  4.140  4.263  4.260  4.143  3.951  4.111  4.143  4.277  3.892  4.321  4.328  4.124  4.078  4.246  4.227  4.197  4.048  3.989
5.338  5.142  5.352  5.303  5.228  5.366  5.112  5.182  5.206  5.403  5.236  4.762  5.378  5.312  5.446  5.176  5.088  5.242  5.192  5.203  5.375  5.236  5.201  5.335  4.875  5.068  4.927  5.047  4.898  4.745  5.056  5.011  4.984  5.106  4.997  5.063  5.142  5.242  5.236  5.283  4.871  5.176
5.540  5.614  5.490  5.587  5.493  5.598  5.692  5.585  5.576  5.680  5.583  5.371  5.687  5.568  5.675  5.684  5.537  5.471  5.659  5.487  5.602  5.710  5.645  5.666  5.398  5.268  5.503  5.394  5.342  5.371  5.628  5.472  5.461  5.476  5.617  5.561  5.628  5.509  5.444  5.412  5.480  5.617
3.985  3.932  3.611  3.850  3.738  3.951  3.980  3.898  3.908  3.989  3.611  3.989  3.967  3.951  4.143  3.807  4.043  3.829  3.738  3.908  4.060  3.928  3.807  3.738  3.807  3.932  3.784  3.761  3.664  3.638  3.882  3.970  3.738  3.761  3.871  3.784  3.738  3.638  3.912  4.043  3.761  3.932
4.437  4.434  4.317  4.419  4.466  4.234  4.466  4.500  4.304  4.543  4.511  4.394  4.431  4.469  4.454  4.500  4.290  4.304  4.357  4.477  4.382  4.290  4.317  4.304  4.248  4.174  4.231  4.317  4.248  4.248  4.564  4.466  4.475  4.419  4.443  4.454  4.654  4.575  4.533  4.828  4.691  4.812
5.100  5.147  4.984  4.887  5.004  5.004  4.963  4.905  4.836  5.231  5.182  5.050  5.123  5.075  5.043  4.905  4.828  5.043  4.977  5.056  5.106  4.883  5.064  5.187  4.745  4.758  4.836  4.796  4.663  4.905  4.929  4.615  4.956  4.828  4.668  4.852  4.786  4.754  4.942  4.868  4.635  4.883
4.297  4.382  4.248  4.159  4.331  4.007  4.234  4.148  4.234  4.304  4.419  4.454  4.256  4.443  4.533  4.159  4.220  4.277  4.127  4.159  4.431  4.187  4.190  4.328  4.094  3.938  4.159  3.932  3.892  4.007  4.094  4.043  4.127  4.174  4.124  4.127  4.124  3.970  4.197  4.025  3.850  4.111
4.331  4.315  4.394  4.489  4.431  4.344  4.419  4.357  4.234  4.425  4.357  4.263  4.673  4.585  4.736  4.382  4.489  4.466  4.564  4.503  4.585  4.419  4.317  4.477  4.373  4.220  4.190  4.040  4.060  4.078  4.143  4.443  4.394  4.354  4.344  4.344  4.238  4.331  4.317  4.277  4.220  4.394
4.682  4.431  4.754  4.644  4.745  4.554  4.682  4.644  4.575  4.595  4.585  4.595  4.663  4.796  4.796  4.543  4.543  4.575  4.635  4.691  4.852  4.615  4.605  4.625  4.605  4.290  4.407  4.328  4.331  4.197  4.554  4.600  4.575  4.564  4.466  4.452  4.533  4.575  4.520  4.509  4.431  4.575
4.475  4.401  4.369  4.575  4.431  4.489  4.331  4.431  4.220  4.659  4.373  4.567  4.682  4.344  4.710  4.263  4.357  4.440  4.331  4.489  4.554  4.357  4.452  4.454  4.174  4.190  4.331  4.143  4.025  4.220  4.263  4.217  4.440  4.382  4.324  4.369  4.337  4.413  4.335  4.263  4.277  4.317
4.625  4.700  4.762  4.736  4.710  4.431  4.595  4.595  4.533  4.754  4.806  4.654  4.898  4.533  4.736  4.543  4.511  4.620  4.575  4.608  4.787  4.605  4.700  4.668  4.304  4.344  4.369  4.321  5.479  4.304  4.533  4.443  4.290  4.623  4.466  4.407  4.369  4.466  4.615  4.454  4.500  4.407
4.190  4.159  4.007  4.179  4.057  3.892  3.807  3.908  3.980  3.932  4.094  4.078  4.231  4.212  3.395  4.043  4.174  3.947  4.043  4.174  4.111  4.174  4.043  4.127  3.932  3.850  3.932  3.932  3.807  3.951  3.951  3.970  4.127  3.932  3.871  4.025  4.048  4.094  3.932  3.970  3.850  3.829
3.664  3.807  3.871  3.689  3.738  3.689  3.584  3.784  3.689  3.738  3.611  3.807  3.882  3.938  3.332  3.689  3.912  3.664  3.932  3.970  4.025  3.780  3.784  3.714  3.689  3.658  3.664  3.689  3.526  3.932  3.555  3.829  3.871  3.761  3.497  3.709  3.689  3.807  3.824  3.611  3.638  3.795
5.513  5.268  5.481  5.472  5.429  5.444  5.130  5.412  5.342  5.379  5.347  5.403  5.501  5.332  5.364  5.283  5.313  5.296  5.467  5.635  5.371  5.338  5.342  5.318  5.268  5.338  5.193  5.220  5.094  5.159  5.193  5.153  5.378  5.322  5.302  5.236  5.323  5.460  5.406  5.278  5.236  5.352
5.735  5.307  5.493  5.545  5.594  5.576  5.407  5.493  5.481  5.568  5.451  5.624  5.537  5.497  5.561  5.338  5.416  5.447  5.481  5.658  5.313  5.455  5.338  5.389  5.236  5.393  5.268  5.421  5.288  5.308  5.338  5.303  5.438  5.442  5.389  5.412  5.403  5.501  5.487  5.545  5.307  5.476
4.060  4.094  4.094  3.985  3.912  4.043  3.912  4.094  4.060  4.060  3.807  4.127  4.220  4.159  4.174  3.807  4.127  4.078  4.190  4.190  4.094  3.951  3.932  4.127  3.892  4.043  3.970  3.989  3.632  3.871  3.784  3.807  3.951  3.970  3.784  3.932  3.951  3.951  3.871  3.784  3.912  3.867
4.078  4.174  4.111  4.143  4.127  4.277  3.892  4.078  4.317  4.108  4.078  4.205  4.277  4.190  4.290  3.912  4.143  4.174  4.331  4.304  4.357  4.143  4.007  4.241  4.060  4.159  4.205  3.932  3.951  3.951  4.094  4.078  4.111  4.007  4.174  4.205  4.078  4.108  4.111  3.951  4.108  4.007
