4.620  4.575  4.564  4.357  4.522  4.505  4.481  4.580  4.575  4.663  4.466  4.554  4.585  4.533  4.625  4.454  4.477  4.489  4.466  4.573  4.554  4.525  4.543  4.647  4.331  4.331  4.143  4.354  4.043  4.224  4.140  4.344  4.331  4.369  4.331  4.357  4.337  4.344  4.369  4.344  4.127  4.407
4.762  4.530  4.828  4.633  4.762  4.533  4.673  4.710  4.668  4.812  4.727  4.745  4.828  4.583  4.804  4.682  4.585  4.644  4.673  4.598  4.680  4.680  4.615  4.564  4.543  4.419  4.369  4.425  4.315  4.344  4.297  4.469  4.543  4.605  4.419  4.533  4.407  4.615  4.554  4.454  4.382  4.663
3.714  3.780  3.664  3.813  3.733  3.689  3.850  3.829  3.829  3.709  3.664  3.780  3.871  3.714  3.912  3.738  3.738  3.761  3.951  4.234  3.912  3.761  3.807  3.761  3.773  3.738  3.780  3.497  3.664  3.611  3.664  3.738  3.807  3.761  3.738  3.784  3.632  3.701  3.829  3.611  3.738  3.714
4.202  4.108  4.190  4.260  4.324  4.190  4.127  4.111  4.220  4.446  4.194  4.335  4.277  4.074  4.234  4.127  4.174  4.025  4.369  4.369  4.304  4.304  4.220  4.111  4.220  4.111  4.013  3.970  3.989  4.007  4.078  4.220  4.060  3.989  4.224  4.190  4.078  4.086  4.159  4.007  4.111  4.151
5.043  4.730  4.852  4.898  4.820  4.868  4.682  4.745  4.736  4.942  4.934  4.843  5.019  4.889  4.883  4.779  4.644  4.812  4.710  4.920  4.754  4.671  4.714  4.710  4.605  4.525  4.710  4.771  4.337  4.543  4.654  4.615  4.705  4.644  4.710  4.804  4.682  4.710  4.710  4.691  4.620  4.700
4.710  4.625  4.710  4.677  4.511  4.541  4.625  4.644  4.625  4.860  4.663  4.673  4.806  4.673  4.771  4.605  4.522  4.779  4.585  4.644  4.754  4.600  4.564  4.718  4.500  4.543  4.511  4.407  4.304  4.552  4.407  4.494  4.419  4.570  4.533  4.635  4.394  4.671  4.489  4.466  4.357  4.357
4.977  4.796  5.001  4.934  4.890  4.965  4.754  4.898  4.835  4.947  4.754  4.885  4.984  4.875  4.954  4.844  4.828  4.828  4.875  5.106  4.909  4.889  4.852  4.937  4.654  4.610  4.673  4.668  4.585  4.543  4.745  4.635  4.787  4.852  4.754  4.779  4.775  4.771  4.700  4.710  4.699  4.786
5.861  5.694  5.922  5.969  5.938  5.903  5.771  5.866  5.858  5.953  5.845  6.017  5.823  5.799  5.914  5.697  5.656  5.787  5.892  5.981  5.919  5.768  5.737  5.808  5.631  5.730  5.557  5.548  5.351  5.455  5.651  5.589  5.841  5.724  5.698  5.721  5.690  5.820  5.727  5.724  5.698  5.773
5.460  5.050  5.328  5.384  5.283  5.525  5.412  5.323  5.521  5.447  5.575  5.551  5.339  5.136  5.421  5.269  5.357  5.165  5.429  5.328  5.565  5.215  5.209  5.434  5.165  5.389  5.179  5.187  5.150  5.220  5.153  5.267  5.328  5.425  5.268  5.296  5.366  5.308  5.276  5.384  5.394  5.311
4.086  3.989  4.190  4.111  4.025  4.644  4.234  3.829  4.140  3.951  4.043  4.143  4.007  4.127  4.174  4.187  3.912  4.078  4.025  4.202  4.241  4.127  3.951  4.466  4.004  3.998  3.989  3.970  3.980  4.004  3.807  4.132  3.947  4.004  3.951  3.892  4.190  4.119  3.850  3.922  3.951  4.025
5.088  4.794  4.972  4.990  4.860  4.890  4.879  4.871  4.887  5.112  4.997  4.984  4.996  4.883  4.994  4.796  4.836  5.001  4.933  5.017  4.970  4.779  4.836  4.945  4.820  4.777  4.754  4.754  4.575  4.844  4.836  4.843  4.812  4.868  4.820  4.860  4.756  4.812  4.927  4.762  4.786  4.913
4.874  4.710  4.691  4.673  4.682  4.727  4.727  4.682  4.700  4.942  4.844  4.852  4.806  4.732  4.871  4.500  4.652  4.736  4.843  4.771  4.898  4.663  4.642  4.696  4.564  4.603  4.625  4.454  4.369  4.615  4.525  4.749  4.382  4.511  4.644  4.640  4.673  4.673  4.564  4.419  4.530  4.736
5.037  4.984  5.030  4.970  4.970  5.124  4.989  4.989  5.142  5.100  5.004  5.112  5.004  4.927  5.069  4.977  5.024  5.106  5.247  5.121  5.165  5.024  4.956  5.129  4.816  4.779  5.017  4.856  4.769  4.883  4.902  4.844  5.081  4.963  4.997  4.927  4.977  4.860  4.844  4.922  4.887  5.004
4.416  4.511  4.394  4.331  4.350  4.431  4.443  4.281  4.431  4.575  4.290  4.431  4.416  4.382  4.625  4.407  4.315  4.543  4.443  4.489  4.454  4.431  4.500  4.511  4.369  4.234  4.290  4.159  4.234  4.290  4.234  4.277  4.174  4.380  4.443  4.454  4.449  4.248  4.304  4.263  4.143  4.407
4.754  4.533  4.652  4.647  4.554  4.538  4.745  4.585  4.533  4.762  4.796  4.743  4.868  4.691  4.673  4.543  4.644  4.466  4.732  4.762  4.804  4.714  4.654  4.644  4.673  4.644  4.454  4.745  4.454  4.549  4.635  4.466  4.533  4.654  4.543  4.538  4.564  4.583  4.663  4.489  4.522  4.736
4.290  4.069  3.951  4.052  4.078  4.111  4.094  3.970  4.190  4.052  3.850  4.148  4.127  4.277  4.382  4.111  4.025  3.892  4.248  4.234  4.220  3.932  4.382  4.159  4.007  3.871  3.932  3.951  3.871  4.034  4.066  4.143  4.078  3.989  4.025  4.140  4.007  4.060  3.888  3.951  4.007  3.932
5.357  5.357  5.683  5.565  5.557  5.591  5.415  5.559  5.557  5.694  5.323  5.412  5.541  5.333  5.635  5.252  5.242  5.422  5.529  5.440  5.501  5.519  5.361  5.565  5.315  5.111  5.220  5.187  5.075  5.220  5.209  5.367  5.292  5.333  5.333  5.384  5.318  5.323  5.295  5.333  5.215  5.339
5.932  6.054  5.935  6.105  5.976  5.869  5.940  5.881  5.956  5.984  5.928  6.101  6.054  5.875  6.184  5.830  5.991  5.751  6.110  6.001  6.103  6.047  5.916  6.153  5.916  5.740  5.746  5.598  5.704  5.775  5.781  5.823  5.929  5.882  5.927  5.981  5.905  5.956  5.901  5.659  5.804  5.746
4.159  4.060  4.119  4.078  4.234  4.091  4.241  4.290  4.248  4.060  4.103  4.190  4.270  4.317  4.205  4.094  3.912  4.290  4.277  4.263  4.043  4.174  4.143  4.174  4.025  4.007  4.060  3.970  3.892  4.043  3.998  3.989  4.043  4.043  3.932  4.052  4.007  4.078  4.140  3.970  4.357  4.043
3.932  3.784  4.031  3.970  4.004  4.060  3.938  3.892  4.194  3.892  4.007  4.094  4.127  4.111  4.277  4.034  3.932  3.961  4.004  4.111  4.159  4.069  3.871  4.248  3.871  3.807  3.912  3.951  3.850  4.267  3.839  3.970  4.108  3.850  3.989  4.025  4.040  3.989  3.888  3.871  3.989  4.007
5.231  5.112  5.130  5.263  5.089  5.147  5.011  5.037  5.106  5.234  5.153  5.173  5.263  5.198  5.338  4.970  5.004  5.142  5.226  5.263  5.142  5.165  5.124  5.257  5.037  5.081  4.942  4.844  4.875  4.920  5.009  5.004  5.147  5.030  5.152  5.129  4.990  4.968  5.043  5.056  5.004  5.130
5.112  4.875  4.942  4.990  4.890  4.860  4.893  4.952  4.963  5.021  4.980  4.944  5.037  5.153  5.056  4.844  4.984  4.875  5.061  5.050  4.954  4.905  4.898  4.883  4.942  4.942  4.773  4.663  4.682  4.787  4.754  4.844  4.905  4.947  4.949  4.875  4.852  4.819  4.919  4.963  4.804  4.916
