4.700  4.663  4.533  4.647  4.522  4.394  4.673  4.623  4.575  4.654  4.663  4.598  4.552  4.625  4.635  4.466  4.659  4.511  4.644  4.595  4.963  4.564  4.554  4.786  4.431  4.369  4.511  4.564  4.443  4.489  4.608  4.595  4.522  4.554  4.419  4.605  4.573  4.575  4.562  4.277  4.341  4.575
4.635  4.649  4.511  4.489  4.394  4.500  4.554  4.615  4.500  4.630  4.564  4.628  4.595  4.454  4.615  4.477  4.533  4.443  4.522  4.575  4.628  4.489  4.533  4.712  4.324  4.190  4.331  4.382  4.248  4.419  4.552  4.443  4.304  4.460  4.500  4.260  4.431  4.290  4.394  4.220  4.248  4.315
4.543  4.466  4.600  4.625  4.464  4.533  4.475  4.419  4.419  4.585  4.369  4.654  4.595  4.357  4.585  4.443  4.554  4.564  4.727  4.454  4.771  4.511  4.605  4.710  4.446  4.407  4.331  4.419  4.344  4.623  4.220  4.392  4.585  4.522  4.263  4.520  4.466  4.263  4.304  4.443  4.248  4.394
4.987  4.527  4.820  4.690  4.696  5.011  4.530  4.779  4.615  4.727  4.593  4.820  4.812  4.718  4.771  4.543  4.543  4.673  4.909  4.827  4.890  4.595  4.489  4.673  4.583  4.633  4.564  4.673  4.407  4.554  4.304  4.394  4.644  4.543  4.595  4.516  4.700  4.727  4.585  4.500  4.564  4.644
3.867  3.912  3.714  3.638  3.592  3.761  3.761  3.738  3.867  3.871  3.520  3.857  3.850  3.871  3.970  3.684  3.850  3.802  3.829  3.871  3.989  3.664  3.871  3.784  3.611  3.829  3.689  3.664  3.497  3.761  3.709  3.584  3.709  3.784  3.807  3.807  3.611  3.555  3.846  3.638  3.584  3.871
4.143  4.060  3.970  4.111  4.111  4.094  4.190  4.111  4.025  4.304  3.947  4.304  4.270  3.932  4.277  4.004  4.119  4.119  4.140  4.212  4.277  4.127  4.040  4.174  4.094  3.998  4.043  3.829  3.714  3.967  3.888  4.094  4.103  4.060  4.007  4.111  3.912  4.060  4.066  4.007  3.967  4.007
4.140  4.111  4.111  4.094  4.025  3.932  4.187  4.022  4.057  4.202  4.043  4.078  4.205  4.094  4.111  4.007  4.111  4.127  3.970  4.111  4.190  4.078  4.060  4.159  3.932  3.928  4.007  3.839  3.850  3.951  3.989  4.043  4.143  4.060  3.912  4.025  3.829  3.829  3.970  3.882  3.951  3.932
5.352  5.247  5.290  5.403  5.281  5.136  5.308  5.361  5.273  5.468  5.308  5.497  5.505  5.283  5.529  5.278  5.251  5.303  5.268  5.293  5.292  5.293  5.220  5.407  5.112  5.056  5.142  5.121  5.105  5.182  5.247  5.118  5.173  5.257  5.231  5.236  5.146  5.389  5.257  5.313  5.198  5.323
5.503  5.263  5.313  5.268  5.375  5.361  5.182  5.293  5.338  5.525  5.476  5.509  5.323  5.352  5.389  5.313  5.288  5.252  5.323  5.421  5.142  5.241  5.193  5.293  5.147  5.100  5.288  5.305  4.954  5.142  5.129  5.050  5.283  5.196  5.403  5.088  5.094  5.373  5.367  5.218  5.093  5.257
4.595  4.317  4.663  4.644  4.588  4.304  4.511  4.431  4.593  4.718  4.595  4.700  4.673  4.489  4.625  4.625  4.522  4.344  4.564  4.640  4.615  4.682  4.533  4.454  4.605  4.575  4.554  4.543  4.386  4.416  4.489  4.382  4.541  4.489  4.575  4.466  4.331  4.489  4.514  4.357  4.394  4.357
6.471  6.036  6.199  6.306  6.291  6.295  6.262  6.389  6.410  6.528  6.418  6.474  6.491  6.320  6.392  6.219  6.136  6.163  6.349  6.422  6.209  6.054  6.199  6.184  6.254  6.308  6.138  6.091  5.858  6.103  6.096  6.121  6.071  6.353  6.248  6.300  6.201  6.248  6.301  6.159  6.229  6.241
5.480  5.302  5.298  5.357  5.377  5.328  5.468  5.357  5.670  5.509  5.542  5.663  5.611  5.403  5.580  5.438  5.585  5.278  5.501  5.451  5.597  5.394  5.358  5.513  5.273  5.389  5.429  5.226  5.214  5.398  5.347  5.384  5.353  5.413  5.509  5.451  5.411  5.375  5.352  5.226  5.333  5.187
4.963  4.766  5.014  4.852  5.037  4.920  4.682  4.836  4.949  5.056  4.635  4.868  5.043  5.024  4.942  4.868  4.771  4.860  4.949  4.996  4.975  4.913  4.691  4.836  4.868  4.644  4.754  4.796  4.454  4.635  4.749  4.754  4.787  4.787  4.787  4.820  4.760  4.883  4.913  4.812  4.727  4.875
3.807  3.824  3.829  3.967  3.829  3.738  3.807  3.738  3.892  3.918  3.761  3.850  4.043  3.888  3.989  3.689  3.738  3.829  3.951  4.060  4.043  3.738  3.664  3.951  3.761  3.684  3.714  3.714  3.466  3.802  3.761  3.850  3.761  3.761  3.867  3.664  3.664  3.829  3.664  3.784  3.888  3.714
4.590  4.593  4.580  4.585  4.860  4.654  4.630  4.828  4.511  4.745  4.682  4.625  4.820  4.860  4.868  4.710  4.635  4.543  4.804  4.787  4.852  4.700  4.736  4.585  4.277  4.486  4.425  4.477  4.350  4.354  4.489  4.431  4.635  4.304  4.644  4.610  4.691  4.489  4.543  4.595  4.575  4.477
4.727  4.662  4.682  4.727  4.745  4.700  4.718  4.771  4.625  4.942  4.779  4.852  5.049  4.980  5.063  4.682  4.752  4.904  4.852  4.860  4.896  4.909  4.852  4.927  4.690  4.605  4.644  4.700  4.564  4.642  4.710  4.613  4.625  4.796  4.710  4.736  4.796  4.625  4.673  4.875  4.564  4.682
6.025  5.849  5.955  5.941  6.011  5.908  5.778  5.849  5.814  6.114  5.978  5.930  6.045  5.962  6.082  5.820  5.835  5.943  6.045  6.129  5.897  5.853  5.875  5.956  5.789  5.793  5.656  5.670  5.517  5.635  5.927  5.753  5.894  5.826  5.894  5.888  5.823  5.890  6.011  5.826  5.805  5.827
6.489  6.438  6.328  6.457  6.504  6.475  6.486  6.409  6.415  6.658  6.479  6.530  6.594  6.546  6.625  6.457  6.441  6.389  6.493  6.540  6.542  6.544  6.502  6.576  6.417  6.364  6.491  6.417  6.323  6.399  6.446  6.369  6.433  6.532  6.458  6.457  6.405  6.457  6.450  6.402  6.310  6.346
5.421  5.226  5.298  5.273  5.521  5.442  5.394  5.421  5.568  5.611  5.380  5.535  5.717  5.595  5.852  5.375  5.252  5.434  5.446  5.460  5.495  5.447  5.367  5.353  5.384  5.416  5.328  5.302  5.278  5.257  5.187  5.398  5.380  5.416  5.491  5.416  5.379  5.357  5.283  5.338  5.236  5.308
6.082  5.964  5.944  6.194  6.073  6.139  6.135  6.078  6.114  6.186  6.166  6.166  6.263  6.100  6.356  5.988  5.989  6.021  6.163  6.056  6.211  6.142  6.045  6.171  6.098  6.011  5.999  5.918  5.832  5.995  5.924  6.057  6.033  6.191  6.052  6.078  6.050  6.043  6.091  6.073  6.064  6.009
4.248  4.025  4.220  4.159  4.127  4.060  3.912  4.190  4.127  4.248  4.094  4.205  4.246  4.317  4.454  4.078  4.119  4.317  4.344  4.248  4.277  4.174  4.111  4.220  3.951  3.970  4.007  4.025  3.829  3.985  4.132  4.007  4.004  4.094  4.143  4.043  4.025  4.220  4.043  4.043  4.111  3.970
4.290  4.205  4.290  4.143  4.174  4.277  4.234  4.234  4.231  4.407  4.143  4.431  4.317  4.288  4.564  4.159  4.317  4.246  4.407  4.304  4.419  4.394  4.190  4.376  4.156  4.174  4.060  3.989  3.784  4.074  4.078  4.111  4.043  4.220  4.174  4.174  3.985  4.060  4.248  4.111  4.143  4.060
