3.829  3.807  3.807  3.932  3.932  3.951  3.961  3.738  4.060  3.829  3.850  3.932  4.025  3.951  3.998  3.829  3.689  3.918  3.970  4.127  4.007  3.912  3.807  3.892  3.784  3.824  3.664  3.846  3.738  3.829  3.684  3.802  3.709  3.761  3.689  3.807  3.795  3.784  3.578  3.611  3.807  3.714
3.761  3.555  3.611  3.611  3.619  3.592  3.611  3.689  3.888  3.638  3.611  3.638  3.871  3.932  3.733  3.714  3.584  3.802  3.871  3.761  3.829  3.664  3.555  3.738  3.497  3.611  3.738  3.658  3.611  3.611  3.689  3.497  3.761  3.526  3.497  3.605  3.738  3.555  3.624  3.738  3.506  3.638
5.894  5.778  5.812  5.812  5.858  5.886  5.938  5.918  5.948  6.153  5.911  5.969  5.994  5.864  6.014  5.710  5.802  5.790  6.022  5.790  5.974  5.908  5.905  5.872  5.883  5.814  5.811  5.756  5.631  5.760  5.756  5.716  5.817  5.844  5.943  5.875  5.785  5.744  5.778  5.811  5.704  5.787
5.295  5.226  5.273  5.421  5.423  5.361  5.086  4.905  4.997  5.198  5.030  5.075  5.176  5.088  5.176  4.990  5.017  4.984  5.042  4.956  5.159  5.088  5.112  5.063  4.902  4.913  5.006  4.860  4.828  4.934  4.820  4.970  4.942  5.037  5.135  5.006  5.003  4.949  4.949  4.911  4.944  5.047
3.307  3.367  3.332  3.332  3.401  3.332  3.332  3.296  3.367  3.367  3.555  3.296  3.555  3.444  3.367  3.367  3.466  3.367  3.490  3.526  3.401  3.395  3.367  3.434  3.367  3.360  3.332  3.401  3.428  3.332  3.332  3.401  3.434  3.332  3.296  3.332  3.219  3.401  3.258  3.219  3.434  3.434
3.332  3.296  3.367  3.332  3.526  3.178  3.258  3.258  3.367  3.459  3.434  3.296  3.466  3.332  3.645  3.296  3.401  3.378  3.466  3.367  3.526  3.258  3.497  3.367  3.332  3.401  3.332  3.466  3.332  3.350  3.497  3.434  3.490  3.490  3.428  3.332  3.332  3.459  3.296  3.277  3.367  3.332
5.056  4.808  5.021  4.997  5.081  5.197  4.937  5.112  4.898  5.236  5.056  5.130  5.032  4.852  5.043  4.828  4.902  4.934  5.081  5.112  5.017  4.984  4.673  4.852  4.727  4.779  4.812  4.868  4.700  4.700  4.902  4.977  4.843  4.852  4.920  4.812  4.796  4.868  4.804  4.808  4.745  4.866
6.001  5.825  5.914  5.847  5.881  6.038  5.833  5.939  5.892  6.105  6.094  6.111  5.976  5.869  6.078  5.805  5.743  5.905  5.841  5.894  5.889  5.913  5.720  5.878  5.720  5.649  5.756  5.849  5.583  5.714  5.849  5.790  5.784  5.894  5.919  5.861  5.966  5.919  6.028  5.749  5.680  5.818
4.078  3.970  4.220  4.174  4.069  3.892  3.932  4.060  4.007  4.234  4.007  4.043  4.187  4.304  4.190  4.057  4.004  4.025  4.159  4.344  4.382  4.066  3.989  4.127  4.205  4.025  3.871  3.871  3.932  4.069  3.989  3.989  4.034  4.052  4.007  3.989  4.060  3.970  4.111  3.892  3.908  3.947
3.555  3.611  3.714  3.638  3.512  3.555  3.497  3.664  3.689  3.714  3.664  3.795  3.829  3.761  3.829  3.584  3.664  3.611  3.813  3.877  3.807  3.714  3.689  3.689  3.664  3.597  3.714  3.497  3.497  3.526  3.664  3.632  3.611  3.676  3.761  3.664  3.434  3.638  3.555  3.632  3.611  3.632
4.419  4.344  4.486  4.317  4.174  4.234  4.260  4.331  4.174  4.337  4.511  4.419  4.635  4.431  4.543  4.357  4.263  4.454  4.304  4.382  4.317  4.238  4.301  4.413  4.369  4.174  4.127  4.060  3.989  4.091  4.190  4.091  4.171  4.220  4.190  4.337  4.328  4.248  4.443  4.187  4.220  4.220
4.025  3.928  4.043  3.871  4.007  3.912  3.947  4.060  3.932  4.190  3.912  3.989  4.190  4.066  4.205  3.989  4.190  4.007  4.111  4.248  4.127  3.967  4.004  3.970  4.094  3.970  4.025  3.807  3.850  3.784  3.951  3.951  3.871  4.043  3.871  3.888  3.985  3.850  3.912  3.951  3.824  3.951
4.197  3.839  3.985  3.989  3.908  3.989  3.813  3.947  3.932  3.970  3.871  3.922  4.078  4.074  4.060  3.970  3.807  3.932  4.277  4.043  4.060  3.912  3.871  4.174  3.932  3.689  3.829  3.761  3.709  3.761  4.025  3.867  3.951  3.738  3.738  3.882  3.951  3.871  3.738  3.795  3.970  3.807
3.928  3.846  3.829  3.888  3.912  3.871  3.638  3.850  3.807  3.892  3.807  3.932  3.912  3.967  4.094  3.850  3.638  3.970  4.025  4.025  3.829  3.738  3.714  3.970  3.664  3.611  3.714  3.638  3.466  3.784  3.850  3.807  3.961  3.850  3.850  3.761  3.714  3.761  3.714  3.784  3.761  3.738
3.738  3.611  3.714  3.829  3.738  3.611  3.684  3.761  3.871  3.784  3.684  3.807  3.898  3.932  3.829  3.807  3.932  3.555  3.888  3.850  3.989  3.807  3.611  3.611  3.850  3.578  3.611  3.570  3.664  3.611  3.684  3.555  3.780  3.555  3.714  3.761  3.684  3.638  3.912  3.738  3.761  3.632
3.541  3.526  3.466  3.550  3.401  3.434  3.497  3.555  3.555  3.434  3.367  3.466  3.658  3.584  3.584  3.434  3.555  3.428  3.570  3.761  3.611  3.555  3.466  3.526  3.526  3.520  3.638  3.555  3.401  3.526  3.401  3.611  3.578  3.555  3.555  3.466  3.401  3.466  3.367  3.367  3.466  3.466
3.526  3.401  3.526  3.570  3.466  3.332  3.466  3.325  3.401  3.481  3.450  3.434  3.343  3.466  3.367  3.434  3.632  3.401  3.401  3.605  3.638  3.401  3.520  3.434  3.497  3.384  3.584  3.434  3.296  3.434  3.401  3.466  3.497  3.466  3.520  3.497  3.526  3.434  3.325  3.520  3.367  3.332
3.367  3.367  3.219  3.401  3.401  3.258  3.350  3.258  3.466  3.466  3.360  3.367  3.466  3.555  3.526  3.384  3.434  3.258  3.360  3.497  3.466  3.332  3.332  3.332  3.211  3.401  3.401  3.367  3.219  3.332  3.367  3.360  3.367  3.332  3.367  3.401  3.332  3.219  3.250  3.219  3.178  3.401
3.757  3.497  3.555  3.689  3.526  3.466  3.526  3.434  3.497  3.714  3.401  3.434  3.807  3.807  3.829  3.434  3.497  3.497  3.689  3.611  3.638  3.638  3.578  3.526  3.459  3.664  3.497  3.401  3.497  3.296  3.526  3.526  3.664  3.466  3.526  3.459  3.497  3.401  3.401  3.555  3.367  3.550
3.401  3.395  3.434  3.459  3.332  3.434  3.367  3.526  3.434  3.490  3.434  3.497  3.689  3.689  3.664  3.434  3.555  3.367  3.434  3.738  3.570  3.638  3.475  3.434  3.611  3.555  3.401  3.638  3.296  3.258  3.434  3.367  3.434  3.520  3.466  3.555  3.401  3.490  3.466  3.395  3.332  3.526
3.761  3.714  3.829  3.784  3.638  3.664  3.709  3.861  3.867  3.761  3.526  3.802  3.784  3.912  3.888  3.676  3.784  3.632  3.951  3.850  3.829  3.761  3.664  3.912  3.733  3.664  3.584  3.664  3.555  3.689  3.611  3.733  3.784  3.784  3.989  3.738  3.434  3.664  3.611  3.526  3.714  3.714
3.555  3.526  3.714  3.664  3.550  3.555  3.584  3.526  3.497  3.839  3.360  3.584  3.784  3.638  3.850  3.434  3.611  3.497  3.829  3.761  3.761  3.632  3.664  3.689  3.611  3.555  3.555  3.611  3.401  3.434  3.434  3.497  3.555  3.584  3.795  3.611  3.638  3.605  3.611  3.434  3.611  3.738
