4.156  3.938  4.124  4.004  3.951  3.970  3.951  4.004  3.970  3.951  4.057  4.025  3.989  4.043  4.143  4.086  3.850  4.043  4.111  4.159  4.143  4.043  4.007  4.074  3.807  3.829  3.829  3.871  3.761  3.967  3.912  3.908  3.985  4.060  3.829  3.807  3.784  3.850  4.007  3.714  3.932  3.892
3.807  3.829  3.898  3.850  3.784  3.738  3.989  3.818  3.664  3.689  3.584  3.951  3.850  3.784  3.970  3.985  3.714  3.871  3.664  3.908  3.850  4.078  3.947  3.871  3.871  3.877  3.761  3.555  3.664  3.807  3.761  3.829  3.714  3.721  3.784  3.784  3.818  3.611  3.689  3.555  3.555  3.807
6.008  5.837  5.907  5.894  5.948  5.994  6.068  5.935  5.957  6.071  5.872  6.004  5.974  5.774  5.846  5.908  5.846  5.899  6.023  5.872  6.098  5.951  5.751  5.940  5.800  5.796  5.565  5.778  5.541  5.613  5.710  5.793  5.631  5.805  5.916  5.823  5.758  5.823  5.712  5.753  5.654  5.854
5.384  5.257  5.176  5.389  5.176  5.112  5.425  5.384  5.267  5.411  5.375  5.398  5.246  5.179  5.382  5.328  5.225  5.182  5.375  5.313  5.421  5.357  5.182  5.297  4.980  5.130  5.165  5.056  4.977  5.152  5.193  5.273  5.257  5.182  5.308  5.236  5.242  5.328  5.099  5.176  5.097  5.126
5.242  5.094  5.032  5.050  5.130  5.142  5.277  5.190  5.268  5.298  5.133  5.124  5.129  5.043  5.278  5.088  4.987  5.088  5.142  5.045  5.063  5.069  5.011  4.956  4.836  4.787  4.984  4.934  4.745  4.874  5.017  4.796  4.828  5.069  4.968  5.004  5.055  4.924  4.804  5.056  4.828  4.937
4.580  4.440  4.525  4.663  4.392  4.533  4.625  4.472  4.511  4.477  4.585  4.511  4.477  4.394  4.533  4.290  4.174  4.369  4.477  4.549  4.552  4.394  4.248  4.234  4.277  4.159  4.248  4.094  4.078  4.449  4.369  4.174  4.281  4.159  4.492  4.205  4.174  4.043  4.274  4.263  4.190  4.394
4.543  4.533  4.520  4.598  4.452  4.530  4.419  4.635  4.486  4.717  4.605  4.554  4.605  4.564  4.663  4.460  4.443  4.263  4.623  4.644  4.511  4.500  4.511  4.644  4.394  4.543  4.431  4.315  4.380  4.354  4.357  4.431  4.440  4.394  4.509  4.382  4.331  4.443  4.367  4.443  4.431  4.431
4.394  4.277  4.388  4.357  4.143  4.220  4.277  4.270  4.174  4.382  4.388  4.419  4.475  4.530  4.595  4.410  4.127  4.328  4.317  4.694  4.248  4.382  4.234  4.277  4.043  4.127  4.078  4.301  4.083  4.317  4.357  4.220  4.190  4.025  4.344  4.337  4.127  4.159  4.328  4.060  4.304  4.367
4.489  4.290  4.348  4.431  4.382  4.304  4.477  4.382  4.511  4.511  4.489  4.350  4.331  4.431  4.416  4.331  4.205  4.331  4.367  4.472  4.748  4.407  4.593  4.475  4.290  4.060  4.238  4.143  4.290  4.263  4.234  4.277  4.357  4.290  4.388  4.394  4.277  4.317  4.354  4.357  4.308  4.321
4.197  4.007  3.970  4.148  4.052  3.989  4.263  4.124  4.060  4.127  3.951  4.190  4.304  4.277  4.238  3.989  4.078  4.086  4.197  4.174  4.248  4.159  4.205  4.159  4.078  3.970  4.043  4.060  3.912  4.127  4.007  3.989  4.111  4.025  4.159  4.025  3.989  4.304  4.078  3.951  3.928  4.057
5.247  4.982  5.459  5.187  5.203  5.312  5.017  5.153  5.193  5.591  5.247  5.328  5.153  4.997  5.242  5.100  5.100  5.153  5.226  5.231  5.198  5.252  5.093  4.949  5.147  5.136  4.949  5.106  5.142  5.238  4.902  5.061  5.338  4.990  5.088  5.106  5.077  5.088  5.106  4.920  5.170  5.239
4.682  4.466  4.894  4.705  4.564  4.741  4.644  4.304  4.956  4.668  4.464  4.786  4.663  4.562  4.630  4.522  4.710  4.605  4.736  4.710  4.779  4.654  4.694  4.543  4.605  4.710  4.466  4.431  4.454  4.443  4.454  4.481  4.762  4.431  4.595  4.344  4.554  4.440  4.234  4.394  4.610  4.554
3.932  3.932  4.127  4.043  4.078  4.013  3.970  4.086  4.040  4.074  4.086  4.234  4.143  4.078  4.167  3.989  4.025  4.078  4.007  4.234  4.127  4.094  3.888  4.202  3.829  3.932  3.850  3.829  3.829  3.807  4.025  3.970  3.951  3.807  4.159  3.932  3.807  3.932  3.989  3.555  3.824  3.871
3.871  3.689  3.638  3.738  3.638  3.555  3.807  3.611  3.714  3.738  3.632  3.689  3.892  3.824  3.892  3.738  5.056  3.584  3.664  3.714  3.784  3.696  3.761  3.912  3.611  3.738  3.738  3.892  3.597  3.714  3.689  3.784  3.757  3.664  3.638  3.784  3.611  3.761  3.584  3.738  3.651  3.689
4.511  4.382  4.394  4.509  4.595  4.431  4.304  4.543  4.344  4.489  4.527  4.543  4.727  4.644  4.644  4.407  4.437  4.394  4.466  5.429  4.595  4.431  4.344  4.615  4.328  4.341  4.382  4.382  4.263  4.248  4.388  4.394  4.511  4.341  4.407  4.443  4.304  4.317  4.401  4.301  4.234  4.489
4.771  4.625  4.732  4.835  4.796  4.625  4.662  4.951  4.745  4.820  4.564  4.844  4.975  4.714  4.905  4.673  4.828  4.787  4.883  5.505  4.771  4.644  4.663  4.852  4.625  4.727  4.710  4.500  4.367  4.541  4.605  4.595  4.745  4.680  4.779  4.796  4.603  4.625  4.708  4.625  4.635  4.736
4.217  4.127  4.248  4.234  4.111  4.043  4.159  4.288  4.190  4.317  4.220  4.263  4.373  4.407  4.263  4.143  4.324  4.369  4.220  4.500  4.357  4.277  4.331  4.190  4.135  4.263  4.317  4.043  4.060  4.078  4.143  4.127  4.357  4.263  4.331  4.143  3.967  4.143  4.148  4.094  4.143  4.025
4.159  4.094  4.094  4.078  4.357  4.111  4.159  4.043  4.043  4.248  4.074  4.248  4.331  4.344  4.190  4.040  4.143  4.190  4.078  4.246  4.304  4.127  4.078  4.234  4.069  3.932  3.967  3.989  3.807  3.951  4.043  3.912  4.143  4.111  4.190  4.202  3.970  4.143  3.888  4.040  4.094  4.057
4.324  4.248  4.431  4.443  4.290  4.263  4.317  4.344  4.369  4.394  4.350  4.489  4.464  4.533  4.543  4.220  4.369  4.361  4.595  4.562  4.431  4.354  4.344  4.317  4.357  4.324  4.344  4.143  4.143  3.970  4.263  4.317  4.394  4.248  4.290  4.369  4.317  4.382  4.277  4.288  4.205  4.500
4.108  3.850  3.989  3.932  4.025  3.912  3.892  4.007  4.111  4.025  3.970  3.989  4.231  4.091  4.190  3.738  3.967  3.912  4.094  4.174  4.111  3.970  3.824  4.043  3.932  4.007  3.829  3.733  3.784  3.807  3.738  3.892  4.007  3.912  3.989  3.761  3.839  3.951  3.829  3.892  3.689  3.738
5.004  5.088  5.011  5.063  5.088  5.093  4.942  5.019  4.949  5.103  5.112  5.136  5.176  5.147  5.193  4.970  5.001  4.982  5.145  5.063  5.168  5.118  5.094  5.037  4.929  4.893  4.934  4.786  4.844  4.852  4.920  5.011  4.990  5.064  5.055  5.118  5.011  5.091  5.106  4.913  4.984  4.987
4.898  4.942  4.920  4.852  4.922  4.898  4.787  4.898  4.927  4.963  4.942  4.984  5.142  5.094  5.165  4.970  4.990  4.832  5.017  4.890  5.056  5.130  5.063  5.088  4.911  4.800  4.779  4.712  4.839  4.836  4.963  4.875  4.832  4.804  5.037  4.945  4.848  4.844  4.898  4.828  4.671  4.804
