6.503  6.342  6.335  6.314  6.314  6.436  6.349  6.333  6.379  6.528  6.378  6.489  6.463  6.426  6.469  6.340  6.201  6.324  6.346  6.415  6.308  6.308  6.373  6.365  6.256  6.283  6.312  6.231  6.096  6.153  6.035  6.137  6.238  6.299  6.344  6.285  6.246  6.196  6.201  6.290  6.144  6.317
5.416  5.124  5.024  5.170  5.100  5.357  5.308  5.262  5.165  5.347  5.247  5.342  5.277  5.215  5.247  5.029  5.075  5.268  5.063  5.198  5.193  5.170  5.170  4.984  5.047  5.083  5.043  4.952  4.860  4.860  4.687  4.852  5.069  5.112  5.112  5.124  5.075  5.063  5.100  5.017  4.913  5.142
7.637  7.526  7.555  7.536  7.522  7.571  7.526  7.538  7.589  7.638  7.589  7.643  7.554  7.509  7.595  7.508  7.382  7.581  7.590  7.491  7.592  7.505  7.509  7.513  7.642  7.624  7.549  7.556  7.467  7.549  7.579  7.520  7.556  7.622  7.576  7.543  7.633  7.560  7.520  7.601  7.536  7.603
5.821  5.434  5.704  5.656  5.692  5.687  5.775  5.673  5.645  5.799  5.677  5.768  5.727  5.710  5.841  5.572  5.497  5.600  5.626  5.702  5.638  5.632  5.561  5.694  5.694  5.778  5.545  5.525  5.450  5.572  5.472  5.565  5.559  5.737  5.697  5.561  5.652  5.666  5.635  5.565  5.434  5.583
7.626  7.448  7.521  7.472  7.588  7.654  7.582  7.541  7.625  7.653  7.582  7.696  7.653  7.618  7.668  7.577  7.416  7.569  7.621  7.465  7.637  7.459  7.521  7.522  7.577  7.603  7.514  7.537  7.408  7.458  7.508  7.394  7.421  7.655  7.543  7.592  7.585  7.551  7.437  7.546  7.442  7.534
6.163  6.265  6.096  6.025  6.075  6.277  6.339  6.108  6.288  6.317  6.221  6.282  6.387  6.261  6.435  6.254  6.165  6.120  6.278  5.935  6.430  6.356  6.250  6.344  6.196  6.232  6.215  6.138  6.132  6.159  6.191  6.170  5.958  6.351  6.232  6.405  6.417  6.031  5.999  6.139  5.995  6.104
7.432  7.187  7.342  7.302  7.377  7.412  7.243  7.284  7.288  7.495  7.380  7.427  7.405  7.289  7.406  7.188  7.064  7.366  7.443  7.251  7.316  7.162  7.174  7.116  7.351  7.292  7.202  7.264  6.998  7.082  7.157  7.151  7.252  7.317  7.219  7.261  7.196  7.300  7.249  7.313  7.229  7.273
5.956  5.989  5.839  6.094  5.985  5.934  6.052  5.838  6.031  6.116  6.087  6.028  6.172  6.021  6.168  6.028  5.875  5.780  6.092  5.900  6.263  6.047  6.027  6.060  6.138  6.098  5.823  5.641  5.872  5.927  5.797  5.996  5.817  6.168  6.031  6.185  6.016  5.757  5.687  5.690  6.029  5.829
7.255  6.884  7.185  7.181  7.219  7.274  7.101  7.145  7.276  7.333  7.158  7.290  7.294  7.207  7.249  6.926  7.026  7.143  7.347  7.175  7.124  7.062  7.038  7.004  7.280  7.366  7.116  7.192  6.975  7.014  7.018  6.965  7.213  7.241  7.116  7.152  7.174  7.225  7.064  7.129  7.154  7.228
6.079  6.198  5.971  6.011  6.094  6.184  6.201  6.038  6.317  6.284  6.125  6.277  6.382  6.340  6.282  5.969  6.176  6.103  6.263  6.134  6.242  6.075  6.098  6.144  6.146  6.315  6.142  6.001  6.005  6.207  6.026  5.943  6.075  6.238  6.222  6.188  6.207  5.826  5.861  5.852  6.006  6.078
8.029  7.970  7.946  7.981  7.972  8.033  7.972  7.955  7.957  8.057  7.966  8.017  7.976  7.965  7.992  7.956  7.882  7.982  8.021  7.961  7.950  7.935  7.915  7.839  8.006  8.014  7.941  7.984  7.916  7.880  7.962  7.896  7.908  8.007  7.988  7.944  8.008  8.040  8.006  8.008  7.891  7.951
7.339  7.261  7.254  7.300  7.249  7.308  7.335  7.246  7.289  7.337  7.351  7.296  7.322  7.261  7.390  7.246  7.228  7.256  7.322  7.244  7.307  7.277  7.293  7.304  7.257  7.227  7.197  7.221  7.185  7.188  7.279  7.236  7.167  7.296  7.304  7.279  7.310  7.281  7.389  7.253  7.151  7.165
8.148  7.943  8.123  8.099  8.216  8.232  7.989  8.138  8.141  8.073  8.157  8.213  8.162  8.176  8.275  8.013  7.885  8.162  8.242  8.124  8.008  7.934  7.931  7.933  8.026  8.076  7.966  8.085  7.717  7.850  7.864  7.917  8.081  8.042  7.921  8.045  7.978  8.154  8.029  8.094  7.974  8.047
6.525  6.524  6.574  6.548  6.723  6.783  6.600  6.557  6.774  6.425  6.686  6.796  6.741  6.727  6.887  6.509  6.463  6.509  6.838  6.522  6.687  6.550  6.547  6.712  6.585  6.676  6.644  6.531  6.224  6.461  6.430  6.420  6.460  6.629  6.561  6.714  6.583  6.553  6.468  6.615  6.482  6.524
8.128  7.949  8.067  8.055  8.117  8.107  7.961  8.072  8.077  8.140  8.084  8.162  8.196  8.101  8.178  7.979  7.897  8.084  8.183  8.122  8.023  7.943  7.985  8.002  8.040  8.095  7.952  7.970  7.823  7.858  7.893  7.762  8.060  8.059  8.014  8.027  7.990  8.015  7.907  8.032  7.978  8.064
7.085  7.102  6.974  6.998  7.117  7.088  7.066  6.981  7.149  7.163  7.132  7.152  7.240  7.136  7.260  6.970  6.956  7.034  7.214  7.071  7.165  6.974  7.101  7.122  6.946  6.990  6.903  6.737  6.713  6.801  6.800  6.673  6.853  6.990  6.933  6.986  6.950  6.744  6.650  6.806  6.831  6.878
7.666  7.378  7.595  7.583  7.544  7.603  7.342  7.583  7.583  7.629  7.564  7.662  7.633  7.555  7.614  7.416  7.382  7.682  7.647  7.693  7.427  7.338  7.433  7.391  7.564  7.641  7.475  7.601  7.300  7.394  7.372  7.363  7.591  7.567  7.462  7.465  7.441  7.549  7.510  7.615  7.621  7.666
6.763  6.697  6.781  6.729  6.725  6.806  6.722  6.802  6.835  6.845  6.805  6.805  6.903  6.780  6.874  6.718  6.643  6.815  6.816  6.818  6.725  6.591  6.713  6.667  6.789  6.789  6.733  6.723  6.480  6.636  6.617  6.524  6.688  6.720  6.656  6.712  6.694  6.619  6.589  6.765  6.725  6.796
4.562  4.369  4.486  4.308  4.464  4.489  4.369  4.575  4.382  4.673  4.472  4.657  4.595  4.554  4.595  4.382  4.331  4.554  4.700  4.500  4.511  4.304  4.466  4.341  4.394  4.431  4.256  4.331  4.111  4.182  4.317  4.284  4.454  4.500  4.369  4.407  4.344  4.481  4.454  4.407  4.317  4.354
4.253  3.951  4.143  4.127  4.220  4.078  4.127  4.043  4.108  4.344  3.970  4.231  4.317  4.288  4.281  4.190  4.127  4.205  4.248  4.263  4.241  3.932  4.060  4.078  3.932  3.951  3.998  4.060  4.007  3.951  4.007  4.143  4.078  4.078  4.174  4.234  4.094  4.260  4.174  4.078  4.040  4.174
7.969  7.696  7.856  7.920  8.003  8.034  7.810  8.003  7.991  8.032  7.959  8.039  7.971  7.966  8.016  7.833  7.672  7.989  8.102  7.976  7.857  7.658  7.755  7.714  7.862  7.879  7.701  7.884  7.528  7.573  7.712  7.639  7.848  7.876  7.776  7.745  7.761  7.891  7.784  7.883  7.818  7.909
6.172  5.883  6.033  6.190  6.232  6.260  6.178  6.151  6.511  6.229  6.190  6.479  6.317  6.297  6.456  6.111  6.047  6.292  6.431  6.216  6.387  5.991  6.075  6.111  6.252  6.351  5.976  5.976  5.690  5.974  5.918  5.916  6.089  6.188  6.073  6.157  6.174  6.040  6.136  5.979  6.152  6.207
