4.179  4.111  4.078  4.069  3.951  4.111  4.143  4.111  4.043  4.025  3.951  4.248  4.202  4.043  4.248  4.078  4.260  4.111  4.116  4.111  4.263  4.127  4.220  4.127  3.761  3.850  4.111  3.784  3.714  3.951  4.111  3.932  3.932  4.043  3.989  3.912  3.871  4.025  3.951  3.829  3.784  3.908
3.967  3.970  3.888  3.738  3.938  3.850  3.918  4.004  3.932  3.989  3.714  4.025  4.025  4.094  4.094  4.031  4.007  3.912  4.094  3.970  3.932  3.892  3.912  3.970  3.850  3.757  3.908  3.761  3.664  3.714  4.025  3.892  3.829  3.861  3.761  3.912  3.807  4.025  3.714  3.689  3.784  3.867
4.920  4.771  5.004  4.787  4.847  4.856  4.771  4.843  4.816  4.828  4.913  4.970  4.990  4.898  5.088  4.796  4.796  4.963  4.875  4.986  4.956  4.802  4.883  5.021  4.762  4.771  4.828  4.779  4.718  4.920  4.920  4.771  4.771  4.796  4.844  4.736  4.796  4.804  4.828  4.881  4.642  4.820
4.762  4.615  4.804  4.804  4.677  4.760  4.700  4.654  4.811  4.718  4.741  4.779  4.852  4.811  4.934  4.721  4.736  4.700  4.796  4.796  4.820  4.659  4.710  4.926  4.615  4.644  4.682  4.745  4.554  4.682  4.635  4.644  4.752  4.677  4.673  4.871  4.663  4.593  4.575  4.677  4.696  4.691
4.635  4.700  4.663  4.756  4.516  4.635  4.682  4.625  4.769  4.802  4.407  4.782  4.671  4.620  4.691  4.659  4.559  4.673  4.625  4.762  4.877  4.700  4.615  4.745  4.595  4.625  4.575  4.559  4.554  4.489  4.522  4.691  4.673  4.630  4.554  4.615  4.543  4.505  4.554  4.443  4.413  4.680
4.997  5.050  4.771  4.758  4.890  4.913  5.037  5.004  5.050  5.175  4.956  5.097  5.130  4.970  5.001  4.949  4.920  4.860  5.043  4.890  5.100  4.942  4.949  4.902  4.852  4.836  4.942  4.775  4.564  4.779  4.905  4.754  4.868  4.913  4.920  4.868  4.819  4.944  4.828  4.984  4.782  4.858
4.575  4.595  4.823  4.344  4.419  4.570  4.466  4.419  4.575  4.644  4.511  4.477  4.682  4.489  4.710  4.727  4.593  4.700  4.682  4.673  4.644  4.564  4.543  4.605  4.394  4.522  4.449  4.392  4.277  4.498  4.337  4.500  4.419  4.511  4.562  3.989  4.511  4.331  4.407  4.331  4.419  4.344
5.403  5.236  5.231  5.165  5.263  5.338  5.198  5.209  5.288  5.489  5.375  5.268  5.388  5.321  5.357  5.312  5.233  5.247  5.380  5.308  5.257  5.242  5.278  5.389  4.965  5.063  5.215  5.043  5.032  5.147  5.204  5.075  5.165  5.100  5.267  4.543  5.262  5.249  5.273  5.193  5.112  5.153
4.013  3.995  3.951  4.025  3.912  3.846  3.892  4.069  3.985  4.187  3.989  3.892  4.159  4.022  4.043  4.025  3.932  3.912  4.108  3.985  3.912  3.951  3.970  3.967  3.824  3.846  3.761  3.892  3.761  3.951  3.932  3.761  3.912  3.947  3.850  3.850  3.784  3.807  4.007  3.829  3.757  3.892
3.989  4.007  4.043  3.989  3.850  3.932  3.951  3.970  3.951  3.989  3.867  4.094  4.091  4.060  4.263  3.932  4.086  3.989  4.159  4.174  4.202  4.007  3.970  4.022  4.052  3.970  3.784  3.850  3.807  3.807  3.839  3.867  3.829  4.060  3.850  3.850  3.733  3.871  3.989  3.850  3.829  4.025
5.123  4.754  4.956  5.011  5.088  5.004  4.909  5.013  4.947  5.081  4.984  5.118  5.273  5.140  5.198  5.349  5.165  5.453  4.977  5.175  5.024  4.979  4.762  4.836  4.732  4.710  4.836  4.762  4.431  4.760  4.762  4.827  4.671  4.922  4.890  4.875  4.691  4.844  4.673  4.927  4.812  4.871
4.673  4.630  4.543  4.663  4.663  4.635  4.625  4.567  4.630  4.564  4.732  4.585  4.787  4.775  4.620  4.700  4.593  4.668  4.820  4.682  4.847  4.754  4.685  4.598  4.575  4.419  4.498  4.466  4.277  4.500  4.466  4.477  4.440  4.527  4.477  4.575  4.564  4.277  4.248  4.500  4.277  4.511
4.431  4.431  4.407  4.489  4.431  4.419  4.522  4.328  4.277  4.511  4.443  4.500  4.554  4.522  4.644  4.290  4.454  4.419  4.666  4.527  4.654  4.464  4.543  4.477  4.419  4.317  4.315  4.260  4.143  4.234  4.248  4.369  4.290  4.344  4.394  4.341  4.304  4.369  4.304  4.288  4.290  4.174
4.489  4.344  4.382  4.489  4.477  4.317  4.344  4.337  4.331  4.419  4.500  4.317  4.538  4.500  4.554  4.256  4.382  4.419  4.416  4.533  4.710  4.443  4.344  4.533  4.159  4.205  4.277  4.212  3.912  4.234  4.127  4.331  4.304  4.315  4.220  4.410  4.220  4.357  4.174  4.205  4.234  4.277
4.779  4.554  4.868  4.771  4.762  4.663  4.543  4.644  4.522  4.727  4.583  4.691  4.644  4.718  4.779  4.554  4.673  4.489  4.727  4.771  4.676  4.673  4.635  4.727  4.477  4.431  4.431  4.443  4.369  4.304  4.605  4.605  4.543  4.718  4.585  4.700  4.477  4.585  4.428  4.511  4.404  4.575
4.862  4.732  4.762  4.816  4.852  4.754  4.710  4.828  4.710  4.836  4.730  4.771  4.963  4.902  5.034  4.595  4.690  4.741  5.030  4.956  4.949  4.796  4.762  4.868  4.477  4.562  4.615  4.543  4.522  4.687  4.644  4.796  4.682  4.820  4.828  4.745  4.654  4.762  4.564  4.736  4.644  4.700
5.325  5.081  5.215  5.165  5.273  5.193  5.214  5.130  5.106  5.307  5.152  5.207  5.396  5.318  5.347  5.142  5.247  5.011  5.278  5.384  5.394  5.361  5.236  5.380  4.990  5.187  5.089  4.890  4.934  4.920  5.017  5.043  5.124  5.204  5.242  5.193  5.130  5.115  5.106  5.030  5.094  5.037
4.771  4.564  4.673  4.710  4.752  4.585  4.509  4.489  4.671  4.734  4.595  4.687  4.875  4.828  4.868  4.543  4.605  4.454  4.796  4.812  4.710  4.752  4.522  4.754  4.691  4.605  4.511  4.466  4.431  4.533  4.263  4.477  4.700  4.533  4.625  4.454  4.570  4.642  4.514  4.454  4.578  4.554
4.477  4.472  4.625  4.498  4.503  4.419  4.489  4.575  4.494  4.654  4.575  4.644  4.779  4.573  4.615  4.419  4.344  4.615  4.644  4.769  4.543  4.554  4.644  4.625  4.454  4.382  4.369  4.354  4.246  4.440  4.369  4.380  4.522  4.454  4.543  4.509  4.317  4.344  4.344  4.454  4.437  4.328
4.174  3.970  4.086  4.290  4.209  4.060  4.007  4.007  4.116  4.253  4.248  4.248  4.301  4.297  4.246  4.094  4.083  4.174  4.290  4.422  4.263  3.970  4.167  4.220  3.970  3.970  3.829  4.108  3.807  3.871  3.850  4.025  4.263  4.202  4.078  4.159  4.187  4.270  4.159  4.094  4.078  3.970
5.204  5.063  5.112  5.118  5.063  5.004  4.745  5.017  5.063  5.133  5.094  5.024  5.081  5.052  5.236  4.875  4.868  5.147  5.142  5.204  5.024  5.011  4.883  5.004  4.920  4.754  4.754  4.898  4.567  4.700  4.860  4.754  5.036  4.913  4.940  4.956  4.796  5.120  5.130  4.875  4.927  4.819
5.328  4.963  5.390  4.736  4.564  4.382  4.543  4.635  4.920  4.871  4.691  4.756  4.762  4.771  4.970  4.554  4.443  4.779  4.654  4.868  4.754  4.477  4.585  4.840  4.431  4.500  4.559  4.489  4.159  4.503  4.388  4.595  4.663  4.726  4.543  4.585  4.564  4.973  4.756  4.779  5.050  5.075
