4.762  4.466  4.671  4.580  4.564  4.419  4.605  4.754  4.714  4.700  4.575  4.703  4.682  4.625  4.691  4.454  4.489  4.509  4.605  4.654  4.625  4.564  4.585  4.691  4.514  4.575  4.533  4.277  4.205  4.357  4.477  4.416  4.570  4.317  4.564  4.466  4.388  4.585  4.492  4.520  4.369  4.585
4.060  4.066  4.022  4.190  3.970  3.951  4.060  3.932  4.179  4.179  4.043  4.179  4.290  4.234  4.209  4.140  3.807  4.086  3.985  4.190  4.182  4.159  4.043  4.094  3.846  3.829  3.989  3.970  3.784  3.802  4.004  3.912  4.108  3.928  4.132  4.057  3.892  3.980  3.932  3.932  3.861  4.108
4.159  4.025  4.159  4.543  4.248  4.094  4.094  4.025  4.094  4.124  4.043  4.187  4.111  4.159  4.220  4.164  3.867  4.060  4.205  4.043  4.156  4.025  4.078  4.220  4.127  4.094  3.898  4.290  3.850  3.892  4.069  4.040  3.951  3.970  4.060  3.951  3.947  4.116  4.091  4.086  3.912  4.159
4.288  4.022  3.970  4.143  3.970  3.912  3.932  3.912  4.007  4.148  4.043  3.912  4.132  4.057  3.932  4.007  3.888  3.989  4.043  4.004  3.995  3.951  3.912  4.111  3.829  3.888  3.857  3.738  3.951  4.034  4.111  3.871  3.871  3.951  3.995  4.040  3.807  3.938  3.912  3.892  3.738  4.060
4.904  4.898  4.868  4.942  4.787  4.779  4.858  4.804  4.804  5.088  4.843  5.034  4.852  4.762  4.927  4.687  4.796  4.635  4.997  4.942  4.858  4.820  4.714  4.787  4.625  4.625  4.654  4.676  4.663  4.564  4.726  4.769  4.777  4.727  4.820  4.790  4.828  4.856  4.727  4.682  4.654  4.640
4.094  4.220  4.190  4.248  4.304  4.190  4.007  4.205  4.143  4.454  4.301  4.369  4.277  4.111  4.241  4.224  4.159  4.040  4.220  4.277  4.246  4.331  3.989  4.277  4.190  4.025  4.078  3.985  3.967  3.871  4.234  4.260  4.234  4.270  4.277  4.143  4.159  4.205  4.060  4.060  4.094  4.174
4.498  4.431  4.494  4.522  4.640  4.605  4.431  4.575  4.443  4.771  4.635  4.699  4.727  4.682  4.741  4.585  4.344  4.562  4.710  4.727  4.575  4.590  4.394  4.454  4.304  4.466  4.489  4.304  4.143  4.159  4.394  4.277  4.554  4.588  4.382  4.575  4.489  4.620  4.472  4.498  4.394  4.460
4.595  4.511  4.543  4.635  4.564  4.605  4.673  4.564  4.575  4.673  4.516  4.727  4.796  4.644  4.898  4.666  4.481  4.454  4.575  4.736  4.700  4.585  4.745  4.511  4.464  4.466  4.466  4.290  4.281  4.489  4.543  4.431  4.615  4.549  4.635  4.615  4.489  4.564  4.489  4.464  4.509  4.498
4.511  4.419  4.511  4.500  4.509  4.642  4.419  4.452  4.682  4.511  4.419  4.533  4.573  4.575  4.644  4.527  4.246  4.673  4.503  4.625  4.595  4.543  4.431  4.575  4.248  4.263  4.357  4.357  4.127  4.431  4.290  4.392  4.605  4.331  4.317  4.530  4.344  4.357  4.205  4.382  4.331  4.525
4.419  4.511  4.559  4.454  4.472  4.543  4.317  4.511  4.615  4.443  4.443  4.605  4.663  4.585  4.682  4.304  4.304  4.522  4.615  4.440  4.762  4.454  4.511  4.654  4.394  4.263  4.477  4.344  4.094  4.357  4.290  4.317  4.549  4.511  4.522  4.344  4.477  4.328  4.205  4.466  4.344  4.454
4.127  3.714  4.127  3.912  4.043  4.220  3.892  4.004  4.159  3.951  3.829  3.807  4.094  3.912  4.007  3.850  4.078  4.220  4.277  4.111  4.156  4.040  3.892  4.331  3.892  3.871  3.773  3.871  3.892  4.007  3.733  4.043  4.078  3.871  3.807  3.784  3.824  3.829  3.664  3.871  4.043  4.111
3.555  3.481  3.784  3.689  3.555  3.696  3.726  3.624  3.784  3.761  3.526  3.689  3.829  3.555  3.784  3.624  3.784  4.048  3.807  4.060  3.829  3.908  3.664  3.908  3.584  3.555  3.466  3.619  3.584  3.664  3.466  3.584  4.238  3.624  3.526  3.761  3.584  3.526  3.526  3.611  3.658  3.689
4.848  4.718  4.771  4.934  4.754  4.710  4.635  4.736  4.644  4.927  4.820  4.796  4.868  4.787  4.844  4.682  4.595  4.836  4.898  4.819  4.812  4.787  4.919  4.812  4.710  4.615  4.605  4.765  4.419  4.595  4.652  4.700  4.836  4.708  4.875  4.787  4.625  4.796  4.710  4.673  4.644  4.595
5.246  5.153  5.112  5.165  5.176  5.030  5.186  5.200  5.182  5.268  5.198  5.236  5.357  5.145  5.361  5.176  5.124  5.142  5.193  5.262  5.220  5.239  5.187  5.147  5.017  5.011  4.963  4.951  4.949  5.011  5.112  5.075  5.147  5.227  5.094  5.145  5.106  5.204  5.142  4.984  4.997  5.069
4.260  4.234  4.143  4.234  4.135  3.951  4.025  4.187  4.078  4.263  4.111  4.290  4.477  4.290  4.277  4.174  4.220  4.094  4.190  4.373  4.241  4.140  4.187  4.156  4.025  3.970  4.078  3.871  3.807  4.007  4.094  4.190  4.202  4.263  4.277  4.220  4.171  4.205  4.174  4.078  4.248  4.025
3.520  3.466  3.584  3.367  3.611  3.520  3.526  3.578  3.526  3.555  3.332  3.555  3.541  3.738  3.761  3.632  3.611  3.584  3.689  3.738  3.684  3.664  3.526  3.584  3.497  3.367  3.497  3.526  3.296  3.466  3.332  3.466  3.466  3.466  3.367  3.526  3.401  3.497  3.466  3.401  3.401  3.434
3.951  3.989  3.989  3.932  3.892  3.912  4.078  3.995  4.043  4.060  3.951  3.951  4.277  4.108  4.111  3.871  4.060  3.912  4.078  4.159  4.094  4.174  3.951  3.951  3.912  3.892  3.892  3.807  3.802  3.928  3.850  3.951  4.060  3.918  3.912  3.989  3.829  4.007  3.888  3.951  3.784  3.957
4.111  3.922  4.164  4.159  4.220  4.060  4.094  4.111  4.078  4.344  4.111  4.234  4.311  4.401  4.382  4.078  4.060  4.078  4.263  4.263  4.234  4.060  4.034  4.190  3.989  4.078  4.007  4.043  3.951  4.091  3.989  4.004  4.277  4.040  4.094  3.951  3.985  4.205  4.127  4.078  4.094  4.057
4.615  4.431  4.564  4.554  4.543  4.489  4.654  4.486  4.644  4.605  4.823  4.625  4.843  4.554  4.691  4.554  4.718  4.492  4.615  4.654  4.949  4.800  4.633  4.718  4.573  4.533  4.673  4.369  4.354  4.357  4.543  4.533  4.666  4.760  4.564  4.691  4.605  4.605  4.673  4.522  4.382  4.673
4.187  4.220  4.301  4.290  4.159  4.220  4.159  4.263  4.220  4.277  4.127  4.263  4.503  4.331  4.331  4.295  4.440  4.290  4.253  4.304  4.369  4.489  4.304  4.466  4.164  4.127  4.220  4.231  4.174  4.174  4.227  4.290  4.238  4.331  4.159  4.401  4.159  4.344  4.057  4.069  3.932  4.248
4.407  4.575  4.440  4.369  4.552  4.489  4.500  4.392  4.635  4.575  4.595  4.562  4.654  4.771  4.727  4.500  4.394  4.394  4.654  4.554  4.605  4.500  4.443  4.585  4.422  4.419  4.328  4.369  4.317  4.301  4.500  4.350  4.419  4.554  4.489  4.489  4.382  4.431  4.422  4.205  4.331  4.407
4.004  3.985  4.143  3.912  4.025  3.951  3.951  4.022  4.220  4.281  3.871  4.060  4.317  4.256  4.220  4.043  4.078  3.989  4.094  4.111  4.190  4.025  4.060  4.043  3.871  3.912  4.132  3.912  4.007  3.871  3.932  3.892  3.989  4.094  4.127  4.111  3.932  4.025  4.094  3.850  3.951  3.850
