3.871  3.714  3.638  3.664  3.795  3.976  3.871  3.951  3.761  3.985  3.632  3.714  4.094  3.871  4.357  3.807  3.638  4.111  3.676  3.970  3.970  3.802  3.738  3.932  3.689  3.664  3.664  3.807  3.684  3.689  3.714  3.689  3.835  3.784  3.689  3.664  3.795  3.689  3.714  3.757  3.584  3.807
3.932  3.757  3.839  3.829  3.824  3.846  3.761  3.784  3.726  3.970  3.818  4.025  4.143  3.970  4.290  3.738  3.689  3.829  3.951  4.007  3.998  3.871  3.784  3.871  3.714  3.761  3.664  3.721  3.714  3.714  3.892  3.714  3.970  3.761  3.738  3.850  3.689  3.938  3.892  3.846  3.761  3.738
3.970  3.829  3.802  3.689  3.738  3.829  3.928  3.892  3.932  3.970  3.784  3.932  3.871  3.850  4.060  3.892  3.738  3.829  3.970  4.060  3.970  3.932  3.818  3.829  3.802  3.714  3.466  3.738  3.555  3.733  3.932  3.850  3.967  3.795  3.761  3.932  3.761  3.970  3.784  3.850  3.829  3.932
4.443  4.159  4.511  4.446  4.190  4.382  4.234  4.344  4.367  4.605  4.311  4.419  4.344  4.304  4.466  4.248  4.220  4.256  4.522  4.483  4.331  4.263  4.234  4.354  4.337  4.143  4.060  4.205  4.007  4.190  5.345  4.111  4.263  4.253  4.263  4.248  4.263  4.382  4.248  4.344  4.277  4.290
4.007  4.025  4.094  4.025  3.932  3.807  3.970  4.060  3.967  3.871  3.850  4.143  4.143  3.951  4.040  4.111  3.970  4.094  4.127  4.159  4.159  4.025  3.951  3.989  3.951  3.892  3.784  3.761  3.611  3.784  3.932  4.043  3.951  3.985  3.932  3.938  3.912  4.007  3.850  3.761  3.976  4.007
3.738  3.605  3.611  3.689  3.611  3.526  3.584  3.611  3.671  3.584  3.332  3.638  3.761  3.611  3.957  3.871  3.555  3.611  3.664  3.761  3.555  3.638  3.584  3.611  3.497  3.689  3.584  3.526  3.526  3.584  3.466  3.605  3.689  3.497  3.497  3.466  3.555  3.497  3.296  3.497  3.535  3.611
5.684  5.360  5.425  5.455  5.481  5.553  5.602  5.549  5.533  5.702  5.556  5.602  5.543  5.398  5.609  5.281  5.357  5.333  5.481  5.474  5.531  5.525  5.438  5.556  5.203  5.118  5.313  5.129  5.198  5.298  5.293  5.366  5.278  5.328  5.533  5.375  5.438  5.387  5.361  5.263  5.288  5.356
4.290  4.290  4.263  4.094  4.220  3.970  4.357  4.304  4.277  4.440  4.290  4.238  4.317  4.382  4.357  4.220  4.135  4.140  4.331  4.392  4.256  4.270  4.078  4.284  4.074  4.174  4.304  4.043  4.094  4.220  4.220  4.205  4.083  4.248  4.331  4.127  4.284  4.277  4.127  4.007  3.912  4.127
5.283  5.158  5.190  5.293  5.165  5.182  5.451  5.136  5.287  5.371  5.130  5.303  5.338  5.149  5.452  5.273  5.371  5.136  5.733  5.606  5.553  5.948  5.823  5.811  5.310  5.136  5.176  4.868  5.068  5.185  5.075  5.111  5.176  5.252  5.308  5.276  5.209  5.056  5.247  4.977  5.108  5.133
4.710  4.595  4.875  4.654  4.644  4.749  4.949  4.820  4.848  4.956  4.745  4.934  4.812  4.703  4.808  4.625  4.885  4.443  4.796  4.894  4.963  5.088  4.654  4.913  4.777  4.710  4.654  4.564  4.570  4.682  4.573  4.858  4.595  4.745  4.836  4.920  4.717  4.489  4.875  4.608  4.567  4.687
3.555  3.611  3.520  3.555  3.497  3.584  3.497  3.664  3.611  3.638  3.689  3.611  3.932  3.846  3.892  3.555  3.526  3.761  3.784  3.829  3.780  3.689  3.611  3.784  3.490  3.555  3.497  3.570  3.605  3.584  3.555  3.497  3.689  3.611  3.550  3.526  3.526  3.611  3.638  3.459  3.555  3.497
3.829  3.761  3.850  3.888  3.912  3.951  3.932  3.807  3.761  3.892  3.784  3.980  3.922  4.043  3.970  3.714  3.696  3.850  3.967  4.094  4.025  3.829  3.818  3.932  3.738  3.664  3.611  3.829  3.584  3.584  3.676  3.807  3.892  3.689  3.818  3.689  3.714  3.807  3.761  3.605  3.912  3.773
4.443  4.159  4.159  4.205  4.190  4.205  4.159  4.174  4.190  4.220  4.190  4.127  4.357  4.317  4.407  4.119  3.951  4.190  4.260  4.315  4.290  4.111  4.190  4.357  3.807  4.043  4.048  3.908  3.912  3.932  3.912  3.951  3.989  3.967  4.007  4.190  4.060  4.043  3.970  4.078  3.932  4.025
4.452  4.369  4.369  4.407  4.416  4.500  4.454  4.277  4.431  4.277  4.382  4.477  4.543  4.533  4.673  4.290  4.304  4.407  4.570  4.477  4.593  4.489  4.466  4.585  4.277  4.317  4.132  4.127  4.246  4.369  4.187  4.304  4.454  4.344  4.234  4.407  4.357  4.407  4.220  4.344  4.171  4.357
3.664  3.664  3.664  3.829  3.761  3.738  3.957  3.912  3.714  3.882  3.578  3.733  3.689  3.709  3.871  3.912  3.761  3.689  3.850  3.861  4.043  3.850  3.738  3.861  3.807  3.584  3.611  3.555  3.689  3.638  3.761  3.761  3.807  3.714  3.784  3.664  3.738  3.795  3.664  3.738  3.689  3.497
3.829  3.689  3.689  3.726  3.664  3.757  3.721  3.784  3.689  3.850  3.638  3.780  3.850  3.784  3.951  3.714  3.807  3.664  3.829  3.947  3.871  3.871  3.638  3.714  3.689  3.689  3.689  3.892  3.714  3.664  3.761  3.664  3.714  3.738  3.761  3.784  3.638  3.638  3.584  3.611  3.638  3.497
5.922  5.685  5.835  5.916  5.912  5.831  5.817  5.882  5.889  5.982  5.988  5.673  5.938  5.927  6.064  5.700  5.652  5.858  5.992  5.894  5.805  5.826  5.733  5.796  5.724  5.580  5.638  5.768  5.434  5.613  5.607  5.720  5.844  5.720  5.742  5.826  5.687  5.943  5.932  5.768  5.746  5.714
6.059  5.976  6.019  6.059  6.053  6.038  5.894  5.979  5.953  6.064  6.087  5.974  6.137  6.075  6.201  5.974  6.053  6.094  6.127  6.146  6.080  6.016  5.969  5.971  5.930  5.900  5.869  5.862  5.717  5.746  5.817  5.886  5.956  5.996  5.933  6.023  5.907  5.966  5.964  5.846  5.855  5.880
5.170  5.088  5.063  5.100  5.204  5.130  4.977  4.940  4.949  5.130  5.204  5.004  5.251  5.303  5.288  4.989  5.001  5.193  5.077  5.193  5.239  5.016  5.106  5.186  4.900  4.890  5.043  5.043  4.762  5.004  4.990  4.898  5.088  4.977  5.037  5.056  4.902  5.124  5.142  5.024  4.997  4.844
5.631  5.517  5.561  5.743  5.583  5.602  5.434  5.576  5.533  5.659  5.545  5.591  5.606  5.587  5.673  5.557  5.553  5.464  5.680  5.645  5.694  5.606  5.559  5.649  5.509  5.529  5.453  5.361  5.288  5.455  5.447  5.557  5.525  5.517  5.583  5.628  5.438  5.587  5.493  5.398  5.501  5.557
5.231  5.014  5.252  5.175  5.220  5.118  5.231  5.142  5.100  5.421  5.176  5.220  5.352  5.223  5.398  4.990  5.030  5.124  5.328  5.347  5.361  5.219  5.185  5.277  5.158  5.106  5.069  5.075  5.017  5.081  5.049  5.129  5.263  5.272  5.252  5.147  5.209  5.187  5.063  5.081  5.257  5.288
5.124  4.949  4.804  5.004  5.063  4.949  5.024  4.904  5.024  5.159  5.069  5.112  5.153  5.112  5.311  4.977  4.934  5.075  5.081  5.149  5.263  4.980  4.986  4.984  4.915  4.945  4.970  4.997  4.812  4.898  4.913  4.961  4.905  5.017  5.074  4.990  4.977  5.077  4.997  4.963  4.927  5.069
