6.404  6.292  6.268  6.142  6.312  6.314  6.222  6.247  6.432  6.545  6.471  6.388  6.436  6.324  6.362  6.392  6.102  6.440  6.507  6.214  6.341  6.353  6.385  6.315  6.241  6.298  6.238  6.426  6.223  6.341  6.273  6.135  6.083  6.211  6.295  6.304  6.238  6.355  6.240  6.347  6.157  6.377
4.605  4.585  4.628  4.600  4.613  4.618  4.543  4.615  4.608  4.682  4.543  4.654  4.771  4.739  4.690  4.625  4.466  4.595  4.605  4.615  4.585  4.633  4.644  4.727  4.404  4.564  4.466  4.605  4.618  4.469  4.520  4.489  4.554  4.575  4.407  4.580  4.407  4.718  4.567  4.477  4.431  4.562
5.620  5.615  5.501  5.572  5.598  5.720  5.663  5.724  5.694  5.677  5.670  5.737  5.823  5.705  5.811  5.699  5.447  5.513  5.733  5.620  5.684  5.587  5.609  5.549  5.565  5.697  5.576  5.645  5.497  5.576  5.626  5.403  5.425  5.638  5.617  5.605  5.620  5.568  5.523  5.572  5.587  5.552
4.205  4.248  4.127  4.234  4.205  4.277  4.301  4.248  4.431  4.277  4.124  4.344  4.407  4.304  4.419  4.231  4.174  4.143  4.369  4.159  4.394  4.369  4.159  4.187  4.094  4.263  4.025  4.190  4.007  4.220  4.043  4.315  4.094  4.344  4.171  4.304  4.301  4.111  4.127  4.060  4.111  4.205
5.979  5.737  5.916  5.737  5.799  5.829  5.900  5.838  5.764  5.872  5.932  5.964  5.989  5.961  5.966  5.849  5.685  5.953  5.905  5.892  5.808  5.781  5.846  5.821  5.900  5.886  5.771  5.869  5.649  5.753  5.707  5.710  5.746  5.958  5.820  5.798  5.793  5.823  5.759  5.808  5.684  5.903
5.537  5.366  5.464  5.360  5.296  5.327  5.442  5.468  4.963  5.112  5.519  5.505  5.509  5.377  5.533  5.447  5.287  5.393  5.371  5.328  5.537  5.247  5.501  5.352  5.375  5.264  5.389  5.181  4.934  5.153  5.268  5.147  5.019  5.293  5.234  5.541  5.193  5.215  5.412  5.313  5.109  5.318
5.106  4.920  4.898  4.977  4.947  4.956  4.905  4.956  4.902  5.100  5.056  5.066  5.078  4.965  5.045  4.796  4.787  4.883  4.956  5.011  5.027  4.787  4.844  5.069  4.866  4.868  4.961  4.911  4.779  4.816  4.927  4.804  4.913  4.990  4.860  5.004  4.779  4.800  4.796  4.844  4.798  4.954
4.489  4.585  4.525  4.357  4.466  4.489  4.644  4.477  4.489  4.710  4.644  4.605  4.642  4.668  4.700  4.253  4.443  4.533  4.595  4.575  4.625  4.466  4.382  4.559  4.466  4.466  4.477  4.341  4.234  4.290  4.382  4.369  4.369  4.554  4.344  4.419  4.331  4.428  4.248  4.369  4.431  4.452
6.703  6.699  6.565  6.640  6.691  6.673  6.600  6.666  6.616  6.635  6.723  6.622  6.781  6.736  6.783  6.657  6.480  6.808  6.719  6.581  6.608  6.519  6.646  6.675  6.624  6.586  6.621  6.646  6.486  6.528  6.642  6.467  6.507  6.670  6.626  6.661  6.666  6.489  6.479  6.709  6.576  6.628
4.682  4.844  4.585  4.836  4.812  4.771  4.787  4.736  4.808  4.736  4.736  4.369  4.896  4.883  4.975  4.691  4.673  4.881  4.796  4.710  4.787  4.796  4.860  4.883  4.635  4.718  4.710  4.754  4.696  4.754  4.710  4.419  4.585  4.754  4.736  4.875  4.868  4.511  4.546  4.835  4.673  4.718
5.697  5.428  5.472  5.308  5.561  5.533  5.447  5.541  5.492  5.609  5.561  5.620  5.609  5.435  5.609  5.467  5.242  5.572  5.468  5.553  5.601  5.318  5.318  5.455  5.416  5.583  5.379  5.407  5.198  5.263  5.429  5.303  5.360  5.505  5.406  5.375  5.308  5.545  5.420  5.434  5.464  5.438
4.570  4.500  4.500  4.369  4.472  4.419  4.419  4.625  4.466  4.615  4.554  4.595  4.615  4.633  4.700  4.514  4.431  4.615  4.635  4.522  4.710  4.511  4.407  4.575  4.554  4.489  4.369  4.446  4.382  4.297  4.394  4.477  4.522  4.483  4.509  4.304  4.443  4.454  4.373  4.315  4.407  4.369
5.775  5.622  5.710  5.618  5.652  5.730  5.595  5.728  5.572  5.797  5.613  5.759  5.897  5.707  5.846  5.566  5.620  5.700  5.714  5.677  5.595  5.635  5.595  5.590  5.720  5.740  5.641  5.572  5.442  5.609  5.577  5.677  5.545  5.624  5.707  5.705  5.727  5.756  5.635  5.609  5.576  5.720
5.509  5.342  5.425  5.316  5.412  5.352  5.371  5.363  5.365  5.580  5.485  5.438  5.620  5.455  5.521  5.330  5.371  5.389  5.493  5.434  5.446  5.464  5.366  5.394  5.366  5.330  5.329  5.170  5.182  5.268  5.384  5.187  5.215  5.347  5.429  5.509  5.306  5.394  5.226  5.354  5.198  5.298
6.685  6.248  6.460  6.312  6.511  6.513  6.269  6.433  6.444  6.683  6.554  6.507  6.682  6.566  6.560  6.430  6.135  6.563  6.483  6.483  6.160  6.223  6.351  6.361  6.283  6.467  6.430  6.510  6.174  6.195  6.322  5.894  6.239  6.223  6.170  6.292  6.310  6.500  6.441  6.553  6.230  6.412
5.656  5.352  5.502  5.468  5.529  5.549  5.440  5.630  5.604  5.694  5.714  5.749  6.047  5.901  5.919  5.470  5.347  5.636  5.609  5.690  5.452  5.357  5.489  5.451  5.352  5.562  5.461  5.533  5.357  5.379  5.471  5.069  5.360  5.384  5.403  5.488  5.371  5.583  5.308  5.505  5.371  5.455
6.402  6.377  6.370  6.407  6.431  6.412  6.306  6.399  6.435  6.485  6.404  6.418  6.560  6.458  6.569  6.329  6.236  6.439  6.498  6.432  6.399  6.354  6.418  6.416  6.263  6.152  6.254  6.284  6.190  6.217  6.275  6.163  6.271  6.361  6.312  6.342  6.297  6.320  6.198  6.333  6.269  6.366
5.193  5.136  5.106  5.190  5.145  5.215  5.215  5.019  5.142  5.207  5.176  5.204  5.226  5.303  5.366  4.945  5.136  5.056  5.429  5.056  5.268  5.220  5.204  5.288  5.130  5.045  5.037  4.933  4.875  5.083  4.999  5.004  4.990  4.997  5.136  5.212  5.004  4.919  5.017  5.042  4.996  5.115
4.997  4.933  4.779  4.881  4.828  4.896  4.779  4.844  4.875  5.050  4.875  4.927  5.004  4.990  5.056  4.890  4.771  5.063  4.990  4.963  4.954  4.862  4.868  4.934  4.844  4.927  4.890  4.812  4.771  4.790  4.927  4.758  4.779  4.836  4.889  4.915  4.875  4.977  4.905  4.997  4.762  4.890
4.823  4.852  4.677  4.734  4.700  4.691  4.677  4.754  4.511  4.787  4.820  4.732  4.836  4.771  4.913  4.583  4.745  4.736  4.820  4.700  4.883  4.700  4.726  4.762  4.687  4.635  4.736  4.615  4.613  4.615  4.625  4.673  4.595  4.663  4.677  4.673  4.615  4.682  4.666  4.654  4.543  4.663
5.220  4.997  5.118  5.204  5.170  5.123  5.043  5.094  5.147  5.111  4.977  5.100  5.333  5.081  5.209  4.934  4.990  5.129  5.293  5.293  5.080  5.081  5.099  5.069  5.063  5.036  4.990  4.970  4.963  5.056  5.056  5.030  5.126  4.990  5.111  5.056  5.045  5.047  5.198  4.990  5.003  5.088
4.357  4.277  4.311  4.394  4.354  4.304  4.304  4.369  4.394  4.454  4.392  4.398  4.522  4.522  4.633  4.443  4.321  4.543  4.511  4.745  4.595  4.317  4.357  4.509  4.220  4.367  4.248  4.248  4.248  4.143  4.234  4.190  4.416  4.220  4.440  4.357  4.304  4.595  4.407  4.382  4.344  4.304
