4.190  4.231  4.159  4.060  4.143  4.156  4.074  4.143  4.111  4.256  4.135  4.174  4.231  4.159  4.454  4.111  4.007  4.025  4.143  4.317  4.344  4.108  4.205  4.143  4.043  4.127  3.932  4.060  4.078  3.850  4.127  4.094  4.060  4.043  4.034  4.094  4.025  4.127  3.989  4.007  4.043  4.025
4.718  4.472  4.605  4.654  4.663  4.796  4.682  4.718  4.652  4.736  4.588  4.682  4.890  4.710  4.890  4.654  4.466  4.543  4.691  4.858  4.736  4.500  4.509  4.625  4.398  4.585  4.511  4.595  4.324  4.407  4.500  4.443  4.477  4.511  4.610  4.585  4.564  4.635  4.554  4.454  4.443  4.682
5.342  5.318  5.317  5.357  5.273  5.273  5.389  5.338  5.375  5.580  5.308  5.494  5.451  5.361  5.460  5.338  5.380  5.268  5.464  5.455  5.587  5.429  5.333  5.357  5.444  5.247  5.208  5.142  5.193  5.198  5.239  5.371  5.360  5.375  5.431  5.273  5.283  5.345  5.267  5.268  5.303  5.333
6.131  6.089  6.133  6.162  6.006  6.109  6.263  6.263  6.205  6.293  6.116  6.363  6.186  6.061  6.234  6.124  6.126  5.940  6.278  6.087  6.402  6.206  6.089  6.110  6.207  6.188  6.068  5.945  5.903  6.061  6.047  6.127  6.138  6.225  6.286  6.169  6.129  5.996  5.999  5.974  6.096  6.139
4.454  4.290  4.357  4.398  4.419  4.344  4.443  4.331  4.419  4.522  4.263  4.564  4.486  4.443  4.489  4.367  4.248  4.290  4.394  4.554  4.419  4.511  4.357  4.394  4.331  4.304  4.348  4.234  4.304  4.382  4.331  4.533  4.407  4.354  4.369  4.234  4.317  4.187  4.290  4.119  4.304  4.274
4.663  4.466  4.663  4.559  4.585  4.654  4.585  4.522  4.700  4.796  4.557  4.654  4.575  4.644  4.796  4.575  4.522  4.635  4.718  4.635  4.718  4.543  4.583  4.595  4.522  4.431  4.440  4.543  4.575  4.308  4.564  4.394  4.654  4.516  4.615  4.419  4.290  4.317  4.407  4.505  4.437  4.593
5.493  5.596  5.451  5.357  5.509  5.586  5.493  5.549  5.442  5.427  5.497  5.643  5.595  5.602  5.466  5.505  5.288  5.457  5.549  5.591  5.556  5.513  5.583  5.515  5.431  5.357  5.568  5.371  5.182  5.302  5.464  5.375  5.293  5.412  5.380  5.438  5.460  5.505  5.485  5.485  5.365  5.142
5.407  5.384  5.176  5.153  5.263  5.323  5.187  5.303  5.220  5.227  5.318  5.328  5.394  5.394  5.394  5.421  5.088  5.352  5.357  5.357  5.329  5.185  5.384  5.437  5.249  5.165  5.139  5.247  5.029  5.069  5.323  5.088  5.017  5.242  5.133  5.288  5.165  5.227  5.263  5.187  5.118  4.779
5.209  5.242  5.203  5.209  5.146  5.247  5.231  5.298  5.283  5.375  5.303  5.324  5.421  5.281  5.447  5.247  5.170  5.165  5.371  5.365  5.371  5.298  5.175  5.429  5.159  5.056  5.100  5.078  5.042  5.124  5.136  4.997  5.247  5.111  5.159  5.220  5.220  5.106  5.056  5.142  5.088  5.043
4.868  4.927  4.862  4.920  4.756  4.673  4.836  4.852  4.868  4.982  4.949  4.933  4.966  4.832  4.990  4.920  4.831  4.956  4.854  5.050  4.990  4.949  4.904  5.037  4.787  4.663  4.779  4.718  4.649  4.691  4.708  4.762  4.812  4.718  4.931  4.942  4.745  4.682  4.875  4.745  4.573  4.812
4.575  4.466  4.505  4.575  4.394  4.363  4.580  4.662  4.554  4.552  4.580  4.580  4.718  4.620  4.754  4.410  4.575  4.304  4.533  4.771  4.696  4.583  4.443  4.613  4.573  4.654  4.407  4.348  4.274  4.404  4.464  4.344  4.644  4.500  4.443  4.511  4.554  4.373  4.357  4.263  4.554  4.454
4.060  4.078  4.025  3.989  4.025  3.850  3.951  3.892  4.060  4.212  3.871  4.099  4.202  4.040  4.159  3.892  3.967  4.025  4.164  4.127  4.159  4.094  3.951  4.194  4.025  3.970  4.004  3.714  3.951  3.892  3.892  4.205  3.989  3.912  4.135  4.007  3.961  3.985  3.867  3.784  3.871  4.060
4.489  4.489  4.394  4.419  4.357  4.446  4.407  4.454  4.357  4.559  4.543  4.503  4.605  4.525  4.615  4.443  4.416  4.522  4.690  4.691  4.431  4.533  4.522  4.466  4.290  4.263  4.380  4.171  4.127  4.308  4.317  4.304  4.205  4.477  4.335  4.274  4.331  4.369  4.449  4.404  4.060  4.454
4.758  4.635  4.870  4.682  4.564  4.663  4.533  4.700  4.682  4.676  4.635  4.682  4.533  4.541  4.779  4.554  4.489  4.644  4.564  4.603  4.920  4.511  4.605  4.752  4.443  4.475  4.652  4.431  4.533  4.481  4.673  4.522  4.625  4.605  4.559  4.644  4.564  4.603  4.654  4.500  4.454  4.673
4.605  4.500  4.489  4.454  4.511  4.585  4.500  4.477  4.483  4.682  4.580  4.511  4.585  4.554  4.700  4.419  4.477  4.595  4.583  4.748  4.635  4.401  4.588  4.673  4.295  4.431  4.382  4.369  4.290  4.304  4.710  4.654  4.718  4.449  4.500  4.543  4.344  4.477  4.477  4.354  4.277  4.431
4.419  4.331  4.290  4.477  4.454  4.394  4.344  4.419  4.382  4.489  4.454  4.511  4.564  4.460  4.533  4.317  4.431  4.357  4.369  4.570  4.615  4.511  4.543  4.595  4.284  4.407  4.317  4.489  4.431  4.500  4.234  4.407  4.454  4.277  4.394  4.483  4.431  4.344  4.466  4.344  4.440  4.281
4.911  4.771  4.812  4.919  4.963  4.812  4.811  4.868  4.889  4.984  4.777  4.984  4.992  4.844  4.984  4.754  4.745  4.898  5.114  4.990  4.885  4.804  4.868  4.852  4.682  4.654  4.718  4.700  4.595  4.749  4.708  4.844  4.956  4.787  4.792  4.734  4.902  4.828  4.827  4.787  4.745  4.836
5.380  5.268  5.204  5.247  5.338  5.236  5.086  5.273  5.112  5.412  5.270  5.257  5.403  5.342  5.507  5.247  5.088  5.239  5.485  5.439  5.303  5.267  5.328  5.308  5.117  5.080  5.037  5.011  4.949  5.009  5.187  5.017  5.209  5.078  5.108  5.259  5.187  5.290  5.193  5.136  5.069  5.228
3.714  3.813  3.850  3.784  3.908  3.709  3.714  3.802  3.829  3.871  3.780  3.829  3.829  4.025  4.043  3.689  3.850  3.871  3.989  3.912  3.989  3.871  3.761  3.761  3.664  3.689  3.784  3.664  3.555  3.664  3.638  3.932  3.829  3.689  3.638  3.664  3.795  3.850  3.912  3.611  3.871  3.807
3.951  4.108  3.951  4.143  4.078  4.127  3.912  3.970  4.159  4.143  3.932  4.043  4.277  4.344  4.159  3.970  4.111  3.951  4.179  4.331  4.159  4.190  3.951  4.007  3.970  3.871  3.850  3.867  3.976  3.738  3.970  3.970  3.989  4.143  3.824  4.066  3.951  3.998  4.016  4.127  4.127  4.025
4.007  3.761  3.850  3.947  3.871  3.850  3.951  3.784  4.099  4.034  3.584  4.007  4.066  3.998  4.119  3.976  3.942  3.757  4.025  4.187  4.043  4.078  3.892  4.103  3.871  3.980  3.908  3.867  3.871  3.957  3.689  4.043  4.143  4.159  3.989  3.951  3.871  3.738  3.861  3.761  3.867  3.932
3.605  3.611  3.795  3.664  3.689  3.584  3.738  3.761  3.664  3.888  3.434  3.726  3.902  3.942  4.156  3.658  3.807  3.714  4.004  3.888  3.829  3.761  3.526  3.714  3.795  3.570  3.671  3.738  3.597  3.645  3.638  3.961  3.611  3.795  3.689  3.658  3.714  3.638  3.578  3.526  3.768  3.632
