4.575  4.538  4.419  4.623  4.522  4.522  4.663  4.554  4.543  4.623  4.625  4.533  4.477  4.605  4.625  4.564  4.431  4.500  4.489  4.662  4.625  4.635  4.585  4.654  4.498  4.317  4.466  4.344  4.369  4.290  4.454  4.357  4.369  4.382  4.419  4.369  4.500  4.357  4.533  4.419  4.466  4.454
4.522  4.466  4.511  4.234  4.290  4.357  4.431  4.344  4.344  4.419  4.392  4.407  4.552  4.428  4.481  4.394  4.324  4.344  4.443  4.503  4.392  4.341  4.477  4.443  4.220  4.187  4.205  4.127  4.094  4.205  4.317  4.263  4.290  4.205  4.394  4.220  4.407  4.260  4.190  4.194  4.094  4.357
5.820  5.694  5.725  5.707  5.724  5.962  5.855  5.796  5.908  5.935  5.966  5.932  5.935  5.753  5.841  5.820  5.707  5.811  5.874  5.808  5.883  5.841  5.883  5.749  5.753  5.687  5.749  5.692  5.553  5.730  5.789  5.347  5.685  5.715  5.749  5.858  5.835  5.814  5.670  5.753  5.687  5.814
5.037  5.030  4.913  4.868  4.893  5.064  5.064  4.868  4.977  4.956  5.024  5.029  4.990  5.024  5.037  4.931  4.977  4.779  5.039  5.050  5.120  5.030  4.984  5.193  4.766  4.804  4.887  4.727  4.819  4.868  4.860  4.638  4.820  4.898  4.836  4.951  4.956  4.736  4.844  4.762  4.934  4.907
4.754  4.394  4.516  4.380  4.552  4.511  4.525  4.613  4.691  4.779  4.500  4.595  4.585  4.475  4.673  4.382  4.394  4.511  4.585  4.625  4.443  4.511  4.431  4.382  4.452  4.554  4.419  4.357  4.315  4.328  4.328  4.398  4.304  4.431  4.443  4.434  4.428  4.369  4.552  4.538  4.350  4.603
4.344  4.234  4.328  4.111  4.290  4.171  4.190  4.407  4.205  4.477  4.290  4.443  4.464  4.324  4.277  4.060  4.197  4.263  4.357  4.277  4.367  4.148  4.174  4.190  4.025  4.127  4.108  4.159  3.961  4.174  4.111  4.025  4.111  4.143  4.246  4.197  4.119  4.190  4.074  4.111  4.091  4.317
4.771  4.673  4.828  4.745  4.815  4.796  4.804  4.745  4.749  4.820  4.739  4.875  4.852  4.885  4.898  4.654  4.691  4.915  4.850  4.852  5.004  4.828  4.710  4.927  4.522  4.654  4.736  4.635  4.615  4.595  4.779  4.745  4.666  4.836  4.760  4.644  4.745  4.723  4.635  4.657  4.736  4.824
4.220  4.007  4.052  3.942  4.078  4.124  4.127  4.190  4.094  4.197  4.148  4.174  4.248  4.369  4.260  4.190  4.007  4.220  4.190  4.174  4.331  4.043  4.205  4.043  4.007  4.022  4.074  4.007  4.111  3.970  4.190  4.094  4.187  4.290  4.194  4.069  4.043  4.043  4.043  4.124  3.912  4.111
4.963  4.870  4.771  4.783  4.860  4.820  4.875  4.820  4.736  4.984  4.820  4.860  4.905  4.875  4.844  4.779  4.745  4.852  4.852  4.717  4.868  4.796  4.766  4.890  4.543  4.585  4.723  4.489  4.454  4.443  4.691  4.700  4.663  4.700  4.699  4.881  4.662  4.625  4.766  4.649  4.443  4.511
5.666  5.585  5.645  5.565  5.517  5.468  5.505  5.613  5.517  5.762  5.715  5.680  5.642  5.638  5.677  5.442  5.447  5.553  5.587  5.557  5.598  5.407  5.549  5.541  5.421  5.407  5.387  5.260  5.176  5.145  5.429  5.371  5.347  5.485  5.580  5.366  5.231  5.476  5.434  5.371  5.292  5.472
5.997  5.866  5.892  5.886  5.849  5.826  5.857  5.840  5.781  6.006  6.033  5.849  5.953  5.996  5.999  5.768  5.727  5.785  5.793  5.855  5.903  5.864  5.903  5.935  5.638  5.684  5.677  5.704  5.595  5.580  5.927  5.746  5.739  5.700  5.704  5.754  5.659  5.737  5.808  5.697  5.606  5.680
6.431  6.265  6.256  6.315  6.265  6.273  6.198  6.261  6.207  6.439  6.336  6.254  6.354  6.212  6.405  6.269  5.964  6.224  6.244  6.292  6.269  6.262  6.326  6.366  6.012  6.066  6.064  6.084  5.989  6.008  6.277  6.129  6.130  6.163  6.138  6.173  6.120  6.091  6.126  6.110  6.023  6.087
4.844  4.794  4.836  4.812  4.783  4.885  4.881  4.956  4.796  4.990  4.913  4.898  4.986  4.850  4.990  4.691  4.654  4.682  4.796  4.718  4.896  4.710  4.828  4.820  4.787  4.595  4.671  4.533  4.595  4.633  4.718  4.691  4.762  4.828  4.754  4.736  4.682  4.745  4.615  4.700  4.595  4.718
4.317  4.220  4.382  4.443  4.454  4.475  4.458  4.398  4.331  4.575  4.407  4.543  4.331  4.464  4.649  4.290  4.277  4.270  4.277  4.407  4.595  4.331  4.335  4.618  4.382  4.220  4.159  4.394  4.174  4.290  4.212  4.369  4.394  4.331  4.522  4.277  4.380  4.159  4.234  4.151  4.472  4.205
5.252  5.017  5.124  5.136  5.162  5.182  5.209  5.352  5.352  5.322  5.242  5.257  5.247  5.198  5.204  5.075  5.114  5.040  5.247  5.251  5.100  5.140  5.086  5.037  5.037  5.004  4.984  4.920  4.856  5.024  5.118  4.990  5.192  5.124  5.123  5.094  5.063  5.159  5.136  5.063  5.037  5.011
5.176  4.913  5.017  4.963  5.075  5.142  5.130  5.024  5.198  5.380  5.094  5.100  5.106  5.017  5.153  4.898  4.904  4.911  5.165  5.146  5.047  5.030  4.952  4.999  4.968  4.875  4.868  4.916  4.980  4.844  4.911  4.949  4.956  5.011  5.112  5.004  4.984  4.990  4.984  4.828  4.883  5.014
5.881  5.857  5.775  5.624  5.826  5.930  5.733  5.816  5.811  5.958  5.841  5.808  5.989  6.014  5.922  5.830  5.591  5.912  5.832  5.820  5.717  5.733  5.869  5.817  5.638  5.697  5.730  5.704  5.572  5.597  5.901  5.654  5.677  5.724  5.793  5.746  5.733  5.919  5.927  5.877  5.680  5.784
6.075  6.061  6.045  5.820  6.061  6.057  6.089  5.993  6.168  6.144  6.045  6.071  6.187  6.142  6.256  6.109  6.021  6.127  6.014  6.033  6.166  6.038  6.067  6.099  5.969  6.035  6.005  5.984  5.841  5.927  6.072  5.926  5.924  6.073  6.023  6.014  5.945  6.050  6.023  6.011  5.795  6.032
4.127  4.060  4.111  4.078  4.074  4.156  4.043  4.025  4.060  4.277  4.127  4.127  4.317  4.111  4.388  4.174  4.143  4.043  4.190  4.174  4.205  4.267  4.143  4.171  4.159  4.127  4.143  4.238  4.127  4.111  4.111  4.025  4.171  4.013  4.277  4.060  4.043  3.892  4.317  3.989  4.078  4.043
4.111  4.124  4.143  4.007  4.078  3.970  4.190  4.231  4.159  4.220  4.078  3.989  4.331  4.190  4.143  4.022  4.094  4.277  4.220  4.290  4.205  4.140  4.127  4.190  4.057  4.078  4.094  4.167  3.970  3.989  4.052  3.892  4.078  4.167  4.078  4.151  4.078  4.025  4.057  4.127  3.892  4.174
4.806  4.615  4.718  4.875  4.687  4.710  4.771  4.754  4.595  4.970  4.883  4.890  4.844  4.852  4.875  4.573  4.796  4.804  4.868  4.890  4.864  4.836  4.890  4.644  4.700  4.898  4.769  4.691  4.533  4.625  4.603  4.710  4.671  4.690  4.883  4.663  4.677  4.779  4.796  4.635  4.652  4.603
4.543  4.331  4.466  4.598  4.522  4.419  4.511  4.543  4.630  4.736  4.671  4.714  4.779  4.575  4.718  4.543  4.564  4.522  4.554  4.613  4.575  4.520  4.500  4.511  4.407  4.369  4.331  4.382  4.288  4.394  4.533  4.464  4.585  4.454  4.575  4.407  4.554  4.635  4.500  4.477  4.190  4.481
