3.466  3.296  3.550  3.555  3.367  3.401  3.332  3.466  3.296  3.520  3.258  3.481  3.578  3.434  3.611  3.475  3.526  3.367  3.367  3.638  3.584  3.664  3.497  3.638  3.526  3.497  3.466  3.526  3.219  3.307  3.332  3.526  3.466  3.526  3.638  3.466  3.434  3.360  3.332  3.459  3.466  3.490
3.638  3.638  3.664  3.520  3.689  3.526  3.584  3.466  3.526  3.733  3.395  3.611  4.025  3.689  3.624  3.818  3.555  3.750  3.611  3.761  3.850  3.714  3.584  3.784  3.584  3.584  3.611  3.459  3.332  3.490  3.535  3.520  3.689  3.401  3.497  3.466  3.497  3.619  3.526  3.541  3.401  3.738
4.369  4.202  4.394  4.357  4.263  4.357  4.234  4.220  4.369  4.533  4.382  4.413  4.357  4.394  4.419  4.094  4.174  4.367  4.331  4.253  4.483  4.197  4.143  4.205  4.174  4.057  4.127  4.091  3.867  4.111  3.989  4.190  4.288  4.127  4.078  4.159  4.078  4.078  4.111  4.007  4.111  4.159
3.829  3.611  4.078  3.951  3.850  3.795  3.555  3.892  4.013  3.829  3.689  3.970  3.928  3.908  4.043  3.829  3.867  3.733  3.928  3.942  4.094  3.780  3.850  3.738  3.807  3.807  3.664  3.714  3.664  3.757  3.555  3.784  3.912  3.689  3.761  3.658  3.555  3.584  3.784  3.757  3.784  3.867
3.664  3.611  3.689  3.555  3.584  3.497  3.497  3.526  3.611  3.526  3.932  3.497  3.611  3.611  3.664  3.738  3.555  3.611  3.466  3.638  3.638  3.714  3.664  3.611  3.434  3.611  3.434  3.526  3.555  3.466  3.638  3.701  3.611  3.497  3.584  3.684  3.638  3.497  3.497  3.367  3.526  3.550
3.497  3.520  3.664  3.526  3.611  3.564  3.497  3.367  3.664  3.434  3.332  3.611  3.664  3.555  3.689  3.658  3.738  3.611  3.555  3.664  3.658  3.684  3.526  3.664  3.526  3.434  3.597  3.611  3.584  3.401  3.526  3.761  3.497  3.497  3.466  3.611  3.367  3.555  3.466  3.466  3.395  3.466
4.989  4.836  4.820  4.844  4.927  4.754  4.890  4.836  4.958  4.934  5.069  5.030  4.934  4.934  5.026  4.835  4.700  4.922  5.050  4.942  5.004  4.924  4.904  4.890  4.756  4.691  4.625  4.741  4.620  4.477  4.820  4.682  4.915  4.700  4.796  4.812  4.812  4.875  4.783  4.771  4.696  4.700
5.359  5.209  5.150  5.069  5.217  5.342  5.231  5.252  5.283  5.489  5.434  5.347  5.519  5.412  5.493  5.337  5.265  5.384  5.308  5.293  5.152  5.075  5.265  5.380  5.056  5.215  5.023  5.114  5.083  4.997  5.162  5.100  5.037  5.215  5.204  5.226  5.226  5.088  5.204  5.247  5.136  5.124
4.454  4.224  4.812  4.205  4.382  4.567  4.220  4.304  4.357  4.564  4.127  4.543  4.248  4.416  4.331  4.328  4.127  4.205  4.522  4.394  4.277  4.277  4.234  4.382  4.304  4.143  4.135  4.277  3.932  4.127  3.850  4.248  4.304  4.078  4.143  4.159  4.007  4.174  3.989  4.094  4.234  4.304
4.241  4.103  4.317  4.220  4.159  4.205  4.124  4.179  4.190  4.315  4.159  4.174  4.274  4.284  4.344  3.967  4.043  4.127  4.317  4.295  4.220  4.143  4.151  4.260  4.052  4.004  4.094  4.007  3.932  3.989  3.871  4.057  4.220  4.094  4.091  4.078  3.951  4.143  4.091  4.004  3.871  4.007
3.638  3.689  3.738  3.850  3.684  3.664  3.714  3.664  3.726  3.611  3.584  3.784  3.689  3.807  3.908  3.584  3.497  3.584  3.784  4.043  3.738  3.658  3.497  3.829  3.611  3.664  3.584  3.450  3.689  3.526  3.664  3.689  3.738  3.714  3.658  3.526  3.696  3.434  3.526  3.466  3.611  3.555
3.611  3.689  3.714  3.714  3.714  3.466  3.526  3.689  3.768  3.466  3.466  3.689  3.784  3.850  3.867  3.584  3.709  3.689  3.807  3.951  3.892  3.689  3.684  3.784  3.584  3.850  3.611  3.738  3.555  3.689  3.714  3.738  3.664  3.780  3.584  3.714  3.526  3.638  3.714  3.526  3.584  3.761
3.738  3.664  3.714  3.664  3.761  3.689  3.738  3.846  3.970  4.025  3.824  3.689  3.638  3.912  3.932  3.733  3.861  3.761  3.970  4.057  3.912  3.714  3.689  3.784  3.709  3.584  3.818  3.664  3.497  3.434  3.738  3.807  3.738  3.611  3.714  3.497  3.611  3.497  3.466  3.658  3.892  3.761
3.892  3.658  3.892  3.761  3.761  3.829  3.807  3.850  4.140  4.060  3.976  3.850  4.022  3.846  4.135  3.813  3.902  3.871  4.143  4.124  4.025  3.738  3.846  3.871  4.043  3.638  3.795  3.714  3.714  3.689  3.689  3.888  3.850  3.738  3.951  3.850  3.835  3.761  3.761  3.818  3.857  3.709
4.060  3.970  4.025  4.256  4.013  3.908  3.912  3.989  4.007  4.060  3.961  4.127  4.143  4.220  4.094  3.867  4.127  3.835  4.159  4.140  4.315  4.094  4.060  4.241  3.928  4.031  3.871  3.807  3.829  3.850  3.902  4.025  4.135  4.060  4.108  4.060  3.829  4.094  3.912  3.761  4.094  3.807
3.714  3.664  3.714  3.638  3.784  3.761  3.664  3.784  3.761  3.995  3.611  3.689  3.888  3.807  3.784  3.738  3.807  3.664  3.664  3.807  3.947  3.761  3.784  3.638  3.733  3.733  3.611  3.738  3.611  3.714  3.526  3.807  3.714  3.784  3.813  3.714  3.632  3.733  3.434  3.664  3.757  3.584
3.526  3.611  3.584  3.638  3.611  3.497  3.738  3.664  3.701  3.611  3.497  3.638  3.738  3.850  3.892  3.497  3.638  3.570  3.709  3.791  3.912  3.961  3.584  3.638  3.784  3.696  3.555  3.632  3.401  3.555  3.714  3.664  3.584  3.664  3.714  3.584  3.738  3.584  3.555  3.526  3.738  3.784
3.850  3.738  3.714  4.111  3.908  3.738  4.060  3.850  3.908  3.761  3.951  3.871  3.989  3.912  4.143  3.689  3.829  3.839  4.025  4.260  4.060  3.871  3.807  3.829  3.761  3.684  3.784  3.850  3.892  3.584  3.829  4.007  4.034  3.908  4.025  3.850  3.871  3.912  3.871  3.689  4.004  3.807
4.156  4.052  3.888  4.040  4.111  4.060  3.947  4.025  4.140  4.057  4.094  3.928  4.127  4.167  4.108  3.850  4.060  4.060  4.159  4.127  4.127  4.043  4.091  4.040  4.043  4.078  3.989  3.932  3.761  3.942  4.007  3.951  4.074  3.970  4.111  4.007  3.714  4.132  4.078  3.784  4.004  4.078
4.680  4.443  4.677  4.575  4.522  4.575  4.625  4.682  4.494  4.682  4.419  4.657  4.663  4.732  4.765  4.522  4.431  4.554  4.595  4.620  4.663  4.635  4.663  4.700  4.407  4.452  4.613  4.511  4.263  4.344  4.460  4.564  4.477  4.511  4.489  4.511  4.477  4.620  4.564  4.466  4.324  4.564
6.155  6.114  6.089  6.078  6.129  6.189  6.184  6.114  6.207  6.303  6.199  6.248  6.354  6.328  6.384  6.127  6.277  6.207  6.217  6.232  6.338  6.300  6.221  6.265  6.016  6.127  6.161  6.016  6.057  6.037  6.050  6.061  6.096  6.256  6.218  6.252  6.174  6.116  6.011  5.958  6.064  6.128
5.182  5.208  5.236  5.278  5.252  5.063  5.204  5.193  5.252  5.273  5.380  5.273  5.417  5.357  5.384  5.056  5.203  5.236  5.333  5.318  5.371  5.242  5.292  5.357  5.081  5.124  5.081  5.094  5.063  5.153  4.977  5.024  5.153  5.353  5.272  5.204  5.147  5.158  5.298  5.143  5.030  5.100
