6.109  5.710  5.303  5.746  5.933  5.970  5.897  5.591  6.021  6.317  6.206  6.122  5.649  5.956  5.961  5.846  4.205  5.849  4.796  5.626  5.841  5.366  5.872  5.823  5.583  5.405  4.958  5.743  5.061  4.890  4.905  5.394  4.654  5.388  5.768  5.656  5.835  5.826  5.754  5.768  5.468  4.762
4.428  4.369  3.871  4.382  4.317  4.454  4.431  3.912  4.419  4.671  4.588  4.595  4.317  4.443  4.575  4.331  3.526  4.227  3.784  4.281  4.443  3.951  4.486  4.419  4.031  4.016  3.829  4.060  3.871  3.651  3.638  4.212  3.714  4.025  4.179  4.043  4.205  4.159  4.132  4.187  3.932  3.871
5.278  5.175  5.215  5.112  5.247  5.298  5.136  5.263  5.273  5.388  5.153  5.442  5.308  5.313  5.342  5.142  4.963  5.263  5.298  5.209  5.328  5.112  5.193  5.220  5.118  5.088  5.056  5.100  4.997  5.011  5.198  5.075  5.170  5.231  5.153  5.197  5.215  5.185  5.136  5.263  5.056  5.159
5.313  5.064  5.103  5.089  5.088  5.124  5.130  5.226  5.126  5.312  5.345  5.368  5.366  5.351  5.429  5.039  4.890  5.153  5.106  5.203  5.250  5.103  5.126  5.220  4.905  4.919  5.024  4.934  4.771  4.898  5.056  5.004  5.081  4.956  4.844  5.108  5.037  4.975  5.075  4.956  4.970  5.043
5.421  5.298  5.252  5.352  5.303  5.517  5.384  5.398  5.437  5.481  5.379  5.472  5.502  5.283  5.499  5.347  5.193  5.220  5.476  5.380  5.384  5.298  5.328  5.288  5.328  5.313  5.308  5.371  5.080  5.247  5.359  5.222  5.278  5.476  5.356  5.257  5.471  5.273  5.147  5.278  5.267  5.329
4.717  4.533  4.595  4.682  4.595  4.575  4.779  4.585  4.654  4.762  4.635  4.771  4.828  4.644  4.850  4.500  4.382  4.511  4.699  4.836  4.852  4.673  4.562  4.685  4.443  4.511  4.498  4.466  4.331  4.407  4.419  4.533  4.492  4.620  4.522  4.477  4.714  4.477  4.595  4.454  4.380  4.454
5.737  5.521  5.631  5.710  5.742  5.749  5.572  5.737  5.595  5.698  5.529  5.746  5.768  5.614  5.751  5.505  5.361  5.577  5.733  5.733  5.628  5.553  5.472  5.491  5.677  5.666  5.513  5.576  5.242  5.375  5.525  5.433  5.533  5.629  5.433  5.509  5.638  5.578  5.517  5.720  5.451  5.771
4.127  4.277  4.111  4.025  4.248  4.060  4.174  4.220  4.317  4.263  4.108  4.380  4.246  4.171  4.407  4.174  4.127  3.970  4.344  4.260  4.398  4.190  4.111  4.174  4.143  4.205  4.124  3.970  3.989  3.985  4.094  4.086  4.060  4.060  4.277  4.220  3.989  3.947  3.892  4.043  4.083  4.205
5.206  4.852  5.037  5.088  5.198  5.159  5.014  5.153  4.954  4.984  5.115  4.942  5.196  5.312  5.217  4.933  4.732  5.225  5.024  4.902  4.997  4.832  5.069  4.963  4.942  5.023  5.009  4.997  4.654  4.718  4.949  4.787  4.954  5.003  5.037  5.112  4.972  4.836  4.970  5.069  4.913  5.069
3.726  3.951  3.912  3.850  3.892  3.664  3.664  3.664  3.861  3.912  3.780  3.689  3.985  3.967  3.985  3.912  3.714  3.989  3.908  3.857  3.829  3.738  3.932  4.060  3.761  3.584  3.658  3.714  3.714  3.664  4.007  3.738  3.726  3.829  3.829  3.829  3.584  3.611  3.638  3.761  3.638  3.912
6.463  6.190  6.238  6.172  6.385  6.371  5.999  6.207  6.186  6.495  6.412  6.365  6.468  6.335  6.492  6.194  5.883  6.290  6.271  6.329  6.100  5.893  6.117  6.089  5.985  6.071  6.080  6.125  5.826  5.927  6.120  5.720  6.089  6.176  6.035  6.227  6.133  6.238  6.240  6.261  6.016  6.188
5.055  5.036  4.736  4.920  4.942  4.894  4.710  4.762  4.905  5.118  5.187  5.231  5.165  4.977  5.081  4.868  4.682  4.927  5.043  4.907  4.743  4.786  4.804  5.037  4.605  4.916  4.868  4.694  4.419  4.575  4.812  4.511  4.654  4.718  4.718  4.868  4.811  4.847  4.710  4.913  4.575  4.779
5.407  5.454  5.470  5.485  5.468  5.529  5.338  5.572  5.375  5.527  5.525  5.347  5.549  5.509  5.613  5.338  5.172  5.617  5.525  5.583  5.447  5.268  5.434  5.487  5.257  5.226  5.277  5.247  5.007  5.236  5.338  5.242  5.424  5.406  5.228  5.352  5.292  5.391  5.423  5.347  5.318  5.361
5.273  5.142  5.129  5.181  5.114  5.093  5.088  4.997  5.123  5.094  5.121  5.004  5.173  5.198  5.226  5.170  5.003  5.190  5.179  5.112  5.159  5.029  5.112  5.170  4.898  4.977  4.881  4.934  4.743  4.989  4.984  4.852  5.003  5.003  5.088  5.043  5.047  4.990  5.081  4.979  4.963  4.860
5.927  5.720  5.692  5.894  5.799  5.790  5.651  5.768  5.735  5.861  5.819  5.855  5.878  5.805  5.864  5.759  5.545  5.872  5.835  5.823  5.725  5.561  5.642  5.694  5.710  5.710  5.628  5.719  5.485  5.505  5.686  5.549  5.673  5.758  5.667  5.759  5.702  5.746  5.680  5.838  5.638  5.759
5.720  5.521  5.572  5.602  5.645  5.549  5.629  5.505  5.591  5.720  5.704  5.727  5.756  5.737  5.707  5.616  5.638  5.659  5.697  5.624  5.680  5.486  5.519  5.644  5.644  5.485  5.489  5.467  5.393  5.457  5.592  5.545  5.600  5.580  5.525  5.648  5.638  5.590  5.533  5.515  5.529  5.549
6.250  5.940  6.016  6.103  5.993  6.136  6.011  6.114  6.054  6.179  6.078  6.111  6.346  6.145  6.174  6.000  5.994  6.116  6.215  6.234  6.064  6.151  6.158  6.277  5.974  6.217  6.026  6.018  5.955  5.903  6.016  5.939  6.023  6.096  6.113  6.064  6.087  6.050  6.019  6.066  5.964  6.077
4.673  4.633  4.511  4.714  4.583  4.344  4.615  4.454  4.543  4.644  4.443  4.511  4.635  4.682  4.769  4.588  4.615  4.590  4.522  4.779  4.718  4.710  4.823  4.760  4.649  4.649  4.635  4.317  4.431  4.382  4.466  4.317  4.564  4.554  4.533  4.575  4.419  4.500  4.344  4.431  4.380  4.466
5.170  5.106  5.037  5.165  5.313  5.257  5.069  5.159  5.118  5.242  5.153  5.276  5.277  5.193  5.375  5.100  5.142  5.226  5.263  5.124  5.112  5.100  5.112  5.142  5.030  4.956  5.075  5.166  5.004  5.050  5.017  5.153  5.030  5.117  5.215  5.226  5.069  5.298  5.186  5.081  5.030  5.075
4.454  4.382  4.522  4.477  4.466  4.394  4.363  4.363  4.367  4.554  4.522  4.344  4.554  4.708  4.640  4.231  4.344  4.354  4.443  4.466  4.564  4.575  4.546  4.522  4.344  4.554  4.284  4.357  4.220  4.317  4.248  4.458  4.344  4.317  4.205  4.367  4.454  4.511  4.308  4.331  4.357  4.434
6.172  6.144  6.114  5.979  6.181  6.217  6.030  5.979  6.118  6.184  6.133  6.131  6.238  6.148  6.221  6.096  6.033  6.209  6.201  6.091  6.125  6.144  6.184  6.232  5.961  6.178  6.010  6.139  5.912  5.835  5.990  5.951  6.066  6.111  6.009  6.131  6.229  6.147  6.052  6.078  5.974  6.163
5.820  5.841  5.808  5.851  5.865  5.906  5.753  5.717  5.886  5.973  5.916  5.872  5.976  5.869  6.082  5.765  5.789  5.911  5.943  5.943  5.986  5.935  5.905  5.992  5.677  5.886  5.775  5.707  5.598  5.687  5.704  5.722  5.781  5.903  5.905  5.906  5.851  5.757  5.775  5.673  5.762  5.723
