4.889  4.564  4.673  4.710  4.748  4.557  4.533  4.575  4.554  4.625  4.745  4.682  4.605  4.615  4.796  4.575  4.554  4.663  4.718  4.620  4.691  4.605  4.638  4.718  4.514  4.428  4.443  4.466  4.394  4.500  4.575  4.477  4.700  4.635  4.443  4.620  4.489  4.564  4.605  4.522  4.431  4.564
4.564  4.317  4.431  4.543  4.530  4.363  4.511  4.454  4.615  4.509  4.595  4.573  4.509  4.466  4.691  4.398  4.419  4.392  4.419  4.369  4.787  4.489  4.477  4.527  4.354  4.369  4.277  4.394  4.127  4.174  4.331  4.220  4.404  4.380  4.217  4.324  4.466  4.363  4.317  4.263  4.234  4.464
4.295  4.419  4.373  4.220  4.344  4.295  4.564  4.369  4.483  4.489  4.404  4.511  4.407  4.407  4.543  4.263  4.500  4.217  4.454  4.367  4.419  4.489  4.263  4.428  4.246  4.174  4.367  4.060  4.043  4.148  4.182  4.331  4.380  4.304  4.428  4.234  4.277  4.078  4.007  3.970  4.202  4.220
4.758  4.727  4.736  4.630  4.605  4.644  4.890  4.635  4.836  4.929  4.710  4.745  4.942  4.615  4.860  4.691  4.779  4.554  4.690  4.741  4.898  4.828  4.615  4.779  4.533  4.668  4.673  4.466  4.443  4.419  4.530  4.745  4.710  4.605  4.773  4.644  4.718  4.625  4.564  4.575  4.605  4.595
3.784  3.892  3.850  3.619  3.714  3.761  3.761  3.829  4.143  4.043  3.757  3.871  4.094  3.932  3.985  4.031  3.850  3.689  4.078  3.967  4.094  3.932  3.738  3.807  3.807  3.664  3.638  3.877  3.664  3.871  3.689  3.888  3.908  3.850  3.807  3.738  3.780  3.638  3.761  3.714  3.850  3.761
3.611  3.664  3.664  3.520  3.611  3.497  3.761  3.664  3.658  3.555  3.564  3.526  3.807  3.714  3.850  3.497  3.555  3.497  3.664  3.714  3.780  3.605  3.497  3.555  3.664  3.434  3.555  3.497  3.434  3.611  3.497  3.605  3.497  3.638  3.584  3.689  3.578  3.497  3.555  3.555  3.466  3.466
4.615  4.466  4.605  4.745  4.431  4.443  4.543  4.511  4.407  4.663  4.575  4.673  4.628  4.691  4.663  4.541  4.522  4.454  4.779  4.762  4.613  4.394  4.466  4.567  4.431  4.489  4.344  4.382  4.111  4.304  4.304  4.301  4.625  4.472  4.443  4.369  4.380  4.357  4.311  4.520  4.466  4.533
4.700  4.543  4.745  4.852  4.635  4.663  4.525  4.680  4.663  4.773  4.605  4.804  4.734  4.718  4.860  4.552  4.522  4.466  4.804  4.777  4.875  4.691  4.489  4.710  4.625  4.727  4.505  4.575  4.407  4.382  4.554  4.585  4.654  4.663  4.625  4.635  4.603  4.511  4.419  4.564  4.710  4.605
4.004  3.932  4.615  3.807  3.757  3.871  3.829  3.784  3.807  3.689  3.738  3.850  4.022  4.004  4.025  3.807  3.807  3.850  3.947  3.932  3.970  3.882  3.784  3.970  3.892  3.658  3.807  3.497  3.611  3.714  3.888  3.738  3.738  3.664  3.784  3.784  3.807  3.970  3.689  3.989  4.290  3.957
4.762  4.691  4.756  4.777  4.677  4.682  4.605  4.559  4.489  4.730  4.511  4.758  4.860  4.710  4.808  4.431  4.511  4.595  4.564  4.727  4.860  4.583  4.727  4.682  4.369  4.419  4.407  4.315  4.143  4.317  4.443  4.543  4.585  4.564  4.608  4.564  4.522  4.477  4.511  4.431  4.369  4.552
3.738  3.664  3.714  3.829  3.738  3.784  3.802  3.689  3.780  3.839  3.584  3.902  3.871  3.932  4.040  3.738  3.714  3.738  3.829  3.871  3.892  3.689  3.761  3.857  3.689  3.664  3.714  3.839  3.526  3.714  3.611  3.714  3.689  3.871  3.807  3.761  3.632  3.726  3.658  3.664  3.689  3.611
3.761  3.611  3.829  3.871  3.902  3.951  3.611  3.912  3.664  3.745  3.401  3.780  3.928  3.892  3.846  3.714  3.761  3.738  3.761  3.951  3.813  3.714  3.850  3.773  3.638  3.526  3.829  3.807  3.512  3.578  3.818  3.714  3.714  3.526  3.664  3.738  3.490  3.757  3.619  3.526  3.807  3.689
3.714  3.689  3.689  3.922  3.970  3.632  3.584  3.738  3.689  3.738  3.605  3.721  3.888  3.807  3.867  3.761  3.850  3.846  3.912  3.761  4.074  3.829  3.689  3.761  3.761  3.726  3.733  3.611  3.526  3.829  3.689  4.060  3.784  3.867  3.714  3.696  3.619  3.908  3.638  3.638  3.664  3.813
4.277  4.043  4.234  4.348  4.290  4.248  4.234  4.290  4.127  4.297  4.234  4.297  4.530  4.317  4.575  4.241  4.304  4.234  4.246  4.472  4.248  4.111  4.220  4.143  4.043  3.989  4.127  3.850  3.892  3.970  3.970  4.066  4.111  4.111  4.304  4.248  4.159  4.205  4.284  4.143  4.060  4.220
4.898  4.745  4.765  4.743  4.691  4.812  4.691  4.736  4.700  4.787  4.836  4.874  4.942  4.754  4.920  4.522  4.727  4.756  4.779  4.963  4.898  4.860  4.680  4.779  4.635  4.727  4.608  4.673  4.449  4.394  4.771  4.787  4.879  4.824  4.823  4.828  4.762  4.732  4.911  4.615  4.644  4.883
4.654  4.644  4.500  4.585  4.454  4.673  4.559  4.428  4.663  4.559  4.440  4.590  4.796  4.682  4.682  4.522  4.721  4.454  4.605  4.820  4.691  4.710  4.590  4.696  4.511  4.666  4.505  4.331  4.369  4.431  4.564  4.718  4.605  4.575  4.696  4.682  4.554  4.428  4.446  4.290  4.489  4.533
4.682  4.644  4.625  4.718  4.745  4.682  4.585  4.633  4.700  4.771  4.828  4.691  5.011  5.017  5.075  4.743  4.708  4.796  4.827  4.883  4.836  4.671  4.736  4.691  4.615  4.605  4.585  4.673  4.536  4.489  4.680  4.595  4.673  4.615  4.860  4.748  4.489  4.691  4.663  4.700  4.522  4.804
4.248  4.187  4.304  4.477  4.431  4.248  4.554  4.585  4.585  5.195  5.056  5.106  5.939  5.749  5.872  4.127  4.248  4.290  4.380  4.431  4.382  4.344  4.234  4.277  4.127  4.205  4.317  4.190  4.159  4.190  4.174  4.290  4.331  4.290  4.274  4.231  4.132  4.274  4.159  4.344  4.174  4.248
3.871  3.664  3.714  3.714  3.632  3.795  3.757  3.761  3.738  3.784  3.768  3.850  4.127  3.985  4.007  3.761  3.807  3.738  3.932  3.932  4.091  3.912  3.829  3.738  3.761  3.584  3.714  3.795  3.584  3.761  3.738  3.761  3.877  3.802  3.689  3.757  3.689  3.638  3.497  3.738  3.714  3.658
3.871  3.584  3.892  3.807  3.871  3.846  3.738  3.932  3.714  3.877  3.584  3.871  3.871  4.007  4.127  3.802  3.850  3.976  3.989  4.025  3.912  3.761  3.664  3.861  3.738  3.850  3.867  3.807  3.526  3.738  3.584  3.714  3.908  3.888  3.922  3.829  3.714  3.714  3.784  3.738  3.611  3.850
4.234  3.947  4.277  4.248  4.025  4.248  3.912  4.127  4.094  4.174  4.205  4.205  4.263  4.248  4.394  4.094  4.277  4.205  4.205  4.277  4.304  4.205  4.190  4.159  4.094  4.143  4.248  4.156  4.043  4.007  4.127  4.025  4.337  4.143  4.127  4.078  4.060  4.143  4.220  3.784  3.951  3.861
4.143  3.985  4.078  3.989  3.784  3.912  3.892  4.043  3.850  4.274  3.912  3.951  4.078  4.263  4.007  4.246  3.970  4.060  4.060  3.989  4.094  4.043  3.892  3.850  3.892  3.871  3.829  3.829  3.784  3.714  4.060  3.932  4.043  3.912  3.970  3.932  3.892  3.947  3.989  3.892  3.802  3.555
