4.585  4.554  4.533  4.762  4.419  4.477  4.454  4.543  4.500  4.682  4.543  4.605  4.522  4.575  4.595  4.466  4.454  4.404  4.605  4.575  4.615  4.464  4.466  4.615  4.428  4.277  4.317  4.179  4.469  4.220  4.419  4.483  4.443  4.382  4.635  4.369  4.267  4.466  4.407  4.190  4.127  4.514
4.234  4.025  4.220  4.288  4.078  4.025  4.143  4.190  4.127  4.256  3.951  4.220  4.277  4.074  4.328  4.111  4.043  4.025  4.205  4.190  4.248  4.174  4.174  4.174  4.007  4.111  4.119  3.998  3.970  3.989  4.174  4.174  4.317  4.274  4.052  4.052  3.980  4.007  4.069  3.970  3.912  4.190
4.331  4.425  4.331  4.394  4.543  4.369  4.466  4.483  4.419  4.625  4.615  4.394  4.659  4.595  4.727  4.464  4.354  4.466  4.635  4.585  4.500  4.369  4.552  4.543  4.290  4.248  4.344  4.419  4.248  4.253  4.511  4.331  4.595  4.443  4.317  4.431  4.489  4.595  4.573  4.443  4.205  4.234
4.304  4.220  4.159  4.394  4.220  4.331  4.263  4.263  4.248  4.454  4.443  4.466  4.500  4.475  4.477  4.443  4.190  4.159  4.304  4.301  4.331  4.241  4.361  4.443  4.034  4.127  4.304  4.331  4.143  4.108  4.205  4.127  4.234  4.263  4.174  4.317  4.143  4.231  4.290  4.220  4.060  4.111
5.659  5.593  5.617  5.552  5.613  5.620  5.624  5.493  5.652  5.694  5.635  5.749  5.730  5.704  5.677  5.687  5.451  5.591  5.724  5.697  5.741  5.549  5.624  5.724  5.455  5.472  5.491  5.489  5.382  5.537  5.690  5.438  5.515  5.509  5.396  5.547  5.557  5.624  5.533  5.398  5.384  5.557
5.666  5.470  5.537  5.541  5.517  5.697  5.659  5.620  5.591  5.737  5.587  5.662  5.666  5.652  5.737  5.561  5.485  5.500  5.677  5.670  5.811  5.580  5.571  5.635  5.411  5.412  5.466  5.342  5.220  5.333  5.537  5.495  5.390  5.425  5.489  5.457  5.403  5.513  5.485  5.472  5.389  5.488
3.689  3.738  3.761  3.638  3.611  3.892  3.761  3.714  3.497  3.761  3.584  3.757  3.871  3.850  3.611  3.829  3.701  3.526  3.664  3.829  3.676  3.912  3.714  3.761  3.784  3.555  3.709  3.570  3.584  3.714  3.714  3.664  3.638  3.714  3.555  3.638  3.497  3.459  3.541  3.497  3.490  3.638
3.664  3.676  3.807  3.714  3.761  3.738  3.638  3.813  3.689  3.892  3.550  3.829  3.829  3.761  3.980  3.664  3.757  3.761  3.738  3.871  3.761  3.784  3.658  3.829  3.871  3.638  3.761  3.714  3.578  3.721  3.638  3.584  3.829  3.784  3.761  3.611  3.584  3.664  3.584  3.638  3.689  3.829
5.088  4.605  4.934  4.852  5.017  4.934  4.644  4.984  4.812  4.905  5.043  4.787  4.966  4.883  4.902  4.620  4.762  4.961  4.828  5.056  4.771  4.543  4.754  4.708  4.615  4.700  4.644  4.868  4.443  4.331  4.758  4.500  4.727  4.771  4.620  4.682  4.628  5.069  5.112  4.956  4.635  4.779
3.967  3.761  3.689  3.738  4.060  3.898  3.871  3.829  3.638  4.111  3.928  3.902  3.850  3.928  4.078  4.004  3.829  3.807  3.726  4.007  3.829  3.784  3.684  3.961  3.689  3.829  3.676  3.689  3.611  3.761  3.912  3.807  3.807  3.761  3.976  3.871  3.761  3.850  3.664  3.784  3.818  3.888
5.799  5.438  5.771  5.769  5.673  5.815  5.635  5.687  5.666  5.808  5.832  5.740  5.760  5.576  5.790  5.509  5.398  5.641  5.753  5.659  5.747  5.505  5.434  5.628  5.563  5.609  5.447  5.595  5.412  5.433  5.481  5.489  5.542  5.602  5.590  5.613  5.521  5.649  5.705  5.583  5.628  5.673
5.170  5.120  5.525  5.115  5.142  5.502  5.136  5.088  5.187  5.400  5.293  5.112  5.282  5.283  5.283  5.198  4.963  5.251  5.278  5.158  5.257  5.100  5.106  5.293  5.017  5.017  5.247  5.011  4.836  5.147  4.956  5.043  5.292  5.075  5.165  5.133  5.045  5.136  5.093  4.990  4.949  5.017
6.081  5.986  6.054  6.009  5.940  5.988  5.927  5.943  5.973  6.161  6.063  6.103  6.155  5.953  6.122  5.949  6.026  5.759  6.074  5.911  6.089  6.073  6.033  6.077  5.814  5.823  5.869  5.849  5.826  5.820  5.968  5.974  5.781  6.040  5.991  5.434  6.035  6.045  5.935  5.897  5.811  5.775
5.096  5.118  5.159  5.198  5.050  5.127  5.056  5.050  5.050  5.165  5.063  5.112  5.198  5.043  5.165  4.997  4.913  4.875  5.130  5.142  5.118  5.117  5.124  5.109  5.004  4.920  4.885  4.827  4.875  4.920  4.970  4.844  4.916  4.970  5.075  4.585  4.977  5.147  4.997  4.947  4.820  4.977
4.511  4.452  4.477  4.419  4.425  4.357  4.263  4.489  4.263  4.509  4.466  4.552  4.527  4.615  4.745  4.394  4.489  4.434  4.466  4.543  4.564  4.454  4.407  4.543  4.174  4.190  4.248  4.290  4.143  4.344  4.419  4.331  4.443  4.369  4.357  4.422  4.382  4.527  4.431  4.367  4.304  4.481
4.290  4.140  4.234  4.078  4.167  4.078  4.143  4.159  4.111  4.324  4.159  4.363  4.437  4.284  4.431  4.111  4.304  3.888  4.248  4.246  4.511  4.205  4.111  4.205  3.970  3.967  4.078  4.094  4.007  3.985  4.007  4.043  4.140  4.094  4.127  4.119  4.190  4.022  4.143  4.111  3.871  4.078
3.258  3.401  3.434  3.332  3.367  3.332  3.434  3.481  3.367  3.434  3.258  3.466  3.512  3.506  3.611  3.332  3.367  3.219  3.360  3.497  3.664  3.555  3.428  3.434  3.401  3.401  3.258  3.434  3.332  3.332  3.434  3.296  3.434  3.497  3.434  3.555  3.434  3.367  3.332  3.490  3.367  3.401
3.258  3.434  3.450  3.296  3.428  3.401  3.332  3.497  3.367  3.638  3.219  3.135  3.664  3.395  3.584  3.296  3.497  3.401  3.611  3.584  3.466  3.466  3.332  3.459  3.296  3.296  3.367  3.367  3.367  3.288  3.332  3.434  3.497  3.526  3.296  3.434  3.296  3.288  3.239  3.148  3.258  3.332
4.413  4.454  4.431  4.745  4.498  4.477  4.443  4.357  4.367  4.625  4.511  4.530  4.620  4.659  4.608  4.454  4.277  4.454  4.543  4.663  4.522  4.625  4.443  4.557  4.220  4.331  4.290  4.380  4.212  4.234  4.585  4.344  4.304  4.419  4.407  4.369  4.460  4.590  4.598  4.407  4.315  4.369
4.727  4.779  4.828  4.682  4.804  4.682  4.575  4.779  4.554  4.787  4.920  4.642  4.862  4.812  4.856  4.700  4.520  4.700  4.787  4.824  4.723  4.690  4.673  4.802  4.489  4.263  4.543  4.452  4.369  4.477  4.489  4.564  4.700  4.615  4.647  4.635  4.533  4.779  4.806  4.718  4.638  4.663
3.761  3.807  3.761  3.850  3.807  3.611  3.888  3.861  3.829  3.892  3.802  3.871  4.016  4.143  4.078  3.714  3.970  3.824  3.932  3.932  4.094  3.802  3.888  3.892  3.892  3.947  3.738  3.738  3.761  3.611  3.892  3.784  3.942  3.835  3.970  3.780  3.888  3.761  3.802  3.701  3.871  3.757
4.585  4.466  4.431  4.369  4.575  4.511  4.394  4.605  4.407  4.691  4.575  4.500  4.727  4.663  4.736  4.394  4.564  4.500  4.625  4.554  4.663  4.500  4.419  4.613  4.331  4.404  4.564  4.317  4.428  4.357  4.431  4.431  4.382  4.554  4.443  4.489  4.431  4.357  4.443  4.277  4.466  4.575
