4.007  4.290  3.951  4.094  4.263  4.190  4.290  4.111  4.290  4.483  4.060  4.341  4.304  4.344  4.407  4.277  4.111  4.277  4.135  4.190  4.277  4.248  4.290  4.248  3.970  4.094  4.094  4.007  3.970  4.143  4.477  4.263  4.248  4.052  4.156  4.111  4.060  4.094  4.174  4.094  3.951  4.060
4.369  4.644  4.454  4.700  4.787  4.533  4.564  4.615  4.673  4.762  4.642  4.828  4.754  4.836  4.828  4.583  4.564  4.625  4.585  4.682  4.585  4.700  4.718  4.585  4.443  4.543  4.533  4.625  4.419  4.511  4.654  4.431  4.647  4.357  4.605  4.564  4.466  4.554  4.477  4.543  4.511  4.231
3.989  3.932  3.638  3.970  3.846  3.839  3.912  3.807  3.807  4.078  3.912  4.025  4.043  4.034  4.060  3.932  3.611  3.824  3.738  3.989  4.094  4.022  3.761  3.951  3.784  3.846  3.888  3.784  3.689  3.611  3.791  3.714  3.714  3.898  3.947  3.892  3.738  3.850  3.714  4.007  3.892  3.689
3.584  3.871  3.584  3.520  3.761  3.434  3.611  3.638  3.638  3.466  3.526  3.624  3.807  3.951  3.689  3.584  3.401  3.584  3.611  3.807  3.807  3.761  3.714  3.898  3.555  3.555  3.526  3.428  3.466  3.401  3.584  3.434  3.497  3.584  3.535  3.689  3.555  3.664  3.466  3.332  3.497  3.367
5.130  5.011  4.942  4.890  4.832  4.945  5.056  4.970  5.106  5.263  5.136  5.187  5.398  5.278  5.395  5.700  5.416  5.588  4.956  4.890  5.106  4.913  4.934  5.024  4.898  4.836  4.890  4.760  4.787  4.804  4.934  4.836  4.919  4.905  4.875  4.883  4.902  4.654  4.860  4.752  4.765  4.898
5.075  4.913  4.927  4.875  4.779  4.905  5.100  4.905  4.990  5.159  4.977  5.170  5.063  4.984  5.198  5.170  5.050  5.030  5.043  5.017  5.159  5.024  4.828  5.050  4.874  4.927  4.920  4.796  4.691  4.824  4.812  4.868  4.760  4.952  4.898  4.898  4.984  4.718  4.889  4.787  4.690  4.860
4.963  4.708  4.575  4.734  4.714  4.644  4.804  4.726  4.754  4.920  4.652  4.883  4.762  4.644  4.871  4.771  4.717  4.682  4.843  4.796  4.890  4.595  4.588  4.762  4.600  4.585  4.682  4.543  4.407  4.452  4.718  4.700  4.700  4.605  4.700  4.654  4.564  4.511  4.564  4.369  4.503  4.603
5.050  5.024  4.987  4.996  4.852  4.984  5.124  5.026  5.055  5.252  4.992  5.100  5.198  5.081  5.183  5.037  5.088  4.942  5.100  5.094  5.225  5.165  5.103  5.323  4.949  4.977  4.916  4.949  4.927  5.023  5.347  5.361  5.278  5.024  4.997  4.990  4.890  4.844  4.898  4.779  4.691  4.913
4.440  4.382  4.357  4.382  4.344  4.344  4.357  4.263  4.367  4.663  4.290  4.317  4.554  4.477  4.489  4.443  4.197  4.290  4.344  4.458  4.500  4.220  4.331  4.382  4.357  4.127  4.220  4.143  4.234  4.025  4.238  4.174  4.205  4.159  4.205  4.205  4.234  4.246  4.304  4.234  4.234  4.382
5.764  5.308  5.411  5.445  5.489  5.431  5.435  5.529  5.313  5.557  5.425  5.576  5.548  5.434  5.533  5.357  5.367  5.549  5.448  5.413  5.394  5.298  5.268  5.366  5.293  5.159  5.176  5.118  5.663  5.198  5.394  5.226  5.263  5.223  5.242  5.252  5.193  5.398  5.193  5.242  5.165  5.352
4.466  4.263  4.328  4.337  4.469  4.290  4.357  4.341  4.431  4.443  4.394  4.354  4.392  4.301  4.454  4.380  4.234  4.277  4.475  4.431  4.398  4.304  4.324  4.382  4.317  4.394  4.159  4.143  4.277  4.369  4.489  4.500  4.635  4.454  4.260  4.337  4.263  4.382  4.190  4.263  4.234  4.344
4.234  4.111  4.078  4.127  3.989  4.182  4.248  4.274  4.205  4.454  4.140  4.464  4.394  4.274  4.369  4.182  4.220  4.234  4.331  4.304  4.443  4.253  4.263  4.060  4.066  4.205  4.220  4.031  3.989  4.078  4.060  4.140  4.190  4.111  4.007  4.127  4.025  3.998  4.220  4.007  4.159  4.111
6.365  6.135  6.180  6.269  6.279  6.376  6.281  6.262  6.378  6.421  6.482  6.403  6.314  6.358  6.399  6.268  6.174  6.223  6.372  6.326  6.455  6.279  6.314  6.320  6.131  6.142  6.165  6.086  5.927  6.095  6.231  6.196  6.182  6.126  6.264  6.240  6.250  6.280  6.286  6.196  6.201  6.182
5.394  5.500  5.342  5.323  5.414  5.792  5.687  5.347  5.447  5.954  5.559  5.523  5.525  5.421  5.505  5.635  5.400  5.371  5.723  5.308  5.583  5.617  5.357  5.628  5.351  5.285  5.338  5.203  5.081  5.521  5.632  5.525  5.552  5.288  5.505  5.273  5.485  5.300  5.338  5.288  5.606  5.226
4.717  4.771  4.635  4.654  4.703  4.745  4.673  4.595  4.595  4.663  4.511  4.827  4.595  4.583  4.691  4.595  4.533  4.533  4.820  4.654  4.836  4.752  4.779  4.663  4.522  4.466  4.533  4.522  4.522  4.585  4.868  4.694  4.787  4.522  4.564  4.541  4.682  4.644  4.554  4.369  4.419  4.007
5.434  5.250  5.394  5.407  5.440  5.509  5.357  5.666  5.389  5.193  5.247  5.489  5.198  5.395  5.333  5.159  5.215  5.288  5.402  5.455  5.371  5.268  5.226  5.375  5.159  5.236  5.209  5.017  5.066  5.159  5.278  5.256  5.288  5.230  5.242  5.389  5.307  5.398  5.298  5.106  5.303  4.595
3.784  3.850  3.750  3.664  3.761  3.850  3.714  3.738  3.714  3.807  3.605  3.761  3.938  3.846  3.918  3.850  3.967  3.651  3.780  3.867  3.871  4.007  3.738  3.807  3.611  3.761  3.861  3.761  3.784  3.632  3.733  3.709  3.892  3.689  3.807  3.611  3.761  3.535  3.555  3.750  3.689  3.807
4.094  4.416  4.007  3.942  4.174  4.043  4.220  4.043  3.989  4.111  4.167  4.034  4.274  4.437  4.443  4.304  4.220  4.159  4.357  4.057  4.127  4.290  4.407  4.559  4.060  4.205  4.274  3.942  4.143  4.143  4.341  4.025  3.912  4.194  4.174  4.190  4.127  4.182  3.807  3.932  4.057  4.094
4.922  4.844  4.771  4.949  4.796  4.875  4.752  4.890  4.769  4.997  4.877  4.816  4.992  4.844  4.954  4.752  4.771  4.827  4.787  4.860  4.896  4.802  4.663  4.815  4.769  4.638  4.717  4.691  4.522  4.500  4.710  4.806  4.762  4.736  4.852  4.828  4.691  4.836  4.920  4.700  4.682  4.828
4.894  4.963  4.913  4.920  4.975  4.883  4.787  4.860  4.927  4.913  4.949  4.804  4.890  4.870  4.997  4.677  4.898  4.852  4.942  5.011  5.027  4.898  4.927  4.909  4.782  4.615  4.745  4.762  4.554  4.595  4.663  4.796  4.844  4.779  4.811  4.820  4.708  4.890  4.905  4.710  4.615  4.843
4.804  4.682  4.696  4.736  4.673  4.642  4.644  4.595  4.605  4.844  4.690  4.779  4.828  4.718  4.852  4.500  4.605  4.743  4.920  4.844  4.927  4.718  4.708  4.883  4.554  4.509  4.554  4.595  4.564  4.546  4.533  4.625  4.690  4.673  4.633  4.654  4.603  4.615  4.782  4.625  4.511  4.543
4.464  4.270  4.452  4.248  4.357  4.354  4.304  4.174  4.248  4.443  4.431  4.454  4.382  4.407  4.543  4.248  4.407  4.428  4.382  4.466  4.466  4.407  4.311  4.511  4.331  4.277  4.159  4.202  4.174  4.380  4.321  4.331  4.382  4.454  4.428  4.284  4.315  4.205  4.407  4.304  4.317  4.369
