3.951  4.119  4.127  4.078  4.025  4.248  4.174  4.127  4.043  4.205  4.069  4.190  4.143  4.234  4.143  4.108  4.007  4.043  4.143  4.174  4.159  3.995  4.159  4.111  3.932  4.007  4.143  3.892  3.871  4.007  3.995  3.985  4.086  3.932  3.932  3.912  4.159  3.989  3.951  4.007  3.932  3.951
4.860  4.771  4.605  4.710  4.635  4.718  4.765  4.673  4.771  4.828  4.754  4.828  4.691  4.743  4.754  4.575  4.718  4.741  4.644  4.603  4.811  4.804  4.868  4.812  4.625  4.610  4.705  4.554  4.486  4.663  4.718  4.554  4.466  4.727  4.654  4.682  4.732  4.564  4.564  4.635  4.382  4.727
4.416  4.277  4.369  4.331  4.231  4.341  4.392  4.205  4.357  4.277  4.477  4.344  4.277  4.212  4.382  4.263  4.263  4.317  4.407  4.477  4.440  4.466  4.392  4.500  4.094  4.263  4.143  4.171  4.060  4.263  4.171  4.127  4.190  4.234  4.263  4.315  4.248  4.205  4.205  4.159  4.248  4.187
4.004  3.689  3.970  3.882  3.989  4.086  3.912  3.985  3.951  4.007  3.951  4.043  4.043  3.892  3.970  3.928  3.912  3.689  3.912  4.007  4.205  3.898  3.888  3.932  3.784  3.824  3.829  3.922  3.807  3.807  3.898  3.871  3.989  3.892  3.784  3.738  3.738  3.888  3.784  3.738  3.829  3.912
4.812  4.533  4.718  4.615  4.564  4.787  4.554  4.671  4.718  4.766  4.808  4.605  4.700  4.605  4.727  4.533  4.554  4.773  4.710  4.663  4.754  4.644  4.644  4.654  4.477  4.522  4.489  4.443  4.489  4.419  4.564  4.559  4.605  4.543  4.557  4.500  4.575  4.431  4.394  4.500  4.520  4.477
4.533  4.578  4.575  4.564  4.466  4.522  4.522  4.464  4.466  4.605  4.562  4.575  4.605  4.625  4.663  4.443  4.317  4.543  4.489  4.511  4.575  4.691  4.443  4.615  4.419  4.304  4.331  4.357  4.182  4.234  4.331  4.357  4.500  4.554  4.454  4.407  4.394  4.454  4.369  4.443  4.277  4.443
5.278  5.187  5.142  5.252  5.112  5.069  5.242  5.056  5.050  5.318  5.136  5.277  5.156  5.181  5.347  5.037  5.094  5.043  5.187  5.231  5.288  5.130  5.231  5.209  5.037  4.933  4.940  4.812  4.949  4.984  4.997  5.140  4.975  5.056  5.085  5.075  5.007  5.056  4.997  4.947  4.920  5.061
4.949  4.860  4.779  4.828  4.718  4.745  4.700  4.804  4.717  4.942  4.868  4.883  4.754  4.883  4.852  4.691  4.762  4.779  4.836  4.736  4.812  4.779  4.762  4.898  4.552  4.623  4.673  4.635  4.466  4.575  4.659  4.605  4.635  4.625  4.640  4.762  4.588  4.527  4.762  4.585  4.472  4.659
4.086  4.111  4.060  4.034  4.103  4.078  3.970  4.007  4.124  4.111  3.989  4.182  4.220  4.363  4.231  4.043  3.970  4.057  4.025  3.932  4.253  4.094  4.143  4.094  3.829  3.951  3.932  3.942  3.829  3.970  3.995  3.985  3.918  4.043  4.043  4.007  4.078  3.967  4.013  4.111  3.902  3.892
4.335  4.205  4.205  4.401  4.263  4.277  4.167  4.437  4.174  4.238  4.094  4.263  4.369  4.311  4.386  4.007  4.025  4.194  4.174  4.274  4.205  4.174  4.190  4.111  4.135  4.025  4.135  4.016  4.025  4.022  4.143  4.043  4.074  4.174  4.263  4.025  3.970  4.159  4.205  4.174  4.060  4.187
4.277  4.217  4.263  4.263  4.344  4.357  4.224  4.179  4.344  4.288  4.248  4.127  4.190  4.290  4.443  4.234  4.260  4.234  4.190  4.260  4.369  4.248  4.290  4.431  4.091  3.961  4.025  4.007  3.970  4.074  4.025  4.187  4.231  4.190  4.174  4.111  4.205  4.060  4.111  4.025  4.174  4.143
4.477  4.344  4.489  4.290  4.466  4.369  4.205  4.317  4.197  4.382  4.248  4.477  4.554  4.407  4.477  4.354  4.419  4.580  4.500  4.466  4.595  4.315  4.344  4.486  4.159  4.220  4.369  4.344  4.007  4.205  4.317  4.205  4.202  4.217  4.205  4.369  4.317  4.263  4.317  4.205  4.159  4.344
4.297  4.328  4.143  4.382  4.040  4.290  4.143  4.304  4.270  4.174  4.317  4.428  4.425  4.277  4.500  4.174  4.220  4.234  4.489  4.357  4.419  4.263  4.301  4.174  4.277  4.277  4.174  4.317  4.060  4.190  4.190  4.419  4.317  4.246  4.369  4.277  4.179  4.187  4.111  4.231  4.217  4.277
4.337  4.443  4.382  4.687  4.500  4.543  4.174  4.143  4.416  4.541  4.263  4.357  4.425  4.317  4.613  4.290  4.263  4.317  4.443  4.511  4.458  4.416  4.382  4.419  4.331  4.174  4.111  4.127  4.304  4.220  4.174  4.369  4.277  4.190  4.335  4.331  4.290  4.277  4.060  4.190  4.386  4.304
4.913  4.710  4.796  4.726  4.758  4.804  4.868  4.682  4.828  4.828  4.804  4.844  4.898  4.800  4.977  4.700  4.691  4.762  4.828  4.963  4.782  4.812  4.844  4.727  4.745  4.673  4.608  4.564  4.615  4.554  4.663  4.718  4.927  4.703  4.710  4.736  4.564  4.736  4.820  4.682  4.828  4.771
5.142  4.898  4.924  5.074  5.001  5.050  5.043  5.017  4.984  5.118  5.023  5.058  5.153  5.111  4.990  4.920  4.963  4.920  5.080  5.182  5.052  4.996  4.945  4.980  5.112  5.149  4.977  4.787  4.762  4.926  4.920  4.860  5.100  5.017  4.913  4.942  4.913  4.907  4.824  4.762  4.920  4.920
5.500  5.231  5.390  5.493  5.537  5.442  5.278  5.493  5.465  5.598  5.435  5.460  5.666  5.505  5.623  5.381  5.283  5.521  5.583  5.737  5.541  5.407  5.463  5.573  5.252  5.165  5.247  5.209  5.182  5.118  5.190  5.094  5.406  5.193  5.268  5.318  5.214  5.442  5.303  5.242  5.118  5.375
5.389  5.303  5.308  5.489  5.384  5.403  5.366  5.434  5.438  5.505  5.375  5.509  5.513  5.453  5.700  5.317  5.223  5.489  5.568  5.561  5.545  5.313  5.461  5.497  5.226  5.323  5.204  5.220  5.050  5.056  5.243  5.268  5.394  5.352  5.333  5.361  5.235  5.323  5.296  5.406  5.283  5.313
5.247  5.368  5.198  5.257  5.226  5.214  5.200  5.235  5.242  5.342  5.278  5.328  5.405  5.318  5.303  5.187  5.247  5.187  5.270  5.352  5.342  5.315  5.283  5.246  5.226  5.164  5.094  5.037  5.016  5.159  5.153  5.186  5.182  5.242  5.283  5.263  5.236  5.263  5.223  5.118  5.130  5.193
4.760  4.762  4.771  4.934  4.811  4.812  4.828  4.668  4.691  4.754  4.691  4.745  4.860  4.699  4.860  4.644  4.771  4.564  4.749  4.700  4.718  4.843  4.732  4.812  4.758  4.708  4.605  4.443  4.663  4.543  4.608  4.812  4.633  4.754  4.736  4.615  4.705  4.736  4.638  4.700  4.848  4.583
3.989  3.932  4.007  3.761  3.892  3.892  3.970  4.025  3.912  4.119  4.135  3.951  4.074  3.951  4.174  3.807  3.951  3.951  4.127  4.060  4.094  4.069  3.970  4.052  3.850  3.784  3.850  3.807  3.658  3.807  4.007  3.871  3.912  3.932  4.069  3.867  3.733  3.733  3.757  3.714  3.850  3.892
3.989  3.807  3.829  3.932  3.932  4.025  3.784  3.951  4.066  3.912  3.908  3.951  4.140  4.043  4.217  3.761  4.007  3.989  4.025  4.025  4.043  3.882  3.829  3.989  3.738  3.871  3.850  3.761  3.664  4.057  3.850  3.871  3.807  3.892  3.807  4.022  3.989  3.932  3.750  3.714  3.871  3.871
