5.447  5.204  5.372  5.257  5.263  5.208  5.236  5.220  5.198  5.472  5.455  5.377  5.357  5.345  5.273  5.204  5.106  5.204  5.387  5.487  5.182  5.198  5.083  5.281  5.100  5.143  5.118  4.984  4.997  5.037  5.100  5.069  5.236  5.063  5.209  5.215  4.997  5.130  5.303  5.066  5.050  5.118
5.568  5.283  5.416  5.420  5.357  5.323  5.318  5.328  5.338  5.525  5.442  5.347  5.467  5.398  5.557  5.375  5.173  5.173  5.338  5.460  5.447  5.322  5.260  5.323  5.105  5.204  5.112  5.238  5.069  5.069  5.267  5.204  5.268  5.273  5.303  5.366  5.187  5.287  5.429  5.318  5.236  5.257
5.591  5.606  5.617  5.557  5.505  5.624  5.602  5.541  5.566  5.737  5.606  5.609  5.659  5.481  5.737  5.425  5.482  5.525  5.620  5.641  5.649  5.468  5.501  5.606  5.497  5.384  5.434  5.442  5.361  5.467  5.497  5.438  5.634  5.437  5.501  5.489  5.357  5.438  5.513  5.572  5.366  5.517
6.322  6.142  6.310  6.271  6.240  6.273  6.236  6.201  6.279  6.422  6.370  6.326  6.282  6.209  6.310  6.182  6.100  6.301  6.279  6.275  6.125  6.165  6.174  6.271  5.961  6.059  6.161  6.174  6.064  6.054  6.136  6.009  6.176  6.098  6.186  6.171  6.129  6.271  6.180  6.230  6.026  6.166
4.605  4.635  4.771  4.691  4.700  4.727  4.913  4.687  4.844  4.852  4.787  4.905  4.775  4.727  5.049  4.673  4.605  4.727  4.856  4.796  4.927  4.924  4.618  4.874  4.554  4.554  4.573  4.625  4.554  4.673  4.583  4.564  4.745  4.635  4.691  4.745  4.625  4.357  4.642  4.543  4.564  4.554
4.682  4.700  4.700  4.736  4.638  4.663  4.673  4.787  4.762  4.804  4.691  4.754  4.836  4.682  4.835  4.605  4.625  4.562  4.743  4.635  4.828  4.840  4.687  4.765  4.682  4.466  4.573  4.525  4.673  4.489  4.595  4.511  4.605  4.710  4.710  4.575  4.585  4.605  4.522  4.477  4.398  4.489
4.500  4.394  4.500  4.595  4.466  4.663  4.613  4.514  4.745  4.644  4.431  4.466  4.625  4.489  4.820  4.369  4.454  4.443  4.779  4.662  4.635  4.898  4.454  4.583  4.454  4.401  4.382  4.431  4.394  4.533  4.248  4.464  4.394  4.477  4.511  4.562  4.388  4.419  4.277  4.394  4.443  4.382
4.931  4.868  4.875  4.836  4.832  4.954  4.990  4.949  4.881  5.142  4.927  5.037  5.088  5.024  5.209  4.905  4.934  4.997  5.056  4.963  5.112  5.283  4.881  5.129  4.905  4.771  4.949  4.883  4.804  4.868  4.754  4.883  4.820  4.811  4.883  4.875  4.890  4.787  4.828  4.718  4.754  4.812
5.414  5.323  5.297  5.434  5.324  5.313  5.263  5.176  5.257  5.517  5.328  5.464  5.478  5.352  5.483  5.298  5.288  5.272  5.482  5.421  5.501  5.352  5.236  5.352  5.226  5.056  5.220  5.153  5.030  4.990  5.182  5.219  5.328  5.209  5.306  5.337  5.203  5.317  5.296  5.244  5.288  5.220
4.862  4.956  4.890  4.997  4.940  4.898  4.913  4.796  5.043  4.996  4.900  4.947  5.124  5.023  5.094  4.898  5.011  4.804  5.136  5.094  5.093  4.860  4.977  5.004  4.836  4.942  4.850  4.771  4.736  4.796  4.898  4.942  4.868  4.945  4.934  4.994  4.963  4.812  4.871  4.804  4.898  4.771
4.691  4.727  4.710  4.625  4.575  4.663  4.585  4.625  4.779  4.754  4.758  5.009  4.673  4.635  4.942  4.477  4.543  4.654  4.682  4.949  4.942  4.595  4.635  4.783  4.963  4.673  4.680  4.477  4.699  4.533  4.533  4.671  4.625  4.657  4.682  4.620  4.562  4.647  4.543  4.477  4.933  4.708
4.727  4.585  4.644  4.605  4.511  4.696  4.554  4.615  4.743  4.769  4.673  4.839  4.605  4.736  4.811  4.615  4.511  4.796  4.762  4.745  4.644  4.635  4.543  4.820  4.533  4.595  4.666  4.625  4.575  4.511  4.625  4.610  4.635  4.575  4.543  4.635  4.498  4.585  4.564  4.595  4.640  4.682
4.304  4.220  4.248  4.119  4.231  4.369  4.078  4.248  4.194  4.220  4.290  4.344  4.248  4.143  4.401  4.263  4.094  4.304  4.248  4.263  4.304  4.234  4.156  4.304  4.159  4.060  4.057  4.159  3.951  4.167  4.127  4.174  4.094  4.174  4.143  4.060  4.060  4.127  4.060  4.116  4.238  4.182
4.382  4.111  4.248  4.301  4.350  4.190  4.263  4.174  4.224  4.328  4.270  4.382  4.466  4.290  4.357  4.234  4.111  4.174  4.367  4.522  4.486  4.248  4.324  4.407  4.111  4.060  4.220  4.220  4.182  4.190  4.190  4.238  4.190  4.270  4.231  4.043  4.143  4.159  4.143  4.220  4.190  4.190
5.063  4.992  4.883  4.875  4.904  4.977  4.965  4.934  4.898  5.083  4.920  4.977  5.231  4.977  5.130  4.934  4.942  4.875  4.970  5.058  4.787  4.956  5.017  4.984  4.836  4.828  4.898  4.745  4.927  4.654  4.890  4.802  4.718  4.883  4.802  4.804  4.812  4.883  4.956  4.844  4.718  4.934
5.043  4.907  4.977  4.860  4.933  4.844  4.922  4.887  4.787  5.136  4.881  4.868  5.100  4.881  5.037  4.868  4.787  4.736  4.984  5.019  4.890  4.905  4.871  5.130  4.787  4.963  4.804  4.771  4.800  4.554  4.890  4.745  4.804  4.745  4.942  4.844  4.920  4.762  4.796  4.875  4.852  4.836
4.078  3.951  4.052  4.004  4.066  3.829  3.970  4.057  4.007  3.970  3.932  4.060  4.111  4.174  4.263  3.892  3.932  3.932  4.525  4.205  4.190  4.025  4.052  4.025  4.007  3.807  3.871  3.807  3.850  3.989  3.824  3.951  3.989  3.850  4.043  4.007  3.738  3.942  3.970  3.912  4.016  3.850
4.344  4.111  4.159  4.344  4.331  4.328  4.248  4.290  4.171  4.500  4.143  4.344  4.503  4.220  4.431  4.205  4.297  4.382  4.341  4.489  4.331  4.238  4.263  4.248  4.043  3.970  4.140  4.202  4.086  4.043  4.331  4.263  4.398  4.143  4.143  4.304  4.205  4.407  4.094  4.159  4.331  4.220
4.875  4.796  4.663  4.691  4.625  4.771  4.820  4.905  4.949  4.911  4.762  4.775  4.977  4.913  4.942  4.771  4.620  4.779  4.727  4.836  4.730  4.782  4.777  4.820  4.477  4.710  4.762  4.745  4.477  4.635  4.736  4.546  4.771  4.673  4.734  4.843  4.798  4.708  4.850  4.700  4.644  4.736
5.037  4.956  4.952  4.898  4.868  5.004  4.949  4.883  4.984  5.072  5.063  5.040  5.081  5.030  5.159  4.927  4.904  4.977  5.036  5.106  4.992  4.963  5.075  5.030  4.734  4.934  4.990  4.898  4.804  4.883  4.881  4.843  5.011  4.913  4.927  4.982  4.889  4.987  5.007  4.898  4.852  4.820
4.516  4.511  4.610  4.583  4.564  4.500  4.382  4.585  4.583  4.570  4.663  4.710  4.663  4.613  4.802  4.522  4.477  4.585  4.691  4.608  4.654  4.554  4.489  4.644  4.554  4.486  4.431  4.344  4.382  4.394  4.585  4.419  4.642  4.538  4.573  4.533  4.357  4.509  4.500  4.443  4.486  4.543
5.909  5.680  5.888  5.808  5.820  5.811  5.759  5.795  5.779  5.958  5.859  5.858  5.934  5.837  5.949  5.707  5.693  5.908  5.883  5.844  5.765  5.784  5.749  5.826  5.778  5.773  5.790  5.864  5.704  5.708  5.754  5.628  5.743  5.837  5.790  5.787  5.738  5.914  5.758  5.714  5.771  5.894
