4.769  4.567  4.615  4.514  4.625  4.552  4.527  4.682  4.710  4.736  4.673  4.590  4.663  4.836  4.844  4.585  4.489  4.595  4.696  4.595  4.575  4.416  4.522  4.603  4.419  4.682  4.489  4.511  4.094  4.407  4.638  4.317  4.304  4.511  4.382  4.603  4.419  4.522  4.564  4.477  4.290  4.522
3.757  3.912  3.526  3.466  3.761  3.605  3.807  3.850  3.761  3.850  3.701  3.714  3.807  3.951  3.892  3.664  3.807  3.784  3.912  3.928  4.025  6.743  3.738  3.835  3.761  3.689  3.761  3.638  3.555  3.664  3.714  3.689  3.664  3.738  3.664  3.807  3.773  3.611  3.526  3.526  3.714  3.689
4.608  4.190  4.431  4.511  4.357  4.564  4.443  4.446  4.477  4.654  4.407  4.677  4.489  4.369  4.620  4.419  4.304  4.500  4.489  4.575  4.615  4.431  4.344  4.522  4.187  4.248  4.428  4.304  4.171  4.288  4.127  4.263  4.290  4.205  4.205  4.328  4.234  4.277  4.267  4.404  4.205  4.124
4.766  4.440  4.585  4.503  4.552  4.644  4.625  4.610  4.663  4.868  4.533  4.796  4.554  4.578  4.710  4.407  4.538  4.562  4.927  4.736  4.615  4.605  4.654  4.454  4.514  4.382  4.304  4.419  4.357  4.382  4.489  4.331  4.680  4.500  4.443  4.369  4.477  4.413  4.357  4.489  4.511  4.454
4.905  4.874  4.854  4.856  4.954  4.905  4.808  4.766  4.890  5.011  4.835  5.024  4.949  5.056  5.100  4.963  4.554  4.977  4.963  4.844  4.850  5.017  4.934  5.004  4.564  4.700  4.815  4.603  4.635  4.699  4.745  4.682  4.718  4.787  4.727  4.860  4.787  4.828  4.699  4.771  4.575  4.828
4.736  4.828  4.868  4.816  4.868  4.745  4.804  4.812  4.828  4.812  4.883  4.940  4.963  4.970  4.984  4.827  4.625  4.644  4.812  4.812  5.030  4.883  4.844  4.913  4.794  4.682  4.787  4.595  4.654  4.600  4.779  4.673  4.657  4.787  4.635  4.745  4.796  4.644  4.663  4.625  4.522  4.736
4.718  4.454  4.533  4.489  4.394  4.511  4.520  4.500  4.682  4.745  4.454  4.635  4.779  4.644  4.745  4.477  4.615  4.530  4.663  4.635  4.710  4.593  4.575  4.533  4.595  4.779  4.554  4.440  4.443  4.344  4.315  4.431  4.559  4.691  4.644  4.511  4.654  4.500  4.466  4.407  4.466  4.511
4.304  4.078  4.078  3.970  3.912  3.912  3.932  4.004  3.970  4.111  3.951  4.025  4.174  4.159  4.091  4.025  3.951  3.998  4.025  4.078  4.190  3.970  4.094  4.025  3.824  3.967  3.951  3.989  3.664  3.802  3.807  3.912  4.094  3.829  3.989  3.932  4.043  3.970  3.912  3.970  3.871  3.989
5.231  4.977  5.142  5.118  5.039  5.106  5.011  5.075  5.209  5.153  4.934  5.215  5.260  5.030  5.204  4.927  4.916  4.945  5.257  5.130  5.081  4.949  4.920  4.875  5.081  4.990  4.883  4.898  4.898  4.796  4.787  4.956  4.956  5.088  4.934  4.927  5.075  5.004  4.796  4.836  4.956  5.193
3.951  3.912  4.007  3.989  3.932  4.057  3.989  4.007  3.932  4.159  3.892  4.091  4.007  3.989  4.174  3.947  3.970  3.784  4.205  4.263  4.111  3.912  3.867  3.957  3.850  3.989  3.989  3.951  3.813  3.714  3.611  3.807  4.007  3.970  3.829  3.928  3.928  3.932  3.689  3.750  3.784  4.043
4.673  4.663  4.779  4.509  4.527  4.691  4.554  4.691  4.691  4.760  4.598  4.883  4.819  4.638  4.727  4.585  4.595  4.663  4.727  4.673  4.771  4.543  4.635  4.543  4.454  4.654  4.595  4.489  4.522  4.554  4.511  4.603  4.583  4.543  4.575  4.541  4.666  4.595  4.595  4.575  4.533  4.615
3.658  3.857  3.967  3.714  3.824  3.784  3.807  3.738  3.664  3.871  3.829  3.829  3.802  3.892  4.025  3.664  3.738  3.784  3.807  4.148  3.912  3.738  3.784  3.738  3.689  3.813  3.784  3.664  3.611  3.664  3.689  3.784  3.829  3.738  3.807  3.757  3.658  3.555  3.689  3.497  3.664  3.689
4.954  4.875  4.956  4.926  4.927  4.963  4.956  4.942  4.771  5.159  4.970  5.124  5.153  4.956  5.136  5.019  4.913  4.927  5.112  4.963  5.133  5.081  5.056  5.068  4.836  4.844  4.848  4.765  4.754  4.816  4.959  4.836  4.913  5.034  4.852  4.905  4.927  4.844  4.864  4.879  4.860  4.787
5.389  5.403  5.318  5.407  5.303  5.394  5.278  5.308  5.342  5.606  5.425  5.468  5.557  5.513  5.464  5.347  5.283  5.347  5.416  5.391  5.493  5.308  5.328  5.384  5.106  5.099  5.209  5.063  4.934  5.017  5.287  5.159  5.187  5.225  5.293  5.318  5.273  5.198  5.129  5.201  4.913  5.242
4.804  4.382  4.615  4.682  4.771  4.663  4.431  4.554  4.654  4.654  4.505  4.691  4.898  4.745  4.771  4.546  4.466  4.605  4.820  4.680  4.369  4.533  4.382  4.543  4.522  4.847  4.477  4.486  4.382  4.174  4.407  4.331  4.477  4.394  4.543  4.443  4.382  4.633  4.511  4.635  4.625  4.779
3.714  3.684  3.611  3.497  3.689  3.497  3.555  3.638  3.671  3.784  3.611  3.584  3.850  3.912  3.757  3.714  3.584  3.466  3.658  3.807  3.850  3.684  3.638  3.689  3.738  3.638  3.555  3.584  3.638  3.555  3.466  3.807  3.714  3.584  3.761  3.829  3.526  3.497  3.578  3.555  3.664  3.597
5.017  4.633  4.836  4.745  4.819  4.905  4.804  4.700  4.844  5.011  4.898  4.904  5.030  4.934  4.997  4.654  4.760  4.771  4.898  4.864  4.852  5.118  4.828  4.913  4.654  4.691  4.682  4.477  4.475  4.564  4.638  4.522  4.836  4.794  4.762  4.762  4.710  4.654  4.762  4.745  4.745  4.710
4.705  4.682  4.812  4.804  4.668  4.673  4.613  4.625  4.623  4.680  4.844  4.628  4.860  4.736  4.844  4.511  4.541  4.727  4.796  4.699  4.894  4.644  4.769  4.754  4.644  4.700  4.475  4.454  4.386  4.489  4.477  4.419  4.511  4.654  4.489  4.673  4.454  4.662  4.635  4.593  4.511  4.682
5.063  4.902  4.927  4.844  5.030  4.963  5.081  5.118  5.059  5.318  5.187  5.226  5.306  5.170  5.267  5.081  4.828  5.182  5.220  5.130  5.236  5.094  5.124  5.075  5.024  5.063  5.030  5.088  4.828  5.056  5.100  4.963  5.023  5.030  5.088  5.136  5.130  5.037  4.990  4.977  4.800  5.145
4.927  4.812  5.050  5.043  4.997  4.970  4.975  4.871  4.850  5.182  5.037  4.956  5.277  5.063  5.097  4.890  4.852  4.997  5.106  5.081  5.037  5.004  4.963  4.990  4.691  4.727  4.898  4.828  4.792  4.868  4.961  4.682  4.977  4.934  4.963  5.030  4.990  5.050  4.889  4.931  4.808  4.909
4.682  4.673  4.736  4.736  4.718  4.727  4.787  4.690  4.727  4.754  4.771  4.736  4.902  4.745  4.804  4.691  4.734  4.754  4.854  4.836  5.004  4.844  4.752  4.754  4.663  4.691  4.635  4.682  4.644  4.543  4.796  4.718  4.836  4.804  4.727  4.754  4.712  4.762  4.543  4.595  4.771  4.718
5.153  4.929  4.949  5.273  5.094  5.231  5.024  5.094  5.100  5.142  4.990  5.176  5.168  5.182  5.252  5.112  5.049  5.100  5.195  5.170  5.323  5.094  5.069  5.215  5.100  5.088  4.920  4.963  4.913  5.030  5.024  5.147  5.118  5.030  5.100  5.091  4.963  5.075  4.975  4.927  5.094  5.170
