4.234  4.135  4.194  4.190  4.248  4.159  4.057  4.290  4.331  4.304  4.369  4.357  4.369  4.290  4.317  4.094  4.127  4.220  4.344  4.220  4.344  4.119  4.263  4.151  4.290  4.007  4.190  3.892  3.892  4.057  4.052  4.127  4.043  4.031  4.094  4.116  4.248  4.159  4.159  4.111  3.989  4.205
3.738  3.738  3.750  3.638  3.824  3.664  3.784  3.912  3.829  3.733  3.638  3.807  3.951  3.912  4.159  3.738  3.784  3.761  3.839  3.850  3.902  3.689  3.664  3.867  3.664  3.689  3.632  3.738  3.701  3.535  3.638  3.807  3.555  3.829  3.664  3.638  3.676  3.664  3.584  3.714  3.611  3.689
6.315  6.014  6.165  6.203  6.236  6.332  6.389  6.435  6.411  6.274  6.176  6.223  6.242  6.091  6.199  6.046  6.050  6.107  6.122  5.996  6.196  6.099  5.994  6.149  5.908  5.894  5.914  5.887  5.808  5.855  6.061  5.994  5.950  5.994  5.995  6.078  6.046  6.109  6.090  6.043  5.955  5.964
4.625  4.575  4.494  4.564  4.522  4.615  4.564  4.605  4.595  4.644  4.603  4.625  4.625  4.682  4.745  4.533  4.615  4.700  4.718  4.554  4.605  4.787  4.533  4.718  4.357  4.477  4.477  4.481  4.357  4.431  4.492  4.570  4.357  4.394  4.541  4.543  4.567  4.443  4.605  4.543  4.394  4.511
5.354  5.257  5.434  5.204  5.165  5.313  5.378  5.247  5.406  5.380  5.166  5.257  5.366  5.364  5.342  5.187  5.124  5.323  5.451  5.347  5.468  5.412  5.268  5.471  5.161  5.088  5.170  5.081  4.942  5.215  5.109  5.089  5.283  5.153  5.165  5.267  5.124  5.176  5.043  5.118  5.169  5.228
5.043  4.977  4.970  4.927  4.898  4.970  5.064  5.088  5.050  5.114  4.984  5.176  5.124  5.056  5.220  5.024  4.905  5.102  4.954  5.043  5.283  5.118  4.959  5.324  4.951  4.999  4.812  4.836  4.743  4.942  4.860  4.942  5.011  4.905  4.970  4.997  4.977  4.929  4.860  4.898  4.927  4.977
5.663  5.361  5.442  5.525  5.533  5.485  5.468  5.501  5.489  5.635  5.597  5.642  5.652  5.557  5.691  5.361  5.283  5.450  5.482  5.442  5.489  5.576  5.338  5.509  5.308  5.332  5.384  5.226  5.173  5.186  5.398  5.361  5.323  5.380  5.308  5.380  5.365  5.442  5.429  5.263  5.283  5.283
5.989  5.695  5.823  5.964  5.829  5.878  5.844  5.808  5.837  6.035  5.925  6.050  5.927  5.868  6.016  5.720  5.743  5.768  5.869  5.881  5.889  5.808  5.784  5.901  5.793  5.561  5.700  5.591  5.482  5.663  5.738  5.652  5.829  5.645  5.771  5.805  5.730  5.811  5.829  5.613  5.724  5.724
5.124  4.779  5.043  5.056  4.963  4.844  4.762  5.112  4.934  5.118  5.004  5.147  5.088  4.958  5.024  4.804  4.765  4.913  5.024  5.215  5.069  4.858  4.771  4.796  4.844  4.898  4.727  4.798  4.575  4.691  4.771  4.605  4.977  4.970  4.956  4.905  4.796  4.961  4.898  4.926  4.885  5.055
4.190  4.190  4.263  4.248  4.007  4.231  4.060  4.190  4.248  4.190  4.190  4.205  4.431  4.197  4.369  4.132  4.248  3.970  4.331  4.277  4.344  4.205  4.290  4.263  4.111  4.220  4.127  4.025  3.888  4.111  4.111  4.159  4.277  4.043  4.167  4.277  4.078  4.174  4.190  4.007  3.970  4.074
4.205  4.004  4.111  4.212  4.078  4.043  3.961  4.091  4.159  4.205  4.057  4.263  4.290  4.094  4.205  3.951  3.985  4.060  4.174  4.205  4.357  4.078  4.143  4.127  3.970  4.124  4.111  3.942  3.807  3.892  4.057  3.970  3.912  4.127  4.078  4.078  4.060  4.234  4.007  4.025  3.892  4.043
3.829  3.835  3.947  3.807  3.714  3.802  3.714  3.912  3.932  3.892  3.638  3.892  3.912  4.094  4.025  3.761  3.871  3.871  3.951  4.127  3.967  3.784  3.807  3.951  3.892  3.795  3.738  3.912  3.714  3.932  3.738  3.850  3.807  3.738  3.912  3.871  3.709  3.733  3.761  3.714  3.664  3.578
4.382  4.304  4.159  4.205  4.217  4.382  4.174  4.290  4.205  4.317  4.217  4.304  4.407  4.407  4.394  4.124  4.190  4.277  4.394  4.419  4.344  4.143  4.078  4.234  4.078  4.127  4.078  4.043  4.007  3.970  4.111  4.151  4.290  4.174  4.060  4.194  4.179  4.060  4.078  4.094  4.220  4.159
4.174  4.241  4.277  4.317  4.143  4.205  4.190  3.989  4.060  4.127  4.083  4.382  4.304  4.277  4.331  4.159  4.159  4.205  4.248  4.369  4.466  4.220  4.159  4.290  4.234  3.989  4.167  3.989  3.892  3.970  4.025  3.951  4.078  4.143  4.108  4.171  4.078  3.951  4.127  4.007  4.094  4.234
6.633  6.529  6.574  6.714  6.717  6.666  6.557  6.625  6.604  6.759  6.624  6.691  6.749  6.560  6.794  6.535  6.568  6.579  6.669  6.578  6.669  6.600  6.629  6.637  6.513  6.516  6.513  6.472  6.456  6.460  6.538  6.673  6.646  6.657  6.682  6.652  6.617  6.725  6.632  6.561  6.494  6.585
5.964  5.989  5.935  6.113  5.969  5.844  6.028  5.916  5.989  6.116  5.934  5.976  6.041  5.966  6.144  5.817  6.057  5.938  6.078  5.979  6.159  6.103  5.951  6.080  5.924  5.899  5.914  5.753  5.991  5.919  5.953  6.094  6.001  6.021  6.082  6.059  6.009  6.075  5.858  5.823  5.934  5.951
4.057  4.078  4.111  4.007  4.060  4.060  4.119  3.989  4.060  4.205  4.143  4.167  4.205  4.234  4.248  4.164  3.989  3.967  4.143  4.159  4.171  4.007  4.143  4.174  3.932  3.892  4.060  3.989  3.989  3.970  4.043  3.989  4.040  3.908  3.850  4.220  4.127  3.961  3.970  4.007  3.892  3.970
5.412  5.357  5.384  5.497  5.442  5.521  5.505  5.451  5.572  5.680  5.483  5.632  5.541  5.505  5.768  5.459  5.561  5.442  5.631  5.568  5.645  5.572  5.507  5.553  5.434  5.357  5.357  5.209  5.215  5.425  5.375  5.352  5.502  5.540  5.521  5.505  5.333  5.332  5.278  5.352  5.429  5.416
3.807  4.025  4.043  3.976  4.007  4.007  3.908  3.850  4.060  4.140  3.951  3.970  4.190  4.212  4.127  3.989  4.220  3.951  4.159  4.190  4.119  3.912  4.025  4.007  3.932  4.007  4.103  3.850  4.043  3.970  3.850  4.007  4.040  4.025  3.932  4.025  3.967  4.074  4.043  3.951  3.970  3.871
3.664  3.689  3.689  3.611  3.738  3.714  3.664  3.689  3.689  3.829  3.584  3.664  3.912  3.807  3.951  3.861  3.829  3.871  3.784  3.850  3.761  3.689  3.664  3.951  3.638  3.584  3.714  3.829  3.664  3.664  3.733  3.761  3.761  3.761  3.664  3.664  3.638  3.738  3.611  3.714  3.689  3.738
4.363  4.431  4.277  4.369  4.220  4.443  4.277  4.234  4.376  4.382  4.174  4.407  4.466  4.382  4.464  4.382  4.404  4.449  4.527  4.454  4.625  4.511  4.419  4.533  4.174  4.443  4.274  4.350  4.394  4.454  4.317  4.431  4.466  4.382  4.460  4.443  4.578  4.469  4.317  4.281  4.205  4.489
4.464  4.407  4.248  4.407  4.394  4.489  4.297  4.416  4.394  4.428  4.304  4.464  4.443  4.454  4.466  4.382  4.437  4.454  4.595  4.511  4.564  4.477  4.452  4.466  4.263  4.317  4.380  4.317  4.290  4.290  4.277  4.382  4.354  4.407  4.489  4.297  4.354  4.469  4.220  4.304  4.317  4.324
