5.994  5.624  5.897  5.945  5.855  5.855  5.808  5.883  5.827  5.938  5.807  5.846  5.849  5.710  5.811  5.719  5.634  5.697  5.938  5.879  5.958  5.704  5.697  5.656  5.817  5.791  5.631  5.652  5.435  5.527  5.572  5.740  5.869  5.793  5.878  5.656  5.715  5.892  5.787  5.707  5.800  5.826
6.677  6.412  6.551  6.588  6.532  6.620  6.561  6.629  6.545  6.726  6.669  6.646  6.596  6.480  6.574  6.445  6.372  6.472  6.601  6.506  6.567  6.502  6.477  6.512  6.435  6.387  6.423  6.433  6.262  6.321  6.395  6.378  6.475  6.474  6.509  6.475  6.571  6.560  6.518  6.479  6.398  6.587
5.220  5.112  5.061  5.004  5.126  5.147  5.159  5.075  5.130  5.165  5.118  5.165  5.037  5.075  5.318  5.089  4.804  5.075  5.007  4.986  5.204  5.050  4.994  5.204  4.894  4.852  5.030  4.977  4.875  5.023  5.063  4.949  4.913  4.956  4.905  5.024  5.074  4.868  4.952  4.920  4.868  4.956
5.268  5.263  5.114  5.011  5.075  5.222  5.252  5.165  5.283  5.149  5.356  5.347  5.361  5.187  5.352  5.198  5.024  5.091  5.091  5.109  5.347  5.242  5.146  5.357  4.933  4.975  5.094  4.940  4.812  5.075  5.136  5.069  4.870  5.100  4.919  5.159  5.088  5.063  5.003  4.828  4.956  4.977
5.389  5.164  5.293  5.186  5.308  5.312  5.170  5.247  5.380  5.497  5.323  5.483  5.497  5.338  5.438  5.263  5.159  5.354  5.447  5.293  5.288  5.215  5.273  5.236  5.130  5.081  5.268  5.149  4.942  5.130  5.153  4.999  5.193  5.246  5.121  5.209  5.164  5.182  5.220  5.153  5.030  5.201
5.352  5.011  5.323  5.346  5.288  5.609  5.220  5.366  5.286  5.625  5.501  5.647  5.434  5.341  5.317  5.187  5.236  5.313  5.366  5.434  5.298  5.192  5.164  5.313  5.050  5.187  5.186  5.118  4.970  5.118  5.136  5.173  5.263  5.215  5.226  5.100  5.111  5.238  5.242  5.149  5.120  5.043
5.975  5.981  5.900  5.918  5.989  5.956  6.071  5.935  5.932  6.163  6.080  6.085  6.176  6.068  6.073  5.932  5.908  5.910  6.068  5.914  6.040  6.040  6.001  6.080  5.817  5.846  5.876  5.756  5.746  5.790  5.997  5.999  5.789  5.945  5.941  5.966  5.962  5.826  5.869  5.775  5.768  5.786
5.533  5.568  5.902  5.509  5.561  5.908  5.710  5.561  5.565  5.710  5.821  5.635  5.580  5.425  5.612  5.497  5.572  5.558  5.881  5.616  5.875  5.677  5.513  5.889  5.220  5.394  5.442  5.434  5.338  5.720  5.505  5.613  5.655  5.412  5.666  5.645  5.616  5.193  5.463  5.257  5.293  5.313
5.421  5.455  5.347  5.366  5.472  5.375  5.357  5.361  5.403  5.521  5.394  5.242  5.566  5.483  5.521  5.303  5.193  5.398  5.333  5.328  5.468  5.300  5.468  5.366  5.187  5.126  5.247  5.187  5.176  5.153  5.398  5.145  5.204  5.366  5.193  5.317  5.338  5.287  5.193  5.308  5.050  5.189
4.575  4.718  4.644  4.644  4.585  4.663  4.575  4.595  4.595  4.777  4.682  4.477  4.786  4.754  4.745  4.652  4.575  4.605  4.787  4.654  4.890  4.559  4.771  4.673  4.585  4.640  4.477  4.564  4.431  4.328  4.605  4.595  4.489  4.663  4.625  4.489  4.590  4.419  4.392  4.543  4.533  4.564
5.050  4.835  5.100  5.100  4.994  5.170  5.050  4.987  5.059  5.219  5.063  5.102  5.242  5.017  5.170  4.944  5.017  5.176  5.333  5.236  5.220  5.142  4.949  5.118  5.058  4.963  5.037  5.007  4.745  4.883  4.990  5.063  5.147  5.088  5.043  5.106  4.984  5.081  5.124  5.011  5.043  4.990
5.268  5.231  5.308  5.298  5.254  5.277  5.337  5.189  5.412  5.481  5.333  5.429  5.412  5.262  5.517  5.153  5.298  5.264  5.451  5.352  5.442  5.384  5.302  5.323  5.263  5.208  5.209  5.146  5.130  5.063  5.193  5.218  5.277  5.318  5.313  5.277  5.220  5.242  5.262  5.106  5.308  5.175
5.425  5.323  5.371  5.283  5.442  5.318  5.318  5.283  5.278  5.382  5.347  5.372  5.539  5.341  5.407  5.226  5.265  5.375  5.357  5.485  5.434  5.273  5.278  5.347  5.228  5.159  5.193  5.223  5.112  5.153  5.153  5.056  5.198  5.204  5.257  5.270  5.313  5.332  5.318  5.338  5.273  5.283
4.464  4.585  4.394  4.443  4.585  4.419  4.503  4.394  4.460  4.472  4.331  4.454  4.662  4.663  4.585  4.475  4.382  4.469  4.554  4.543  4.696  4.585  4.486  4.691  4.263  4.431  4.564  4.593  4.317  4.357  4.466  4.407  4.394  4.407  4.331  4.633  4.437  4.511  4.603  4.431  4.263  4.369
4.787  4.615  4.779  4.708  4.748  4.771  4.613  4.736  4.844  4.839  4.575  4.721  4.905  4.820  4.796  4.615  4.644  4.875  4.836  4.866  4.852  4.533  4.615  4.700  4.633  4.741  4.633  4.762  4.404  4.443  4.668  4.595  4.836  4.578  4.554  4.673  4.595  4.792  4.691  4.796  4.663  4.718
4.094  3.761  4.078  4.108  4.069  3.970  4.043  4.148  3.970  4.220  4.099  4.135  4.234  4.143  4.220  3.892  4.094  4.143  4.220  4.234  4.078  3.970  3.824  4.025  4.083  4.007  4.052  3.970  3.908  3.850  3.888  4.007  4.025  4.060  3.989  4.069  3.951  4.025  4.025  3.989  3.932  4.182
5.357  5.209  5.263  5.236  5.329  5.312  5.187  5.361  5.278  5.361  5.352  5.438  5.455  5.242  5.525  5.195  5.341  5.489  5.450  5.349  5.442  5.290  5.293  5.455  5.011  5.061  5.215  5.198  4.963  5.159  5.222  4.963  5.293  5.187  5.099  5.187  5.158  5.302  5.273  5.231  4.997  5.152
4.905  4.663  4.771  4.786  4.717  4.883  4.710  4.762  4.718  4.844  4.836  4.754  4.916  4.754  4.898  4.769  4.741  4.898  4.900  4.905  4.970  4.836  4.812  4.933  4.673  4.585  4.691  4.787  4.570  4.663  4.718  4.654  4.762  4.796  4.625  4.796  4.730  4.691  4.625  4.663  4.595  4.752
5.269  5.273  5.272  5.152  5.360  5.262  5.215  5.198  5.187  5.322  5.225  5.286  5.342  5.296  5.434  5.056  5.153  5.288  5.370  5.278  5.318  5.328  5.380  5.417  5.004  5.024  5.118  5.069  4.961  5.056  5.024  5.165  5.195  5.124  5.118  5.283  5.106  5.052  5.142  5.091  5.118  5.187
5.468  5.329  5.415  5.389  5.451  5.407  5.236  5.318  5.384  5.463  5.509  5.540  5.403  5.346  5.544  5.231  5.303  5.574  5.421  5.507  5.553  5.361  5.468  5.501  5.187  5.140  5.254  5.193  5.111  5.136  5.193  5.257  5.342  5.234  5.278  5.398  5.252  5.228  5.375  5.308  5.235  5.313
4.874  4.896  4.982  5.004  4.913  4.875  4.787  4.868  4.920  5.050  4.883  4.898  4.977  4.990  5.083  4.832  4.868  4.963  5.069  4.905  5.050  4.956  5.042  5.011  4.836  4.758  4.787  4.836  4.673  4.705  4.852  4.860  4.975  4.916  4.970  4.860  4.875  4.871  4.836  4.779  4.850  4.836
4.573  4.543  4.472  4.585  4.511  4.590  4.559  4.652  4.623  4.530  4.613  4.595  4.644  4.726  4.705  4.516  4.543  4.549  4.554  4.682  4.595  4.595  4.575  4.745  4.500  4.380  4.344  4.454  4.431  4.428  4.673  4.369  4.466  4.630  4.575  4.511  4.605  4.598  4.595  4.554  4.538  5.501
