4.934  4.898  4.889  4.745  4.868  4.836  4.954  4.847  4.890  5.023  4.905  5.069  4.984  4.796  4.852  4.883  4.654  4.777  4.860  4.800  4.794  4.963  4.836  4.875  4.771  4.771  4.765  4.718  4.419  4.734  4.736  4.828  4.691  4.786  4.848  4.754  4.615  4.662  4.595  4.595  4.654  4.860
5.215  5.135  5.209  5.170  5.135  5.251  5.342  5.283  5.257  5.311  5.198  5.206  5.265  4.970  5.142  4.997  4.980  5.106  5.257  5.011  5.227  5.215  4.970  5.263  5.088  4.997  5.009  4.868  4.836  4.977  4.905  4.835  4.977  5.075  5.193  5.094  4.972  4.942  4.920  4.984  5.004  5.159
5.130  4.933  5.075  4.963  4.970  5.124  4.977  5.024  5.056  5.236  5.063  5.165  5.147  5.004  5.215  4.997  4.749  5.094  5.132  5.069  5.106  4.905  5.030  5.100  4.920  5.056  4.984  4.926  4.717  4.927  4.905  4.913  4.934  5.011  4.970  5.034  4.984  5.069  4.858  4.927  4.828  5.103
4.828  4.691  4.934  4.779  4.700  4.852  4.736  4.934  4.977  5.094  4.905  4.970  4.956  4.836  5.037  4.840  4.676  4.927  4.926  4.804  4.913  4.771  4.942  4.883  4.828  4.804  4.771  4.618  4.564  4.779  4.663  4.466  4.745  4.700  4.796  4.889  4.649  4.644  4.760  4.644  4.595  4.792
4.111  3.970  3.989  4.016  4.025  4.174  4.174  4.043  4.083  4.331  4.025  4.127  4.220  3.989  4.295  4.256  4.025  3.980  4.022  4.263  4.205  4.111  4.179  4.078  4.159  3.951  4.074  3.932  4.156  4.060  3.989  3.970  3.951  4.052  3.932  4.060  3.976  3.871  3.850  3.989  3.829  4.025
3.989  3.932  4.022  3.802  3.970  3.912  3.951  3.942  3.970  4.060  3.970  4.007  4.127  4.004  4.140  4.078  4.025  4.025  4.086  4.111  4.234  4.022  4.048  4.127  3.638  3.761  3.807  3.829  3.947  4.007  4.060  4.007  3.932  3.824  3.912  3.850  4.156  3.807  3.802  3.871  3.726  3.970
5.030  4.500  4.754  4.782  4.890  4.970  4.575  4.726  4.754  4.860  4.942  4.927  4.927  4.926  5.040  4.762  4.543  4.968  4.970  4.920  4.854  4.762  4.710  4.804  4.554  4.771  4.718  4.615  4.605  4.407  4.710  4.644  4.745  4.676  4.710  4.779  4.726  4.739  4.682  4.926  4.554  4.727
5.247  4.760  5.268  5.088  5.142  5.100  4.949  5.156  4.927  5.142  5.069  5.136  5.288  5.086  5.293  4.990  4.754  5.142  5.153  5.106  5.009  5.024  4.933  4.868  4.927  4.990  4.927  4.883  4.635  4.779  4.771  4.745  5.037  4.804  4.749  4.942  4.836  5.081  4.975  5.037  4.889  5.030
3.912  3.871  3.850  3.912  3.989  3.995  3.912  4.078  3.989  3.951  3.871  3.912  3.850  3.867  4.043  3.989  3.892  3.807  4.007  3.850  4.025  3.829  3.867  3.664  3.684  3.850  3.738  3.850  3.526  3.714  3.829  3.871  3.761  3.784  3.761  3.902  3.829  3.829  3.784  3.611  3.611  3.807
3.850  3.658  3.750  3.584  3.829  3.611  3.689  3.638  3.761  3.773  3.584  3.784  3.957  3.632  3.850  3.784  3.689  3.714  3.912  3.784  3.970  3.807  3.638  3.638  3.497  3.611  3.611  3.638  3.611  3.664  3.714  3.611  3.784  3.709  3.689  3.611  3.611  3.632  3.497  3.664  3.638  3.689
6.207  6.059  6.087  6.097  6.242  6.159  6.142  6.113  6.155  6.351  6.368  6.251  6.248  6.166  6.330  6.016  5.838  6.075  6.131  5.996  6.212  6.111  6.114  6.142  5.852  5.927  5.881  5.932  5.658  5.905  5.932  5.869  5.787  5.953  5.948  6.081  6.008  5.927  5.996  5.922  5.796  5.849
5.872  5.768  5.645  5.659  5.790  5.767  5.908  5.768  5.759  5.989  6.053  5.897  5.916  5.808  5.903  5.861  5.628  5.617  5.799  5.529  5.890  5.759  5.874  5.984  5.497  5.606  5.559  5.462  5.541  5.765  5.727  5.591  5.380  5.529  5.778  5.897  5.649  5.521  5.545  5.521  5.403  5.541
5.211  4.804  5.152  5.112  5.142  5.106  4.997  5.106  5.147  5.220  4.975  5.318  5.333  5.102  5.257  4.937  4.977  5.088  5.363  5.176  5.165  5.050  4.894  5.017  5.156  5.111  4.997  5.105  4.754  5.075  4.890  4.852  5.187  5.200  5.061  5.182  5.075  5.069  4.997  5.016  5.143  5.204
4.605  4.511  4.762  4.644  4.543  4.630  4.769  4.680  4.812  4.883  4.844  4.804  5.075  4.796  4.934  4.635  4.732  4.454  4.736  4.868  4.913  4.673  4.625  4.595  4.575  4.644  4.575  4.575  4.394  4.500  4.489  4.522  4.511  4.654  4.654  4.663  4.680  4.454  4.673  4.533  4.663  4.625
4.575  4.331  4.522  4.419  4.644  4.419  4.248  4.431  4.382  4.489  4.357  4.595  4.654  4.615  4.625  4.407  4.267  4.443  4.625  4.710  4.489  4.043  4.290  4.248  4.533  4.494  4.407  4.392  4.094  4.220  4.256  4.344  4.373  4.583  4.317  4.489  4.454  4.554  4.394  4.369  4.454  4.446
3.584  3.638  3.611  3.555  3.689  3.466  3.535  3.506  3.714  3.584  3.555  3.745  3.871  3.689  3.807  3.611  3.632  3.664  3.597  3.714  3.664  3.689  3.555  3.611  3.638  3.632  3.584  3.611  3.434  3.434  3.506  3.757  3.689  3.638  3.638  3.434  3.401  3.578  3.434  3.258  3.434  3.526
4.794  4.654  4.796  4.673  4.754  4.762  4.583  4.858  4.685  4.868  4.796  4.710  4.977  4.868  5.014  4.585  4.635  4.890  4.787  4.726  4.779  4.710  4.828  4.699  4.654  4.615  4.726  4.575  4.425  4.489  4.682  4.511  4.625  4.783  4.575  4.762  4.718  4.710  4.752  4.762  4.543  4.754
4.916  4.900  4.916  4.911  4.913  4.875  4.852  4.913  4.940  5.050  4.926  5.004  5.081  4.966  5.142  4.977  4.727  4.968  4.977  4.982  4.956  4.824  4.913  4.956  4.836  4.700  4.787  4.696  4.605  4.554  4.771  4.610  4.794  4.819  4.860  4.885  4.796  4.887  4.860  5.004  4.603  4.848
6.026  5.778  5.864  5.814  5.806  5.905  5.832  5.916  5.894  6.049  6.024  5.987  6.031  5.860  5.974  5.852  5.866  5.869  5.875  5.961  5.930  5.752  5.883  5.883  5.805  5.861  5.792  5.779  5.614  5.720  5.797  5.768  5.645  5.922  5.781  5.844  5.811  5.925  5.905  5.881  5.717  5.849
4.727  4.615  4.654  4.498  4.481  4.419  4.522  4.454  4.543  4.682  4.736  4.696  4.682  4.700  4.673  4.500  4.654  4.543  4.615  4.682  4.736  4.605  4.644  4.554  4.559  4.557  4.500  4.564  4.357  4.543  4.600  4.754  4.394  4.590  4.573  4.615  4.644  4.633  4.615  4.564  4.595  4.635
5.749  5.561  5.598  5.637  5.753  5.687  5.466  5.600  5.561  5.812  5.759  5.666  5.761  5.787  5.869  5.680  5.421  5.802  5.714  5.771  5.579  5.464  5.652  5.714  5.379  5.380  5.436  5.454  5.442  5.533  5.505  5.434  5.636  5.559  5.540  5.586  5.525  5.700  5.808  5.652  5.366  5.421
5.170  5.147  5.398  5.106  5.209  5.315  5.165  5.176  5.187  5.375  5.455  5.429  5.347  5.318  5.398  5.118  5.017  5.720  5.268  5.242  5.338  5.310  5.273  5.371  5.190  4.997  5.220  5.393  5.112  5.100  5.130  5.068  5.702  5.322  5.198  5.332  5.011  5.257  5.242  5.209  5.047  5.175
