4.615  4.771  4.610  4.595  4.644  4.673  4.804  4.754  4.533  4.783  4.659  4.700  4.682  4.673  4.815  4.682  4.635  4.585  4.754  4.696  4.868  4.682  4.615  4.762  4.615  4.511  4.489  4.431  4.277  4.477  4.714  4.466  4.443  4.543  4.687  4.575  4.564  4.533  4.382  4.500  4.382  4.564
5.387  5.394  5.366  5.283  5.333  5.361  5.421  5.361  5.398  5.434  5.347  5.345  5.290  5.464  5.425  5.277  5.298  5.231  5.460  5.373  5.517  5.394  5.298  5.429  5.321  5.323  5.257  5.081  4.970  5.106  5.333  5.278  5.277  5.300  5.257  5.298  5.236  5.159  5.223  5.170  5.200  5.187
4.682  4.682  4.567  4.687  4.682  4.394  4.635  4.644  4.677  4.682  4.595  4.787  4.673  4.644  4.721  4.736  4.543  4.605  4.710  4.796  4.868  4.522  4.727  4.710  4.489  4.464  4.635  4.361  4.357  4.419  4.603  4.477  4.595  4.543  4.466  4.575  4.625  4.511  4.477  4.428  4.557  4.522
4.159  3.912  3.989  4.078  4.025  3.829  4.060  3.989  3.980  4.007  4.007  4.043  4.171  4.248  4.263  3.892  4.057  4.263  3.967  4.224  4.212  3.970  4.007  4.179  3.947  3.850  3.846  3.928  3.850  3.892  3.942  3.871  3.912  3.989  3.829  3.912  3.784  4.007  3.951  3.932  3.912  4.078
6.122  5.758  6.057  6.030  5.815  5.916  5.916  5.978  5.994  6.098  5.903  6.068  6.001  5.817  6.054  5.886  5.940  5.887  6.118  5.971  6.103  5.831  5.740  5.790  6.111  5.894  5.765  5.694  5.569  5.628  5.694  5.802  6.021  6.016  5.858  5.886  5.811  5.964  5.771  5.830  5.878  5.951
6.021  5.710  6.007  5.889  5.856  5.892  5.861  5.922  5.969  6.028  5.949  5.953  5.996  5.802  5.901  5.793  5.817  5.839  5.971  5.986  6.033  5.852  5.717  5.720  5.938  5.835  5.733  5.770  5.455  5.545  5.620  5.799  5.915  5.854  5.802  5.765  5.654  5.919  5.765  5.799  5.743  5.958
5.159  4.920  5.075  5.011  5.118  5.061  5.136  5.173  5.252  5.371  5.338  5.236  5.361  5.112  5.197  4.963  4.956  5.021  5.170  5.207  5.094  4.956  5.124  5.023  5.112  5.056  5.043  5.056  4.840  4.956  5.004  4.745  4.933  5.231  5.037  5.068  4.984  5.142  5.053  5.063  4.970  4.968
5.100  4.827  5.004  5.004  4.956  4.904  5.088  4.968  5.063  5.209  4.963  5.215  5.165  5.176  4.984  4.905  4.990  4.820  5.182  5.068  5.019  5.037  5.075  5.011  5.017  5.011  4.956  4.934  4.783  4.804  4.844  4.615  4.898  5.004  4.977  5.100  4.997  4.970  4.836  4.890  4.844  4.868
5.631  5.730  5.619  5.489  5.572  5.641  5.628  5.553  5.598  5.817  5.690  5.684  5.737  5.652  5.755  5.663  5.425  5.544  5.576  5.688  5.568  5.659  5.677  5.617  5.352  5.598  5.553  5.485  5.529  5.513  5.652  5.486  5.425  5.472  5.481  5.658  5.690  5.468  5.557  5.561  5.407  5.384
5.730  5.829  5.467  5.438  5.575  5.509  5.696  5.533  5.472  5.733  5.730  5.591  5.630  5.623  5.737  5.618  5.457  5.541  5.451  5.513  5.592  5.609  5.697  5.673  5.366  5.384  5.557  5.509  5.537  5.447  5.575  5.333  5.374  5.489  5.525  5.587  5.680  5.645  5.717  5.533  5.333  5.308
3.807  3.807  3.942  3.957  3.829  3.951  3.947  3.807  4.025  3.989  3.813  3.892  3.932  3.985  4.143  3.970  3.829  3.857  3.892  4.040  4.025  3.932  3.784  3.932  3.611  3.892  3.892  3.802  3.761  3.761  4.025  4.016  3.995  3.726  3.912  3.738  3.584  3.761  3.829  3.882  3.611  3.757
3.526  3.466  3.784  3.497  3.584  3.526  3.619  3.714  3.497  3.857  3.466  3.773  3.611  3.611  3.807  3.689  3.664  3.761  3.611  3.664  3.738  3.611  3.738  3.738  3.332  3.497  3.497  3.550  3.434  3.638  3.784  3.780  3.761  3.434  3.638  3.497  3.526  3.475  3.497  3.395  3.367  3.526
3.892  3.932  4.164  3.784  3.970  4.156  3.980  3.824  4.220  4.212  3.951  4.260  4.127  4.057  4.234  3.824  3.951  4.190  4.288  4.159  4.127  4.143  3.738  4.472  4.043  3.871  3.738  4.135  3.807  4.187  3.951  3.829  4.025  4.013  3.850  4.007  3.802  3.882  3.850  3.912  3.807  3.892
4.060  4.086  4.190  4.143  4.248  4.492  4.443  4.025  4.489  4.505  4.174  4.640  4.407  4.290  4.357  4.220  4.127  4.357  4.703  4.331  4.369  4.331  3.932  4.790  4.481  3.970  4.078  4.341  4.025  4.234  4.174  4.304  4.304  4.174  4.290  4.127  4.127  4.013  4.159  4.174  4.143  4.220
6.255  6.176  6.269  6.360  6.308  6.324  6.146  6.248  6.181  6.356  6.330  6.317  6.342  6.209  6.439  6.176  5.996  6.257  6.261  6.300  6.242  6.238  6.282  6.213  6.089  5.932  6.061  6.033  5.768  5.986  6.204  6.159  6.205  6.099  6.155  6.282  6.159  6.297  6.304  6.131  6.121  6.136
6.713  6.757  6.714  6.850  6.713  6.756  6.733  6.704  6.637  6.813  6.765  6.774  6.783  6.730  6.893  6.668  6.632  6.690  6.751  6.756  6.758  6.753  6.779  6.795  6.575  6.457  6.597  6.499  6.373  6.382  6.723  6.669  6.625  6.679  6.696  6.730  6.721  6.793  6.793  6.631  6.548  6.627
3.829  3.882  3.761  3.850  3.932  3.664  3.802  3.684  3.871  3.784  3.689  3.871  4.025  3.970  4.148  3.689  3.871  3.714  3.807  3.932  4.277  3.888  3.714  3.989  4.016  3.784  3.714  3.761  3.714  3.846  3.632  4.143  3.829  3.738  3.829  3.761  3.839  3.784  3.738  3.709  3.867  3.761
3.658  3.584  3.497  3.584  3.638  3.611  3.638  3.555  3.745  3.733  3.497  3.714  3.871  3.784  3.918  3.611  3.555  3.550  3.761  3.912  3.932  3.689  3.497  3.922  3.701  3.761  3.738  3.611  3.584  3.611  3.696  3.714  3.638  3.584  3.664  3.584  3.555  3.497  3.584  3.497  3.638  3.611
4.234  4.227  4.295  4.304  4.511  4.234  4.174  4.234  4.290  4.324  4.111  4.217  4.509  4.290  4.407  4.004  4.317  4.111  4.357  4.357  4.369  4.248  4.174  4.277  3.970  4.078  4.025  4.043  3.912  4.127  4.060  4.190  4.190  4.143  4.156  4.143  4.190  4.127  4.357  4.263  4.174  4.217
4.615  4.407  4.530  4.642  4.600  4.710  4.635  4.489  4.538  4.615  4.564  4.625  4.734  4.710  4.703  4.454  4.464  4.613  4.691  4.700  4.615  4.662  4.533  4.700  4.443  4.416  4.407  4.477  4.394  4.341  4.466  4.511  4.454  4.522  4.554  4.500  4.562  4.454  4.511  4.486  4.500  4.575
3.750  3.714  3.898  3.829  3.738  3.738  3.780  3.807  3.784  3.807  3.611  4.057  4.060  4.040  4.007  3.638  3.850  3.908  3.951  3.892  4.043  3.784  3.802  3.867  3.611  3.689  3.738  3.780  3.466  3.584  3.689  3.632  3.768  3.664  3.701  3.795  3.689  3.555  3.824  3.578  3.714  3.807
4.603  4.477  4.615  4.745  4.708  4.700  4.407  4.633  4.511  4.804  4.536  4.718  4.718  4.613  4.836  4.419  4.431  4.668  4.754  4.700  4.726  4.489  4.392  4.708  4.511  4.357  4.454  4.354  4.116  4.277  4.248  4.394  4.530  4.452  4.419  4.489  4.369  4.419  4.663  4.369  4.382  4.434
