3.658  3.584  3.578  3.428  3.497  3.401  3.450  3.535  3.526  3.497  3.332  3.466  3.638  3.611  3.584  3.555  3.611  3.367  3.526  3.738  3.526  3.584  3.526  3.584  3.466  3.434  3.497  3.497  3.684  3.367  3.367  3.714  3.526  3.611  3.526  3.459  3.434  3.434  3.638  3.401  3.401  3.428
3.466  3.434  3.535  3.466  3.434  3.459  3.367  3.360  3.584  3.434  3.258  3.611  3.664  3.497  3.611  3.367  3.401  3.332  3.714  3.555  3.497  3.584  3.401  3.550  3.466  3.434  3.332  3.258  3.296  3.401  3.296  3.497  3.401  3.520  3.367  3.401  3.466  3.296  3.664  3.401  3.584  3.611
4.927  4.877  4.798  4.718  4.691  4.913  4.852  4.745  4.745  4.997  4.868  5.004  4.787  4.812  5.011  4.682  4.804  4.682  4.745  4.852  4.852  4.710  4.804  4.787  4.710  4.820  4.708  4.603  4.477  4.654  4.635  4.620  4.762  4.699  4.595  4.905  4.687  4.644  4.712  4.635  4.500  4.762
4.963  4.958  4.890  4.866  4.812  4.944  4.949  4.745  4.956  5.088  5.030  5.011  5.081  5.017  4.977  5.026  4.828  5.088  4.920  4.963  4.987  4.959  4.858  4.990  5.024  4.879  4.862  4.794  4.691  4.802  4.843  4.644  4.691  4.916  4.860  4.942  4.862  4.745  4.848  4.654  4.710  4.926
4.007  3.807  3.970  3.867  3.784  3.689  3.761  3.829  3.709  3.850  3.850  3.738  4.057  4.143  3.932  3.807  3.780  3.871  3.784  3.824  3.932  3.892  3.726  3.738  3.829  3.714  3.835  3.745  3.611  3.784  3.970  3.761  3.738  3.908  3.757  3.892  3.850  4.043  3.784  3.807  3.638  3.611
4.060  3.951  3.892  3.892  3.761  3.784  3.761  3.714  3.689  3.807  3.761  3.807  4.060  4.007  4.281  3.784  3.807  3.985  3.807  4.094  4.007  3.738  3.738  3.932  3.638  3.807  3.835  3.714  3.638  3.738  3.761  3.761  3.829  3.664  3.638  3.761  3.689  3.761  3.733  3.584  3.829  3.664
3.466  3.611  3.611  3.526  3.497  3.584  3.526  3.611  3.689  3.638  3.395  3.584  3.784  3.726  3.784  3.664  3.434  3.526  3.738  3.761  3.714  3.638  3.401  3.555  3.497  3.497  3.401  3.584  3.325  3.611  3.497  3.555  3.555  3.584  3.611  3.497  3.466  3.296  3.481  3.434  3.367  3.526
3.689  3.555  3.555  3.714  3.497  3.526  3.526  3.497  3.570  3.714  3.555  3.605  3.761  3.658  3.684  3.795  3.664  3.526  3.555  3.714  3.689  3.638  3.434  3.714  3.466  3.466  3.466  3.619  3.555  3.332  3.664  3.645  3.555  3.526  3.555  3.784  3.401  3.434  3.401  3.367  3.497  3.497
5.416  5.382  5.352  5.398  5.269  5.193  5.328  5.338  5.263  5.576  5.345  5.338  5.429  5.357  5.434  5.323  5.288  5.293  5.375  5.375  5.351  5.215  5.268  5.370  5.247  5.228  5.112  5.004  5.049  5.056  5.283  5.247  5.318  5.187  5.357  5.102  5.170  5.147  5.094  5.024  5.193  5.218
5.268  5.242  5.142  5.263  5.135  5.023  5.236  5.074  5.204  5.335  5.200  5.198  5.247  5.257  5.251  5.126  5.142  5.112  5.100  5.252  5.334  5.328  5.036  5.288  5.094  5.081  5.032  4.990  4.812  4.997  5.024  5.142  5.130  5.004  5.102  4.762  5.037  5.030  5.088  4.956  4.868  5.017
4.762  4.652  4.691  4.860  4.511  4.635  4.682  4.836  4.736  4.938  4.615  4.832  4.654  4.717  4.804  4.663  4.654  4.382  4.852  4.762  4.949  4.635  4.454  4.741  4.575  4.533  4.407  4.234  4.431  4.564  4.477  4.625  4.554  4.787  4.511  4.687  4.382  4.578  4.564  4.317  4.590  4.598
4.771  4.595  4.554  4.754  4.543  4.522  4.691  4.615  4.585  4.647  4.454  4.666  4.615  4.644  4.762  4.489  4.511  4.477  4.613  4.754  4.736  4.613  4.489  4.557  4.454  4.511  4.290  4.324  4.263  4.220  4.401  4.585  4.522  4.394  4.466  4.564  4.431  4.422  4.593  4.454  4.357  4.522
5.208  5.094  5.293  5.273  5.313  5.220  5.170  5.347  5.024  5.347  5.231  5.303  5.215  5.242  5.298  5.097  5.013  5.208  5.215  5.333  5.217  5.170  5.078  5.283  5.118  5.075  5.085  5.011  4.954  5.030  5.003  5.081  5.196  5.182  5.158  5.056  5.106  5.142  5.017  5.004  5.043  5.215
4.860  4.644  4.663  4.682  4.745  4.673  4.804  4.890  4.804  4.931  4.777  4.875  4.905  4.860  4.905  4.718  4.657  4.712  4.804  4.879  4.934  4.942  4.752  4.970  4.564  4.762  4.762  4.635  4.530  4.635  4.659  4.666  4.710  4.736  4.723  4.779  4.820  4.787  4.483  4.736  4.585  4.787
4.549  4.431  4.615  4.419  4.595  4.575  4.331  4.620  4.691  4.625  4.575  4.635  4.824  4.752  4.875  4.585  4.541  4.615  4.868  4.796  4.828  4.980  5.017  4.926  5.050  5.159  5.075  5.352  5.263  5.381  4.511  4.536  4.443  4.419  4.431  4.486  4.522  4.554  4.615  4.552  4.357  4.593
4.787  4.736  4.682  4.663  4.748  4.787  4.595  4.739  4.796  4.905  4.898  4.828  5.050  5.049  4.997  4.836  4.625  4.890  4.913  4.984  4.852  5.236  5.147  5.132  5.193  5.206  5.176  5.575  5.447  5.545  4.700  4.585  4.775  4.682  4.663  4.823  4.745  4.727  4.762  4.771  4.595  4.673
4.025  4.043  4.111  4.190  4.111  4.043  4.025  4.004  4.111  4.187  4.127  4.148  4.220  4.159  4.202  4.111  4.111  4.043  4.317  4.304  4.248  4.060  4.007  4.174  4.043  3.951  3.967  3.951  3.850  3.784  3.784  3.912  4.078  4.031  4.091  4.124  4.143  4.043  3.951  4.111  4.022  4.016
4.344  4.164  4.111  4.190  4.078  4.246  4.277  4.060  4.205  4.256  4.127  4.380  4.431  4.344  4.401  4.127  4.331  4.227  4.220  4.344  4.382  4.419  4.094  4.357  4.202  3.892  4.174  4.025  3.989  4.190  4.159  4.263  4.205  4.094  4.304  4.205  4.212  4.190  4.234  4.094  4.016  4.127
5.004  4.642  4.868  4.990  4.844  4.929  4.970  4.820  4.754  4.984  4.883  4.997  5.106  4.963  5.050  4.787  4.945  4.860  5.072  5.094  4.911  4.963  4.913  4.970  4.890  4.820  4.787  4.762  4.615  4.691  4.804  4.819  5.003  4.828  4.860  4.956  4.942  4.868  4.756  4.694  4.754  4.905
5.147  4.883  4.934  5.003  5.017  5.193  5.099  5.030  5.030  5.182  5.017  5.094  5.357  5.236  5.298  5.024  5.094  5.209  5.162  5.226  5.126  5.209  5.173  5.209  5.063  4.970  4.970  4.913  4.852  4.934  4.990  4.980  5.011  5.153  5.086  5.072  5.032  5.001  5.024  5.027  4.963  4.990
3.871  3.951  3.985  4.078  4.060  4.007  3.951  3.892  3.892  4.111  3.932  3.942  4.217  4.263  4.288  3.850  3.912  3.829  4.159  4.246  4.401  4.094  3.967  4.234  4.127  3.829  4.103  3.867  3.912  3.928  3.995  4.083  4.143  4.043  4.209  4.078  3.829  3.898  3.928  3.802  3.912  3.989
3.985  4.205  4.127  4.241  4.127  4.083  4.315  4.217  4.227  4.108  4.277  4.212  4.443  4.361  4.475  4.094  4.231  4.171  4.428  4.248  4.413  4.143  4.078  4.304  4.404  4.217  4.253  4.263  4.135  4.159  4.274  4.452  4.452  4.277  4.492  4.231  4.022  4.171  3.967  3.912  4.241  4.057
