6.127  5.940  5.755  5.872  5.881  5.945  6.052  6.021  5.976  6.201  5.994  6.125  6.248  6.156  6.256  6.475  6.323  6.335  5.940  6.050  5.969  6.116  6.011  6.131  5.737  5.673  5.740  5.666  5.663  5.765  5.854  5.790  5.790  5.768  5.894  5.823  5.746  5.733  5.802  5.802  5.642  5.911
6.574  7.214  6.290  6.385  6.472  6.506  6.611  6.542  6.535  6.816  6.564  6.658  6.817  6.701  6.717  7.098  6.983  6.882  6.553  6.518  6.592  6.717  6.549  6.690  6.385  6.382  6.397  6.390  6.308  6.397  6.391  6.315  6.306  6.380  6.457  6.373  6.404  6.351  6.342  6.327  6.260  6.418
4.973  4.949  4.787  4.760  4.827  4.832  4.990  4.812  4.820  5.142  5.007  4.913  4.919  4.787  4.977  4.949  4.662  4.893  4.920  4.820  5.118  4.905  4.890  5.049  4.718  4.779  4.754  4.662  4.654  4.673  4.927  4.727  4.800  4.820  4.905  4.787  4.883  4.812  4.812  4.766  4.654  4.625
4.382  4.522  4.394  4.422  4.297  4.481  4.419  4.394  4.486  4.407  4.404  4.477  4.454  4.317  4.452  4.328  4.304  4.367  4.376  4.454  4.511  4.369  4.500  4.492  4.277  4.190  4.317  4.234  4.127  4.194  4.288  4.205  4.174  4.248  4.419  4.341  4.419  4.419  4.369  4.143  4.301  4.317
4.771  4.552  4.682  4.595  4.736  4.595  4.573  4.718  4.717  4.956  4.710  4.710  4.727  4.677  4.815  4.703  4.690  4.554  4.860  4.743  4.802  4.756  4.564  4.690  4.625  4.557  4.431  4.543  4.369  4.554  4.575  4.635  4.671  4.649  4.564  4.522  4.530  4.575  4.754  4.635  4.530  4.718
4.419  4.297  4.382  4.246  4.205  4.263  4.394  4.466  4.431  4.443  4.394  4.416  4.585  4.317  4.516  4.505  4.489  4.241  4.357  4.466  4.469  4.304  4.143  4.394  4.277  4.369  4.248  4.174  4.151  4.190  4.317  4.248  4.263  4.217  4.234  4.304  4.205  4.335  4.304  4.288  4.171  4.234
4.934  4.963  4.824  4.949  4.850  4.836  5.030  4.997  4.881  5.100  5.109  5.050  5.176  5.030  4.949  4.883  4.968  4.802  5.121  4.905  5.078  4.934  5.088  5.030  4.942  4.963  4.890  4.847  4.804  4.952  4.804  4.860  4.726  4.927  5.185  4.947  4.812  4.691  4.885  4.752  4.796  4.848
4.060  3.989  4.074  4.127  4.103  4.179  4.127  4.060  3.989  4.317  4.284  4.277  4.248  4.281  4.220  4.111  4.248  4.108  4.205  4.274  4.260  4.179  3.951  4.253  4.220  4.127  4.060  3.967  3.970  4.078  4.111  4.078  4.074  4.174  4.060  4.043  3.951  3.892  4.127  4.007  4.040  4.025
5.333  5.220  5.124  5.193  5.247  5.187  5.318  5.298  5.426  5.511  5.303  5.435  5.338  5.118  5.396  5.170  5.357  5.176  5.416  5.318  5.347  5.263  5.323  5.303  5.303  5.242  5.187  5.153  5.132  5.251  5.170  5.375  5.204  5.303  5.384  5.127  5.287  5.168  5.106  5.121  5.231  5.130
5.969  5.866  5.844  5.791  5.932  5.844  6.057  5.909  6.057  6.021  6.148  5.989  5.969  5.858  5.937  5.927  5.900  5.791  6.031  5.849  6.125  5.916  6.082  6.028  5.898  5.903  5.778  5.849  5.935  6.211  5.696  5.855  5.817  5.899  6.038  6.039  5.881  5.663  5.738  5.762  5.684  5.733
3.829  3.611  3.807  3.928  3.761  3.780  3.689  3.829  3.871  3.871  3.761  3.871  3.951  3.951  4.174  3.867  3.829  3.738  4.078  4.190  4.043  3.871  3.846  4.007  3.850  3.555  3.784  3.761  3.689  3.689  3.871  3.861  3.850  3.664  3.807  3.638  3.829  3.850  3.689  3.584  3.807  3.738
4.052  3.918  4.304  4.277  3.989  4.078  3.918  4.174  4.174  4.043  4.094  4.205  4.124  3.980  4.234  3.951  3.928  4.094  4.419  4.367  4.190  4.043  4.127  4.159  4.040  4.022  3.932  4.094  3.807  3.912  3.912  4.143  4.246  4.143  4.078  4.007  3.829  4.248  4.025  4.007  4.127  3.998
4.511  3.989  4.263  4.119  4.043  4.205  4.060  3.970  4.288  4.410  4.220  4.159  4.317  4.263  4.458  4.007  4.060  4.350  4.363  4.419  4.475  4.277  4.248  4.419  4.190  3.989  3.989  3.947  3.871  4.078  4.124  4.248  4.416  4.290  4.174  4.143  4.007  3.951  4.111  4.007  4.094  4.143
4.119  4.094  4.277  4.263  4.263  3.970  4.025  4.111  4.227  4.344  4.171  4.220  4.220  4.331  4.509  4.094  4.111  4.205  4.277  4.419  4.344  4.171  4.159  4.394  4.025  4.007  4.057  4.094  3.912  3.970  4.078  3.932  4.174  4.304  4.220  4.151  3.912  3.970  4.074  4.060  4.040  3.989
3.912  3.912  3.664  3.664  3.520  3.611  3.684  3.846  3.807  3.813  3.526  3.888  3.932  3.951  3.892  3.829  3.850  3.684  3.850  3.892  3.951  3.871  3.829  3.951  3.714  3.871  3.709  3.689  3.584  3.709  3.867  3.829  3.888  3.850  3.619  3.689  3.714  3.658  3.714  3.497  3.664  3.824
3.850  3.714  3.714  3.850  3.714  3.807  3.714  3.932  3.784  3.908  4.007  4.007  4.078  3.985  4.016  3.689  3.818  3.738  4.007  4.025  3.850  3.664  3.932  3.738  3.928  3.942  3.714  3.829  3.555  3.526  3.721  3.761  3.802  3.738  3.980  3.757  3.664  3.757  3.761  3.738  3.761  3.970
4.654  4.489  4.585  4.533  4.554  4.419  4.511  4.407  4.578  4.726  4.585  4.676  4.662  4.673  4.659  4.304  4.431  4.407  4.522  4.654  4.635  4.530  4.373  4.691  4.511  4.277  4.234  4.357  4.060  4.290  4.248  4.304  4.454  4.317  4.401  4.317  4.304  4.328  4.331  4.290  4.483  4.454
4.290  4.083  4.344  4.256  4.234  4.111  4.190  4.174  4.321  4.443  4.220  4.301  4.376  4.477  4.416  4.094  4.241  4.078  4.382  4.489  4.234  4.111  4.190  4.159  4.190  3.951  3.850  3.850  3.892  3.970  4.159  4.220  4.248  4.135  4.174  4.060  4.194  4.301  4.156  4.025  4.004  4.127
4.875  4.736  4.811  4.864  4.898  4.775  4.736  4.840  4.890  4.963  4.844  4.927  4.920  4.852  4.879  4.700  4.736  4.852  4.812  4.804  4.963  4.827  4.745  4.927  4.625  4.443  4.727  4.575  4.522  4.575  4.820  4.673  4.927  4.934  4.771  4.868  4.605  4.615  4.682  4.585  4.562  4.754
4.942  4.858  4.890  4.944  4.824  4.875  4.836  4.828  4.984  5.069  4.977  4.915  4.972  4.956  5.096  4.787  4.754  4.850  5.037  5.024  5.014  4.938  4.920  5.030  4.990  4.625  4.832  4.595  4.533  4.730  4.762  4.787  4.827  4.949  4.844  4.736  4.727  4.562  4.690  4.911  4.827  4.819
3.912  3.980  3.850  3.733  3.611  3.664  3.795  3.658  3.784  3.761  3.738  3.761  3.970  3.871  3.829  3.846  3.807  3.738  3.784  3.892  3.912  3.784  3.807  3.807  3.638  3.689  3.738  3.714  3.664  3.638  3.850  3.807  3.871  3.733  3.738  3.780  3.689  3.689  3.664  3.738  3.611  3.701
3.550  3.584  3.401  3.401  3.611  3.550  3.611  3.638  3.497  3.526  3.258  3.584  3.689  3.689  3.664  3.555  3.632  3.611  3.434  3.761  3.807  3.807  3.497  3.434  3.367  3.555  3.578  3.611  3.497  3.526  3.434  3.497  3.638  3.466  3.638  3.555  3.597  3.584  3.367  3.497  3.434  3.584
