4.644  4.454  4.618  4.443  4.394  4.477  4.575  4.564  4.585  4.635  4.564  4.676  4.682  4.635  4.685  4.575  4.466  4.520  4.625  4.690  4.717  4.494  4.489  4.605  4.337  4.392  4.357  4.477  4.248  4.321  4.217  4.454  4.382  4.357  4.454  4.394  4.511  4.533  4.500  4.477  4.458  4.520
4.494  4.369  4.505  4.466  4.369  4.489  4.290  4.317  4.477  4.628  4.419  4.503  4.635  4.657  4.644  4.522  4.234  4.522  4.575  4.559  4.575  4.407  4.350  4.454  4.248  4.317  4.190  4.277  4.220  4.357  4.248  4.274  4.304  4.290  4.297  4.394  4.541  4.394  4.315  4.159  4.357  4.466
5.333  5.220  5.153  5.198  5.263  5.283  5.252  5.257  5.231  5.421  5.352  5.298  5.360  5.323  5.338  5.242  5.121  5.251  5.252  5.333  5.366  5.220  5.185  5.328  5.112  4.927  5.159  5.072  4.963  5.042  5.193  5.140  5.118  4.990  5.109  5.102  5.106  5.192  5.170  5.069  5.176  5.147
5.796  5.737  5.761  5.677  5.802  5.765  5.744  5.758  5.753  5.829  5.784  5.802  5.823  5.733  5.878  5.697  5.541  5.684  5.696  5.635  5.852  5.707  5.795  5.656  5.659  5.643  5.760  5.606  5.561  5.583  5.778  5.674  5.583  5.635  5.727  5.709  5.811  5.790  5.645  5.685  5.697  5.670
5.609  5.623  5.380  5.379  5.403  5.572  5.612  5.529  5.505  5.666  5.613  5.553  5.595  5.572  5.619  5.595  5.505  5.384  5.549  5.472  5.663  5.635  5.629  5.638  5.398  5.389  5.375  5.303  5.429  5.425  5.487  5.595  5.347  5.549  5.476  5.464  5.549  5.342  5.361  5.375  5.308  5.366
5.142  5.094  4.942  4.931  4.990  4.927  5.081  4.984  4.890  5.124  5.024  4.963  5.123  5.017  5.063  5.063  4.933  4.804  5.106  5.017  5.069  4.963  5.063  5.185  4.827  4.771  4.864  4.860  4.771  4.868  5.019  4.949  4.754  4.890  4.934  4.942  4.942  4.959  4.836  4.839  4.734  4.934
6.370  6.107  6.277  6.170  6.308  6.311  6.333  6.335  6.328  6.431  6.477  6.377  6.446  6.271  6.341  6.238  6.201  6.279  6.463  6.303  6.271  6.297  6.266  6.280  6.170  6.299  6.272  6.306  6.014  6.217  6.157  5.889  6.138  6.254  6.324  6.328  6.201  6.383  6.295  6.265  6.117  6.190
5.625  5.572  5.460  5.416  5.489  5.493  5.663  5.630  5.556  5.600  5.731  5.627  5.645  5.582  5.656  5.550  5.561  5.403  5.677  5.661  5.568  5.568  5.649  5.642  5.489  5.466  5.509  5.466  5.421  5.565  5.531  5.298  5.389  5.564  5.647  5.645  5.598  5.533  5.455  5.523  5.426  5.273
3.761  3.550  3.733  3.526  3.671  3.578  3.638  3.638  3.664  3.676  3.555  3.714  3.584  3.738  3.780  3.526  3.466  3.555  3.807  3.784  3.761  3.664  3.611  3.684  3.570  3.584  3.738  3.611  3.434  3.696  3.434  3.526  3.689  3.584  3.584  3.664  3.526  3.506  3.401  3.526  3.497  3.526
3.584  3.684  3.824  3.526  3.584  3.512  3.611  3.555  3.611  3.761  3.395  3.696  3.892  3.638  3.807  3.434  3.555  3.555  3.714  3.714  3.861  3.658  3.401  3.761  3.541  3.520  3.520  3.584  3.401  3.520  3.367  3.658  3.555  3.555  3.434  3.526  3.434  3.555  3.367  3.526  3.258  3.526
4.344  4.454  4.277  4.458  4.344  4.472  4.290  4.357  4.357  4.595  4.443  4.431  4.633  4.477  4.575  4.277  4.394  4.394  4.605  4.549  4.615  4.357  4.382  4.317  4.190  4.328  4.143  4.317  4.094  4.290  4.220  4.156  4.382  4.304  4.522  4.464  4.341  4.489  4.331  4.331  4.248  4.344
4.779  4.754  4.727  4.933  4.727  4.732  4.762  4.804  4.710  4.949  4.890  4.868  4.929  4.783  5.063  4.605  4.812  4.663  4.727  4.890  4.883  4.762  4.848  4.787  4.564  4.756  4.682  4.583  4.500  4.605  4.644  4.625  4.786  4.718  4.796  4.775  4.762  4.852  4.745  4.554  4.595  4.796
4.477  4.311  4.382  4.394  4.522  4.380  4.500  4.437  4.382  4.522  4.431  4.522  4.613  4.443  4.673  4.428  4.431  4.533  4.407  4.600  4.489  4.466  4.530  4.522  4.304  4.277  4.190  4.443  4.143  4.140  4.477  4.354  4.369  4.382  4.357  4.431  4.419  4.522  4.431  4.454  4.419  4.522
4.808  4.554  4.625  4.852  4.682  4.666  4.625  4.618  4.564  4.691  4.727  4.682  5.036  4.844  4.883  4.654  4.595  4.762  4.787  4.726  4.860  4.682  4.696  4.777  4.663  4.533  4.494  4.533  4.382  4.407  4.654  4.736  4.717  4.564  4.682  4.762  4.625  4.736  4.623  4.812  4.605  4.564
4.466  4.357  4.522  4.500  4.477  4.431  4.388  4.452  4.419  4.541  4.446  4.505  4.546  4.575  4.736  4.369  4.394  4.419  4.543  4.511  4.454  4.541  4.477  4.644  4.311  4.357  4.503  4.425  4.419  4.248  4.220  4.454  4.431  4.489  4.382  4.603  4.431  4.449  4.454  4.382  4.394  4.525
3.689  3.714  3.584  3.638  3.784  3.632  3.714  3.638  3.664  3.850  3.651  3.807  3.824  3.850  3.829  3.664  3.738  3.714  3.829  3.932  4.060  3.761  3.738  3.912  3.780  3.638  3.802  3.611  3.714  3.714  3.689  3.768  3.714  3.829  3.738  3.638  3.761  3.658  3.846  3.761  3.578  3.784
4.078  3.892  3.995  4.060  3.989  3.932  3.871  4.094  4.074  3.871  3.829  4.060  4.127  4.094  4.167  3.970  4.197  4.025  4.111  4.171  4.127  4.078  3.689  4.025  3.951  3.970  4.060  3.871  3.714  3.658  4.159  4.111  4.174  4.025  4.007  3.951  3.846  4.025  3.912  3.892  3.985  3.892
3.611  3.738  3.684  3.761  3.584  3.611  3.664  3.611  3.701  3.664  3.466  3.807  3.784  3.807  3.726  3.738  3.829  3.664  3.912  3.850  3.912  3.709  3.638  3.738  3.714  3.761  3.689  3.526  3.664  3.584  3.638  3.784  3.850  3.714  3.761  3.802  3.611  3.664  3.584  3.526  3.541  3.738
4.682  4.700  4.511  4.511  4.536  4.541  4.710  4.628  4.700  4.663  4.615  4.533  4.673  4.673  4.820  4.486  4.663  4.615  4.736  4.787  4.633  4.642  4.633  4.659  4.557  4.533  4.564  4.511  4.394  4.489  4.839  4.575  4.691  4.644  4.625  4.682  4.654  4.605  4.564  4.419  4.477  4.554
4.533  4.562  4.489  4.625  4.567  4.613  4.575  4.466  4.635  4.605  4.613  4.498  4.615  4.654  4.736  4.431  4.533  4.625  4.562  4.710  4.657  4.585  4.464  4.663  4.477  4.477  4.570  4.554  4.231  4.354  4.443  4.407  4.595  4.500  4.533  4.575  4.489  4.380  4.745  4.413  4.331  4.511
5.193  5.130  5.252  5.147  5.153  5.081  5.130  5.001  5.153  5.197  5.231  5.135  5.257  5.282  5.273  5.118  5.152  5.231  5.298  5.318  5.247  5.056  5.218  5.283  5.037  5.153  5.027  5.039  4.852  4.977  5.100  5.045  5.106  5.094  5.136  5.112  5.118  4.940  5.056  5.014  5.017  5.029
5.077  4.700  4.875  4.745  4.942  4.762  4.754  4.754  4.898  4.940  4.860  4.777  4.836  5.056  5.056  4.804  4.811  4.796  5.030  4.920  4.951  4.786  4.787  4.905  4.804  4.700  4.727  4.824  4.522  4.663  4.718  4.762  4.804  4.909  4.787  4.905  4.736  4.839  4.700  4.804  4.745  4.700
