4.419  4.231  4.331  4.205  4.428  4.263  4.295  4.422  4.174  4.431  4.344  4.454  4.511  4.419  4.500  4.295  4.190  4.331  4.472  4.466  4.533  4.270  4.304  4.304  4.277  4.007  4.171  3.989  3.989  4.060  4.382  4.304  4.174  4.317  4.205  4.171  4.159  4.304  4.260  4.127  4.174  4.143
4.958  4.844  4.828  4.860  4.771  4.879  5.088  4.868  4.909  4.977  5.039  4.997  4.997  4.997  5.124  4.808  4.771  4.913  4.940  5.017  5.094  5.088  4.949  5.130  4.804  4.836  4.819  4.836  4.687  4.920  4.804  4.663  4.836  4.718  4.771  4.836  4.852  4.762  4.796  4.736  4.804  4.743
3.689  3.584  3.497  3.638  3.584  3.555  3.401  3.584  3.520  3.434  3.555  3.651  3.689  3.584  3.784  3.632  3.611  3.367  3.638  3.784  3.761  3.459  3.578  3.664  3.689  3.497  3.466  3.497  3.520  3.611  3.497  3.555  3.555  3.428  3.584  3.459  3.434  3.497  3.605  3.434  3.459  3.497
3.506  3.638  3.434  3.555  3.466  3.555  3.689  3.526  3.466  3.526  3.434  3.555  3.497  3.584  3.738  3.555  3.497  3.401  3.611  3.802  3.526  3.466  3.526  3.664  3.466  3.497  3.584  3.555  3.466  3.367  3.611  3.555  3.555  3.526  3.497  3.632  3.367  3.550  3.401  3.401  3.332  3.555
5.298  4.977  5.215  5.333  5.193  5.460  5.236  5.318  5.416  5.489  5.412  5.357  5.425  5.236  5.623  5.313  5.165  5.231  5.402  5.380  5.472  5.236  5.226  5.468  5.130  5.017  5.291  5.094  4.890  5.142  5.159  5.313  5.215  5.011  5.209  5.162  5.105  5.130  5.075  5.185  5.211  5.182
5.987  5.704  6.014  5.971  5.892  6.021  5.949  5.942  5.964  6.142  6.052  6.140  6.052  5.889  6.111  5.858  5.900  5.886  6.144  6.201  6.250  5.897  5.886  6.038  5.765  5.724  5.769  5.710  5.642  5.765  5.778  5.799  5.908  5.746  5.866  5.897  5.802  5.775  5.790  5.730  5.844  5.849
4.295  4.143  4.290  4.159  4.159  4.159  4.111  4.127  4.263  4.290  4.159  4.190  4.212  4.159  4.263  4.025  4.164  4.159  4.248  4.295  4.174  4.060  4.069  4.348  4.007  3.912  4.074  4.052  3.951  4.043  3.989  4.190  4.357  4.060  3.989  3.970  4.043  4.025  4.052  3.871  4.111  4.007
4.043  3.989  3.989  3.892  3.932  4.151  3.951  3.892  3.970  4.263  3.829  4.135  4.220  4.052  4.234  3.850  3.871  3.829  4.212  4.159  4.159  3.970  4.004  4.174  3.871  3.802  3.857  3.932  3.829  3.928  3.850  4.007  4.220  3.818  3.912  3.818  4.174  3.761  3.611  3.714  3.850  3.938
4.234  4.159  4.304  4.127  4.094  4.205  4.174  4.060  4.475  4.407  4.248  4.443  4.369  4.369  4.446  4.205  4.248  4.205  4.304  4.357  4.407  4.431  4.159  4.143  4.246  4.069  4.205  4.040  4.103  4.060  4.078  4.156  4.234  4.234  4.331  4.220  4.143  4.025  4.127  3.951  3.922  4.143
4.585  4.263  4.354  4.419  4.220  4.449  4.392  4.443  4.380  4.437  4.392  4.489  4.654  4.431  4.546  4.234  4.382  4.407  4.511  4.511  4.489  4.477  4.466  4.503  4.277  4.297  4.159  4.197  4.159  4.205  4.205  4.277  4.341  4.394  4.458  4.431  4.394  4.205  4.317  4.277  4.151  4.277
4.425  4.190  4.317  4.443  4.357  4.344  4.344  4.190  4.511  4.234  4.111  4.277  4.500  4.454  4.522  4.190  4.174  4.344  4.304  4.344  4.564  4.234  4.301  4.317  4.060  4.174  4.159  4.111  4.060  4.248  4.220  4.241  4.416  4.234  4.357  4.419  4.143  4.174  4.174  4.164  4.205  4.159
4.331  4.344  4.187  4.500  4.234  4.386  4.248  4.317  4.419  4.337  4.394  4.575  4.369  4.443  4.511  4.382  4.304  4.394  4.454  4.277  4.654  4.440  4.369  4.437  4.220  4.159  4.234  4.246  4.060  4.143  4.060  4.350  4.354  4.248  4.248  4.380  4.357  4.458  4.431  4.380  4.290  4.288
3.985  4.007  4.007  3.957  3.871  3.989  3.807  3.951  3.951  3.989  4.052  4.127  4.078  4.025  4.220  3.912  3.892  3.989  4.127  4.091  4.187  4.060  4.078  4.167  4.007  3.898  4.060  3.738  3.738  3.850  3.784  3.850  4.143  4.007  4.094  3.850  3.998  3.989  3.888  3.850  3.850  3.638
4.182  3.989  3.970  4.111  4.205  3.951  3.892  3.970  3.970  4.094  4.016  3.951  4.394  4.220  4.290  4.094  4.016  4.127  4.127  4.234  4.324  4.078  4.078  4.143  4.007  4.004  3.892  4.078  4.025  3.871  4.060  4.220  4.078  3.989  3.932  4.007  4.078  3.912  4.007  3.829  3.829  3.892
3.332  3.466  3.434  3.434  3.584  3.401  3.584  3.434  3.459  3.332  3.466  3.367  3.555  3.555  3.611  3.490  3.401  3.367  3.555  3.664  3.638  3.497  3.526  3.584  3.466  3.611  3.497  3.332  3.428  3.459  3.434  3.555  3.555  3.584  3.434  3.332  3.367  3.434  3.250  3.395  3.367  3.395
3.332  3.401  3.367  3.555  3.428  3.367  3.401  3.434  3.296  3.418  3.178  3.401  3.526  3.664  3.564  3.466  3.497  3.332  3.611  3.497  3.611  3.466  3.466  3.526  3.434  3.434  3.395  3.367  3.570  3.258  3.497  3.526  3.664  3.401  3.434  3.367  3.296  3.497  3.401  3.466  3.332  3.395
4.135  3.850  3.985  3.912  3.957  3.989  4.043  4.083  3.912  4.043  4.094  4.099  4.248  4.187  4.290  3.951  4.007  4.148  4.143  4.127  4.284  4.159  3.970  4.127  3.871  3.912  4.007  3.871  3.829  4.094  3.951  3.967  4.151  4.031  3.932  3.932  3.892  3.970  3.871  3.807  3.846  4.091
3.947  3.867  4.043  4.078  4.004  3.951  3.989  4.057  3.871  4.143  4.094  4.159  4.171  3.951  4.127  3.970  3.928  3.892  4.127  4.043  4.174  4.043  3.850  3.938  3.850  3.912  3.912  4.069  3.676  3.807  3.871  3.757  4.007  3.684  3.947  3.932  3.850  3.871  3.932  3.846  3.850  3.980
4.449  4.263  4.500  4.315  4.270  4.159  4.290  4.094  4.635  4.486  4.630  4.394  4.407  4.440  4.489  3.989  4.533  4.425  4.369  4.452  5.146  4.304  4.494  4.877  4.078  4.256  4.290  4.143  4.344  4.466  4.227  4.290  4.541  4.290  4.458  4.277  4.205  4.341  4.290  4.174  4.094  4.078
4.103  3.951  4.174  4.234  4.043  4.060  4.007  3.989  3.932  4.190  4.304  4.043  4.205  4.143  4.477  3.951  3.957  3.932  4.060  4.290  4.308  4.086  4.060  4.174  3.871  3.738  3.932  3.871  3.829  4.004  3.985  3.970  4.057  4.016  4.124  3.932  3.850  4.007  4.025  3.989  3.980  3.850
4.997  5.047  4.973  4.956  5.037  4.990  4.885  4.949  4.890  5.136  5.066  5.050  5.069  5.017  5.220  5.017  4.890  4.754  5.100  5.112  4.984  4.984  4.970  5.056  4.734  4.828  4.812  4.699  4.844  4.804  4.907  4.595  4.956  4.866  4.779  4.934  4.883  4.898  4.942  4.794  4.723  4.819
4.575  4.477  4.472  4.575  4.466  4.407  4.301  4.382  4.212  4.431  4.472  4.466  4.500  4.520  4.700  4.248  4.382  4.511  4.407  4.554  4.422  4.234  4.331  4.419  4.335  4.248  4.328  4.407  4.111  4.111  4.324  4.220  4.413  4.419  4.357  4.382  4.190  4.419  4.388  4.234  4.220  4.382
