3.638  3.664  3.638  3.780  3.611  3.664  3.689  3.892  3.632  3.714  3.638  3.850  3.951  3.829  3.850  3.638  3.761  3.584  3.829  3.998  3.829  3.745  3.714  3.807  3.658  3.738  3.526  3.526  3.367  3.802  3.689  3.738  3.638  3.714  3.632  3.638  3.714  3.611  3.555  3.555  3.584  3.970
3.892  3.714  3.726  3.714  3.689  3.714  3.664  3.664  3.584  3.689  3.664  3.684  3.807  3.932  3.961  3.733  3.761  3.638  3.638  3.689  3.824  3.738  3.784  3.738  3.564  3.664  3.784  3.714  3.466  3.738  3.768  3.784  3.689  3.584  3.761  3.714  3.714  3.689  3.638  3.466  3.550  3.761
5.617  5.595  5.525  5.438  5.509  5.637  5.481  5.525  5.606  5.552  5.361  5.576  5.628  5.587  5.666  5.457  5.442  5.539  5.598  5.730  5.781  5.555  5.521  5.587  5.442  5.468  5.371  5.335  5.338  5.328  5.395  5.434  5.454  5.511  5.476  5.602  5.521  5.451  5.463  5.414  5.366  5.501
5.375  5.204  5.263  5.215  5.303  5.342  5.176  5.497  5.440  5.260  5.004  5.323  5.323  5.193  5.397  5.123  5.142  5.220  5.394  5.481  5.450  5.204  5.233  5.313  5.247  5.231  5.198  5.124  4.907  4.911  5.159  5.176  5.278  5.298  5.234  5.182  5.249  5.215  5.118  5.182  5.298  5.268
4.007  3.932  4.060  4.159  3.761  3.761  3.912  4.007  3.922  3.989  3.850  3.888  4.007  3.892  3.951  3.807  4.066  3.871  4.078  3.985  4.052  4.043  4.060  3.970  3.835  4.007  3.892  3.714  3.757  3.871  3.850  3.932  4.040  3.867  3.951  4.013  3.850  3.967  3.932  3.709  3.871  3.846
3.555  3.689  3.611  3.807  3.651  3.466  3.784  3.784  3.611  3.738  3.714  3.584  3.784  3.638  3.761  3.611  3.714  3.714  3.761  3.846  3.757  3.795  3.584  3.714  3.664  3.658  3.466  3.584  3.401  3.651  3.664  3.714  3.807  3.541  3.434  3.807  3.651  3.638  3.638  3.314  3.638  3.664
4.317  4.304  4.454  4.357  4.483  4.234  4.454  4.443  4.277  4.419  4.344  4.419  4.454  4.431  4.431  4.394  4.190  4.248  4.431  4.500  4.549  4.337  4.246  4.344  4.224  4.190  4.394  4.234  4.263  4.171  4.277  4.317  4.407  4.127  4.344  4.328  4.331  4.094  4.290  4.190  4.212  4.111
3.892  3.892  3.784  3.932  4.060  4.025  3.970  3.912  3.850  4.143  3.888  3.829  4.205  3.932  4.007  3.912  3.709  3.761  3.951  3.892  4.025  4.060  3.932  3.951  3.745  3.664  3.784  3.912  3.850  3.714  3.989  3.951  3.871  4.043  4.007  3.829  3.871  3.829  3.738  3.807  3.951  3.738
4.094  4.043  4.127  4.143  4.174  4.111  4.132  4.078  4.007  4.190  3.951  4.159  4.159  3.961  4.190  3.892  3.970  3.989  4.148  4.277  3.989  4.167  4.007  4.043  4.078  3.970  3.892  4.094  3.780  3.951  3.892  3.784  4.060  3.846  3.871  3.892  3.970  4.043  3.850  3.850  3.871  4.066
4.205  4.234  4.248  4.234  4.344  4.205  4.227  4.220  4.248  4.472  4.263  4.407  4.394  4.308  4.331  4.234  4.290  4.190  4.431  4.425  4.290  4.281  4.159  4.290  4.025  4.078  4.111  4.174  3.932  4.156  4.205  4.060  4.277  4.078  4.220  4.127  4.143  4.094  4.248  4.127  4.060  4.159
4.052  3.892  4.111  4.060  4.016  4.220  4.111  4.078  4.078  3.951  3.850  4.174  4.190  4.060  4.382  3.761  4.007  4.127  4.043  4.187  4.143  3.951  4.016  4.078  4.031  4.043  3.932  4.078  3.980  3.912  3.970  3.980  4.143  4.111  3.967  4.078  3.850  3.989  3.970  4.043  4.111  3.985
4.099  3.932  4.143  4.094  3.912  4.066  3.970  4.143  3.970  4.007  3.850  4.159  4.108  4.025  4.317  3.892  4.074  3.932  4.025  4.048  4.111  3.829  4.004  3.892  4.043  4.057  4.111  3.867  3.951  3.892  3.970  4.086  3.951  4.040  4.025  4.007  4.094  4.007  3.807  4.004  3.932  4.094
3.497  3.584  3.459  3.813  3.611  3.497  3.684  3.526  3.497  3.638  3.367  3.526  3.784  3.526  3.850  3.367  3.761  3.584  3.951  3.664  3.689  3.584  3.645  3.664  3.555  3.605  3.611  3.497  3.401  3.360  3.584  3.611  3.555  3.714  3.466  3.497  3.584  3.466  3.434  3.466  3.434  3.526
3.664  3.367  3.555  3.638  3.555  3.520  3.434  3.638  3.434  3.555  3.288  3.497  3.578  3.638  3.638  3.526  3.555  3.401  3.584  3.526  3.526  3.526  3.512  3.497  3.555  3.401  3.367  3.584  3.466  3.434  3.466  3.434  3.526  3.466  3.434  3.526  3.434  3.497  3.401  3.526  3.466  3.466
4.086  3.871  3.932  4.099  3.892  4.007  3.951  3.908  4.043  3.871  3.829  3.829  4.143  4.127  4.277  3.892  3.951  4.171  4.094  4.159  4.111  4.007  3.829  4.108  3.850  3.867  3.932  3.850  3.689  3.871  3.829  3.850  4.022  4.025  3.932  3.689  3.664  3.850  3.871  3.714  3.829  3.807
4.209  4.099  3.989  3.784  4.127  3.970  3.932  3.980  4.007  4.094  4.094  4.159  4.234  4.246  4.159  3.932  3.871  3.980  4.143  4.248  4.263  4.111  4.143  4.069  3.970  4.091  3.850  4.060  3.989  3.780  3.951  3.932  3.957  4.025  4.060  3.912  3.829  3.912  4.220  3.871  3.970  3.947
5.380  5.043  5.291  5.175  5.273  5.214  5.100  5.230  5.282  5.412  5.165  5.215  5.220  5.264  5.371  5.081  5.182  5.159  5.293  5.425  5.318  5.244  5.182  5.187  5.133  5.182  5.094  5.056  4.919  5.080  5.094  5.105  5.276  5.231  5.226  5.187  5.112  5.403  5.318  5.156  5.075  5.187
5.056  4.883  5.027  4.896  4.868  4.870  4.934  4.827  4.779  5.030  4.970  4.890  5.100  4.896  4.956  4.794  4.970  4.844  4.942  5.068  4.997  4.990  4.844  5.017  4.812  4.934  4.710  4.668  4.699  4.811  4.883  4.811  4.820  4.956  4.963  4.913  4.754  4.997  4.828  4.762  4.890  4.812
4.413  4.394  4.317  4.477  4.419  4.317  4.337  4.398  4.382  4.373  4.331  4.486  4.557  4.533  4.533  4.367  4.500  4.443  4.673  4.546  4.623  4.078  4.357  4.382  4.454  4.350  4.317  4.304  4.234  4.190  4.290  4.341  4.419  4.460  4.382  4.419  4.263  4.348  4.253  4.205  4.270  4.454
3.807  3.714  3.898  3.970  4.007  3.829  3.932  4.007  4.043  4.143  3.892  3.871  4.004  4.167  4.111  3.932  3.871  3.850  4.040  4.174  4.277  3.761  4.022  4.127  4.031  3.892  3.871  3.761  3.714  3.932  4.025  3.871  4.007  3.829  3.932  4.004  3.709  3.829  3.638  3.829  3.871  3.970
4.710  4.625  4.771  4.762  4.644  4.860  4.710  4.605  4.654  4.804  4.663  4.700  4.836  4.828  4.970  4.828  4.654  4.828  4.843  4.682  4.836  4.787  4.771  4.977  4.623  4.595  4.762  4.562  4.376  4.644  4.595  4.615  4.605  4.718  4.812  4.654  4.585  4.500  4.762  4.575  4.673  4.564
4.522  4.407  4.500  4.647  4.489  4.554  4.341  4.520  4.509  4.494  4.522  4.431  4.595  4.522  4.668  4.489  4.407  4.642  4.575  4.618  4.754  4.419  4.454  4.533  4.317  4.477  4.344  4.361  4.111  4.317  4.317  4.443  4.500  4.454  4.337  4.554  4.511  4.437  4.357  4.344  4.477  4.304
