4.443  4.304  4.489  4.477  4.197  4.492  4.419  4.394  4.344  4.419  4.246  4.331  4.454  4.171  4.290  4.328  4.407  4.277  4.394  4.516  4.394  4.431  4.304  4.407  4.220  4.127  4.078  4.060  3.970  4.234  4.140  4.164  4.428  4.311  4.290  4.248  4.132  4.304  4.040  4.171  4.094  4.234
3.932  3.784  3.888  4.043  3.824  3.947  3.932  3.989  3.807  4.094  3.761  3.892  4.043  3.892  3.850  3.877  3.829  3.871  3.951  4.091  3.912  3.912  3.942  3.951  3.970  3.738  3.689  3.664  3.714  3.664  3.780  3.784  3.871  3.850  3.733  3.850  3.795  3.932  3.813  3.892  3.714  3.970
3.932  3.807  3.738  3.912  3.829  3.807  3.689  3.892  3.761  3.957  3.738  4.013  4.091  3.714  4.007  3.829  3.611  3.829  3.932  3.970  3.714  3.871  3.664  3.970  3.714  3.738  3.750  3.738  3.555  3.738  3.624  3.664  3.989  3.807  3.738  3.714  3.689  3.611  3.638  3.761  3.490  3.784
4.060  3.850  3.892  3.932  3.912  3.932  3.989  4.052  3.829  4.116  3.902  4.116  4.091  3.871  4.078  3.871  3.714  3.761  4.197  4.094  3.902  3.951  3.871  3.932  3.638  3.738  3.932  3.970  3.714  3.714  3.784  3.829  3.829  3.750  3.877  3.824  3.784  3.867  3.850  3.714  3.784  3.761
4.060  4.007  4.086  4.022  3.989  3.932  3.970  3.932  4.007  4.143  4.083  4.078  4.111  4.078  4.159  4.094  3.850  3.892  3.922  4.034  4.060  3.908  4.025  3.951  3.928  3.932  3.807  3.829  3.784  3.829  3.980  3.912  3.784  4.060  3.733  3.989  4.007  4.143  3.807  3.807  3.912  3.892
4.317  4.043  3.951  4.034  4.060  4.190  3.912  4.227  4.007  4.263  3.989  4.167  4.357  4.190  4.357  4.025  3.989  4.078  4.248  4.060  4.127  4.190  3.922  4.234  3.850  3.989  4.060  3.871  3.850  3.784  4.052  4.060  4.190  3.932  4.078  4.007  4.025  4.078  4.060  3.985  3.892  3.985
4.025  4.078  4.078  4.043  4.078  3.871  4.004  3.928  4.220  4.111  3.807  4.248  4.174  3.970  4.174  4.025  4.159  3.784  4.182  4.205  4.159  3.970  3.989  4.043  4.078  4.060  4.007  3.829  3.761  3.898  3.892  4.043  4.007  4.143  4.025  3.871  3.892  3.970  3.970  3.998  4.127  3.995
4.304  4.143  4.220  4.025  3.989  4.078  4.060  4.127  4.143  4.124  4.111  4.220  4.135  4.143  4.212  4.043  4.143  4.111  4.331  4.407  4.248  3.985  3.985  4.143  4.205  4.007  3.989  4.066  3.932  4.094  4.025  4.256  4.127  4.143  4.025  4.060  4.025  4.143  4.043  4.078  4.060  4.078
3.813  3.871  3.714  3.807  3.714  3.807  3.802  3.912  3.768  3.829  3.738  4.007  4.069  3.970  3.892  3.738  3.846  3.912  3.807  3.932  3.871  3.784  3.829  3.829  3.689  3.714  3.850  3.807  3.738  3.738  3.733  3.714  3.671  3.664  3.784  3.689  3.871  3.611  3.829  3.807  3.802  3.611
3.733  3.632  3.709  3.714  3.611  3.526  3.497  3.555  3.611  3.689  3.434  3.584  3.922  3.867  3.611  3.611  3.721  3.638  3.555  3.664  3.689  3.701  3.526  3.664  3.520  3.526  3.570  3.466  3.332  3.638  3.401  3.584  3.611  3.555  3.664  3.555  3.360  3.526  3.401  3.497  3.401  3.555
3.912  3.912  3.912  3.784  3.721  3.611  3.714  3.829  3.898  3.989  3.850  3.989  4.078  4.074  4.111  3.664  3.829  3.871  4.057  4.025  4.025  3.998  3.784  3.970  3.888  3.714  3.689  3.871  3.733  3.784  3.664  3.892  3.807  3.871  3.928  3.867  3.807  3.850  3.738  3.701  3.632  3.738
3.434  3.611  3.520  3.434  3.490  3.555  3.367  3.555  3.401  3.434  3.418  3.624  3.555  3.578  3.951  3.526  3.611  3.520  3.578  3.761  3.584  3.850  3.497  3.658  3.434  3.332  3.332  3.434  3.475  3.401  3.526  3.555  3.434  3.550  3.395  3.466  3.367  3.459  3.360  3.307  3.466  3.434
5.275  5.037  5.226  5.293  5.263  5.147  5.004  5.100  4.949  5.242  5.106  5.182  5.231  5.220  5.272  5.043  5.112  5.043  5.306  5.308  5.168  5.069  5.053  5.043  4.949  4.949  4.902  4.911  4.804  4.934  4.898  5.056  5.165  5.024  4.997  5.142  4.927  5.278  5.172  5.081  5.011  5.056
4.652  4.428  4.585  4.779  4.644  4.511  4.394  4.575  4.407  4.663  4.615  4.595  4.736  4.530  4.820  4.466  4.341  4.615  4.603  4.802  4.522  4.509  4.500  4.492  4.301  4.357  4.369  4.304  4.060  4.277  4.419  4.454  4.620  4.394  4.344  4.431  4.297  4.754  4.663  4.543  4.431  4.564
4.920  4.787  4.852  5.050  4.850  4.883  4.827  4.802  4.745  4.875  4.927  4.927  5.136  4.875  4.956  4.836  4.732  4.949  4.996  5.029  4.933  4.860  4.913  4.970  4.804  4.877  4.732  4.673  4.522  4.673  4.762  4.800  5.088  4.812  4.773  4.864  4.800  4.828  4.997  4.754  4.804  4.874
4.477  4.111  4.466  4.454  4.290  4.331  4.143  4.143  4.174  4.380  4.263  4.407  4.419  4.407  4.466  4.263  4.452  4.190  4.407  4.533  4.500  4.205  4.277  4.277  4.357  4.234  4.108  4.127  4.174  4.078  4.111  4.344  4.331  4.317  4.317  4.234  4.190  4.256  4.335  4.248  4.140  4.111
3.818  3.829  3.807  3.932  3.689  3.750  3.714  3.829  3.957  3.882  3.664  3.802  3.850  3.918  3.938  3.611  3.850  3.733  3.902  3.998  3.871  3.714  3.932  3.947  3.784  3.807  3.784  3.611  3.584  3.689  3.818  3.738  3.871  3.738  4.025  3.802  3.970  3.733  3.829  3.714  3.638  3.846
3.550  3.664  3.578  3.664  3.535  3.466  3.466  3.526  3.401  3.497  3.434  3.555  3.664  3.584  3.605  3.584  3.611  3.434  3.664  3.664  3.709  3.689  3.367  3.664  3.664  3.367  3.526  3.434  3.550  3.497  3.584  3.611  3.526  3.526  3.638  3.555  3.258  3.584  3.434  3.367  3.555  3.611
4.771  4.662  4.700  4.920  4.743  4.782  4.593  4.699  4.727  4.682  4.800  4.762  4.868  4.963  4.956  4.920  4.771  4.691  4.920  4.883  4.942  4.727  4.694  4.883  4.635  4.595  4.710  4.691  4.489  4.543  4.796  4.836  4.736  4.615  4.804  4.710  4.762  4.804  4.615  4.625  4.710  4.718
4.431  4.174  4.277  4.357  4.554  4.419  4.454  4.357  4.410  4.443  4.500  4.394  4.533  4.477  4.530  4.443  4.466  4.428  4.500  4.654  4.533  4.522  4.505  4.443  4.317  4.263  4.248  4.331  4.205  4.248  4.290  4.454  4.416  4.357  4.357  4.489  4.431  4.407  4.533  4.277  4.350  4.331
4.091  3.970  4.060  4.246  4.007  4.124  4.143  4.043  4.043  4.190  4.025  4.159  4.380  4.398  4.270  4.025  3.888  3.918  4.277  4.337  4.248  4.108  4.187  4.111  4.111  4.066  4.159  3.850  3.932  3.839  4.190  4.270  4.140  4.040  4.190  3.967  4.004  4.127  3.951  4.043  4.025  4.108
4.443  4.263  4.419  4.431  4.369  4.304  4.454  4.331  4.543  4.466  4.344  4.543  4.543  4.500  4.654  4.331  4.260  4.407  4.477  4.745  4.489  4.533  4.369  4.464  4.212  4.394  4.205  4.217  4.209  4.190  4.248  4.369  4.431  4.472  4.454  4.458  4.127  4.290  4.317  4.248  4.290  4.464
