3.497  3.761  3.466  3.611  3.555  3.466  3.807  3.526  3.638  3.584  3.526  3.584  3.689  3.714  3.807  3.555  3.555  3.714  3.689  3.689  3.709  3.638  3.555  3.738  3.578  3.555  3.611  3.689  3.555  3.332  3.597  3.632  3.466  3.638  3.555  3.526  3.466  3.555  3.578  3.459  3.555  3.701
3.689  3.611  3.555  3.664  3.555  3.497  3.611  3.526  3.434  3.638  3.401  3.664  3.714  3.664  3.611  3.490  3.526  3.526  3.684  3.714  3.611  3.555  3.367  3.555  3.584  3.526  3.555  3.584  3.367  3.624  3.466  3.466  3.497  3.555  3.611  3.555  3.497  3.584  3.401  3.632  3.428  5.209
3.867  3.761  3.928  3.951  3.871  3.784  4.043  3.850  3.892  3.867  3.951  3.892  3.784  3.784  3.985  3.839  3.761  3.714  4.007  3.871  3.773  3.664  3.638  3.892  3.829  3.829  3.584  3.738  3.738  3.684  3.761  3.714  3.829  3.638  3.611  3.689  3.861  3.726  3.658  3.761  3.638  3.761
3.578  3.401  3.611  3.526  3.768  3.466  3.401  3.684  3.535  3.526  3.466  3.584  3.807  3.802  3.750  3.638  3.584  3.526  3.658  3.829  3.570  3.611  3.584  3.638  3.526  3.497  3.401  3.401  3.325  3.584  3.709  3.490  3.584  3.526  3.367  3.497  3.611  3.481  3.395  3.605  3.632  3.526
4.190  3.970  3.947  4.025  3.850  4.025  4.127  4.069  4.007  3.989  3.912  3.829  4.074  4.066  4.007  4.094  4.043  3.912  4.111  4.025  4.290  4.078  3.951  4.148  3.898  3.871  3.850  3.714  3.892  3.871  3.932  4.060  4.007  4.025  4.094  3.902  3.970  3.871  4.025  3.892  3.807  3.922
4.489  4.143  4.331  4.220  4.212  4.344  4.301  4.290  4.263  4.413  4.220  4.324  4.277  4.367  4.538  4.369  4.477  4.187  4.331  4.341  4.489  4.357  4.143  4.382  4.248  4.103  4.078  4.164  4.078  4.111  4.263  4.295  4.263  4.290  4.440  4.205  4.350  4.248  4.187  4.156  4.248  4.127
3.526  3.401  3.325  3.459  3.459  3.434  3.332  3.343  3.367  3.296  3.258  3.526  3.550  3.638  3.664  3.497  3.367  3.497  3.367  3.738  3.497  3.401  3.378  3.555  3.497  3.434  3.367  3.367  3.332  3.584  3.296  3.526  3.411  3.332  3.497  3.466  3.296  3.401  3.219  3.178  3.466  3.332
3.367  3.296  3.367  3.332  3.401  3.395  3.332  3.401  3.466  3.401  3.360  3.367  3.689  3.584  3.638  3.497  3.428  3.466  3.555  3.664  3.466  3.367  3.550  3.434  3.296  3.428  3.401  3.332  3.401  3.367  3.332  3.296  3.367  3.219  3.296  3.367  3.296  3.434  3.258  3.401  3.367  3.497
3.664  3.658  3.989  3.638  3.664  3.555  3.466  3.584  3.664  3.689  3.526  3.784  3.970  3.733  3.970  3.664  3.611  3.664  3.714  3.780  3.611  3.689  3.664  3.780  3.497  3.555  3.638  3.434  3.520  3.761  3.570  3.658  3.733  3.638  3.632  3.611  3.466  3.714  3.490  3.555  3.555  3.664
3.434  3.497  3.664  3.526  3.611  3.584  3.526  3.784  3.555  3.857  3.578  3.689  3.738  3.638  3.867  3.664  3.555  3.738  3.584  3.733  3.738  3.784  3.733  3.932  3.466  3.434  3.664  3.584  3.564  3.684  3.490  3.638  3.526  3.555  3.761  3.664  3.434  3.611  3.497  3.584  3.520  3.638
4.736  4.605  4.779  4.718  4.511  4.654  4.575  4.644  4.585  4.852  4.642  4.700  4.585  4.691  4.875  4.564  4.575  4.703  4.691  4.947  4.760  4.787  4.745  4.644  4.407  4.543  4.567  4.443  4.489  4.404  4.673  4.401  4.541  4.498  4.466  4.492  4.520  4.598  4.644  4.605  4.304  4.127
4.078  4.060  4.094  3.908  3.850  3.932  4.060  4.127  3.989  4.190  3.967  4.143  4.127  4.060  3.970  3.970  4.078  3.892  4.111  4.124  4.205  4.025  4.057  3.908  3.761  4.094  3.970  3.970  3.892  3.738  3.892  3.784  3.892  4.022  3.951  4.004  4.094  3.912  4.135  3.871  3.892  3.802
4.500  4.500  4.394  4.585  4.575  4.500  4.554  4.419  4.394  4.543  4.431  4.543  4.673  4.654  4.734  4.401  4.514  4.388  4.554  4.585  4.754  4.522  4.419  4.522  4.407  4.489  4.277  4.369  4.277  4.394  4.363  4.618  4.600  4.454  4.585  4.489  4.522  4.489  4.477  4.260  4.288  4.530
4.159  4.111  4.074  4.190  4.182  4.043  4.148  4.174  4.174  4.304  4.127  4.205  4.277  4.174  4.317  3.989  4.317  4.043  4.140  4.382  4.410  4.363  4.127  4.369  4.091  4.190  4.043  3.989  4.220  4.127  4.025  4.234  4.194  4.205  4.174  4.127  4.043  4.159  4.060  4.004  4.060  4.025
3.611  3.497  3.619  3.466  3.584  3.555  3.658  3.611  3.664  3.555  3.434  3.638  3.584  3.689  3.871  3.750  3.714  3.714  3.807  3.784  3.829  3.791  3.584  3.932  3.689  3.570  3.584  3.526  3.750  3.802  3.497  3.584  3.664  3.829  3.664  3.597  3.490  3.611  3.526  3.434  3.497  3.605
3.367  3.434  3.497  3.401  3.367  3.219  3.401  3.497  3.466  3.584  3.296  3.332  3.664  3.555  3.497  3.526  3.466  3.584  3.584  3.555  3.550  3.684  3.450  3.550  3.526  3.434  3.490  3.401  3.367  3.497  3.638  3.526  3.584  3.555  3.555  3.428  3.367  3.219  3.219  3.296  3.466  3.497
4.111  4.078  3.989  4.124  4.094  4.220  3.951  4.074  4.290  4.220  3.980  4.205  4.234  4.241  4.431  3.892  4.344  4.094  4.263  4.344  4.344  4.111  3.947  4.386  4.025  3.892  4.086  3.871  4.143  4.094  3.892  3.912  4.174  4.094  4.111  4.057  3.989  4.078  3.951  4.025  3.989  3.898
4.710  4.466  4.736  4.605  4.745  4.509  4.419  4.699  4.625  4.798  4.511  4.754  4.605  4.654  4.812  4.369  4.663  4.625  4.673  4.820  4.787  4.500  4.454  4.800  4.578  4.443  4.404  4.394  4.187  4.369  4.394  4.454  4.603  4.489  4.466  4.369  4.419  4.520  4.486  4.454  4.466  4.443
3.892  3.564  3.605  3.807  3.745  3.733  3.638  3.584  3.773  3.780  3.592  3.664  3.784  3.902  3.867  3.584  3.664  3.714  3.829  3.807  3.761  3.829  3.584  3.761  3.714  3.466  3.671  3.584  3.584  3.632  3.584  3.761  3.784  3.689  3.555  3.664  3.526  3.709  3.638  3.490  3.671  3.784
3.882  3.829  3.892  3.850  3.829  3.892  3.829  3.989  3.888  3.871  3.784  3.970  4.043  4.091  4.190  3.951  3.892  3.850  4.234  4.159  4.034  4.108  4.004  4.060  3.714  3.908  3.824  3.738  3.733  3.802  3.829  3.932  3.989  3.850  3.947  3.951  3.807  3.970  3.761  3.857  3.829  3.932
4.844  4.691  4.779  4.816  4.773  4.836  4.787  4.727  4.787  4.905  4.699  4.942  4.883  4.828  4.883  4.710  4.844  4.682  4.890  4.997  4.905  4.808  4.752  4.860  4.615  4.595  4.745  4.700  4.595  4.745  4.663  4.787  4.883  4.804  4.762  4.800  4.726  4.754  4.663  4.635  4.779  4.769
5.730  5.490  5.595  5.615  5.557  5.565  5.652  5.529  5.638  5.795  5.613  5.635  5.720  5.606  5.743  5.492  5.591  5.572  5.600  5.717  5.687  5.572  5.545  5.654  5.421  5.429  5.525  5.380  5.318  5.513  5.545  5.613  5.649  5.714  5.702  5.677  5.485  5.642  5.591  5.366  5.472  5.545
