4.754  4.820  4.710  4.703  4.811  4.690  4.796  4.905  4.673  4.828  4.920  4.827  4.949  4.868  4.852  4.748  4.595  4.743  4.823  4.820  4.762  4.595  4.864  4.852  4.575  4.554  4.721  4.654  4.369  4.595  4.883  4.466  4.662  4.486  4.745  4.685  4.727  4.883  4.691  4.595  4.633  4.585
4.443  4.419  4.394  4.613  4.554  4.454  4.682  4.844  4.828  4.401  4.220  4.367  4.344  4.357  4.575  4.156  4.220  4.263  4.469  4.717  4.489  4.380  4.220  4.304  4.174  4.159  4.205  4.127  4.159  4.094  4.234  4.248  4.419  4.248  4.437  4.263  4.220  4.159  3.989  4.197  4.190  4.419
5.182  4.990  5.024  5.130  5.155  5.242  4.949  5.043  5.063  5.215  5.446  5.106  5.118  5.170  5.130  5.135  4.883  5.139  5.086  5.106  5.112  5.059  4.977  5.050  4.804  4.673  4.934  4.905  4.654  4.710  4.984  4.824  4.977  4.913  4.868  4.913  4.860  5.075  5.147  4.875  4.727  4.934
4.127  3.951  4.111  4.143  3.951  4.127  4.156  4.205  4.078  4.111  4.124  4.290  4.277  4.328  4.290  4.007  4.004  4.060  4.135  4.248  4.143  4.234  3.932  4.043  4.078  3.967  3.932  3.970  3.912  3.970  3.970  4.004  4.140  3.932  4.143  3.970  4.078  4.025  3.850  3.985  4.111  4.124
5.368  5.130  5.328  5.297  5.236  5.332  5.298  5.394  5.418  5.361  5.290  5.455  5.397  5.283  5.431  5.207  5.246  5.293  5.394  5.398  5.493  5.338  5.313  5.236  5.215  5.173  5.226  5.100  4.890  5.088  5.069  5.181  5.112  5.273  5.278  5.320  5.130  5.176  5.153  5.130  5.297  5.243
4.625  4.745  4.486  4.615  4.533  4.710  4.736  4.700  4.806  4.754  4.635  4.644  4.816  4.754  4.812  4.652  4.663  4.511  4.754  4.625  4.852  4.792  4.541  4.762  4.511  4.703  4.477  4.562  4.357  4.419  4.585  4.567  4.605  4.603  4.595  4.522  4.608  4.654  4.469  4.454  4.500  4.700
3.951  3.912  3.871  3.989  3.850  3.912  3.892  3.912  3.871  3.871  3.807  3.970  4.078  3.932  4.111  3.932  3.829  3.998  4.025  4.127  3.932  3.892  4.025  3.947  3.738  3.871  3.750  3.807  3.664  4.007  3.829  3.912  3.985  3.807  3.912  3.738  3.892  3.738  3.912  3.709  3.818  3.784
4.135  3.912  4.174  4.091  4.202  4.127  3.951  4.205  4.078  4.127  3.942  4.263  4.220  4.182  4.277  4.205  4.025  4.205  4.094  4.277  4.043  4.108  4.069  4.052  3.850  3.784  3.928  3.970  3.807  4.060  4.013  3.892  3.850  4.119  3.850  3.761  3.912  4.025  4.174  4.016  3.871  4.078
3.555  3.520  3.497  3.664  3.497  3.555  3.526  3.611  3.664  3.611  3.360  3.738  3.676  3.512  3.784  3.550  3.611  3.676  3.714  3.738  3.664  3.867  3.664  3.638  3.434  3.497  3.367  3.466  3.466  3.555  3.555  3.584  3.658  3.555  3.497  3.428  3.401  3.434  3.664  3.367  3.526  3.611
3.332  3.497  3.401  3.434  3.434  3.497  3.434  3.664  3.434  3.434  3.258  3.526  3.555  3.578  3.664  3.401  3.526  3.475  3.526  3.714  3.611  3.605  3.526  3.466  3.401  3.395  3.428  3.434  3.296  3.475  3.296  3.490  3.526  3.296  3.367  3.434  3.401  3.332  3.434  3.401  3.367  3.401
3.526  3.555  3.526  3.401  3.578  3.555  3.434  3.434  3.714  3.466  3.332  3.520  3.619  3.689  3.738  3.611  3.584  3.401  3.434  3.605  3.497  3.434  3.497  3.791  3.597  3.450  3.497  3.428  3.434  3.434  3.466  3.611  3.584  3.434  3.664  3.459  3.332  3.434  3.466  3.401  3.497  3.459
3.490  3.466  3.401  3.428  3.497  3.401  3.466  3.434  3.512  3.497  3.250  3.497  3.689  3.497  3.584  3.555  3.367  3.466  3.611  3.714  3.434  3.555  3.526  3.526  3.459  3.367  3.497  3.343  3.219  3.367  3.434  3.466  3.401  3.296  3.526  3.497  3.428  3.367  3.367  3.434  3.296  3.434
4.078  3.892  4.025  3.970  4.060  4.094  3.912  4.057  4.143  4.315  3.951  4.260  4.205  4.159  4.290  3.912  4.197  4.078  4.151  4.392  4.317  4.111  3.807  3.970  4.043  3.867  3.829  3.714  3.850  3.967  3.807  3.780  4.143  3.967  3.912  3.932  3.871  3.829  3.898  3.784  4.078  3.908
4.025  3.932  4.111  4.078  4.007  3.928  3.970  4.143  4.143  4.135  4.078  4.171  4.111  4.007  4.354  3.967  3.902  4.094  4.111  4.344  4.290  3.892  3.938  4.057  3.970  3.850  3.738  3.892  3.912  3.829  3.761  4.111  3.932  3.829  3.850  3.970  3.846  4.040  3.912  3.912  3.970  3.951
4.344  4.369  4.431  4.407  4.317  4.248  4.344  4.295  4.394  4.256  4.263  4.392  4.449  4.434  4.533  4.182  4.290  4.290  4.317  4.475  4.394  4.328  4.263  4.394  4.234  4.277  4.367  4.290  4.341  4.159  4.190  4.277  4.220  4.290  4.263  4.369  4.431  4.367  4.205  4.263  4.111  4.159
3.584  3.555  3.526  3.584  3.401  3.497  3.526  3.696  3.714  3.802  3.611  3.611  3.761  3.761  3.807  3.584  3.714  3.768  3.761  3.892  3.701  3.664  3.526  3.497  3.850  3.434  3.761  3.584  3.401  3.696  3.526  3.892  3.726  3.497  3.497  3.526  3.555  3.434  3.605  3.506  3.611  3.738
4.752  4.652  4.860  4.718  4.700  4.682  4.564  4.736  4.533  4.718  4.644  4.673  4.804  4.710  4.860  4.718  4.605  4.812  4.875  4.860  4.934  4.726  4.625  4.868  4.466  4.554  4.630  4.564  4.357  4.466  4.543  4.533  4.796  4.613  4.595  4.610  4.718  4.522  4.657  4.613  4.511  4.554
4.852  4.610  4.762  4.856  4.654  4.766  4.718  4.754  4.745  4.816  4.691  4.745  4.852  4.836  5.017  4.673  4.787  4.796  4.920  4.905  4.922  4.754  4.620  4.875  4.595  4.533  4.585  4.575  4.344  4.663  4.605  4.644  4.727  4.585  4.659  4.758  4.530  4.766  4.721  4.593  4.533  4.585
3.761  3.892  3.784  3.850  3.689  3.942  3.757  3.780  3.738  3.985  3.773  3.757  4.025  4.025  4.007  3.768  3.829  3.871  4.007  3.892  4.091  3.912  3.850  4.060  3.738  3.807  3.818  3.714  3.651  3.807  3.738  3.850  3.932  3.892  3.839  3.689  3.761  3.802  3.738  3.824  3.850  3.807
4.511  4.369  4.304  4.248  4.304  4.248  4.234  4.431  4.489  4.434  4.466  4.449  4.522  4.575  4.431  4.277  4.511  4.317  4.546  4.407  4.514  4.357  4.511  4.466  4.335  4.511  4.407  4.159  4.328  4.263  4.443  4.489  4.407  4.454  4.460  4.357  4.369  4.263  4.369  4.341  4.394  4.369
3.689  3.658  3.584  3.638  3.526  3.555  3.497  3.584  3.638  3.632  3.497  3.773  3.709  3.738  3.932  3.584  3.714  3.611  3.701  3.871  3.824  3.689  3.611  3.664  3.638  3.584  3.632  3.466  3.555  3.434  3.497  3.526  3.738  3.784  3.611  3.555  3.676  3.709  3.459  3.490  3.638  3.638
4.963  5.004  5.004  5.273  4.919  4.866  5.017  4.898  5.043  5.153  4.977  5.176  5.147  5.021  5.175  5.066  5.313  4.902  5.277  5.198  5.513  5.347  5.069  5.106  5.323  5.292  5.037  4.844  4.913  4.940  5.063  5.460  5.302  5.316  5.389  5.118  5.147  4.920  4.934  4.929  5.316  5.193
