3.892  3.877  3.784  3.951  3.733  3.947  3.795  3.757  3.892  3.970  3.867  3.871  4.025  3.989  4.025  3.932  3.850  3.784  4.060  3.951  3.989  3.829  3.850  4.007  3.802  3.829  3.761  3.761  3.857  3.850  3.850  3.989  3.738  3.871  3.689  3.912  3.912  3.892  3.932  3.664  3.829  3.850
3.784  3.807  4.007  3.970  3.871  3.829  3.773  3.829  3.850  3.784  3.738  4.060  3.989  3.989  3.912  3.912  3.912  3.829  4.205  4.007  4.025  3.912  3.738  3.912  3.824  3.892  3.807  3.824  3.714  3.807  3.818  3.970  3.970  3.738  3.850  3.932  3.664  3.850  4.934  3.761  3.850  3.807
5.242  5.043  5.071  5.069  5.088  5.231  5.112  5.094  5.124  5.230  5.050  5.147  5.241  5.150  5.193  5.024  5.001  5.147  5.265  5.170  5.303  5.081  5.050  5.176  4.977  5.063  4.989  4.970  4.718  4.856  4.868  5.066  5.050  5.081  4.959  5.058  4.990  5.214  4.997  4.968  4.868  5.115
4.700  4.466  4.615  4.625  4.615  4.868  4.796  4.754  4.682  4.727  4.533  4.647  4.796  4.654  4.644  4.613  4.509  4.787  4.808  4.710  4.758  4.533  4.585  4.771  4.635  4.489  4.449  4.500  4.290  4.407  4.369  4.477  4.511  4.564  4.443  4.630  4.472  4.554  4.530  4.477  4.382  4.605
4.659  4.369  4.654  4.290  4.554  4.443  4.422  4.575  4.443  4.635  4.663  4.533  4.443  4.443  4.682  4.220  4.263  4.564  4.522  4.443  4.691  4.317  4.344  4.437  4.043  4.277  4.234  4.263  4.174  4.108  4.317  4.234  4.263  4.382  4.127  4.260  4.354  4.419  4.419  4.277  3.951  4.344
4.454  4.234  4.260  4.205  4.212  4.357  4.190  4.331  4.357  4.477  4.466  4.431  4.419  4.382  4.575  4.344  4.419  4.394  4.317  4.317  4.552  4.202  4.290  4.486  4.057  4.143  4.143  4.171  4.094  4.016  4.159  4.174  4.143  4.263  4.317  4.231  4.263  4.143  4.205  4.174  4.127  4.078
4.094  4.091  4.007  4.094  3.912  3.951  4.043  4.241  4.143  4.127  3.714  4.159  4.234  4.246  4.290  3.947  4.060  3.951  4.304  4.231  4.094  4.156  4.060  4.111  4.086  3.829  3.951  3.807  3.761  3.951  3.871  4.016  3.932  4.025  3.989  3.807  4.060  3.807  3.951  4.007  4.159  4.025
4.311  3.807  3.951  4.060  4.111  4.263  4.060  4.094  3.951  4.205  3.957  4.234  4.248  4.297  4.443  4.127  4.025  4.190  4.171  4.234  4.140  4.143  3.932  3.951  4.066  3.989  3.908  4.025  3.850  3.932  3.892  4.060  4.091  4.043  3.932  3.871  4.060  4.025  4.004  4.060  4.140  4.091
4.913  4.844  4.564  4.585  4.644  4.489  4.687  4.787  4.575  4.866  4.820  4.718  4.673  4.407  4.792  4.557  4.498  4.745  4.710  4.625  4.682  4.575  4.666  4.723  4.253  4.460  4.394  4.394  4.304  4.382  4.522  4.317  4.331  4.541  4.373  4.477  4.522  4.317  4.564  4.401  4.246  4.500
4.503  4.290  4.288  4.190  4.159  4.108  4.253  4.209  4.202  4.419  4.290  4.369  4.281  4.174  4.277  4.234  4.025  4.094  4.317  4.248  4.357  4.315  4.174  4.500  4.060  4.048  3.951  4.004  3.829  4.078  4.025  4.007  4.111  4.025  4.078  4.127  3.989  4.205  4.174  4.094  4.007  4.060
3.888  3.761  3.738  3.871  3.807  3.714  3.807  3.807  3.784  3.912  3.761  3.807  3.970  4.007  4.060  3.638  3.829  3.807  3.932  3.989  3.985  3.829  3.850  3.922  3.807  3.664  3.664  3.638  3.555  3.584  3.684  3.871  3.892  3.829  4.025  3.784  3.526  3.714  3.664  3.638  3.829  3.784
4.111  4.025  4.124  4.108  4.205  3.932  4.159  4.025  4.040  4.174  4.159  4.234  4.344  4.331  4.174  4.025  4.007  3.932  4.094  4.190  4.127  3.998  4.025  4.127  3.932  3.871  3.932  3.951  3.871  3.850  4.025  3.850  4.043  3.967  3.912  3.970  3.912  3.970  3.970  3.912  3.829  4.025
4.554  4.505  4.522  4.477  4.533  4.575  4.443  4.593  4.543  4.575  4.514  4.454  4.732  4.644  4.752  4.398  4.552  4.543  4.564  4.585  4.538  4.509  4.511  4.443  4.419  4.357  4.446  4.511  4.382  4.263  4.454  4.522  4.522  4.407  4.454  4.443  4.475  4.533  4.443  4.623  4.446  4.663
4.094  4.116  4.241  3.892  4.043  4.043  4.060  4.220  3.928  4.043  3.970  3.989  4.171  3.989  4.284  4.238  3.967  4.094  4.143  4.179  4.190  4.007  4.025  4.094  3.908  3.892  4.025  4.007  3.761  4.007  4.025  4.111  3.998  3.970  4.094  3.970  3.867  4.111  4.031  4.016  4.016  4.159
5.612  5.445  5.576  5.451  5.521  5.464  5.493  5.403  5.704  5.860  5.645  5.468  5.549  5.398  5.613  5.529  5.466  5.451  5.617  5.533  5.576  5.505  5.561  5.533  5.398  5.429  5.501  5.398  5.273  5.476  5.649  5.389  5.591  5.582  5.595  5.555  5.537  5.412  5.663  5.629  5.247  5.455
6.458  6.292  6.428  6.377  6.297  6.300  6.385  6.308  6.417  6.578  6.501  6.479  6.560  6.367  6.491  6.438  6.374  6.405  6.557  6.433  6.519  6.474  6.497  6.517  6.438  6.434  6.365  6.424  6.314  6.312  6.430  6.282  6.485  6.459  6.436  6.390  6.390  6.417  6.453  6.375  6.354  6.358
4.043  4.078  4.060  4.094  4.290  3.989  3.989  4.127  4.143  4.066  4.060  4.132  4.431  4.341  4.205  4.078  4.205  4.060  4.304  4.078  4.311  4.159  3.989  4.190  4.060  4.078  4.108  4.060  4.025  4.220  4.111  4.212  3.970  4.159  4.060  4.083  4.091  4.052  3.932  3.932  4.060  4.174
4.111  4.078  4.078  3.970  4.238  4.108  4.234  4.057  4.078  4.143  4.111  4.171  4.419  4.277  4.394  4.234  4.205  4.111  3.871  4.227  4.246  4.078  4.304  4.190  4.004  3.970  4.111  4.094  4.007  4.040  4.174  4.043  3.989  4.171  3.957  4.159  4.043  4.156  4.111  3.912  3.850  4.220
3.757  3.638  3.773  3.584  3.497  3.714  3.605  3.738  3.829  3.761  3.526  3.738  3.664  3.689  3.892  3.857  3.664  3.714  3.835  3.951  3.807  3.658  3.689  3.888  3.497  3.584  3.584  3.526  3.466  3.676  3.605  3.584  3.807  3.784  3.714  3.802  3.497  3.638  3.638  3.526  3.526  3.497
3.912  3.784  4.808  4.060  4.007  4.078  4.187  4.127  4.575  4.562  4.605  4.060  4.060  4.182  4.248  4.052  3.850  4.533  4.407  4.159  4.454  4.187  3.850  4.671  4.007  3.638  4.060  3.932  3.892  4.700  3.912  4.202  4.454  4.007  4.308  3.807  3.738  4.190  3.932  3.584  4.234  4.094
4.890  4.987  5.056  5.037  5.081  5.024  4.931  4.934  4.977  5.050  5.077  5.050  4.970  4.934  5.100  5.021  4.812  5.056  5.118  5.112  5.124  5.037  5.165  5.056  5.030  4.913  4.913  4.947  4.779  4.913  4.963  4.977  4.997  5.063  5.011  5.004  4.883  5.003  5.037  4.942  4.942  4.890
5.043  5.085  4.922  5.056  5.124  5.063  4.970  5.063  5.050  5.153  5.185  5.153  5.204  5.100  5.288  5.056  5.001  5.030  5.142  5.198  5.039  5.050  5.112  5.187  5.037  5.153  4.881  5.050  4.885  4.938  4.990  5.021  5.063  4.977  4.926  5.009  4.890  4.883  5.112  5.043  4.970  4.997
