5.268  4.963  5.030  5.146  5.075  5.056  5.011  5.024  5.097  5.040  5.142  5.069  5.050  5.130  5.118  5.017  4.812  5.159  5.187  5.153  5.017  4.890  5.011  5.063  4.920  4.970  4.843  5.075  4.852  4.898  4.905  4.942  4.927  5.037  4.916  4.990  5.004  5.017  4.997  5.037  4.745  5.198
3.867  6.557  6.562  6.645  6.708  6.837  6.791  6.678  6.837  6.951  6.837  6.775  6.796  6.835  6.796  6.825  6.616  6.601  6.699  6.615  6.686  6.675  6.542  6.559  6.749  6.756  6.613  6.758  6.535  6.617  6.682  6.627  6.730  6.760  6.849  6.749  6.813  6.781  6.654  6.692  6.662  6.639
4.564  4.357  4.682  4.635  4.564  4.554  4.522  4.543  4.644  4.771  4.654  4.583  4.736  4.736  4.726  4.585  4.382  4.618  4.736  4.762  4.654  4.652  4.522  4.554  4.595  4.559  4.454  4.562  4.376  4.489  4.585  4.500  4.635  4.605  4.615  4.509  4.443  4.691  4.443  4.533  4.263  4.477
3.632  5.212  5.061  5.283  5.242  5.298  5.464  5.333  5.393  5.382  5.460  5.236  5.278  5.380  5.449  5.344  5.308  5.149  5.283  5.278  5.400  5.352  5.226  5.328  5.283  5.233  5.298  5.056  5.063  5.178  5.140  5.170  5.241  5.257  5.361  5.226  5.276  5.269  5.413  5.323  5.147  4.997
5.635  5.489  5.564  5.606  5.561  5.645  5.643  5.693  5.652  5.802  5.714  5.737  5.648  5.580  5.733  5.697  5.595  5.613  5.778  5.652  5.657  5.631  5.537  5.557  5.501  5.583  5.450  5.462  5.395  5.442  5.464  5.591  5.513  5.656  5.628  5.656  5.533  5.517  5.481  5.460  5.509  5.568
5.169  5.357  5.130  5.147  5.152  5.208  5.278  5.242  5.317  5.384  5.226  5.361  5.380  5.257  5.323  5.198  5.308  5.176  5.198  5.170  5.380  5.268  5.252  5.418  5.347  5.278  5.136  4.997  5.193  5.259  5.242  5.236  5.288  5.349  5.416  5.283  5.231  5.142  5.049  5.030  5.147  5.136
4.824  4.514  4.796  4.727  4.718  4.811  4.852  4.898  4.860  5.004  4.828  5.043  4.942  4.691  4.866  4.682  4.691  4.610  4.836  4.786  4.843  4.723  4.654  4.760  4.654  4.745  4.583  4.625  4.401  4.564  4.595  4.554  4.615  4.736  4.771  4.694  4.727  4.726  4.673  4.635  4.575  4.673
4.078  4.016  4.277  4.048  3.985  4.086  4.034  4.159  3.951  4.174  4.060  3.951  3.932  4.159  4.248  4.078  3.932  3.951  4.025  4.057  4.143  4.108  3.970  4.156  3.892  3.989  3.970  3.807  4.007  3.970  4.043  4.043  4.025  4.007  4.043  3.995  3.989  3.932  4.022  3.850  3.912  4.040
6.993  6.678  6.800  6.890  6.858  6.903  6.850  6.926  6.934  7.044  6.888  7.032  6.973  6.887  6.939  6.811  6.713  6.897  6.928  6.898  6.850  6.790  6.731  6.779  6.900  6.813  6.746  6.792  6.564  6.672  6.836  6.756  6.832  6.882  6.838  6.855  6.757  6.883  6.714  6.751  6.704  6.804
7.265  7.023  7.190  7.172  7.172  7.157  7.197  7.160  7.179  7.347  7.269  7.299  7.220  7.162  7.293  7.090  6.985  7.124  7.215  7.205  7.151  7.093  7.043  7.128  7.116  7.144  7.082  7.112  6.973  6.935  7.136  7.084  7.116  7.175  7.111  7.152  7.105  7.169  7.102  7.061  6.991  7.090
4.730  4.662  4.828  4.533  4.820  4.812  4.754  4.635  4.585  4.654  4.431  4.595  4.835  4.745  4.875  4.852  4.727  4.828  4.828  4.804  5.050  4.691  4.691  4.812  4.500  4.489  4.454  4.522  4.483  4.605  4.489  4.595  4.615  4.727  4.635  4.605  4.682  4.394  4.477  4.690  4.575  4.554
4.956  5.056  4.949  4.700  4.982  5.130  4.832  4.752  4.942  4.970  4.691  4.691  5.186  5.149  5.100  5.011  4.922  5.075  4.898  5.075  5.011  5.037  4.820  5.136  4.710  4.564  4.585  4.710  4.533  5.037  4.804  4.913  4.937  4.844  4.852  4.898  4.852  4.905  4.533  4.949  4.745  4.927
6.498  6.144  6.375  6.339  6.347  6.461  6.252  6.395  6.392  6.565  6.535  6.466  6.496  6.438  6.515  6.384  6.084  6.368  6.387  6.230  6.284  6.151  6.390  6.308  6.330  6.321  6.299  6.395  6.109  6.168  6.380  6.136  6.290  6.314  6.230  6.399  6.229  6.441  6.404  6.395  6.150  6.263
6.771  6.622  6.662  6.632  6.597  6.708  6.718  6.615  6.703  6.869  6.868  6.810  6.792  6.719  6.838  6.666  6.633  6.612  6.676  6.562  6.852  6.739  6.706  6.790  6.580  6.444  6.575  6.560  6.450  6.608  6.709  6.650  6.599  6.636  6.707  6.723  6.668  6.693  6.767  6.598  6.549  6.561
6.492  6.261  6.305  6.304  6.370  6.372  6.248  6.288  6.360  6.515  6.463  6.409  6.460  6.277  6.426  6.295  6.240  6.360  6.512  6.449  6.429  6.465  6.521  6.535  6.397  6.471  6.526  6.232  6.082  6.268  6.263  6.227  6.304  6.235  6.297  6.282  6.225  6.306  6.315  6.342  6.168  6.213
5.920  5.849  5.805  5.752  5.775  5.759  5.861  5.840  5.916  6.028  5.974  5.876  5.994  5.878  5.988  5.863  5.950  5.822  5.943  5.883  6.003  6.201  6.142  6.236  5.706  5.817  5.775  5.805  5.764  5.841  5.740  5.787  5.714  5.775  5.826  5.846  5.841  5.744  5.749  5.710  5.687  5.663
5.220  5.100  5.215  5.196  5.283  5.142  5.257  5.196  5.142  5.242  5.209  5.278  5.322  5.288  5.313  5.147  5.165  5.226  5.406  5.256  5.302  5.050  5.089  5.124  5.112  5.075  5.170  4.977  4.858  5.088  5.117  4.942  5.187  5.088  5.100  5.130  5.133  5.069  4.992  5.118  5.152  5.124
5.841  5.869  5.890  5.937  5.892  5.966  5.883  5.902  5.951  5.919  5.793  5.999  6.043  5.953  6.087  5.796  5.875  5.875  6.016  5.984  6.184  5.984  5.886  5.932  5.916  5.806  5.720  5.568  5.572  5.582  5.783  5.897  5.889  5.905  5.903  5.869  5.826  5.793  5.742  5.808  5.894  5.866
5.991  5.790  5.785  5.864  5.958  5.929  5.886  5.889  5.889  6.019  5.854  5.994  6.151  5.918  6.031  5.829  5.866  5.875  6.066  6.021  5.916  5.916  5.849  5.897  6.129  6.205  6.059  5.844  5.733  5.753  5.858  5.889  5.872  5.935  5.930  5.930  5.814  5.900  5.858  5.736  5.866  5.816
5.961  5.694  5.722  5.707  5.814  5.762  5.717  5.805  5.684  5.869  5.705  5.892  5.924  5.791  5.826  5.638  5.784  5.740  5.823  5.911  5.799  5.849  5.729  5.787  5.606  5.771  5.717  5.595  5.724  5.554  5.687  5.618  5.714  5.749  5.733  5.749  5.652  5.781  5.656  5.755  5.613  5.645
4.595  4.573  4.554  4.552  4.635  4.533  4.575  4.522  4.522  4.564  4.543  4.511  4.595  4.796  4.628  4.615  4.588  4.663  4.673  4.603  4.585  4.593  4.575  4.625  4.533  4.511  4.489  4.472  4.290  4.431  4.644  4.538  4.554  4.511  4.625  4.557  4.500  4.543  4.422  4.477  4.419  4.564
3.892  3.922  3.951  3.829  4.091  3.892  3.961  3.867  4.066  3.871  3.721  3.998  4.111  4.111  4.007  3.918  3.882  3.664  4.111  4.043  4.238  3.912  3.871  4.078  3.850  3.861  3.998  3.802  3.738  3.738  3.951  3.932  3.989  3.892  3.912  3.902  3.839  3.892  3.867  3.871  3.829  3.780
