4.477  4.454  4.315  4.431  4.331  4.489  4.603  4.454  4.511  4.625  4.357  4.543  4.489  4.595  4.710  4.466  4.317  4.407  4.431  4.494  4.570  4.585  4.533  4.466  4.477  4.304  4.618  4.552  4.503  4.615  4.331  4.263  4.344  4.277  4.434  4.357  4.382  4.454  4.205  4.277  4.212  4.369
5.129  4.966  4.752  5.004  4.934  4.920  5.088  5.056  4.940  5.059  5.004  5.080  5.135  5.069  5.047  4.890  4.854  4.934  4.927  5.050  5.081  5.024  4.965  5.165  4.949  4.883  4.883  4.836  4.864  4.942  4.927  4.700  4.864  4.890  4.907  4.852  4.787  4.875  4.844  4.844  4.762  4.875
4.673  4.575  4.673  4.691  4.600  4.595  4.782  4.662  4.844  4.760  4.554  4.644  4.852  4.623  4.844  4.635  4.466  4.452  4.754  4.559  4.700  4.562  4.710  4.585  4.575  4.673  4.489  4.466  4.331  4.454  4.472  4.522  4.514  4.595  4.630  4.522  4.394  4.466  4.443  4.585  4.369  4.654
4.078  3.892  3.908  3.989  3.892  4.111  4.043  3.970  3.967  4.094  3.932  4.060  4.094  4.156  4.143  4.025  3.970  3.951  4.043  4.127  4.078  4.111  4.025  3.989  4.060  3.989  3.888  3.664  3.829  3.947  3.807  4.078  3.850  4.190  3.970  3.970  4.007  4.022  3.807  3.871  3.861  3.951
4.828  4.593  4.585  4.673  4.654  4.613  4.615  4.635  4.659  4.703  4.625  4.654  4.771  4.640  4.710  4.682  4.494  4.575  4.804  4.736  4.775  4.554  4.598  4.625  4.605  4.585  4.422  4.564  4.304  4.483  4.615  4.477  4.644  4.710  4.543  4.635  4.511  4.533  4.564  4.554  4.416  4.635
4.348  4.477  4.321  4.407  4.407  4.382  4.394  4.585  4.536  4.615  4.443  4.615  4.625  4.538  4.615  4.595  4.663  4.431  4.477  4.382  4.682  4.274  4.454  4.443  4.376  4.357  4.388  4.111  4.404  4.164  4.256  4.350  4.394  4.454  4.527  4.344  4.263  4.284  4.380  4.094  4.164  4.500
5.231  5.094  5.004  5.017  5.112  5.209  5.176  5.043  5.056  5.328  5.186  5.182  5.206  5.170  5.117  5.159  4.982  5.047  5.061  5.009  5.187  4.883  4.984  5.118  4.942  5.023  5.056  4.984  4.762  4.997  5.075  4.890  4.926  4.860  5.024  5.004  5.147  5.024  4.920  4.984  4.827  4.883
4.850  4.533  4.595  4.382  4.682  4.605  4.647  4.527  4.595  4.700  4.802  4.554  4.700  4.644  4.663  4.710  4.489  4.530  4.543  4.644  4.682  4.543  4.554  4.575  4.331  4.443  4.357  4.511  4.159  4.431  4.691  4.394  4.425  4.419  4.419  4.522  4.605  4.605  4.605  4.477  4.466  4.554
5.517  5.416  5.525  5.553  5.517  5.472  5.481  5.505  5.492  5.670  5.561  5.591  5.560  5.505  5.657  5.568  5.517  5.487  5.576  5.561  5.733  5.497  5.407  5.505  5.468  5.389  5.380  5.318  5.247  5.313  5.374  5.549  5.442  5.533  5.541  5.505  5.459  5.513  5.428  5.394  5.344  5.549
4.885  4.673  4.812  4.836  4.727  4.787  4.745  4.796  4.745  4.820  4.804  4.812  4.919  4.800  4.890  4.700  4.663  4.762  4.828  4.949  4.852  4.736  4.673  4.828  4.710  4.710  4.575  4.736  4.654  4.682  4.705  4.762  4.762  4.762  4.663  4.762  4.657  4.593  4.745  4.682  4.663  4.700
4.968  4.820  4.820  4.820  4.820  4.779  4.911  4.940  5.069  5.069  4.816  4.942  4.956  4.898  4.942  4.984  4.832  4.779  5.050  4.956  4.920  4.844  4.970  4.868  4.883  4.956  4.777  4.779  4.666  4.811  4.787  4.649  4.354  4.927  4.927  4.721  4.835  4.794  4.718  4.836  4.828  4.796
4.509  4.190  4.159  4.317  4.248  4.344  4.357  4.277  4.357  4.522  4.288  4.304  4.394  4.419  4.466  4.205  4.477  4.260  4.431  4.357  4.234  4.431  4.111  4.407  4.078  4.043  4.277  4.190  4.025  4.043  4.220  4.281  4.040  4.248  4.394  4.182  4.174  4.344  4.159  4.234  3.989  4.127
5.740  5.533  5.683  5.593  5.659  5.690  5.553  5.641  5.568  5.814  5.875  5.727  5.720  5.771  5.740  5.649  5.439  5.710  5.732  5.725  5.746  5.663  5.734  5.740  5.257  5.311  5.490  5.416  5.136  5.335  5.674  5.293  5.464  5.403  5.587  5.587  5.485  5.598  5.727  5.464  5.438  5.451
5.472  5.371  5.170  5.281  5.283  5.347  5.193  5.275  5.206  5.447  5.509  5.352  5.361  5.464  5.338  5.242  5.081  5.333  5.112  5.226  5.368  5.165  5.425  5.442  5.064  4.890  5.105  5.129  4.956  5.155  5.356  5.017  4.984  4.977  5.043  5.257  5.153  5.338  5.411  5.297  4.902  5.043
4.328  4.174  4.290  4.190  4.217  4.357  4.238  4.376  4.174  4.159  4.111  4.277  4.248  4.274  4.331  4.344  4.267  4.454  4.357  4.369  4.489  4.317  4.317  4.267  3.989  4.224  4.111  4.074  4.007  4.111  4.190  4.111  4.224  4.127  4.174  4.220  4.159  4.263  4.290  4.143  4.022  4.159
4.290  4.043  4.060  4.111  4.078  4.066  4.031  4.094  4.060  4.078  3.888  4.190  4.143  4.190  4.111  4.190  4.007  4.159  4.174  4.205  4.248  4.060  4.078  4.256  4.108  4.091  4.174  4.048  3.807  3.970  4.209  4.111  4.043  4.094  4.040  3.932  4.190  4.124  3.951  3.928  4.060  4.111
4.174  4.127  4.248  4.043  4.205  4.156  4.288  4.057  4.220  4.274  4.328  4.127  4.337  4.344  4.443  4.127  4.159  4.205  4.290  4.248  4.554  4.277  4.263  4.376  4.007  4.220  4.148  4.205  4.159  4.060  4.301  4.143  4.205  4.111  4.220  4.159  4.331  4.052  3.947  4.052  4.197  4.205
4.248  4.248  4.174  4.159  4.159  4.217  4.331  4.174  4.143  4.140  4.220  4.220  4.392  4.290  4.446  4.159  4.290  4.288  4.431  4.277  4.331  4.431  4.277  4.290  4.159  3.947  4.179  4.124  4.127  3.912  4.007  4.159  4.277  4.304  4.094  4.369  4.190  4.156  4.220  4.111  4.094  4.127
4.509  4.419  4.771  4.657  4.605  4.691  4.554  4.554  4.605  4.754  4.573  4.644  4.820  4.804  4.771  4.595  4.472  4.779  4.673  4.682  4.771  4.575  4.685  4.562  4.640  4.477  4.477  4.682  4.328  4.434  4.407  4.449  4.522  4.533  4.554  4.564  4.498  4.682  4.454  4.454  4.654  4.700
4.220  4.171  4.224  4.248  4.260  4.060  4.094  4.190  4.304  4.382  4.304  4.231  4.369  4.431  4.466  4.094  4.167  4.205  4.440  4.344  4.431  4.220  4.205  4.419  4.431  4.094  4.143  4.234  4.031  4.043  4.248  4.127  4.202  4.190  4.174  4.078  4.135  4.127  4.108  3.989  4.220  4.034
4.522  4.373  4.454  4.489  4.554  4.564  4.290  4.454  4.419  4.603  4.543  4.500  4.557  4.554  4.804  4.369  4.382  4.615  4.605  4.543  4.407  4.407  4.595  4.431  4.234  4.159  4.277  4.443  4.143  4.248  4.331  4.304  4.407  4.425  4.454  4.654  4.263  4.407  4.554  4.246  4.174  4.277
4.603  4.419  4.654  4.595  4.625  4.522  4.357  4.511  4.511  4.804  4.727  4.575  4.783  4.762  4.820  4.369  4.533  4.673  4.691  4.691  4.608  4.543  4.644  4.690  4.382  4.357  4.419  4.466  4.205  4.341  4.533  4.649  4.700  4.466  4.509  4.552  4.407  4.500  4.652  4.337  4.477  4.331
