5.781  5.624  5.598  5.509  5.645  5.568  5.687  5.624  5.759  5.749  5.707  5.700  5.705  5.664  5.690  5.572  5.287  5.635  5.838  4.934  5.714  5.677  5.595  5.613  5.666  5.684  5.613  5.695  5.537  5.544  5.704  5.533  5.553  5.724  5.680  5.720  5.598  5.631  5.568  5.673  5.434  5.680
5.186  5.153  5.074  4.828  5.037  5.001  5.081  5.136  5.247  5.293  5.278  5.056  5.175  5.186  5.288  5.242  4.868  4.942  5.268  4.635  5.159  5.093  5.176  5.140  4.927  5.075  5.094  5.059  4.942  5.063  5.115  4.984  5.050  4.956  5.187  5.081  5.112  4.977  4.913  5.050  4.949  4.984
4.615  4.605  4.654  4.644  4.443  4.796  4.754  4.798  4.920  4.779  4.575  4.762  4.820  4.680  4.804  4.595  4.466  4.585  4.700  4.787  4.920  4.615  4.466  4.754  4.595  4.543  4.533  4.394  4.369  4.635  4.520  4.443  4.538  4.605  4.615  4.564  4.593  4.443  4.559  4.431  4.533  4.575
4.856  4.762  4.625  4.732  4.745  4.820  4.736  4.708  4.718  4.836  4.844  4.754  4.812  4.771  4.883  4.635  4.710  4.625  4.654  4.654  4.836  4.699  4.762  4.828  4.734  4.718  4.691  4.541  4.394  4.511  4.804  4.564  4.554  4.682  4.663  4.654  4.762  4.754  4.605  4.691  4.905  4.775
5.591  5.384  5.481  5.447  5.513  5.537  5.457  5.263  5.361  5.591  5.533  5.521  5.595  5.495  5.537  5.384  5.352  5.442  5.489  5.364  5.533  5.352  5.373  5.451  5.352  5.377  5.380  5.198  5.247  5.323  5.402  5.263  5.403  5.407  5.342  5.352  5.403  5.360  5.374  5.347  5.242  5.277
6.136  5.938  6.045  6.133  6.012  6.040  6.056  6.003  6.054  6.192  6.170  6.153  6.252  6.100  6.215  5.901  5.872  6.040  6.179  6.021  6.082  5.961  5.981  6.073  5.994  6.021  5.911  5.988  5.835  5.916  6.033  5.866  5.897  5.961  5.953  5.945  5.989  5.989  6.026  5.948  5.852  5.981
4.190  4.190  4.394  4.398  4.489  4.369  4.357  4.263  4.392  4.543  4.431  4.469  4.505  4.369  4.357  4.190  4.321  4.234  4.454  4.220  4.369  4.190  4.357  4.369  4.094  4.202  4.060  4.317  4.094  4.174  4.585  4.511  4.248  4.407  4.511  4.234  4.382  4.202  4.209  4.220  4.422  4.231
4.649  4.625  4.503  4.489  4.663  4.700  4.543  4.500  4.595  4.779  4.644  4.595  4.820  4.644  4.691  4.654  4.549  4.543  4.559  4.615  4.820  4.787  4.736  4.898  4.682  4.754  4.644  4.926  4.819  4.796  4.533  4.443  4.466  4.500  4.663  4.647  4.489  4.533  4.475  4.344  4.317  4.583
5.409  5.293  5.394  5.278  5.273  5.288  5.247  5.380  5.421  5.505  5.323  5.353  5.384  5.268  5.375  5.106  5.124  5.298  5.371  5.215  5.432  5.219  5.283  5.215  5.142  5.193  5.211  5.257  5.040  5.056  5.283  4.977  5.176  5.256  5.357  5.273  5.231  5.153  5.198  5.165  5.136  5.075
5.632  5.598  5.561  5.491  5.437  5.529  5.583  5.485  5.591  5.677  5.656  5.670  5.727  5.505  5.563  5.565  5.523  5.432  5.606  5.476  5.529  5.468  5.587  5.577  5.389  5.371  5.425  5.380  5.291  5.449  5.497  5.252  5.312  5.542  5.517  5.531  5.541  5.505  5.498  5.451  5.371  5.288
5.059  4.773  4.898  4.893  5.004  5.136  4.858  4.940  5.004  5.183  5.106  5.059  5.168  5.063  5.204  4.898  4.890  5.004  4.915  4.963  4.956  4.875  4.745  4.924  4.890  4.890  4.820  4.756  4.779  4.625  4.691  4.812  4.820  4.956  4.942  4.956  4.827  4.874  5.030  4.934  4.691  4.898
4.159  4.069  3.773  4.060  4.174  4.127  4.159  4.190  4.025  4.197  4.111  4.248  4.234  4.094  4.190  4.143  4.078  4.094  4.217  4.220  4.205  4.052  4.043  4.057  3.932  4.060  4.060  3.882  3.970  3.888  4.174  4.094  4.205  4.094  4.127  4.094  4.194  4.040  4.094  4.111  4.094  4.025
3.784  3.664  3.761  3.761  3.932  3.898  3.726  3.942  3.951  3.850  3.738  3.807  3.829  3.898  3.932  3.871  3.829  3.912  4.060  4.127  3.784  3.802  3.689  4.043  3.638  3.709  3.912  3.638  3.689  3.898  3.714  3.784  3.784  3.555  3.761  3.638  3.784  3.611  3.738  3.584  3.807  3.738
3.526  3.520  3.807  3.520  3.619  3.784  3.850  3.714  4.248  3.664  3.784  3.733  3.850  3.784  3.928  3.807  3.738  3.709  3.761  3.871  3.784  3.611  3.807  3.784  3.497  3.434  3.902  3.638  3.761  3.689  3.584  3.871  4.263  3.689  3.818  3.658  3.584  3.466  3.689  3.466  3.850  3.761
4.043  3.932  3.861  4.094  4.143  4.078  3.932  3.951  3.989  3.871  3.850  4.078  4.111  4.174  4.263  3.867  4.060  4.025  4.159  4.078  4.220  4.174  4.190  4.220  3.850  4.094  3.829  3.850  3.611  3.846  3.829  4.111  3.989  4.094  3.970  4.043  4.007  4.094  3.970  3.922  3.989  4.143
4.779  4.990  4.824  4.927  5.124  5.021  4.883  4.920  4.868  4.875  4.942  4.904  5.080  5.094  5.209  5.017  4.885  4.771  5.158  5.030  5.187  5.024  5.049  4.927  4.819  4.844  4.779  4.595  4.771  4.812  4.819  4.933  4.898  4.942  5.030  4.959  4.934  4.852  4.852  4.760  4.812  4.828
4.127  3.951  4.209  3.951  4.007  4.025  3.985  3.970  4.127  3.932  3.871  4.078  4.043  4.066  4.174  4.025  4.159  3.989  4.127  4.127  4.248  4.043  4.031  3.989  4.078  3.892  3.912  4.022  3.957  4.111  3.892  4.277  4.025  3.985  4.263  4.060  3.738  3.932  4.043  3.784  4.111  3.829
4.220  4.111  4.277  4.274  4.159  4.159  4.205  4.205  4.234  4.304  4.127  4.407  4.344  4.428  4.331  4.143  4.394  4.174  4.277  4.357  4.419  4.263  4.220  4.234  4.159  4.143  4.202  4.140  4.007  4.057  4.344  4.234  4.127  4.174  4.127  4.060  4.060  4.159  3.970  4.182  4.043  4.094
5.595  5.287  5.501  5.501  5.659  5.684  5.442  5.480  5.604  5.595  5.673  5.652  5.561  5.529  5.691  5.451  5.124  5.673  5.710  5.457  5.489  5.313  5.273  5.327  5.344  5.353  5.384  5.366  5.165  5.170  5.371  5.272  5.352  5.323  5.252  5.421  5.438  5.602  5.549  5.602  5.367  5.416
4.290  4.277  4.324  4.357  4.277  4.382  4.304  4.295  4.315  4.431  4.277  4.472  4.549  4.533  4.633  4.357  4.363  4.419  4.443  4.388  4.407  4.277  4.428  4.369  4.212  4.190  4.248  4.127  4.083  4.140  4.174  4.344  4.143  4.277  4.304  4.344  4.174  4.277  4.407  4.290  4.256  4.190
5.647  4.940  5.349  5.349  5.412  5.390  4.739  5.451  5.276  5.389  5.480  5.523  5.481  5.368  5.386  5.242  4.902  5.485  5.605  5.489  5.130  4.942  5.124  5.166  5.256  5.200  5.086  5.333  4.760  5.032  5.136  4.657  5.317  5.186  5.080  5.243  5.029  5.515  5.357  5.389  5.129  5.074
4.007  3.892  3.951  4.043  4.040  3.970  3.784  3.932  3.970  4.025  3.985  3.989  4.111  3.912  4.143  4.060  3.689  3.829  4.060  4.060  3.882  3.761  3.784  3.888  3.829  3.912  3.802  3.761  3.807  3.738  3.761  3.714  3.807  3.714  3.850  3.877  3.813  4.043  3.908  3.912  3.867  3.780
