5.991  5.617  5.684  5.652  5.631  5.576  5.620  5.628  5.585  5.956  5.733  5.670  5.684  5.606  5.713  5.587  5.501  5.481  5.630  5.624  5.455  5.501  5.474  5.511  5.407  5.425  5.334  5.323  5.219  5.268  5.380  5.352  5.515  5.464  5.647  5.537  5.497  5.572  5.572  5.509  5.483  5.613
6.441  6.102  6.284  6.098  6.082  6.059  6.161  6.148  6.102  6.330  6.186  6.084  6.144  6.037  6.095  5.904  5.881  5.934  6.094  6.163  5.971  5.976  5.916  5.861  6.014  5.934  5.852  5.826  5.652  5.838  5.808  5.844  6.034  5.958  6.064  6.011  6.019  6.017  6.050  5.981  5.991  6.098
3.689  3.584  3.570  3.611  3.611  3.555  3.701  3.526  3.497  3.584  3.459  3.526  3.784  3.605  3.761  3.526  3.497  3.584  3.738  3.611  3.689  3.651  3.638  3.784  3.526  3.526  3.605  3.550  3.497  3.401  3.459  3.611  3.466  3.466  3.526  3.550  3.466  3.401  3.611  3.401  3.395  3.434
3.664  3.555  3.624  3.829  3.611  3.466  3.434  3.526  3.611  3.738  3.611  3.611  3.738  3.714  3.829  3.638  3.584  3.497  3.497  3.970  3.658  3.632  3.584  3.578  3.555  3.550  3.475  3.584  3.367  3.520  3.578  3.664  3.555  3.466  3.555  3.605  3.526  3.584  3.584  3.296  3.401  3.401
4.074  4.140  4.108  4.174  4.143  4.078  4.197  4.074  4.111  4.234  4.127  4.190  4.367  4.301  4.317  4.040  4.004  3.970  4.241  4.260  4.274  4.317  3.951  4.220  4.094  3.846  3.951  3.871  3.784  4.143  4.057  4.140  4.143  3.892  4.074  4.094  4.007  3.938  3.912  4.031  3.912  3.912
4.710  4.500  4.564  4.654  4.676  4.554  4.812  4.522  4.654  4.562  4.500  4.760  4.477  4.530  4.642  4.344  4.762  4.407  4.580  4.700  4.808  4.745  4.324  4.511  4.492  4.511  4.248  4.317  4.174  4.357  4.382  4.644  4.654  4.640  4.543  4.530  4.635  4.472  4.369  4.477  4.543  4.511
5.282  5.147  5.288  5.264  5.246  5.225  5.147  5.236  5.147  5.398  5.303  5.273  5.342  5.226  5.393  5.278  5.117  5.153  5.321  5.357  5.345  5.293  5.165  5.366  5.001  4.975  5.043  5.063  5.004  5.081  5.197  5.175  5.118  5.100  5.328  5.218  5.236  5.056  5.112  5.081  5.161  5.106
5.817  5.565  5.628  5.823  5.638  5.720  5.724  5.680  5.659  5.878  5.771  5.841  5.743  5.587  5.802  5.595  5.509  5.541  5.724  5.690  5.826  5.715  5.583  5.659  5.545  5.537  5.451  5.457  5.283  5.412  5.548  5.569  5.655  5.533  5.704  5.624  5.590  5.714  5.753  5.583  5.552  5.513
4.174  3.932  3.989  4.248  3.871  4.094  4.060  4.060  4.466  4.190  4.007  4.248  4.277  4.078  4.380  4.060  4.174  4.159  4.034  4.267  4.460  4.205  3.951  4.290  3.871  3.892  4.057  3.928  3.784  3.951  3.932  4.004  4.127  4.127  4.040  4.025  3.912  3.951  4.078  3.970  3.908  3.898
4.428  4.290  4.369  4.407  4.263  4.344  4.419  4.331  4.373  4.477  4.522  4.357  4.475  4.543  4.413  4.263  4.354  4.246  4.428  4.376  4.382  4.419  4.431  4.454  4.205  4.290  4.159  4.111  4.043  4.111  4.234  4.234  4.357  4.304  4.274  4.331  4.263  4.304  4.369  4.369  4.234  4.311
5.450  5.193  5.342  5.301  5.425  5.354  5.283  5.268  5.263  5.576  5.422  5.425  5.438  5.247  5.407  5.243  5.236  5.308  5.403  5.308  5.352  5.342  5.155  5.283  5.165  5.112  5.236  5.170  5.043  4.997  5.153  5.189  5.380  5.208  5.288  5.176  5.228  5.247  5.236  5.256  5.094  5.318
6.027  5.875  5.924  5.956  5.864  5.980  5.883  5.945  5.913  6.061  6.001  5.945  5.961  5.911  5.951  5.778  5.829  5.814  5.945  5.948  5.908  5.820  5.808  5.872  5.759  5.724  5.778  5.714  5.611  5.701  5.798  5.745  5.919  5.773  5.917  5.781  5.802  5.858  5.778  5.829  5.782  5.829
4.331  4.394  4.220  4.431  4.143  4.205  4.253  4.301  4.159  4.290  4.382  4.263  4.344  4.263  4.498  4.217  4.111  4.190  4.217  4.357  4.308  4.246  4.190  4.277  4.074  4.043  4.205  3.932  4.159  3.951  4.197  4.164  4.124  4.025  4.094  4.248  4.277  4.220  4.290  4.270  4.091  4.078
4.477  4.511  4.380  4.588  4.536  4.392  4.416  4.452  4.494  4.605  4.625  4.533  4.652  4.598  4.552  4.533  4.431  4.440  4.564  4.511  4.511  4.630  4.583  4.691  4.248  4.263  4.317  4.394  4.174  4.277  4.454  4.386  4.477  4.454  4.357  4.615  4.454  4.431  4.452  4.369  4.231  4.394
4.554  4.231  4.382  4.380  4.357  4.224  4.277  4.159  4.317  4.344  4.248  4.290  4.263  4.443  4.317  4.094  4.190  4.111  4.277  4.431  4.290  4.224  4.277  4.344  4.007  4.025  4.078  4.108  3.912  4.060  4.205  4.078  4.317  4.111  4.190  4.127  4.094  4.331  4.060  4.111  3.989  4.143
3.951  3.908  3.871  3.807  3.664  3.850  3.714  3.738  3.829  3.850  3.807  3.829  4.148  4.108  4.094  3.738  3.701  3.989  3.850  3.998  4.043  3.850  3.784  3.888  3.664  3.664  3.689  3.658  3.611  3.497  3.784  3.761  3.761  3.738  3.784  3.757  3.658  3.784  3.738  3.638  3.784  3.689
3.658  3.555  3.611  3.570  3.664  3.555  3.434  3.466  3.738  3.638  3.584  3.714  3.829  3.761  3.761  3.761  3.733  3.611  3.714  3.846  3.807  3.850  3.714  3.632  3.745  3.434  3.714  3.664  3.526  3.497  3.605  3.757  3.611  3.664  3.738  3.550  3.714  3.632  3.555  3.526  3.689  3.664
3.466  3.526  3.584  3.584  3.689  3.497  3.526  3.555  3.584  3.689  3.466  3.555  3.738  3.638  3.861  3.584  3.689  3.490  3.638  3.714  3.780  3.597  3.555  3.714  3.638  3.555  3.526  3.466  3.497  3.367  3.434  3.506  3.555  3.638  3.584  3.497  3.550  3.497  3.434  3.428  3.490  3.611
4.369  4.190  4.331  4.585  4.127  4.190  4.111  4.127  4.132  4.234  4.111  4.174  4.489  4.369  4.477  3.912  4.248  4.043  4.344  4.511  4.331  4.220  4.111  4.205  4.205  4.159  4.078  4.025  4.060  4.078  4.127  4.127  4.234  4.094  4.263  4.007  4.060  4.143  4.159  4.143  4.174  4.190
3.871  3.689  3.888  4.205  3.784  3.784  3.861  3.989  3.824  3.989  3.761  3.970  4.127  4.043  4.094  3.761  3.757  3.714  3.912  4.174  3.912  3.951  3.738  3.912  3.871  3.892  3.829  3.850  3.714  3.584  3.850  3.947  3.871  3.829  4.004  3.871  3.714  3.888  3.784  3.761  3.850  3.807
4.677  4.590  4.642  4.682  4.700  4.546  4.630  4.673  4.635  4.745  4.593  4.721  4.828  4.595  4.890  4.511  4.654  4.605  4.754  4.868  4.762  4.700  4.691  4.630  4.727  4.522  4.585  4.443  4.585  4.522  4.454  4.727  4.852  4.710  4.710  4.673  4.543  4.605  4.454  4.663  4.644  4.615
5.438  5.371  5.357  5.564  5.303  5.322  5.367  5.335  5.438  5.501  5.474  5.342  5.541  5.391  5.642  5.308  5.460  5.389  5.549  5.572  5.628  5.394  5.428  5.547  5.347  5.209  5.220  5.275  5.081  5.176  5.303  5.451  5.451  5.434  5.425  5.357  5.308  5.472  5.365  5.209  5.407  5.250
