4.723  4.530  4.787  4.583  4.638  4.575  4.749  4.677  4.691  4.790  4.758  4.625  4.723  4.500  4.812  4.543  4.500  4.691  4.635  4.662  4.786  4.696  4.549  4.654  4.460  4.475  4.454  4.443  4.304  4.331  4.575  4.464  4.543  4.469  4.522  4.605  4.511  4.498  4.585  4.392  4.407  4.583
4.431  4.500  4.277  4.317  4.431  4.413  4.344  4.443  4.331  4.562  4.369  4.477  4.443  4.277  4.554  4.317  4.304  4.315  4.174  4.331  4.509  4.331  4.407  4.369  4.040  4.094  4.234  4.234  4.127  4.197  4.382  4.317  4.344  4.284  4.304  4.220  4.277  4.057  4.143  4.205  4.094  4.205
3.709  3.784  3.829  3.784  3.813  3.784  3.807  3.932  3.829  3.912  3.813  3.850  3.951  3.871  3.928  3.738  3.738  3.638  3.871  3.989  3.871  3.638  3.761  3.861  3.676  3.714  3.714  3.784  3.526  3.611  3.714  3.689  3.871  3.784  3.664  3.861  3.689  3.807  3.738  3.611  3.738  3.871
4.246  4.159  4.234  4.205  4.263  4.143  4.190  4.263  4.174  4.234  4.094  4.143  4.159  4.007  4.317  4.034  4.111  4.025  4.324  4.290  4.344  4.156  3.989  4.074  4.022  4.174  4.007  3.951  3.892  4.078  4.111  4.159  4.127  4.304  4.111  4.174  4.127  4.234  4.007  4.040  4.111  4.111
4.500  4.380  4.419  4.357  4.290  4.205  4.500  4.401  4.277  4.635  4.431  4.369  4.564  4.317  4.663  4.394  4.511  4.231  4.460  4.331  4.331  4.472  4.454  4.388  4.227  4.127  4.248  4.190  4.156  4.344  4.124  4.454  4.159  4.234  4.174  4.174  4.380  4.304  4.116  4.111  4.159  4.246
4.007  3.951  3.867  3.892  3.951  3.850  3.892  3.932  3.932  3.989  3.839  4.025  4.060  3.932  3.922  3.850  3.761  4.013  3.932  3.989  3.989  3.912  3.951  3.951  3.761  3.714  3.761  3.784  3.951  3.761  3.932  3.877  3.835  3.714  3.970  3.892  3.908  3.932  3.892  3.850  3.714  3.846
5.081  4.996  5.081  5.106  5.136  4.965  5.140  5.030  5.069  5.356  5.100  5.068  5.108  5.063  5.142  5.011  4.990  4.990  5.165  5.147  5.198  5.050  4.963  5.091  4.970  4.997  4.787  4.852  4.710  4.868  5.075  4.934  4.956  4.973  5.063  4.979  4.963  4.915  4.875  4.883  4.804  4.904
4.466  4.413  4.472  4.394  4.382  4.277  4.492  4.454  4.363  4.440  4.500  4.404  4.699  4.419  4.585  4.290  4.277  4.431  4.500  4.317  4.489  4.503  4.466  4.469  4.440  4.174  4.304  4.190  4.094  4.202  4.344  4.304  4.357  4.452  4.277  4.263  4.248  4.337  4.248  4.304  4.220  4.454
3.611  3.611  3.512  3.434  3.526  3.638  3.520  3.584  3.638  3.611  3.584  3.638  3.733  3.773  3.761  3.401  3.651  3.526  3.829  3.611  3.829  3.664  3.466  3.761  3.520  3.490  3.611  3.638  3.490  3.550  3.592  3.578  3.632  3.584  3.709  3.444  3.434  3.490  3.434  3.332  3.611  3.597
3.784  3.768  3.780  3.638  3.714  3.664  3.846  3.871  3.824  3.839  3.850  3.761  4.159  4.034  4.025  3.684  3.871  3.738  3.951  3.932  3.951  3.807  3.714  3.802  3.912  3.611  3.658  3.664  3.671  3.721  3.784  3.807  3.807  3.839  3.829  3.824  3.784  3.738  3.761  3.738  3.638  3.738
4.977  4.977  4.984  4.877  4.874  4.949  4.977  4.970  5.024  5.159  5.074  5.030  5.133  5.118  5.024  4.956  5.068  4.883  5.075  5.063  4.919  5.024  5.017  5.142  4.762  5.016  4.940  4.762  4.933  4.836  4.961  4.800  4.739  4.934  5.042  5.004  5.016  5.056  4.905  4.874  4.820  4.868
4.673  4.464  4.489  4.486  4.246  4.304  4.419  4.431  4.454  4.633  4.527  4.533  4.727  4.564  4.623  4.290  4.605  4.321  4.404  4.454  4.419  4.394  4.475  4.543  4.284  4.452  4.341  4.220  4.241  4.382  4.277  4.290  4.220  4.466  4.452  4.654  4.454  4.392  4.369  4.277  4.111  4.369
4.654  4.382  4.575  4.564  4.274  4.304  4.263  4.394  4.489  4.575  4.489  4.533  4.696  4.341  4.522  4.174  4.404  4.220  4.796  4.786  4.570  4.486  4.248  4.511  4.297  4.525  4.234  4.248  4.290  4.248  4.304  4.394  4.564  4.344  4.489  4.315  4.260  4.367  4.404  4.392  4.394  4.407
4.127  3.871  4.231  4.315  4.234  3.892  3.989  4.043  4.234  4.094  3.989  4.119  4.078  4.304  4.127  3.871  4.127  4.025  4.363  4.407  4.267  3.980  3.989  4.007  3.932  4.248  3.970  3.970  3.951  3.951  3.780  4.007  4.127  4.007  4.190  3.951  3.689  3.892  4.013  3.912  4.025  3.951
3.466  3.411  3.497  3.638  3.664  3.684  3.555  3.459  3.434  3.664  3.497  3.564  3.689  3.664  3.689  3.497  3.611  3.466  3.526  3.829  3.738  3.584  3.466  3.664  3.526  3.611  3.506  3.332  3.526  3.401  3.555  3.401  3.658  3.664  3.611  3.664  3.466  3.658  3.466  3.497  3.466  3.689
3.555  3.367  3.296  3.490  3.526  3.367  3.466  3.466  3.367  3.459  3.332  3.497  3.555  3.605  3.664  3.258  3.401  3.296  3.497  3.714  3.664  3.401  3.466  3.526  3.288  3.434  3.428  3.332  3.395  3.332  3.401  3.258  3.434  3.434  3.466  3.638  3.258  3.526  3.466  3.296  3.332  3.219
4.369  4.174  4.304  4.564  4.431  4.304  4.344  4.190  4.369  4.440  4.454  4.394  4.554  4.454  4.595  4.253  4.407  4.331  4.657  4.615  4.691  4.328  4.290  4.407  4.277  4.321  4.234  4.248  4.190  4.111  4.220  4.304  4.386  4.454  4.354  4.392  4.220  4.202  4.234  4.220  4.416  4.341
3.611  3.807  3.802  3.928  3.761  3.671  3.526  3.738  3.802  3.784  3.497  3.689  4.025  3.932  3.912  3.714  3.807  3.709  3.829  3.951  3.850  3.738  3.807  4.043  3.714  3.784  3.714  3.638  3.689  3.714  3.714  3.784  3.761  3.824  3.611  3.761  3.850  3.761  3.555  3.584  3.526  3.761
5.153  4.984  5.106  5.153  5.081  5.146  5.085  4.997  5.075  5.192  5.094  5.112  5.308  5.217  5.187  4.996  5.200  4.990  5.187  5.308  5.226  5.268  5.017  5.215  5.093  5.075  5.081  4.850  4.866  4.852  5.039  5.164  5.153  5.187  5.132  5.081  5.039  5.182  5.108  4.949  5.050  5.130
5.492  5.468  5.521  5.421  5.438  5.521  5.434  5.533  5.468  5.576  5.460  5.663  5.692  5.513  5.673  5.375  5.618  5.468  5.684  5.652  5.694  5.680  5.481  5.654  5.565  5.421  5.485  5.307  5.330  5.310  5.541  5.583  5.602  5.580  5.549  5.572  5.400  5.613  5.541  5.387  5.464  5.568
4.159  4.116  4.078  4.159  4.174  4.127  4.127  4.159  4.025  4.190  4.140  4.174  4.263  4.500  4.331  4.205  4.431  4.143  4.234  4.248  4.263  4.290  4.263  4.290  4.007  3.871  4.043  4.078  3.908  3.989  4.234  4.234  3.967  4.159  4.220  4.060  4.127  4.043  4.025  4.060  3.912  4.159
4.739  4.440  4.595  4.682  4.625  4.564  4.522  4.635  4.543  4.771  4.625  4.605  4.727  4.820  4.816  4.682  4.585  4.498  4.682  4.659  4.754  4.570  4.718  4.804  4.605  4.600  4.663  4.500  4.434  4.530  4.727  4.554  4.575  4.710  4.736  4.625  4.605  4.500  4.595  4.595  4.416  4.625
