4.673  4.610  4.522  4.700  4.489  4.443  4.543  4.625  4.570  4.575  4.595  4.625  4.625  4.520  4.644  4.533  4.498  4.443  4.511  4.718  4.654  4.543  4.464  4.564  4.328  4.425  4.382  4.454  4.248  4.277  4.673  4.466  4.431  4.505  4.522  4.301  4.466  4.335  4.466  4.331  4.321  4.369
4.934  4.796  4.848  4.787  4.835  4.710  4.804  4.843  4.883  4.984  4.787  4.828  4.881  4.956  4.970  4.812  4.628  4.812  4.676  4.804  4.949  4.875  4.828  4.852  4.642  4.640  4.749  4.466  4.486  4.673  4.673  4.718  4.787  4.760  4.844  4.673  4.605  4.554  4.564  4.516  4.419  4.754
5.016  4.984  4.890  5.043  4.920  5.094  5.197  5.094  4.984  5.124  5.106  5.153  5.159  4.949  5.088  4.858  5.063  4.913  5.094  4.954  5.153  4.934  4.890  4.997  4.812  4.718  4.963  4.820  4.754  4.942  4.902  4.949  4.820  4.890  4.977  4.990  4.990  4.879  4.977  4.796  4.824  4.898
4.066  3.892  4.132  4.052  3.850  4.078  4.111  4.057  4.111  4.135  4.127  4.205  4.078  4.078  4.174  4.066  4.220  4.111  4.094  4.091  4.174  4.111  4.004  4.248  3.908  3.807  3.912  4.007  4.060  3.951  3.892  4.078  4.007  3.989  3.807  4.108  4.143  3.932  3.947  3.850  3.784  4.031
4.248  3.989  4.159  4.143  4.174  3.951  4.111  4.220  4.220  4.205  4.078  4.274  4.376  4.111  4.248  3.829  4.187  4.007  4.248  4.234  4.308  4.143  4.111  4.094  4.431  4.094  4.263  3.951  3.829  4.074  4.060  4.043  3.989  4.007  3.970  4.094  4.099  4.022  4.127  4.025  3.951  4.094
4.644  4.277  4.625  4.585  4.520  4.559  4.605  4.673  4.605  4.787  4.419  4.615  4.812  4.522  4.685  4.369  4.443  4.428  4.628  4.787  4.615  4.419  4.369  4.317  4.533  4.489  4.357  4.304  4.263  4.263  4.331  4.331  4.570  4.443  4.369  4.413  4.380  4.500  4.290  4.344  4.533  4.466
4.700  4.741  4.734  4.419  4.564  4.633  4.483  4.673  4.573  4.718  4.575  4.564  4.828  4.812  4.663  4.635  4.477  4.575  4.605  4.625  4.511  4.522  4.760  4.654  4.344  4.317  4.554  4.419  4.369  4.388  4.500  4.522  4.344  4.234  4.443  4.407  4.503  4.454  4.466  4.588  4.554  4.543
5.220  5.238  5.207  5.007  5.193  5.313  5.206  5.247  5.159  5.165  5.129  5.187  5.455  5.394  5.391  5.212  5.011  5.335  5.308  5.187  5.159  5.112  5.325  5.313  4.913  4.970  5.112  5.106  4.718  5.009  5.142  4.963  4.984  4.997  4.997  5.170  5.094  5.037  5.037  5.106  5.004  5.204
5.050  4.860  4.898  5.024  4.860  4.883  4.796  4.852  4.990  5.100  4.986  4.984  4.987  4.927  5.027  4.820  4.754  4.819  4.898  4.963  4.956  4.920  4.883  4.994  4.682  4.745  4.644  4.522  4.431  4.511  4.673  4.710  4.905  4.734  4.820  4.743  4.730  4.663  4.844  4.844  4.625  4.710
4.870  4.844  4.905  4.786  4.836  4.911  4.727  4.635  4.836  5.030  4.894  4.929  4.754  4.787  4.977  4.533  4.691  4.700  4.844  4.913  4.836  4.856  4.905  5.037  4.663  4.718  4.635  4.575  4.489  4.605  4.673  4.575  4.868  4.727  4.812  4.718  4.718  4.623  4.575  4.593  4.605  4.659
5.356  5.088  5.187  5.130  5.132  4.913  5.037  5.187  5.004  5.293  5.231  5.215  5.371  5.081  5.159  5.050  5.124  5.030  5.233  5.193  5.251  5.094  5.027  5.136  4.804  5.069  4.990  4.905  4.812  4.754  4.970  4.977  5.198  5.091  5.147  5.094  4.787  5.056  5.118  5.159  4.890  4.975
4.217  4.234  4.190  4.159  4.078  4.220  4.248  4.290  4.111  4.190  4.234  4.315  4.369  4.248  4.392  4.078  4.344  4.202  4.357  4.301  4.290  4.321  4.328  4.331  4.111  4.220  4.094  4.043  3.989  4.094  4.143  4.304  4.190  4.103  4.234  4.205  4.074  4.078  4.025  3.871  4.111  4.174
4.040  4.111  4.040  4.108  4.043  4.004  3.980  3.989  4.043  4.043  3.928  4.094  4.190  4.043  4.174  3.892  4.060  3.839  3.989  4.078  3.989  4.078  3.932  4.060  3.951  3.908  3.932  3.714  3.738  4.007  3.829  3.932  4.074  3.989  3.989  3.947  3.807  3.761  4.007  3.738  3.784  3.951
3.689  3.564  3.664  3.689  3.466  3.611  3.689  3.555  3.733  3.689  3.526  3.605  3.791  3.738  3.892  3.497  3.584  3.481  3.714  3.761  3.784  3.664  3.689  3.738  3.497  3.664  3.714  3.401  3.466  3.497  3.466  3.664  3.664  3.664  3.555  3.578  3.459  3.664  3.466  3.520  3.526  3.738
3.466  3.520  3.497  3.584  3.555  3.332  3.466  3.497  3.526  3.466  3.367  3.526  3.584  3.721  3.689  3.332  3.555  3.401  3.638  3.664  3.701  3.570  3.497  3.584  3.526  3.367  3.401  3.497  3.434  3.497  3.360  3.624  3.466  3.570  3.550  3.466  3.401  3.611  3.332  3.520  3.434  3.332
3.332  3.481  3.555  3.555  3.466  3.296  3.401  3.434  3.332  3.466  3.296  3.466  3.466  3.520  3.738  3.401  3.526  3.296  3.401  3.466  3.664  3.459  3.555  3.296  3.466  3.401  3.434  3.401  3.219  3.497  3.367  3.401  3.555  3.367  3.360  3.497  3.497  3.520  3.258  3.332  3.434  3.611
4.708  4.657  4.682  4.717  4.673  4.530  4.522  4.486  4.449  4.736  4.635  4.625  4.718  4.745  4.769  4.500  4.554  4.676  4.554  4.860  4.666  4.644  4.605  4.717  4.654  4.533  4.754  4.477  4.533  4.454  4.543  4.382  4.454  4.564  4.554  4.585  4.477  4.575  4.615  4.585  4.520  4.477
5.412  5.204  5.308  5.357  5.273  5.230  5.153  5.364  5.208  5.468  5.283  5.268  5.368  5.352  5.412  5.193  5.203  5.371  5.263  5.490  5.322  5.313  5.230  5.318  5.226  5.263  5.252  5.152  5.153  5.100  5.236  5.187  5.298  5.247  5.204  5.340  5.288  5.416  5.278  5.220  5.223  5.277
5.704  5.626  5.595  5.704  5.775  5.832  5.563  5.638  5.549  5.861  5.844  5.666  5.811  5.740  5.858  5.638  5.455  5.784  5.805  5.927  5.844  5.717  5.690  5.820  5.412  5.421  5.531  5.465  5.421  5.442  5.609  5.704  5.690  5.549  5.617  5.576  5.649  5.746  5.838  5.634  5.652  5.609
6.115  6.043  6.065  6.189  6.075  5.988  5.958  5.945  6.019  6.040  5.988  6.119  6.100  6.073  6.256  5.929  5.951  6.043  6.151  6.157  6.192  6.107  6.078  6.149  5.964  5.790  5.814  5.791  5.784  5.889  6.017  6.047  6.169  6.011  5.974  6.014  5.967  6.205  6.089  5.940  5.979  5.981
4.477  4.357  4.263  4.431  4.466  4.431  4.304  4.382  4.369  4.369  4.369  4.317  4.575  4.419  4.673  4.422  4.304  4.419  4.567  4.673  4.570  4.369  4.419  4.363  4.431  4.290  4.246  4.220  4.048  4.190  4.321  4.231  4.466  4.277  4.277  4.407  4.431  4.304  4.277  4.159  4.290  4.516
4.143  4.043  4.060  4.078  4.016  3.970  3.784  3.932  3.970  4.007  4.043  3.850  4.335  4.290  4.248  3.928  3.998  3.989  3.928  4.190  4.205  4.182  4.078  4.111  3.961  3.932  3.970  3.871  3.584  3.829  3.877  3.871  3.989  3.871  3.989  4.025  3.829  3.951  3.989  3.970  3.871  3.970
