4.633  4.500  4.304  4.489  4.369  4.394  4.477  4.304  4.357  4.394  4.416  4.489  4.615  4.443  4.595  4.394  4.369  4.454  4.489  4.500  4.554  4.454  4.489  4.466  4.246  4.174  4.380  4.407  4.324  4.419  4.407  4.388  4.511  4.301  4.382  4.341  4.284  4.234  4.290  4.344  4.304  4.369
4.317  4.350  4.382  4.407  4.331  4.354  4.127  4.205  4.290  4.331  4.220  4.431  4.382  4.369  4.454  4.288  4.331  4.382  4.369  4.419  4.344  4.205  4.341  4.290  4.419  4.212  4.187  4.190  4.151  4.174  4.263  4.263  4.277  4.248  4.159  4.308  4.205  4.263  4.187  4.220  4.127  4.205
4.344  4.317  4.477  4.600  4.500  4.477  4.458  4.344  4.454  4.344  4.386  4.554  4.466  4.615  4.700  4.357  4.350  4.652  4.546  4.564  4.638  4.454  4.404  4.745  4.234  4.248  4.394  4.190  4.227  4.443  4.407  4.394  4.522  4.505  4.304  4.477  4.205  4.220  4.290  4.270  4.419  4.500
4.754  4.623  4.820  4.736  4.635  4.745  4.635  4.787  4.844  4.663  4.615  4.736  4.727  4.828  4.905  4.595  4.654  4.808  4.802  4.783  4.745  4.771  4.625  4.870  4.454  4.498  4.691  4.605  4.369  4.554  4.625  4.585  4.800  4.520  4.595  4.754  4.615  4.654  4.615  4.483  4.593  4.554
4.190  4.290  4.220  4.234  4.111  4.234  4.124  4.344  4.304  4.454  4.248  4.367  4.304  4.431  4.357  4.174  4.263  4.143  4.344  4.361  4.344  4.317  4.234  4.354  4.111  4.190  4.174  4.443  4.127  4.263  4.344  4.277  4.331  4.331  4.078  4.277  4.220  4.344  4.091  4.190  4.060  4.270
4.344  4.301  4.394  4.454  4.253  4.344  4.174  4.341  4.205  4.341  4.248  4.263  4.489  4.466  4.595  4.248  4.344  4.331  4.538  4.481  4.369  4.394  4.290  4.431  4.205  4.182  4.407  4.317  4.205  4.190  4.369  4.344  4.369  4.190  4.304  4.443  4.290  4.317  4.288  4.277  4.220  4.344
5.017  4.984  4.787  4.779  4.736  4.881  4.804  4.787  4.996  4.868  5.059  4.836  4.875  4.913  4.977  4.835  4.868  4.907  4.905  4.920  5.026  5.071  4.963  5.063  4.966  4.986  4.920  4.779  4.804  4.860  4.920  4.920  4.860  4.890  4.977  4.905  4.836  4.890  4.852  4.771  4.769  4.796
4.963  5.130  5.075  5.050  4.997  5.074  5.050  4.883  5.037  5.030  4.997  5.037  5.118  5.009  5.133  4.990  5.112  5.037  5.170  5.037  5.269  5.212  5.209  5.455  5.023  5.050  5.069  5.017  5.142  5.061  5.017  5.170  4.858  5.114  5.111  5.083  5.078  4.949  4.883  4.970  4.860  4.963
4.736  4.603  4.585  4.615  4.514  4.644  4.454  4.635  4.554  4.796  4.605  4.635  4.804  4.820  4.635  4.454  4.454  4.700  4.748  4.844  4.682  4.443  4.533  4.549  4.605  4.454  4.413  4.625  4.533  4.477  4.608  4.522  4.522  4.475  4.369  4.533  4.500  4.567  4.635  4.595  4.431  4.554
5.100  5.061  4.970  4.984  5.037  4.982  4.977  5.017  5.030  5.200  5.127  5.108  5.398  5.124  5.236  4.949  4.970  5.024  4.975  5.182  4.984  4.852  5.081  5.081  4.811  4.949  4.961  4.864  4.875  4.796  5.102  4.820  5.043  5.004  4.850  5.030  5.069  4.951  5.037  4.963  4.868  5.011
4.736  4.726  4.835  4.824  4.762  4.836  4.823  4.745  4.890  4.860  4.745  4.820  4.975  4.944  5.170  4.727  4.771  4.844  5.133  5.146  5.024  4.804  4.736  4.848  4.920  4.600  4.762  4.771  4.575  4.543  4.760  4.775  4.934  4.868  4.858  4.727  4.754  4.796  4.633  4.762  4.745  4.783
5.075  5.136  5.108  5.165  5.037  5.024  5.074  4.984  5.081  5.153  5.066  5.069  5.265  5.152  5.278  5.106  5.136  5.037  5.382  5.198  5.267  5.130  5.136  5.193  4.860  4.927  4.920  4.920  4.868  4.844  5.011  4.977  5.135  5.136  5.117  5.130  4.997  4.942  4.854  4.909  5.075  5.109
4.522  4.564  4.673  4.564  4.585  4.466  4.477  4.500  4.500  4.575  4.489  4.708  4.605  4.509  4.812  4.392  4.554  4.431  4.691  4.682  4.625  4.520  4.530  4.407  4.543  4.419  4.419  4.317  4.290  4.407  4.304  4.443  4.754  4.605  4.844  4.477  4.373  4.486  4.382  4.428  4.533  4.570
4.301  4.290  4.500  4.263  4.224  4.331  4.284  4.304  4.466  4.401  4.419  4.503  4.419  4.290  4.407  4.040  4.174  4.143  4.700  4.357  4.500  4.277  4.227  4.344  4.337  4.078  4.234  4.231  4.069  4.331  4.205  4.277  4.317  4.331  4.443  4.315  4.220  4.260  4.060  4.321  4.288  4.248
4.883  4.644  4.564  4.654  4.718  4.652  4.727  4.676  4.623  4.691  4.691  4.762  4.762  4.710  4.828  4.460  4.654  4.623  4.766  4.727  4.754  4.585  4.625  4.691  4.585  4.575  4.585  4.635  4.498  4.583  4.595  4.595  4.625  4.635  4.644  4.718  4.543  4.654  4.477  4.533  4.520  4.710
5.209  5.094  5.164  5.187  5.236  5.238  5.165  5.136  5.206  5.323  5.100  5.247  5.414  5.231  5.363  5.215  5.147  5.124  5.235  5.424  5.273  5.338  5.323  5.342  5.004  5.114  5.283  5.050  5.130  5.094  5.176  4.997  5.247  5.118  5.217  5.298  5.187  5.290  5.182  5.182  5.043  5.193
4.007  3.932  3.892  4.007  4.025  3.829  3.846  3.871  3.912  3.912  3.989  3.985  4.025  3.989  4.159  3.892  3.970  3.989  3.892  4.074  4.060  4.007  3.871  3.932  3.970  3.928  3.802  3.784  3.912  3.784  3.807  3.857  3.932  3.932  4.060  3.807  3.829  4.004  3.784  3.784  3.738  3.850
3.807  3.761  3.761  3.846  3.784  3.738  3.780  3.813  3.664  3.947  3.829  3.768  3.850  4.043  3.932  3.689  3.824  3.761  3.871  3.970  3.928  3.738  3.738  3.784  3.802  3.638  3.813  3.689  3.689  3.664  3.721  3.839  3.829  3.807  3.784  3.824  3.761  3.784  3.738  3.912  3.526  3.689
5.055  4.970  4.984  5.112  5.056  5.187  5.094  5.193  5.147  5.403  5.328  5.313  5.468  5.361  5.561  5.631  5.673  5.741  5.303  5.257  5.165  5.081  4.934  5.043  5.040  5.129  4.920  4.828  4.787  4.894  4.856  5.030  5.120  5.105  5.106  5.030  4.937  5.063  5.127  4.966  5.011  5.043
4.234  4.277  4.357  4.454  4.394  4.443  4.404  4.290  4.344  4.394  4.635  4.431  4.615  4.382  4.511  4.315  4.511  4.511  4.522  4.466  4.644  4.516  4.290  4.489  4.369  4.354  4.317  4.494  4.220  4.220  4.301  4.335  4.527  4.413  4.543  4.344  4.220  4.454  4.315  4.344  4.263  4.220
4.734  4.595  4.654  4.644  4.625  4.477  4.477  4.500  4.575  4.625  4.635  4.554  4.635  4.691  4.771  4.605  4.654  4.533  4.682  4.710  4.615  4.623  4.625  4.736  4.344  4.407  4.472  4.520  4.419  4.481  4.454  4.394  4.489  4.625  4.575  4.762  4.454  4.620  4.585  4.443  4.431  4.454
5.670  5.576  5.557  5.749  5.580  5.587  5.468  5.576  5.602  5.720  5.656  5.573  5.765  5.759  5.869  5.529  5.602  5.642  5.838  5.964  5.724  5.757  5.680  5.811  5.366  5.303  5.395  5.533  5.187  5.451  5.485  5.384  5.628  5.576  5.525  5.559  5.481  5.605  5.624  5.411  5.438  5.488
