4.220  4.190  4.241  4.127  4.127  4.143  4.043  3.970  4.234  4.394  4.354  4.231  4.564  4.357  4.511  4.174  4.234  4.317  4.382  4.190  4.392  4.290  4.143  4.220  4.159  4.025  4.253  4.066  4.094  4.190  4.094  4.108  4.060  4.174  4.040  4.209  4.022  4.060  4.111  4.212  4.111  4.253
4.382  4.205  4.477  4.357  4.164  4.304  4.274  4.190  4.277  4.111  4.205  4.394  4.603  4.357  4.595  4.231  4.304  4.489  4.407  4.454  4.489  4.369  4.143  4.419  4.174  4.143  4.119  4.043  4.060  4.304  4.143  4.357  4.304  4.124  4.205  4.369  4.263  4.143  4.119  4.304  4.263  4.328
4.475  4.394  4.317  4.404  4.234  4.680  4.369  4.466  4.344  4.663  4.394  4.431  4.530  4.500  4.494  4.277  4.231  4.288  4.466  4.500  4.477  4.443  4.407  4.419  4.187  4.143  4.111  4.127  3.951  4.234  4.317  4.369  4.248  4.248  4.263  4.317  4.143  4.190  4.167  4.074  4.267  4.174
5.531  5.338  5.390  5.328  5.394  5.256  5.263  5.464  5.375  5.609  5.501  5.416  5.656  5.438  5.583  5.489  5.329  5.389  5.407  5.525  5.468  5.303  5.394  5.366  5.118  5.268  5.204  5.273  5.064  5.159  5.352  5.228  5.298  5.243  5.215  5.447  5.242  5.389  5.242  5.241  5.220  5.247
4.700  4.554  4.687  4.754  4.699  4.708  4.644  4.625  4.382  4.700  4.623  4.673  4.654  4.652  4.644  4.554  4.511  4.575  4.595  4.644  4.710  4.654  4.538  4.443  4.516  4.690  4.394  4.357  4.454  4.494  4.492  4.543  4.538  4.543  4.575  4.522  4.489  4.500  4.585  4.691  4.595  4.564
4.277  4.248  4.248  4.159  4.301  4.263  4.394  4.263  4.127  4.394  4.274  4.357  4.443  4.190  4.369  4.270  4.234  4.288  4.363  4.337  4.431  4.394  4.234  4.277  4.212  4.238  4.143  4.182  4.078  4.238  4.143  4.159  4.234  4.234  4.284  4.205  4.234  4.263  4.290  4.205  4.187  4.344
4.771  4.489  5.056  4.603  4.642  5.058  4.787  4.663  5.017  4.804  4.533  4.663  4.708  4.736  4.804  4.489  4.647  4.644  4.798  4.773  5.118  4.477  4.585  4.796  4.593  4.608  4.454  4.489  4.357  4.972  4.522  4.500  4.575  4.700  4.511  4.644  4.419  4.585  4.466  4.452  4.718  4.608
5.118  4.848  5.235  4.947  4.881  4.984  4.970  4.927  4.828  5.176  5.069  4.942  5.081  4.963  5.069  4.927  4.852  4.844  5.009  4.890  5.049  4.820  4.779  4.977  4.812  4.779  4.831  4.718  4.625  4.844  4.836  4.754  4.771  4.877  4.844  4.860  4.787  4.796  4.919  4.796  4.827  4.856
4.205  4.159  4.317  4.304  4.341  4.091  4.078  4.174  4.094  4.263  4.220  4.111  4.477  4.367  4.350  4.205  4.127  4.143  4.248  4.187  4.331  4.187  4.159  4.419  4.174  4.140  3.985  3.912  3.951  4.127  4.040  4.220  4.151  4.043  4.190  4.127  4.025  4.143  4.331  3.970  4.022  4.143
4.277  4.205  4.187  4.290  4.202  4.127  4.234  4.260  4.143  4.317  4.205  4.431  4.369  4.164  4.394  4.127  4.159  4.202  4.205  4.344  4.304  4.074  4.159  4.260  4.111  4.111  4.025  3.902  3.850  4.127  4.025  4.091  4.156  4.094  4.078  4.143  4.143  4.111  4.007  3.850  3.932  4.025
4.543  4.344  4.718  4.628  4.590  4.682  4.536  4.595  4.533  4.705  4.419  4.663  4.736  4.654  4.773  4.522  4.533  4.575  4.736  4.927  4.673  4.552  4.522  4.644  4.466  4.317  4.437  4.522  4.220  4.477  4.357  4.562  4.649  4.522  4.486  4.454  4.500  4.477  4.466  4.394  4.630  4.522
4.844  4.718  4.860  4.844  4.752  4.796  4.933  4.745  4.741  5.037  4.745  4.890  5.004  4.718  4.977  4.820  4.771  4.654  4.883  5.001  4.913  4.765  4.745  4.820  4.575  4.718  4.687  4.615  4.466  4.615  4.623  4.819  4.786  4.700  4.844  4.754  4.615  4.727  4.644  4.522  4.663  4.635
4.205  4.234  4.159  4.060  4.143  4.025  4.304  4.143  4.159  4.290  4.234  4.220  4.324  4.263  4.431  4.094  4.124  4.205  4.190  4.277  4.234  4.140  4.263  4.304  4.078  4.143  4.043  4.060  3.802  4.111  4.234  4.174  4.174  4.078  4.127  4.007  4.083  4.220  4.060  3.938  3.912  4.263
4.458  4.187  4.425  4.304  4.274  4.205  4.369  4.357  4.248  4.404  4.317  4.344  4.454  4.337  4.477  4.205  4.248  4.220  4.220  4.419  4.357  4.205  4.197  4.382  4.277  4.159  4.060  4.078  4.111  4.127  4.111  4.241  4.171  4.205  4.124  4.234  4.159  4.205  4.190  4.043  4.159  4.143
3.795  3.714  3.784  3.689  3.912  3.807  3.664  3.658  3.846  3.857  3.733  3.780  3.839  3.961  3.882  3.780  3.813  3.867  3.902  3.846  3.850  3.784  3.761  3.892  3.638  3.638  3.784  3.638  3.912  3.497  3.689  3.555  3.867  3.726  3.555  3.611  3.638  3.761  4.202  3.761  3.701  3.638
4.241  3.912  4.143  4.234  4.331  4.060  3.871  4.159  4.066  3.970  4.043  4.025  4.159  4.127  4.224  3.947  3.892  4.043  4.290  4.246  4.174  4.040  4.179  3.989  4.007  3.970  3.961  4.025  3.714  4.025  4.007  4.078  4.078  3.957  3.970  4.025  3.912  4.043  4.404  4.007  3.888  4.060
4.500  4.344  4.394  4.331  4.554  4.419  4.248  4.407  4.234  4.159  4.431  4.344  4.615  4.554  4.446  4.311  4.431  4.511  4.564  4.554  4.522  4.407  4.394  4.559  4.190  4.304  4.304  4.174  4.301  4.220  4.317  4.357  4.369  4.369  4.522  4.357  4.443  4.304  4.174  4.394  4.363  4.263
4.625  4.520  4.613  4.666  4.771  4.691  4.682  4.700  4.654  4.533  4.543  4.860  4.868  4.905  4.868  4.564  4.710  4.787  4.902  4.812  4.844  4.820  4.726  4.762  4.567  4.673  4.516  4.466  4.603  4.564  4.654  4.644  4.754  4.522  4.595  4.600  4.543  4.635  4.492  4.625  4.605  4.511
4.710  4.608  4.754  4.710  4.635  4.585  4.331  4.625  4.454  4.562  4.454  4.638  4.727  4.605  4.710  4.469  4.443  4.605  4.862  4.779  4.580  4.615  4.580  4.533  4.469  4.205  4.419  4.511  4.174  4.382  4.595  4.394  4.647  4.575  4.583  4.522  4.369  4.657  4.525  4.489  4.533  4.682
4.304  4.220  4.475  4.234  4.344  4.321  4.094  4.159  4.301  4.344  4.159  4.494  4.419  4.277  4.625  4.111  4.354  4.486  4.575  4.635  4.489  4.575  4.344  4.304  4.304  4.174  4.094  4.304  3.989  4.205  4.174  4.301  4.317  4.217  4.301  4.164  4.159  4.315  4.043  4.060  4.205  4.256
4.649  4.440  4.466  4.533  4.511  4.554  4.431  4.431  4.460  4.605  4.575  4.644  4.593  4.585  4.554  4.500  4.527  4.673  4.663  4.828  4.509  4.663  4.522  4.644  4.431  4.357  4.344  4.376  4.331  4.317  4.500  4.304  4.489  4.500  4.533  4.454  4.419  4.454  4.331  4.428  4.428  4.500
4.682  4.516  4.615  4.796  4.585  4.595  4.533  4.691  4.522  4.663  4.635  4.787  4.718  4.718  4.743  4.477  4.489  4.649  4.734  4.769  4.663  4.796  4.543  4.745  4.615  4.452  4.407  4.522  4.220  4.489  4.522  4.559  4.682  4.644  4.585  4.620  4.541  4.543  4.615  4.644  4.477  4.536
