3.664  3.761  3.584  3.638  3.684  3.570  3.584  3.714  3.671  3.757  3.638  3.689  3.807  3.807  3.839  3.689  3.850  3.689  3.689  3.932  3.761  3.555  3.664  3.768  3.638  3.526  3.714  3.624  3.611  3.807  3.638  3.520  3.584  3.632  3.664  3.689  3.526  3.497  3.497  3.497  3.497  3.611
4.205  4.234  4.317  4.151  4.004  4.043  4.007  4.060  3.989  4.159  4.231  4.234  4.357  4.454  4.308  4.078  4.043  4.220  4.187  4.277  4.143  3.989  4.143  4.190  3.818  3.932  4.078  4.094  3.892  3.912  4.094  4.190  4.007  3.892  4.078  3.951  3.850  4.159  3.970  4.007  3.961  4.060
5.235  5.342  5.364  5.366  5.371  5.412  5.230  5.341  5.347  5.352  5.313  5.318  5.342  5.220  5.482  5.252  5.247  5.155  5.333  5.451  5.403  5.298  5.106  5.189  5.147  5.030  5.127  4.864  4.949  4.952  5.215  4.982  5.295  5.094  5.193  5.293  5.124  5.303  5.147  4.990  5.257  5.288
4.727  4.543  4.644  4.836  4.644  4.615  4.673  4.700  4.615  4.700  4.754  4.820  4.820  4.654  4.860  4.682  4.557  4.562  4.710  4.783  4.754  4.663  4.682  4.575  4.595  4.549  4.525  4.466  4.454  4.369  4.464  4.554  4.618  4.657  4.543  4.585  4.486  4.554  4.443  4.533  4.454  4.543
5.714  5.814  5.761  5.823  5.811  5.820  5.866  5.820  5.866  5.864  5.861  5.922  5.969  5.842  5.922  5.753  5.617  5.604  5.866  5.799  5.905  5.771  5.835  5.905  5.624  5.749  5.600  5.444  5.407  5.586  5.808  5.560  5.604  5.720  5.771  5.765  5.762  5.705  5.565  5.537  5.613  5.727
4.407  4.605  4.718  4.673  4.595  4.500  4.595  4.543  4.533  4.595  4.595  4.748  4.762  4.640  4.820  4.554  4.654  4.564  4.615  4.736  4.860  4.543  4.522  4.649  4.736  4.673  4.511  4.500  4.380  4.410  4.533  4.638  4.625  4.595  4.700  4.644  4.466  4.625  4.263  4.419  4.585  4.533
4.554  4.585  4.595  4.608  4.745  4.635  4.407  4.687  4.649  4.494  4.060  4.605  4.762  4.836  4.743  4.454  4.575  4.687  4.736  4.771  4.836  4.682  4.771  4.743  4.357  4.419  4.443  4.382  4.431  4.472  4.443  4.449  4.454  4.498  4.514  4.425  4.443  4.407  4.331  4.394  4.419  4.486
4.477  4.595  4.472  4.615  4.710  4.533  4.344  4.500  4.575  4.522  3.989  4.407  4.710  4.605  4.533  4.489  4.304  4.369  4.663  4.615  4.727  4.595  4.663  4.595  4.248  4.575  4.543  4.274  4.108  4.373  4.443  4.394  4.454  4.533  4.290  4.489  4.477  4.304  4.205  4.367  4.317  4.511
3.867  3.829  3.658  3.780  3.912  3.761  3.689  3.714  3.829  3.829  3.932  3.892  3.967  3.846  3.951  3.761  3.951  3.784  3.871  3.989  3.892  3.867  3.738  3.807  3.761  3.738  3.829  3.526  3.632  3.664  3.733  3.714  3.709  3.664  3.738  3.664  3.761  3.638  3.850  3.466  3.555  3.932
3.951  3.908  3.932  3.824  3.908  3.714  3.871  3.989  3.951  4.007  3.784  3.850  3.951  4.025  4.111  3.846  3.784  3.738  4.060  3.871  3.967  3.871  3.807  3.967  3.912  3.784  3.932  3.871  3.664  3.638  4.159  3.967  3.738  3.807  3.871  3.824  3.989  4.007  3.989  3.761  3.892  3.912
4.220  4.094  4.344  4.143  4.111  4.159  4.159  4.078  4.094  4.174  4.171  4.143  4.234  4.304  4.344  3.892  4.290  4.078  4.315  4.304  4.304  4.263  4.060  4.159  4.078  3.970  3.932  3.970  3.892  3.912  4.078  4.234  4.159  3.932  4.190  4.205  4.025  4.094  3.951  3.888  3.850  4.111
4.431  4.331  4.564  4.605  4.511  4.369  4.317  4.263  4.344  4.477  4.369  4.522  4.489  4.559  4.590  4.263  4.394  4.481  4.605  4.564  4.486  4.357  4.174  4.290  4.331  4.284  4.159  4.281  3.892  4.187  4.331  4.234  4.500  4.466  4.443  4.428  4.369  4.394  4.344  4.248  4.284  4.328
5.211  5.247  5.030  5.209  5.268  5.124  5.226  5.170  5.288  5.283  5.206  5.361  5.313  5.196  5.193  5.032  5.056  4.997  5.187  5.246  5.264  5.147  5.204  5.239  4.994  5.100  4.994  4.929  4.970  4.977  5.112  5.069  5.147  5.182  5.109  5.100  5.081  5.106  5.075  4.875  5.094  4.997
4.094  4.331  4.111  4.263  4.111  4.103  4.151  4.143  4.094  4.111  4.220  4.143  4.369  4.246  4.277  4.171  4.304  4.043  4.060  4.419  4.248  4.317  4.143  4.344  4.111  4.078  4.094  3.989  3.951  4.060  4.135  4.277  4.078  4.263  4.171  4.094  4.127  4.108  4.048  3.932  4.171  4.108
5.130  5.039  5.130  5.220  5.072  5.130  5.037  4.989  5.303  5.281  5.283  5.231  5.136  5.242  5.503  5.094  4.977  5.075  5.170  5.182  5.282  5.075  5.069  5.165  5.102  4.913  4.883  5.081  4.677  4.804  4.868  5.050  4.990  5.088  4.868  5.132  4.986  5.118  5.450  4.997  5.027  4.970
5.257  5.130  5.085  5.303  5.272  5.227  5.130  5.173  5.182  5.396  5.389  5.337  5.342  5.263  5.559  5.056  5.136  5.298  5.231  5.268  5.298  5.193  5.252  5.328  5.145  4.922  5.024  5.136  4.911  5.030  5.056  5.112  4.970  5.011  5.097  5.165  5.043  5.268  5.759  5.056  5.034  4.984
5.553  5.100  5.352  5.434  5.320  5.328  5.303  5.333  5.257  5.434  5.327  5.283  5.509  5.335  5.447  5.021  5.236  5.283  5.457  5.553  5.208  5.308  5.198  5.411  5.181  5.345  5.165  5.040  5.078  5.011  5.252  5.264  5.463  5.272  5.268  5.231  5.231  5.303  5.323  5.283  5.170  5.398
6.410  6.061  6.195  6.107  6.136  6.142  6.082  6.271  6.142  6.286  6.172  6.194  6.468  6.204  6.219  6.098  6.138  6.159  6.203  6.295  6.182  6.047  6.170  6.174  6.160  6.251  6.066  6.133  6.073  6.106  6.323  6.318  6.499  6.109  6.023  6.157  6.031  6.146  6.146  6.194  6.014  6.142
3.784  3.526  3.951  3.714  3.550  3.611  3.714  3.689  3.850  3.761  3.578  3.761  3.733  3.780  4.094  3.584  3.638  3.689  3.892  3.908  3.721  3.689  3.526  3.638  3.709  3.611  3.605  3.714  3.555  3.578  3.638  3.761  3.850  3.714  3.757  3.638  3.497  3.555  3.555  3.459  3.555  3.738
3.296  3.401  3.258  3.367  3.459  3.296  3.497  3.466  3.332  3.434  3.296  3.434  3.526  3.497  3.555  3.401  3.497  3.296  3.526  3.555  3.497  3.497  3.401  3.428  3.434  3.258  3.332  3.367  3.343  3.395  3.497  3.555  3.434  3.497  3.296  3.401  3.395  3.332  3.219  3.258  3.367  3.219
4.190  4.159  4.357  4.315  4.205  4.407  4.143  4.304  4.277  4.234  4.234  4.315  4.407  4.394  4.486  4.174  4.248  4.341  4.431  4.605  4.527  4.413  4.277  4.344  4.267  4.212  4.263  4.111  4.007  4.205  4.159  4.060  4.290  4.143  4.263  4.205  4.060  4.277  4.124  4.317  4.078  4.190
4.220  3.932  4.241  4.187  4.171  4.025  4.127  4.159  4.466  4.354  4.007  4.335  4.174  4.369  4.419  4.034  4.025  4.205  4.190  4.533  4.357  4.143  4.078  4.256  4.143  4.078  4.057  4.060  3.932  4.111  3.970  4.111  4.270  4.159  4.094  4.060  4.060  4.156  4.060  4.043  4.190  4.060
