5.086  5.124  4.999  5.043  5.004  5.158  5.017  4.984  5.078  5.042  5.111  4.996  5.081  5.088  5.080  5.037  5.024  5.063  4.942  5.142  5.208  5.106  4.949  5.124  4.933  4.977  4.913  4.926  4.779  4.907  5.030  5.011  5.016  4.951  4.942  5.004  5.017  4.926  4.796  4.977  4.877  5.011
4.227  4.043  4.119  4.159  4.202  4.174  4.344  4.304  4.382  4.124  4.187  4.246  4.394  4.328  4.284  4.174  4.086  4.127  4.290  4.220  4.419  4.190  3.989  4.317  4.094  4.094  4.111  4.174  4.060  4.111  4.111  4.111  4.094  4.277  4.094  4.190  4.205  4.182  4.057  4.220  3.951  4.431
4.987  4.860  4.812  4.779  4.779  4.949  4.898  4.787  4.970  5.017  4.777  4.804  4.927  4.942  4.952  4.844  4.644  4.984  4.949  4.745  4.835  4.860  4.889  4.905  4.663  4.727  4.835  4.820  4.575  4.603  4.860  4.782  4.796  4.718  4.812  4.852  4.762  4.875  4.745  4.852  4.671  4.754
5.019  4.769  4.927  4.924  5.069  4.934  4.947  4.940  4.904  5.074  5.063  5.088  4.934  4.984  4.977  4.796  4.710  4.875  4.868  4.836  4.905  4.860  4.787  4.913  4.819  4.843  4.927  4.977  4.854  4.922  5.357  5.215  5.231  4.662  4.836  4.691  4.758  4.866  4.828  4.844  4.796  4.990
4.771  4.700  4.657  4.644  4.734  4.603  4.603  4.633  4.721  4.710  4.666  4.852  4.787  4.682  4.777  4.732  4.380  4.605  4.605  4.635  4.726  4.552  4.625  4.620  4.580  4.533  4.503  4.401  4.543  4.477  4.605  4.477  4.543  4.743  4.652  4.585  4.625  4.489  4.500  4.489  4.511  4.500
4.980  4.779  4.836  4.905  4.804  4.812  4.970  4.905  4.956  4.990  4.839  5.050  4.881  4.796  4.931  4.771  4.827  4.894  4.836  4.871  4.913  4.804  4.852  4.836  4.682  4.694  4.777  4.700  4.595  4.691  4.792  4.745  4.787  4.796  4.866  4.816  4.723  4.663  4.787  4.787  4.749  4.811
4.745  4.710  4.771  4.511  4.868  4.905  4.820  4.804  4.828  4.915  4.898  4.779  4.979  4.949  4.913  4.779  4.710  4.824  4.831  4.615  4.852  4.727  4.828  4.913  4.673  4.718  4.875  4.638  4.700  4.710  4.710  4.718  4.605  4.726  4.765  4.758  4.811  4.673  4.754  4.691  4.694  4.699
4.263  4.132  4.205  4.127  4.143  4.220  4.111  4.234  4.078  4.205  4.078  4.220  4.174  4.159  4.248  4.220  4.304  4.094  4.297  4.796  4.220  4.205  4.248  4.094  4.143  4.205  3.970  4.016  3.922  3.871  4.202  4.224  4.156  4.007  4.159  4.205  4.220  3.932  3.951  3.951  4.127  4.159
4.771  4.503  4.580  4.585  4.489  4.489  4.477  4.454  4.595  4.654  4.552  4.575  4.635  4.522  4.766  4.357  4.431  4.573  4.717  4.605  4.663  4.696  4.635  4.615  4.593  4.605  4.500  4.796  4.440  4.756  4.419  4.559  4.419  4.440  4.443  4.317  4.440  4.489  4.543  4.489  4.357  4.554
4.127  4.004  4.202  4.301  4.043  4.174  4.025  4.094  4.143  4.301  4.156  4.174  4.317  4.159  4.331  4.007  4.159  4.078  4.234  4.477  4.143  4.202  4.078  4.382  4.246  3.871  4.281  4.060  3.807  4.182  4.007  4.111  4.078  4.043  4.148  3.989  4.135  4.043  3.928  4.140  4.057  4.043
5.142  5.118  4.963  5.088  5.136  5.063  5.063  4.913  5.088  5.088  5.100  5.100  5.094  5.130  5.214  4.990  4.913  5.013  5.106  4.920  5.063  4.927  5.096  5.056  4.836  4.905  4.984  4.844  4.727  4.949  5.056  4.796  4.856  4.949  4.934  5.063  5.024  4.844  4.984  4.927  4.762  4.911
3.892  3.871  3.807  3.784  3.784  3.761  3.970  4.031  3.850  3.784  3.784  3.850  3.829  3.846  3.912  3.807  3.784  3.733  3.850  3.951  3.871  3.738  3.802  3.807  3.584  3.664  3.689  3.638  3.490  3.689  3.714  3.689  3.645  3.791  3.714  3.684  3.761  3.570  3.807  3.714  3.807  3.738
5.252  5.165  5.198  5.352  5.263  5.361  5.226  5.303  5.234  5.424  5.268  5.257  5.293  5.153  5.379  5.179  5.117  5.150  5.407  5.313  5.352  5.400  5.204  5.303  5.165  5.132  5.170  5.006  5.197  5.063  5.088  5.214  5.236  5.252  5.276  5.236  5.231  5.187  5.124  5.142  5.164  5.198
6.012  5.875  5.790  6.028  6.006  6.001  5.967  5.908  5.999  6.118  5.999  6.094  6.058  5.886  6.087  5.844  5.886  5.811  6.011  5.875  5.986  6.064  5.974  5.948  5.953  5.889  5.894  5.786  5.811  5.984  5.999  6.001  5.948  5.984  5.979  5.905  5.989  5.956  5.935  5.881  5.846  5.897
5.717  5.529  5.652  5.749  5.684  5.638  5.509  5.591  5.777  5.744  5.620  5.720  5.670  5.613  5.758  5.509  5.476  5.481  5.787  5.753  5.568  5.541  5.529  5.580  5.497  5.533  5.517  5.493  5.347  5.293  5.468  5.442  5.677  5.576  5.558  5.493  5.481  5.529  5.553  5.481  5.494  5.482
5.121  5.043  5.236  5.291  5.063  5.106  4.990  5.007  5.152  5.136  5.196  5.069  5.043  5.117  5.268  4.682  5.100  4.986  5.124  5.247  5.165  4.990  4.990  5.153  5.081  5.088  4.913  4.812  4.804  4.754  4.836  5.037  5.043  5.081  5.056  5.043  4.990  5.017  5.001  5.017  5.047  4.963
5.081  5.069  5.081  4.963  5.162  5.193  5.081  5.242  5.081  5.019  5.075  5.139  5.193  5.094  5.268  4.920  4.663  5.043  5.293  5.142  4.970  5.117  4.994  5.024  4.864  5.003  5.050  5.011  4.796  4.942  4.911  4.883  5.011  4.942  4.984  5.037  5.023  5.086  5.069  5.017  4.745  4.956
4.828  4.712  4.754  4.836  4.835  4.839  4.762  4.691  4.718  4.691  4.804  4.771  4.844  4.836  4.997  4.700  4.500  4.852  4.893  4.920  4.827  4.762  4.690  4.787  4.489  4.564  4.575  4.644  4.595  4.605  4.745  4.920  4.977  4.927  5.001  5.106  5.257  5.236  5.323  4.736  4.575  4.663
5.839  5.733  5.886  5.830  5.829  5.855  5.631  5.872  5.716  5.894  5.756  5.805  5.872  5.743  5.944  5.659  5.602  5.739  5.866  5.921  5.617  5.693  5.749  5.860  5.677  5.768  5.645  5.835  5.529  5.637  5.677  5.591  5.861  5.771  5.680  5.759  5.580  5.919  5.779  5.582  5.710  5.832
5.375  5.278  5.472  5.429  5.263  5.147  5.159  5.298  5.273  5.318  5.242  5.425  5.407  5.398  5.375  5.147  5.153  5.313  5.407  5.442  5.233  5.211  5.323  5.303  5.173  5.106  5.262  5.187  5.165  5.081  5.165  5.063  5.332  5.333  5.303  5.273  5.142  5.375  5.142  5.170  5.130  5.357
4.997  4.673  4.754  4.762  4.796  4.827  4.736  4.710  4.913  4.710  4.682  4.796  4.890  4.927  4.890  4.605  4.644  4.883  4.913  5.004  4.836  4.779  4.552  4.771  4.718  4.710  4.736  4.828  4.404  4.443  4.754  4.489  4.786  4.812  4.804  4.682  4.625  4.812  4.718  4.673  4.804  4.890
3.951  4.078  4.007  4.159  4.086  3.932  3.998  4.057  3.807  3.961  4.132  3.970  4.127  4.205  4.143  4.078  4.159  3.807  3.951  4.174  4.171  4.127  3.850  3.951  4.007  3.989  3.918  3.871  3.738  3.850  4.025  4.025  3.892  4.078  4.057  3.951  3.912  4.022  3.871  3.784  3.912  3.932
