3.932  4.277  4.111  4.205  4.143  4.220  4.220  4.477  4.331  4.489  4.344  4.290  4.344  4.290  4.277  4.234  4.127  4.277  4.277  4.394  4.311  4.288  4.190  4.263  4.111  4.078  4.078  4.060  4.043  3.947  4.108  4.174  4.174  4.127  4.357  4.171  4.156  4.094  4.156  4.078  4.060  4.167
3.611  3.932  3.932  3.850  3.867  3.857  3.784  3.784  3.824  3.892  3.932  3.932  3.932  3.912  4.007  3.882  3.871  3.784  3.951  4.094  4.007  3.961  3.714  3.932  3.738  3.638  3.689  3.689  3.784  3.555  3.733  3.784  3.807  3.689  3.850  3.738  3.807  3.738  3.757  3.638  3.850  3.689
4.890  4.931  4.852  5.086  4.754  4.947  4.996  5.017  4.949  5.017  5.049  5.003  5.004  4.942  5.056  4.820  5.088  4.812  4.934  5.050  5.265  4.996  4.956  5.017  4.905  4.898  4.828  4.700  4.654  4.762  4.913  4.828  4.885  4.913  5.024  4.771  5.019  4.852  4.836  4.727  4.931  4.905
4.277  3.970  4.317  4.234  4.159  4.220  4.274  4.290  4.111  4.394  4.304  4.220  4.419  4.260  4.277  4.143  4.143  4.174  4.290  4.394  4.398  4.190  4.263  4.317  4.060  4.060  4.048  4.156  3.951  4.205  3.989  4.127  4.220  4.057  4.317  4.190  4.290  4.094  4.187  4.025  4.234  4.043
4.952  4.860  5.036  4.875  4.860  5.165  4.860  4.820  5.159  4.898  4.644  4.982  4.997  4.990  5.165  4.905  4.890  4.934  5.120  5.196  5.094  5.106  4.875  4.963  4.691  4.944  4.700  4.860  4.682  4.682  4.787  4.843  4.963  4.820  4.787  4.889  4.927  4.913  4.727  4.745  4.984  4.844
4.730  4.543  4.754  4.717  4.595  4.680  4.762  4.620  3.401  4.585  4.304  4.710  4.890  4.831  4.710  4.595  4.615  4.575  4.771  4.691  4.718  4.762  4.762  4.718  4.605  4.610  4.605  4.514  4.511  4.543  4.533  4.618  4.635  4.615  4.543  4.635  4.635  4.712  4.382  4.500  4.630  4.554
4.311  4.057  4.220  4.174  4.190  4.248  4.159  4.234  4.231  4.295  4.025  4.234  4.331  4.354  4.357  4.143  4.174  4.234  4.317  4.344  4.331  4.111  4.143  4.248  4.190  4.159  4.025  4.043  3.951  4.043  4.025  4.116  4.143  4.074  4.127  4.116  3.912  4.111  3.829  3.989  4.127  4.111
4.277  4.174  4.394  4.369  4.290  4.369  4.205  4.382  4.367  4.159  4.317  4.263  4.458  4.498  4.460  4.094  4.190  4.520  4.489  4.431  4.477  4.304  4.277  4.220  4.143  4.174  4.187  4.140  3.784  4.277  4.159  4.074  4.489  4.317  4.127  4.241  4.174  4.174  3.932  4.171  4.124  4.344
3.367  3.360  3.367  3.401  3.401  3.395  3.401  3.332  3.401  3.466  3.258  3.434  3.638  3.664  3.597  3.466  3.497  3.512  3.332  3.638  3.689  3.520  3.367  3.401  3.466  3.401  3.434  3.428  3.211  3.611  3.332  3.434  3.401  3.332  3.367  3.367  3.428  3.367  3.288  3.258  3.367  3.296
3.434  3.401  3.401  3.428  3.401  3.296  3.367  3.466  3.555  3.434  3.178  3.497  3.951  3.738  3.738  3.555  3.367  3.466  3.818  3.526  3.664  3.401  3.526  3.466  3.584  3.466  3.428  3.367  3.332  3.459  3.367  3.401  3.367  3.332  3.526  3.384  3.434  3.434  3.332  3.466  3.497  3.466
4.852  4.760  4.654  4.682  4.605  4.727  4.754  4.615  4.816  4.741  4.721  4.820  4.868  4.860  4.913  4.694  4.852  4.585  4.796  4.796  4.860  4.633  4.718  4.804  4.533  4.663  4.620  4.454  4.595  4.644  4.749  4.718  4.443  4.699  4.700  4.668  4.644  4.583  4.554  4.431  4.585  4.598
4.615  4.745  4.644  4.796  4.644  4.663  4.790  4.668  4.680  4.745  4.590  4.710  4.938  4.779  4.792  4.824  4.766  4.575  4.765  4.787  4.913  4.836  4.736  4.736  4.663  4.663  4.585  4.452  4.700  4.527  4.745  4.635  4.564  4.663  4.718  4.615  4.783  4.595  4.654  4.477  4.613  4.808
3.490  3.526  3.714  3.555  3.526  3.401  3.418  3.434  3.526  3.466  3.296  3.611  3.624  3.466  3.738  3.512  3.466  3.401  3.526  3.813  3.611  3.605  3.632  3.466  3.466  3.401  3.497  3.497  3.466  3.401  3.459  3.689  3.664  3.550  3.584  3.434  3.296  3.401  3.367  3.367  3.367  3.605
3.570  3.738  3.526  3.592  3.584  3.367  3.555  3.497  3.638  3.332  3.450  3.578  3.466  3.664  3.555  3.584  3.611  3.497  3.466  3.726  3.664  3.611  3.506  3.490  3.676  3.714  3.401  3.444  3.584  3.434  3.605  3.584  3.611  3.584  3.555  3.664  3.497  3.584  3.401  3.450  3.401  3.550
4.754  4.779  4.511  4.710  4.811  4.700  4.673  4.640  4.605  4.718  4.663  4.654  4.931  4.868  4.916  4.663  4.904  4.766  4.700  4.745  4.898  4.769  4.762  4.804  4.511  4.618  4.644  4.635  4.477  4.677  4.868  4.769  4.580  4.796  4.787  4.736  4.836  4.671  4.804  4.691  4.511  4.756
4.094  4.234  4.108  4.043  3.989  4.025  3.989  4.004  4.094  4.040  4.111  3.985  4.143  4.127  4.078  4.111  4.108  4.060  4.190  4.143  4.246  4.234  3.932  4.234  3.850  3.951  3.957  4.086  3.888  3.892  4.060  4.060  4.159  4.060  4.034  3.932  4.060  3.892  4.004  3.985  3.989  4.111
3.709  3.638  3.829  3.846  3.846  3.555  3.584  3.714  3.784  3.733  3.555  3.829  3.761  3.807  3.784  3.689  3.829  3.733  3.624  3.807  3.970  3.733  3.664  4.025  3.638  3.813  3.733  3.664  3.611  3.611  3.638  3.714  3.839  3.738  3.658  3.555  3.597  3.689  3.526  3.664  3.555  3.664
3.738  3.871  3.784  3.932  3.714  3.784  3.689  3.714  3.829  3.995  3.932  3.902  3.908  4.043  3.932  3.784  3.942  3.932  3.871  4.007  3.738  3.932  3.892  3.824  3.714  3.761  3.658  3.750  3.584  3.684  3.970  3.676  3.807  3.829  3.871  3.813  3.951  3.611  3.784  3.784  3.584  3.757
4.682  4.710  4.530  4.732  4.671  4.663  4.500  4.564  4.554  4.771  4.663  4.541  4.754  4.708  4.868  4.603  4.644  4.615  4.734  4.736  4.700  4.652  4.804  4.727  4.585  4.443  4.585  4.721  4.588  4.511  4.718  4.443  4.538  4.543  4.595  4.682  4.454  4.605  4.552  4.500  4.344  4.562
4.625  4.431  4.431  4.554  4.554  4.458  4.386  4.369  4.500  4.511  4.367  4.434  4.605  4.559  4.595  4.407  4.382  4.419  4.522  4.500  4.522  4.369  4.373  4.394  4.369  4.533  4.248  4.382  4.159  4.094  4.317  4.369  4.585  4.301  4.394  4.464  4.174  4.443  4.263  4.220  4.394  4.428
4.836  4.819  4.828  4.893  4.942  4.771  4.726  4.717  4.736  4.890  4.754  4.868  4.913  5.017  5.017  4.691  4.663  4.898  4.852  4.934  4.844  4.727  4.787  4.879  4.673  4.595  4.727  4.858  4.615  4.745  4.726  4.673  4.691  4.727  4.875  4.804  4.836  4.844  4.779  4.710  4.644  4.644
5.303  5.075  5.187  5.318  5.231  5.109  5.075  5.211  5.106  5.268  5.053  5.159  5.421  5.220  5.318  5.068  5.124  5.030  5.204  5.257  5.257  5.252  5.077  5.142  4.963  5.182  5.094  4.984  4.885  4.894  4.898  5.007  5.165  5.145  5.069  5.100  5.063  5.220  5.011  4.970  5.056  5.165
