3.714  3.632  3.689  3.497  3.638  3.664  3.584  3.497  3.611  3.871  3.490  3.709  3.871  3.664  3.871  3.761  3.638  3.611  3.761  3.784  3.807  3.689  3.638  3.664  3.526  3.526  3.850  3.584  3.584  3.638  3.526  3.584  3.611  3.555  3.671  3.638  3.526  3.332  3.638  3.658  3.611  3.526
3.989  3.638  3.761  3.871  3.871  3.611  3.738  3.738  3.824  3.912  3.761  3.912  3.892  3.773  3.951  3.738  3.664  3.807  3.850  4.007  3.892  3.784  3.689  3.871  3.824  3.714  3.526  3.689  3.664  3.638  3.638  3.689  3.784  3.951  3.757  3.850  3.584  3.689  3.784  3.584  3.578  3.784
5.263  5.130  5.075  5.170  5.100  5.112  5.257  5.298  5.159  5.407  5.197  5.209  5.159  5.147  5.318  5.198  5.153  5.088  5.219  5.193  5.150  5.243  5.198  5.124  5.142  5.030  5.043  4.905  4.977  5.063  5.193  5.011  5.081  5.204  5.333  5.170  5.081  5.198  5.007  5.024  5.068  5.170
5.398  5.226  5.112  5.313  5.159  5.342  5.416  5.308  5.384  5.587  5.389  5.347  5.434  5.384  5.394  5.310  5.308  5.136  5.393  5.307  5.323  5.361  5.288  5.379  5.197  5.195  5.204  5.159  4.963  5.318  5.292  4.811  5.220  5.182  5.384  5.231  5.291  5.252  5.096  5.100  5.118  5.170
4.159  4.394  3.932  4.205  3.951  4.043  3.932  4.057  4.159  4.190  4.127  4.007  4.220  4.263  4.143  4.127  4.220  4.174  4.231  4.159  4.382  4.190  4.103  4.234  3.980  4.143  4.143  3.970  3.908  3.951  3.989  4.040  4.111  4.143  4.094  4.043  4.057  3.932  4.060  3.871  4.108  4.174
3.850  3.912  3.761  3.829  3.951  3.761  3.898  3.961  3.738  3.932  3.784  3.784  3.871  3.912  3.951  3.892  3.850  3.784  3.932  4.205  3.850  3.989  3.985  3.989  3.802  3.871  3.850  3.807  3.829  3.714  3.807  3.989  3.846  3.892  3.932  3.850  3.892  3.932  3.802  3.714  3.689  3.850
3.761  3.664  3.738  3.684  3.638  3.526  3.714  3.714  3.555  3.689  3.497  3.738  3.829  3.784  3.871  3.605  3.611  3.658  3.871  3.829  3.892  3.584  3.689  3.689  3.497  3.611  3.664  3.664  3.526  3.526  3.611  3.584  3.520  3.526  3.611  3.738  3.401  3.664  3.584  3.434  3.611  3.611
3.871  3.807  3.807  3.912  3.829  4.025  3.932  3.892  3.850  4.043  3.761  3.912  4.078  3.850  4.111  3.882  3.932  3.861  4.007  4.016  4.043  3.902  3.912  4.043  3.892  3.912  3.824  3.689  3.714  3.912  3.970  3.761  3.985  3.892  3.850  3.784  3.871  3.761  3.850  3.714  3.664  3.871
3.664  3.555  3.829  3.761  3.658  3.632  3.481  3.638  3.638  3.526  3.367  3.701  3.784  3.784  3.807  3.584  3.658  3.638  3.761  3.807  3.871  3.497  3.611  3.611  3.535  3.466  3.658  3.638  3.332  3.745  3.555  3.638  3.829  3.584  3.738  3.611  3.434  3.584  3.555  3.638  3.526  3.526
3.871  3.555  4.069  3.605  3.839  3.807  3.738  3.888  3.829  3.951  3.638  3.912  4.007  3.888  3.970  3.714  3.684  3.714  3.932  4.048  3.738  3.912  3.967  3.738  3.611  3.611  3.795  3.807  3.733  3.871  3.807  3.980  3.807  3.584  3.664  3.611  3.701  3.584  3.584  3.584  3.638  3.526
3.555  3.497  3.738  3.497  3.512  3.632  3.664  3.555  3.721  3.611  3.401  3.813  3.611  3.645  3.802  3.611  3.570  3.664  3.761  3.784  3.807  3.689  3.466  3.709  3.611  3.466  3.367  3.555  3.434  3.526  3.459  3.611  3.795  3.714  3.401  3.701  3.526  3.395  4.205  3.434  3.459  3.466
3.584  3.497  3.807  3.638  3.757  3.761  3.497  3.761  3.738  3.861  3.466  3.689  3.807  3.892  3.701  3.664  3.638  3.791  3.932  4.043  3.714  3.658  3.757  3.714  3.638  3.490  3.584  3.490  3.367  3.658  3.611  3.611  3.824  3.738  3.824  3.584  3.555  3.497  3.696  3.466  3.564  3.555
3.497  3.550  3.526  3.434  3.555  3.597  3.526  3.624  3.611  3.555  3.296  3.497  3.850  3.689  3.871  3.466  3.638  3.466  3.550  3.605  3.829  3.802  3.714  3.555  3.466  3.466  3.466  3.401  3.497  3.526  3.332  3.555  3.611  3.497  3.664  3.367  3.332  3.332  3.367  3.584  3.332  3.555
3.584  3.807  3.526  3.578  3.526  3.459  3.401  3.497  3.434  3.466  3.258  3.689  3.638  3.555  3.813  3.367  3.526  3.466  3.738  3.784  3.684  3.638  3.434  3.526  3.611  3.497  3.638  3.367  3.466  3.466  3.459  3.592  3.584  3.367  3.611  3.526  3.401  3.497  3.258  3.434  3.466  3.526
3.824  3.970  3.908  3.829  3.761  3.846  3.784  3.850  3.813  3.928  3.784  3.985  4.078  4.094  4.052  3.951  3.912  3.829  3.970  4.205  4.094  3.970  3.784  3.892  3.784  3.829  3.892  3.714  3.761  3.761  3.738  3.908  3.947  3.888  3.892  3.947  3.932  3.824  3.829  3.664  3.802  3.932
3.761  3.829  3.689  3.761  3.967  3.664  3.850  3.761  3.861  4.140  3.689  3.839  4.022  3.932  4.083  3.784  3.807  3.605  3.928  3.932  3.970  3.784  3.802  3.892  3.784  3.611  3.611  3.850  3.689  3.761  3.611  3.892  3.714  3.738  3.892  3.721  3.761  3.664  3.664  3.638  3.835  3.761
3.871  3.928  3.989  4.159  4.043  3.912  3.850  4.007  3.985  4.091  4.004  4.025  4.248  3.989  4.174  3.871  3.989  3.829  4.025  4.159  4.143  3.976  3.942  4.043  3.807  3.970  3.908  3.714  3.761  3.829  3.850  3.780  3.951  3.967  4.043  3.932  3.928  3.932  3.738  3.738  3.908  3.871
4.554  4.422  4.419  4.559  4.595  4.419  4.466  4.489  4.256  4.464  4.443  4.657  4.700  4.554  4.642  4.331  4.419  4.454  4.682  4.564  4.718  4.554  4.595  4.511  4.428  4.344  4.489  4.159  4.159  4.263  4.394  4.682  4.443  4.554  4.575  4.466  4.500  4.413  4.304  4.394  4.337  4.475
4.111  4.034  4.060  4.194  4.007  3.892  4.159  4.060  3.970  3.989  4.040  4.205  4.304  4.369  4.344  4.057  4.043  4.060  4.315  4.205  4.263  3.967  4.143  4.260  3.967  3.989  3.912  3.784  3.871  3.951  4.007  4.060  4.220  4.248  4.127  4.060  4.007  4.007  4.025  3.714  4.094  4.043
3.951  3.912  3.871  4.007  3.912  3.871  3.892  3.871  3.932  4.060  3.970  4.007  4.317  4.220  4.220  3.951  3.932  3.912  4.220  4.111  4.127  4.043  3.912  4.043  4.060  3.912  3.970  3.761  3.871  3.871  3.932  3.928  3.871  3.892  3.989  3.980  3.871  3.970  3.750  3.850  3.871  3.932
5.359  5.142  5.321  5.541  5.283  5.226  5.298  5.170  5.414  5.493  5.333  5.405  5.421  5.459  5.519  5.226  5.298  5.306  5.421  5.549  5.505  5.323  5.384  5.497  5.159  5.235  5.209  5.147  4.942  5.111  5.209  5.204  5.283  5.345  5.338  5.231  5.215  5.352  5.252  5.236  5.351  5.220
5.328  5.403  5.293  5.288  5.338  5.308  5.226  5.204  5.407  5.469  5.525  5.394  5.434  5.493  5.537  5.434  5.263  5.471  5.447  5.384  5.437  5.434  5.493  5.580  5.069  5.142  5.201  5.127  5.100  5.176  5.308  5.242  5.215  5.265  5.328  5.352  5.308  5.346  5.380  5.111  5.170  5.283
