4.449  4.357  4.284  4.344  4.394  4.304  4.277  4.475  4.263  4.500  4.341  4.382  4.682  4.443  4.489  4.394  4.357  4.317  4.605  4.466  4.522  4.331  4.331  4.525  4.205  4.248  4.220  4.205  4.043  4.140  4.344  4.317  4.315  4.288  4.369  4.091  4.248  4.428  4.295  4.304  4.331  4.449
4.787  4.787  4.708  4.726  4.844  4.868  4.836  4.896  4.811  5.037  4.913  4.956  4.934  4.875  4.898  4.883  4.942  4.754  4.762  4.754  4.875  4.804  4.787  4.752  4.663  4.824  4.673  4.745  4.498  4.687  4.762  4.726  4.682  4.808  4.828  4.754  4.654  4.812  4.736  4.585  4.745  4.736
5.053  5.075  4.966  4.771  5.074  5.069  4.940  5.045  4.905  4.920  4.858  5.027  5.273  5.169  5.030  4.913  4.934  5.050  5.055  4.997  5.209  5.017  5.124  5.136  4.820  4.754  4.920  4.963  4.644  4.860  4.963  4.860  4.796  4.762  4.942  4.844  4.949  4.977  4.820  4.828  4.787  4.920
5.218  5.197  5.209  4.883  5.193  5.268  5.215  5.178  5.050  5.214  4.927  5.242  5.361  5.386  5.298  5.043  5.037  5.182  5.283  5.291  5.198  5.198  5.352  5.292  5.030  5.099  5.153  5.075  4.933  5.081  5.313  5.209  4.984  4.963  5.212  5.130  5.187  5.146  5.086  5.042  5.037  5.153
5.697  5.472  5.572  5.720  5.697  5.666  5.464  5.690  5.466  5.775  5.710  5.694  5.663  5.643  5.760  5.447  5.357  5.466  5.615  5.694  5.533  5.537  5.400  5.517  5.464  5.451  5.351  5.356  5.176  5.352  5.529  5.479  5.509  5.438  5.361  5.472  5.509  5.488  5.553  5.435  5.252  5.505
5.481  5.398  5.606  5.666  5.553  5.505  5.488  5.509  5.463  5.678  5.505  5.572  5.624  5.499  5.658  5.439  5.345  5.288  5.513  5.501  5.497  5.472  5.366  5.428  5.360  5.352  5.273  5.183  5.153  5.283  5.394  5.349  5.389  5.513  5.407  5.438  5.380  5.501  5.384  5.280  5.302  5.366
4.828  4.875  4.605  4.769  4.802  4.771  4.893  4.835  4.840  4.828  4.727  4.852  4.844  4.961  5.016  4.905  4.804  4.828  4.691  4.748  4.997  4.898  4.828  4.898  4.836  4.804  4.696  4.654  4.652  4.635  4.956  4.806  4.652  4.811  4.898  4.812  4.771  4.585  4.615  4.736  4.554  4.696
4.443  4.419  4.431  4.369  4.369  4.304  4.308  4.263  4.331  4.500  4.263  4.419  4.477  4.290  4.557  4.382  4.324  4.494  4.443  4.388  4.483  4.382  4.277  4.331  4.227  4.369  4.267  4.344  4.317  4.248  4.369  4.317  4.382  4.354  4.369  4.431  4.466  4.277  5.215  4.277  4.190  4.304
4.530  4.511  4.357  4.297  4.078  4.190  3.989  3.714  3.912  3.892  3.892  3.932  4.007  4.007  4.040  3.867  3.892  3.802  3.912  4.091  4.127  4.094  3.932  4.040  3.829  3.989  3.850  3.871  3.738  3.829  4.078  3.829  3.989  4.111  4.004  3.951  3.970  3.871  3.951  4.263  4.078  4.135
4.354  4.234  4.295  4.174  4.190  4.094  4.335  4.241  4.248  4.382  4.111  4.248  4.466  4.260  4.288  4.367  4.248  4.341  4.304  4.407  4.369  4.454  4.246  4.419  4.057  4.060  4.205  4.220  4.140  4.127  4.190  4.263  4.108  4.263  4.234  4.190  4.277  4.220  4.094  4.127  4.094  4.234
5.027  4.850  4.890  4.968  4.927  5.004  5.069  4.990  4.920  5.136  5.043  5.069  5.130  5.001  5.159  4.858  4.844  4.949  4.956  5.246  5.182  4.926  5.037  4.996  4.654  4.700  4.828  4.682  4.635  4.700  4.977  4.844  5.011  4.937  5.100  4.990  4.898  5.056  4.831  4.898  4.868  4.779
4.220  4.127  4.263  4.270  3.989  4.190  4.248  4.007  4.025  4.394  4.348  4.248  4.246  4.290  4.304  4.238  4.124  4.060  4.248  4.369  4.466  4.288  4.094  4.344  4.205  4.025  4.143  4.043  4.060  4.007  4.025  4.143  4.127  4.127  4.127  4.224  3.951  4.043  4.083  4.111  4.248  4.140
4.449  4.159  4.234  4.248  4.263  4.094  4.007  4.234  4.331  4.522  4.317  4.369  4.533  4.234  4.407  4.197  4.111  4.344  4.489  4.335  4.156  4.277  4.174  4.263  4.025  4.007  4.094  4.174  4.025  4.143  4.220  4.083  4.344  4.127  4.143  4.190  4.174  4.331  4.220  4.248  4.111  4.171
4.828  4.659  4.585  4.796  4.718  4.575  4.559  4.615  4.585  4.796  4.913  4.771  4.812  4.779  4.898  4.700  4.585  4.771  4.804  4.754  4.748  4.727  4.745  4.718  4.570  4.382  4.522  4.654  4.472  4.344  4.663  4.443  4.630  4.585  4.585  4.691  4.595  4.718  4.745  4.605  4.654  4.605
5.056  4.968  4.844  4.883  4.977  4.927  4.980  4.913  4.820  5.072  5.004  4.937  5.220  5.112  5.273  5.037  4.984  4.956  5.063  5.123  5.050  5.106  5.170  5.164  4.836  4.898  4.820  4.898  4.820  4.836  4.987  4.815  4.868  4.942  4.954  4.984  4.942  4.844  4.875  4.913  4.812  4.860
5.204  5.103  5.170  5.159  5.112  5.130  5.118  5.153  4.977  5.121  5.182  5.175  5.298  5.380  5.438  5.088  4.942  5.165  5.236  5.192  5.282  5.231  5.112  5.215  4.934  4.820  5.049  4.990  4.771  4.956  4.984  5.003  5.056  5.081  5.017  5.063  5.094  4.986  5.094  5.063  4.956  5.036
4.190  4.066  4.174  4.190  4.135  4.159  4.094  4.111  3.989  4.344  4.078  4.127  4.290  4.317  4.394  3.951  4.078  4.078  4.127  4.304  4.209  4.202  4.091  4.205  4.040  4.043  4.060  3.970  3.761  3.912  4.094  4.094  4.007  3.985  4.094  4.190  3.970  4.060  4.040  3.892  3.951  3.989
3.829  3.689  3.689  3.611  3.638  3.611  3.638  3.689  3.664  3.761  3.611  3.784  3.807  3.850  3.970  3.726  3.611  3.611  3.892  3.912  3.824  3.807  3.664  3.738  3.689  3.605  3.638  3.497  3.466  3.584  3.466  3.807  3.555  3.584  3.570  3.738  3.526  3.584  3.714  3.497  3.664  3.714
6.343  6.309  6.221  6.394  6.329  6.209  6.138  6.195  6.203  6.408  6.312  6.363  6.387  6.219  6.580  6.096  6.131  6.194  6.332  6.340  6.384  6.231  6.273  6.306  6.127  6.082  6.155  6.103  5.977  6.034  6.139  6.177  6.205  6.350  6.402  6.252  6.220  6.342  6.252  6.105  6.190  6.118
6.482  6.461  6.434  6.483  6.425  6.480  6.454  6.382  6.430  6.648  6.561  6.558  6.718  6.472  6.703  6.346  6.483  6.474  6.466  6.378  6.602  6.488  6.518  6.521  6.358  6.301  6.367  6.285  6.211  6.323  6.416  6.429  6.439  6.444  6.565  6.480  6.390  6.479  6.414  6.399  6.315  6.304
4.509  4.317  4.419  4.500  4.635  4.382  4.443  4.554  4.477  4.710  4.654  4.615  4.625  4.477  4.736  4.511  4.489  4.618  4.575  4.673  4.710  4.543  4.348  4.745  4.511  4.277  4.234  4.190  4.171  4.331  4.301  4.248  4.721  4.554  4.489  4.615  4.190  4.437  4.357  4.357  4.489  4.564
3.912  3.689  3.807  3.850  3.846  3.761  3.850  3.807  3.784  3.932  3.784  3.932  3.802  3.761  3.829  3.738  3.932  3.714  4.127  4.060  3.970  3.892  3.784  3.989  3.932  3.689  3.829  3.795  3.738  3.784  3.714  3.784  3.829  3.867  3.871  3.932  3.738  3.871  3.714  3.773  3.784  3.638
