4.060  4.301  4.277  4.246  4.212  4.190  4.494  4.394  4.443  4.511  4.369  4.443  4.369  4.331  4.443  4.263  4.248  4.127  4.443  4.357  4.511  4.522  4.357  4.357  4.190  4.248  4.277  4.263  4.321  4.174  4.304  4.171  4.143  4.205  4.522  4.304  4.277  4.174  4.290  4.263  4.127  4.331
3.970  3.892  3.892  3.922  3.738  3.791  3.932  3.829  3.714  3.970  3.850  3.912  4.013  3.761  3.807  3.807  3.638  3.761  3.980  4.060  3.932  3.871  3.892  3.757  3.689  3.689  3.850  3.850  3.638  3.664  3.807  3.738  3.761  3.807  3.892  3.912  3.824  3.664  3.867  3.818  3.638  3.871
3.466  3.367  3.367  3.466  3.497  3.434  3.434  3.434  3.401  3.395  3.258  3.466  3.664  3.632  3.664  3.526  3.401  3.434  3.401  3.738  3.555  3.401  3.466  3.434  3.584  3.434  3.526  3.555  3.401  3.332  3.497  3.434  3.526  3.497  3.434  3.418  3.466  3.466  3.401  3.428  3.401  3.466
4.525  4.290  4.315  4.263  4.277  4.382  4.394  4.369  4.363  4.500  4.407  4.382  4.431  4.331  4.500  4.407  4.078  4.394  4.357  4.220  4.489  4.419  4.489  4.357  4.263  4.205  4.277  4.202  4.174  4.256  4.174  4.205  4.369  4.143  4.357  4.382  4.317  4.341  4.301  4.220  4.135  4.263
3.584  3.807  3.584  3.632  3.714  3.761  3.497  3.401  3.584  3.664  3.418  3.638  3.709  3.605  3.761  3.773  3.428  3.526  3.784  3.738  3.638  3.555  3.611  3.664  3.526  3.784  3.526  3.526  3.360  3.555  3.638  3.611  3.526  3.526  3.624  3.526  3.520  3.497  3.401  3.401  3.584  3.490
5.094  4.949  4.926  4.927  4.828  4.913  4.927  4.997  5.043  5.270  5.166  5.118  5.017  4.942  5.170  4.984  4.644  5.037  4.836  4.977  5.027  4.956  4.913  4.963  4.828  4.718  4.762  4.883  4.595  4.663  4.913  4.710  4.944  4.905  4.790  4.942  4.875  4.931  4.852  4.777  4.635  4.883
4.241  4.078  4.124  4.078  3.892  3.970  4.057  4.057  4.111  4.078  3.932  4.078  4.127  4.094  4.234  4.060  4.025  3.902  4.127  4.167  4.231  4.025  3.989  4.078  3.989  4.043  3.850  3.932  3.850  3.932  4.004  4.078  4.074  3.932  3.912  4.083  4.156  3.892  3.871  3.850  4.007  3.970
4.477  4.220  4.344  4.443  4.428  4.317  4.331  4.369  4.331  4.543  4.344  4.431  4.331  4.263  4.511  4.331  4.290  4.205  4.522  4.541  4.410  4.111  4.174  4.328  4.248  4.277  4.205  4.288  3.970  3.985  4.234  4.220  4.311  4.205  4.277  4.156  4.248  4.369  4.350  4.277  4.143  4.394
3.367  3.332  3.434  3.497  3.401  3.296  3.497  3.395  3.367  3.360  3.395  3.450  3.555  3.555  3.638  3.459  3.526  3.428  3.611  4.182  3.466  3.497  3.526  3.434  3.466  3.428  3.367  3.367  3.497  3.135  3.401  3.466  3.475  3.466  3.466  3.367  3.466  3.434  3.296  3.367  3.367  3.332
3.434  3.332  3.332  3.332  3.395  3.332  3.401  3.466  3.466  3.401  3.258  3.401  3.526  3.401  3.584  3.490  3.466  3.773  3.497  4.382  3.555  3.584  3.367  3.550  3.395  3.332  3.466  3.434  3.296  3.332  3.367  3.428  3.401  3.178  3.367  3.258  3.497  3.401  3.367  3.332  3.332  3.497
3.466  3.296  3.434  3.401  3.434  3.367  3.401  3.584  3.367  3.584  3.466  3.526  3.526  3.434  3.466  3.395  3.526  3.434  3.497  3.689  3.555  3.466  3.401  3.658  3.497  3.497  3.367  3.466  3.428  3.578  3.434  3.490  3.332  3.497  3.497  3.401  3.296  3.367  3.434  3.367  3.434  3.550
3.401  3.367  3.367  3.584  3.481  3.434  3.490  3.520  3.332  3.497  3.325  3.367  3.526  3.497  3.638  3.367  3.555  3.367  3.526  3.526  3.611  3.332  3.490  3.367  3.466  3.332  3.638  3.611  3.332  3.520  3.332  3.434  3.401  3.296  3.332  3.219  3.332  3.332  3.178  3.428  3.296  3.367
3.892  3.951  3.761  4.111  3.912  3.871  3.932  4.022  4.043  4.043  3.761  4.127  4.060  4.174  4.159  4.025  4.078  3.829  4.220  4.078  4.179  4.069  3.922  3.867  3.951  3.689  3.839  3.970  3.555  3.638  3.850  3.892  3.784  3.871  4.078  3.829  3.951  3.824  3.807  3.638  3.912  3.970
3.871  3.829  3.871  3.867  3.664  3.850  3.846  3.970  3.829  3.807  3.951  3.912  3.951  4.078  4.007  3.829  3.850  3.908  3.970  3.871  4.004  3.908  3.784  3.784  3.912  3.714  3.761  3.714  3.689  3.684  3.714  3.908  3.882  3.892  3.850  3.957  3.850  3.664  3.757  3.807  3.784  3.761
3.611  3.434  3.466  3.555  3.526  3.367  3.428  3.555  3.550  3.696  3.526  3.466  3.638  3.807  3.676  3.555  3.664  3.497  3.526  3.689  3.795  3.584  3.401  3.664  3.466  3.434  3.638  3.570  3.332  3.497  3.466  3.466  3.555  3.497  3.555  3.466  3.378  3.401  3.497  3.466  3.555  3.367
3.526  3.401  3.684  3.434  3.714  3.466  3.555  3.555  3.497  3.584  3.520  3.584  3.738  3.807  3.714  3.555  3.611  3.526  3.850  3.784  3.689  3.714  3.526  3.611  3.497  3.466  3.434  3.526  3.459  3.526  3.632  3.632  3.466  3.611  3.611  3.584  3.434  3.497  3.550  3.506  3.497  3.434
4.431  4.277  4.263  4.431  4.277  4.274  4.270  4.231  4.357  4.277  4.315  4.363  4.552  4.344  4.564  4.220  4.357  4.220  4.369  4.522  4.573  4.443  4.187  4.431  4.350  4.277  4.227  4.159  4.159  3.989  4.187  4.394  4.357  4.277  4.331  4.431  4.317  4.187  4.263  4.220  4.190  4.331
4.263  4.007  4.094  4.094  4.060  4.091  3.912  4.091  4.127  4.217  4.025  4.057  4.194  4.290  4.290  4.111  4.288  4.174  4.167  4.317  4.263  4.094  4.007  4.094  3.850  4.043  4.007  4.060  3.892  3.951  4.060  4.241  4.143  4.078  4.301  4.078  3.932  4.074  4.187  4.078  3.892  4.022
3.932  4.094  4.007  4.127  4.143  4.127  4.094  3.882  4.401  4.277  3.989  4.094  4.331  4.127  4.217  4.069  4.205  3.985  4.231  4.248  4.344  4.212  4.220  4.174  4.111  3.985  3.892  3.932  3.802  3.970  4.174  4.060  4.335  4.078  4.078  3.989  4.143  4.111  3.989  3.951  4.143  4.060
3.738  3.795  3.807  3.871  3.850  3.784  3.784  3.738  3.807  3.738  3.807  3.871  4.007  4.007  3.912  3.824  3.780  3.689  3.947  3.912  3.932  3.871  3.892  3.761  3.738  3.611  3.761  3.555  3.714  3.813  3.784  3.784  3.850  3.714  3.829  3.850  3.714  3.795  3.750  3.761  3.689  3.664
3.638  3.526  3.619  3.526  3.611  3.434  3.401  3.555  3.684  3.497  3.332  3.624  3.784  3.611  3.709  3.497  3.761  3.497  3.714  3.738  3.664  3.490  3.526  3.638  3.497  3.526  3.401  3.638  3.466  3.401  3.434  3.555  3.434  3.541  3.367  3.497  3.497  3.584  3.555  3.497  3.466  3.367
3.434  3.332  3.466  3.332  3.466  3.332  3.258  3.367  3.434  3.578  3.258  3.367  3.850  3.624  3.784  3.332  3.401  3.296  3.466  3.526  3.738  3.550  3.332  3.296  3.526  3.434  3.428  3.332  3.466  3.178  3.434  3.526  3.497  3.258  3.459  3.497  3.332  3.459  3.219  3.258  3.434  3.332
