5.117  5.118  5.011  4.956  5.106  5.118  5.283  5.030  5.165  5.147  5.094  5.170  5.176  5.088  5.220  5.118  4.970  5.096  5.185  5.075  5.300  5.072  5.094  5.242  4.942  4.860  5.030  4.868  4.787  5.011  5.063  4.909  4.919  4.904  5.147  4.856  5.036  5.127  5.011  4.898  5.063  5.003
4.956  4.734  4.710  4.804  4.852  4.673  4.836  4.754  4.754  4.782  4.905  4.808  4.844  4.786  4.963  4.644  4.699  4.765  4.811  4.860  4.940  4.644  4.682  4.852  4.666  4.615  4.605  4.509  4.575  4.600  4.615  4.700  4.680  4.721  4.756  4.673  4.796  4.708  4.754  4.796  4.431  4.673
4.304  4.452  4.301  4.386  4.407  4.263  4.407  4.477  4.317  4.509  4.437  4.452  4.575  4.466  4.585  4.454  4.344  4.190  4.475  4.533  4.454  4.522  4.549  4.407  4.443  4.274  4.304  4.127  4.060  4.357  4.466  4.452  4.205  4.407  4.357  4.369  4.331  4.212  4.317  4.111  4.190  4.369
5.037  5.011  4.949  4.942  4.898  4.828  5.075  4.990  4.959  4.952  5.080  5.100  5.170  4.997  5.159  4.949  5.069  4.879  5.011  4.942  5.112  5.063  4.961  5.011  4.942  4.994  4.927  4.970  4.779  4.883  4.970  4.852  4.927  4.990  5.086  4.970  4.997  4.887  4.919  4.823  4.745  4.949
6.192  5.982  6.105  6.215  6.125  6.140  6.115  6.121  6.261  6.356  6.215  6.260  6.261  6.115  6.305  6.084  6.087  6.028  6.284  6.263  6.232  6.121  6.138  6.082  6.244  6.122  6.017  6.023  5.948  6.122  6.075  6.050  6.157  6.174  6.201  6.111  6.014  5.876  6.045  6.120  6.132  6.118
5.371  5.287  5.278  5.380  5.236  5.268  5.421  5.298  5.361  5.463  5.380  5.529  5.440  5.347  5.407  5.367  5.455  5.140  5.464  5.455  5.366  5.380  5.371  5.342  5.278  5.398  5.231  5.204  5.153  5.361  5.215  5.323  5.206  5.447  5.540  5.263  5.268  5.027  5.124  5.193  5.222  5.176
4.787  4.700  4.883  4.745  4.769  4.828  4.765  4.905  4.890  4.990  4.804  4.868  4.860  4.820  5.252  4.771  4.779  4.852  4.934  4.949  4.898  4.739  4.605  4.828  4.595  4.603  4.644  4.677  4.511  4.754  4.752  4.782  4.777  4.874  4.852  4.956  4.762  4.836  4.682  4.635  4.443  4.710
4.522  4.477  4.575  4.727  4.443  4.564  4.564  4.647  4.608  4.779  4.593  4.605  4.682  4.726  5.112  4.691  4.522  4.659  4.806  4.741  4.727  4.714  4.687  4.779  4.344  4.466  4.357  4.425  4.382  4.533  4.498  4.554  4.585  4.590  4.564  4.500  4.522  4.317  4.644  4.344  4.407  4.407
4.007  4.043  4.086  3.970  3.951  4.007  4.057  4.078  3.932  4.159  4.127  4.248  4.220  4.156  4.344  4.127  4.060  4.043  4.263  4.202  4.220  4.159  3.970  4.290  4.066  3.976  4.022  3.989  3.850  3.761  4.111  4.022  4.187  4.078  4.025  4.174  4.025  4.174  4.025  3.888  3.989  3.918
4.025  3.892  3.951  4.078  4.007  3.892  4.099  3.967  4.052  4.159  3.871  4.007  4.127  4.205  4.248  4.025  4.220  4.103  4.127  4.277  4.234  3.989  4.078  4.205  3.912  4.025  3.989  3.892  3.951  3.892  3.989  3.928  4.127  4.025  4.060  3.970  4.111  3.912  3.892  3.970  3.951  3.951
3.638  3.871  3.829  3.761  3.846  3.829  3.638  3.714  3.664  3.784  3.466  3.784  3.932  3.807  4.025  3.807  3.892  3.611  3.738  4.060  3.871  3.807  3.638  3.738  3.684  3.555  3.689  3.709  3.497  3.497  3.584  3.638  3.784  3.738  3.784  3.584  3.497  3.526  3.584  3.638  3.664  3.658
3.584  3.584  3.664  3.714  3.611  3.738  3.497  3.584  3.611  3.638  3.332  3.709  3.850  3.802  3.951  3.605  3.497  3.689  3.738  3.871  3.807  3.555  3.526  3.714  3.784  3.555  3.638  3.506  3.434  3.555  3.526  3.555  3.526  3.584  3.526  3.555  3.401  3.466  3.526  3.584  3.466  3.584
4.111  4.595  4.263  4.543  4.454  4.477  4.522  4.324  4.277  4.443  4.174  4.431  4.419  4.416  4.673  4.263  4.317  4.094  4.159  4.394  4.538  4.416  4.466  4.407  4.220  4.217  4.135  4.190  4.288  4.094  4.217  4.401  4.159  4.205  4.419  4.354  4.317  4.190  4.224  4.190  4.190  4.246
5.011  5.017  4.922  5.170  5.037  5.043  5.040  4.979  4.970  5.150  5.069  4.949  5.147  4.997  5.147  5.011  5.094  4.920  5.050  4.952  5.187  5.040  4.881  5.099  4.890  4.843  4.852  4.708  4.691  4.815  4.860  5.081  4.812  4.860  5.024  4.999  4.934  5.069  5.083  4.977  4.828  4.796
4.977  4.792  4.913  5.136  4.883  4.800  4.745  4.968  4.905  4.890  4.868  4.820  5.017  4.999  5.112  4.844  4.595  4.787  5.023  5.063  4.850  4.691  4.762  4.666  4.758  4.771  4.787  4.663  4.489  4.564  4.705  4.779  4.977  4.732  4.585  4.860  4.663  4.718  4.745  4.748  4.866  4.875
4.613  4.369  4.595  4.559  4.443  4.466  4.477  4.419  4.585  4.543  4.511  4.394  4.580  4.522  4.745  4.419  4.472  4.466  4.489  4.585  4.633  4.477  4.357  4.554  4.419  4.304  4.344  4.344  4.212  4.511  4.231  4.344  4.575  4.404  4.570  4.449  4.357  4.284  4.431  4.263  4.443  4.256
6.151  6.127  6.165  6.213  6.223  6.170  6.053  6.145  6.129  6.144  6.203  6.188  6.271  6.046  6.235  6.021  6.125  6.073  6.147  6.180  6.129  6.089  6.105  6.109  6.066  5.919  6.038  5.932  5.886  5.897  5.953  5.996  6.146  6.029  6.059  6.131  5.994  6.192  6.091  6.038  6.196  6.120
5.798  5.787  5.817  5.814  5.694  5.733  5.714  5.666  5.781  5.790  5.796  5.707  5.790  5.790  5.969  5.753  5.808  5.724  5.933  5.777  5.934  5.811  5.835  5.922  5.757  5.544  5.583  5.609  5.537  5.724  5.629  5.730  5.659  5.694  5.736  5.756  5.525  5.756  5.690  5.598  5.737  5.635
4.635  4.317  4.443  4.559  4.431  4.511  4.575  4.410  4.454  4.595  4.511  4.527  4.726  4.654  4.700  4.511  4.466  4.500  4.635  4.598  4.727  4.554  4.554  4.633  4.494  4.505  4.394  4.324  4.335  4.394  4.477  4.394  4.331  4.533  4.583  4.382  4.454  4.369  4.440  4.595  4.331  4.382
4.174  4.086  4.190  4.111  4.190  4.143  4.094  4.074  4.111  4.190  4.357  4.111  4.369  4.363  4.477  3.951  4.111  4.127  4.331  4.212  4.159  4.270  4.111  4.060  3.989  3.892  4.094  4.057  3.928  4.007  4.057  4.159  4.234  4.040  4.025  4.007  4.025  4.043  4.078  4.078  4.060  4.111
4.413  4.357  4.217  4.407  4.466  4.369  4.290  4.324  4.290  4.454  4.263  4.143  4.407  4.357  4.466  4.290  4.317  4.317  4.419  4.554  4.446  4.431  4.367  4.605  4.078  4.174  4.127  4.263  4.205  4.238  4.231  4.615  4.357  4.277  4.337  4.407  4.344  4.407  4.217  4.290  4.190  4.317
5.652  5.434  5.400  5.613  5.606  5.476  5.467  5.527  5.423  5.704  5.513  5.573  5.690  5.517  5.720  5.402  5.352  5.476  5.571  5.730  5.573  5.561  5.620  5.509  5.371  5.283  5.416  5.333  5.193  5.292  5.513  5.565  5.576  5.459  5.415  5.545  5.407  5.609  5.642  5.485  5.338  5.517
