5.226  5.118  5.152  5.225  5.130  5.333  5.303  5.288  5.267  5.403  5.293  5.375  5.421  5.288  5.373  5.263  5.075  5.243  5.338  5.332  5.333  5.212  5.242  5.185  5.118  5.186  5.075  5.176  4.977  5.004  5.231  5.147  5.112  5.086  5.231  5.153  5.176  5.220  5.204  5.112  5.133  5.263
5.521  5.283  5.268  5.357  5.335  5.447  5.370  5.503  5.372  5.328  5.429  5.468  5.445  5.429  5.540  5.357  5.236  5.501  5.429  5.428  5.416  5.338  5.357  5.288  5.247  5.332  5.293  5.283  5.056  5.239  5.283  5.225  5.250  5.254  5.252  5.347  5.344  5.416  5.434  5.308  5.287  5.305
5.068  5.013  4.919  5.011  4.920  5.024  5.050  5.056  4.920  5.187  5.036  5.081  5.108  4.997  5.198  4.913  4.949  4.883  5.242  5.227  5.209  5.238  5.190  5.215  4.854  4.745  4.959  4.754  4.573  4.769  4.959  4.898  5.030  4.875  5.004  4.890  4.819  4.977  4.934  4.828  4.913  4.927
4.554  4.714  4.564  4.564  4.489  4.654  4.593  4.570  4.585  4.727  4.714  4.649  4.745  4.663  4.890  4.615  4.787  4.489  4.700  4.687  4.787  4.615  4.828  4.779  4.583  4.564  4.570  4.464  4.419  4.520  4.771  4.615  4.564  4.533  4.673  4.554  4.691  4.654  4.533  4.489  4.575  4.500
6.646  6.454  6.579  6.510  6.586  6.558  6.550  6.568  6.486  6.657  6.632  6.617  6.644  6.582  6.634  6.521  6.377  6.554  6.533  6.516  6.487  6.429  6.558  6.544  6.382  6.465  6.394  6.458  6.404  6.443  6.583  6.428  6.413  6.517  6.491  6.457  6.547  6.559  6.537  6.554  6.364  6.521
7.292  7.146  7.250  7.265  7.273  7.351  7.256  7.255  7.249  7.338  7.317  7.418  7.283  7.276  7.318  7.207  7.165  7.243  7.258  7.186  7.272  7.210  7.235  7.251  7.172  7.186  7.136  7.194  7.057  7.093  7.217  7.078  7.136  7.225  7.184  7.225  7.232  7.274  7.223  7.210  7.220  7.227
4.613  4.454  4.644  4.700  4.630  4.477  4.543  4.585  4.477  4.682  4.585  4.705  4.649  4.530  4.727  4.290  4.376  4.376  4.654  4.673  4.554  4.575  4.337  4.331  4.428  4.443  4.337  4.554  4.043  4.171  4.489  4.677  4.369  4.564  4.635  4.341  4.419  4.533  4.419  4.331  4.382  4.454
5.140  5.043  5.153  5.142  5.143  5.030  5.142  5.215  4.905  5.407  5.215  5.242  5.147  5.170  5.318  4.954  4.949  5.024  5.247  5.215  5.193  4.898  4.997  5.099  4.975  4.745  4.700  4.771  4.727  4.942  5.063  4.934  5.050  4.990  4.984  4.982  5.081  5.147  5.142  4.860  5.052  5.011
4.927  4.668  4.866  4.663  4.500  5.019  4.811  4.765  4.691  4.804  4.754  4.819  4.745  4.766  4.663  4.887  4.682  4.443  4.804  4.868  4.673  4.771  4.564  4.663  4.694  4.394  4.522  4.685  4.489  4.792  4.687  4.595  4.522  4.630  4.615  4.564  4.419  4.769  4.718  4.554  4.533  4.691
5.561  5.273  5.616  5.445  5.323  5.624  5.472  5.469  5.525  5.568  5.609  5.476  5.577  5.470  5.496  5.317  5.324  5.361  5.482  5.561  5.553  5.323  5.384  5.397  5.421  5.352  5.366  5.493  5.170  5.325  5.318  5.215  5.288  5.403  5.303  5.231  5.190  5.384  5.460  5.388  5.366  5.455
4.357  4.401  4.317  4.500  4.344  4.277  4.394  4.304  4.382  4.464  4.317  4.554  4.500  4.431  4.564  4.304  4.500  4.205  4.407  4.431  4.603  4.357  4.331  4.344  4.248  4.344  4.407  4.187  4.277  4.331  4.317  4.220  4.337  4.554  4.533  4.277  4.248  4.263  4.246  4.171  4.248  4.304
3.664  3.676  3.684  3.611  3.605  3.497  3.761  3.664  3.689  4.007  3.829  3.989  4.304  4.174  4.317  3.611  3.689  3.526  3.689  3.714  3.664  3.795  3.611  3.497  3.584  3.434  3.605  3.466  3.555  3.367  3.658  3.714  3.555  3.638  3.664  3.555  3.526  3.611  3.466  3.434  3.664  3.466
3.689  3.882  3.871  3.867  3.757  3.638  3.839  3.932  3.738  4.083  3.912  3.714  3.871  3.829  4.025  3.714  3.970  3.912  3.871  4.425  4.078  3.709  3.689  4.091  3.664  3.605  3.584  3.555  3.632  3.555  3.611  3.761  3.714  3.689  3.761  3.638  3.714  3.768  3.761  3.526  3.761  3.784
3.611  3.701  3.818  3.689  3.584  3.638  3.750  3.807  3.807  3.861  3.726  3.795  3.689  3.738  3.871  3.784  3.824  3.738  3.664  4.078  3.892  3.807  3.584  3.784  3.611  3.611  3.512  3.638  3.466  3.658  3.466  3.738  3.980  3.638  3.714  3.761  3.664  3.664  3.761  3.497  3.624  3.584
3.738  3.555  3.651  3.664  3.611  3.912  3.611  3.738  3.689  3.684  3.784  3.714  3.802  3.714  3.970  3.638  3.664  3.611  3.689  3.780  3.802  3.684  3.689  3.829  3.611  3.506  3.638  3.584  3.367  3.584  3.497  3.784  3.555  3.597  3.664  3.664  3.497  3.658  3.434  3.795  3.526  3.611
3.434  3.367  3.526  3.555  3.611  3.526  3.434  3.520  3.497  3.605  3.401  3.490  3.605  3.611  3.738  3.466  3.434  3.555  3.555  3.784  3.459  3.638  3.526  3.714  3.367  3.624  3.466  3.497  3.564  3.401  3.526  3.434  3.555  3.466  3.526  3.434  3.466  3.401  3.434  3.332  3.434  3.555
4.369  4.234  4.321  4.357  4.382  4.304  4.263  4.290  4.205  4.248  4.344  4.304  4.511  4.416  4.394  4.094  4.357  4.127  4.382  4.494  4.288  4.344  4.151  4.256  4.234  4.404  4.274  4.159  4.205  4.074  4.143  4.174  4.315  4.202  4.344  4.304  4.094  4.382  4.127  4.078  4.190  4.234
3.850  3.611  3.738  3.664  3.714  3.466  3.689  3.584  3.664  3.761  3.611  3.664  3.850  3.882  3.892  3.584  3.829  3.638  3.738  3.912  3.807  3.526  3.664  3.850  3.584  3.714  3.584  3.664  3.555  3.584  3.638  3.871  3.829  3.664  3.689  3.850  3.689  3.638  3.689  3.761  3.714  3.664
4.483  4.369  4.386  4.220  4.337  4.277  4.317  4.317  4.382  4.331  4.464  4.357  4.543  4.511  4.489  4.331  4.220  4.220  4.564  5.421  4.543  4.466  4.398  4.477  4.224  4.143  4.331  4.190  4.127  4.256  4.407  4.354  4.248  4.205  4.419  4.331  4.288  4.205  4.248  4.394  4.304  4.205
4.635  4.680  4.642  4.732  4.685  4.595  4.644  4.663  4.779  4.691  4.663  4.673  4.700  4.771  4.836  4.477  4.575  4.663  4.848  5.298  4.608  4.673  4.608  4.777  4.489  4.382  4.486  4.585  4.248  4.593  4.541  4.564  4.727  4.673  4.727  4.718  4.533  4.615  4.615  4.575  4.605  4.691
4.277  4.263  4.220  4.386  4.248  4.277  4.205  4.234  4.159  4.407  4.277  4.174  4.605  4.234  4.434  4.159  4.419  4.380  4.382  4.511  4.466  4.394  4.317  4.382  4.099  4.234  4.171  4.094  3.989  4.060  4.159  4.190  4.304  4.290  4.159  4.290  4.205  4.220  4.263  4.108  4.078  4.111
4.205  3.912  4.220  4.224  4.094  4.205  4.052  4.174  4.078  4.246  3.898  4.212  4.246  4.212  4.344  4.078  4.091  4.078  4.234  4.394  4.143  4.159  4.127  4.057  3.922  3.970  3.932  4.025  3.761  3.871  3.951  4.190  4.127  4.111  3.871  4.043  4.043  4.171  4.094  3.892  3.989  4.094
