4.905  4.682  4.736  4.877  4.779  4.942  4.890  4.836  4.771  4.868  4.779  4.828  4.754  4.677  4.868  4.605  4.718  4.682  4.804  4.820  4.783  4.775  4.673  4.836  4.787  4.654  4.654  4.595  4.585  4.554  4.745  4.790  4.796  4.691  4.762  4.905  4.743  4.533  4.583  4.533  4.762  4.812
4.625  4.533  4.464  4.862  4.625  4.913  4.662  4.605  4.533  4.663  4.687  4.625  4.625  4.419  4.663  4.554  4.357  4.382  4.595  4.605  4.640  4.564  4.598  4.605  4.419  4.394  4.425  4.304  4.174  4.382  4.500  4.469  4.585  4.489  4.543  4.543  4.647  4.533  4.373  4.382  4.392  4.533
4.094  3.928  4.091  4.094  3.850  3.912  4.025  3.912  4.007  3.970  3.989  4.078  4.043  3.951  4.043  3.989  3.807  3.850  3.951  4.094  4.234  4.094  3.932  4.007  3.846  3.829  3.850  3.761  3.714  3.850  3.850  3.951  4.025  3.932  3.850  3.970  3.846  3.846  3.761  3.761  3.807  3.970
3.664  3.664  3.932  3.761  3.664  3.638  3.714  3.526  3.584  3.761  3.401  3.714  3.829  3.738  3.807  3.638  3.784  3.555  4.007  3.912  3.829  3.738  3.664  3.807  3.584  3.761  3.664  3.611  3.714  3.795  3.605  3.745  3.738  3.664  3.658  3.714  3.611  3.638  3.761  3.611  3.638  3.638
4.013  3.932  3.871  3.989  3.877  4.043  3.970  3.989  3.908  4.111  3.989  4.060  4.094  4.111  4.127  3.989  4.111  3.932  4.025  3.970  4.205  4.060  4.007  3.989  3.802  3.850  3.912  3.928  3.829  4.031  4.143  3.970  3.784  4.078  3.951  3.932  3.970  3.932  3.871  3.928  3.850  3.846
3.835  3.714  3.761  3.761  3.738  3.780  3.912  3.829  3.738  3.892  3.791  3.850  3.957  3.892  3.951  3.998  3.928  3.689  3.970  3.928  3.892  3.784  3.871  3.888  3.714  3.802  3.555  3.664  3.651  3.738  3.714  3.738  3.818  3.807  4.025  3.738  3.850  3.780  3.684  3.526  3.689  3.664
5.911  5.623  5.838  5.864  5.835  5.823  5.716  5.796  5.794  5.889  5.756  5.805  5.832  5.823  5.878  5.724  5.765  5.687  5.875  5.913  5.930  5.746  5.664  5.700  5.694  5.690  5.595  5.497  5.476  5.541  5.684  5.602  5.771  5.756  5.710  5.673  5.677  5.790  5.652  5.609  5.714  5.831
4.787  4.700  4.687  4.673  4.625  4.635  4.623  4.635  4.703  4.898  4.984  4.812  5.004  4.754  4.893  5.027  4.927  5.050  4.710  4.727  4.736  4.710  4.687  4.691  4.522  4.466  4.530  4.382  4.419  4.410  4.520  4.605  4.625  4.527  4.635  4.489  4.443  4.595  4.369  4.454  4.464  4.511
6.344  6.213  6.225  6.279  6.203  6.236  6.299  6.176  6.260  6.333  6.234  6.292  6.261  6.209  6.337  6.191  6.098  6.201  6.256  6.269  6.292  6.168  6.226  6.295  6.014  6.064  6.047  6.076  5.971  6.023  6.201  6.013  6.145  6.120  6.122  6.161  6.197  6.229  6.122  6.073  6.079  6.409
4.868  4.852  4.836  4.956  4.875  4.736  4.850  4.860  4.790  4.989  4.828  4.942  4.752  4.819  4.926  4.762  4.712  4.673  4.769  4.812  4.927  4.710  4.754  5.017  4.745  4.736  4.710  4.419  4.466  4.595  4.595  4.682  4.691  4.691  4.811  4.625  4.673  4.796  4.635  4.511  4.509  4.654
4.290  4.132  4.357  4.311  4.231  4.295  4.127  4.205  4.220  4.304  4.220  4.277  4.382  4.164  4.277  4.159  3.980  4.190  4.277  4.277  4.369  4.348  4.043  4.220  4.260  3.932  3.989  3.989  3.871  4.060  3.998  4.174  4.094  4.274  4.174  4.108  4.111  4.171  4.140  4.143  4.197  4.202
3.761  3.773  3.970  3.951  3.951  3.985  4.086  3.989  4.159  4.119  3.951  4.013  4.205  4.174  4.060  4.007  3.850  4.007  4.246  4.143  4.043  4.127  4.094  4.174  3.846  3.807  3.850  3.784  3.784  3.850  3.892  4.094  3.714  3.912  4.034  3.871  3.738  3.892  3.892  3.932  3.871  3.951
6.168  6.091  6.136  6.144  6.028  6.144  6.198  6.068  6.111  6.304  6.242  6.196  6.089  6.006  6.217  6.064  6.035  5.883  6.133  6.022  6.292  6.160  6.064  6.244  5.784  5.926  5.808  5.775  5.631  5.901  5.903  5.966  5.969  5.924  6.033  5.919  5.953  5.849  5.940  5.822  5.802  5.814
5.805  5.700  5.948  5.730  5.670  5.892  5.749  5.714  5.720  5.900  5.922  5.743  5.808  5.565  5.823  5.547  5.638  5.595  5.716  5.715  5.922  5.771  5.642  6.037  5.457  5.375  5.318  5.313  5.347  5.602  5.481  5.680  5.594  5.531  5.641  5.650  5.541  5.468  5.619  5.460  5.525  5.525
4.111  4.074  4.220  3.970  4.007  3.892  4.043  3.892  4.078  3.967  3.807  3.970  4.231  4.209  4.220  3.989  4.238  4.060  4.043  4.190  4.111  4.060  4.060  4.174  3.846  3.892  3.932  4.007  3.807  3.829  3.951  4.048  4.007  3.928  3.912  3.970  4.069  3.970  3.784  4.083  4.025  3.967
3.892  3.871  3.689  3.714  3.928  3.846  3.658  4.040  3.726  3.738  3.497  3.714  3.892  3.912  3.995  3.871  3.761  3.871  3.932  3.942  3.951  3.761  3.850  3.932  3.658  3.664  3.784  3.807  3.555  3.658  3.829  3.689  3.761  3.829  3.497  3.761  3.761  3.738  3.466  3.757  3.714  3.757
4.736  4.554  4.927  4.800  4.820  4.787  4.625  4.913  4.883  4.913  5.172  4.727  4.779  4.734  4.963  4.554  4.585  4.836  5.322  4.816  4.852  4.673  4.883  4.828  4.644  4.705  4.477  4.466  4.775  4.920  4.443  4.864  4.754  4.787  4.644  4.625  4.705  4.754  4.862  4.777  4.615  4.598
4.949  4.796  5.094  5.049  4.977  4.984  4.796  4.883  4.868  5.252  5.105  4.927  5.050  4.961  5.263  4.812  4.718  5.011  4.996  5.147  4.927  4.816  4.812  4.913  4.844  4.854  4.787  4.663  4.680  4.727  4.798  4.924  4.996  4.868  4.804  4.718  4.771  4.796  4.762  4.933  4.654  4.827
4.690  4.489  4.762  4.662  4.804  4.852  4.520  5.156  4.564  4.779  4.575  4.663  4.890  4.754  4.927  4.682  4.554  4.610  4.748  4.796  4.690  4.718  4.712  4.771  4.500  4.394  4.605  4.382  4.428  4.382  4.549  4.564  4.654  4.520  4.644  4.635  4.486  4.718  4.554  4.618  4.369  4.691
4.699  4.710  4.804  4.875  5.023  4.890  4.727  5.069  4.848  4.836  4.831  4.875  4.942  5.006  5.036  4.663  4.595  4.798  5.140  5.088  4.990  4.710  4.663  4.927  4.585  4.585  4.654  4.595  4.605  4.644  4.671  4.625  4.840  4.682  4.890  4.745  4.812  4.898  4.787  4.745  4.663  4.796
4.839  4.745  4.745  4.787  4.635  4.819  4.777  4.877  4.718  4.844  4.831  4.804  4.996  4.828  4.828  4.796  4.812  4.554  4.926  4.812  4.843  4.934  4.820  4.828  4.816  4.771  4.762  4.727  4.691  4.682  4.736  4.898  4.654  4.836  4.836  4.762  4.754  4.905  4.779  4.682  4.595  4.820
5.517  5.398  5.293  5.447  5.333  5.412  5.438  5.393  5.352  5.412  5.311  5.394  5.535  5.384  5.559  5.375  5.347  5.283  5.412  5.481  5.498  5.490  5.389  5.557  5.298  5.464  5.308  5.215  5.380  5.231  5.375  5.347  5.407  5.545  5.442  5.366  5.375  5.438  5.124  5.315  5.255  5.416
