5.398  5.246  5.204  5.257  5.263  5.293  5.421  5.112  5.398  5.481  5.291  5.354  5.366  5.288  5.371  5.427  5.017  5.220  5.146  5.094  5.428  5.298  5.223  5.342  5.278  5.242  5.209  5.247  5.043  4.973  5.068  5.142  5.093  5.187  5.238  5.298  5.220  5.219  5.204  5.162  4.977  5.112
4.913  4.796  4.852  4.868  4.745  4.836  4.779  4.762  4.992  5.050  4.844  4.986  4.942  4.942  5.011  4.866  4.575  4.804  4.844  4.927  4.881  4.868  4.743  4.847  4.836  4.745  4.673  4.690  4.407  4.585  4.419  4.758  4.804  4.828  4.736  4.700  4.673  4.700  4.543  4.570  4.543  4.736
5.663  5.313  5.382  5.308  5.425  5.521  5.434  5.513  5.481  5.587  5.342  5.447  5.556  5.447  5.541  5.602  5.269  5.663  5.541  5.493  5.389  5.438  5.324  5.415  5.275  5.293  5.278  5.357  5.193  5.088  5.323  5.236  5.318  5.455  5.236  5.425  5.342  5.497  5.501  5.323  5.226  5.338
4.625  4.443  4.466  4.454  4.407  4.613  4.559  4.373  4.543  4.741  4.220  4.536  4.654  4.663  4.511  4.554  4.419  4.554  4.605  4.635  4.652  4.511  4.386  4.494  4.337  4.382  4.413  4.394  4.290  4.317  4.304  4.357  4.304  4.369  4.274  4.431  4.595  4.344  4.317  4.317  4.248  4.382
5.583  5.602  5.525  5.535  5.642  5.587  5.572  5.529  5.568  5.645  5.595  5.753  5.714  5.799  5.684  5.677  5.493  5.680  5.595  5.595  5.666  5.509  5.587  5.620  5.396  5.424  5.472  5.525  5.308  5.501  5.617  5.517  5.464  5.461  5.416  5.438  5.461  5.606  5.549  5.397  5.347  5.442
4.858  4.934  4.736  4.877  4.804  4.787  4.883  4.775  4.965  5.003  4.868  4.913  4.975  5.186  5.099  4.874  4.717  4.875  4.913  4.881  5.075  4.739  4.904  5.142  4.654  4.727  4.828  4.769  4.687  4.736  4.965  4.717  4.752  4.787  4.779  4.775  4.727  4.811  4.898  4.623  4.613  4.769
5.799  5.606  5.684  5.707  5.693  5.841  5.700  5.706  5.656  5.846  5.932  5.805  5.826  5.790  5.823  5.655  5.537  5.784  5.781  5.659  5.765  5.617  5.727  5.677  5.568  5.595  5.609  5.611  5.283  5.525  5.710  5.425  5.476  5.561  5.595  5.598  5.623  5.659  5.663  5.587  5.380  5.595
4.575  4.440  4.522  4.522  4.369  4.633  4.500  4.652  4.575  4.615  4.745  4.593  4.603  4.736  4.710  4.522  4.407  4.663  4.575  4.585  4.654  4.575  4.511  4.511  4.248  4.344  4.466  4.557  4.350  4.380  4.554  4.290  4.357  4.452  4.477  4.443  4.472  4.489  4.541  4.500  4.290  4.530
4.382  4.256  4.419  4.205  4.357  4.174  4.263  4.331  4.386  4.533  4.357  4.413  4.357  4.511  4.543  4.190  4.248  4.357  4.431  4.437  4.317  4.174  4.260  4.174  4.489  4.317  4.367  4.357  4.317  4.111  4.234  4.304  4.290  4.425  4.382  4.369  4.304  4.284  4.277  4.143  4.220  4.382
4.007  3.807  4.159  3.989  3.892  3.882  4.094  4.043  4.007  4.025  3.892  3.932  4.025  3.951  4.007  3.912  4.143  3.892  3.985  4.078  4.127  3.829  3.829  4.078  3.932  3.738  3.761  3.928  3.689  3.835  3.970  3.951  3.912  3.850  3.951  3.807  3.989  3.784  3.857  3.850  3.871  3.985
5.308  5.011  5.273  4.956  5.242  5.394  4.942  5.118  5.204  5.257  5.159  5.268  5.357  5.215  5.268  5.094  4.682  5.357  5.263  5.209  5.088  4.977  5.112  5.147  4.942  5.024  4.890  5.011  4.419  4.718  4.844  4.860  4.942  5.004  4.954  4.984  4.942  5.242  5.142  5.225  5.017  4.860
4.260  4.369  4.304  4.472  4.573  4.511  4.388  4.475  4.407  4.354  4.440  4.460  4.552  4.498  4.554  4.328  4.317  4.489  4.533  4.610  4.564  4.543  4.522  4.605  4.392  4.179  4.234  4.277  4.007  4.248  4.256  4.431  4.308  4.234  4.328  4.419  4.331  4.301  4.357  4.394  4.321  4.187
4.734  4.700  4.520  4.640  4.625  4.779  4.605  4.543  4.580  4.588  4.673  4.858  4.852  4.663  4.721  4.454  4.321  4.787  4.786  4.662  4.625  4.428  4.554  4.700  4.308  4.522  4.644  4.522  4.143  4.290  4.464  4.220  4.382  4.533  4.494  4.570  4.554  4.509  4.443  4.654  4.475  4.554
3.813  3.784  3.807  3.807  3.802  3.892  3.888  3.802  3.850  3.892  3.846  3.807  3.989  3.989  4.004  3.761  3.912  3.922  3.932  4.040  3.912  3.829  3.942  4.060  3.850  3.714  3.689  3.714  3.555  3.761  3.829  3.867  3.664  3.689  3.970  3.861  3.829  3.850  3.714  3.738  3.829  3.638
5.497  5.438  5.352  5.425  5.460  5.509  5.153  5.354  5.263  5.541  5.460  5.519  5.598  5.429  5.519  5.334  5.165  5.533  5.418  5.372  5.218  5.187  5.361  5.257  5.257  5.133  5.323  5.313  4.975  5.078  5.268  5.069  5.278  5.192  5.094  5.211  5.298  5.455  5.583  5.398  5.089  5.366
4.277  4.315  4.248  4.220  4.369  4.220  4.111  4.159  4.217  4.344  4.295  4.290  4.419  4.248  4.428  4.111  4.060  4.220  4.344  4.509  4.413  4.290  4.290  4.248  4.156  4.025  4.007  4.190  3.829  4.143  4.127  4.091  4.143  4.078  4.317  4.317  4.111  4.288  4.159  4.174  3.898  4.159
4.057  3.802  3.892  3.807  3.985  3.850  3.807  3.970  3.761  4.116  3.871  4.159  3.947  3.892  4.111  3.611  3.689  3.871  3.947  3.970  3.892  3.807  3.892  3.829  3.738  3.651  3.829  3.738  3.541  3.658  3.689  3.867  3.951  3.709  3.791  3.664  3.689  3.892  3.784  3.761  3.689  3.970
3.367  3.332  3.434  3.466  3.497  3.296  3.434  3.434  3.428  3.526  3.332  3.466  3.506  3.466  3.605  3.367  3.526  3.526  3.459  3.555  3.512  3.584  3.497  3.466  3.481  3.296  3.497  3.325  3.332  3.434  3.401  3.434  3.520  3.466  3.434  3.497  3.367  3.332  3.307  3.367  3.401  3.367
4.304  3.989  4.094  4.007  4.034  4.111  3.967  3.807  4.382  4.344  3.918  4.344  4.308  4.187  4.317  4.111  4.074  4.419  4.290  4.341  4.174  4.043  4.060  4.190  4.057  4.022  4.159  4.007  3.829  3.784  3.989  3.871  4.212  4.171  3.970  4.205  4.043  4.043  4.156  4.069  4.111  4.190
3.506  3.466  3.466  3.526  3.466  3.555  3.520  3.555  3.584  3.584  3.520  3.584  3.818  3.807  3.871  3.497  3.526  3.689  3.701  3.871  3.658  3.526  3.611  3.689  3.550  3.497  3.632  3.611  3.497  3.395  3.555  3.490  3.584  3.689  3.584  3.714  3.638  3.466  3.296  3.555  3.497  3.761
4.875  4.625  4.868  4.644  4.844  4.890  4.578  4.828  4.796  4.868  4.905  4.977  5.050  4.868  4.812  4.812  4.543  4.920  4.804  4.836  4.654  4.673  4.762  4.736  4.543  4.682  4.654  4.804  4.494  4.477  4.422  4.564  4.700  4.718  4.657  4.812  4.625  4.787  4.905  4.734  4.511  4.844
3.892  3.867  3.867  3.932  3.846  3.807  3.689  3.850  3.850  3.970  3.829  4.099  3.892  4.140  3.989  3.738  3.850  3.850  3.824  3.892  3.989  3.829  3.738  3.932  3.829  3.761  3.829  3.888  3.638  3.664  3.738  3.638  3.829  3.807  3.714  3.850  3.738  4.025  3.784  3.497  3.784  3.871
