5.182  5.102  5.159  5.220  5.145  5.088  5.066  5.187  5.100  5.153  5.106  5.182  5.075  5.024  5.222  5.106  4.934  5.100  5.061  5.201  5.165  4.970  5.053  5.159  4.920  4.890  5.030  4.806  4.812  4.913  5.030  4.828  5.063  4.984  4.949  4.956  5.037  4.942  4.875  4.942  4.819  5.112
5.080  5.165  5.215  5.236  5.153  5.159  5.182  5.209  5.117  5.153  5.056  5.236  5.112  5.198  5.312  5.112  5.050  5.088  5.298  5.262  5.252  5.201  5.136  5.267  5.050  5.042  4.984  4.898  4.920  4.956  5.150  5.100  5.242  5.198  5.063  5.124  5.153  5.153  4.877  5.037  5.024  5.173
4.304  4.407  4.234  4.394  4.317  4.324  4.422  4.350  4.454  4.466  4.357  4.500  4.564  4.388  4.500  4.350  4.331  4.248  4.564  4.583  4.357  4.416  4.231  4.407  4.290  4.143  4.190  4.127  4.043  4.174  4.263  4.212  4.469  4.174  4.357  4.357  4.321  4.205  4.205  4.190  4.127  4.234
5.091  4.852  5.004  5.021  5.043  4.919  5.078  4.970  5.050  5.147  5.193  5.091  5.176  4.949  5.115  4.963  4.956  4.866  5.011  5.106  4.990  5.142  5.011  4.913  4.920  4.997  4.745  4.796  4.745  4.812  4.875  4.966  4.927  5.030  4.956  4.883  4.806  5.004  4.794  4.819  4.913  4.828
4.644  4.511  4.533  4.522  4.732  4.489  4.460  4.520  4.585  4.718  4.673  4.663  4.844  4.905  4.811  4.718  4.489  4.824  4.595  4.615  4.685  4.419  4.605  4.666  4.407  4.419  4.449  4.628  4.304  4.357  4.541  4.477  4.350  4.419  4.431  4.564  4.533  4.625  4.464  4.644  4.394  4.585
5.043  4.875  4.956  4.710  4.794  4.848  4.717  4.736  4.663  5.120  4.890  4.754  5.016  5.075  5.024  4.779  4.595  5.081  4.804  4.870  4.786  4.723  4.868  4.874  4.644  4.654  4.682  4.959  4.600  4.543  4.792  4.564  4.605  4.654  4.613  4.668  4.654  4.868  5.004  4.927  4.331  4.777
4.868  4.949  4.984  4.595  4.836  4.926  4.877  4.804  4.934  4.934  4.835  4.898  5.024  4.984  5.030  4.783  4.836  4.934  4.977  4.942  4.997  4.905  4.844  4.984  4.798  4.754  4.883  4.889  4.425  4.700  4.835  4.700  4.890  4.850  4.812  4.868  4.852  5.029  5.024  4.779  4.673  4.828
4.220  3.951  4.205  4.164  4.277  4.205  3.967  4.205  4.164  4.187  4.004  4.227  4.205  4.317  4.315  4.127  4.043  4.091  4.304  4.431  4.220  3.989  4.116  4.111  4.238  4.025  3.989  3.985  3.892  4.022  4.060  4.190  4.025  3.892  4.132  4.007  4.040  4.246  4.043  4.052  3.932  3.989
3.989  3.689  3.912  3.784  3.829  3.761  3.850  3.912  3.970  4.078  3.689  3.947  3.989  3.951  4.007  3.738  3.784  3.850  3.892  3.961  3.970  3.850  3.761  3.989  3.750  3.738  3.784  3.871  3.689  3.738  3.807  3.761  3.871  3.824  3.555  3.912  3.795  3.784  3.684  3.829  3.738  3.807
4.179  4.234  4.369  4.288  4.304  4.205  4.025  4.263  4.094  4.404  4.263  4.394  4.454  4.311  4.394  4.234  4.248  4.205  4.464  4.394  4.394  4.394  4.290  4.331  4.234  4.078  4.057  4.159  3.951  4.060  4.127  4.248  4.317  4.248  4.392  4.140  4.394  4.234  4.007  4.043  4.190  4.094
4.997  4.852  4.883  4.942  4.848  4.879  4.820  4.796  4.758  4.883  4.860  4.868  5.056  4.990  4.970  4.726  4.762  4.883  4.990  4.905  4.963  4.823  4.787  4.812  4.700  4.511  4.687  4.682  4.554  4.585  4.723  4.828  4.883  4.812  4.796  4.860  4.913  4.828  4.977  4.771  4.736  4.654
5.425  5.357  5.257  5.347  5.380  5.412  5.361  5.283  5.384  5.366  5.407  5.380  5.529  5.545  5.535  5.338  5.211  5.361  5.438  5.389  5.438  5.352  5.442  5.521  5.169  5.176  5.170  5.138  5.109  5.124  5.320  5.190  5.215  5.263  5.215  5.340  5.342  5.398  5.451  5.288  5.209  5.219
4.007  3.951  4.190  4.043  3.985  4.078  3.867  4.174  3.970  4.234  4.127  4.159  4.328  4.220  4.127  4.052  4.094  4.151  4.043  4.304  4.025  3.871  3.951  4.025  3.951  3.892  4.007  3.970  3.664  3.761  4.220  4.025  4.159  4.127  4.111  4.124  4.234  4.238  4.304  4.127  4.220  4.060
3.892  3.928  3.989  3.912  3.829  3.932  3.867  3.829  3.970  3.951  3.892  4.004  4.007  4.034  4.331  3.980  3.932  3.985  4.127  4.078  4.190  3.871  3.989  3.989  3.738  3.947  3.989  3.714  3.701  3.802  3.761  3.829  3.985  3.932  4.007  3.912  3.738  3.928  3.714  3.850  3.932  4.159
4.511  4.190  4.297  4.394  4.277  4.277  4.212  4.317  4.159  4.394  4.127  4.220  4.220  4.190  4.407  4.205  4.174  3.951  4.263  4.652  4.344  4.234  4.025  4.263  4.194  4.227  4.060  4.040  4.043  4.043  4.111  4.304  4.344  4.288  4.344  4.108  4.057  4.277  3.970  4.007  4.246  4.234
5.412  5.246  5.252  5.403  5.278  5.257  5.397  5.338  5.378  5.425  5.381  5.412  5.505  5.323  5.485  5.278  5.537  5.273  5.404  5.517  5.444  5.434  5.412  5.375  5.263  5.407  5.192  5.050  5.204  5.165  5.265  5.389  5.278  5.380  5.468  5.409  5.394  5.366  5.169  5.170  5.198  5.295
3.871  3.882  3.807  3.807  3.780  3.714  3.784  3.807  4.156  3.839  3.761  3.846  3.824  3.784  4.007  3.871  3.807  3.807  3.784  3.871  3.892  3.892  3.714  4.111  3.773  3.664  3.664  3.714  3.689  3.555  3.932  3.807  3.738  3.761  3.829  3.761  3.645  3.709  3.951  3.807  3.605  3.757
4.156  4.234  4.290  3.970  4.263  4.212  4.060  4.164  4.132  4.739  4.277  4.277  4.505  4.078  4.549  4.234  4.143  4.187  4.274  4.248  4.304  4.277  4.174  4.127  4.057  3.829  3.932  4.124  3.951  4.220  4.190  4.212  4.060  4.127  4.127  4.094  4.094  4.078  4.103  3.970  4.151  4.111
3.689  3.738  3.892  3.871  3.912  3.807  3.664  3.780  3.829  3.867  3.761  3.829  3.892  3.807  4.052  3.738  3.738  3.957  3.784  4.078  3.892  3.892  3.714  3.970  3.850  3.780  3.871  3.664  3.738  3.892  3.714  3.932  3.967  3.807  3.918  3.867  3.689  3.638  3.829  3.526  3.850  3.807
4.060  3.998  4.205  4.238  4.083  4.205  4.111  4.111  4.127  4.127  3.871  4.111  4.290  4.248  4.159  4.078  4.007  4.135  4.220  4.388  4.127  3.912  3.932  4.190  4.043  4.119  3.892  3.807  3.970  4.111  3.989  3.989  4.331  4.205  4.174  4.060  3.784  3.989  4.025  4.060  3.908  4.060
4.174  3.989  4.078  4.143  4.022  4.007  3.989  3.967  4.040  4.060  4.060  4.127  4.220  4.205  4.341  3.951  4.127  4.108  4.317  4.043  4.159  4.078  4.043  4.277  3.892  3.951  3.951  3.784  3.961  3.970  3.932  4.060  4.078  3.947  4.078  3.989  4.007  3.989  3.932  3.892  3.807  3.912
4.263  4.060  4.220  4.477  4.344  4.171  4.174  4.354  4.290  4.533  3.989  4.217  4.511  4.477  4.585  4.202  4.290  4.248  4.449  4.486  4.369  4.392  4.248  4.454  4.143  4.043  3.989  4.111  4.174  4.078  4.171  4.174  4.419  4.127  4.220  4.238  4.043  4.357  4.234  4.094  4.182  4.256
