4.710  4.625  4.700  4.522  4.554  4.554  4.710  4.736  4.605  4.970  4.673  4.951  4.850  4.727  4.913  4.654  4.543  4.745  4.779  4.671  4.762  4.644  4.633  4.794  4.635  4.498  4.443  4.443  4.477  4.407  4.595  4.522  4.625  4.613  4.691  4.573  4.520  4.458  4.511  4.533  4.331  4.593
4.644  4.220  4.575  4.394  4.394  4.382  4.394  4.394  4.425  4.623  4.533  4.498  4.625  4.552  4.522  4.382  4.382  4.431  4.509  4.511  4.503  4.382  4.422  4.220  4.407  4.156  4.246  4.234  4.094  4.174  4.295  4.277  4.341  4.159  4.290  4.369  4.248  4.357  4.288  4.220  4.124  4.382
4.290  4.159  4.220  4.094  4.220  4.344  4.263  4.234  4.270  4.205  4.382  4.317  4.202  4.205  4.466  4.174  4.108  4.220  4.295  4.290  4.382  4.190  4.205  4.060  3.989  4.260  4.094  3.807  3.970  3.951  4.099  4.187  4.205  4.143  3.989  4.344  4.190  4.127  3.989  4.078  3.867  4.304
4.111  4.007  4.066  4.060  4.060  4.127  3.951  4.043  3.928  4.094  3.912  4.007  4.253  4.108  4.386  3.989  3.932  3.989  3.998  4.127  4.174  3.908  3.970  4.108  3.850  3.985  3.807  3.908  3.802  3.850  3.951  4.083  4.007  4.111  4.007  3.951  3.989  3.980  3.850  3.932  4.004  3.892
5.636  5.447  5.455  5.476  5.533  5.370  5.442  5.447  5.525  5.684  5.545  5.503  5.644  5.595  5.642  5.519  5.219  5.497  5.447  5.525  5.485  5.402  5.489  5.553  5.298  5.297  5.278  5.273  5.215  5.263  5.397  5.375  5.412  5.347  5.298  5.389  5.400  5.447  5.476  5.364  5.278  5.403
5.753  5.648  5.572  5.598  5.630  5.706  5.591  5.602  5.588  5.805  5.659  5.781  5.775  5.696  5.768  5.717  5.493  5.720  5.631  5.690  5.826  5.673  5.666  5.719  5.455  5.407  5.513  5.481  5.591  5.576  5.606  5.513  5.553  5.561  5.580  5.602  5.535  5.635  5.652  5.720  5.548  5.647
5.063  4.900  4.966  4.963  4.956  4.920  4.883  5.017  4.954  5.068  5.045  5.043  4.990  5.024  5.102  4.804  4.905  4.958  4.804  4.963  5.039  4.875  4.934  5.050  4.745  4.644  4.828  4.638  4.500  4.522  4.762  4.682  4.663  4.769  4.771  4.875  4.762  4.827  4.883  4.727  4.500  4.762
4.989  4.968  4.745  4.929  4.787  4.828  4.812  4.840  4.896  4.765  4.883  4.902  4.902  4.860  4.982  4.613  4.717  4.913  4.649  4.844  5.042  4.887  4.804  4.949  4.590  4.466  4.718  4.585  4.454  4.673  4.779  4.625  4.585  4.644  4.654  4.727  4.779  4.662  4.796  4.625  4.416  4.727
5.145  5.024  5.030  4.920  4.920  4.949  4.920  4.934  4.927  5.176  5.017  5.165  5.130  5.011  5.069  4.868  4.754  4.868  5.100  5.043  5.043  5.011  4.898  4.984  4.881  4.852  4.934  4.836  4.794  4.852  5.024  4.890  4.963  4.804  4.934  4.927  4.890  5.029  4.905  4.839  4.890  4.900
5.945  5.862  5.781  5.778  5.826  5.861  5.855  5.886  5.852  6.100  5.894  5.911  5.991  5.942  6.011  5.883  5.756  5.784  5.892  5.796  5.915  5.955  5.857  5.914  5.631  5.717  5.757  5.727  5.521  5.687  5.945  5.807  5.856  5.784  5.886  5.832  5.805  5.825  5.710  5.689  5.666  5.741
4.541  4.382  4.419  4.369  4.367  4.205  4.331  4.394  4.341  4.500  4.419  4.392  4.536  4.367  4.419  4.159  4.091  4.348  4.328  4.477  4.407  4.500  4.369  4.290  4.187  4.202  4.124  4.288  4.078  4.013  4.234  4.231  4.174  4.369  4.290  4.317  4.304  4.317  4.354  4.248  4.209  4.522
4.511  4.304  4.477  4.382  4.431  4.489  4.290  4.477  4.288  4.663  4.454  4.595  4.431  4.533  4.498  4.394  4.143  4.511  4.505  4.522  4.431  4.380  4.367  4.486  4.382  4.231  4.281  4.231  4.111  4.290  4.369  4.234  4.344  4.290  4.382  4.466  4.290  4.382  4.454  4.304  4.260  4.159
5.472  5.352  5.375  5.328  5.468  5.468  5.457  5.481  5.509  5.544  5.451  5.517  5.559  5.298  5.557  5.421  5.435  5.303  5.384  5.388  5.468  5.521  5.447  5.539  5.158  5.198  5.347  5.341  5.281  5.257  5.412  5.278  5.265  5.342  5.407  5.460  5.380  5.328  5.324  5.094  5.347  5.333
5.050  4.911  4.860  4.984  5.050  4.741  4.820  4.919  4.787  5.024  4.970  4.913  5.024  4.754  5.029  4.727  4.796  4.984  4.913  4.994  4.945  4.844  5.011  5.106  4.554  4.644  4.819  4.673  4.773  4.564  4.727  4.860  4.595  4.890  4.924  5.017  4.812  4.511  4.970  4.828  4.700  4.754
4.074  4.043  4.111  4.127  4.190  4.069  4.031  4.124  4.043  4.263  4.043  4.060  4.382  4.382  4.382  4.143  4.025  4.159  4.060  4.103  4.277  4.253  4.025  4.248  3.951  4.124  3.932  3.932  3.970  3.871  4.007  4.078  3.989  4.040  4.220  4.078  4.078  3.871  4.078  4.004  3.912  4.234
4.357  4.159  4.317  4.443  4.344  4.344  4.344  4.234  4.212  4.416  4.246  4.419  4.331  4.419  4.554  4.431  4.290  4.344  4.419  4.511  4.419  4.317  4.248  4.354  4.078  4.174  4.078  4.151  4.007  4.086  4.111  4.127  4.140  4.263  4.057  4.277  4.111  4.094  4.260  4.290  3.912  4.127
4.159  4.143  4.043  4.174  4.099  4.025  4.094  4.174  4.007  4.078  4.091  4.190  4.407  4.248  4.220  4.174  4.205  3.970  3.989  4.108  4.174  4.091  4.078  4.277  3.989  4.043  4.025  3.912  4.007  4.025  3.932  4.043  4.197  4.007  4.040  4.159  4.025  4.078  3.989  4.007  4.043  3.989
4.394  4.277  4.220  4.231  4.277  4.483  4.231  4.382  4.382  4.494  4.369  4.440  4.454  4.380  4.595  4.143  4.394  4.440  4.277  4.431  4.575  4.522  4.143  4.472  4.277  4.369  4.143  4.217  4.143  4.270  4.263  4.190  4.394  4.394  4.220  4.533  4.248  4.231  4.205  4.190  4.127  4.290
4.522  4.344  4.382  4.585  4.533  4.394  4.263  4.564  4.263  4.500  4.525  4.522  4.564  4.595  4.682  4.394  4.369  4.394  4.498  4.657  4.382  4.564  4.297  4.522  4.354  4.354  4.304  4.331  4.174  4.234  4.388  4.376  4.466  4.443  4.489  4.428  4.234  4.382  4.174  4.466  4.331  4.290
4.717  4.382  4.642  4.644  4.477  4.718  4.595  4.615  4.585  4.804  4.754  4.615  4.787  4.771  4.663  4.608  4.652  4.500  4.860  4.942  4.771  4.787  4.575  4.691  4.413  4.454  4.394  4.483  4.691  4.394  4.662  4.836  4.700  4.489  4.812  4.533  4.489  4.469  4.477  4.419  4.466  4.489
4.382  4.290  4.644  4.394  4.443  4.520  4.477  4.419  4.575  4.489  4.575  4.522  4.673  4.585  4.779  4.472  4.454  4.466  4.663  4.585  4.654  4.500  4.443  4.458  4.341  4.263  4.344  4.337  4.127  4.431  4.344  4.341  4.489  4.369  4.382  4.407  4.382  4.419  4.407  4.437  4.344  4.328
4.533  4.585  4.642  4.511  4.511  4.431  4.562  4.460  4.682  4.554  4.736  4.598  4.718  4.644  4.898  4.522  4.575  4.573  4.773  4.710  4.804  4.615  4.452  4.754  4.394  4.317  4.522  4.357  4.328  4.652  4.357  4.554  4.595  4.304  4.564  4.454  4.595  4.500  4.344  4.460  4.554  4.394
