5.724  5.407  5.487  5.505  5.631  5.775  5.693  5.661  5.768  6.006  5.670  5.756  5.753  5.631  5.690  5.565  5.521  5.537  5.753  5.617  5.649  5.580  5.468  5.497  5.442  5.533  5.561  5.545  5.322  5.517  5.472  5.557  5.576  5.496  5.737  5.580  5.557  5.648  5.485  5.624  5.545  5.620
6.177  5.864  5.900  5.956  6.071  6.004  6.126  6.113  6.091  6.457  6.211  6.184  6.054  6.096  6.098  5.951  5.866  6.046  6.163  6.134  6.004  5.953  5.841  5.915  5.836  5.765  5.952  5.927  5.687  5.975  5.852  5.740  5.964  5.787  6.094  5.994  5.886  6.107  6.091  5.996  5.844  5.948
4.625  4.407  4.522  4.357  4.635  4.443  4.369  4.466  4.452  4.570  4.454  4.615  4.522  4.730  4.514  4.382  4.277  4.386  4.477  4.700  4.538  4.354  4.234  4.394  4.357  4.369  4.357  4.205  4.094  4.416  4.382  4.382  4.331  4.304  4.437  4.382  4.357  4.392  4.369  4.419  4.422  4.522
5.455  5.306  5.451  5.501  5.288  5.587  5.549  5.481  5.451  5.541  5.521  5.545  5.595  5.549  5.624  5.442  5.394  5.352  5.466  5.537  5.572  5.398  5.423  5.384  5.357  5.352  5.340  5.212  5.220  5.220  5.373  5.323  5.442  5.407  5.394  5.375  5.438  5.389  5.468  5.282  5.472  5.416
6.479  6.153  6.455  6.425  6.270  6.407  6.413  6.362  6.440  6.472  6.214  6.479  6.460  6.258  6.433  6.229  6.207  6.280  6.468  6.366  6.466  6.394  6.194  6.319  6.279  6.161  6.122  6.040  5.932  5.968  6.138  6.189  6.260  6.342  6.324  6.244  6.131  6.215  6.161  6.102  6.134  6.337
6.038  5.826  6.054  6.120  5.928  5.911  6.059  6.059  6.057  6.176  5.872  6.159  5.971  5.826  6.073  5.866  5.935  5.844  6.061  6.094  6.111  5.999  5.889  5.916  5.986  5.964  5.762  5.694  5.517  5.700  5.629  5.787  5.855  5.905  5.897  5.918  5.680  5.799  5.587  5.744  5.766  5.963
5.118  4.911  4.762  4.875  4.920  4.977  4.864  4.796  4.986  5.011  5.034  4.970  5.017  5.049  4.973  4.956  4.654  4.963  4.890  5.081  4.898  4.779  4.868  4.968  4.745  4.787  4.828  4.743  4.662  4.595  4.844  4.762  4.804  4.771  4.628  4.977  4.812  4.754  4.860  4.819  4.522  4.812
4.205  4.220  4.060  4.143  4.290  4.304  4.205  4.143  4.143  4.108  4.127  4.394  4.443  4.317  4.331  4.111  4.060  4.143  4.190  4.159  4.304  4.317  4.331  4.335  4.143  4.171  4.143  3.867  4.127  4.187  4.357  4.103  4.094  3.970  4.174  4.108  4.174  4.108  4.043  3.989  4.007  4.057
5.861  5.665  5.817  5.843  5.864  5.765  5.762  5.793  5.784  5.949  5.811  5.935  5.872  5.686  5.878  5.667  5.606  5.743  5.829  5.811  5.797  5.684  5.666  5.626  5.565  5.663  5.676  5.704  5.347  5.500  5.675  5.634  5.746  5.717  5.688  5.775  5.638  5.720  5.666  5.577  5.698  5.900
5.182  5.017  5.215  5.130  5.142  5.037  5.024  5.136  5.088  5.212  5.147  5.234  5.241  5.161  5.204  5.043  5.007  4.898  5.182  5.212  5.011  5.096  4.961  5.075  5.039  5.118  4.898  4.905  4.828  4.898  4.920  4.990  5.136  5.050  5.056  5.100  4.934  5.126  4.898  4.913  4.984  4.963
4.500  4.615  4.605  4.642  4.615  4.404  4.615  4.605  4.694  4.682  4.578  4.700  4.836  4.635  4.782  4.593  4.635  4.564  4.691  4.771  4.787  4.605  4.533  4.644  4.615  4.454  4.464  4.290  4.454  4.618  4.575  4.522  4.663  4.603  4.552  4.564  4.543  4.615  4.489  4.454  4.509  4.494
5.118  4.942  5.153  5.209  4.997  4.990  5.042  5.081  5.185  5.204  5.162  5.153  5.182  4.977  5.275  4.934  5.024  5.029  5.118  5.247  5.176  5.094  5.081  5.017  5.147  4.949  4.920  4.862  4.844  4.710  4.927  4.868  4.984  4.970  5.063  5.043  4.905  4.942  4.890  4.786  4.931  5.039
4.516  4.431  4.369  4.369  4.431  4.304  4.151  4.449  4.311  4.554  4.344  4.382  4.440  4.489  4.498  4.234  4.238  4.472  4.331  4.317  4.533  4.263  4.357  4.419  4.159  4.159  4.143  4.174  4.007  4.127  4.187  4.248  4.394  4.277  4.220  4.304  4.190  4.190  4.187  4.205  4.205  4.260
4.190  4.190  4.074  4.174  4.086  4.159  4.127  4.078  4.127  4.234  4.317  4.248  4.489  4.267  4.437  4.143  4.277  4.274  4.220  4.248  4.317  4.209  4.143  4.248  3.932  3.892  3.967  3.961  3.850  3.989  3.892  4.060  4.217  4.094  4.007  4.205  4.127  3.951  4.060  4.043  3.947  3.970
3.738  3.689  3.784  3.932  3.807  3.761  3.664  3.784  3.714  3.951  3.738  3.784  3.861  3.846  3.871  3.733  3.761  3.807  3.892  3.802  3.892  3.664  3.738  3.912  3.592  3.638  3.555  3.689  3.689  3.738  3.638  3.611  3.689  3.658  3.638  3.555  3.768  3.611  3.761  3.584  3.638  3.738
3.784  3.761  3.871  3.970  4.025  3.850  3.784  3.784  3.664  3.714  3.597  3.850  3.922  3.850  3.871  3.611  3.714  3.584  3.738  3.908  3.888  3.738  3.784  3.871  3.733  3.526  3.645  3.611  3.584  3.714  3.555  3.714  3.761  3.745  3.761  3.584  3.757  3.611  3.611  3.696  3.638  3.638
4.905  4.844  4.745  4.796  4.762  4.771  4.820  4.743  4.682  4.796  4.727  4.905  4.794  4.927  4.868  4.595  4.752  4.927  4.871  4.940  4.933  4.787  4.913  4.963  4.585  4.593  4.552  4.489  4.564  4.562  4.673  4.554  4.883  4.549  4.673  4.752  4.654  4.682  4.743  4.726  4.554  4.700
4.816  4.754  4.812  4.758  4.635  4.771  4.663  4.732  4.605  4.727  4.682  4.796  4.696  4.779  4.796  4.533  4.654  4.718  4.762  4.736  4.875  4.820  4.792  4.820  4.682  4.673  4.536  4.578  4.344  4.419  4.595  4.682  4.644  4.593  4.682  4.700  4.578  4.585  4.615  4.466  4.564  4.736
3.689  3.651  3.738  3.658  3.638  3.761  3.738  3.761  3.709  3.784  3.638  3.761  3.807  3.784  3.802  3.738  3.784  3.611  3.761  3.761  3.802  3.738  3.757  3.757  3.738  3.664  3.689  3.761  3.434  3.638  3.638  3.490  3.738  3.714  3.584  3.611  3.638  3.714  3.611  3.555  3.867  3.689
3.714  3.738  3.761  3.714  3.664  3.638  3.684  3.689  3.638  3.807  3.850  3.658  3.951  3.912  3.829  3.638  3.773  3.807  3.784  3.784  3.857  3.912  3.714  3.611  3.664  3.761  3.638  3.689  3.638  3.584  3.658  3.611  3.871  3.689  3.738  3.761  3.807  3.632  3.611  3.466  3.684  3.829
4.394  4.190  4.348  4.078  4.190  4.159  4.127  4.190  4.174  4.260  4.205  4.376  4.304  4.220  4.357  4.094  4.159  4.317  4.234  4.171  4.263  4.190  4.205  4.190  4.025  4.159  4.167  4.094  3.970  3.970  4.205  4.043  4.328  4.094  4.111  4.060  4.060  4.194  4.124  4.317  3.932  4.205
5.398  4.934  5.193  5.187  5.182  5.158  5.004  5.142  5.193  5.298  5.231  5.242  5.300  5.236  5.242  5.112  5.026  5.306  5.257  5.398  5.170  5.142  5.074  5.278  5.011  5.003  4.987  5.170  5.040  5.004  5.075  4.949  5.231  5.058  5.123  5.118  5.061  5.212  5.244  5.257  5.075  5.118
