6.328  6.753  6.221  5.642  6.361  6.649  6.818  6.418  6.552  6.659  6.623  6.512  6.794  6.621  6.675  6.706  6.676  6.514  6.441  6.046  6.701  6.758  6.679  6.739  6.291  6.382  6.594  6.508  6.636  6.650  6.673  6.421  6.009  6.537  6.605  6.713  6.805  6.375  6.300  6.498  6.068  6.304
4.369  4.246  4.174  3.989  4.246  4.140  4.460  4.277  4.288  4.454  4.454  4.317  4.522  4.413  4.483  4.315  4.357  4.324  4.431  4.227  4.554  4.533  4.263  4.489  4.004  4.094  4.167  4.151  4.317  4.205  4.159  4.025  3.908  4.354  4.179  4.331  4.290  4.127  4.234  4.290  3.871  4.143
6.839  6.644  6.732  6.713  6.718  6.848  6.766  6.797  6.789  6.858  6.727  6.850  6.816  6.757  6.795  6.724  6.680  6.775  6.823  6.700  6.748  6.717  6.631  6.707  6.738  6.797  6.656  6.642  6.545  6.655  6.695  6.707  6.658  6.814  6.813  6.729  6.724  6.737  6.572  6.731  6.620  6.747
5.900  5.894  5.798  5.897  5.841  5.994  5.859  5.844  5.979  5.958  5.900  5.938  5.953  5.838  5.866  5.845  5.756  5.771  5.955  5.775  5.958  5.838  5.775  5.843  5.846  5.889  5.829  5.576  5.673  5.628  5.790  5.808  5.740  5.886  5.901  5.875  5.810  5.684  5.486  5.591  5.675  5.795
7.729  7.426  7.553  7.333  7.471  7.612  7.537  7.663  7.735  7.867  7.685  7.816  7.803  7.652  7.712  7.637  7.300  7.638  7.730  7.476  7.496  7.416  7.593  7.490  7.488  7.575  7.578  7.599  7.214  7.437  7.500  7.164  7.461  7.533  7.461  7.588  7.546  7.560  7.484  7.658  7.341  7.623
5.505  5.403  5.421  5.083  5.100  5.389  5.670  5.521  5.568  5.710  5.590  5.652  5.762  5.501  5.557  5.481  5.198  5.342  5.517  5.170  5.440  5.298  5.429  5.481  4.913  5.257  5.281  5.009  5.036  5.069  5.138  4.877  4.942  5.120  5.017  5.277  5.307  5.021  4.913  5.069  4.824  5.124
7.385  7.130  7.266  6.923  7.323  7.281  6.925  7.141  7.098  7.465  7.444  7.324  7.349  7.347  7.330  7.216  6.706  7.353  7.132  7.020  6.946  6.735  7.001  6.948  6.738  6.966  7.002  7.075  6.658  6.751  7.033  6.575  6.734  6.934  6.828  7.035  6.955  7.112  7.163  7.207  6.743  7.068
5.796  5.840  5.548  5.335  5.759  5.838  5.394  5.478  5.663  5.958  6.011  5.852  5.924  6.028  5.979  5.872  5.303  5.719  5.602  5.313  5.617  5.352  5.737  5.705  5.312  5.416  5.591  5.434  5.209  5.412  5.768  5.088  5.106  5.533  5.342  5.694  5.489  5.525  5.670  5.597  5.209  5.442
5.004  4.893  4.794  4.905  5.056  4.866  4.718  4.905  4.898  4.710  4.454  4.605  4.970  4.977  4.963  4.820  4.615  4.920  4.927  4.973  4.931  4.691  4.718  4.949  4.718  4.769  4.575  4.575  4.530  4.549  4.625  4.644  4.828  4.796  4.762  4.860  4.773  4.844  4.787  4.771  4.820  4.905
4.673  4.745  4.630  4.625  4.682  4.554  4.613  4.710  4.595  4.431  4.190  4.124  4.771  4.727  4.736  4.446  4.500  4.727  4.673  4.635  4.727  4.564  4.466  4.819  4.583  4.466  4.367  4.369  4.382  4.331  4.466  4.416  4.454  4.575  4.431  4.533  4.489  4.543  4.500  4.663  4.530  4.642
5.900  5.690  5.697  5.438  5.778  5.817  5.849  5.749  5.720  5.892  5.780  5.819  5.891  5.784  6.087  5.667  5.568  5.781  5.778  5.656  5.690  5.670  5.753  5.755  5.323  5.476  5.598  5.448  5.228  5.416  5.434  5.323  5.291  5.595  5.455  5.694  5.605  5.593  5.513  5.678  5.298  5.501
3.761  3.951  3.733  3.807  3.761  3.761  3.871  3.664  3.584  3.761  3.689  3.902  3.989  3.932  4.060  3.784  3.829  3.757  3.757  3.850  3.888  3.989  3.761  3.976  3.761  3.892  3.757  3.689  3.584  3.658  3.701  3.611  3.611  3.784  3.807  3.784  3.761  3.689  3.757  3.761  3.526  3.611
6.023  5.680  5.881  5.759  5.826  5.875  5.560  5.759  5.707  5.846  5.771  5.915  5.924  5.846  5.846  5.571  5.380  5.762  5.883  5.892  5.670  5.485  5.620  5.642  5.423  5.658  5.550  5.549  5.268  5.332  5.545  5.256  5.580  5.497  5.521  5.544  5.562  5.612  5.652  5.620  5.529  5.647
5.333  5.112  5.236  5.277  5.278  5.246  5.233  5.308  5.263  5.352  5.438  5.346  5.394  5.366  5.476  5.047  5.088  5.257  5.302  5.293  5.407  5.136  5.366  5.438  4.890  5.088  5.069  4.905  4.877  4.968  4.984  4.911  5.130  4.934  4.997  5.293  4.940  5.059  5.094  5.075  4.898  5.094
3.989  3.947  4.190  4.094  4.290  4.159  3.989  3.989  4.190  4.190  3.932  4.111  4.304  4.205  4.317  4.060  3.892  4.060  4.344  4.344  4.290  4.078  4.127  4.111  3.970  4.060  3.967  4.007  3.824  4.043  3.928  4.007  4.078  4.004  3.989  4.025  3.970  3.951  3.829  3.932  4.043  4.099
3.807  3.980  3.967  4.078  4.060  4.094  3.664  4.078  4.187  3.892  3.912  4.074  4.290  4.159  4.425  4.025  4.043  4.007  4.277  4.167  4.248  3.951  4.025  3.970  3.951  4.025  3.989  3.761  3.784  3.892  4.057  3.970  4.127  3.970  3.871  3.970  3.932  4.007  3.928  3.784  3.829  3.888
6.771  6.480  6.835  6.792  6.911  6.915  6.703  6.883  6.952  6.933  6.701  6.989  6.967  6.797  7.089  6.623  6.528  6.795  7.104  6.914  6.721  6.554  6.639  6.609  6.762  6.844  6.616  6.639  6.378  6.501  6.387  6.450  6.795  6.851  6.661  6.763  6.678  6.830  6.476  6.685  6.778  6.948
5.231  5.108  5.462  5.455  5.483  5.631  5.590  5.445  5.675  5.591  5.323  5.750  5.733  5.540  5.820  5.308  5.323  5.380  5.839  5.509  5.583  5.338  5.481  5.403  5.591  5.635  5.398  5.136  5.142  5.236  5.100  5.231  5.278  5.553  5.421  5.489  5.451  5.278  5.170  5.268  5.429  5.501
7.399  7.195  7.256  7.319  7.389  7.405  7.183  7.323  7.255  7.413  7.463  7.410  7.401  7.373  7.408  7.311  7.041  7.479  7.385  7.334  7.171  7.222  7.419  7.421  7.241  7.351  7.362  7.483  7.162  7.231  7.393  7.074  7.361  7.334  7.215  7.385  7.337  7.454  7.398  7.473  7.229  7.399
5.673  5.673  5.537  5.695  5.669  5.796  5.690  5.697  5.707  5.807  5.768  5.763  5.892  5.919  5.771  5.835  5.580  5.784  5.938  5.749  5.690  5.624  5.878  5.822  5.743  5.712  5.822  5.680  5.434  5.670  5.687  5.425  5.586  5.659  5.541  5.820  5.737  5.755  5.602  5.727  5.509  5.677
5.533  5.481  5.559  5.724  5.649  5.670  5.447  5.625  5.654  5.669  5.627  5.704  5.690  5.634  5.672  5.457  5.497  5.537  5.699  5.656  5.591  5.606  5.513  5.485  5.600  5.688  5.586  5.690  5.398  5.424  5.463  5.389  5.654  5.600  5.529  5.602  5.505  5.558  5.497  5.375  5.493  5.434
4.171  4.369  4.354  4.357  4.344  4.369  4.369  4.369  4.369  4.295  4.174  4.392  4.304  4.380  4.419  4.190  4.248  4.284  4.331  4.357  4.511  4.290  4.290  4.483  4.341  4.277  4.220  4.197  4.127  4.288  4.167  4.263  4.341  4.431  4.498  4.369  4.357  4.449  4.472  4.094  4.277  4.078
