7.326  7.125  7.166  6.895  7.218  7.313  7.102  6.908  7.195  7.211  7.323  7.195  7.248  7.214  6.982  7.254  6.845  7.298  7.124  6.976  6.933  7.016  7.201  7.124  7.034  7.068  6.997  7.203  6.957  7.093  7.072  6.737  6.913  7.090  6.844  7.103  7.321  7.248  7.131  7.208  6.845  7.182
6.052  5.903  5.916  5.820  5.927  6.103  5.846  5.555  6.021  5.922  6.082  5.835  5.964  5.976  5.635  5.938  5.617  5.832  5.932  5.727  5.822  5.927  5.932  6.043  5.715  5.666  5.607  5.722  5.617  5.656  5.759  5.659  5.690  5.872  5.576  5.881  6.059  5.866  5.841  5.805  5.497  5.784
6.646  6.374  6.507  6.252  6.479  6.520  6.524  6.420  6.510  6.596  6.491  6.586  6.470  6.474  6.526  6.385  6.317  6.558  6.449  6.368  6.407  6.389  6.387  6.349  6.359  6.386  6.385  6.331  6.234  6.292  6.304  6.225  6.273  6.415  6.402  6.439  6.428  6.363  6.363  6.426  6.182  6.457
5.591  5.469  5.455  5.209  5.412  5.545  5.491  5.416  5.576  5.568  5.447  5.544  5.541  5.525  5.545  5.396  5.303  5.438  5.513  5.374  5.438  5.330  5.342  5.346  5.317  5.375  5.407  5.313  5.263  5.247  5.257  5.198  5.198  5.361  5.308  5.422  5.384  5.220  5.209  5.283  5.118  5.424
7.800  7.608  7.646  7.559  7.682  7.715  7.596  7.651  7.699  7.794  7.735  7.764  7.731  7.657  7.735  7.633  7.403  7.717  7.684  7.539  7.555  7.458  7.507  7.547  7.582  7.639  7.603  7.631  7.386  7.509  7.586  7.381  7.482  7.619  7.629  7.569  7.635  7.624  7.543  7.646  7.507  7.646
7.357  7.246  7.225  7.157  7.224  7.330  7.304  7.221  7.320  7.476  7.358  7.421  7.335  7.301  7.370  7.248  7.119  7.263  7.320  7.183  7.351  7.205  7.150  7.208  7.132  7.129  7.187  7.128  7.009  7.140  7.197  7.050  7.090  7.263  7.244  7.248  7.287  7.112  7.121  7.169  7.114  7.224
6.901  6.580  6.758  6.719  6.756  6.703  6.704  6.735  6.743  6.897  6.782  6.882  6.753  6.654  6.821  6.654  6.539  6.714  6.864  6.744  6.752  6.682  6.655  6.644  6.575  6.694  6.615  6.574  6.468  6.450  6.604  6.492  6.569  6.714  6.667  6.653  6.615  6.709  6.650  6.759  6.548  6.721
6.107  5.793  5.811  5.852  5.924  5.964  5.948  5.911  5.922  6.166  6.059  6.035  6.118  6.035  6.096  5.986  5.889  6.078  6.248  6.047  6.155  6.466  6.512  6.445  5.808  5.871  5.949  5.897  5.659  5.819  5.799  5.687  5.727  5.875  5.777  5.905  5.928  5.883  5.805  5.900  5.753  5.796
7.865  7.638  7.732  7.714  7.814  7.829  7.747  7.741  7.778  7.911  7.842  7.889  7.870  7.741  7.796  7.722  7.582  7.802  7.824  7.742  7.738  7.684  7.696  7.703  7.705  7.789  7.706  7.766  7.580  7.617  7.695  7.617  7.763  7.760  7.771  7.762  7.773  7.795  7.757  7.777  7.684  7.771
7.521  7.475  7.393  7.425  7.490  7.553  7.573  7.480  7.547  7.672  7.665  7.652  7.664  7.507  7.616  7.499  7.472  7.496  7.567  7.460  7.607  7.531  7.535  7.603  7.392  7.519  7.505  7.488  7.380  7.435  7.523  7.494  7.406  7.562  7.577  7.535  7.533  7.439  7.444  7.401  7.377  7.389
6.513  6.097  6.341  6.308  6.297  6.377  6.193  6.339  6.255  6.399  6.284  6.390  6.365  6.161  6.397  6.116  6.170  6.301  6.347  6.324  6.310  6.172  6.180  6.148  6.326  6.351  6.183  6.251  6.091  6.105  6.052  6.163  6.188  6.272  6.201  6.182  6.192  6.297  6.159  6.284  6.292  6.328
5.833  5.565  5.799  5.866  5.795  5.811  5.738  5.787  5.805  5.894  5.799  5.941  5.863  5.746  5.855  5.521  5.683  5.814  5.905  5.861  5.811  5.645  5.673  5.659  5.858  5.839  5.557  5.533  5.434  5.617  5.489  5.517  5.814  5.759  5.652  5.647  5.622  5.609  5.663  5.618  5.710  5.749
7.245  7.180  7.122  7.138  7.193  7.209  7.149  7.089  7.140  7.283  7.217  7.249  7.277  7.171  7.250  7.142  6.988  7.232  7.205  7.155  7.106  7.055  7.095  7.075  7.151  7.187  7.115  7.223  6.995  7.005  7.116  6.931  7.132  7.197  7.163  7.184  7.190  7.171  7.099  7.206  7.090  7.220
6.463  6.469  6.423  6.375  6.405  6.475  6.476  6.378  6.450  6.485  6.460  6.567  6.621  6.477  6.555  6.382  6.330  6.425  6.571  6.458  6.425  6.392  6.436  6.417  6.531  6.449  6.419  6.457  6.265  6.310  6.400  6.240  6.395  6.493  6.479  6.438  6.516  6.381  6.250  6.430  6.346  6.454
7.344  7.207  7.261  7.343  7.361  7.317  7.256  7.267  7.256  7.336  7.317  7.338  7.370  7.264  7.361  7.191  7.174  7.390  7.341  7.245  7.322  7.188  7.251  7.185  7.307  7.305  7.253  7.326  7.134  7.136  7.216  7.182  7.240  7.320  7.314  7.252  7.266  7.331  7.263  7.351  7.203  7.276
6.929  6.871  6.790  6.849  6.945  6.884  6.884  6.797  6.853  7.004  6.944  6.932  6.995  6.911  6.984  6.842  6.752  6.987  6.906  6.811  6.915  6.874  6.936  6.947  6.851  6.823  6.801  6.835  6.694  6.788  6.856  6.780  6.719  6.952  6.922  6.888  6.859  6.875  6.902  6.891  6.698  6.789
7.777  7.632  7.639  7.576  7.735  7.756  7.692  7.648  7.638  7.814  7.768  7.785  7.824  7.748  7.765  7.670  7.594  7.778  7.728  7.644  7.673  7.640  7.660  7.638  7.703  7.755  7.684  7.754  7.593  7.581  7.630  7.618  7.638  7.761  7.734  7.718  7.725  7.783  7.733  7.748  7.567  7.710
6.597  6.623  6.464  6.528  6.539  6.534  6.475  6.431  6.500  6.623  6.619  6.629  6.723  6.644  6.697  6.488  6.533  6.454  6.558  6.525  6.544  6.571  6.603  6.583  6.535  6.547  6.507  6.405  6.555  6.364  6.460  6.442  6.338  6.532  6.621  6.610  6.589  6.577  6.534  6.512  6.282  6.403
7.647  7.364  7.503  7.407  7.566  7.591  7.354  7.458  7.548  7.638  7.626  7.605  7.766  7.668  7.644  7.532  7.298  7.643  7.618  7.523  7.341  7.371  7.474  7.527  7.440  7.569  7.512  7.587  7.409  7.391  7.501  7.175  7.436  7.513  7.364  7.518  7.482  7.602  7.529  7.600  7.392  7.546
6.617  6.410  6.460  6.347  6.631  6.574  6.450  6.486  6.544  6.649  6.529  6.594  6.798  6.636  6.737  6.439  6.358  6.555  6.666  6.531  6.498  6.356  6.520  6.562  6.373  6.545  6.500  6.426  6.428  6.354  6.401  6.057  6.339  6.453  6.391  6.498  6.547  6.486  6.356  6.515  6.339  6.437
7.599  7.225  7.472  7.330  7.459  7.450  7.342  7.461  7.397  7.451  7.424  7.483  7.456  7.396  7.416  7.287  7.270  7.518  7.430  7.471  7.362  7.348  7.399  7.381  7.429  7.489  7.458  7.432  7.227  7.217  7.302  7.235  7.367  7.427  7.356  7.336  7.340  7.466  7.358  7.484  7.365  7.498
6.779  6.457  6.641  6.541  6.640  6.572  6.377  6.635  6.578  6.609  6.653  6.590  6.637  6.579  6.601  6.394  6.333  6.742  6.582  6.635  6.498  6.460  6.529  6.433  6.477  6.513  6.491  6.562  6.218  6.352  6.363  6.152  6.418  6.557  6.326  6.449  6.372  6.574  6.531  6.606  6.425  6.625
