5.892  5.645  5.710  5.517  5.777  5.886  5.743  5.743  5.808  5.874  5.900  5.864  5.822  5.778  5.916  5.659  5.402  5.852  5.760  5.649  5.823  5.697  5.700  5.861  5.561  5.720  5.746  5.638  5.523  5.517  5.737  5.553  5.537  5.661  5.604  5.822  5.796  5.781  5.670  5.730  5.525  5.728
4.980  4.682  4.677  4.511  4.736  4.844  4.762  4.718  4.875  4.949  4.802  4.741  4.904  4.796  4.812  4.734  4.712  4.736  4.745  4.625  4.949  4.771  4.745  4.836  4.511  4.477  4.654  4.554  4.382  4.662  4.564  4.466  4.500  4.726  4.564  4.736  4.745  4.796  4.543  4.615  4.466  4.635
6.014  5.799  5.889  5.656  5.993  5.909  5.713  5.892  5.855  5.969  5.982  5.928  5.984  5.901  5.981  5.864  5.572  6.064  5.922  5.844  5.924  5.557  5.814  5.691  5.714  5.787  5.768  5.846  5.620  5.707  5.883  5.598  5.720  5.754  5.737  5.823  5.775  5.914  5.948  5.935  5.635  5.829
5.724  5.613  5.609  5.495  5.531  5.600  5.521  5.591  5.624  5.753  5.638  5.640  5.753  5.648  5.802  5.636  5.347  5.778  5.591  5.602  5.517  5.318  5.609  5.576  5.476  5.476  5.421  5.583  5.268  5.421  5.513  5.220  5.394  5.357  5.243  5.501  5.447  5.527  5.624  5.580  5.278  5.407
7.280  6.955  7.054  7.065  7.108  7.108  7.058  7.067  7.051  7.328  7.254  7.247  7.377  7.225  7.311  7.323  7.179  7.355  7.125  7.057  6.992  6.946  6.992  7.033  6.965  6.992  6.949  6.955  6.829  6.892  6.977  6.836  6.921  6.976  6.919  6.974  6.962  7.015  6.944  6.976  6.906  6.960
6.198  5.836  5.948  5.958  5.961  5.949  5.996  5.971  5.927  6.306  6.238  6.207  6.333  6.155  6.319  6.260  6.232  6.277  5.964  5.875  5.974  5.894  5.911  5.948  5.811  5.889  5.756  5.820  5.628  5.768  5.866  5.775  5.697  5.865  5.911  5.966  5.842  5.930  5.799  5.786  5.737  5.870
6.672  6.365  6.510  6.342  6.631  6.578  6.471  6.578  6.528  6.786  6.645  6.702  6.668  6.550  6.641  6.392  6.094  6.661  6.653  6.435  6.420  6.321  6.353  6.248  6.261  6.335  6.342  6.360  6.059  6.113  6.339  6.091  6.319  6.382  6.361  6.412  6.375  6.409  6.510  6.463  6.271  6.424
5.600  5.509  5.382  5.283  5.394  5.418  5.398  5.416  5.481  5.782  5.680  5.561  5.625  5.624  5.771  5.472  5.198  5.529  5.434  5.252  5.457  5.421  5.549  5.451  5.142  5.384  5.403  5.209  5.118  5.222  5.432  5.100  5.059  5.388  5.341  5.416  5.374  5.236  5.215  5.315  5.112  5.185
6.127  5.749  6.033  6.021  6.089  6.040  5.765  5.996  5.979  6.060  6.022  6.054  6.096  5.991  6.035  5.881  5.695  6.098  6.055  6.031  5.829  5.648  5.758  5.663  5.814  5.811  5.785  5.811  5.403  5.496  5.492  5.569  5.656  5.866  5.732  5.900  5.763  5.975  5.938  5.953  5.799  6.040
4.866  4.663  4.890  4.828  4.649  4.804  4.710  4.798  4.812  4.945  4.812  4.835  4.875  4.844  4.828  4.635  4.357  4.682  4.820  4.836  4.700  4.615  4.533  4.762  4.625  4.690  4.489  4.585  4.263  4.331  4.489  4.304  4.570  4.696  4.595  4.852  4.511  4.662  4.543  4.615  4.466  4.663
6.028  5.746  5.878  5.849  5.966  6.014  5.832  5.903  5.838  6.053  6.005  5.959  6.136  5.979  6.043  5.846  5.467  5.932  6.036  5.844  5.778  5.659  5.808  5.824  5.814  5.938  5.852  5.886  5.609  5.622  5.714  5.609  5.667  5.839  5.725  5.820  5.768  5.924  5.916  5.924  5.659  5.911
4.308  4.290  4.135  4.078  4.159  4.205  4.220  4.143  4.143  4.394  4.234  4.220  4.522  4.477  4.419  4.290  4.108  4.132  4.220  4.234  4.190  4.143  4.315  4.277  4.382  4.304  4.190  4.234  3.932  4.086  4.094  4.094  4.007  4.127  4.007  4.220  4.143  4.127  3.989  4.205  4.043  3.951
5.568  5.386  5.405  5.334  5.470  5.501  5.323  5.394  5.220  5.517  5.464  5.455  5.557  5.371  5.498  5.283  5.182  5.531  5.328  5.283  5.112  5.149  5.368  5.293  5.100  5.100  5.338  5.360  5.024  5.085  5.380  5.056  5.252  5.206  5.071  5.277  5.270  5.472  5.357  5.472  5.075  5.310
4.382  4.382  4.354  4.304  4.431  4.357  4.220  4.344  4.331  4.443  4.483  4.398  4.466  4.407  4.522  4.369  4.159  4.248  4.369  4.489  4.398  4.344  4.344  4.369  4.187  4.127  4.315  4.159  4.205  4.074  4.344  4.094  4.382  4.234  4.159  4.263  4.159  4.277  4.241  4.205  3.989  4.025
7.419  7.080  7.261  7.324  7.295  7.336  7.109  7.277  7.319  7.312  7.290  7.361  7.395  7.203  7.376  7.064  7.126  7.304  7.290  7.413  7.222  7.183  7.105  7.220  7.166  7.366  7.135  7.131  6.999  7.058  7.071  6.989  7.330  7.270  7.189  7.252  7.018  7.144  7.178  7.257  7.218  7.269
6.596  6.279  6.372  6.321  6.394  6.340  6.266  6.398  6.483  6.384  6.480  6.460  6.529  6.394  6.522  6.142  6.303  6.399  6.333  6.500  6.353  6.250  6.209  6.407  6.176  6.431  6.258  6.028  6.019  6.084  6.091  5.971  6.415  6.265  6.315  6.444  6.155  6.249  6.319  6.172  6.142  6.263
5.838  5.690  5.772  5.799  5.909  5.897  5.652  5.838  5.897  5.938  5.805  6.043  5.932  5.948  5.971  5.793  5.594  5.799  5.951  5.802  5.773  5.670  5.724  5.802  5.681  5.838  5.740  5.731  5.535  5.622  5.645  5.587  5.843  5.811  5.707  5.841  5.838  5.891  5.743  5.911  5.731  5.897
4.522  4.500  4.570  4.554  4.588  4.477  4.585  4.575  4.549  4.690  4.466  4.654  4.654  4.700  4.870  4.498  4.610  4.615  4.860  4.779  4.786  4.554  4.554  4.533  4.369  4.454  4.454  4.270  4.376  4.357  4.394  4.431  4.522  4.564  4.454  4.718  4.483  4.564  4.623  4.344  4.431  4.500
6.353  6.209  6.315  6.368  6.295  6.314  6.160  6.289  6.312  6.292  6.157  6.269  6.402  6.340  6.389  6.184  6.039  6.324  6.418  6.412  6.207  6.158  6.223  6.213  6.201  6.360  6.207  6.263  6.148  6.165  6.172  6.079  6.284  6.284  6.215  6.194  6.202  6.450  6.263  6.335  6.252  6.379
4.779  4.905  4.958  4.736  4.852  4.792  4.779  4.752  4.852  4.883  4.682  4.754  4.875  4.942  4.913  4.605  4.700  4.710  4.844  4.852  4.979  4.786  4.852  4.796  4.682  4.828  4.787  4.605  4.585  4.710  4.652  4.736  4.663  4.970  4.682  4.913  4.745  4.736  4.673  4.736  4.771  4.754
6.425  6.084  6.288  6.333  6.497  6.404  6.142  6.430  6.303  6.506  6.422  6.420  6.501  6.498  6.430  6.297  6.028  6.417  6.500  6.351  6.265  6.172  6.153  6.171  6.361  6.346  6.215  6.287  5.991  6.174  6.096  5.986  6.337  6.297  6.223  6.245  6.230  6.413  6.312  6.436  6.181  6.421
4.220  4.220  4.350  4.344  4.407  4.500  4.290  4.263  4.472  4.290  4.317  4.354  4.500  4.440  4.452  4.111  4.357  4.124  4.380  4.431  4.317  4.331  4.357  4.234  4.394  4.700  4.369  4.127  4.159  4.060  4.111  4.060  4.205  4.290  4.344  4.304  4.288  4.159  3.970  4.209  4.094  4.290
