4.060  4.787  4.663  4.509  4.654  4.762  4.804  4.836  4.812  4.934  4.615  4.820  4.796  4.727  4.890  4.756  4.575  4.644  4.745  4.522  4.762  4.754  4.754  4.779  4.605  4.754  4.736  4.570  4.666  4.585  4.663  4.575  4.562  4.682  4.700  4.804  4.477  4.466  4.454  4.615  4.382  4.710
3.951  4.564  4.174  4.575  4.246  4.354  4.498  4.407  4.477  4.407  4.190  4.382  4.477  4.431  4.454  4.304  4.159  4.431  4.382  4.174  4.443  4.284  4.357  4.454  4.317  4.331  4.277  4.212  4.344  4.304  4.205  4.407  4.043  4.290  4.290  4.205  4.234  4.025  4.205  4.241  3.989  4.248
6.357  6.159  6.254  6.062  6.332  6.425  6.116  6.234  6.170  6.351  6.402  6.273  6.320  6.218  6.292  6.232  5.879  6.441  6.236  6.096  6.100  5.911  6.161  6.021  5.892  5.966  6.014  6.122  5.840  6.068  6.178  5.697  6.054  6.059  5.961  6.109  6.194  6.253  6.179  6.236  6.026  6.151
5.769  5.511  5.438  5.204  5.521  5.576  5.509  5.416  5.493  5.613  5.704  5.515  5.613  5.474  5.606  5.509  5.318  5.601  5.531  5.416  5.554  5.429  5.533  5.624  5.168  5.312  5.412  5.371  5.196  5.313  5.493  5.153  5.252  5.394  5.416  5.416  5.429  5.499  5.451  5.503  5.298  5.380
5.841  5.595  5.677  5.595  5.684  5.787  5.724  5.697  5.855  5.903  5.811  5.889  5.861  5.872  5.869  5.760  5.487  5.832  5.883  5.661  5.635  5.549  5.697  5.609  5.624  5.665  5.654  5.684  5.425  5.515  5.694  5.549  5.587  5.759  5.593  5.620  5.602  5.645  5.591  5.620  5.513  5.716
4.344  3.947  4.267  4.127  4.111  4.220  4.159  4.248  4.111  4.344  4.111  4.344  4.174  4.328  4.234  4.148  4.060  4.156  4.143  4.454  4.190  4.331  3.892  4.151  4.143  4.220  4.217  4.060  3.912  4.220  3.892  4.127  4.119  4.369  4.108  4.007  4.140  4.031  4.277  3.928  4.007  3.989
4.927  4.691  4.804  4.771  4.977  5.118  4.905  4.868  5.030  4.984  4.989  5.056  5.088  5.063  5.030  4.875  4.700  5.088  5.063  4.984  4.934  4.890  4.691  4.792  4.927  4.927  4.852  4.828  4.615  4.804  4.938  4.703  4.710  4.836  4.823  4.934  4.940  4.970  4.727  4.820  4.625  4.828
4.190  4.013  4.174  4.007  4.103  4.078  4.197  4.022  4.304  4.025  4.022  4.060  4.413  4.159  4.174  4.174  4.004  4.043  4.190  4.060  4.143  4.127  4.043  4.111  3.970  3.932  3.970  3.947  3.912  4.043  4.304  3.989  3.989  4.091  3.902  4.127  4.234  3.871  3.908  3.989  3.951  4.025
4.682  4.533  4.452  4.382  4.533  4.570  4.883  4.956  4.913  4.927  4.734  4.875  4.933  4.852  4.927  4.717  4.554  4.671  4.956  4.633  4.732  4.630  4.754  4.700  4.860  4.868  4.828  4.700  4.705  4.736  4.615  4.533  4.580  4.771  4.860  4.745  4.820  4.511  4.500  4.520  4.505  4.644
4.094  4.007  3.932  3.951  3.850  3.928  3.908  3.985  4.025  4.060  3.970  4.060  4.086  4.025  4.190  4.174  4.277  4.197  4.443  4.382  4.388  4.086  3.961  4.143  3.976  3.892  3.871  3.714  3.898  3.761  3.951  4.025  3.985  3.970  4.025  4.043  3.761  3.970  3.932  3.829  3.784  4.025
5.613  5.218  5.509  5.425  5.485  5.447  5.342  5.438  5.455  5.525  5.557  5.580  5.472  5.396  5.517  5.318  5.149  5.545  5.533  5.537  5.451  5.244  5.501  5.323  5.517  5.455  5.263  5.335  5.142  5.130  5.380  5.100  5.371  5.435  5.318  5.298  5.389  5.416  5.252  5.342  5.247  5.425
4.605  4.511  4.673  4.472  4.700  4.543  4.503  4.662  4.431  4.710  4.511  4.583  4.682  4.498  4.644  4.419  4.392  4.633  4.585  4.575  4.777  4.494  4.564  4.691  4.635  4.477  4.530  4.331  4.234  4.466  4.407  4.234  4.419  4.520  4.500  4.654  4.585  4.413  4.341  4.220  4.217  4.483
5.607  5.568  5.537  4.933  5.733  5.673  5.421  5.595  5.502  5.505  5.112  5.583  5.763  5.668  5.629  5.375  5.251  5.609  5.621  5.565  5.602  5.521  5.591  5.617  5.489  5.460  5.398  5.439  5.147  5.338  5.481  5.313  5.375  5.502  5.497  5.466  5.566  5.361  5.192  5.511  5.323  5.476
5.178  5.193  5.147  4.673  5.198  5.236  5.124  5.209  5.209  5.106  4.779  5.106  5.354  5.262  5.352  5.063  5.036  4.984  5.282  5.303  5.451  5.242  5.366  5.472  5.027  4.927  5.043  4.868  4.700  4.894  5.153  5.142  5.024  5.017  5.056  5.187  5.123  5.004  4.870  5.106  4.883  4.977
5.215  5.106  5.165  5.176  5.165  5.109  5.142  5.214  5.252  5.233  5.220  5.328  5.235  5.215  5.228  5.242  5.043  5.268  5.292  5.130  5.165  4.963  5.198  5.088  5.338  5.197  5.182  5.187  5.037  5.017  5.159  4.965  5.114  5.220  5.111  5.083  5.231  5.165  5.176  5.136  5.170  5.147
4.564  4.663  4.700  4.663  4.533  4.595  4.564  4.615  4.652  4.820  4.454  4.663  4.687  4.668  4.690  4.682  4.652  4.562  4.712  4.727  4.644  4.615  4.522  4.522  4.527  4.567  4.454  4.407  4.511  4.382  4.554  4.431  4.413  4.369  4.382  4.549  4.464  4.564  4.605  4.500  4.428  4.533
5.505  5.215  5.403  5.230  5.509  5.500  5.293  5.375  5.393  5.587  5.541  5.580  5.677  5.451  5.580  5.412  5.230  5.380  5.603  5.387  5.278  5.209  5.333  5.352  5.318  5.398  5.187  5.338  5.159  5.100  5.275  5.100  5.288  5.421  5.303  5.394  5.327  5.329  5.220  5.368  5.298  5.416
3.807  3.611  3.584  3.658  3.738  3.714  3.638  3.709  3.829  3.829  3.714  3.829  4.043  3.846  3.912  3.784  3.733  3.912  3.638  3.951  3.714  3.664  3.829  3.738  3.555  3.714  3.689  3.584  3.733  3.466  3.632  3.867  3.807  3.605  3.709  3.714  3.689  3.664  3.638  3.555  3.714  3.638
6.530  6.430  6.404  6.451  6.524  6.466  6.314  6.410  6.399  6.460  6.507  6.506  6.564  6.436  6.531  6.397  6.155  6.513  6.464  6.441  6.449  6.210  6.299  6.324  6.351  6.330  6.269  6.314  6.046  6.084  6.230  6.149  6.254  6.315  6.271  6.337  6.300  6.409  6.368  6.433  6.221  6.315
5.829  5.694  5.501  5.705  5.790  5.630  5.549  5.521  5.598  5.666  5.647  5.690  5.832  5.733  5.791  5.549  5.352  5.733  5.699  5.638  5.656  5.598  5.656  5.677  5.549  5.556  5.485  5.529  5.344  5.352  5.347  5.372  5.384  5.537  5.576  5.695  5.493  5.759  5.701  5.659  5.318  5.645
5.421  5.272  5.421  5.366  5.394  5.438  5.310  5.433  5.159  5.485  5.375  5.446  5.425  5.375  5.485  5.341  5.209  5.468  5.499  5.429  5.398  5.393  5.505  5.460  5.460  5.481  5.416  5.451  5.147  5.288  5.303  5.223  5.429  5.384  5.333  5.346  5.413  5.347  5.352  5.429  5.288  5.409
4.094  4.159  4.007  4.078  4.290  4.111  4.174  4.043  4.174  4.127  4.205  4.111  4.143  4.241  4.317  4.091  4.205  4.304  4.241  4.234  4.234  4.078  4.248  4.477  4.159  4.190  4.159  4.025  3.985  3.989  3.871  3.912  4.127  4.094  4.277  4.004  4.043  4.143  4.025  4.007  4.132  4.140
