5.135  4.860  4.866  4.944  4.875  4.911  4.898  4.828  4.990  5.030  4.893  5.007  5.029  4.852  5.011  4.875  4.850  5.030  4.603  4.984  5.043  4.852  4.883  5.017  4.820  4.820  4.796  4.754  4.680  4.680  4.787  4.691  4.898  4.812  4.850  4.881  4.860  4.866  4.860  4.860  4.654  4.874
5.056  4.852  4.911  5.003  4.890  4.905  4.868  4.820  4.904  5.029  4.922  5.042  4.771  4.997  4.956  4.796  4.927  4.942  4.700  4.942  4.916  4.890  4.812  4.875  4.862  4.787  4.868  4.812  4.745  4.743  4.710  4.812  4.820  4.871  4.883  4.868  4.920  4.769  4.963  4.868  4.663  4.956
3.784  3.829  3.932  3.689  3.850  3.829  3.912  4.025  3.784  3.871  3.871  3.829  3.970  3.912  4.040  3.850  4.025  3.632  4.007  4.025  4.025  3.908  3.871  3.932  3.689  3.871  3.638  3.784  3.714  3.738  3.784  3.861  3.908  3.850  3.738  3.912  3.829  3.829  3.684  3.761  3.850  3.850
3.611  3.761  3.807  3.780  3.689  3.807  3.846  3.850  3.912  3.689  3.555  3.784  3.970  4.025  3.871  3.714  3.714  3.807  3.807  3.871  3.989  4.004  3.807  3.738  3.761  3.714  3.768  3.791  3.584  3.689  3.738  3.701  3.807  3.784  3.784  3.738  3.757  3.689  3.645  3.611  3.520  3.689
4.174  4.127  3.970  3.951  4.016  4.022  4.174  4.040  4.205  4.119  4.111  4.074  4.099  4.248  4.500  4.034  4.205  4.094  4.078  4.078  4.234  4.205  3.985  4.043  3.970  3.861  3.932  3.850  3.951  4.263  4.127  3.892  3.932  4.007  4.094  4.025  4.060  3.951  3.892  3.807  3.824  3.951
4.234  4.043  4.074  3.989  4.111  4.043  4.234  4.167  4.205  4.373  4.277  4.156  4.174  4.143  4.263  4.111  4.060  4.234  4.127  4.202  4.127  4.174  4.159  4.234  4.078  4.004  3.989  4.060  3.738  3.892  4.127  3.892  4.094  3.912  4.111  4.007  4.127  3.846  4.060  4.086  3.807  3.989
5.986  5.787  5.908  5.811  5.659  5.781  5.945  5.912  5.874  6.254  6.059  6.019  6.214  5.991  6.138  6.225  6.028  6.316  5.914  5.883  5.697  5.778  5.847  5.725  5.771  5.663  5.730  5.727  5.412  5.576  5.798  5.619  5.768  5.710  5.869  5.725  5.682  5.811  5.799  5.727  5.667  5.749
6.521  6.410  6.522  6.339  6.289  6.491  6.629  6.506  6.589  6.767  6.592  6.629  6.611  6.453  6.578  6.483  6.561  6.402  6.606  6.608  6.667  6.583  6.529  6.551  6.535  6.553  6.521  6.431  6.425  6.590  6.426  6.402  6.369  6.561  6.605  6.438  6.478  6.455  6.352  6.532  6.384  6.542
3.611  3.638  3.632  3.555  3.611  3.738  3.555  3.664  3.664  3.611  3.466  3.714  3.807  3.721  3.807  3.555  3.611  3.664  3.850  3.664  3.829  3.829  3.605  3.638  3.664  3.638  3.520  3.395  3.555  3.584  3.761  3.611  3.714  3.638  3.555  3.638  3.466  3.726  3.497  3.555  3.526  3.689
3.850  3.664  3.664  3.638  3.584  3.611  3.638  3.664  3.701  3.818  3.611  3.714  3.738  3.714  3.932  3.829  3.664  3.761  3.761  3.780  3.761  3.738  3.526  3.857  3.738  3.578  3.611  3.584  3.555  3.651  3.784  3.555  3.780  3.555  3.638  3.638  3.555  3.481  3.605  3.526  3.434  3.664
4.635  4.407  4.477  4.610  4.533  4.600  4.477  4.554  4.394  4.682  4.595  4.595  4.779  4.595  4.796  4.511  4.595  4.673  4.654  4.663  4.700  4.505  4.575  4.516  4.454  4.394  4.357  4.288  4.304  4.437  4.500  4.407  4.489  4.533  4.500  4.585  4.564  4.533  4.615  4.522  4.466  4.454
3.664  3.733  3.664  3.638  3.807  3.497  3.714  3.658  3.611  3.738  3.555  3.689  3.850  3.761  3.761  3.689  3.664  3.689  3.824  3.892  3.664  3.745  3.638  3.861  3.584  3.555  3.689  3.555  3.689  3.555  3.638  3.733  3.497  3.578  3.664  3.689  3.578  3.611  3.550  3.466  3.584  3.701
3.829  3.888  4.040  3.850  3.980  3.733  3.784  3.892  3.738  3.951  3.892  3.932  3.932  4.220  4.043  3.892  3.932  3.850  4.099  4.164  3.932  3.967  3.871  4.078  3.784  3.871  3.784  3.829  3.664  3.761  4.094  3.932  3.871  3.970  3.850  3.908  4.025  3.970  3.807  3.850  3.664  3.850
3.466  3.784  3.638  3.664  3.850  3.466  3.555  3.605  3.624  3.714  3.611  3.761  3.892  3.932  3.664  3.664  3.664  3.784  3.658  4.034  3.721  3.829  3.555  3.497  3.780  3.466  3.658  3.611  3.584  3.526  3.611  3.757  3.638  3.466  3.555  3.658  3.550  3.761  3.497  3.611  3.611  3.638
4.234  4.197  4.078  4.127  4.078  4.127  3.892  4.043  4.167  4.263  4.116  4.234  4.317  4.248  4.331  4.094  4.094  4.148  4.174  4.344  4.111  4.143  4.190  4.094  3.912  4.246  3.970  4.116  4.143  3.970  3.829  4.043  4.156  4.220  4.174  4.025  4.043  4.190  4.238  4.116  4.111  4.043
4.111  4.263  4.043  4.043  4.174  4.159  4.151  4.108  4.078  4.324  4.119  4.078  4.304  4.205  4.304  4.060  4.224  3.970  4.263  4.357  4.111  4.111  4.086  4.127  4.078  3.989  4.143  4.290  3.970  4.025  4.043  4.159  4.260  4.111  4.234  4.057  3.932  4.078  4.263  4.167  4.060  4.086
4.190  3.998  4.454  3.970  4.111  4.263  4.179  3.912  4.111  4.190  4.143  4.205  4.111  4.317  4.304  4.116  4.025  4.212  4.263  4.220  4.311  4.060  4.052  4.263  4.431  3.970  4.025  4.151  3.932  4.202  3.761  4.202  4.205  4.043  4.234  4.025  3.892  4.086  3.829  4.007  3.932  4.094
4.066  3.951  4.127  4.078  3.970  4.007  3.928  3.970  4.078  4.094  4.060  4.022  4.220  4.220  4.290  4.060  4.025  4.248  4.344  4.156  4.407  4.043  4.007  4.369  4.043  4.057  4.025  3.970  4.025  3.970  3.951  3.912  4.151  3.989  4.274  3.947  4.025  3.932  3.871  3.922  3.932  3.967
4.094  3.882  4.007  3.912  3.970  4.004  3.951  4.007  4.094  4.156  4.007  4.060  4.143  4.135  4.094  3.871  3.932  4.108  4.174  4.111  4.078  4.078  4.007  4.043  4.111  3.829  3.892  3.970  3.850  3.989  3.892  3.970  4.057  3.892  3.995  3.829  3.908  3.970  4.025  3.888  4.060  3.932
3.989  3.829  4.060  3.970  3.989  4.078  4.007  4.111  4.060  4.007  3.985  3.951  4.007  3.951  4.127  3.829  3.932  3.942  4.025  4.111  4.031  3.871  4.083  4.043  3.871  3.989  3.892  4.119  3.850  4.016  3.871  3.970  4.060  3.951  3.947  3.871  3.922  3.951  3.932  3.850  4.043  3.829
4.263  4.174  4.248  4.205  4.290  4.331  4.205  4.078  4.159  4.234  4.217  4.174  4.337  4.190  4.357  4.277  4.197  4.234  4.182  4.317  4.341  4.344  4.143  4.290  4.060  4.174  4.151  4.091  3.928  4.025  4.140  4.190  4.357  4.277  4.248  4.171  4.369  4.331  4.078  4.127  4.078  4.074
4.048  3.807  3.807  3.989  3.689  3.892  3.605  3.784  3.714  3.664  3.850  3.951  3.989  3.912  3.738  3.850  3.829  3.761  3.791  3.932  3.850  3.807  3.829  3.871  3.689  3.738  3.850  3.850  3.555  3.721  3.892  3.714  3.871  3.733  3.638  3.638  3.761  3.829  3.829  3.689  3.689  3.807
