3.912  3.932  3.951  3.882  3.932  3.970  4.043  3.932  4.043  4.007  4.025  4.094  4.111  4.094  4.156  3.932  4.007  4.159  4.016  3.928  4.140  4.025  3.912  4.060  3.807  3.951  3.961  3.942  3.813  4.043  3.980  3.857  3.871  3.928  3.829  3.970  4.094  3.807  4.043  3.807  3.871  3.912
4.127  4.025  3.951  3.932  3.989  3.951  3.784  4.069  3.871  4.094  3.970  3.989  4.007  4.202  4.043  4.007  3.850  3.980  4.057  4.060  4.060  3.867  3.807  3.850  3.807  3.784  3.867  3.918  3.709  3.829  3.989  3.757  3.850  3.835  3.871  3.912  3.807  3.824  4.174  3.892  3.824  3.761
3.676  3.611  3.651  3.497  3.611  3.638  3.526  3.738  3.611  3.664  3.605  3.714  3.780  3.784  3.908  3.611  3.611  3.632  3.733  3.871  3.745  3.584  3.689  3.578  3.689  3.689  3.520  3.689  3.584  3.434  3.555  3.555  3.555  3.611  3.638  3.434  3.638  3.638  3.555  3.497  3.401  3.638
3.497  3.401  3.367  3.550  3.360  3.490  3.367  3.555  3.401  3.401  3.332  3.555  3.645  3.638  3.761  3.367  3.466  3.578  3.466  3.738  3.632  3.550  3.541  3.490  3.395  3.401  3.638  3.258  3.401  3.459  3.555  3.367  3.497  3.434  3.490  3.401  3.555  3.332  3.367  3.434  3.332  3.466
3.871  4.078  3.932  4.025  4.043  4.127  4.108  4.043  4.022  4.220  4.031  4.159  4.094  4.094  4.156  3.912  3.689  4.094  3.989  4.111  4.224  4.025  4.111  4.167  3.871  3.980  3.951  4.007  3.807  4.094  4.043  3.871  3.892  3.970  3.877  3.912  3.951  4.007  4.007  3.829  4.025  4.025
3.497  3.428  3.664  3.497  3.367  3.497  3.526  3.497  3.526  3.578  3.332  3.526  3.638  3.611  3.555  3.459  3.401  3.434  3.584  3.584  3.757  3.497  3.638  3.761  3.466  3.332  3.555  3.367  3.367  3.520  3.497  3.555  3.466  3.497  3.605  3.466  3.367  3.395  3.332  3.367  3.466  3.605
3.902  3.932  3.761  3.780  3.761  3.780  3.714  3.871  3.802  3.967  3.555  3.784  3.985  3.912  4.057  3.871  3.701  3.807  3.850  3.761  3.807  3.928  3.784  3.850  3.784  3.738  3.632  3.555  3.434  3.638  3.757  3.850  3.761  3.584  3.932  3.807  3.761  3.638  3.750  3.638  3.664  3.632
3.638  3.689  3.664  3.638  3.738  3.555  3.638  3.714  3.714  3.761  3.709  3.689  3.784  3.892  3.932  3.597  3.526  3.738  3.738  3.829  3.761  3.638  3.638  3.761  3.611  3.714  3.632  3.738  3.584  3.555  3.709  3.664  3.638  3.526  3.714  3.709  3.738  3.611  3.638  3.638  3.605  3.664
3.871  3.780  3.611  3.714  3.658  3.738  3.584  3.638  3.784  3.807  3.871  3.658  3.912  3.892  3.850  3.738  3.714  3.689  3.807  3.871  3.761  3.761  3.689  3.871  3.784  3.761  3.689  3.761  3.709  3.611  3.757  3.738  3.850  3.555  3.761  3.584  3.550  3.684  3.638  3.714  3.638  3.632
3.332  3.434  3.497  3.401  3.434  3.360  3.466  3.459  3.526  3.401  3.332  3.497  3.367  3.638  3.497  3.466  3.497  3.497  3.466  3.611  3.611  3.526  3.434  3.434  3.401  3.450  3.367  3.466  3.578  3.395  3.343  3.367  3.401  3.434  3.466  3.401  3.466  3.332  3.466  3.497  3.555  3.434
3.871  3.970  3.807  3.892  3.829  3.829  3.807  3.892  3.951  3.928  3.689  3.871  4.078  3.951  3.989  3.918  3.850  4.007  4.060  4.007  4.060  4.078  3.951  3.892  3.807  3.871  3.829  3.784  3.738  3.689  3.761  3.829  3.967  3.829  3.882  3.892  3.989  3.824  3.829  3.807  3.738  3.850
3.871  3.829  3.850  3.795  3.871  3.928  3.892  3.850  3.784  3.871  3.892  3.871  4.143  4.007  4.060  3.714  3.738  4.025  3.932  3.829  4.060  3.807  3.829  3.932  3.638  3.689  3.818  3.664  3.638  3.892  3.846  3.738  3.912  3.912  3.738  3.970  3.892  3.912  3.714  3.689  3.784  3.784
3.970  3.784  3.871  3.861  3.638  3.584  3.813  3.807  3.807  3.861  3.664  3.824  3.942  3.912  3.871  3.611  3.761  3.829  3.951  3.912  4.119  3.714  3.824  3.989  3.664  3.611  3.829  3.689  3.638  3.733  3.892  3.829  3.714  3.664  3.676  3.912  3.664  3.696  3.861  3.611  3.761  3.664
3.638  3.367  3.611  3.459  3.332  3.466  3.592  3.490  3.638  3.689  3.459  3.597  3.555  3.638  3.738  3.555  3.584  3.664  3.689  3.784  3.928  3.664  3.835  3.638  3.645  3.401  3.578  3.401  3.466  3.466  3.520  3.555  3.745  3.367  3.632  3.526  3.395  3.605  3.671  3.258  3.638  3.526
4.796  4.416  4.543  4.541  4.613  4.483  4.466  4.635  4.431  4.575  4.538  4.578  4.710  4.522  4.736  4.454  4.464  4.635  4.663  4.605  4.562  4.633  4.533  4.663  4.401  4.489  4.344  4.382  4.231  4.454  4.477  4.341  4.394  4.509  4.331  4.454  4.357  4.452  4.454  4.290  4.277  4.489
4.615  4.466  4.585  4.575  4.331  4.575  4.454  4.477  4.431  4.466  4.575  4.625  4.682  4.533  4.717  4.367  4.419  4.583  4.649  4.625  4.666  4.407  4.543  4.796  4.533  4.443  4.663  4.277  4.091  4.509  4.248  4.394  4.454  4.559  4.443  4.443  4.143  4.407  4.419  4.357  4.382  4.454
3.829  3.932  3.989  4.007  3.989  3.871  3.829  3.888  3.807  3.951  3.912  3.951  4.043  4.060  4.190  3.829  4.127  3.898  3.951  3.970  4.025  3.951  3.902  3.951  3.912  3.807  3.829  3.932  3.784  3.714  3.807  4.025  3.947  3.807  3.829  3.850  3.784  3.850  3.807  3.829  3.846  3.951
3.850  3.985  3.784  3.888  4.022  3.932  3.846  3.892  3.951  4.007  3.912  4.007  4.094  4.052  4.263  3.892  4.043  3.784  3.932  3.980  3.888  3.850  4.007  4.111  3.761  3.829  3.846  3.761  3.784  3.738  3.738  3.761  3.989  3.892  3.784  3.985  3.784  3.850  4.043  3.912  3.829  3.942
4.078  4.025  4.057  3.989  4.078  4.025  3.888  4.060  4.060  4.078  3.947  4.344  4.143  4.094  4.234  3.989  3.989  4.060  4.174  4.043  4.263  4.140  4.127  4.209  4.094  4.022  3.892  3.970  4.025  4.025  3.970  4.007  3.989  3.989  3.970  3.922  3.829  3.989  3.989  4.016  3.912  4.004
3.850  4.060  4.007  4.066  4.094  3.970  3.970  3.951  4.043  4.111  3.928  4.043  4.094  4.060  4.111  4.025  3.976  4.111  4.234  4.202  4.234  4.111  4.078  4.205  4.043  3.912  3.871  3.791  3.829  3.912  3.892  4.220  4.043  4.074  4.043  4.025  4.007  4.078  3.951  3.932  3.995  3.850
4.234  4.317  4.094  4.290  4.290  4.220  4.127  4.174  4.159  4.174  4.297  4.290  4.331  4.449  4.337  4.094  4.220  4.331  4.205  4.407  4.220  4.284  4.234  4.317  4.277  4.234  4.220  4.277  4.040  4.209  4.111  4.111  4.060  4.127  4.111  4.241  4.167  4.317  4.331  4.277  4.111  4.246
4.440  4.263  4.454  4.304  4.344  4.344  4.274  4.498  4.321  4.500  4.331  4.500  4.575  4.673  4.530  4.382  4.466  4.419  4.647  4.603  4.357  4.337  4.354  4.443  4.220  4.382  4.290  4.301  4.174  4.290  4.407  4.263  4.382  4.331  4.357  4.288  4.489  4.466  4.394  4.304  4.190  4.354
