3.714  3.761  3.795  3.664  3.664  3.761  3.497  3.932  3.658  3.784  3.497  3.850  3.967  3.689  3.867  3.555  3.689  3.664  3.714  3.807  3.802  3.664  3.638  3.689  3.584  3.689  3.526  3.664  3.466  3.584  3.689  3.611  3.664  3.689  3.664  3.584  3.555  3.638  3.584  3.584  3.638  3.638
3.871  3.970  3.967  3.892  3.932  3.807  3.970  3.951  3.882  4.025  3.807  4.060  4.127  4.007  4.022  3.985  3.932  3.989  3.892  4.159  3.871  3.829  3.807  3.989  3.714  3.733  3.829  3.892  3.638  3.882  3.951  3.932  3.871  3.824  3.932  3.738  3.761  3.807  4.043  3.807  3.967  3.802
3.611  3.555  3.638  3.584  3.555  3.526  3.466  3.761  3.721  3.555  3.466  3.632  3.807  3.584  3.664  3.490  3.550  3.541  3.638  3.829  3.664  3.605  3.555  3.664  3.497  3.434  3.434  3.605  3.434  3.497  3.578  3.638  3.428  3.466  3.584  3.401  3.555  3.555  3.584  3.638  3.434  3.658
3.497  3.555  3.555  3.526  3.526  3.466  3.401  3.584  3.611  3.584  3.332  3.555  3.829  3.584  3.689  3.611  3.434  3.564  3.645  3.658  3.555  3.578  3.526  3.526  3.550  3.428  3.570  3.564  3.526  3.466  3.638  3.466  3.526  3.332  3.526  3.367  3.555  3.497  3.434  3.466  3.550  3.684
3.459  3.526  3.466  3.367  3.459  3.497  3.367  3.497  3.497  3.584  3.296  3.401  3.466  3.605  3.676  3.296  3.497  3.367  3.401  3.611  3.526  3.555  3.497  3.434  3.395  3.332  3.434  3.466  3.250  3.434  3.367  3.526  3.526  3.384  3.434  3.332  3.332  3.497  3.550  3.367  3.481  3.466
3.401  3.434  3.428  3.444  3.401  3.401  3.288  3.401  3.520  3.296  3.219  3.466  3.466  3.497  3.526  3.332  3.466  3.526  3.584  3.784  3.584  3.632  3.428  3.555  3.555  3.401  3.367  3.434  3.401  3.428  3.401  3.526  3.466  3.466  3.401  3.459  3.296  3.178  3.332  3.332  3.434  3.434
5.231  5.112  5.129  5.153  5.112  4.984  5.056  5.189  5.176  5.371  5.142  5.231  5.288  5.118  5.303  4.860  4.963  4.913  5.193  5.089  5.100  5.097  5.004  5.004  5.050  4.823  4.852  4.771  4.690  4.794  4.956  4.956  4.949  4.990  4.970  4.804  4.898  5.011  4.984  4.937  4.883  5.024
4.382  4.522  4.407  4.227  4.288  4.290  4.304  4.369  4.220  4.428  4.382  4.407  4.446  4.357  4.431  4.477  4.111  4.205  4.369  4.382  4.642  4.304  4.317  4.315  4.205  4.124  4.217  4.234  4.078  4.043  4.111  4.290  4.331  4.190  4.241  4.151  4.220  4.277  4.078  4.231  4.078  3.985
3.611  3.709  3.466  3.689  3.689  3.367  3.497  3.850  3.611  3.555  3.367  3.638  3.761  3.829  3.888  3.611  3.555  3.611  3.689  3.912  3.951  3.555  3.526  3.684  3.526  3.638  3.638  3.584  3.555  3.497  3.434  3.689  3.632  3.434  3.555  3.745  3.584  3.526  3.555  3.401  3.526  3.541
3.555  3.584  3.526  3.664  3.584  3.550  3.584  3.584  3.761  3.738  3.664  3.555  3.839  3.701  3.738  3.584  3.638  3.526  3.738  3.970  3.784  3.605  3.526  3.791  3.526  3.497  3.689  3.360  3.664  3.401  3.497  3.802  3.638  3.664  3.526  3.638  3.526  3.541  3.605  3.555  3.526  3.714
3.714  3.757  3.922  3.638  4.025  3.555  3.846  3.784  3.932  3.932  3.824  3.912  3.850  3.888  3.784  3.658  3.829  3.850  3.784  3.932  3.932  3.714  3.611  3.807  3.871  3.761  3.632  3.738  3.784  3.784  3.714  3.709  3.807  3.638  3.867  3.664  3.689  3.689  3.714  3.611  3.714  3.714
3.689  3.791  4.004  3.714  3.664  3.638  3.645  3.714  4.025  3.807  3.850  3.932  3.807  3.961  3.850  3.689  3.638  3.664  4.007  3.970  3.871  3.784  3.709  3.829  3.714  3.829  3.780  3.689  3.638  3.888  3.611  3.802  4.025  3.738  3.738  3.676  3.761  3.401  3.689  3.738  3.689  3.761
3.584  3.497  3.611  3.481  3.555  3.726  3.497  3.526  3.726  3.584  3.258  3.526  3.829  3.584  3.611  3.611  3.611  3.526  3.892  3.638  3.726  3.584  3.434  3.584  3.555  3.555  3.611  3.555  3.784  3.555  3.497  3.689  3.664  3.638  3.497  3.664  3.526  3.638  3.497  3.466  3.395  3.664
3.450  3.434  3.638  3.466  3.401  3.459  3.526  3.611  3.624  3.526  3.459  3.497  3.658  3.611  3.761  3.550  3.555  3.401  3.761  3.795  3.632  3.611  3.497  3.520  3.526  3.332  3.332  3.497  3.401  3.434  3.526  3.664  3.497  3.584  3.526  3.605  3.434  3.638  3.611  3.296  3.428  3.466
3.892  3.664  3.912  3.932  3.824  3.902  3.664  3.761  3.850  3.951  3.664  3.932  3.932  3.912  3.989  3.807  3.784  3.888  3.970  3.892  4.060  3.829  3.784  3.892  3.611  3.738  3.784  3.714  3.684  3.733  3.846  3.829  3.898  3.689  3.871  3.829  3.818  4.043  3.902  3.784  3.738  3.970
3.784  3.689  3.757  3.835  3.773  3.846  3.664  3.714  3.871  3.555  3.714  3.738  3.892  3.738  3.932  3.733  3.829  3.738  4.025  3.750  3.867  3.877  3.761  3.807  3.689  3.714  3.664  3.555  3.638  3.802  3.733  3.807  3.584  3.664  3.807  3.684  3.738  3.611  3.526  3.584  3.632  3.738
4.025  3.871  4.248  4.007  4.094  4.143  3.850  4.091  3.892  4.007  4.007  4.004  4.124  4.277  4.234  3.829  3.942  4.078  4.060  4.227  3.951  3.951  4.060  4.060  4.111  3.932  4.057  4.094  3.684  3.932  4.007  3.738  4.078  3.802  4.078  3.912  3.970  4.111  3.892  3.970  3.942  4.040
3.638  3.761  3.784  3.761  3.761  3.835  3.802  3.738  3.780  3.807  3.738  3.871  3.861  3.757  3.932  3.761  3.807  3.638  3.829  3.912  3.689  3.784  3.664  3.892  3.829  3.780  3.784  3.714  3.584  3.611  3.611  3.761  3.846  3.738  3.761  3.892  3.664  3.784  3.768  3.761  3.689  3.780
6.221  5.896  6.064  6.142  6.071  6.014  5.775  5.964  5.920  5.927  5.976  6.043  6.111  6.026  6.161  5.807  5.928  5.971  6.005  6.148  5.940  5.979  5.869  6.123  5.700  5.719  5.814  5.787  5.557  5.598  5.679  5.717  5.963  5.930  5.943  5.817  5.699  6.094  6.068  5.875  5.756  5.814
5.677  5.333  5.576  5.617  5.583  5.472  5.252  5.434  5.416  5.438  5.389  5.366  5.505  5.438  5.663  5.278  5.308  5.356  5.472  5.673  5.489  5.407  5.375  5.455  5.204  5.189  5.159  5.147  4.977  5.140  5.169  5.204  5.396  5.292  5.278  5.361  5.236  5.595  5.565  5.310  5.201  5.342
4.007  4.190  3.892  4.007  3.882  4.806  3.912  3.957  3.829  4.043  3.733  3.951  3.998  4.025  4.007  3.824  3.951  3.714  4.148  4.143  3.970  3.892  4.043  4.094  3.807  3.892  3.761  3.784  3.932  3.807  3.850  3.807  3.850  3.970  3.807  3.892  3.892  3.892  3.761  3.807  3.912  4.007
4.407  4.500  4.419  4.585  4.407  4.979  4.277  4.311  4.500  4.443  4.290  4.454  4.475  4.394  4.344  4.324  4.422  4.477  4.437  4.466  4.585  4.511  4.419  4.443  4.304  4.344  4.220  4.382  4.174  4.277  4.500  4.419  4.419  4.489  4.543  4.304  4.419  4.277  4.187  4.143  4.454  4.522
