4.691  4.654  4.522  4.543  4.745  4.511  4.690  4.736  4.654  4.705  4.779  4.758  4.779  4.844  4.754  4.787  4.745  4.585  4.754  4.762  4.771  4.718  4.700  4.727  4.615  4.394  4.564  4.454  4.443  4.595  4.573  4.727  4.564  4.779  4.644  4.605  4.736  4.694  4.615  4.543  4.466  4.522
4.603  4.354  4.454  4.382  4.419  4.500  4.454  4.500  4.533  4.623  4.357  4.615  4.543  4.615  4.654  4.369  4.564  4.419  4.564  4.564  4.717  4.443  4.407  4.511  4.331  4.331  4.407  4.234  4.205  4.317  4.394  4.552  4.369  4.489  4.382  4.419  4.443  4.369  4.304  4.369  4.190  4.454
6.222  6.021  6.014  6.038  6.043  6.037  6.215  6.115  6.185  6.387  6.275  6.217  6.260  6.140  6.203  6.168  6.111  5.912  6.184  5.953  6.263  6.227  6.095  6.137  5.976  5.934  5.916  5.909  5.858  6.100  6.031  5.958  5.957  6.040  6.244  6.087  5.977  6.026  6.047  5.907  5.897  6.022
6.003  5.793  5.869  5.905  5.833  5.826  5.974  5.848  5.935  6.194  6.024  5.932  6.043  5.835  5.897  5.783  5.796  5.753  6.014  5.768  5.916  5.886  5.876  5.854  5.707  5.727  5.628  5.682  5.662  5.741  5.808  5.594  5.714  5.784  5.932  5.846  5.717  5.911  5.780  5.736  5.735  5.760
4.804  4.726  4.726  4.890  4.804  4.777  4.942  4.700  4.749  4.909  4.890  4.844  4.913  4.889  4.858  4.682  4.710  4.605  4.691  4.771  4.852  4.883  4.676  4.806  4.595  4.615  4.736  4.431  4.625  4.625  4.820  4.677  4.635  4.700  4.782  4.727  4.808  4.804  4.663  4.509  4.623  4.654
3.932  3.839  3.807  3.761  3.908  3.932  3.807  3.829  3.802  3.951  3.867  3.892  4.007  3.829  3.998  3.784  3.784  3.951  4.007  4.174  4.022  3.957  3.850  4.007  3.850  3.658  3.689  3.638  3.611  3.584  3.829  3.867  3.951  3.850  3.664  3.664  3.784  3.738  3.784  3.664  3.684  3.829
5.307  5.081  5.242  5.321  5.192  5.215  5.204  5.192  5.088  5.481  5.298  5.293  5.416  5.236  5.252  5.198  5.112  5.136  5.303  5.464  5.187  5.123  5.024  5.142  4.984  5.037  4.980  5.106  4.812  4.934  5.186  5.147  5.257  5.064  5.109  4.972  4.977  5.069  5.166  5.069  4.905  5.050
4.615  4.407  4.590  4.736  4.494  4.489  4.443  4.714  4.533  4.745  4.762  4.682  4.595  4.575  4.585  4.514  4.554  4.304  4.588  4.745  4.494  4.522  4.369  4.635  4.610  4.500  4.348  4.317  4.357  4.458  4.489  4.477  4.905  4.419  4.481  4.509  4.234  4.369  4.416  4.407  4.525  4.419
4.086  4.086  4.171  4.043  4.060  3.970  4.111  4.094  4.078  4.234  3.989  4.060  4.354  4.220  4.277  4.074  4.127  3.989  4.234  4.190  4.234  4.094  4.281  4.111  4.007  4.007  3.998  3.871  3.871  4.007  3.951  4.263  3.892  4.060  4.060  4.111  4.111  4.043  3.970  4.016  3.932  4.205
3.912  3.938  3.829  3.908  3.892  3.738  3.989  3.784  3.829  3.912  3.738  3.912  4.140  4.074  4.078  3.784  4.066  3.850  3.871  3.970  4.016  3.871  3.892  4.007  3.829  3.497  3.784  3.584  3.829  4.060  3.761  3.912  3.850  3.871  3.689  3.888  3.761  3.584  3.738  3.784  3.892  3.733
3.892  4.074  3.846  3.951  3.951  3.892  3.961  3.951  4.040  3.829  3.578  3.967  4.094  4.025  4.074  3.784  3.970  3.839  4.111  4.057  4.174  4.069  4.007  4.060  3.871  3.871  3.829  3.850  3.714  3.912  3.932  4.094  3.942  3.976  3.967  3.784  3.807  3.835  3.761  3.912  3.813  4.043
4.304  4.159  4.143  4.234  4.127  4.069  4.111  4.246  4.069  4.060  4.135  4.143  4.220  4.311  4.202  4.124  4.143  4.004  4.234  4.331  4.277  4.290  4.190  4.111  3.951  4.078  4.111  4.094  3.892  3.951  4.111  4.111  4.156  3.951  4.007  4.094  4.135  4.248  4.127  4.016  3.947  4.025
6.202  6.169  6.023  6.001  6.133  6.172  6.142  6.047  6.129  6.377  6.318  6.258  6.310  6.221  6.390  6.260  6.003  6.157  6.186  6.073  6.194  6.054  6.116  6.149  5.863  5.826  6.059  5.943  5.753  5.861  6.120  5.928  5.930  6.044  6.006  6.136  6.044  5.996  6.023  5.991  5.861  5.941
4.700  4.754  4.659  4.812  4.625  4.635  4.835  4.671  4.615  4.828  4.889  4.820  4.868  4.812  4.890  4.615  4.564  4.890  4.712  4.820  4.927  4.796  4.812  4.836  4.407  4.477  4.564  4.344  4.543  4.466  4.625  4.477  4.317  4.668  4.522  4.454  4.726  4.635  4.682  4.620  4.357  4.469
4.143  4.034  4.270  4.212  4.248  4.220  4.127  4.111  4.094  4.382  4.094  4.277  4.477  4.277  4.407  4.443  4.078  4.086  4.317  4.212  4.234  4.301  4.159  4.094  3.932  3.985  3.908  4.043  3.850  3.877  4.108  4.174  4.174  4.143  4.159  3.912  3.989  4.220  4.007  4.127  3.970  4.040
4.804  4.870  4.934  5.023  4.883  4.852  4.889  4.977  4.762  4.984  4.682  4.977  4.913  4.956  5.011  4.771  4.700  4.726  4.970  4.927  4.963  4.804  4.644  4.779  4.663  4.635  4.522  4.431  4.205  4.317  4.533  4.710  4.673  4.635  4.727  4.710  4.477  4.977  4.682  4.564  4.736  4.836
6.415  6.394  6.913  6.340  6.310  6.805  6.266  6.310  7.077  6.788  6.985  6.615  6.555  6.598  6.708  6.756  6.654  7.097  6.926  6.404  6.349  6.651  6.304  7.151  6.431  6.324  6.452  6.269  6.084  6.973  6.340  6.467  7.039  6.455  7.047  6.304  6.252  6.303  6.319  6.513  6.438  6.180
5.820  5.793  6.905  5.749  5.670  6.394  5.844  5.746  6.704  6.131  6.521  5.897  5.897  5.942  6.586  5.753  5.984  6.589  7.078  6.094  5.864  5.737  5.721  7.194  5.979  6.176  6.038  6.001  5.533  7.052  5.553  6.406  6.896  6.279  6.871  5.778  5.529  5.641  5.602  6.384  6.170  5.517
4.363  4.284  4.290  4.284  4.174  4.357  4.290  4.369  4.190  4.253  4.431  4.380  4.382  4.401  4.263  4.304  4.174  4.263  4.367  4.217  4.431  4.248  4.234  4.369  4.263  4.140  4.238  4.094  4.074  4.111  4.205  4.344  4.205  4.317  4.295  4.220  4.234  4.132  4.174  4.344  4.328  4.357
4.511  4.357  4.290  4.205  4.263  4.317  4.190  4.290  4.277  4.428  4.341  4.350  4.472  4.522  4.454  4.331  4.301  4.357  4.466  4.304  4.443  4.522  4.382  4.511  4.234  4.234  4.277  4.277  4.217  4.220  4.263  4.202  4.220  4.407  4.304  4.317  4.248  4.277  4.290  4.231  4.127  4.274
4.942  4.836  4.804  5.043  4.898  4.828  4.828  4.840  4.828  5.017  4.898  4.977  5.106  4.835  5.118  4.771  4.828  4.866  5.145  4.963  5.187  4.984  4.881  4.862  4.779  4.699  4.718  4.585  4.464  4.595  4.699  5.030  5.003  4.852  4.949  4.956  4.779  4.984  4.819  4.703  4.812  4.889
5.635  5.451  5.489  5.787  5.656  5.565  5.447  5.442  5.485  5.700  5.576  5.656  5.697  5.481  5.835  5.293  5.613  5.507  5.697  5.704  5.687  5.618  5.468  5.595  5.452  5.455  5.416  5.209  5.069  5.142  5.273  5.476  5.517  5.537  5.501  5.517  5.380  5.728  5.680  5.394  5.451  5.426
