3.584  3.689  3.738  3.526  3.709  3.689  3.709  3.733  3.689  3.857  3.497  3.761  3.813  3.757  3.714  3.714  3.709  3.664  3.689  3.829  3.738  3.761  3.829  3.738  3.611  3.684  3.638  3.555  3.632  3.497  3.638  3.526  3.611  3.638  3.684  3.761  3.570  3.738  3.714  3.584  3.555  3.638
3.526  3.526  3.367  3.401  3.526  3.401  3.459  3.497  3.555  3.584  3.434  3.555  3.526  3.689  3.714  3.664  3.497  3.497  3.664  3.658  3.689  3.550  3.497  3.555  3.428  3.550  3.526  3.401  3.401  3.512  3.401  3.401  3.526  3.611  3.466  3.526  3.466  3.506  3.434  3.296  3.466  3.434
4.718  4.564  4.585  4.419  4.437  4.694  4.344  4.357  4.605  4.852  4.673  4.663  4.585  4.564  4.522  4.564  4.428  4.489  4.564  4.546  4.394  4.454  4.511  4.533  4.796  4.522  4.331  4.220  4.419  4.344  4.331  4.248  4.500  4.290  4.489  4.357  4.317  4.317  4.407  4.437  4.554  4.443
4.543  4.394  4.466  4.290  4.394  4.527  4.419  4.615  4.536  4.500  4.331  4.605  4.466  4.630  4.443  4.256  4.388  4.367  4.410  4.431  4.324  4.477  4.350  4.466  4.511  4.263  4.164  4.220  4.078  4.234  4.263  4.234  4.431  4.394  4.533  4.304  4.111  4.159  4.304  4.263  4.220  4.331
4.344  4.425  4.127  4.270  4.394  4.477  4.394  4.394  4.297  4.317  4.304  4.443  4.277  4.595  4.530  4.428  4.357  4.350  4.394  4.475  4.662  4.500  4.623  4.615  4.335  4.357  4.486  4.311  4.317  4.573  4.573  4.593  4.174  4.357  4.443  4.428  4.382  4.419  4.277  4.341  4.304  4.317
4.942  4.831  4.881  5.003  4.949  4.934  4.871  4.890  4.843  4.997  4.858  4.947  4.890  5.100  5.026  4.927  4.894  4.984  5.024  5.017  5.124  4.938  4.883  4.942  4.691  4.727  4.762  4.754  4.673  4.700  5.004  4.860  4.804  4.787  4.796  4.883  4.860  4.920  4.852  4.595  4.723  4.736
5.252  4.949  5.118  5.130  5.147  5.156  5.100  5.219  5.176  5.384  5.182  5.371  5.220  5.247  5.230  5.011  5.030  5.071  5.288  5.209  5.231  5.130  4.920  5.069  4.954  4.970  4.979  5.063  4.836  4.970  5.030  5.182  5.204  5.283  5.293  5.204  4.924  5.201  5.159  5.037  4.949  5.106
5.013  4.787  4.844  4.942  4.710  4.762  4.787  4.852  4.934  5.088  5.063  4.942  4.898  4.804  4.934  4.762  4.844  4.718  4.970  4.920  4.997  4.840  4.796  4.894  4.654  4.883  4.699  4.710  4.635  4.762  4.691  4.794  4.934  4.933  4.844  4.868  4.649  4.745  4.741  4.712  4.700  4.920
4.382  4.159  4.246  4.335  4.174  4.277  4.190  4.331  4.263  4.522  4.290  4.331  4.443  4.260  4.500  4.060  4.190  4.344  4.460  4.407  4.290  4.159  4.140  4.394  4.135  3.989  4.025  4.348  4.174  4.392  4.187  4.357  4.357  4.060  4.407  4.376  4.205  4.078  4.164  4.143  4.328  4.248
3.738  3.835  3.888  3.664  3.714  3.689  3.714  3.850  4.007  3.892  3.664  3.791  3.912  4.060  4.007  3.658  3.773  3.829  4.007  3.951  3.829  3.850  3.664  3.850  3.807  3.714  3.791  3.892  3.829  3.829  3.555  3.829  4.419  3.761  3.938  3.611  3.611  3.526  3.773  3.738  3.714  3.807
3.584  3.638  3.664  3.714  3.761  3.584  3.892  3.871  3.701  3.846  3.714  3.892  3.932  3.807  3.932  3.918  3.738  3.784  3.761  4.025  3.892  3.892  3.784  3.733  3.611  3.807  3.611  3.689  3.466  3.664  3.689  3.709  3.714  3.689  3.584  3.761  3.611  3.709  3.892  3.611  3.632  3.912
3.638  3.714  3.497  3.791  3.689  3.664  3.689  3.664  3.664  3.967  3.784  3.780  3.761  3.839  3.912  3.632  3.619  3.658  3.967  3.871  3.761  3.738  3.745  3.714  3.555  3.584  3.638  3.714  3.466  3.520  3.584  3.664  3.605  3.761  3.638  3.584  3.611  3.664  3.611  3.526  3.624  3.611
4.690  4.500  4.590  4.804  4.562  4.543  4.691  4.595  4.615  4.754  4.511  4.727  4.824  4.575  4.787  4.625  4.633  4.477  4.769  4.812  4.820  4.654  4.466  4.635  4.466  4.466  4.407  4.263  4.234  4.449  4.428  4.654  4.575  4.635  4.682  4.613  4.454  4.633  4.498  4.367  4.578  4.564
5.287  5.124  5.106  5.375  5.278  5.147  5.252  5.226  5.159  5.288  5.094  5.321  5.394  5.384  5.409  5.109  5.247  5.126  5.394  5.389  5.386  5.220  5.190  5.231  5.278  5.147  5.074  4.927  4.777  4.812  5.013  5.192  5.153  5.303  5.276  5.231  5.103  5.215  5.133  5.030  5.313  5.037
6.042  5.832  6.094  6.011  6.001  6.026  6.003  6.022  6.098  6.184  6.151  6.058  6.064  5.999  6.184  5.911  5.976  5.940  6.188  6.080  6.131  5.932  5.858  5.976  6.094  5.911  5.838  5.866  5.635  5.924  5.823  6.066  6.017  6.077  6.120  6.006  5.855  6.026  5.920  5.929  5.984  6.033
5.736  5.759  5.749  5.852  5.740  5.740  5.820  5.817  5.806  5.720  5.704  5.762  5.802  5.770  5.819  5.576  5.796  5.588  5.832  5.826  5.926  5.911  5.598  5.753  5.722  5.746  5.649  5.519  5.638  5.666  5.630  5.877  5.783  6.051  6.140  6.038  5.656  5.775  5.613  5.537  5.704  5.576
3.564  3.584  3.512  3.497  3.555  3.434  3.466  3.714  3.526  3.611  3.401  3.689  3.689  3.738  3.714  3.466  3.526  3.689  3.611  3.714  3.689  3.497  3.611  3.611  3.466  3.611  3.401  3.611  3.584  3.466  3.535  3.555  3.497  3.638  3.638  3.466  3.664  3.401  3.526  3.714  3.490  3.434
3.664  3.490  3.332  3.434  3.638  3.258  3.367  3.401  3.664  3.526  3.395  3.434  3.761  3.689  3.664  3.434  3.497  3.555  3.555  3.709  3.526  3.555  3.401  3.401  3.401  3.434  3.401  3.497  3.219  3.555  3.520  3.466  3.466  3.466  3.466  3.490  3.466  3.584  3.434  3.428  3.434  3.584
4.743  4.533  4.727  4.714  4.595  4.575  4.449  4.605  4.668  4.736  4.760  4.710  4.933  4.824  4.966  4.595  4.554  4.804  4.787  4.844  4.718  4.615  4.673  4.786  4.625  4.564  4.595  4.734  4.431  4.505  4.585  4.662  4.654  4.625  4.615  4.475  4.600  4.595  4.657  4.615  4.662  4.552
4.394  4.382  4.588  4.694  4.543  4.382  4.500  4.454  4.690  4.625  4.489  4.500  4.779  4.760  4.866  4.394  4.331  4.500  4.710  4.663  4.745  4.554  4.431  4.608  4.585  4.454  4.543  4.673  4.256  4.564  4.477  4.500  4.564  4.431  4.564  4.500  4.431  4.369  4.477  4.431  4.633  4.654
5.390  5.283  5.196  5.297  5.287  5.476  5.303  5.273  5.380  5.375  5.384  5.381  5.549  5.505  5.545  5.257  5.303  5.278  5.356  5.438  5.384  5.340  5.373  5.544  5.198  5.153  5.318  5.303  5.187  5.136  5.204  5.118  5.226  5.263  5.318  5.346  5.322  5.347  5.347  5.322  5.112  5.241
3.932  4.025  3.951  4.043  4.025  3.807  4.007  4.007  4.060  4.060  4.043  3.951  4.156  4.281  4.205  3.888  3.951  4.025  4.151  4.159  4.248  4.025  4.174  4.174  3.892  3.912  3.970  3.850  3.807  4.094  4.066  3.951  4.007  4.004  3.932  4.156  4.007  4.094  4.025  3.970  3.829  3.867
