5.117  5.023  4.875  4.883  4.900  4.885  4.727  4.898  4.934  5.072  5.063  5.011  5.063  4.927  4.959  4.820  4.554  4.850  4.802  5.004  4.792  4.868  5.040  4.979  4.663  4.635  4.718  4.787  4.644  4.812  4.920  4.654  4.860  4.754  4.820  4.942  4.819  4.844  4.989  4.756  4.682  4.787
5.311  5.252  5.130  5.147  5.105  5.228  5.118  5.252  5.063  5.280  5.225  5.297  5.193  5.209  5.204  5.124  4.820  5.011  5.112  5.063  5.117  5.056  5.075  5.086  5.016  4.963  4.997  4.804  4.654  4.847  4.968  4.868  5.024  4.970  5.037  5.056  4.934  5.064  4.973  4.952  4.927  5.100
5.168  5.106  5.099  5.123  5.112  5.112  5.193  5.081  5.142  5.183  5.153  5.147  5.118  5.165  5.130  5.153  5.142  5.004  5.165  5.182  5.317  5.173  5.004  5.255  5.050  5.055  5.072  4.934  4.997  4.954  5.159  5.081  4.934  5.183  5.187  5.198  5.124  4.987  5.094  4.890  5.042  4.984
4.775  4.812  4.708  4.642  4.736  4.844  4.997  4.812  4.949  4.856  4.787  4.890  4.874  4.771  4.787  4.883  4.777  4.635  4.852  4.762  4.999  4.920  4.787  4.811  4.779  4.762  4.745  4.625  4.787  4.790  4.942  4.796  4.787  4.823  4.771  4.898  4.883  4.699  4.635  4.549  4.564  4.762
3.714  3.850  3.714  3.892  3.689  3.829  3.989  3.970  3.807  4.143  3.807  4.083  4.159  4.111  4.094  3.761  3.784  3.829  3.892  4.025  3.850  3.829  3.714  3.928  3.912  3.709  3.584  3.738  3.689  3.638  3.664  3.689  3.738  3.745  3.867  3.807  3.761  3.738  3.555  3.658  3.664  3.829
3.780  3.738  3.738  3.733  3.784  3.829  3.791  3.871  3.738  3.970  3.807  3.829  3.871  3.839  3.892  3.807  3.738  3.714  3.912  3.970  3.912  3.584  3.611  3.807  3.638  3.619  3.807  3.584  3.619  3.584  3.738  3.689  3.632  3.664  3.738  3.526  3.584  3.709  3.638  3.701  3.434  3.824
4.404  4.127  4.270  4.220  4.304  4.425  4.350  4.297  4.466  4.522  4.477  4.472  4.407  4.248  4.673  4.234  4.174  4.277  4.369  4.386  4.443  4.224  4.277  4.234  4.111  4.205  4.419  4.241  4.040  4.116  4.288  4.220  4.234  4.277  4.159  4.190  4.248  4.304  4.317  4.127  4.205  4.205
3.784  3.638  3.541  3.611  3.714  3.535  3.684  3.738  3.632  3.807  3.638  3.829  3.818  3.761  3.912  3.584  3.684  3.638  3.738  4.022  3.802  3.714  3.658  3.750  3.738  3.638  3.738  3.624  3.584  3.564  3.813  3.689  3.584  3.689  3.611  3.632  3.497  3.584  3.550  3.434  3.466  3.664
5.313  5.075  5.209  5.272  4.913  5.118  5.327  5.283  5.313  5.371  5.231  5.434  5.318  5.189  5.273  5.165  5.323  5.176  5.476  5.451  5.489  5.371  5.156  5.209  5.242  5.182  5.118  4.875  4.900  5.063  5.063  5.056  5.308  5.204  5.293  5.193  5.088  5.283  4.931  5.106  5.153  5.298
4.419  4.263  4.413  4.382  4.248  4.205  4.428  4.344  4.564  4.466  4.443  4.615  4.489  4.394  4.407  4.431  4.530  4.394  4.500  4.466  4.562  4.369  4.248  4.500  4.382  4.382  4.304  4.317  4.220  4.132  4.263  4.369  4.443  4.357  4.475  4.220  4.277  4.248  4.231  4.304  4.248  4.428
5.075  5.140  5.333  5.176  4.977  4.990  4.977  4.977  5.017  5.094  5.340  5.179  5.030  4.905  4.970  4.927  4.804  4.942  5.139  5.308  5.108  4.942  4.787  5.225  4.920  4.635  4.787  4.812  4.790  5.247  4.905  4.963  5.081  4.898  4.883  4.959  4.963  4.875  4.796  4.804  4.856  4.771
4.736  4.554  4.913  4.585  4.500  4.762  4.745  4.585  4.575  4.754  4.585  4.682  4.832  4.605  4.615  4.511  4.652  4.500  4.800  4.691  4.633  4.605  4.454  4.644  4.503  4.344  4.369  4.454  4.344  4.454  4.489  4.736  4.644  4.466  4.575  4.573  4.369  4.354  4.454  4.382  4.382  4.489
6.021  5.945  5.892  6.019  6.045  5.980  5.892  5.981  5.955  5.932  5.835  5.497  6.045  6.075  6.084  5.908  5.782  5.864  5.924  5.970  5.951  5.872  5.956  6.019  5.673  5.782  5.644  5.617  5.595  5.472  5.753  5.769  5.724  5.707  5.869  5.908  5.852  5.768  5.872  5.779  5.614  5.849
6.374  6.337  6.286  6.335  6.261  6.328  6.385  6.373  6.328  6.233  6.170  5.763  6.387  6.394  6.449  6.271  6.169  6.192  6.392  6.207  6.410  6.303  6.292  6.402  6.098  6.146  6.054  6.043  5.961  5.832  6.257  6.127  6.161  6.219  6.221  6.234  6.284  6.181  6.181  6.196  6.097  6.125
4.205  3.951  4.304  4.043  3.989  4.171  3.892  4.248  3.970  4.281  3.970  4.156  4.290  4.143  4.190  3.932  4.143  4.060  4.288  4.220  4.284  4.159  3.951  4.094  4.043  3.888  3.824  4.043  3.850  3.989  3.928  3.970  4.025  4.025  4.069  4.317  3.989  4.171  3.932  3.967  4.007  4.007
3.976  3.784  3.761  3.908  3.892  3.619  3.807  3.738  3.784  4.025  3.714  3.951  4.174  3.970  3.871  3.611  3.738  3.738  3.645  3.970  4.007  3.761  3.784  3.761  3.970  3.638  3.689  3.611  3.526  3.466  3.689  3.714  3.846  3.784  3.850  4.060  3.829  3.638  3.664  3.871  3.738  3.689
4.942  4.844  4.920  4.786  4.979  4.942  4.970  4.727  4.700  5.246  4.633  4.970  4.868  4.663  4.984  4.644  4.644  5.056  5.183  4.920  5.004  4.652  4.700  4.828  5.042  4.673  4.745  4.585  4.466  4.511  4.573  4.762  4.820  4.819  4.787  4.745  4.573  4.783  4.820  4.745  4.654  4.812
5.943  5.805  5.892  6.034  5.938  5.905  5.875  5.883  5.994  6.003  5.914  6.040  6.036  5.951  6.116  5.826  5.935  5.903  6.000  6.018  6.071  5.930  5.986  6.059  5.753  5.788  5.866  5.737  5.732  5.790  5.849  6.019  5.905  5.911  6.043  5.970  5.922  5.945  5.885  5.814  5.820  5.722
4.357  4.317  4.419  4.277  4.575  4.522  4.407  4.392  4.452  4.554  4.635  4.443  4.635  4.615  4.691  4.357  4.344  4.357  4.610  4.613  4.564  4.477  4.466  4.533  4.234  4.367  4.407  4.205  4.205  4.234  4.263  4.290  4.357  4.533  4.248  4.489  4.317  4.419  4.369  4.369  4.511  4.248
3.689  4.159  3.951  3.871  3.951  4.025  3.951  4.040  4.043  4.151  3.951  4.111  4.328  4.263  4.328  4.043  3.989  4.057  4.174  4.094  4.187  3.989  4.091  4.190  3.951  3.829  4.022  3.829  3.807  3.932  3.912  4.127  3.829  4.025  4.034  3.989  4.057  3.989  3.912  3.912  3.761  3.932
4.605  4.500  4.673  4.654  4.605  4.682  4.585  4.654  4.595  4.673  4.533  4.625  4.828  4.794  4.852  4.585  4.710  4.575  4.787  4.777  4.828  4.564  4.682  4.654  4.700  4.516  4.511  4.431  4.489  4.511  4.630  4.533  4.573  4.564  4.625  4.779  4.654  4.605  4.443  4.419  4.431  4.603
4.511  4.315  4.394  4.331  4.431  4.331  4.317  4.511  4.454  4.654  4.443  4.522  4.644  4.673  4.710  4.419  4.331  4.520  4.505  4.615  4.554  4.419  4.443  4.431  4.111  4.260  4.263  4.477  4.143  4.174  4.331  4.331  4.483  4.263  4.382  4.492  4.205  4.419  4.344  4.380  4.234  4.297
