5.182  5.088  4.984  5.009  5.011  5.170  5.037  5.118  5.147  5.252  5.226  5.204  5.159  4.989  5.143  5.004  4.963  4.980  5.193  5.103  5.063  4.934  5.004  5.032  4.860  4.894  5.017  4.844  4.710  4.924  4.762  4.835  5.024  4.963  5.056  5.056  4.959  5.040  4.820  4.956  4.927  5.037
5.169  4.977  5.235  5.201  5.155  5.183  5.159  5.233  5.037  5.292  5.124  5.280  5.278  5.050  5.142  5.030  4.997  4.913  5.252  5.257  5.252  5.094  4.958  5.130  5.030  4.970  4.997  4.984  4.881  5.007  4.875  4.949  5.106  5.088  5.130  5.024  5.100  5.017  4.980  4.986  4.898  5.198
4.828  4.844  4.736  4.700  4.804  4.820  4.812  4.796  4.779  4.949  4.804  4.828  4.990  4.890  5.016  4.858  4.663  4.883  4.875  4.831  4.949  4.779  4.828  4.847  4.605  4.511  4.820  4.654  4.543  4.815  4.852  4.644  4.605  4.762  4.727  4.804  4.812  4.820  4.745  4.754  4.691  4.754
5.124  4.990  5.115  4.956  5.056  5.088  5.112  4.961  5.030  5.193  5.094  5.176  5.247  5.088  5.187  5.182  5.063  5.081  5.100  5.153  5.187  5.088  5.063  5.219  4.905  5.011  5.030  4.860  4.866  4.920  5.037  4.997  4.934  5.017  4.963  5.075  5.100  5.075  5.147  4.927  4.890  5.050
4.762  4.700  4.598  4.699  4.595  4.546  4.663  4.710  4.671  4.836  4.625  4.745  4.804  4.765  4.820  4.654  4.605  4.489  4.620  4.743  4.812  4.522  4.666  4.682  4.530  4.595  4.654  4.431  4.382  4.388  4.623  4.477  4.522  4.710  4.500  4.630  4.615  4.486  4.511  4.605  4.481  4.605
4.234  4.263  4.111  4.057  4.078  4.025  4.094  4.369  4.124  4.220  4.234  4.277  4.324  4.344  4.373  4.205  4.043  4.074  4.119  4.290  4.205  4.174  4.187  4.277  4.007  4.111  4.190  3.951  3.912  3.932  3.932  4.078  4.007  4.111  4.111  4.025  3.892  4.043  4.220  3.951  4.040  4.078
5.011  5.112  4.905  4.949  4.832  4.920  5.086  5.007  5.004  5.252  5.203  5.100  5.220  5.130  5.081  4.980  5.011  4.852  5.081  4.890  5.130  5.099  5.153  5.106  4.898  4.691  4.883  4.756  4.580  4.819  4.920  4.990  4.952  4.913  5.153  4.973  4.844  4.762  4.831  4.902  4.726  4.844
5.545  5.371  5.273  5.273  5.361  5.394  5.318  5.398  5.421  5.645  5.529  5.460  5.468  5.371  5.529  5.361  5.366  5.249  5.429  5.382  5.468  5.402  5.398  5.452  5.236  5.204  5.318  5.182  5.187  5.247  5.389  5.263  5.263  5.308  5.416  5.233  5.328  5.226  5.316  5.153  5.118  5.242
4.274  4.043  4.304  4.234  4.256  4.290  4.344  4.304  4.380  4.369  4.127  4.382  4.567  4.369  4.344  4.248  4.284  4.156  4.382  4.407  4.331  4.263  4.190  4.564  3.989  3.932  4.174  4.174  4.007  4.174  4.148  4.174  4.419  4.256  3.970  4.190  4.246  4.127  4.419  4.174  4.111  4.060
4.331  4.475  4.357  4.500  4.454  4.477  4.431  4.419  4.564  4.593  4.331  4.454  4.638  4.498  4.804  4.407  4.520  4.241  4.466  4.673  4.727  4.477  4.464  4.477  4.514  4.500  4.304  4.220  4.263  4.394  4.530  4.489  4.431  4.477  4.541  4.454  4.469  4.401  4.380  4.234  4.477  4.533
5.576  5.286  5.529  5.460  5.429  5.517  5.273  5.529  5.489  5.677  5.466  5.620  5.613  5.490  5.656  5.379  5.236  5.493  5.464  5.629  5.384  5.124  5.252  5.198  5.303  5.318  5.298  5.434  5.153  5.037  5.066  5.026  5.303  5.335  5.246  5.361  5.318  5.468  5.438  5.340  5.236  5.394
4.718  4.567  4.533  4.575  4.625  4.760  4.583  4.615  4.673  4.804  4.727  4.623  4.927  4.773  4.868  4.543  4.644  4.682  4.615  4.782  4.700  4.559  4.562  4.511  4.522  4.663  4.443  4.454  4.460  4.522  4.511  4.357  4.533  4.623  4.620  4.727  4.543  4.503  4.466  4.443  4.625  4.533
4.595  4.466  4.595  4.633  4.662  4.654  4.570  4.769  4.883  4.732  4.605  4.700  4.890  4.710  4.990  4.443  4.615  4.920  4.804  4.868  4.883  4.489  4.610  4.762  4.509  4.419  4.404  4.509  4.256  4.357  4.288  4.559  4.635  4.443  4.743  4.644  4.511  4.593  4.454  4.522  4.564  4.520
5.094  5.075  5.176  5.231  5.081  5.242  5.050  5.037  5.179  5.352  5.133  5.263  5.283  5.011  5.481  5.118  5.094  5.204  5.349  5.313  5.366  5.088  5.027  5.204  4.970  4.977  5.004  4.990  4.691  4.787  4.835  4.890  5.052  5.050  4.997  5.030  4.836  5.100  5.011  4.954  5.037  4.959
4.407  4.231  4.344  4.500  4.475  4.277  4.238  4.380  4.304  4.404  4.241  4.284  4.416  4.357  4.503  4.344  4.407  4.380  4.304  4.530  4.511  4.277  4.344  4.324  4.159  4.304  4.220  4.094  3.932  4.004  4.304  4.248  4.277  4.043  4.143  4.143  4.127  4.248  4.304  4.331  4.205  4.143
4.727  4.598  4.836  4.796  4.595  4.736  4.428  4.644  4.745  4.676  4.682  4.792  4.812  4.875  4.902  4.691  4.511  4.860  4.748  4.815  4.866  4.836  4.687  4.708  4.635  4.428  4.475  4.407  4.205  4.382  4.718  4.625  4.710  4.564  4.570  4.625  4.630  4.671  4.673  4.625  4.514  4.564
4.382  4.317  4.620  4.500  4.431  4.469  4.304  4.431  4.369  4.522  4.382  4.419  4.477  4.533  4.654  4.428  4.369  4.227  4.407  4.600  4.357  4.404  4.174  4.440  4.344  4.171  4.331  4.304  4.091  4.284  4.443  4.205  4.483  4.335  4.533  4.376  4.174  4.248  4.369  4.263  4.277  4.263
5.357  4.924  5.264  5.398  5.198  5.147  4.970  5.242  5.204  5.298  5.102  5.338  5.449  5.214  5.438  5.037  5.056  5.088  5.333  5.501  5.270  5.100  5.017  5.130  5.003  4.920  4.868  4.942  4.710  4.868  4.812  4.905  5.182  5.103  5.159  5.130  4.949  5.302  5.165  5.050  5.147  5.165
3.850  3.738  3.784  3.784  3.932  3.738  3.824  3.818  3.784  3.912  3.738  3.824  4.043  4.091  4.094  3.892  3.664  4.004  3.967  4.205  4.025  3.714  3.846  3.989  3.714  3.761  3.714  3.738  3.466  3.664  3.638  3.807  3.784  3.651  3.912  3.791  3.850  3.750  3.745  3.738  3.611  3.912
3.951  3.714  3.761  3.912  3.912  3.846  3.761  3.784  3.850  3.877  3.951  3.961  4.194  4.043  4.007  3.761  3.761  3.784  3.932  4.274  3.912  3.932  3.738  3.912  3.689  3.696  3.733  3.638  3.611  3.784  3.714  3.689  4.007  3.689  3.714  3.807  3.738  3.813  3.761  3.689  3.912  3.761
6.895  6.628  6.801  6.918  6.855  6.839  6.763  6.819  6.811  6.911  6.914  6.828  6.935  6.741  6.829  6.732  6.774  6.838  6.956  6.987  6.878  6.842  6.711  6.851  6.841  6.782  6.707  6.786  6.693  6.659  6.815  7.006  7.015  7.323  7.258  7.111  6.683  6.879  6.832  6.823  6.733  6.860
6.293  6.131  6.236  6.356  6.271  6.195  6.188  6.242  6.273  6.310  6.389  6.269  6.397  6.292  6.339  6.237  6.211  6.176  6.342  6.400  6.282  6.229  6.226  6.358  6.230  6.230  6.201  6.232  6.111  6.187  6.205  6.225  6.242  6.246  6.353  6.254  6.100  6.252  6.264  6.190  6.234  6.240
