6.361  6.201  5.958  5.979  6.192  6.205  6.256  5.897  6.148  6.279  6.206  6.223  6.139  6.131  6.129  6.033  5.886  6.136  5.986  5.967  6.220  6.277  6.165  6.201  6.084  6.238  6.121  6.135  6.103  6.084  6.177  6.100  5.924  6.006  6.212  6.166  6.174  6.043  5.979  6.172  6.045  5.938
4.958  4.787  4.585  4.970  4.847  4.854  4.972  4.800  4.945  4.963  4.975  4.956  4.868  4.752  4.860  4.804  4.710  4.615  4.663  4.804  4.875  5.036  4.771  4.875  4.893  4.879  4.732  4.682  4.762  4.654  4.605  4.852  4.736  4.796  5.124  4.736  4.902  4.673  4.663  4.615  4.762  4.635
6.663  6.394  6.559  6.423  6.568  6.590  6.567  6.580  6.571  6.682  6.572  6.690  6.533  6.428  6.558  6.462  6.443  6.544  6.699  6.504  6.547  6.524  6.488  6.439  6.535  6.565  6.447  6.521  6.230  6.410  6.386  6.420  6.439  6.532  6.588  6.532  6.506  6.429  6.410  6.475  6.399  6.575
5.740  5.575  5.579  5.503  5.541  5.537  5.762  5.638  5.762  5.869  5.792  5.796  5.755  5.561  5.774  5.505  5.595  5.620  5.835  5.670  5.817  5.733  5.690  5.645  5.455  5.609  5.517  5.476  5.313  5.492  5.421  5.455  5.541  5.652  5.742  5.525  5.609  5.416  5.537  5.451  5.487  5.513
5.187  5.043  5.209  4.900  5.308  5.182  4.970  5.037  5.130  5.175  5.298  5.285  5.219  5.263  5.260  5.153  4.919  5.204  5.130  4.890  5.047  5.056  5.124  5.088  5.075  5.159  5.056  5.099  4.827  5.088  5.124  4.913  4.905  5.001  4.963  5.075  5.193  5.100  5.088  5.268  5.029  5.139
4.234  4.202  4.270  4.274  4.288  4.277  4.277  4.205  4.425  4.363  4.277  4.321  4.394  4.382  4.489  4.224  4.094  4.304  4.357  4.187  4.288  4.263  4.290  4.369  4.127  4.394  4.248  4.174  4.108  4.127  4.277  4.127  4.143  4.317  4.328  4.263  4.220  4.187  4.124  4.174  4.127  4.060
6.661  6.498  6.553  6.441  6.627  6.645  6.578  6.546  6.612  6.744  6.585  6.690  6.675  6.593  6.604  6.514  6.450  6.628  6.624  6.496  6.535  6.521  6.560  6.421  6.535  6.511  6.532  6.391  6.297  6.439  6.415  6.407  6.392  6.548  6.568  6.485  6.513  6.441  6.474  6.531  6.452  6.554
4.934  4.792  4.868  4.718  4.673  4.828  4.875  4.771  4.700  4.913  4.727  4.850  4.997  4.710  4.874  4.718  4.727  4.682  4.883  4.644  4.970  4.727  4.739  4.787  4.700  4.682  4.666  4.552  4.522  4.595  4.700  4.552  4.522  4.860  4.727  4.680  4.779  4.554  4.538  4.492  4.477  4.635
5.609  5.313  5.541  5.338  5.505  5.645  5.429  5.580  5.507  5.808  5.564  5.724  5.730  5.598  5.670  5.435  5.187  5.533  5.687  5.507  5.394  5.357  5.384  5.147  5.347  5.269  5.298  5.198  4.875  5.108  5.288  5.017  5.338  5.398  5.268  5.358  5.394  5.318  5.468  5.406  5.371  5.412
3.726  3.664  3.611  3.757  3.611  3.611  3.584  3.664  3.638  3.768  3.676  3.761  3.761  3.714  3.714  3.632  3.761  3.738  3.638  3.970  3.877  3.689  3.664  3.738  3.526  3.526  3.624  3.434  3.401  3.296  3.434  3.434  3.638  3.555  3.526  3.689  3.526  3.638  3.664  3.578  3.555  3.658
6.535  5.926  6.297  6.223  6.488  6.339  6.089  6.314  6.340  6.469  6.409  6.504  6.402  6.325  6.385  6.096  5.793  6.248  6.461  6.243  6.170  5.820  5.991  5.956  6.075  6.071  5.961  6.059  5.400  5.680  5.979  5.743  6.095  6.186  5.969  6.068  5.930  6.214  6.182  6.236  5.974  6.244
3.912  3.761  3.611  4.007  3.932  3.784  3.871  3.807  3.871  4.060  3.957  3.932  3.989  3.951  4.078  3.664  3.714  3.871  3.951  3.932  4.148  3.829  3.867  3.829  3.802  3.689  3.818  3.611  3.367  3.526  3.584  3.761  3.912  3.829  3.689  3.850  3.757  3.807  3.761  3.714  3.761  3.701
6.566  6.098  6.479  6.418  6.496  6.420  6.114  6.337  6.337  6.575  6.413  6.450  6.519  6.389  6.423  6.184  6.010  6.405  6.443  6.469  6.111  5.966  6.052  6.068  6.125  6.254  6.146  6.311  5.870  6.047  6.040  5.845  6.237  6.159  6.110  6.265  6.174  6.430  6.324  6.332  6.157  6.323
4.977  4.694  4.963  4.804  4.927  4.905  4.530  4.858  4.951  5.220  4.820  4.913  4.942  4.920  5.011  4.652  4.494  4.811  4.949  4.938  4.745  4.533  4.717  4.710  4.407  4.769  4.605  4.726  4.301  4.394  4.564  4.248  4.717  4.585  4.543  4.663  4.562  4.754  4.736  4.736  4.509  4.633
5.730  5.133  5.645  5.366  5.652  5.633  5.298  5.548  5.412  5.684  5.659  5.707  5.749  5.543  5.609  5.313  5.117  5.663  5.602  5.641  5.361  5.093  5.075  5.242  5.193  5.353  5.338  5.572  4.905  4.977  5.106  5.050  5.384  5.242  5.176  5.394  5.100  5.631  5.598  5.553  5.357  5.533
3.807  3.761  3.985  3.912  3.761  3.738  3.526  3.611  3.714  3.938  3.738  3.733  3.850  3.989  3.970  3.714  3.912  3.714  3.850  4.043  3.871  3.824  3.638  3.784  3.664  3.611  3.709  3.761  3.611  3.867  3.714  3.807  3.861  3.714  3.802  3.434  3.892  3.829  3.761  3.784  3.611  3.638
5.927  5.587  5.775  5.759  5.790  5.782  5.673  5.793  5.749  5.855  5.666  5.845  5.883  5.618  5.881  5.447  5.493  5.609  5.951  5.846  5.773  5.590  5.651  5.648  5.746  5.900  5.681  5.670  5.465  5.548  5.583  5.638  5.787  5.849  5.659  5.753  5.690  5.775  5.677  5.892  5.781  5.889
5.050  4.980  5.056  5.069  5.075  4.949  4.934  5.075  5.088  5.176  5.182  5.252  5.083  5.140  5.264  4.832  4.898  4.982  5.127  5.106  5.257  4.970  4.883  5.034  5.075  5.124  4.956  4.852  4.808  4.844  4.828  4.905  5.011  4.997  5.094  5.069  4.836  4.934  4.852  4.920  5.024  5.037
6.170  5.759  6.073  6.066  6.094  6.174  5.869  6.067  5.935  6.068  5.928  6.185  6.198  5.988  6.194  5.814  5.684  6.134  6.207  6.075  5.927  5.678  5.677  5.659  6.071  5.976  5.846  5.995  5.521  5.525  5.768  5.616  5.941  5.989  5.855  5.811  5.817  6.238  6.089  6.031  5.969  6.108
4.723  4.727  4.431  4.443  4.610  4.615  4.394  4.357  4.489  4.533  4.443  4.575  4.771  4.694  4.754  4.644  4.522  4.494  4.700  4.489  4.796  4.466  4.477  4.401  4.635  4.511  4.317  4.431  4.111  4.277  4.466  4.416  4.466  4.464  4.543  4.554  4.394  4.585  4.522  4.386  4.407  4.464
6.653  6.513  6.371  6.269  6.561  6.509  6.336  6.490  6.497  6.588  6.658  6.594  6.700  6.635  6.617  6.392  6.236  6.622  6.542  6.375  6.340  6.323  6.506  6.432  6.295  6.378  6.422  6.489  6.138  6.286  6.460  6.120  6.279  6.409  6.332  6.468  6.449  6.418  6.510  6.507  6.138  6.354
4.543  4.727  4.304  4.290  4.431  4.562  4.369  4.205  4.466  4.564  4.691  4.613  4.710  4.739  4.860  4.331  4.304  4.615  4.454  4.443  4.489  4.394  4.585  4.600  4.304  4.205  4.407  4.190  4.205  4.190  4.369  4.007  4.043  4.202  4.440  4.509  4.159  4.277  4.401  4.500  4.091  4.241
