5.389  5.153  5.278  5.333  5.323  5.485  5.242  5.384  5.147  5.403  5.296  5.298  5.403  5.187  5.303  5.347  5.142  5.187  5.247  5.368  5.308  5.236  5.198  5.178  5.075  4.949  5.118  5.017  4.710  4.956  5.037  5.075  5.292  5.106  5.017  5.093  5.100  5.227  5.106  5.105  5.185  5.142
6.161  5.835  6.078  6.040  5.951  6.052  5.883  6.019  5.961  6.054  6.073  5.973  6.073  5.952  5.994  5.878  5.846  5.964  5.915  6.028  5.987  5.889  5.796  5.905  5.778  5.694  5.717  5.690  5.501  5.685  5.842  5.724  5.841  5.760  5.771  5.832  5.858  6.003  5.934  5.832  5.900  5.918
3.709  3.578  4.048  3.584  3.584  3.664  3.555  3.689  3.664  3.802  3.592  3.757  3.912  3.689  3.611  3.714  3.684  3.638  3.784  3.850  3.738  3.555  3.611  3.714  3.689  3.638  3.497  3.664  3.434  3.506  3.578  3.555  3.829  3.555  3.658  3.611  3.689  3.466  3.550  3.296  3.555  3.584
4.174  4.127  4.140  4.151  3.951  3.892  4.078  3.951  4.007  4.190  4.060  4.159  4.167  4.078  4.060  3.967  4.060  3.970  4.025  4.205  4.127  4.078  3.932  4.025  3.850  3.714  3.932  3.850  3.761  3.995  3.928  3.989  3.947  4.025  3.912  3.871  3.871  3.807  3.892  3.829  3.871  4.007
6.760  6.637  6.574  6.703  6.599  6.588  6.690  6.616  6.635  6.864  6.786  6.770  6.826  6.648  6.816  6.571  6.657  6.522  6.763  6.690  6.731  6.649  6.591  6.619  6.516  6.478  6.514  6.454  6.306  6.404  6.620  6.514  6.538  6.605  6.702  6.604  6.592  6.540  6.607  6.460  6.525  6.534
6.447  6.410  6.256  6.290  6.314  6.297  6.392  6.308  6.323  6.534  6.526  6.443  6.493  6.428  6.455  6.258  6.295  6.240  6.480  6.288  6.477  6.405  6.347  6.365  6.159  6.197  6.182  6.121  6.111  6.148  6.337  6.207  6.258  6.335  6.399  6.299  6.299  6.301  6.326  6.205  6.153  6.206
3.970  3.871  4.078  3.970  3.932  3.850  4.078  4.043  3.807  3.912  3.898  3.998  4.094  3.850  4.159  3.970  4.040  3.829  4.025  3.922  3.995  3.902  3.932  4.057  3.850  3.709  3.726  3.807  3.807  3.967  3.989  4.025  3.850  3.871  3.912  3.989  3.745  3.985  3.951  3.807  3.892  3.871
4.836  4.771  4.913  4.905  4.927  4.990  4.812  4.970  4.732  5.094  4.977  5.017  5.159  4.890  5.037  4.952  4.779  4.820  4.984  4.963  4.979  4.934  4.920  4.777  4.567  4.736  4.663  4.625  4.663  4.727  4.745  4.796  4.756  4.868  4.924  4.952  4.783  4.977  4.796  4.836  4.911  4.889
4.543  4.443  4.630  4.657  4.481  4.554  4.575  4.615  4.522  4.552  4.564  4.699  4.671  4.564  4.787  4.541  4.477  4.500  4.762  4.718  4.745  4.762  4.489  4.700  4.699  4.620  4.373  4.331  4.277  4.407  4.443  4.533  4.635  4.554  4.570  4.554  4.630  4.554  4.431  4.454  4.511  4.533
4.260  4.094  4.231  4.111  4.209  4.111  4.094  4.103  4.025  4.234  4.317  4.304  4.382  4.248  4.315  4.135  4.205  4.043  4.277  4.220  4.234  4.078  4.143  4.344  4.127  4.040  4.060  4.078  4.074  4.094  3.989  4.159  4.043  4.007  4.127  4.111  4.091  4.304  3.912  3.989  3.912  4.078
3.951  3.632  3.632  3.689  3.761  3.555  3.807  3.871  3.434  3.714  3.651  3.780  3.871  3.871  3.829  3.658  3.784  3.684  3.807  3.932  3.813  3.761  3.638  3.658  3.761  3.689  3.605  3.658  3.555  3.597  3.638  3.829  3.689  3.850  3.689  3.738  3.434  3.829  4.554  3.526  3.638  3.750
3.555  3.684  3.664  3.632  3.638  3.490  3.638  3.584  3.526  3.813  3.434  3.696  3.784  3.714  3.638  3.638  3.584  3.555  3.638  3.638  3.638  3.611  3.555  3.555  3.555  3.584  3.611  3.497  3.401  3.584  3.434  3.733  3.714  3.466  3.638  3.555  3.664  3.497  5.204  3.466  3.401  3.497
3.995  3.689  3.951  3.850  3.738  3.829  3.761  3.850  3.850  4.111  3.689  3.892  4.094  3.951  3.985  3.829  3.784  3.689  3.932  3.932  4.007  3.908  3.829  3.761  3.761  3.784  3.850  3.839  3.584  3.835  3.912  3.932  3.850  3.850  3.951  3.922  3.850  3.738  3.584  3.584  3.689  3.791
3.957  3.714  3.922  4.007  3.989  3.829  3.922  4.060  3.970  3.970  3.912  3.932  4.078  4.111  4.060  3.850  4.022  3.892  4.143  4.060  4.224  3.871  3.780  4.111  3.912  3.932  3.689  3.867  3.584  3.829  3.738  3.976  4.004  3.829  3.989  3.892  3.784  3.871  3.951  3.784  3.807  3.928
4.290  4.234  4.231  4.290  4.234  4.140  4.143  4.190  4.234  4.344  4.277  4.382  4.317  4.376  4.419  4.205  4.369  4.086  4.404  4.489  4.407  4.317  4.248  4.277  4.127  4.127  4.174  4.016  4.025  4.159  4.263  4.159  4.159  4.277  4.357  4.277  4.135  4.290  4.159  4.103  4.174  4.190
4.025  3.850  4.043  4.108  4.007  3.928  3.912  3.951  3.871  4.331  3.714  4.043  4.060  3.989  4.060  3.942  3.892  3.892  3.998  4.119  4.263  3.829  4.007  4.111  3.951  3.846  3.829  3.807  3.912  3.912  3.738  3.829  4.111  3.888  4.007  3.928  3.850  3.784  3.912  3.928  3.951  3.784
4.025  3.970  3.761  4.078  3.932  4.091  3.951  3.989  3.967  3.970  3.912  3.951  4.143  3.912  4.140  3.738  3.989  4.007  4.171  4.103  4.127  4.069  4.099  4.078  3.928  3.784  3.784  3.871  3.638  3.861  3.951  3.892  3.912  3.850  3.784  3.912  3.995  3.912  3.807  3.892  4.031  3.871
4.156  4.205  4.127  4.317  4.382  4.304  4.224  4.270  4.111  4.227  4.174  4.304  4.466  4.443  4.500  4.205  4.234  4.127  4.404  4.373  4.357  4.317  4.277  4.304  4.094  4.060  4.205  4.060  4.025  4.060  4.143  4.277  4.248  4.159  4.317  4.220  4.078  4.241  4.159  4.190  3.932  4.263
4.511  4.595  4.543  4.575  4.527  4.443  4.543  4.489  4.573  4.522  4.489  4.522  4.700  4.710  4.831  4.522  4.407  4.382  4.644  4.815  4.633  4.530  4.477  4.625  4.422  4.554  4.398  4.419  4.290  4.413  4.477  4.394  4.635  4.585  4.700  4.573  4.344  4.500  4.541  4.431  4.546  4.509
4.094  3.989  4.060  4.127  4.007  3.829  3.970  4.220  4.111  4.094  3.892  4.248  4.220  4.304  4.335  3.912  4.025  3.947  4.143  4.331  4.263  4.174  3.892  4.060  4.248  4.220  4.025  3.892  3.951  3.892  3.928  4.143  4.043  4.111  4.043  4.004  3.951  4.159  3.892  4.025  4.140  4.148
3.839  3.714  3.768  3.807  3.526  3.555  3.714  3.638  3.761  3.892  3.664  3.780  4.025  4.060  3.951  3.689  3.829  3.761  3.829  3.784  3.989  3.829  3.932  3.664  3.526  3.689  3.738  3.709  3.526  3.733  3.611  3.784  3.761  3.761  4.190  3.584  3.555  3.714  3.784  3.714  3.780  3.466
4.190  4.060  4.234  4.078  4.205  4.317  4.060  4.094  4.159  4.380  4.111  4.143  4.277  4.350  4.304  4.159  4.277  4.248  4.344  4.419  4.328  4.331  4.263  4.190  4.234  4.078  4.040  4.171  3.932  3.989  4.220  4.078  4.127  3.989  4.522  4.140  4.111  4.119  4.094  4.369  4.043  4.140
