4.736  4.533  4.477  4.710  4.718  4.585  4.580  4.559  4.638  4.749  4.605  4.690  4.712  4.754  4.644  4.654  4.494  4.642  4.431  4.700  4.625  4.543  4.585  4.676  4.511  4.511  4.466  4.511  4.382  4.431  4.404  4.522  4.557  4.564  4.443  4.440  4.654  4.533  4.443  4.533  4.295  4.595
4.031  4.078  4.048  4.025  3.871  4.094  3.967  3.970  4.124  3.989  4.078  4.060  4.151  3.989  4.022  4.043  3.912  4.156  4.007  4.060  4.078  4.111  4.060  4.060  3.989  3.714  3.807  3.892  3.738  4.031  3.932  3.970  4.004  3.970  3.871  3.867  3.892  3.892  4.025  3.761  3.846  4.074
4.913  4.538  4.625  4.477  4.700  4.786  4.635  4.673  4.730  4.883  4.804  4.804  4.885  4.800  4.760  4.654  4.443  4.779  4.625  4.663  4.718  4.585  4.699  4.811  4.357  4.357  4.649  4.654  4.288  4.522  4.605  4.341  4.522  4.533  4.546  4.644  4.500  4.554  4.898  4.779  4.440  4.625
3.850  3.829  3.871  3.791  3.738  3.738  3.638  3.784  3.846  3.807  3.829  3.970  3.850  4.007  4.190  3.738  3.850  3.761  3.892  4.094  3.989  4.004  3.938  3.976  3.714  3.664  3.768  3.829  3.611  3.714  3.689  3.761  3.912  3.733  3.871  3.784  3.664  3.773  3.638  3.714  3.689  3.738
4.796  4.511  4.690  4.745  4.386  4.700  4.644  4.575  4.820  4.812  4.350  4.771  4.691  4.625  4.680  4.522  4.625  4.654  4.852  4.820  4.623  4.718  4.554  4.543  4.654  4.522  4.500  4.466  4.331  4.625  4.585  4.509  4.710  4.654  4.700  4.570  4.509  4.533  4.440  4.615  4.593  4.727
3.932  3.850  4.007  3.970  3.807  4.116  4.094  4.007  4.174  3.989  3.829  4.025  4.094  3.989  4.132  3.932  3.932  3.761  4.007  3.892  4.127  3.947  3.912  3.938  4.094  3.932  3.807  3.846  3.850  3.807  3.714  3.928  4.007  3.951  3.807  3.918  3.824  3.912  3.784  3.807  3.892  3.998
3.932  3.714  3.733  3.701  4.043  3.947  3.761  3.892  4.116  4.043  3.912  4.094  4.025  3.947  3.947  3.807  3.850  3.871  4.315  4.007  3.951  3.824  3.871  3.947  3.951  3.892  3.892  3.850  3.738  3.867  3.784  3.888  3.989  3.912  3.761  3.818  3.888  3.784  3.951  3.638  3.738  3.877
3.738  3.738  3.638  3.689  3.689  3.846  3.871  3.761  3.750  3.807  3.526  3.738  3.714  3.773  3.898  3.807  3.664  3.761  3.892  3.829  3.784  3.689  3.802  3.738  3.773  3.664  3.611  3.689  3.526  3.738  3.738  3.701  3.714  3.784  3.584  3.784  3.611  3.664  3.466  3.497  3.750  3.611
4.956  4.802  4.940  4.820  4.883  4.844  4.816  4.777  4.787  4.956  4.913  4.828  4.905  4.836  4.997  4.812  4.673  4.816  4.883  4.879  4.920  4.820  4.792  4.883  4.754  4.605  4.625  4.852  4.625  4.573  4.831  4.718  4.771  4.635  4.792  4.843  4.771  4.700  4.663  4.727  4.762  4.691
4.437  4.234  4.410  4.331  4.357  4.317  4.190  4.248  4.190  4.382  4.143  4.511  4.416  4.234  4.357  4.238  4.260  4.317  4.317  4.344  4.248  4.174  4.263  4.369  4.174  3.871  4.331  4.078  3.928  4.074  4.288  4.190  4.328  4.078  4.238  4.212  4.094  4.174  4.091  4.234  4.078  4.078
5.298  5.182  5.127  5.118  5.193  5.170  5.181  5.069  5.153  5.308  5.315  5.259  5.328  5.307  5.323  5.198  5.384  5.318  5.150  5.195  5.257  5.052  5.187  5.147  5.088  5.055  5.016  5.120  4.844  4.965  5.256  5.088  5.152  5.112  5.159  5.161  5.182  5.193  5.106  5.139  4.934  5.036
5.136  5.147  5.175  5.063  5.153  5.118  5.133  5.024  5.042  5.389  5.273  5.118  5.236  5.182  5.193  5.112  5.193  5.124  5.124  5.231  5.318  5.170  5.094  5.318  4.956  4.796  5.030  4.973  4.934  4.919  5.373  5.109  5.037  5.129  5.140  5.135  5.030  5.108  5.204  5.063  4.927  4.942
4.635  4.489  4.593  4.635  4.718  4.710  4.419  4.620  4.654  4.644  4.538  4.673  4.820  4.682  4.787  4.615  4.317  4.705  4.630  4.666  4.554  4.509  4.673  4.787  4.543  4.416  4.419  4.595  4.078  4.263  4.593  4.419  4.662  4.557  4.431  4.575  4.525  4.564  4.798  4.533  4.416  4.533
5.276  5.220  5.472  5.145  5.242  5.325  5.282  5.317  5.236  5.328  5.215  5.247  5.442  5.354  5.394  5.088  5.094  5.264  5.352  5.338  5.288  5.230  5.118  5.323  5.153  5.088  5.236  5.108  4.843  4.990  5.121  5.024  5.293  5.129  5.179  5.176  5.106  5.257  4.984  5.209  5.170  5.226
4.143  3.932  4.190  4.025  4.057  4.074  4.187  4.124  4.182  4.281  4.007  4.202  4.331  4.290  4.341  4.057  3.912  4.078  4.159  4.284  4.290  4.143  3.932  4.108  3.970  4.190  3.951  4.007  3.761  3.932  4.007  3.989  4.060  4.025  4.111  4.078  3.951  4.231  4.156  3.989  4.174  4.025
4.234  4.025  4.143  4.140  4.205  4.220  4.060  4.277  4.111  4.281  4.127  4.190  4.452  4.277  4.344  4.094  4.022  4.111  4.220  4.301  4.357  4.108  4.094  4.127  4.025  4.078  4.007  4.025  3.912  4.007  4.007  4.007  4.220  4.007  4.111  4.135  3.892  4.108  4.043  3.970  4.135  4.060
5.425  5.298  5.354  5.472  5.379  5.489  5.360  5.371  5.375  5.561  5.404  5.468  5.476  5.470  5.549  5.380  5.296  5.509  5.472  5.371  5.521  5.416  5.404  5.489  5.425  5.252  5.352  5.198  5.118  5.296  5.333  5.220  5.451  5.389  5.429  5.437  5.345  5.209  5.340  5.402  5.357  5.425
5.849  5.652  5.836  5.778  5.788  5.875  5.838  5.802  5.762  6.031  5.806  5.969  6.033  5.915  6.043  5.969  5.883  6.122  5.911  5.817  5.861  5.765  5.781  5.782  5.647  5.631  5.746  5.609  5.604  5.617  5.740  5.732  5.872  5.707  5.883  5.883  5.866  5.609  5.727  5.733  5.649  5.943
4.043  4.135  4.190  4.116  3.970  4.127  4.025  4.025  4.205  4.060  4.190  4.043  4.220  4.234  4.331  3.871  3.989  4.127  4.217  4.174  4.205  4.094  3.985  4.124  3.861  4.060  4.174  4.205  3.850  3.970  4.060  3.850  4.111  4.151  4.234  3.784  4.124  4.127  3.938  4.094  4.007  4.143
3.555  3.584  3.696  3.584  3.497  3.658  3.367  3.526  3.611  3.555  3.497  3.611  3.829  3.714  3.761  3.526  3.550  3.526  3.871  3.829  3.676  3.689  3.611  3.584  3.466  3.555  3.497  3.555  3.555  3.714  3.584  3.738  3.611  3.555  3.541  3.689  3.584  3.611  3.481  3.367  3.434  3.555
5.011  4.913  4.920  4.898  5.037  5.023  4.885  4.896  4.860  4.956  4.973  4.990  5.226  5.075  5.136  4.963  4.942  4.984  5.096  5.094  5.088  5.030  5.004  5.004  4.898  4.868  4.762  4.970  4.663  4.796  4.875  4.885  4.927  5.056  4.919  5.030  4.947  5.024  4.854  4.934  4.754  4.990
4.839  4.945  4.868  5.009  4.890  4.940  4.885  4.870  4.860  4.920  4.986  4.956  5.142  5.037  5.081  5.004  4.970  5.030  5.111  5.050  5.170  5.004  4.961  5.074  4.905  4.905  4.782  4.800  4.820  4.734  4.905  4.820  5.050  4.920  4.871  4.984  5.043  4.997  4.968  4.812  4.949  4.942
