5.525  5.438  5.460  5.357  5.357  5.521  5.490  5.455  5.482  5.602  5.525  5.509  5.537  5.468  5.501  5.533  5.300  5.302  5.338  5.412  5.493  5.447  5.394  5.476  5.403  5.338  5.371  5.263  5.142  5.242  5.288  5.268  5.349  5.313  5.455  5.347  5.268  5.231  5.257  5.297  5.228  5.361
5.063  4.990  5.094  4.951  4.954  4.945  5.014  5.081  4.956  5.242  5.118  5.187  5.081  5.218  5.056  5.056  4.942  4.894  4.977  5.069  5.124  5.198  5.081  5.153  4.963  4.844  5.004  4.836  4.905  4.836  4.920  4.970  4.934  4.887  4.963  4.982  4.970  4.926  4.949  4.828  4.779  4.959
4.754  4.585  4.595  4.727  4.732  4.680  4.663  4.792  4.654  4.787  4.752  4.762  4.700  4.691  4.779  4.736  4.630  4.533  4.754  4.868  4.595  4.578  4.522  4.625  4.623  4.477  4.573  4.500  4.431  4.522  4.543  4.682  4.745  4.615  4.708  4.595  4.428  4.605  4.623  4.663  4.477  4.691
4.040  3.961  4.016  3.951  3.985  3.871  3.967  4.143  4.007  3.989  4.052  4.016  4.043  4.004  4.060  3.970  4.007  3.951  4.127  4.111  3.829  3.970  3.888  3.932  3.970  3.970  3.989  3.795  3.784  3.970  3.912  3.846  3.871  4.052  3.829  3.824  3.871  3.938  3.932  3.989  3.807  3.928
4.615  4.354  4.477  4.533  4.443  4.511  4.663  4.443  4.317  4.635  4.522  4.615  4.745  4.710  4.605  4.511  4.522  4.511  4.663  4.595  4.771  4.595  4.443  4.585  4.489  4.533  4.357  4.419  4.248  4.477  4.466  4.477  4.428  4.443  4.533  4.489  4.567  4.344  4.554  4.533  4.290  4.564
4.454  4.533  4.357  4.369  4.317  4.331  4.595  4.369  4.297  4.382  4.369  4.522  4.625  4.407  4.736  4.350  4.466  4.277  4.585  4.554  4.464  4.437  4.422  4.369  4.357  4.263  4.248  4.304  4.205  4.304  4.425  4.369  4.234  4.419  4.500  4.477  4.369  4.304  4.407  4.344  4.127  4.554
4.975  5.017  5.075  5.100  4.927  4.933  4.940  5.042  5.011  4.990  5.026  5.117  5.164  5.024  5.075  4.836  4.919  4.875  5.069  5.130  5.100  4.970  4.844  4.942  4.937  4.963  4.898  4.836  4.615  4.762  4.883  4.832  4.860  5.056  5.024  4.905  4.700  4.954  4.963  4.796  4.927  4.942
5.056  4.890  5.063  5.011  4.934  5.036  5.030  5.021  5.112  5.037  4.956  5.215  5.100  5.004  5.056  4.866  4.934  4.894  5.037  5.030  5.050  4.905  4.934  4.956  4.868  4.956  4.836  4.745  4.633  4.804  4.819  4.862  4.956  4.984  4.828  4.847  4.905  4.860  4.942  4.844  4.949  4.942
5.793  5.697  5.787  5.811  5.680  5.787  5.789  5.670  5.875  5.739  5.413  5.624  5.817  5.687  5.833  5.598  5.738  5.760  5.894  5.781  5.924  5.861  5.808  5.930  5.811  5.826  5.824  5.561  5.438  5.553  5.580  5.700  5.700  5.627  5.716  5.657  5.602  5.697  5.572  5.670  5.677  5.765
5.707  5.622  5.561  5.621  5.622  5.652  5.676  5.559  5.645  5.602  5.340  5.389  5.617  5.606  5.743  5.476  5.631  5.598  5.714  5.557  5.829  5.727  5.656  5.806  5.561  5.617  5.511  5.425  5.380  5.393  5.533  5.568  5.586  5.652  5.545  5.641  5.513  5.442  5.455  5.474  5.541  5.580
4.205  4.094  4.127  4.103  4.094  4.159  4.091  4.164  4.127  4.116  4.004  3.892  4.220  4.398  4.380  4.078  4.143  4.004  4.348  4.263  4.205  4.179  4.094  4.573  4.074  4.091  4.135  4.127  3.989  3.892  3.970  4.078  4.078  3.985  3.970  4.007  4.174  3.985  3.850  4.060  4.111  3.912
4.043  3.850  4.078  3.932  4.135  4.043  3.970  4.234  4.111  4.159  3.839  3.761  4.277  4.043  4.220  4.007  3.989  4.007  4.277  4.174  4.205  3.932  4.057  4.007  3.912  3.989  4.025  3.985  3.892  4.022  3.989  4.016  4.111  3.932  4.060  4.007  4.007  3.970  3.824  3.784  3.829  3.850
5.204  4.970  5.037  5.053  5.153  5.153  5.063  4.997  4.942  5.283  5.118  5.153  5.235  5.037  5.159  4.909  4.898  5.147  5.169  5.030  5.094  4.952  5.203  5.278  4.836  4.875  4.828  4.828  4.663  4.868  4.913  4.875  4.924  4.836  4.860  4.898  4.920  4.796  4.970  4.919  4.828  4.927
5.118  5.176  4.934  4.970  4.984  5.037  4.860  4.890  5.088  5.127  5.204  5.130  5.256  5.088  5.187  4.968  4.890  5.042  5.075  4.920  5.145  5.030  5.130  5.273  4.913  4.875  4.990  4.820  4.796  4.875  4.868  4.787  4.875  4.824  4.911  5.032  4.907  4.736  4.920  4.896  4.745  4.796
3.745  3.850  3.738  3.757  3.689  3.584  3.689  3.689  3.807  3.714  3.555  3.807  3.932  3.829  3.912  3.638  3.829  3.638  3.892  3.871  3.780  3.850  3.750  3.829  3.689  3.689  3.664  3.824  3.526  3.611  3.584  3.651  3.689  3.689  3.664  3.761  3.632  3.664  3.526  3.520  3.434  3.638
3.526  3.526  3.738  3.689  3.651  3.526  3.555  3.664  3.684  3.784  3.738  3.714  3.768  3.714  3.714  3.490  3.714  4.111  3.807  3.802  3.807  3.555  3.555  3.584  3.550  3.555  3.526  3.584  3.466  3.497  3.434  3.696  3.664  3.466  3.664  3.611  3.550  3.611  3.466  3.555  3.611  3.638
4.673  4.575  4.625  4.505  4.700  4.727  4.522  4.595  4.794  4.663  4.554  4.771  4.816  4.804  4.889  4.635  4.610  4.600  4.934  4.762  4.844  4.585  4.752  4.718  4.595  4.630  4.538  4.511  4.376  4.328  4.543  4.595  4.554  4.615  4.691  4.522  4.630  4.554  4.466  4.575  4.466  4.511
4.190  4.094  4.159  4.074  4.174  4.234  4.007  4.159  4.127  4.220  4.060  4.304  4.410  4.443  4.382  3.932  4.143  4.159  4.263  4.277  4.431  4.132  4.290  4.317  4.111  4.043  4.103  4.159  3.871  4.025  4.103  4.094  4.060  4.190  4.220  4.190  4.124  4.060  4.132  4.025  4.094  4.127
5.147  5.094  5.115  5.366  5.198  5.142  5.159  5.142  5.187  5.254  5.209  5.203  5.147  5.165  5.338  5.158  5.130  5.153  5.328  5.318  5.247  5.301  5.247  5.333  5.247  5.225  5.268  5.017  5.043  4.977  5.024  5.219  5.173  5.127  5.187  5.156  5.069  5.140  5.011  5.043  5.063  5.192
5.737  5.808  5.775  6.035  5.820  5.765  5.724  5.844  5.781  5.758  5.768  5.824  5.900  5.796  6.052  5.786  5.766  5.849  6.149  6.190  6.067  6.426  6.402  6.398  6.693  6.619  6.696  5.572  5.663  5.595  5.720  5.775  5.892  5.736  5.720  5.784  5.737  5.823  5.694  5.762  5.901  5.817
4.541  4.575  4.543  4.575  4.554  4.554  4.416  4.585  4.454  4.782  4.509  4.595  4.654  4.583  4.605  4.380  4.477  4.615  4.575  4.575  4.575  4.394  4.564  4.509  4.431  4.382  4.452  4.394  4.431  4.443  4.466  4.431  4.625  4.494  4.472  4.419  4.419  4.404  4.625  4.520  4.489  4.575
3.638  3.555  3.638  3.664  3.664  3.738  3.578  3.584  3.584  3.689  3.550  3.689  3.850  3.912  3.829  3.738  3.664  3.689  3.835  4.043  3.912  3.664  3.689  3.850  3.824  3.807  3.584  3.829  3.638  3.638  3.689  3.738  3.761  3.807  3.951  3.761  3.466  3.714  3.638  3.497  3.611  3.611
