6.375  6.125  6.190  6.089  6.234  6.328  6.221  6.211  6.284  6.248  6.267  6.312  6.295  6.212  6.303  6.221  5.996  6.205  6.323  6.125  6.168  6.120  6.109  6.159  6.155  6.144  6.131  6.138  5.846  6.054  6.118  5.989  6.071  6.153  6.114  6.118  6.073  5.988  5.955  6.111  6.004  6.236
4.554  4.625  4.552  4.382  4.344  4.489  4.736  4.413  4.511  4.477  4.527  4.710  4.762  4.736  4.662  4.554  4.431  4.458  4.564  4.570  4.588  4.477  4.454  4.407  4.625  4.489  4.498  4.357  4.190  4.290  4.394  4.398  4.357  4.392  4.554  4.431  4.489  4.248  4.263  4.304  4.331  4.190
5.379  5.241  5.247  5.106  5.272  5.403  5.153  5.357  5.386  5.553  5.485  5.323  5.425  5.438  5.409  5.338  4.984  5.412  5.325  5.150  5.159  5.043  5.283  5.153  4.938  5.198  5.204  5.124  4.963  5.100  5.308  4.745  4.984  5.182  5.029  5.121  5.182  5.252  5.198  5.231  4.947  5.198
4.691  4.477  4.500  4.220  4.593  4.588  4.554  4.595  4.593  4.904  4.652  4.623  4.710  4.727  4.792  4.552  4.317  4.533  4.464  4.595  4.511  4.615  4.419  4.559  4.350  4.419  4.419  4.543  4.197  4.260  4.754  4.277  4.304  4.443  4.452  4.538  4.419  4.489  4.543  4.363  4.288  4.369
6.452  6.198  6.284  6.326  6.335  6.405  6.361  6.351  6.365  6.542  6.463  6.456  6.444  6.380  6.549  6.297  6.234  6.373  6.448  6.422  6.400  6.280  6.304  6.309  6.161  6.180  6.170  6.280  6.073  6.174  6.251  6.184  6.249  6.253  6.293  6.258  6.271  6.366  6.356  6.335  6.170  6.265
6.428  6.231  6.304  6.358  6.292  6.401  6.415  6.307  6.337  6.490  6.460  6.454  6.407  6.424  6.460  6.335  6.292  6.288  6.431  6.330  6.476  6.303  6.351  6.423  6.184  6.229  6.129  6.152  6.103  6.129  6.334  6.290  6.299  6.365  6.328  6.340  6.303  6.354  6.297  6.310  6.192  6.278
6.207  5.927  6.028  6.082  6.059  6.031  6.002  6.026  6.066  6.211  6.068  6.203  6.107  6.027  6.054  5.914  5.922  5.943  6.147  6.133  6.035  5.969  5.930  6.023  5.908  5.899  5.900  5.922  5.768  5.846  5.869  5.887  6.028  6.006  6.011  5.882  5.998  6.011  5.924  5.900  5.908  5.903
5.529  5.451  5.468  5.521  5.489  5.762  5.711  5.464  5.670  5.781  5.595  5.710  5.631  5.545  5.673  5.561  5.472  5.298  5.710  5.673  5.517  5.497  5.447  5.513  5.303  5.338  5.501  5.467  5.236  5.407  5.429  5.559  5.497  5.283  5.740  5.549  5.537  5.425  5.464  5.416  5.403  5.561
5.413  5.398  5.434  5.394  5.182  5.308  5.384  5.313  5.573  5.598  5.389  5.642  5.497  5.328  5.468  5.236  5.318  5.455  5.434  5.365  5.499  5.394  5.403  5.407  5.323  5.296  5.303  5.268  5.170  5.273  5.252  5.181  5.176  5.278  5.283  5.267  5.415  5.130  5.371  5.197  5.241  5.352
4.811  4.794  4.745  4.800  4.644  4.800  4.931  4.820  5.030  5.043  4.835  4.905  4.949  4.762  4.787  4.635  4.779  4.796  4.828  4.852  5.006  4.844  4.883  4.913  4.635  4.663  4.644  4.635  4.554  4.710  4.762  4.691  4.625  4.820  4.754  4.700  4.700  4.554  4.718  4.477  4.595  4.710
5.709  5.513  5.595  5.501  5.631  5.561  5.535  5.466  5.497  5.637  5.545  5.583  5.615  5.559  5.606  5.521  5.340  5.635  5.634  5.452  5.539  5.423  5.472  5.525  5.434  5.464  5.485  5.422  5.328  5.416  5.485  5.351  5.468  5.583  5.409  5.583  5.561  5.613  5.568  5.515  5.288  5.589
4.710  4.331  4.595  4.564  4.477  4.500  4.407  4.500  4.486  4.564  4.543  4.644  4.595  4.575  4.625  4.317  4.341  4.615  4.575  4.613  4.522  4.331  4.394  4.380  4.344  4.477  4.369  4.454  4.111  4.369  4.382  4.132  4.290  4.509  4.394  4.466  4.511  4.489  4.419  4.454  4.394  4.475
4.836  4.828  4.804  4.754  4.852  4.835  4.739  4.828  4.700  4.898  4.812  4.898  4.844  4.762  4.820  4.828  4.663  4.852  4.868  4.682  4.977  4.828  4.736  4.787  4.489  4.564  4.718  4.673  4.520  4.505  4.730  4.657  4.575  4.644  4.710  4.754  4.745  4.727  4.635  4.673  4.522  4.685
5.501  5.017  5.407  5.302  5.450  5.276  5.074  5.395  5.380  5.375  5.242  5.416  5.424  5.303  5.374  5.045  5.081  5.440  5.600  5.537  5.303  4.965  5.055  5.106  5.352  5.447  5.100  5.247  4.843  5.024  5.100  5.011  5.577  5.252  5.037  5.147  5.165  5.440  5.187  5.182  5.305  5.472
4.564  4.394  4.494  4.443  4.443  4.344  4.317  4.394  4.530  4.454  4.369  4.533  4.533  4.331  4.727  4.220  4.224  4.585  4.443  4.500  4.575  4.489  4.454  4.443  4.357  4.190  4.290  4.148  4.187  4.220  4.248  4.281  4.205  4.419  4.174  4.394  4.248  4.304  4.541  4.357  4.190  4.311
4.466  4.187  4.344  4.489  4.437  4.511  4.443  4.431  4.486  4.525  4.394  4.787  4.516  4.543  4.618  4.220  4.431  4.428  4.644  4.663  4.595  4.290  4.220  4.205  4.434  4.449  4.277  4.407  4.094  4.246  4.043  4.190  4.477  4.248  4.413  4.369  4.220  4.394  4.357  4.234  4.331  4.533
5.415  5.165  5.187  5.328  5.268  5.384  5.204  5.333  5.361  5.398  5.366  5.384  5.366  5.403  5.371  5.247  5.143  5.371  5.407  5.416  5.257  5.278  5.303  5.247  5.146  5.209  5.226  5.273  5.124  5.069  5.176  5.130  5.094  5.112  5.338  5.176  5.242  5.273  5.170  5.256  5.182  5.242
4.705  4.727  4.820  4.852  4.874  4.875  4.736  4.717  4.940  4.860  4.907  4.938  5.056  4.874  4.922  4.844  4.783  4.754  4.913  4.820  4.963  4.820  4.828  4.947  4.671  4.600  4.700  4.812  4.762  4.635  4.779  4.762  4.710  4.700  4.875  4.796  4.868  4.844  4.718  4.843  4.615  4.745
6.951  6.639  6.778  6.801  6.841  6.730  6.719  6.752  6.772  6.882  6.901  6.860  6.886  6.775  6.795  6.729  6.621  6.911  6.834  6.930  6.665  6.685  6.762  6.718  6.725  6.802  6.709  6.805  6.497  6.529  6.705  6.636  6.758  6.816  6.722  6.733  6.656  6.764  6.831  6.810  6.767  6.854
5.758  5.606  5.730  5.724  5.734  5.595  5.592  5.550  5.749  5.704  5.880  5.707  5.807  5.649  5.753  5.609  5.619  5.642  5.710  5.742  5.762  5.631  5.613  5.778  5.565  5.661  5.617  5.609  5.394  5.384  5.606  5.391  5.663  5.713  5.620  5.754  5.579  5.666  5.578  5.527  5.613  5.726
5.464  5.170  5.230  5.227  5.384  5.366  5.170  5.313  5.323  5.493  5.476  5.307  5.521  5.493  5.493  5.263  5.176  5.549  5.406  5.288  5.147  5.049  5.242  5.220  5.029  5.142  5.278  5.375  4.970  5.153  5.193  4.898  5.247  5.225  5.176  5.209  5.252  5.283  5.247  5.226  5.209  5.342
3.611  3.664  3.611  3.555  3.611  3.784  3.658  3.726  3.882  3.908  3.738  3.829  3.970  4.111  4.148  3.689  3.807  3.839  3.912  3.961  3.989  3.714  3.829  3.850  3.689  3.745  3.951  3.638  3.638  3.611  3.605  3.714  3.638  3.738  3.684  3.912  3.584  3.605  3.850  3.497  3.497  3.839
