3.714  3.466  3.689  3.584  3.632  3.584  3.632  3.871  3.555  3.664  3.611  3.738  3.761  3.664  3.738  3.632  3.701  3.664  3.738  3.784  3.932  3.689  3.829  3.761  3.584  3.497  3.584  3.611  3.555  3.689  3.605  3.638  3.611  3.761  3.526  3.733  3.664  3.738  3.701  3.555  3.401  3.658
3.892  3.912  3.932  3.738  3.898  3.807  3.651  3.898  3.738  3.850  3.888  3.784  4.007  3.829  3.989  3.829  3.738  3.850  3.912  3.989  3.784  4.007  3.857  3.912  3.709  3.611  3.689  3.738  3.689  3.689  3.555  3.684  3.813  3.761  3.761  3.807  3.757  3.850  3.807  3.664  3.638  3.784
4.844  4.700  4.956  4.752  4.860  4.944  4.820  4.890  4.804  4.868  4.835  5.043  5.056  4.844  4.963  4.812  4.779  4.677  4.860  4.984  5.011  4.743  4.766  4.811  4.820  4.580  4.700  4.477  4.277  4.466  4.752  4.804  4.638  4.691  4.771  4.736  4.710  4.828  4.710  4.727  4.673  4.836
5.566  5.264  5.505  5.695  5.595  5.680  5.308  5.366  5.323  5.476  5.342  5.455  5.434  5.252  5.425  5.283  5.231  5.381  5.485  5.396  5.447  5.273  5.231  5.342  5.043  5.108  5.118  5.100  4.673  4.963  5.047  5.153  5.219  5.074  5.100  5.193  5.094  5.263  5.247  5.242  5.152  5.333
5.298  5.013  5.293  5.198  5.196  5.112  4.970  5.215  4.868  5.384  5.215  5.124  5.318  5.056  5.288  5.117  4.868  4.883  5.278  5.263  5.088  5.099  4.958  5.100  5.047  5.007  5.075  4.766  4.503  4.927  4.871  4.828  4.440  5.030  4.890  4.942  4.828  5.088  5.030  4.905  4.828  5.142
4.514  4.304  4.220  4.263  4.260  4.290  4.263  4.174  4.060  4.595  4.231  4.234  4.477  4.227  4.190  4.331  4.277  4.217  4.357  4.363  4.277  4.135  4.466  4.407  4.317  4.060  4.205  4.317  4.022  4.220  4.190  4.043  3.871  4.392  4.234  4.263  4.025  4.263  4.143  4.212  4.074  4.205
5.088  4.913  5.097  4.984  4.898  4.920  4.963  4.860  4.905  4.934  4.898  5.004  4.996  5.118  5.136  4.874  4.883  4.984  4.927  4.970  5.050  4.915  4.860  4.977  4.820  4.787  4.828  4.691  4.605  4.769  4.815  4.820  4.819  4.875  4.883  5.027  4.820  4.956  4.820  4.745  4.564  4.852
4.500  4.108  4.567  4.394  4.407  4.394  4.277  4.205  4.382  4.431  4.304  4.277  4.533  4.454  4.489  4.363  4.394  4.404  4.386  4.522  4.466  4.174  4.304  4.580  4.380  4.124  4.260  4.143  4.025  4.369  4.212  4.205  4.469  4.317  4.220  4.341  4.290  4.263  4.301  4.212  4.290  4.331
4.220  3.970  3.918  3.951  3.985  3.970  3.850  4.043  4.007  4.205  4.078  4.108  4.143  4.004  4.241  3.871  4.007  3.912  4.025  4.043  4.159  3.850  3.871  3.932  3.871  3.689  3.922  3.871  3.818  3.892  3.951  3.989  3.867  3.871  3.871  3.871  3.850  3.784  4.060  3.829  3.611  3.871
4.007  3.912  3.908  3.932  3.892  3.892  3.912  4.007  4.060  4.190  4.025  4.022  3.989  3.970  4.025  4.025  3.912  3.912  4.111  4.074  4.078  3.912  3.850  3.912  3.829  4.007  4.031  3.807  3.850  3.846  4.004  3.912  3.871  3.850  3.850  3.824  3.784  3.807  4.052  3.892  3.829  3.807
3.784  3.784  3.664  3.871  3.824  3.605  3.611  3.638  3.497  3.932  3.664  3.892  4.043  3.902  4.025  3.784  3.714  3.761  3.784  3.871  3.784  3.850  3.689  3.726  3.689  3.611  3.664  3.689  3.714  3.664  3.738  3.689  3.664  3.689  3.780  3.829  3.638  3.664  3.664  3.696  3.434  3.761
3.434  3.611  3.466  3.714  3.497  3.466  3.520  3.721  3.395  3.497  3.584  3.578  3.829  3.989  3.689  3.611  3.658  3.638  3.888  3.784  3.709  3.664  3.555  3.689  3.466  3.466  3.638  3.555  3.466  3.684  3.520  3.658  3.584  3.466  3.605  3.434  3.555  3.555  3.497  3.490  3.418  3.555
3.951  3.850  3.961  3.989  4.025  3.850  3.757  3.829  3.850  4.060  3.912  4.078  4.143  4.004  4.111  3.807  3.947  3.761  4.111  4.078  4.099  3.912  3.989  4.143  3.995  3.802  3.846  3.807  3.761  3.829  3.738  3.970  3.970  3.912  3.989  3.951  3.784  3.807  3.784  3.871  3.714  3.784
3.813  3.714  3.738  3.829  3.664  3.689  3.555  3.757  3.709  3.638  3.750  3.784  3.932  3.871  3.947  3.689  3.611  3.757  3.807  3.932  3.908  3.664  3.761  3.761  3.714  3.714  3.664  3.555  3.578  3.638  3.584  3.714  3.721  3.689  3.714  3.611  3.638  3.555  3.555  3.555  3.714  3.664
4.419  4.431  4.452  4.443  4.317  4.419  4.263  4.466  4.477  4.464  4.227  4.552  4.644  4.663  4.663  4.263  4.419  4.344  4.628  4.635  4.454  4.357  4.311  4.404  4.394  4.511  4.256  4.407  4.248  4.209  4.317  4.277  4.454  4.357  4.382  4.344  4.369  4.367  4.321  4.187  4.263  4.380
4.094  4.127  4.094  4.143  4.007  3.951  4.004  4.171  3.989  4.143  4.078  4.324  4.331  4.234  4.388  3.784  4.052  4.190  4.260  4.357  4.331  4.094  3.970  4.111  4.057  4.111  3.871  3.951  3.850  3.892  3.892  4.007  4.111  4.025  4.156  4.034  4.043  3.942  4.052  3.892  4.025  4.119
4.779  4.440  4.595  4.673  4.644  4.533  4.500  4.647  4.554  4.736  4.578  4.736  4.820  4.610  4.843  4.464  4.489  4.511  4.796  4.691  4.585  4.613  4.564  4.663  4.357  4.394  4.440  4.407  4.369  4.308  4.498  4.454  4.554  4.543  4.500  4.554  4.443  4.466  4.533  4.466  4.486  4.605
5.024  4.836  4.929  4.949  4.920  4.933  4.796  4.796  4.787  5.109  4.934  4.919  4.956  4.860  4.977  4.635  4.836  4.779  4.984  5.100  4.963  4.920  4.718  4.836  4.718  4.635  4.663  4.652  4.522  4.590  4.585  4.868  4.721  4.779  4.890  4.843  4.682  4.741  4.820  4.710  4.860  4.804
3.658  3.784  3.664  3.871  3.689  3.584  3.689  3.611  3.714  3.807  3.738  3.689  3.807  4.007  3.970  3.761  3.738  3.714  3.871  3.807  3.784  3.738  3.784  3.784  3.611  3.555  3.664  3.638  3.550  3.689  3.784  3.584  3.664  3.555  3.714  3.664  3.466  3.638  3.638  3.829  3.611  3.689
3.714  3.738  3.761  3.555  3.807  3.584  3.497  3.664  3.684  3.829  3.664  3.738  3.726  3.908  3.892  3.497  3.684  3.807  3.784  3.761  3.761  3.761  3.689  3.912  3.459  3.632  3.664  3.689  3.520  3.555  3.664  3.611  3.638  3.689  3.555  3.526  3.578  3.497  3.555  3.497  3.466  3.689
4.116  4.111  4.234  4.317  4.094  4.277  4.078  3.912  4.205  4.234  4.132  4.143  4.431  4.394  4.369  4.127  4.234  4.025  4.522  4.290  4.248  4.159  4.220  4.344  3.888  4.060  4.078  4.094  3.932  4.094  4.043  4.182  4.143  4.111  4.205  4.007  3.970  3.989  4.078  4.091  4.094  4.190
3.714  3.658  3.829  3.807  3.761  3.714  3.709  3.807  3.850  3.784  3.807  3.871  4.040  4.025  3.932  3.829  3.951  3.829  3.892  3.912  4.007  3.780  3.807  3.784  3.684  3.784  3.846  3.802  3.761  3.689  3.611  3.802  3.773  3.714  3.892  3.689  3.738  3.761  3.829  3.520  3.689  3.611
