5.433  5.455  5.509  5.277  5.268  5.501  4.860  5.407  5.545  5.557  5.673  5.578  5.389  5.513  5.617  5.434  5.130  5.638  5.568  5.472  5.521  5.481  5.553  5.642  5.165  5.357  5.042  5.106  5.118  5.236  5.257  5.153  5.318  5.283  5.379  5.455  5.024  5.247  5.476  4.883  4.934  5.412
5.203  5.170  5.159  5.004  4.990  5.063  4.663  5.142  5.142  5.286  5.303  5.282  5.136  5.268  5.347  5.215  4.700  5.303  5.130  5.147  5.142  5.124  5.204  5.273  4.942  4.997  4.832  4.828  4.828  5.011  5.037  4.745  4.934  5.004  5.030  5.153  4.787  5.003  5.024  4.654  4.804  5.029
6.099  5.779  6.023  5.886  5.951  5.958  5.969  6.021  6.023  6.074  5.964  5.973  6.050  6.004  5.986  5.953  5.795  6.068  6.006  5.916  5.988  5.943  5.817  5.979  5.854  5.741  5.787  5.844  5.672  5.717  5.880  5.872  5.796  5.875  5.849  5.914  5.900  5.906  5.808  5.940  5.759  5.914
5.753  5.552  5.697  5.717  5.717  5.649  5.724  5.749  5.727  5.783  5.727  5.827  5.656  5.557  5.700  5.425  5.472  5.434  5.670  5.637  5.620  5.405  5.394  5.598  5.472  5.394  5.278  5.380  5.176  5.272  5.364  5.268  5.533  5.412  5.403  5.371  5.389  5.659  5.472  5.452  5.361  5.617
4.425  4.301  4.394  4.443  4.575  4.489  4.454  4.477  4.382  4.452  4.348  4.585  4.595  4.489  4.654  4.489  4.159  4.533  4.489  4.419  4.466  4.357  4.344  4.460  4.357  4.394  4.331  4.382  4.304  4.304  4.469  4.290  4.241  4.489  4.410  4.331  4.392  4.522  4.277  4.407  4.190  4.344
4.205  4.220  4.091  4.143  4.248  4.234  4.263  4.190  4.315  4.357  4.341  4.344  4.290  4.290  4.500  4.369  4.290  4.220  4.290  4.224  4.382  4.174  4.315  4.248  4.174  4.111  4.103  4.174  4.007  4.156  4.078  4.263  4.174  4.171  4.217  4.263  4.227  4.174  4.022  4.205  4.174  4.111
6.114  5.733  5.911  5.836  6.031  6.047  5.892  5.903  6.010  6.033  5.989  6.098  6.006  5.943  5.980  5.826  5.690  5.864  5.967  5.802  5.945  5.793  5.750  5.743  5.737  5.857  5.781  5.823  5.549  5.666  5.720  5.645  5.753  5.814  5.779  5.886  5.875  5.892  5.855  5.855  5.716  5.866
4.466  4.394  4.357  4.274  4.498  4.511  4.623  4.489  4.595  4.644  4.511  4.522  4.682  4.522  4.727  4.394  4.344  4.394  4.541  4.419  4.635  4.419  4.443  4.419  4.277  4.443  4.419  4.419  4.357  4.220  4.234  4.274  4.159  4.500  4.380  4.477  4.407  4.477  4.419  4.234  4.357  4.486
5.118  5.187  5.106  4.890  5.094  5.069  4.997  5.142  4.997  5.165  4.973  5.063  5.322  5.242  5.198  5.159  5.093  5.242  5.165  5.236  5.242  5.130  5.130  5.242  5.030  5.063  5.172  5.049  4.949  5.088  5.204  5.066  4.956  5.063  5.142  5.049  5.204  5.011  4.997  5.124  4.898  5.136
5.303  5.220  5.203  5.075  5.272  5.384  5.263  5.338  5.136  5.075  5.014  5.118  5.384  5.375  5.451  5.100  4.997  5.231  5.308  5.298  5.434  5.145  5.257  5.273  5.103  5.182  5.156  5.069  4.879  4.977  5.313  5.112  5.078  5.187  5.153  5.146  5.193  5.094  5.088  5.136  5.017  5.263
7.661  7.563  7.646  7.598  7.651  7.720  7.791  7.611  7.706  7.699  7.699  7.649  7.703  7.617  7.796  7.625  7.690  7.580  7.638  7.599  7.898  7.779  7.673  7.757  7.602  7.602  7.510  7.486  7.480  7.533  7.634  7.714  7.490  7.716  7.777  7.708  7.721  7.649  7.644  7.538  7.574  7.579
6.920  6.845  6.867  6.878  6.889  6.943  7.072  6.893  6.980  6.865  7.040  6.888  6.962  6.912  7.062  6.818  6.963  6.868  6.895  6.829  7.202  7.076  6.929  7.028  6.894  6.809  6.878  6.793  6.783  6.758  6.890  6.975  6.831  6.931  7.044  6.982  7.041  6.940  7.007  6.852  6.756  6.819
6.221  6.140  6.197  6.142  6.236  6.236  6.233  6.242  6.230  6.396  6.182  6.328  6.360  6.267  6.366  6.151  6.066  6.282  6.215  6.252  6.217  6.180  6.097  6.180  6.173  6.215  6.068  6.153  5.901  6.084  6.052  6.052  6.084  6.252  6.128  6.223  6.219  6.201  6.125  6.198  6.089  6.180
5.207  5.112  5.138  4.905  5.043  4.949  5.037  5.004  5.011  5.298  5.198  5.159  5.228  5.280  5.204  5.036  5.001  5.170  5.017  5.147  5.147  5.011  5.017  5.127  4.812  4.920  4.927  5.011  4.804  4.883  5.143  4.844  4.754  5.056  4.783  5.032  5.088  4.992  5.014  5.011  4.942  5.024
4.431  4.304  4.588  4.407  4.489  4.466  4.290  4.454  4.382  4.538  4.398  4.443  4.489  4.454  4.564  4.190  4.234  4.443  4.431  4.727  4.407  4.288  4.452  4.610  4.288  4.454  4.220  4.331  4.190  4.231  4.263  4.308  4.369  4.331  4.263  4.454  4.477  4.190  4.443  4.248  4.304  4.369
4.205  4.159  4.127  4.248  4.159  4.174  4.025  4.159  4.234  4.317  4.205  4.246  4.220  4.304  4.304  4.094  4.078  4.190  4.124  4.331  4.260  4.143  4.091  4.220  4.124  4.040  4.171  4.043  4.074  3.922  4.171  4.171  4.143  4.135  4.040  4.190  4.043  4.227  4.174  4.025  3.951  4.060
5.894  5.635  5.829  5.802  5.749  5.720  5.787  5.775  5.727  5.796  5.746  5.852  5.812  5.780  5.866  5.705  5.595  5.717  5.826  5.737  5.820  5.781  5.661  5.808  5.620  5.730  5.677  5.680  5.627  5.670  5.656  5.586  5.697  5.775  5.784  5.687  5.711  5.663  5.598  5.732  5.617  5.762
5.147  5.196  5.106  5.142  5.075  5.147  5.193  5.140  5.159  5.288  5.220  5.342  5.268  5.227  5.375  5.056  4.997  5.100  5.204  5.127  5.303  5.242  5.089  5.308  5.075  5.208  5.027  4.997  5.118  5.066  5.069  5.017  5.187  5.130  5.244  5.142  5.149  5.030  5.069  5.142  5.075  5.209
7.469  7.504  7.296  7.404  7.500  7.555  7.397  7.193  7.425  7.610  7.583  7.504  7.633  7.542  7.601  7.449  7.231  7.494  7.496  7.373  7.451  7.379  7.484  7.455  7.343  7.341  7.304  7.388  7.161  7.266  7.351  7.182  7.244  7.424  7.272  7.431  7.387  7.368  7.361  7.448  7.225  7.302
4.973  5.293  4.927  5.142  5.074  5.115  5.268  4.802  5.187  5.159  5.204  5.142  5.451  5.257  5.545  5.088  5.124  4.779  5.252  5.112  5.318  5.298  5.298  5.394  5.024  5.145  5.024  4.710  4.947  4.812  5.112  5.017  4.796  5.124  5.040  5.251  5.004  4.905  4.934  4.673  5.043  4.844
6.783  6.482  6.733  6.782  6.824  6.707  6.560  6.730  6.637  6.755  6.686  6.743  6.807  6.620  6.794  6.583  6.509  6.754  6.753  6.675  6.648  6.527  6.548  6.561  6.713  6.677  6.586  6.616  6.300  6.395  6.494  6.490  6.666  6.704  6.545  6.677  6.668  6.795  6.692  6.762  6.645  6.823
6.170  5.940  5.994  6.066  6.155  6.103  6.111  5.996  6.105  6.188  6.170  6.126  6.188  6.089  6.358  5.966  5.881  6.116  6.023  6.094  6.110  6.038  6.060  6.054  6.016  6.043  6.006  5.994  5.753  5.849  5.905  5.887  6.008  6.031  5.951  6.120  6.075  6.100  6.033  6.016  5.841  6.009
