3.684  3.951  3.689  3.638  3.714  3.824  3.807  3.768  3.850  3.846  3.689  3.912  4.108  3.961  4.043  3.932  3.714  3.761  3.850  4.277  3.957  3.871  3.871  3.871  3.850  3.738  3.942  3.829  3.584  3.714  3.942  3.611  3.714  3.761  3.684  3.689  3.701  3.714  3.829  3.807  3.638  3.738
3.850  3.989  3.784  3.638  3.714  3.912  3.714  3.802  3.932  3.829  3.898  3.791  3.951  4.094  4.060  3.829  3.892  3.932  4.111  4.159  3.932  3.871  3.908  3.932  3.871  3.664  3.912  3.761  3.638  3.684  3.970  3.850  3.784  3.807  3.824  3.824  3.850  3.784  3.912  3.689  3.714  3.871
4.913  4.883  4.890  4.875  4.877  4.889  4.929  4.875  5.004  4.949  4.864  4.977  5.004  4.913  4.992  4.828  4.771  4.883  4.990  4.871  5.004  4.905  4.852  4.934  4.762  4.654  4.771  4.736  4.585  4.673  4.836  4.644  4.779  4.860  4.844  4.812  4.812  4.828  4.700  4.699  4.691  4.736
4.852  4.868  4.769  4.736  4.828  4.765  4.777  4.745  4.881  4.836  4.787  4.997  4.883  4.745  4.934  4.868  4.745  4.796  4.852  4.835  4.956  4.844  4.775  4.890  4.718  4.635  4.654  4.680  4.489  4.625  4.673  4.536  4.727  4.727  4.682  4.739  4.710  4.762  4.682  4.694  4.564  4.771
3.584  3.701  3.632  3.638  3.676  3.526  3.520  3.466  3.459  3.611  3.466  3.689  3.813  3.761  3.912  3.584  3.597  3.526  3.638  4.031  3.761  3.555  3.738  3.651  3.638  3.605  3.555  3.584  3.401  3.638  3.555  3.555  3.578  3.497  3.526  3.555  3.466  3.520  3.578  3.428  3.526  3.584
3.611  3.367  3.526  3.401  3.584  3.664  3.555  3.738  3.466  3.526  3.401  3.689  3.733  3.664  3.807  3.638  3.578  3.578  3.611  3.867  3.664  3.367  3.632  3.738  3.664  3.466  3.490  3.555  3.434  3.466  3.584  3.658  3.689  3.555  3.611  3.611  3.258  3.638  3.466  3.428  3.466  3.428
4.357  4.159  4.205  4.369  4.248  4.094  4.295  4.159  4.260  4.357  4.246  4.407  4.337  4.500  4.575  4.354  4.124  4.369  4.419  4.440  4.464  4.466  4.234  4.357  4.304  4.394  4.321  4.187  4.159  4.205  4.357  4.344  4.317  4.431  4.174  4.301  4.217  4.174  4.074  4.094  4.111  4.260
4.060  4.205  4.190  4.060  4.094  4.127  4.190  4.124  4.094  4.127  4.116  4.260  4.238  4.277  4.290  4.174  4.234  4.174  4.234  4.369  4.419  4.328  4.363  4.127  4.248  4.317  4.143  4.043  3.985  4.060  4.224  4.190  4.159  4.202  4.277  4.277  4.281  4.220  4.060  3.998  4.111  4.111
5.714  5.533  5.609  5.795  5.778  5.829  5.533  5.537  5.781  5.811  5.572  5.658  5.707  5.493  5.704  5.412  5.303  5.352  5.481  5.501  5.576  5.606  5.421  5.659  5.236  5.298  5.389  5.349  5.277  5.384  5.489  5.360  5.415  5.451  5.487  5.568  5.541  5.437  5.509  5.371  5.328  5.425
5.855  5.521  5.733  6.074  6.165  6.168  5.252  5.182  5.231  5.511  5.323  5.404  5.342  5.136  5.268  5.118  5.239  5.075  5.259  5.204  5.170  5.214  5.011  5.209  5.063  5.153  4.970  5.159  4.956  5.063  5.220  5.204  5.182  5.242  5.298  5.226  5.242  5.244  5.273  5.312  5.307  5.347
5.030  4.819  5.032  5.037  4.762  4.913  4.927  4.970  5.118  4.877  4.820  4.927  5.170  4.942  5.081  4.952  4.745  4.963  5.050  5.003  5.017  4.898  4.831  4.898  4.937  4.794  4.898  4.654  4.727  4.736  4.625  4.852  5.011  4.934  4.749  4.879  4.836  4.848  4.625  4.727  4.996  4.804
4.796  4.575  4.836  5.004  4.883  5.004  4.585  4.718  4.654  4.718  4.564  4.745  4.820  4.836  4.875  4.644  4.477  4.605  4.812  4.860  4.779  4.588  4.595  4.543  4.700  4.585  4.533  4.564  4.331  4.500  4.407  4.477  4.644  4.543  4.543  4.700  4.522  4.533  4.500  4.595  4.820  4.625
5.455  5.193  5.455  5.434  5.371  5.421  5.273  5.455  5.357  5.489  5.270  5.509  5.342  5.361  5.497  5.136  5.215  5.142  5.481  5.537  5.421  5.375  5.217  5.357  5.220  5.225  5.170  5.094  5.100  5.152  5.215  5.136  5.293  5.328  5.293  5.412  5.246  5.357  5.220  5.147  5.170  5.176
4.220  4.304  4.277  4.260  4.190  4.231  4.246  4.324  4.127  4.060  4.443  4.277  4.394  4.288  4.511  4.238  4.253  4.290  4.290  4.357  4.394  4.344  4.304  4.277  4.220  4.205  4.260  4.078  4.066  4.060  4.248  4.328  4.317  4.274  4.277  4.241  4.220  4.190  4.078  4.205  4.111  4.140
6.131  5.964  6.047  6.173  6.089  6.068  6.066  6.021  6.047  6.283  6.073  6.170  6.223  6.075  6.197  6.089  5.971  5.944  6.131  6.186  6.153  6.050  6.024  6.103  5.998  5.938  5.974  5.903  5.730  5.838  5.932  6.002  6.103  5.957  6.084  6.168  5.991  6.190  6.033  5.945  5.924  6.061
6.561  6.474  6.441  6.569  6.504  6.498  6.512  6.474  6.489  6.667  6.611  6.651  6.655  6.518  6.687  6.377  6.445  6.435  6.572  6.625  6.661  6.544  6.456  6.553  6.357  6.436  6.330  6.316  6.227  6.345  6.354  6.439  6.509  6.497  6.544  6.534  6.444  6.505  6.463  6.436  6.349  6.444
4.304  4.425  4.633  4.677  4.007  4.078  4.190  4.043  4.554  3.970  4.277  4.350  4.174  4.324  4.902  4.337  4.187  4.543  4.500  4.419  4.543  4.311  4.263  4.277  4.043  4.143  4.007  3.932  4.060  4.386  3.976  4.127  4.348  4.277  4.159  4.078  4.007  3.892  4.078  3.989  4.290  4.094
3.784  3.709  3.989  3.932  3.850  3.932  3.871  3.784  3.892  3.850  3.784  3.761  4.094  4.094  4.007  3.807  3.947  3.892  4.127  4.086  4.111  3.932  3.989  3.970  3.795  3.807  3.738  3.912  3.664  3.902  3.624  3.970  4.043  3.867  3.892  3.912  3.714  3.784  3.850  3.807  3.967  3.761
4.060  4.025  4.007  4.140  4.143  4.143  4.060  3.970  4.094  4.190  4.060  4.111  4.354  4.344  4.357  4.007  4.111  4.025  4.373  4.317  4.205  4.174  4.159  4.143  3.951  4.025  4.078  3.970  4.094  3.912  3.970  3.985  4.007  4.025  4.127  4.078  4.043  4.143  3.898  4.060  3.932  4.127
3.970  3.850  3.871  4.043  3.912  3.970  3.951  3.989  3.912  3.970  3.714  4.007  4.060  4.159  4.317  3.947  3.951  3.892  4.224  4.190  4.078  4.202  3.970  3.951  3.850  3.892  4.057  3.871  3.802  3.813  3.714  3.951  4.111  4.119  4.094  3.970  3.871  4.007  3.908  3.714  3.850  4.043
3.738  3.676  3.773  3.555  3.951  3.584  3.714  3.761  3.638  3.912  3.689  3.888  3.932  3.970  4.094  3.676  3.714  3.714  3.989  3.989  3.892  3.761  3.664  3.784  3.738  3.555  3.689  3.497  3.497  3.555  3.664  3.807  3.892  3.807  3.714  3.738  3.584  3.526  3.638  3.584  3.784  3.611
3.555  3.497  3.714  3.466  3.611  3.367  3.584  3.584  3.466  3.497  3.497  3.550  3.761  3.738  3.761  3.526  3.555  3.638  3.780  3.807  3.689  3.611  3.526  3.611  3.611  3.434  3.520  3.497  3.434  3.584  3.401  3.664  3.605  3.555  3.526  3.466  3.611  3.450  3.526  3.497  3.664  3.526
