5.282  5.024  5.280  5.142  5.176  5.094  5.176  5.247  5.193  5.263  5.187  5.112  5.298  5.268  5.231  5.118  5.011  5.170  5.242  5.142  5.204  5.106  5.130  5.126  5.021  4.868  4.811  4.970  4.875  4.850  5.105  5.030  4.970  5.050  5.106  5.036  4.927  5.030  4.990  4.990  5.063  5.114
4.546  4.288  4.538  4.357  4.394  4.317  4.263  4.263  4.394  4.419  4.369  4.369  4.466  4.394  4.533  4.331  4.344  4.382  4.382  4.454  4.595  4.483  4.344  4.382  4.190  4.227  4.220  4.060  4.190  4.143  4.094  4.263  4.205  4.297  4.234  4.331  4.369  4.277  4.159  4.246  4.234  4.187
5.011  5.066  5.112  5.159  4.997  5.037  5.016  5.056  5.030  5.252  5.049  5.170  5.118  5.050  5.136  5.030  4.852  5.081  5.069  5.056  5.147  5.013  5.004  5.056  4.691  4.820  4.812  4.710  4.708  4.905  4.997  4.844  4.920  4.970  4.968  4.937  4.890  4.890  5.011  4.920  4.852  4.920
4.804  4.682  4.647  4.860  4.963  4.644  4.820  4.690  4.727  4.949  4.965  4.700  4.913  4.890  4.852  4.691  4.603  4.644  4.762  4.820  4.836  4.610  4.800  4.792  4.787  4.595  4.673  4.522  4.419  4.663  4.699  4.691  4.804  4.700  4.605  4.615  4.585  4.564  4.710  4.625  4.575  4.605
4.500  4.431  4.552  4.635  4.700  4.543  4.564  4.564  4.554  4.717  4.509  4.489  4.682  4.635  4.718  4.543  4.500  4.357  4.635  4.779  4.680  4.700  4.554  4.718  4.575  4.440  4.428  4.324  4.260  4.274  4.511  4.511  4.369  4.431  4.533  4.625  4.466  4.623  4.477  4.407  4.443  4.407
4.205  4.348  4.248  4.382  4.500  4.454  4.248  4.190  4.317  4.466  4.301  4.317  4.500  4.452  4.642  4.369  4.357  4.341  4.382  4.489  4.466  4.564  4.585  4.500  4.344  4.288  4.143  4.209  4.234  4.159  4.174  4.263  4.331  4.304  4.234  4.317  4.174  4.431  4.787  4.167  4.277  4.174
4.625  4.494  4.549  4.552  4.652  4.595  4.520  4.644  4.615  4.644  4.575  4.635  4.796  4.691  4.585  4.625  4.625  4.466  4.633  4.732  4.726  4.633  4.489  4.682  4.595  4.613  4.475  4.454  4.562  4.431  4.595  4.481  4.741  4.511  4.585  4.654  4.605  4.500  4.466  4.511  4.454  4.452
5.132  5.009  5.017  5.068  5.069  5.037  5.021  4.956  5.136  5.142  5.170  5.115  5.226  5.063  5.088  5.011  5.159  4.977  5.037  5.215  5.106  5.063  5.111  5.164  4.913  4.963  5.011  4.898  5.058  5.069  4.927  5.043  4.942  5.030  5.050  5.050  5.075  5.004  4.913  4.852  4.920  4.956
5.468  5.317  5.380  5.394  5.425  5.440  5.365  5.412  5.497  5.464  5.371  5.596  5.513  5.403  5.521  5.231  5.460  5.298  5.493  5.537  5.489  5.472  5.308  5.425  5.257  5.288  5.270  5.069  5.223  5.277  5.278  5.375  5.226  5.403  5.389  5.429  5.231  5.371  5.328  5.321  5.308  5.398
5.905  5.642  5.704  5.743  5.715  5.724  5.673  5.652  5.762  5.857  5.817  5.854  5.943  5.714  5.858  5.586  5.808  5.739  5.695  5.874  5.796  5.768  5.700  5.826  5.489  5.694  5.561  5.517  5.468  5.557  5.698  5.606  5.658  5.687  5.722  5.690  5.505  5.669  5.802  5.733  5.663  5.727
4.159  3.998  4.025  3.807  4.007  4.127  3.892  3.932  3.807  4.111  3.970  3.989  4.111  4.174  4.174  3.928  3.892  3.970  4.025  4.205  4.094  4.043  4.091  4.205  3.882  3.932  3.871  3.871  3.867  3.942  3.902  3.989  4.025  4.040  4.040  3.989  4.025  3.951  3.701  3.807  3.871  3.846
3.802  3.839  3.850  3.871  4.060  3.912  3.892  3.951  3.932  3.970  3.871  3.932  4.205  4.007  4.205  3.784  3.912  4.043  4.111  3.784  4.190  3.912  3.932  4.016  3.888  3.951  3.807  4.025  3.818  3.871  3.871  3.951  3.871  3.871  3.932  4.060  3.928  3.807  3.784  3.807  3.761  3.888
3.985  3.932  4.025  4.004  4.127  4.007  4.007  4.043  4.043  4.078  3.932  4.111  4.124  4.127  4.156  4.025  3.892  3.961  4.127  4.220  3.970  4.025  4.083  4.277  3.989  4.086  3.989  4.043  3.738  3.989  4.025  3.892  4.231  4.078  4.231  4.034  4.140  4.078  4.057  3.761  3.912  3.951
4.344  4.190  4.220  4.043  4.143  4.151  3.951  4.140  4.060  4.263  4.127  4.220  4.277  4.317  4.331  3.871  4.248  4.209  4.290  4.337  4.248  4.078  4.274  4.344  4.111  3.998  3.970  3.932  4.004  4.094  4.205  4.190  4.317  4.174  4.248  4.060  4.025  3.970  3.970  3.970  4.007  4.078
4.171  4.043  4.263  4.357  4.344  4.234  4.078  4.156  3.989  3.871  4.111  4.159  4.331  4.290  4.407  4.094  4.094  4.350  4.263  4.304  4.248  4.127  4.277  4.238  3.947  4.043  3.932  3.892  3.861  4.111  4.156  4.094  4.331  4.031  4.220  4.159  3.951  4.060  4.159  4.078  4.007  4.060
4.135  3.989  4.043  4.190  4.277  4.190  4.143  4.167  4.078  4.060  4.060  4.205  4.205  4.380  4.382  4.111  4.060  4.234  4.220  4.357  4.369  4.143  4.140  4.187  4.205  4.043  4.094  3.989  4.382  3.932  4.060  4.060  4.111  3.912  4.111  4.277  3.970  4.127  3.985  3.989  3.892  3.912
5.466  5.190  5.482  5.557  5.481  5.375  5.525  5.630  5.373  5.829  5.389  5.501  5.493  5.278  5.615  5.361  5.298  5.278  5.549  5.446  5.572  5.749  5.300  5.641  5.219  5.247  5.333  5.313  5.142  5.352  5.321  5.412  5.602  5.288  5.493  5.273  5.394  5.361  5.303  5.247  5.487  5.318
6.365  6.230  6.292  6.461  6.384  6.352  6.236  6.315  6.273  6.443  6.236  6.415  6.463  6.250  6.487  6.144  6.170  6.256  6.471  6.472  6.428  6.328  6.263  6.373  6.084  6.188  6.114  5.999  6.068  6.045  6.140  6.146  6.304  6.287  6.301  6.326  6.207  6.319  6.192  6.140  6.133  6.180
5.645  5.455  5.525  5.497  5.513  5.513  5.352  5.617  5.451  5.697  5.684  5.485  5.720  5.668  5.710  5.545  5.513  5.624  5.425  5.587  5.429  5.505  5.557  5.598  5.283  5.342  5.434  5.513  5.226  5.357  5.472  5.050  5.375  5.342  5.347  5.451  5.283  5.553  5.529  5.416  5.147  5.425
5.069  4.875  5.007  4.963  4.934  5.011  4.736  4.942  4.868  5.043  4.927  4.990  5.027  4.944  5.130  4.832  4.820  4.963  5.011  5.242  4.927  4.812  5.037  5.209  4.771  4.754  4.804  4.820  4.575  4.680  4.844  4.500  4.963  4.771  4.812  4.836  4.796  4.956  4.927  4.812  4.644  4.883
6.326  6.044  6.225  6.321  6.253  6.288  6.089  6.284  6.271  6.366  6.263  6.284  6.404  6.282  6.407  6.132  6.190  6.441  6.304  6.342  6.194  6.190  6.098  6.279  6.141  6.159  6.109  6.138  5.883  6.129  6.028  6.098  6.292  6.228  6.021  6.204  6.122  6.351  6.418  6.109  6.182  6.193
4.812  4.828  4.827  4.850  4.762  4.970  4.727  4.700  4.944  4.905  4.691  4.951  4.951  4.832  4.965  4.708  4.779  4.823  4.812  4.977  5.017  4.775  4.754  4.844  4.691  4.913  4.615  4.745  4.605  4.564  4.644  4.543  4.820  4.762  4.820  4.754  4.654  4.977  4.966  4.852  4.575  4.762
