4.968  4.726  4.898  4.699  4.710  4.605  4.745  4.786  4.771  4.883  4.804  4.938  4.796  4.905  4.898  4.754  4.779  4.662  4.836  4.875  4.883  4.638  4.718  4.836  4.644  4.682  4.585  4.605  4.500  4.575  4.633  4.543  4.691  4.680  4.745  4.718  4.691  4.779  4.647  4.727  4.564  4.718
4.434  4.394  4.489  4.304  4.344  4.317  4.290  4.350  4.454  4.575  4.419  4.344  4.635  4.489  4.533  4.217  4.382  4.354  4.416  4.407  4.369  4.344  4.246  4.331  4.248  4.025  4.238  4.190  3.829  4.127  4.197  4.094  4.308  4.248  4.431  4.331  4.190  4.263  4.263  4.231  4.174  4.344
4.533  4.489  4.431  4.440  4.511  4.509  4.522  4.520  4.543  4.802  4.575  4.595  4.710  4.583  4.736  4.635  4.543  4.477  4.654  4.615  4.687  4.644  4.500  4.466  4.543  4.446  4.516  4.595  4.443  4.382  4.514  4.554  4.483  4.682  4.530  4.511  4.331  4.466  4.454  4.419  4.500  4.541
4.625  4.625  4.575  4.575  4.575  4.543  4.605  4.585  4.663  4.727  4.663  4.700  4.700  4.590  4.727  4.543  4.605  4.382  4.760  4.644  4.762  4.654  4.500  4.700  4.605  4.630  4.564  4.511  4.404  4.477  4.666  4.578  4.615  4.564  4.605  4.500  4.654  4.625  4.413  4.431  4.522  4.615
6.660  6.246  6.461  6.405  6.298  6.767  6.469  6.344  6.671  6.366  6.516  6.522  6.412  6.394  6.393  6.417  6.308  6.335  6.395  6.252  6.518  6.360  6.252  6.775  6.151  6.215  6.217  6.302  6.125  6.234  6.322  6.153  6.252  6.346  6.236  6.314  6.292  6.328  6.257  6.265  6.192  6.254
5.298  5.252  4.883  5.004  5.034  5.359  5.546  5.069  5.209  5.118  5.242  5.088  5.143  5.214  5.198  5.236  5.088  4.990  5.056  4.920  5.288  5.263  5.208  5.937  4.868  4.868  4.963  5.186  5.043  4.984  5.359  5.024  4.875  5.072  4.913  5.100  5.106  4.832  4.958  4.963  5.011  4.984
5.303  5.178  5.118  5.313  5.124  5.203  5.396  5.209  5.298  5.416  5.175  5.293  5.446  5.257  5.412  5.429  5.288  5.293  5.288  5.275  5.371  5.291  5.176  5.209  5.278  5.075  4.997  5.011  5.024  5.063  5.100  5.203  5.220  5.182  5.293  5.187  5.204  4.990  4.997  4.949  5.118  5.132
4.700  4.575  4.832  4.893  4.727  4.682  4.769  4.828  4.883  4.938  4.673  4.920  4.968  4.927  5.153  4.890  4.762  4.625  4.839  4.786  4.934  4.894  4.710  4.779  4.916  4.734  4.573  4.562  4.543  4.605  4.593  4.708  4.812  4.745  4.749  4.635  4.511  4.543  4.543  4.500  4.554  4.760
4.585  4.522  4.376  4.205  4.477  4.625  4.281  4.481  4.575  4.543  4.182  4.369  4.644  4.500  4.533  4.304  4.174  4.554  4.443  4.673  4.554  4.466  4.543  4.554  4.263  4.290  4.304  4.078  4.007  4.140  4.290  4.248  4.367  4.205  4.331  4.369  4.407  4.277  4.263  4.443  4.344  4.304
4.025  4.159  4.094  3.850  4.277  3.970  4.043  4.489  3.912  4.143  3.846  4.040  4.357  4.220  4.111  3.951  3.850  4.025  4.212  4.156  4.290  4.078  4.174  4.094  4.031  3.846  3.976  3.898  3.761  3.871  4.111  4.007  4.060  3.989  3.989  3.951  4.007  3.932  4.007  4.078  3.829  4.094
4.263  4.234  4.295  4.159  4.350  4.220  4.248  4.127  4.263  4.363  4.394  4.238  4.317  4.431  4.477  4.304  4.205  4.407  4.234  4.386  4.143  4.301  4.217  4.380  4.078  4.083  4.143  4.159  4.007  4.454  4.380  4.277  4.143  4.174  4.190  4.159  4.127  4.127  4.220  4.357  4.007  4.171
4.769  4.890  4.752  4.673  4.710  4.699  4.852  4.654  4.812  4.836  4.852  4.856  4.968  4.820  4.913  4.754  4.647  4.511  4.769  4.877  4.860  4.819  4.736  4.875  4.710  4.564  4.663  4.804  4.595  4.694  4.844  4.691  4.663  4.717  4.691  4.663  4.564  4.671  4.736  4.717  4.554  4.593
4.111  4.043  3.807  4.043  3.892  3.932  4.043  4.007  3.970  4.007  3.970  4.111  4.127  3.947  4.304  4.004  4.060  4.060  4.111  4.078  4.174  3.918  4.060  4.091  3.871  3.932  3.980  3.784  3.784  3.892  3.928  4.094  4.007  4.013  4.111  3.932  3.932  3.970  3.989  3.970  3.871  3.970
3.784  3.738  3.664  3.867  3.757  3.784  3.807  3.750  3.689  3.850  3.638  3.871  3.807  3.867  3.970  3.761  3.664  3.738  3.689  3.892  3.989  3.877  3.738  3.784  3.555  3.611  3.632  3.550  3.497  3.584  3.738  3.664  3.738  3.829  3.892  3.784  3.738  3.892  4.613  3.689  3.684  3.714
5.425  5.288  5.207  5.390  5.347  5.292  5.346  5.342  5.226  5.389  5.407  5.365  5.442  5.283  5.460  5.231  5.464  5.257  5.424  5.497  5.451  5.509  5.434  5.338  5.303  5.226  5.236  5.176  5.071  5.133  5.308  5.357  5.416  5.394  5.347  5.338  5.236  5.455  5.277  5.288  5.257  5.236
4.673  4.710  4.963  4.754  4.802  4.673  4.856  4.890  4.828  4.949  4.896  4.762  4.945  4.802  4.949  4.820  4.820  4.673  4.972  4.913  4.894  4.850  4.820  4.860  4.615  4.700  4.652  4.779  4.625  4.590  4.700  4.927  4.710  4.754  4.927  4.779  4.595  4.787  4.779  4.625  4.847  4.734
4.159  4.205  4.337  4.263  4.357  4.174  4.277  4.167  4.288  4.263  4.174  4.224  4.413  4.304  4.328  4.143  4.274  4.297  4.308  4.290  4.304  4.317  4.380  4.344  4.290  4.277  4.159  4.111  4.167  4.190  4.277  4.007  4.304  4.220  4.190  4.124  4.103  4.248  4.108  4.205  4.190  4.331
4.644  4.625  4.644  4.718  4.673  4.605  4.564  4.625  4.625  4.554  4.443  4.673  4.633  4.691  4.718  4.615  4.736  4.514  4.787  4.792  4.760  4.635  4.530  4.787  4.595  4.564  4.613  4.466  4.407  4.419  4.431  4.549  4.623  4.538  4.745  4.516  4.416  4.625  4.460  4.443  4.483  4.673
4.148  3.912  3.951  4.140  3.970  4.159  3.951  4.094  4.111  4.190  3.989  4.078  4.205  4.127  4.263  4.022  4.057  4.174  4.091  4.007  4.304  4.043  4.060  4.159  3.998  3.912  4.143  3.892  3.871  4.022  4.025  3.951  4.025  3.989  4.127  4.043  3.989  3.928  4.078  3.912  4.025  4.043
4.295  4.295  4.367  4.564  4.394  4.394  4.263  4.331  4.290  4.419  4.369  4.382  4.533  4.494  4.600  4.369  4.464  4.454  4.585  4.598  4.654  4.382  4.394  4.489  4.274  4.431  4.394  4.234  4.159  4.308  4.308  4.205  4.357  4.477  4.392  4.443  4.311  4.357  4.419  4.227  4.220  4.357
4.466  4.248  4.317  4.094  4.331  4.212  4.174  4.197  4.315  4.220  4.486  4.331  4.357  4.489  4.437  4.234  4.217  4.256  4.394  4.520  4.511  4.234  4.156  4.277  4.111  4.234  4.277  4.094  4.094  4.043  4.220  4.111  4.437  4.331  4.248  4.341  4.246  4.331  4.354  4.304  4.174  4.270
4.094  4.025  4.091  4.209  4.174  4.119  3.938  4.124  4.174  4.220  4.060  4.094  4.263  4.380  4.331  4.034  4.174  3.951  4.277  4.407  4.344  4.007  4.007  4.159  4.043  4.159  4.007  4.060  3.807  3.970  3.932  4.094  4.174  4.248  4.317  3.951  4.060  4.127  4.007  4.094  4.078  4.231
