4.369  4.331  4.554  4.344  4.382  4.331  4.394  4.413  4.394  4.663  4.595  4.475  4.454  4.443  4.477  4.277  4.270  4.369  4.369  4.489  4.466  4.263  4.357  4.443  4.344  4.304  4.248  4.159  4.143  4.248  4.369  4.190  4.331  4.220  4.317  4.290  4.331  4.190  4.224  4.357  4.301  4.248
4.997  4.779  4.990  4.913  4.745  4.836  4.828  4.927  4.889  5.112  4.913  4.956  5.024  4.718  4.907  4.836  4.812  4.642  5.118  5.112  4.828  4.694  4.752  4.883  4.860  4.779  4.727  4.765  4.564  4.771  4.734  4.727  4.920  4.854  4.745  4.852  4.769  4.787  4.691  4.677  4.691  4.890
4.164  4.007  4.159  4.060  4.127  3.951  4.007  4.099  4.234  4.043  4.007  4.127  4.143  4.078  4.159  3.951  3.912  3.970  4.159  4.174  4.164  4.205  3.892  3.989  3.989  4.043  3.912  3.989  3.807  3.892  3.932  3.892  4.111  4.025  3.985  3.784  4.007  3.951  3.970  4.052  3.989  4.127
6.176  5.936  6.094  6.196  6.061  6.001  6.229  6.174  6.143  6.372  6.131  6.280  6.176  5.960  6.208  5.969  6.087  5.976  6.223  6.161  6.153  6.151  6.043  6.038  6.155  6.153  6.061  6.141  6.083  6.277  5.908  5.941  6.096  5.974  6.142  5.892  5.905  6.016  5.948  5.844  5.887  6.133
4.344  4.290  4.357  4.382  4.317  4.171  4.315  4.344  4.494  4.557  4.290  4.290  4.511  4.380  4.511  4.159  4.248  4.127  4.509  4.407  4.449  4.522  4.367  4.290  4.277  4.227  4.217  4.277  4.094  4.159  4.220  4.317  4.288  4.171  4.156  4.234  4.094  4.382  4.174  4.317  4.217  4.401
4.654  4.382  4.605  4.585  4.460  4.549  4.804  4.625  4.437  4.804  4.382  4.615  4.691  4.580  4.699  4.454  4.533  4.407  4.782  4.762  4.583  4.533  4.301  4.419  4.585  4.454  4.543  4.369  4.263  4.277  4.344  4.472  4.500  4.394  4.489  4.407  4.205  4.605  4.394  4.419  4.452  4.511
4.771  4.771  4.920  4.963  4.852  4.927  4.938  4.714  4.883  4.984  4.673  4.852  4.915  4.766  4.927  4.779  4.883  4.727  4.860  4.970  4.933  4.916  4.820  4.779  4.779  4.673  4.806  4.682  4.792  4.727  4.691  4.754  4.812  4.804  4.708  4.808  4.787  4.654  4.673  4.680  4.615  4.734
4.533  4.595  4.625  4.486  4.489  4.543  4.533  4.533  4.640  4.605  4.466  4.647  4.727  4.585  4.820  4.394  4.522  4.477  4.718  4.625  4.736  4.477  4.564  4.477  4.585  4.625  4.600  4.554  4.419  4.522  4.522  4.454  4.452  4.431  4.595  4.317  4.419  4.498  4.500  4.486  4.428  4.505
4.875  4.654  4.804  4.595  4.804  4.920  4.723  4.963  4.868  4.879  4.647  4.942  4.804  4.905  4.828  4.820  4.533  4.949  4.883  4.883  4.942  4.718  4.687  4.844  4.623  4.723  4.615  4.673  4.564  4.663  4.663  4.682  4.787  4.605  4.564  4.682  4.718  4.710  4.691  4.718  4.700  4.854
4.966  4.997  4.927  4.920  5.004  5.055  4.949  4.963  5.075  5.004  4.885  5.136  5.088  5.138  5.111  4.812  4.942  5.034  5.075  5.024  5.142  5.047  5.063  5.069  4.977  4.832  4.977  4.836  4.779  5.011  4.883  4.890  4.913  4.828  4.860  4.875  5.011  5.030  4.929  4.779  4.787  4.949
4.543  4.407  4.263  4.477  4.290  4.511  4.431  4.263  4.533  4.605  4.263  4.533  4.425  4.369  4.603  4.516  4.248  4.492  4.500  4.407  4.710  4.673  4.466  4.852  4.562  4.220  4.290  4.570  4.331  4.431  4.328  4.277  4.407  4.369  4.511  4.394  4.388  4.111  4.331  4.337  4.341  4.503
4.357  4.127  4.159  4.013  4.052  4.357  4.277  3.989  4.331  4.135  4.205  4.419  4.267  4.248  4.248  4.256  4.132  4.290  4.260  4.369  4.212  4.248  4.234  4.673  4.328  4.174  4.205  4.156  3.970  4.174  4.190  4.078  4.234  4.007  4.281  4.220  4.205  3.850  4.091  3.871  4.174  3.928
5.204  5.242  5.203  5.268  5.209  5.323  5.338  5.227  5.283  5.371  5.334  5.354  5.360  5.241  5.394  5.231  5.340  5.257  5.215  5.187  5.476  5.407  5.389  5.328  5.197  4.970  5.226  5.112  5.055  5.100  5.220  5.195  5.170  5.238  5.298  5.196  5.263  5.230  5.228  5.153  5.094  5.142
4.454  4.498  4.317  4.394  4.475  4.357  4.369  4.205  4.317  4.498  4.469  4.481  4.407  4.500  4.382  4.227  4.527  4.344  4.344  4.543  4.605  4.514  4.392  4.615  4.205  4.234  4.127  4.234  4.174  4.304  4.394  4.489  4.248  4.477  4.477  4.290  4.317  4.317  4.304  4.256  4.328  4.324
3.807  3.807  3.714  3.802  3.664  3.709  3.738  3.689  3.807  3.942  3.664  3.807  3.932  3.807  3.951  3.584  3.877  3.638  3.989  3.871  3.888  3.807  3.664  3.761  3.714  3.638  3.807  3.638  3.466  3.605  3.738  3.871  3.807  3.850  3.861  3.689  3.638  3.611  3.526  3.466  3.638  3.738
3.555  3.555  3.611  3.466  3.466  3.428  3.466  3.611  3.584  3.526  3.401  3.466  3.733  3.757  3.714  3.401  3.555  3.497  3.645  3.738  3.802  3.497  3.434  3.434  3.434  3.638  3.466  3.466  3.401  3.466  3.367  3.497  3.638  3.466  3.526  3.490  3.428  3.466  3.401  3.401  3.466  3.490
4.718  4.483  4.677  4.620  4.745  4.691  4.516  4.820  4.673  4.663  4.796  4.760  4.808  4.700  4.745  4.615  4.620  4.736  4.615  4.663  4.644  4.625  4.549  4.796  4.466  4.673  4.673  4.635  4.443  4.625  4.486  4.554  4.703  4.477  4.511  4.635  4.570  4.727  4.625  4.570  4.575  4.605
4.489  4.369  4.472  4.425  4.331  4.454  4.443  4.564  4.554  4.489  4.410  4.511  4.520  4.615  4.691  4.443  4.382  4.419  4.419  4.522  4.543  4.407  4.369  4.559  4.317  4.419  4.407  4.344  4.263  4.407  4.498  4.407  4.466  4.407  4.394  4.509  4.321  4.431  4.277  4.419  4.431  4.394
3.912  3.871  3.912  3.951  3.892  3.912  3.829  3.932  3.912  4.043  3.912  3.947  4.220  4.025  4.159  3.871  4.007  3.951  4.205  3.989  4.060  3.839  3.850  3.912  3.846  3.807  3.638  3.951  3.638  3.784  3.714  3.807  3.912  3.871  3.892  3.738  3.624  3.892  3.989  3.829  3.780  3.807
3.733  3.550  3.714  3.757  3.829  3.689  3.605  3.761  3.738  3.611  3.784  3.761  3.807  3.829  3.871  3.689  3.638  3.738  3.829  3.829  3.892  3.807  3.689  3.947  3.611  3.784  3.714  3.802  3.555  3.584  3.664  3.611  3.784  3.784  3.526  3.738  3.555  3.638  3.526  3.689  3.497  3.584
5.094  5.112  5.056  5.011  5.069  4.977  5.100  5.050  5.147  5.081  5.081  5.081  5.186  5.231  5.257  5.004  5.165  5.053  5.124  5.268  5.298  5.242  5.152  5.327  4.949  4.924  5.124  4.868  4.844  5.004  5.094  5.117  5.135  5.068  5.063  5.042  5.011  4.984  4.987  4.934  5.037  4.984
4.718  4.554  4.562  4.671  4.533  4.623  4.533  4.585  4.635  4.511  4.615  4.642  4.754  4.700  4.852  4.477  4.700  4.543  4.727  4.718  4.745  4.691  4.466  4.745  4.605  4.460  4.585  4.419  4.277  4.522  4.477  4.620  4.585  4.590  4.489  4.564  4.304  4.489  4.511  4.344  4.489  4.489
