4.771  4.934  4.836  4.956  4.860  4.984  4.970  4.956  4.990  4.852  4.990  4.868  4.896  4.890  4.942  5.003  4.973  4.762  5.024  4.905  5.165  5.159  4.984  4.963  5.069  4.852  4.866  4.712  4.762  4.820  4.913  4.984  4.970  5.037  4.990  4.875  5.043  4.836  4.605  4.554  4.762  4.836
4.949  5.061  4.860  4.990  4.663  5.024  4.977  4.812  4.920  4.949  4.927  4.595  4.836  4.890  4.940  4.949  4.852  4.794  5.050  4.779  5.017  5.118  4.875  5.165  4.727  4.680  4.663  4.644  4.533  4.585  4.984  4.868  4.710  4.875  4.820  4.852  5.011  4.762  4.718  4.575  4.564  4.585
3.850  4.043  3.892  3.807  3.829  3.784  3.989  3.908  3.951  4.078  4.143  4.007  4.094  4.143  4.143  3.970  4.025  3.985  3.922  3.989  4.043  3.951  4.094  3.970  3.714  3.807  3.829  3.908  3.555  3.761  3.871  3.892  3.922  3.824  3.738  3.807  3.829  3.807  3.912  3.664  3.912  3.850
4.220  4.143  4.124  3.951  4.248  4.270  4.248  4.234  4.174  4.382  4.234  4.263  4.328  4.328  4.205  4.094  4.025  4.099  4.111  4.143  4.174  4.127  4.174  4.094  3.912  3.989  4.078  3.932  4.025  3.989  4.078  3.850  4.086  4.060  4.277  3.912  4.025  4.078  3.892  4.111  3.932  4.094
4.522  4.205  4.500  4.304  4.317  4.159  4.277  4.477  4.437  4.511  4.284  4.454  4.498  4.477  4.431  4.238  4.190  4.431  4.290  4.407  4.407  4.443  4.354  4.304  4.304  4.376  4.407  4.564  4.357  4.562  5.136  4.727  4.934  4.290  4.078  4.111  4.078  4.344  4.174  4.220  4.263  4.205
4.860  4.787  4.812  4.927  4.779  4.786  4.771  4.819  4.890  5.017  4.796  4.860  4.816  4.852  4.905  4.771  4.787  4.615  4.754  4.796  4.828  4.762  4.700  4.868  4.727  4.603  4.605  4.615  4.543  4.580  4.644  4.718  4.745  4.812  4.654  4.663  4.673  4.820  4.605  4.642  4.680  4.605
4.007  3.738  3.850  3.951  4.007  4.190  4.016  3.867  4.025  3.912  3.738  3.961  4.043  3.829  4.127  3.928  4.022  3.807  3.989  3.892  4.159  3.850  3.892  4.174  3.970  3.932  4.007  3.850  3.761  3.951  3.761  4.034  3.970  3.928  3.932  3.807  3.888  3.738  3.738  3.942  3.784  3.951
3.989  3.892  3.912  4.043  3.980  4.094  4.127  3.871  4.025  4.043  3.989  4.094  4.074  4.078  4.205  4.031  3.902  3.951  4.034  4.060  4.143  4.043  3.912  4.174  3.932  3.824  3.970  3.850  3.791  3.726  3.970  4.094  3.892  3.912  3.829  3.989  3.970  3.795  3.784  3.714  3.850  3.829
4.234  3.989  4.078  4.111  4.190  3.989  4.328  3.970  4.143  4.078  4.127  4.078  4.335  3.989  4.304  4.078  4.159  3.951  4.205  4.159  4.248  4.220  4.094  4.007  4.111  3.882  4.043  4.016  3.912  3.989  4.025  4.217  4.205  3.989  4.127  4.174  4.124  4.108  3.932  4.078  4.190  4.086
5.130  5.059  5.159  5.100  5.093  5.069  5.165  5.136  5.136  5.204  5.161  5.063  5.334  5.170  5.298  5.081  5.159  5.069  5.325  5.182  5.375  5.247  5.147  5.164  5.094  4.942  4.963  5.037  4.997  5.024  5.064  5.165  5.198  5.056  5.162  5.124  5.111  4.942  5.100  5.037  5.056  5.030
4.317  4.344  4.263  4.357  4.357  4.369  4.369  4.344  4.425  4.533  4.290  4.489  4.489  4.575  4.554  4.344  4.437  4.234  4.554  4.527  4.625  4.511  4.500  4.419  4.317  4.369  4.382  4.190  4.190  4.190  4.263  4.404  4.382  4.380  4.489  4.419  4.277  4.220  4.277  4.344  4.288  4.277
4.787  4.734  4.762  4.718  4.736  4.687  4.718  4.710  4.843  4.860  4.804  4.852  5.032  4.732  4.956  4.718  4.760  4.736  4.868  4.852  5.017  4.824  4.828  4.885  4.820  4.727  4.585  4.654  4.585  4.562  4.710  4.712  4.727  4.777  4.820  4.812  4.771  4.663  4.727  4.575  4.796  4.654
4.004  4.040  3.961  3.850  3.912  3.918  3.850  3.784  3.970  3.970  3.912  3.989  4.007  3.938  3.951  3.951  4.007  3.784  4.025  4.094  4.311  4.060  3.807  4.043  3.970  4.078  4.025  3.757  3.871  3.857  3.807  3.892  3.989  3.932  3.912  3.638  3.967  3.807  3.912  3.850  3.902  3.664
3.807  3.761  3.689  3.757  3.780  3.733  3.807  3.846  3.829  3.807  3.555  3.689  4.043  3.850  3.892  3.780  3.850  3.784  4.167  3.861  4.052  3.784  4.043  3.829  3.709  3.784  3.689  3.526  3.526  3.550  3.750  3.818  3.908  3.689  3.761  3.829  3.664  3.738  3.611  3.664  3.664  3.761
4.477  4.595  4.654  4.554  4.505  4.489  4.673  4.443  4.852  4.710  5.027  4.635  4.644  4.593  4.605  4.625  4.500  4.608  4.811  4.585  4.913  4.554  4.625  4.762  4.454  4.533  4.486  4.344  4.394  4.522  4.344  4.454  4.608  4.454  4.500  4.554  4.477  4.585  4.700  4.419  4.489  4.533
4.290  4.143  4.248  4.344  4.143  3.932  4.419  4.127  4.174  4.328  4.248  4.212  4.277  4.317  4.419  4.263  4.331  4.220  4.443  4.220  4.248  4.290  4.187  4.500  4.078  4.078  4.217  4.060  4.205  4.043  4.111  4.127  4.348  4.182  4.140  4.284  4.094  4.190  4.140  3.989  3.989  3.961
3.850  3.738  3.714  3.867  3.761  3.807  3.738  3.846  3.689  3.689  3.802  3.829  3.892  3.892  3.989  3.658  4.004  3.578  4.025  3.918  3.850  4.025  3.807  3.912  3.714  3.768  3.638  3.664  3.611  3.714  3.850  4.022  3.867  3.738  3.784  3.898  3.761  3.738  3.632  3.689  3.714  3.773
4.466  4.317  4.382  4.194  4.277  4.331  4.205  4.317  4.431  4.543  4.331  4.331  4.511  4.357  4.605  4.260  4.511  4.270  4.407  4.642  4.500  4.407  4.344  4.281  4.511  4.234  4.220  4.263  3.912  4.277  4.290  4.263  4.248  4.341  4.369  4.344  4.369  4.248  4.248  4.094  4.382  4.382
3.526  3.401  3.761  3.605  3.526  3.638  3.813  3.773  3.807  3.892  3.624  3.807  3.802  3.784  3.912  3.689  3.850  3.584  3.938  3.908  4.007  3.738  3.526  3.807  3.664  3.726  3.526  3.738  3.611  3.526  3.578  4.234  3.664  3.664  3.846  3.689  3.497  3.555  3.611  3.807  3.714  3.689
3.466  3.638  3.466  3.466  3.466  3.401  3.605  3.632  3.584  3.497  3.592  3.605  3.584  3.541  3.689  3.497  3.638  3.584  3.689  3.761  3.584  3.367  3.526  3.611  3.564  3.434  3.401  3.497  3.466  3.296  3.578  3.696  3.555  3.466  3.497  3.497  3.367  3.367  3.401  3.466  3.332  3.466
4.357  4.159  4.205  4.317  4.290  4.290  4.234  4.331  4.290  4.431  4.127  4.248  4.369  4.304  4.522  4.357  4.394  4.304  4.549  4.354  4.443  4.337  4.127  4.263  4.248  4.288  4.304  4.290  4.007  4.143  4.227  4.174  4.431  4.419  4.369  4.234  4.234  4.263  4.174  4.205  4.190  4.344
4.673  4.525  4.595  4.575  4.554  4.736  4.694  4.615  4.644  4.754  4.511  4.710  4.762  4.673  4.883  4.509  4.673  4.700  4.952  4.745  4.820  4.530  4.564  4.625  4.304  4.331  4.419  4.500  4.094  4.443  4.452  4.419  4.828  4.605  4.575  4.543  4.466  4.595  4.443  4.522  4.557  4.489
