6.248  6.000  6.161  6.066  6.192  6.292  6.176  6.267  6.174  6.284  6.195  6.199  6.268  6.171  6.315  6.109  5.936  6.105  6.221  6.142  6.219  6.075  6.054  6.096  5.875  5.994  5.994  5.892  5.561  5.724  5.805  5.727  5.961  5.947  5.838  6.107  6.014  5.975  5.996  6.001  5.889  6.041
5.886  5.673  5.740  5.753  5.765  5.889  5.740  5.724  5.820  5.999  5.916  5.746  5.852  5.755  6.028  5.727  5.705  5.694  5.760  5.749  5.883  5.784  5.711  5.765  5.602  5.533  5.677  5.740  5.447  5.580  5.730  5.627  5.749  5.690  5.648  5.853  5.727  5.642  5.700  5.659  5.620  5.669
5.805  5.509  5.609  5.737  5.624  5.626  5.673  5.673  5.690  5.781  5.670  5.733  5.687  5.579  5.737  5.591  5.624  5.564  5.678  5.602  5.727  5.624  5.437  5.642  5.587  5.537  5.497  5.438  5.352  5.398  5.501  5.602  5.489  5.585  5.638  5.615  5.568  5.583  5.472  5.497  5.402  5.472
4.736  4.682  4.710  4.615  4.625  4.666  4.736  4.615  4.820  4.905  4.860  4.796  4.682  4.644  4.898  4.625  4.691  4.779  4.769  4.727  4.990  4.726  4.691  4.745  4.605  4.500  4.635  4.419  4.454  4.500  4.644  4.554  4.682  4.564  4.564  4.564  4.654  4.541  4.500  4.564  4.382  4.642
5.192  5.106  5.004  4.997  5.153  5.147  5.106  5.153  5.176  5.182  5.327  5.136  5.298  5.281  5.308  5.159  4.779  4.990  5.147  5.147  5.159  5.112  5.209  5.075  4.860  4.885  4.949  5.052  4.820  4.927  5.011  4.896  4.824  5.011  4.927  5.081  4.977  5.011  5.094  5.094  4.852  4.942
3.892  3.951  3.932  3.932  3.932  3.892  3.829  3.892  3.898  3.998  3.738  3.947  4.043  3.989  4.074  3.970  4.007  4.078  3.970  3.912  4.094  4.060  3.928  4.078  3.738  3.784  3.912  3.807  3.689  3.824  3.871  3.892  3.989  3.829  3.871  3.951  3.829  3.829  3.807  3.761  3.839  3.829
4.159  4.127  4.234  3.985  4.234  4.220  4.111  4.317  4.263  3.932  3.892  4.190  4.458  4.263  4.431  4.156  4.148  4.304  4.304  4.357  4.500  4.127  4.094  4.091  4.344  4.171  3.985  4.043  3.784  3.947  4.103  4.231  4.263  4.270  4.304  4.171  4.220  4.159  3.807  4.143  4.127  4.187
3.638  3.871  3.761  3.750  3.892  3.784  3.624  4.094  3.829  3.892  3.466  3.807  4.119  4.060  3.970  3.638  3.802  3.850  4.127  3.970  4.022  3.892  3.638  3.850  3.750  3.541  3.757  3.850  3.526  3.850  3.902  3.784  3.738  3.638  3.850  3.714  3.784  3.689  3.578  3.555  3.611  3.892
4.337  4.143  4.533  4.394  4.304  4.380  4.094  4.382  4.248  4.615  4.234  4.585  4.220  4.331  4.394  4.205  4.159  4.328  5.078  4.234  4.248  4.111  4.194  4.443  4.127  4.174  3.932  4.212  3.912  4.159  4.043  4.220  4.290  4.159  4.304  4.231  4.205  4.094  4.231  4.190  4.344  4.357
4.700  4.419  4.407  4.736  4.533  4.620  4.331  4.564  4.522  4.663  4.407  4.575  4.605  4.511  4.522  4.386  4.454  4.454  4.595  4.710  4.564  4.640  4.440  4.466  4.315  4.220  4.220  4.248  4.357  4.331  4.419  4.290  4.477  4.317  4.543  4.469  4.304  4.394  4.431  4.416  4.431  4.475
4.060  3.970  4.007  4.078  4.078  4.094  3.871  4.263  4.174  4.143  4.111  4.094  4.143  4.078  4.263  4.004  4.048  4.060  4.335  4.234  4.354  4.159  4.013  4.078  3.951  3.892  3.871  4.078  3.818  3.807  3.850  4.202  4.290  4.007  3.970  4.007  3.908  3.989  3.970  3.892  4.013  4.004
4.580  4.317  4.443  4.477  4.419  4.419  4.522  4.730  4.509  4.543  4.652  4.477  4.452  4.369  4.700  4.419  4.324  4.407  5.006  4.625  4.552  4.567  4.304  4.369  4.248  4.344  4.220  4.443  4.205  4.174  4.331  4.771  4.894  4.407  4.369  4.317  4.425  4.431  4.394  4.394  4.625  4.382
4.174  4.174  4.220  4.311  4.174  4.143  4.060  4.060  4.234  4.234  4.156  4.127  4.231  4.205  4.263  4.248  4.016  4.094  4.369  4.159  4.241  4.220  4.148  4.331  4.057  3.951  3.912  4.007  3.892  4.043  4.025  4.078  4.220  4.025  4.074  3.989  4.111  4.043  4.069  4.060  3.985  3.871
4.025  3.902  3.871  4.004  3.829  3.892  3.912  3.912  3.871  3.932  4.031  3.932  4.043  3.951  4.190  3.951  3.871  3.967  3.961  4.143  4.132  3.932  3.780  4.205  3.733  3.611  3.709  3.813  3.526  3.714  3.714  3.738  3.928  3.829  3.835  3.970  3.912  3.761  3.807  3.780  3.892  3.761
4.844  4.787  4.796  4.963  4.920  4.933  4.812  4.654  4.741  4.937  4.771  4.951  4.913  4.966  5.106  4.644  4.677  4.836  4.984  4.812  4.913  4.836  4.762  4.940  4.654  4.673  4.804  4.718  4.644  4.673  4.868  4.754  4.819  4.820  4.718  4.942  4.749  4.924  4.868  4.700  4.748  4.812
4.060  4.140  4.331  4.159  4.159  4.060  4.143  4.159  4.187  4.304  4.234  4.328  4.331  4.317  4.392  4.159  4.127  4.304  4.156  4.190  4.369  4.205  4.187  4.205  4.091  3.951  4.159  4.060  3.912  4.025  4.069  4.205  4.078  4.094  4.078  4.159  4.078  4.205  4.248  4.164  4.135  4.127
4.007  4.174  3.970  4.007  3.951  3.951  4.043  4.108  4.108  4.074  4.174  4.022  4.234  4.078  4.297  4.091  4.078  4.043  4.143  4.159  4.205  4.108  4.060  4.263  4.060  3.942  3.989  3.867  3.951  3.970  4.060  4.066  3.970  4.127  4.007  4.156  3.932  4.060  3.908  3.947  4.043  3.892
3.829  3.850  3.738  3.784  3.802  3.684  3.733  3.784  3.611  3.970  3.555  3.846  4.078  3.912  4.043  3.791  3.807  3.664  3.829  3.970  3.761  3.664  3.802  3.738  3.578  3.497  3.689  3.784  3.784  3.584  3.829  3.714  3.689  3.632  3.738  3.784  3.466  3.807  3.871  3.761  3.714  3.658
4.344  4.043  4.419  4.369  4.533  4.354  4.248  4.546  4.525  4.489  4.304  4.331  4.443  4.317  4.530  4.328  4.466  4.477  4.511  4.464  4.431  4.202  4.220  4.369  4.174  4.159  4.234  4.331  4.043  4.127  4.043  4.234  4.443  4.369  4.331  4.159  4.220  4.394  4.317  4.220  4.422  4.248
3.555  3.632  3.611  3.611  3.638  3.555  3.632  3.761  3.761  3.664  3.584  3.738  3.714  3.555  3.813  3.664  3.664  3.850  3.932  3.733  3.829  3.829  3.689  3.714  3.689  3.638  3.526  3.611  3.350  3.611  3.555  3.645  3.850  3.658  3.638  3.555  3.555  3.664  3.520  3.466  3.689  3.490
4.140  3.932  3.970  4.060  3.947  4.007  3.970  3.829  3.951  4.060  3.951  4.022  4.238  4.217  4.190  3.871  4.132  3.970  4.174  4.205  4.241  4.007  3.892  4.190  3.989  3.951  3.871  3.892  3.908  4.043  3.967  4.043  4.091  4.078  3.970  3.951  3.976  3.932  3.892  3.738  3.829  3.829
4.394  4.187  4.394  4.369  4.477  4.443  4.205  4.248  4.288  4.369  4.277  4.466  4.511  4.562  4.564  4.290  4.434  4.407  4.407  4.394  4.481  4.431  4.407  4.466  4.220  4.094  4.190  4.382  4.143  4.143  4.357  4.382  4.466  4.190  4.315  4.234  4.344  4.190  4.443  4.317  4.227  4.094
