5.077  4.868  4.848  4.804  4.896  4.874  4.820  4.919  4.889  5.187  5.093  4.970  5.081  5.004  4.934  4.875  4.736  4.990  4.890  4.812  4.691  4.868  4.852  4.963  4.718  4.585  4.718  4.682  4.682  4.828  4.927  4.710  4.710  4.816  4.812  4.913  4.754  4.875  4.890  4.727  4.466  4.745
4.836  4.710  4.635  4.564  4.595  4.595  4.585  4.671  4.525  4.868  4.802  4.615  4.712  4.754  4.754  4.654  4.380  4.836  4.727  4.771  4.454  4.533  4.691  4.575  4.373  4.317  4.431  4.466  4.341  4.404  4.640  4.234  4.615  4.419  4.431  4.401  4.419  4.625  4.673  4.557  4.440  4.570
4.007  4.111  4.094  3.850  3.912  4.124  3.989  4.025  3.951  4.143  3.989  4.091  4.159  4.127  4.078  4.074  4.025  4.007  4.143  4.116  4.234  4.119  4.159  4.111  3.882  3.918  3.985  3.912  4.007  4.127  4.078  4.078  3.892  4.127  3.989  4.094  4.004  4.043  4.052  4.025  3.871  3.850
4.267  4.119  4.304  4.357  4.127  4.220  4.174  4.159  4.277  4.159  4.263  4.205  4.382  4.220  4.290  4.344  4.060  4.290  4.277  4.567  4.277  4.260  4.234  4.220  4.182  4.094  4.094  4.091  4.007  4.025  4.187  4.143  4.357  4.159  4.143  4.124  4.111  4.234  4.171  4.078  4.103  4.074
5.749  5.533  5.602  5.754  5.690  5.657  5.421  5.485  5.451  5.583  5.403  5.694  5.606  5.587  5.720  5.574  5.434  5.481  5.545  5.699  5.587  5.460  5.466  5.434  5.357  5.282  5.357  5.338  5.273  5.198  5.529  5.429  5.429  5.394  5.493  5.400  5.389  5.437  5.405  5.434  5.283  5.525
5.597  5.384  5.476  5.537  5.421  5.361  5.380  5.451  5.384  5.497  5.454  5.561  5.656  5.572  5.592  5.338  5.357  5.480  5.463  5.638  5.628  5.429  5.389  5.318  5.370  5.318  5.361  5.300  5.118  5.176  5.380  5.358  5.328  5.293  5.394  5.406  5.333  5.323  5.421  5.412  5.308  5.438
4.078  4.052  4.277  4.190  4.111  4.187  4.043  4.094  4.025  4.074  4.007  4.078  4.016  3.970  4.025  3.989  3.947  3.912  4.317  4.220  4.078  4.344  4.091  4.267  3.892  3.780  3.912  3.932  3.871  4.040  3.850  4.007  4.060  3.892  3.980  4.007  3.807  3.989  3.998  4.007  3.912  4.025
3.970  4.143  4.111  4.094  3.912  4.111  4.043  4.159  4.127  4.127  3.850  4.143  4.290  4.078  4.220  4.034  4.025  3.970  4.284  4.238  4.060  4.025  4.094  4.140  4.043  4.066  4.034  3.892  3.784  3.932  3.802  4.078  4.060  3.932  4.205  4.025  3.871  3.932  3.745  3.850  3.932  4.060
4.990  4.844  4.718  4.883  4.787  4.745  4.927  4.868  4.836  5.003  4.762  4.963  4.951  4.883  5.024  4.734  4.816  4.898  4.913  4.875  5.081  5.011  4.804  4.898  4.812  4.794  4.828  4.575  4.511  4.690  4.804  4.745  4.745  4.868  4.840  4.852  4.745  4.691  4.718  4.663  4.745  4.700
4.938  4.806  4.766  4.889  4.949  4.824  4.920  5.024  4.832  4.927  4.989  4.890  4.984  4.994  4.961  4.700  5.050  4.820  4.942  5.016  5.043  4.997  4.844  5.037  4.843  4.871  4.718  4.787  4.754  4.718  4.644  4.796  4.745  4.812  4.828  4.920  4.752  4.828  4.827  4.828  4.708  4.852
5.043  5.112  5.077  5.004  4.868  4.984  5.147  5.063  5.030  5.096  4.898  5.185  5.165  5.075  5.159  4.961  5.130  4.881  5.106  5.323  5.153  5.204  5.130  5.118  5.081  4.989  4.975  4.796  5.037  4.920  4.934  4.963  4.727  4.984  5.029  4.977  5.136  4.942  4.860  4.890  4.984  4.997
5.472  5.493  5.455  5.338  5.247  5.318  5.489  5.323  5.303  5.397  5.375  5.397  5.474  5.472  5.493  5.368  5.338  5.146  5.429  5.361  5.472  5.568  5.429  5.670  5.328  5.337  5.307  5.242  5.215  5.278  5.268  5.303  5.118  5.273  5.360  5.366  5.421  5.323  5.389  5.252  5.209  5.489
3.850  3.912  3.947  3.871  3.932  3.947  3.871  3.951  3.961  4.025  3.912  4.220  4.164  4.174  4.231  3.912  3.908  3.998  4.004  4.205  4.074  3.970  3.807  4.013  3.850  3.807  3.791  3.714  3.664  3.877  3.892  4.007  4.074  3.871  3.846  3.951  3.829  3.892  3.892  3.784  3.829  3.807
3.638  3.664  3.877  3.761  3.664  3.757  3.689  3.850  3.738  3.892  3.611  3.829  3.970  3.912  4.043  3.818  3.780  3.780  4.253  3.989  3.912  3.689  3.738  3.784  3.611  3.638  3.638  3.761  3.611  3.638  3.611  3.871  3.912  3.664  3.807  3.714  3.658  3.526  3.638  3.689  3.784  3.664
4.745  4.640  4.682  4.682  4.654  4.593  4.668  4.748  4.625  4.762  4.710  4.522  4.647  4.489  4.779  4.431  4.721  4.454  4.819  4.736  4.779  4.771  4.543  4.700  4.787  4.635  4.407  4.500  4.443  4.454  4.382  4.500  4.625  4.489  4.727  4.554  4.595  4.454  4.317  4.388  4.500  4.554
4.060  4.048  4.127  4.007  4.013  4.060  3.850  4.078  4.031  4.277  3.957  3.989  4.263  4.220  4.174  4.007  4.086  4.111  4.234  4.205  4.304  4.263  4.025  4.190  4.007  3.807  3.932  3.951  3.850  3.957  3.882  4.197  4.060  3.970  4.182  4.140  3.961  3.970  4.007  3.892  4.025  3.908
4.663  4.431  4.431  4.466  4.682  4.603  4.564  4.595  4.454  4.718  4.595  4.663  4.828  4.736  4.844  4.615  4.443  4.699  4.625  4.726  4.745  4.376  4.754  4.700  4.246  4.522  4.419  4.419  4.369  4.367  4.691  4.533  4.533  4.559  4.500  4.615  4.500  4.489  4.554  4.615  4.489  4.663
4.363  4.167  4.127  3.989  4.124  4.111  3.989  4.174  3.932  4.263  4.234  4.190  4.248  4.217  4.263  4.094  4.025  4.205  4.094  4.205  4.174  4.331  4.007  4.094  4.078  3.912  4.094  4.074  3.892  3.970  4.078  3.951  4.143  3.932  3.989  4.007  3.850  4.022  4.159  4.043  3.871  4.007
5.412  5.301  5.226  5.242  5.278  5.220  5.272  5.146  5.380  5.388  5.262  5.270  5.476  5.398  5.425  5.280  5.375  5.187  5.468  5.308  5.471  5.303  5.313  5.389  5.187  5.220  5.196  5.159  5.136  5.112  5.268  5.176  5.275  5.298  5.371  5.220  5.198  5.185  5.118  5.115  5.176  5.130
5.069  4.980  4.990  5.037  4.820  4.868  5.037  4.796  5.123  5.136  4.942  4.945  5.225  5.130  5.069  4.710  4.977  4.850  4.972  5.187  5.159  4.963  4.970  5.130  4.934  4.896  4.926  4.848  4.752  4.843  4.804  5.030  4.940  4.883  5.037  4.794  4.819  4.847  4.850  4.883  4.820  4.890
5.138  5.118  4.875  5.017  5.037  4.986  4.745  4.896  4.942  5.014  4.989  4.916  5.075  5.069  5.298  4.852  4.820  4.984  4.934  5.030  4.898  4.883  5.112  4.996  4.783  4.754  4.718  4.812  4.635  4.804  4.924  4.727  4.875  4.812  4.831  4.812  4.860  4.850  4.920  4.956  4.654  4.796
4.710  4.654  4.839  4.828  4.710  4.860  4.663  4.585  4.718  4.671  4.796  4.663  4.875  4.812  4.804  4.677  4.585  4.700  4.700  4.828  4.727  4.727  4.736  4.727  4.477  4.533  4.625  4.464  4.635  4.615  4.564  4.466  4.564  4.659  4.564  4.758  4.710  4.649  4.533  4.564  4.454  4.690
