4.595  4.554  4.357  4.382  4.466  4.431  4.700  4.543  4.538  4.771  4.644  4.644  4.585  4.533  4.625  4.369  4.654  4.369  4.703  4.511  4.673  4.682  4.554  4.595  4.290  4.290  4.404  4.212  4.394  4.344  4.466  4.331  4.386  4.494  4.635  4.530  4.585  4.454  4.394  4.331  4.308  4.380
4.407  4.341  4.392  4.290  4.190  4.394  4.663  4.466  4.635  4.700  4.500  4.654  4.522  4.380  4.514  4.277  4.489  4.263  4.625  4.419  4.608  4.543  4.449  4.454  4.443  4.369  4.394  4.304  4.304  4.350  4.190  4.615  4.335  4.554  4.570  4.382  4.234  4.317  4.454  4.205  4.328  4.407
5.591  5.501  5.489  5.434  5.553  5.513  5.611  5.631  5.684  5.823  5.687  5.652  5.743  5.620  5.677  5.590  5.394  5.412  5.759  5.464  5.581  5.497  5.517  5.505  5.483  5.371  5.464  5.416  5.242  5.617  5.479  5.438  5.468  5.467  5.666  5.627  5.451  5.455  5.517  5.451  5.338  5.527
5.844  5.691  5.624  5.647  5.707  5.690  5.714  5.778  5.852  5.930  5.838  5.802  5.781  5.805  5.790  5.576  5.628  5.635  5.892  5.749  5.808  5.682  5.746  5.784  5.591  5.568  5.666  5.645  5.375  5.642  5.572  5.537  5.645  5.691  5.805  5.656  5.576  5.602  5.620  5.609  5.598  5.680
5.429  5.333  5.407  5.442  5.318  5.366  5.268  5.442  5.425  5.595  5.403  5.412  5.418  5.472  5.447  5.451  5.340  5.380  5.427  5.455  5.521  5.352  5.366  5.460  5.328  5.193  5.225  5.209  5.088  5.242  5.407  5.236  5.434  5.230  5.246  5.347  5.316  5.425  5.322  5.170  5.252  5.231
3.401  3.578  3.555  3.332  3.401  3.555  3.401  3.466  3.526  3.466  3.332  3.466  3.434  3.638  3.619  3.296  3.526  3.428  3.550  3.689  3.611  3.497  3.434  3.689  3.466  3.401  3.367  3.466  3.401  3.367  3.360  3.367  3.466  3.611  3.459  3.497  3.497  3.584  3.350  3.434  3.434  3.490
4.454  4.443  4.500  4.431  4.454  4.369  4.127  4.511  4.454  4.344  4.304  4.419  4.443  4.454  4.477  4.500  4.190  4.263  4.489  4.625  4.419  4.324  4.234  4.407  4.253  4.277  4.127  4.238  4.052  4.091  4.317  4.143  4.382  4.331  4.290  4.304  4.304  4.428  4.413  4.111  4.382  4.290
3.296  3.434  3.584  3.401  3.296  3.332  3.401  3.401  3.395  3.401  3.045  3.296  3.526  3.434  3.605  3.332  3.367  3.332  3.296  3.555  3.332  3.466  3.332  3.434  3.325  3.332  3.219  3.178  3.296  3.332  3.367  3.332  3.434  3.258  3.459  3.367  3.395  3.219  3.296  3.378  3.219  3.296
3.332  3.332  3.258  3.332  3.401  3.296  3.258  3.459  3.332  3.434  3.091  3.296  3.526  3.332  3.466  3.401  3.466  3.296  3.360  3.632  3.332  3.296  3.401  3.466  3.401  3.466  3.258  3.332  3.178  3.401  3.367  3.401  3.367  3.332  3.332  3.332  3.332  3.332  3.178  3.178  3.258  3.219
3.258  3.350  3.466  3.434  3.367  3.332  3.296  3.367  3.367  3.434  3.135  3.367  3.466  3.434  3.367  3.395  3.497  3.296  3.367  3.541  3.367  3.401  3.497  3.332  3.296  3.367  3.367  3.360  3.178  3.360  3.367  3.434  3.459  3.401  3.444  3.466  3.367  3.258  3.178  3.296  3.325  3.258
3.611  3.829  3.784  3.584  3.638  3.466  3.738  3.689  3.664  3.584  3.761  3.584  3.912  3.761  3.892  3.761  3.584  3.761  3.638  3.829  3.892  3.829  3.689  3.829  3.738  3.689  3.638  3.664  3.555  3.605  3.611  3.555  3.714  3.611  3.784  3.555  3.526  3.555  3.497  3.638  3.497  3.638
3.761  3.780  3.757  3.784  3.555  3.714  3.555  3.912  3.714  3.784  3.761  3.850  3.888  3.892  3.784  3.714  3.726  3.714  3.932  3.871  3.829  3.714  3.871  3.714  3.795  3.597  3.664  3.829  3.664  3.784  3.638  3.714  3.738  3.664  3.850  3.738  3.757  3.829  3.689  3.632  3.664  3.738
3.466  3.497  3.459  3.481  3.466  3.497  3.555  3.555  3.638  3.584  3.434  3.689  3.664  3.638  3.738  3.526  3.664  3.555  3.584  3.738  3.689  3.584  3.526  3.555  3.768  3.434  3.497  3.459  3.434  3.526  3.714  3.526  3.401  3.497  3.466  3.526  3.526  3.466  3.497  3.367  3.434  3.555
3.555  3.664  3.611  3.332  3.466  3.520  3.434  3.459  3.497  3.584  3.497  3.605  3.584  3.584  3.638  3.638  3.658  3.296  3.664  3.709  3.664  3.689  3.684  3.584  3.555  3.526  3.555  3.638  3.401  3.450  3.497  3.584  3.466  3.497  3.555  3.611  3.535  3.428  3.497  3.555  3.497  3.584
4.625  4.466  4.644  4.575  4.477  4.404  4.564  4.511  4.549  4.710  4.543  4.696  4.608  4.543  4.564  4.431  4.369  4.500  4.682  4.699  4.608  4.388  4.644  4.500  4.380  4.281  4.281  4.357  4.174  4.190  4.489  4.304  4.500  4.464  4.331  4.350  4.331  4.613  4.549  4.431  4.341  4.573
5.472  5.001  5.357  5.403  5.165  5.088  5.187  5.302  5.164  5.438  5.357  5.338  5.351  5.170  5.219  5.050  5.043  5.100  5.407  5.509  5.209  5.040  5.182  5.231  5.220  4.926  4.963  5.069  4.769  4.862  5.075  4.898  5.187  5.106  4.970  4.949  4.913  5.236  5.263  5.056  5.024  5.247
3.332  3.325  3.332  3.401  3.296  3.296  3.428  3.332  3.367  3.296  3.211  3.384  3.367  3.434  3.497  3.401  3.434  3.219  3.555  3.526  3.434  3.401  3.367  3.638  3.401  3.434  3.367  3.296  3.296  3.288  3.490  3.367  3.296  3.332  3.401  3.434  3.258  3.296  3.250  3.367  3.360  3.258
3.170  3.258  3.332  3.219  3.296  3.219  3.332  3.401  3.367  3.296  3.135  3.497  3.520  3.428  3.434  3.258  3.466  3.178  3.526  3.401  3.555  3.395  3.497  3.526  3.450  3.219  3.258  3.332  3.296  3.219  3.307  3.332  3.367  3.401  3.555  3.332  3.219  3.332  3.219  3.178  3.258  3.466
3.555  3.638  3.714  3.689  3.611  3.784  3.689  3.714  3.611  3.938  3.526  3.684  3.807  3.912  4.025  3.611  3.892  3.761  3.818  3.892  3.829  3.850  3.784  3.807  3.584  3.664  3.658  3.780  3.497  3.632  3.584  3.791  3.871  3.784  3.738  3.802  3.584  3.619  3.526  3.689  3.584  3.611
4.564  4.522  4.543  4.543  4.454  4.554  4.575  4.489  4.331  4.633  4.277  4.449  4.691  4.511  4.625  4.522  4.575  4.494  4.605  4.718  4.812  4.657  4.552  4.595  4.419  4.477  4.337  4.256  4.533  4.369  4.543  4.714  4.477  4.443  4.736  4.522  4.625  4.382  4.171  4.357  4.466  4.489
3.296  3.296  3.332  3.332  3.296  3.401  3.219  3.401  3.434  3.360  3.091  3.401  3.584  3.555  3.466  3.466  3.871  3.367  3.638  3.497  3.497  3.401  3.332  3.632  3.434  3.401  3.332  3.434  3.258  3.258  3.401  3.490  3.367  3.401  3.497  3.332  3.434  3.401  3.288  3.325  3.401  3.401
3.258  3.325  3.332  3.401  3.332  3.258  3.401  3.466  3.434  3.401  3.219  3.555  3.520  3.664  3.466  3.360  3.459  3.296  3.490  3.401  3.466  3.401  3.401  3.434  3.367  3.367  3.332  3.434  3.434  3.434  3.288  3.555  3.664  3.367  3.689  3.296  3.325  3.332  3.219  3.258  3.219  3.258
