5.024  4.827  4.890  4.911  4.934  4.889  4.860  4.905  4.984  4.934  4.898  4.933  4.933  4.883  4.905  4.860  4.828  4.890  4.890  5.030  5.017  4.779  4.816  4.890  4.927  4.836  4.850  4.736  4.554  4.682  4.843  4.779  4.779  4.875  4.777  4.727  4.745  4.852  4.860  4.745  4.727  4.800
5.094  5.011  5.037  5.011  4.934  5.017  5.081  5.004  5.081  5.193  5.094  5.136  5.195  5.182  5.153  4.984  4.866  5.130  4.990  4.963  5.069  5.050  4.933  5.130  4.875  4.920  4.949  4.811  4.754  4.828  5.011  4.905  5.004  5.011  5.004  4.894  5.088  4.956  4.898  4.890  4.787  4.896
3.664  3.584  3.757  3.696  3.611  3.555  3.638  3.638  3.709  3.709  3.638  3.526  3.951  3.912  3.902  3.761  3.757  3.738  3.912  3.802  4.127  3.784  3.738  3.857  3.871  3.584  3.807  3.696  3.664  3.835  3.714  3.780  3.526  3.689  3.638  3.829  3.597  3.689  3.658  3.664  3.584  3.912
3.807  3.784  3.839  3.784  3.850  3.892  3.714  3.784  3.733  3.807  3.892  3.912  3.912  3.951  4.022  3.892  3.605  3.807  3.871  4.004  3.912  3.807  3.689  3.738  3.689  3.807  3.768  3.689  3.605  3.689  3.784  3.780  3.784  3.714  3.784  3.701  3.877  3.892  3.908  3.807  3.733  3.824
4.745  4.603  4.564  4.673  4.543  4.682  4.575  4.585  4.533  4.942  4.554  4.710  4.786  4.848  4.844  4.682  4.437  4.721  4.585  4.585  4.625  4.500  4.533  4.615  4.486  4.394  4.443  4.380  4.317  4.357  4.564  4.382  4.549  4.454  4.494  4.475  4.489  4.533  4.522  4.416  4.454  4.419
4.970  4.644  4.927  4.877  4.827  4.762  4.752  4.916  4.815  4.970  4.942  4.889  4.927  5.009  4.990  4.860  4.644  4.858  4.868  4.949  4.836  4.710  4.779  4.828  4.564  4.718  4.654  4.663  4.464  4.419  4.883  4.394  4.630  4.605  4.533  4.635  4.605  4.745  4.745  4.690  4.538  4.752
3.367  3.466  3.526  3.401  3.506  3.526  3.619  3.578  3.401  3.555  3.332  3.807  3.584  3.664  3.584  3.555  3.450  3.506  3.550  3.664  3.526  3.611  3.497  3.526  3.555  3.584  3.497  3.481  3.434  3.466  3.611  3.497  3.434  3.434  3.434  3.325  3.332  3.367  3.367  3.401  3.258  3.584
3.497  3.490  3.466  3.611  3.428  3.578  3.555  3.638  3.584  3.807  3.497  3.664  3.714  3.578  3.714  3.638  3.570  3.584  3.807  3.784  3.638  3.664  3.497  3.555  3.466  3.401  3.466  3.418  3.401  3.497  3.466  3.584  3.526  3.526  3.584  3.555  3.638  3.332  3.611  3.632  3.497  3.526
4.094  4.143  3.912  4.007  3.970  4.078  4.060  4.043  4.060  4.078  4.052  4.069  4.205  3.970  4.277  4.234  4.127  4.004  4.209  4.263  4.143  4.205  4.094  4.060  4.043  4.060  3.989  3.951  3.892  3.932  4.086  4.159  3.942  4.127  4.078  4.034  4.025  4.094  3.892  3.970  3.970  4.007
4.241  4.277  4.111  4.335  4.111  4.127  4.290  4.190  4.156  4.159  4.434  4.205  4.344  4.263  4.477  4.143  4.248  4.234  4.440  4.304  4.443  4.205  4.205  4.277  4.025  4.190  4.111  4.111  4.156  4.202  4.328  4.260  4.127  4.111  4.277  4.277  4.241  4.220  3.970  4.127  4.094  4.111
3.951  3.998  3.892  3.733  3.611  3.976  3.818  3.835  3.912  3.951  3.912  3.912  4.111  4.094  3.922  3.784  3.802  3.829  3.951  4.043  3.951  4.190  3.714  4.074  3.714  3.784  3.664  3.850  3.871  3.738  3.912  3.761  3.861  3.784  3.871  3.850  3.784  3.829  3.733  3.611  3.750  3.807
4.248  4.111  4.094  4.111  4.248  4.078  4.159  4.094  4.111  4.143  4.127  4.205  4.407  4.277  4.382  4.007  4.159  4.260  4.187  4.248  4.099  4.202  4.151  4.290  3.970  4.069  4.091  4.025  4.007  3.932  4.043  4.007  4.140  4.060  4.043  4.060  4.111  4.111  4.190  3.980  3.957  4.025
3.638  3.664  3.689  3.951  3.497  3.632  3.709  3.689  3.638  3.850  3.658  3.714  3.829  3.638  3.664  3.664  3.807  3.738  3.611  3.714  3.970  3.714  3.664  3.824  3.584  3.709  3.689  3.564  3.584  3.638  3.689  3.684  3.714  3.651  3.829  3.584  3.989  3.714  3.584  3.367  3.664  3.638
3.611  3.738  3.497  3.555  3.689  3.555  3.584  3.611  3.526  3.714  3.664  3.664  3.638  3.584  3.850  3.526  3.638  3.466  3.611  3.738  3.761  3.757  3.638  3.638  3.689  3.466  3.466  3.428  3.526  3.570  3.526  3.689  3.733  3.490  3.520  3.761  3.638  3.584  3.592  3.497  3.526  3.466
3.829  3.807  3.689  3.912  3.951  3.850  3.638  3.892  3.664  3.932  3.807  3.738  3.932  3.912  3.989  3.714  3.784  3.671  3.871  3.892  3.985  3.970  3.867  3.829  3.850  3.761  3.867  3.638  3.709  3.761  3.714  3.807  3.733  3.733  3.850  3.850  3.664  3.784  3.802  3.689  3.738  3.721
3.578  3.611  3.689  3.611  3.526  3.584  3.611  3.611  3.638  3.597  3.401  3.632  3.892  3.584  3.689  3.526  3.664  3.434  3.807  3.951  3.784  3.638  3.444  3.738  3.497  3.497  3.611  3.497  3.401  3.434  3.645  3.584  3.605  3.497  3.497  3.401  3.497  3.401  3.401  3.434  3.332  3.459
3.738  3.784  3.784  3.861  3.761  3.632  3.892  3.738  3.664  3.932  3.738  3.784  3.967  3.829  3.664  3.714  3.773  3.813  3.829  3.871  3.850  3.738  3.738  3.757  3.658  3.802  3.761  3.738  3.664  3.807  3.738  3.780  3.611  3.738  3.912  3.738  3.733  3.807  3.689  3.638  3.638  3.807
3.584  3.490  3.526  3.497  3.466  3.555  3.401  3.632  3.526  3.466  3.367  3.578  3.434  3.738  3.689  3.401  3.638  3.490  3.434  3.526  3.738  3.664  3.466  3.497  3.526  3.497  3.490  3.332  3.401  3.466  3.395  3.611  3.555  3.466  3.555  3.434  3.497  3.418  3.466  3.401  3.466  3.632
5.375  5.043  5.310  5.485  5.375  5.288  5.227  5.333  5.211  5.308  5.257  5.287  5.426  5.313  5.407  5.094  5.333  5.242  5.568  5.649  5.541  5.328  5.204  5.333  5.333  5.170  5.075  5.094  4.836  5.004  5.106  5.298  5.490  5.357  5.497  5.318  5.147  5.394  5.278  5.145  5.328  5.293
4.595  4.317  4.605  4.736  4.533  4.590  4.354  4.575  4.511  4.454  4.603  4.511  4.595  4.595  4.662  4.369  4.431  4.564  4.796  4.804  4.663  4.575  4.431  4.500  4.466  4.533  4.290  4.263  4.288  4.174  4.367  4.546  4.625  4.543  4.585  4.509  4.466  4.710  4.369  4.454  4.454  4.659
4.836  4.489  4.562  4.754  4.598  4.486  4.511  4.654  4.710  4.836  4.533  4.831  4.977  4.710  4.779  4.500  4.522  4.585  4.779  4.984  4.787  4.762  4.573  4.644  4.710  4.570  4.511  4.585  4.500  4.511  4.836  4.852  4.952  4.509  4.754  4.654  4.615  4.710  4.575  4.394  4.605  4.605
5.214  4.875  5.094  5.187  4.999  4.927  4.905  5.030  4.977  5.112  5.068  5.136  5.263  5.136  5.308  5.037  5.118  5.075  5.367  5.394  5.308  5.153  5.124  5.150  4.956  4.959  4.852  4.787  4.796  4.802  5.030  5.071  5.183  5.042  5.153  5.052  5.043  4.984  4.898  4.905  4.956  5.112
