3.871  3.912  3.829  3.892  3.784  3.951  3.784  3.871  3.951  3.892  3.807  3.802  4.060  4.174  4.094  3.980  3.871  3.850  4.094  4.454  3.970  4.078  3.932  4.103  3.807  3.892  3.989  3.829  3.807  3.807  3.807  3.871  3.761  3.928  3.850  3.784  4.057  3.989  3.928  3.714  3.611  3.761
3.761  3.709  3.738  3.664  3.664  3.714  3.689  3.664  3.584  3.761  3.738  3.638  3.928  3.664  3.951  3.784  3.738  3.807  3.738  4.317  3.908  3.829  3.807  3.951  3.638  3.611  3.638  3.761  3.526  3.526  3.564  3.638  3.714  3.434  3.584  3.584  4.043  3.555  3.611  3.497  3.466  3.714
3.689  3.850  3.784  3.624  3.658  3.664  3.733  3.773  3.888  3.807  3.780  3.850  4.043  3.813  3.989  3.757  3.689  3.664  3.761  4.060  3.829  3.768  3.807  3.738  3.638  3.807  3.807  3.846  3.611  3.638  3.714  3.850  3.784  3.466  3.689  3.689  3.738  3.555  3.526  3.578  3.497  3.714
3.784  3.784  3.829  3.877  3.714  3.689  3.784  3.829  3.578  3.892  3.888  3.664  3.951  3.951  4.317  3.850  3.638  3.689  3.938  3.951  3.932  4.066  3.850  3.829  3.526  3.611  3.784  3.726  3.689  3.584  3.932  3.892  3.829  3.638  3.761  3.714  3.761  3.773  3.638  3.658  3.733  3.807
4.248  4.094  4.143  4.248  4.127  4.190  4.174  4.127  4.060  4.248  4.094  4.174  4.344  4.220  4.407  4.025  4.127  4.159  3.912  4.290  4.190  4.140  4.078  4.288  4.143  4.156  4.060  3.932  4.111  4.143  4.094  4.094  4.159  4.111  4.078  4.094  4.074  4.007  4.094  4.078  3.970  4.060
4.119  4.135  4.295  4.234  3.951  3.989  4.013  4.341  4.190  4.111  3.970  4.060  4.111  4.212  4.317  4.025  3.807  4.078  4.220  4.111  3.989  4.048  4.167  4.060  4.007  3.989  4.025  4.043  3.689  4.025  4.290  4.202  4.025  3.932  4.078  4.060  4.111  4.174  3.912  3.951  4.382  4.043
4.734  4.489  4.798  4.625  4.727  4.804  4.522  4.554  4.820  4.771  4.605  4.890  4.875  4.613  4.848  4.575  4.615  4.613  4.771  4.736  4.691  4.554  4.578  4.663  4.585  4.754  4.625  4.583  4.489  4.543  4.454  4.580  4.718  4.700  4.673  4.787  4.522  4.543  4.500  4.509  4.673  4.615
5.143  4.779  5.220  5.142  5.069  5.108  5.037  5.153  5.140  5.231  5.214  5.215  5.303  5.124  5.182  4.970  5.037  5.139  5.142  5.187  4.992  5.004  4.997  5.050  4.844  4.920  4.835  4.966  4.920  4.771  4.949  5.037  5.124  5.100  4.990  5.017  4.905  5.030  5.176  5.086  4.934  5.063
5.347  5.159  5.164  5.169  4.934  5.252  5.182  5.182  5.142  5.357  5.338  5.189  5.416  5.346  5.379  5.198  5.136  5.252  5.327  5.273  5.182  5.220  5.212  5.209  4.984  5.162  5.219  5.204  5.045  5.086  4.718  5.112  4.828  5.118  5.198  5.236  5.165  5.186  5.220  5.094  4.977  5.181
5.545  5.416  5.321  5.263  5.175  5.333  5.412  5.380  5.434  5.602  5.521  5.517  5.740  5.529  5.677  5.632  5.521  5.541  5.543  5.425  5.437  5.423  5.501  5.525  5.166  5.356  5.371  5.333  5.288  5.267  5.011  5.231  5.047  5.352  5.313  5.485  5.425  5.366  5.397  5.397  5.182  5.394
5.069  4.913  4.942  5.024  5.118  4.990  4.887  4.920  5.075  5.106  5.043  5.056  5.153  5.124  5.193  4.947  4.796  4.997  5.136  4.927  5.050  4.796  5.049  4.997  4.852  4.827  4.913  4.896  4.756  4.787  4.924  4.850  4.940  5.004  4.909  5.094  4.951  4.987  5.011  4.920  4.852  4.894
4.190  4.290  4.140  4.270  4.043  4.078  4.187  3.970  4.190  4.246  4.231  4.103  4.443  4.301  4.522  4.311  4.094  4.060  4.190  4.174  4.324  4.231  4.182  4.091  4.025  4.094  4.140  4.124  4.007  3.947  4.132  4.209  4.220  4.234  4.241  4.127  4.043  4.174  4.143  4.159  4.043  4.148
3.802  3.714  3.892  3.807  3.689  3.829  3.497  3.738  3.850  3.807  3.684  3.638  3.951  4.043  3.951  3.689  3.824  3.932  3.829  3.951  3.867  3.714  3.850  3.829  3.664  3.526  3.714  3.605  3.526  3.638  3.638  3.780  3.912  3.714  3.829  3.784  3.684  3.738  3.807  3.584  3.714  3.757
3.892  3.807  4.007  3.932  3.951  3.902  3.871  3.850  3.807  3.871  3.932  3.807  4.111  4.004  4.124  3.784  3.902  3.995  4.127  3.989  4.074  3.908  3.738  3.951  3.638  3.714  3.638  3.784  3.611  3.611  3.829  3.738  4.060  3.989  3.807  3.912  3.942  3.871  3.912  3.658  3.761  3.714
5.129  4.898  5.094  5.159  5.182  5.024  5.088  4.949  5.114  5.209  5.112  5.014  5.094  5.069  5.217  4.963  4.970  4.871  5.159  5.193  5.187  4.963  5.017  5.016  4.990  5.024  4.889  4.862  4.812  4.654  4.894  4.990  5.037  4.875  4.997  4.920  4.956  5.075  5.011  4.820  4.963  4.942
4.263  4.174  4.220  4.277  4.234  4.174  4.248  4.143  4.341  4.443  4.212  4.220  4.394  4.419  4.483  4.127  4.256  4.143  4.443  4.317  4.407  4.220  4.248  4.410  4.043  4.263  4.190  4.078  4.043  4.174  4.174  4.108  4.220  4.182  4.234  4.369  4.248  4.290  4.277  4.119  4.025  4.025
5.293  5.136  5.263  5.192  5.156  5.247  5.209  5.215  5.176  5.365  5.130  5.225  5.252  5.242  5.352  5.106  5.176  5.226  5.273  5.273  5.288  5.094  5.223  5.263  4.949  5.165  5.030  5.142  5.011  5.187  5.024  5.170  5.170  5.069  5.281  5.115  5.169  5.209  5.081  5.094  5.037  5.136
5.130  4.419  5.118  4.980  4.736  5.003  4.898  4.727  5.075  4.875  4.541  4.585  4.875  4.812  4.875  4.691  4.575  5.159  4.850  5.088  4.898  4.615  4.848  5.063  4.792  4.494  4.777  4.357  4.489  4.890  4.369  4.812  5.318  4.787  4.949  4.752  4.605  4.615  4.762  4.585  4.673  4.745
5.754  5.603  5.724  5.740  5.656  5.773  5.628  5.704  5.687  5.903  5.746  5.707  5.866  5.756  5.867  5.617  5.407  5.715  5.894  5.718  5.700  5.611  5.613  5.659  5.501  5.476  5.580  5.501  5.357  5.421  5.609  5.549  5.673  5.568  5.609  5.720  5.649  5.756  5.645  5.580  5.587  5.559
6.485  6.342  6.377  6.446  6.458  6.309  6.290  6.472  6.324  6.469  6.392  6.423  6.489  6.368  6.545  6.284  6.255  6.349  6.531  6.425  6.461  6.351  6.358  6.454  6.107  6.235  6.077  6.244  6.109  6.163  6.196  6.146  6.284  6.293  6.314  6.387  6.234  6.358  6.300  6.261  6.254  6.287
5.725  5.658  5.513  5.529  5.674  5.628  5.464  5.595  5.472  5.778  5.775  5.576  5.787  5.687  5.765  5.600  5.429  5.690  5.556  5.529  5.519  5.521  5.596  5.713  5.308  5.438  5.601  5.576  5.412  5.372  5.670  5.283  5.425  5.591  5.442  5.590  5.603  5.613  5.737  5.623  5.451  5.493
4.843  4.625  4.762  4.762  4.771  4.691  4.640  4.745  4.736  4.762  4.905  4.844  5.043  4.852  4.890  4.673  4.745  4.771  4.844  4.812  5.024  4.913  4.796  4.852  4.700  4.673  4.700  4.699  4.605  4.575  4.754  4.786  4.727  4.844  4.796  4.794  4.787  4.844  4.736  4.680  4.663  4.625
