4.905  4.605  4.779  4.773  4.812  4.868  4.663  4.806  4.860  4.938  4.663  4.866  4.890  4.787  4.890  4.575  4.595  4.635  4.736  4.843  4.836  4.649  4.605  4.644  4.691  4.723  4.554  4.489  4.317  4.564  4.590  4.575  4.583  4.717  4.703  4.585  4.522  4.699  4.618  4.682  4.489  4.836
4.625  4.143  4.443  4.357  4.416  4.263  4.466  4.494  4.394  4.673  4.331  4.398  4.394  4.505  4.392  4.234  4.263  4.337  4.290  4.585  4.288  4.143  4.187  4.246  4.127  4.290  4.127  4.135  4.119  3.951  4.025  4.034  4.190  4.140  4.263  4.127  4.025  4.179  4.357  4.248  4.060  4.190
4.657  4.419  4.466  4.477  4.564  4.394  4.680  4.635  4.567  4.498  4.554  4.595  4.654  4.522  4.736  4.454  4.394  4.419  4.564  4.615  4.662  4.685  4.644  4.682  4.344  4.554  4.357  4.344  4.290  4.304  4.620  4.625  4.522  4.654  4.500  4.575  4.543  4.600  4.357  4.220  4.477  4.357
4.898  4.382  4.575  4.615  4.344  4.595  4.530  4.673  4.419  4.652  4.590  4.630  4.820  4.585  4.762  4.443  4.380  4.477  4.625  4.769  4.458  4.466  4.505  4.407  4.344  4.386  4.350  4.407  4.248  4.350  4.469  4.357  4.407  4.290  4.407  4.500  4.357  4.505  4.443  4.522  4.344  4.593
3.951  3.928  4.040  4.031  3.951  4.007  3.951  3.871  3.989  4.057  4.091  3.989  4.060  4.205  4.277  4.187  3.867  4.094  4.043  4.007  3.967  3.989  3.989  4.127  3.970  3.738  3.932  3.850  3.932  3.980  3.932  3.947  4.004  3.780  3.967  3.892  3.761  3.829  3.850  3.995  3.807  3.807
3.928  3.784  4.043  4.143  3.892  3.970  3.871  3.970  3.912  4.043  3.947  3.829  4.094  4.094  4.205  3.970  3.892  3.892  4.069  4.108  3.985  4.025  3.807  3.892  3.850  3.733  3.932  3.807  3.761  3.932  3.970  4.016  3.989  3.784  3.932  3.846  3.912  3.829  3.892  3.638  3.761  3.912
4.595  4.452  4.644  4.511  4.443  4.416  4.538  4.380  4.357  4.663  4.573  4.575  4.590  4.654  4.595  4.369  4.575  4.443  4.575  4.533  4.663  4.595  4.633  4.615  4.263  4.407  4.419  4.357  4.357  4.344  4.431  4.520  4.431  4.564  4.304  4.466  4.464  4.554  4.500  4.394  4.344  4.477
4.111  3.947  4.025  4.007  4.007  3.932  4.025  4.060  3.989  4.317  4.078  4.263  4.078  4.234  4.220  4.103  4.143  3.989  4.190  3.970  4.007  4.025  4.124  4.060  3.932  4.043  3.998  4.099  3.989  4.007  4.007  3.829  4.043  4.094  3.951  4.025  3.912  4.007  4.007  4.060  4.060  3.912
3.434  3.497  3.367  3.466  3.401  3.395  3.219  3.490  3.570  3.401  3.497  3.401  3.689  3.401  3.645  3.401  3.378  3.395  3.401  3.611  3.689  3.497  3.434  3.459  3.367  3.466  3.332  3.466  3.434  3.578  3.434  3.526  3.526  3.401  3.497  3.466  3.296  3.434  5.081  3.611  3.296  3.296
3.434  3.497  3.367  3.401  3.401  3.466  3.219  3.466  3.367  3.258  3.258  3.434  3.526  3.555  3.520  3.367  3.434  3.434  3.401  3.520  3.434  3.332  3.367  3.497  3.497  3.401  3.401  3.367  3.332  3.401  3.428  3.497  3.296  3.367  3.367  3.367  3.434  3.296  3.434  3.296  3.296  3.367
3.807  3.912  3.676  3.638  3.951  3.780  3.829  3.761  3.714  3.768  3.784  3.824  3.970  3.951  3.951  3.829  3.784  3.611  3.918  3.784  4.040  3.928  3.738  3.912  3.807  3.638  3.664  3.714  3.578  3.526  3.714  3.807  3.638  3.850  3.689  3.584  3.802  3.757  3.526  3.738  3.761  3.922
3.526  3.555  3.611  3.526  3.497  3.638  3.401  3.611  3.584  3.584  3.401  3.738  3.658  3.664  3.664  3.738  3.584  3.367  3.578  3.714  3.638  3.584  3.611  3.611  3.526  3.466  3.555  3.526  3.367  3.367  3.555  3.555  3.611  3.550  3.605  3.434  3.497  3.434  3.684  3.466  3.367  3.535
4.477  4.498  4.407  4.564  4.440  4.466  4.625  4.431  4.464  4.543  4.380  4.489  4.779  4.668  4.832  4.533  4.466  4.615  4.663  4.552  4.727  4.564  4.615  4.654  4.407  4.388  4.454  4.369  4.443  4.407  4.477  4.564  4.605  4.557  4.543  4.530  4.431  4.431  4.516  4.466  4.337  4.557
4.625  4.354  4.635  4.509  4.416  4.564  4.464  4.522  4.440  4.605  4.446  4.745  4.690  4.691  4.758  4.489  4.477  4.419  4.644  4.615  4.787  4.454  4.489  4.642  4.564  4.344  4.419  4.388  4.317  4.407  4.511  4.530  4.575  4.575  4.595  4.522  4.533  4.564  4.522  4.522  4.522  4.483
6.109  5.838  5.932  6.057  5.922  5.976  5.903  6.016  5.889  6.046  5.914  5.923  6.114  5.986  6.120  5.775  5.967  5.836  6.009  6.151  6.052  6.054  5.765  6.043  5.883  6.057  5.822  5.689  5.617  5.737  5.787  5.749  6.021  5.948  5.954  6.023  5.743  5.888  5.844  5.727  5.788  5.916
5.308  5.135  5.318  5.308  5.298  5.196  4.997  5.308  5.308  5.327  5.252  5.414  5.398  5.342  5.333  4.920  5.268  5.193  5.373  5.533  5.384  5.298  5.100  5.293  5.081  5.260  5.080  4.787  4.909  4.920  5.024  4.904  5.220  5.138  5.198  5.099  4.984  5.152  5.142  4.997  5.017  5.075
4.060  4.025  4.060  4.127  3.829  4.060  4.197  3.989  4.190  4.140  4.043  4.111  4.167  4.190  4.190  4.060  4.277  4.060  4.331  4.205  4.357  4.111  4.060  4.174  4.143  3.932  3.871  3.951  3.784  4.127  3.970  4.159  4.060  4.025  4.135  4.007  3.888  4.031  3.918  3.908  3.912  3.951
4.078  3.892  4.127  4.111  3.892  3.932  3.980  3.892  3.951  4.057  3.912  3.912  4.108  4.094  4.220  4.007  3.932  4.043  4.290  3.989  4.151  4.060  3.850  4.190  3.970  3.989  3.867  3.888  3.829  4.031  3.871  4.004  4.025  3.761  4.025  3.932  3.784  3.951  3.961  3.871  4.016  3.957
5.760  5.525  5.775  5.956  5.700  5.643  5.663  5.935  5.572  5.821  5.749  5.779  5.841  5.690  5.881  5.517  5.583  5.670  5.951  5.945  5.872  5.727  5.591  5.793  5.564  5.684  5.517  5.357  5.338  5.361  5.556  5.533  5.965  5.740  5.723  5.687  5.513  5.612  5.455  5.442  5.670  5.659
7.611  7.441  7.546  7.561  7.561  7.636  7.535  7.585  7.637  7.653  7.569  7.646  7.593  7.586  7.652  7.566  7.528  7.673  7.586  7.537  7.660  7.548  7.580  7.652  7.585  7.682  7.607  7.574  7.565  7.561  7.553  7.462  7.626  7.654  7.582  7.655  7.568  7.619  7.533  7.530  7.497  7.529
4.466  4.290  4.443  4.413  4.454  4.431  4.220  4.382  4.505  4.344  4.477  4.407  4.431  4.304  4.663  4.094  4.369  4.419  4.554  4.696  4.685  4.263  4.357  4.428  4.331  4.440  4.331  4.248  4.127  4.248  4.248  4.354  4.317  4.431  4.449  4.284  4.248  4.489  4.234  4.127  4.369  4.290
4.363  3.932  4.304  4.248  4.357  4.182  4.174  4.263  4.205  4.220  4.209  4.304  4.394  4.304  4.522  4.234  4.248  4.277  4.443  4.407  4.437  4.290  4.174  4.344  4.263  4.190  4.202  4.143  4.174  4.057  3.951  4.205  4.263  4.111  4.167  4.190  4.248  4.344  4.190  4.025  4.060  4.159
