4.466  4.431  4.367  4.382  4.357  4.344  4.357  4.290  4.367  4.431  4.277  4.500  4.382  4.361  4.475  4.317  4.419  4.419  4.382  4.520  4.407  4.382  4.419  4.361  4.248  4.156  4.263  4.094  4.187  4.164  4.290  4.290  4.263  4.357  4.094  4.277  4.190  4.354  4.111  4.159  4.127  4.905
4.691  4.736  4.677  4.615  4.779  4.500  4.754  4.549  4.868  4.732  4.573  4.771  4.654  4.654  4.905  4.623  4.543  4.745  4.654  4.752  4.860  4.673  4.635  4.760  4.516  4.454  4.635  4.466  4.220  4.413  4.454  4.407  4.413  4.527  4.388  4.762  4.625  4.344  4.205  4.585  4.277  4.771
3.434  3.434  3.490  3.434  3.526  3.490  3.434  3.466  3.550  3.584  3.434  3.578  3.526  3.738  3.664  3.550  3.466  3.258  3.367  3.611  3.605  3.466  3.434  3.611  3.497  3.466  3.367  3.367  3.332  3.497  3.497  3.401  3.466  3.466  3.584  3.434  3.434  3.418  3.541  3.178  3.401  3.497
3.332  3.401  3.466  3.332  3.466  3.459  3.296  3.497  3.296  3.619  3.219  3.401  3.497  3.466  3.555  3.638  3.497  3.578  3.466  3.638  3.428  3.555  3.497  3.555  3.332  3.497  3.526  3.434  3.258  3.367  3.296  3.466  3.611  3.497  3.401  3.459  3.296  3.296  3.332  3.325  3.401  3.401
3.638  3.784  3.932  3.738  3.871  3.791  3.761  3.611  3.932  3.791  3.829  3.989  3.912  3.951  3.938  3.912  3.807  3.761  3.780  3.892  4.174  3.829  3.714  3.892  3.611  3.738  3.871  3.632  3.401  3.714  3.638  3.761  3.951  3.638  3.807  3.584  3.664  3.738  3.733  3.526  3.619  3.738
3.932  3.714  3.912  3.850  3.829  3.784  3.761  3.738  3.466  3.892  3.584  3.689  3.951  3.829  4.013  3.892  3.611  3.632  3.807  3.970  3.892  3.714  3.761  3.912  3.555  3.526  3.555  3.624  3.611  3.932  3.761  3.761  3.689  3.611  3.761  3.638  3.611  3.738  3.611  3.570  3.466  3.802
3.970  4.127  4.231  4.190  3.961  4.078  4.040  4.060  4.060  3.989  3.784  4.094  4.111  4.094  4.143  4.127  4.025  3.892  4.190  4.190  4.094  3.912  4.025  4.043  3.784  3.985  3.829  3.882  3.784  3.888  4.143  3.871  3.892  4.086  3.912  4.143  3.912  3.957  3.970  3.829  3.871  4.007
3.784  3.970  3.888  3.689  3.807  3.784  3.829  3.970  3.892  3.892  3.829  3.912  3.970  3.871  4.111  3.714  3.850  3.871  3.850  3.967  4.022  3.807  3.784  3.888  3.807  3.813  3.813  3.829  3.738  3.584  3.908  3.850  3.761  3.714  3.761  3.791  3.850  3.664  3.689  3.761  3.784  3.839
4.828  4.691  4.836  4.787  4.700  4.575  4.673  4.595  4.796  4.945  4.904  4.860  4.726  4.836  4.868  4.673  4.585  4.787  4.854  4.734  4.852  4.758  4.769  4.868  4.663  4.575  4.533  4.677  4.443  4.511  4.691  4.673  4.575  4.464  4.712  4.736  4.608  4.575  4.522  4.522  4.546  4.625
4.868  4.913  4.754  4.726  4.796  4.890  4.682  4.771  4.644  5.017  4.712  4.942  4.890  4.827  5.011  4.804  4.816  4.875  4.836  4.896  4.975  4.871  4.779  5.037  4.431  4.745  4.625  4.511  4.511  4.717  4.700  4.682  4.575  4.662  4.710  4.699  4.657  4.615  4.635  4.595  4.543  4.644
3.258  3.367  3.555  3.497  3.332  3.360  3.497  3.466  3.360  3.497  3.219  3.497  3.466  3.466  3.466  3.360  3.367  3.314  3.332  3.497  3.584  3.401  3.332  3.401  3.332  3.332  3.332  3.367  3.475  3.178  3.466  3.597  3.401  3.258  3.664  3.367  3.434  3.466  3.332  3.250  3.401  3.401
3.296  3.219  3.584  3.332  3.332  3.258  3.296  3.497  3.367  3.434  3.296  3.367  3.584  3.434  3.434  3.332  3.434  3.178  3.555  3.466  3.367  3.434  3.434  3.450  3.367  3.178  3.296  3.288  3.258  3.497  3.258  3.428  3.296  3.296  3.367  3.332  3.219  3.258  3.296  3.466  3.091  3.332
4.220  4.248  4.227  4.304  4.220  4.234  4.202  4.202  4.248  4.248  4.174  4.394  4.094  4.220  4.357  4.127  4.174  4.297  4.357  4.458  4.413  4.127  4.277  4.431  4.187  4.190  4.111  4.234  4.025  4.220  4.034  4.290  4.202  4.179  4.205  4.464  4.025  4.187  4.094  4.091  4.108  4.094
4.159  4.270  4.248  4.290  4.227  4.025  4.111  4.094  4.256  4.197  4.174  4.354  4.174  4.174  4.317  4.078  4.248  4.143  4.260  4.317  4.341  4.220  4.260  4.277  4.159  4.007  4.094  4.040  4.007  4.040  4.159  4.094  4.331  4.108  4.048  4.143  4.174  4.248  4.248  4.182  4.103  4.025
4.277  4.190  4.143  4.159  4.263  4.060  4.094  4.043  4.108  4.190  3.989  4.094  4.248  4.060  4.394  4.143  4.043  4.143  4.277  4.288  4.284  4.277  4.119  4.227  4.043  4.078  3.970  4.159  3.892  3.912  4.151  4.317  4.025  3.970  4.127  4.190  3.961  4.290  4.500  4.094  3.989  4.043
3.970  3.985  3.892  3.932  4.111  4.111  3.892  3.980  4.040  4.159  3.951  4.143  4.182  4.205  4.253  4.086  3.989  3.989  4.217  4.091  4.119  4.094  4.007  4.043  3.967  3.807  3.951  3.807  3.784  3.912  3.989  3.967  3.932  3.829  4.111  4.066  4.025  3.912  3.912  3.970  3.947  3.967
4.824  4.984  4.710  4.736  4.787  4.745  4.736  4.673  4.836  4.913  4.806  4.990  4.804  4.762  5.050  4.710  4.625  4.734  4.875  4.949  5.068  4.862  4.875  4.905  4.590  4.662  4.575  4.500  4.394  4.595  4.564  4.642  4.820  4.541  4.820  4.836  4.682  4.663  4.615  4.564  4.554  4.682
4.557  4.541  4.486  4.454  4.500  4.500  4.431  4.290  4.454  4.564  4.434  4.431  4.625  4.344  4.663  4.220  4.466  4.394  4.431  4.635  4.559  4.394  4.428  4.449  4.295  4.328  4.263  4.277  4.124  4.263  4.369  4.357  4.404  4.394  4.304  4.454  4.190  4.494  4.394  4.260  4.382  4.321
4.205  4.094  4.127  4.043  4.022  3.989  3.932  4.078  3.989  4.238  4.205  4.078  4.220  4.369  4.127  3.970  4.091  4.022  4.094  4.174  4.394  4.143  4.174  4.220  4.004  3.888  4.007  3.951  3.912  3.829  4.078  4.025  4.022  3.871  4.124  3.989  4.025  3.967  4.127  3.989  4.007  3.932
4.533  4.567  4.373  4.382  4.317  4.357  4.331  4.382  4.317  4.489  4.419  4.304  4.625  4.511  4.673  4.304  4.498  4.328  4.443  4.654  4.828  4.489  4.511  4.585  4.440  4.263  4.357  4.135  4.234  4.078  4.486  4.234  4.440  4.407  4.419  4.290  4.328  4.419  4.407  4.363  4.304  4.248
3.970  3.928  3.829  3.989  4.040  3.928  3.784  4.025  3.951  3.951  3.784  3.912  4.043  4.111  4.078  3.871  3.807  3.892  3.912  4.124  4.078  4.043  4.086  3.951  3.850  3.888  3.912  3.689  3.578  3.738  3.784  3.989  3.912  3.985  3.871  3.892  3.726  3.761  3.761  3.784  3.829  3.761
3.768  3.664  3.846  3.761  3.709  3.555  3.664  3.632  3.689  3.638  3.611  3.689  3.951  3.850  3.714  3.738  3.733  3.555  3.784  3.892  3.611  3.709  3.624  3.638  3.761  3.611  3.555  3.761  3.497  3.466  3.761  3.632  3.689  3.638  3.807  3.857  3.401  3.638  3.638  3.434  3.550  3.701
