4.369  4.315  4.449  4.454  4.205  4.277  4.489  4.174  4.284  4.419  4.159  4.331  4.472  4.431  4.541  4.234  4.449  4.094  4.562  4.454  4.673  4.454  4.190  4.382  4.354  4.281  4.277  4.004  4.052  4.324  4.187  4.413  4.317  4.443  4.248  4.331  4.530  4.078  4.159  4.159  4.295  4.263
4.615  4.431  4.511  4.615  4.500  4.394  4.633  4.443  4.317  4.682  4.248  4.431  4.554  4.509  4.522  4.554  4.511  4.328  4.511  4.543  4.489  4.605  4.382  4.580  4.464  4.317  4.511  4.263  4.217  4.234  4.328  4.431  4.394  4.454  4.477  4.530  4.401  4.357  4.094  4.304  4.220  4.419
5.077  5.346  4.905  4.956  4.977  5.063  4.986  5.009  4.852  5.281  5.074  5.263  5.321  5.175  5.142  5.192  4.997  5.050  5.105  5.045  5.147  5.136  5.265  5.357  4.952  4.911  5.081  4.972  4.984  5.118  5.285  4.927  4.700  4.909  4.980  5.063  5.117  5.004  4.982  5.027  4.832  4.920
4.815  4.898  4.511  4.625  4.564  4.710  4.543  4.554  4.477  4.762  4.635  4.736  4.836  4.820  4.898  4.779  4.562  4.718  4.710  4.687  4.625  4.766  4.868  4.820  4.615  4.605  4.663  4.443  4.541  4.710  4.605  4.585  4.317  4.466  4.382  4.564  4.454  4.489  4.700  4.443  4.443  4.454
4.127  4.248  4.454  4.248  4.060  4.290  4.431  4.078  4.127  4.407  4.295  4.094  4.174  4.246  4.205  4.143  4.190  4.094  4.159  4.449  4.234  4.171  4.234  4.394  4.159  3.951  3.989  3.951  3.951  4.127  3.970  4.190  4.361  4.060  4.205  4.217  4.060  4.025  3.912  4.025  4.007  4.111
3.989  3.989  4.159  4.248  4.111  4.369  4.304  4.143  4.094  4.454  4.248  4.205  4.220  4.159  4.143  4.043  4.143  4.025  4.078  4.224  4.407  4.143  3.989  4.190  4.007  3.807  3.912  4.040  3.714  4.007  3.908  4.108  4.301  3.928  4.043  4.119  3.961  4.007  3.871  3.912  3.912  4.007
3.696  3.738  3.780  3.664  3.714  3.784  3.714  3.696  3.761  3.784  3.664  3.867  3.932  3.985  4.060  3.888  3.768  3.912  3.850  3.892  3.850  3.807  3.714  3.784  3.689  3.738  3.638  3.570  3.611  3.676  3.773  3.761  3.802  3.738  3.932  3.689  3.624  3.555  3.676  3.584  3.526  3.555
3.714  3.733  3.795  3.584  3.757  3.526  3.714  3.638  3.818  3.829  3.638  3.738  3.784  3.892  3.970  3.658  3.658  3.761  3.714  3.829  3.942  3.784  3.526  3.676  3.850  3.664  3.709  3.780  3.584  3.541  3.664  3.638  3.664  3.761  3.850  3.664  3.611  3.689  3.714  3.784  3.709  3.584
4.905  4.828  4.920  4.820  4.840  4.787  4.610  4.796  4.754  4.977  4.905  4.963  4.771  4.852  4.984  4.633  4.736  4.864  4.836  4.927  4.777  4.682  4.726  4.896  4.475  4.585  4.771  4.625  4.416  4.615  4.603  4.585  4.736  4.673  4.682  4.756  4.613  4.700  4.779  4.708  4.580  4.741
4.682  4.605  4.717  4.644  4.635  4.663  4.559  4.635  4.652  4.828  4.787  4.787  4.613  4.673  4.771  4.533  4.489  4.779  4.605  4.898  4.687  4.605  4.533  4.691  4.382  4.500  4.543  4.407  4.256  4.428  4.419  4.416  4.590  4.500  4.443  4.615  4.428  4.564  4.595  4.394  4.404  4.564
4.007  4.007  4.466  4.025  3.989  4.016  3.951  3.912  3.970  3.989  4.043  4.094  4.127  4.234  4.205  3.850  4.111  3.850  4.060  4.263  4.174  4.025  4.043  4.179  4.022  4.094  3.970  3.850  3.998  4.043  4.007  4.007  3.912  3.989  4.043  4.043  3.912  3.951  3.928  3.951  3.871  3.871
4.078  3.989  4.025  3.888  4.007  4.094  4.159  4.091  4.078  4.248  4.043  4.025  4.234  4.103  4.190  4.074  4.060  4.111  4.274  4.132  4.290  4.094  4.143  4.231  3.850  4.016  4.078  3.871  3.807  4.004  4.094  4.231  3.932  4.111  4.171  4.205  4.007  4.043  3.918  3.829  3.829  3.932
4.754  4.844  4.749  4.644  4.578  4.663  4.766  4.700  4.710  4.836  4.745  4.726  4.870  4.736  4.812  4.771  4.804  4.382  4.736  4.727  4.745  4.875  4.783  4.831  4.407  4.443  4.486  4.543  4.407  4.642  4.762  4.625  4.605  4.585  4.682  4.760  4.673  4.595  4.605  4.625  4.454  4.494
4.248  4.220  4.315  4.246  4.103  4.248  4.094  4.190  4.171  4.156  4.260  4.094  4.311  4.382  4.317  4.091  4.159  3.951  4.234  4.263  4.317  4.238  4.174  4.263  4.060  4.074  3.970  4.025  4.078  3.912  4.091  3.998  4.190  4.290  4.148  4.060  4.190  4.174  4.007  4.159  3.989  3.932
4.511  4.234  4.159  4.541  4.376  4.220  4.159  4.331  4.431  4.520  4.446  4.564  4.407  4.419  4.644  4.174  4.344  4.227  4.564  4.682  4.605  4.248  4.220  4.382  4.094  4.290  4.187  4.074  4.025  4.025  4.140  4.290  4.475  4.317  4.246  4.277  4.174  4.354  4.297  4.111  4.357  4.127
4.094  3.738  3.892  4.094  3.850  4.025  3.807  4.007  4.078  4.034  4.034  4.182  4.091  4.043  4.043  3.784  4.043  3.888  4.159  4.328  4.078  3.892  3.738  3.892  3.892  3.824  3.761  3.671  3.689  3.651  3.780  3.892  4.231  3.807  3.892  3.807  3.850  3.932  3.985  3.850  4.094  3.829
6.321  6.202  6.163  6.431  6.286  6.250  6.186  6.275  6.196  6.287  6.277  6.320  6.303  6.129  6.485  6.109  6.157  6.200  6.261  6.271  6.225  6.168  6.127  6.232  6.138  6.096  6.142  6.089  5.938  5.980  6.087  6.292  6.224  6.213  6.244  6.170  6.080  6.423  6.390  6.131  6.120  6.111
5.996  5.919  5.851  6.056  5.940  5.961  5.886  5.787  5.886  5.994  5.883  5.883  5.949  5.826  6.151  5.869  5.886  5.858  5.916  5.858  5.943  5.889  5.841  5.942  5.824  5.762  5.786  5.737  5.700  5.645  5.844  5.930  5.806  5.858  6.026  5.953  5.935  6.035  6.057  5.883  5.715  5.817
4.543  4.454  4.578  4.635  4.559  4.466  4.454  4.511  4.644  4.575  4.564  4.595  4.796  4.691  4.812  4.514  4.477  4.533  4.754  4.635  4.718  4.443  4.564  4.644  4.341  4.304  4.317  4.331  4.234  4.472  4.500  4.466  4.477  4.615  4.663  4.575  4.443  4.500  4.585  4.382  4.419  4.520
4.543  4.357  4.640  4.575  4.486  4.398  4.304  4.394  4.575  4.419  4.575  4.489  4.554  4.500  4.635  4.344  4.382  4.394  4.748  4.673  4.700  4.394  4.357  4.369  4.549  4.382  4.382  4.407  4.143  4.220  4.220  4.263  4.533  4.564  4.511  4.344  4.234  4.382  4.522  4.394  4.443  4.331
5.143  5.170  5.042  5.263  5.024  5.176  5.142  5.056  5.111  5.121  5.193  5.153  5.288  5.223  5.354  5.136  5.112  5.112  5.209  5.149  5.386  5.226  5.130  5.366  5.081  5.011  5.074  5.050  4.913  4.840  5.165  5.193  5.187  5.147  5.243  5.182  5.017  5.086  5.136  4.979  5.156  5.069
3.928  4.078  4.108  4.078  3.871  4.025  3.932  3.970  4.078  3.928  4.111  3.970  4.220  4.234  4.248  3.970  4.277  4.078  4.127  4.171  4.301  4.159  4.108  4.159  4.124  4.091  3.928  4.043  4.031  3.985  4.091  4.159  3.989  3.871  4.004  3.989  3.829  4.091  4.111  4.007  4.143  3.932
