3.738  3.970  3.784  3.807  3.714  3.664  3.780  3.829  3.850  3.871  3.738  3.784  3.970  3.989  3.912  3.738  3.664  3.795  3.892  3.892  3.784  3.807  3.829  3.807  3.689  3.638  3.584  3.829  3.555  3.638  3.761  3.611  3.733  3.638  3.807  3.638  3.526  3.611  3.526  3.638  3.497  3.638
3.871  4.013  3.807  3.611  3.738  3.714  3.624  3.664  3.578  3.871  3.611  3.664  3.951  3.850  3.892  3.908  3.555  3.784  3.714  3.761  3.757  3.871  3.689  3.689  3.555  3.632  3.592  3.689  3.466  3.434  3.829  3.733  3.592  3.466  3.689  3.434  3.584  3.664  3.584  3.526  3.434  3.526
6.631  6.405  6.496  6.472  6.467  6.604  6.650  6.603  6.654  6.793  6.700  6.654  6.640  6.517  6.609  6.571  6.360  6.402  6.564  6.444  6.613  6.521  6.468  6.577  6.428  6.455  6.430  6.309  6.171  6.399  6.500  6.368  6.446  6.544  6.532  6.477  6.486  6.437  6.441  6.395  6.418  6.458
6.619  6.545  6.466  6.439  6.468  6.616  6.701  6.583  6.687  6.837  6.737  6.683  6.649  6.586  6.694  6.573  6.474  6.486  6.558  6.477  6.675  6.628  6.532  6.571  6.495  6.490  6.474  6.297  6.265  6.443  6.554  6.501  6.512  6.591  6.609  6.583  6.522  6.423  6.479  6.370  6.397  6.418
5.879  5.595  5.715  5.690  5.823  5.820  5.945  5.858  5.872  6.121  5.961  5.795  5.988  5.869  5.889  5.886  5.827  5.858  5.922  5.727  5.778  5.903  5.753  5.905  5.617  5.598  5.703  5.565  5.572  5.684  5.777  5.670  5.517  5.765  6.000  5.743  5.701  5.652  5.737  5.727  5.455  5.689
6.083  6.094  5.986  5.866  5.943  5.974  6.180  6.146  6.133  6.275  6.153  6.098  6.094  5.969  6.064  5.964  5.986  5.908  6.159  5.949  6.038  6.122  6.011  6.075  5.802  5.813  5.883  5.753  5.740  5.991  5.953  5.870  5.875  5.932  6.142  5.964  5.929  5.922  5.960  5.903  5.725  5.935
4.595  4.367  4.477  4.466  4.357  4.554  4.575  4.533  4.644  4.509  4.500  4.595  4.625  4.585  4.654  4.522  4.407  4.454  4.775  4.533  4.554  4.500  4.454  4.500  4.382  4.317  4.454  4.410  4.111  4.231  4.382  4.454  4.295  4.454  4.443  4.431  4.454  4.425  4.357  4.159  4.331  4.419
4.890  4.898  4.868  4.937  4.700  4.762  4.979  4.890  4.934  5.047  4.990  4.934  5.146  4.828  5.043  4.934  4.875  4.875  5.050  4.860  4.956  4.887  4.812  5.006  4.890  4.644  4.673  4.635  4.511  4.654  4.762  4.754  4.736  4.844  4.794  4.710  4.816  4.752  4.682  4.603  4.635  4.691
5.288  5.075  5.327  5.231  5.252  5.273  5.170  5.252  5.278  5.226  5.230  5.318  5.361  5.421  5.565  5.242  5.153  5.170  5.434  5.360  5.368  5.288  5.136  5.212  5.153  5.142  5.094  5.069  4.848  4.870  5.055  5.118  5.147  5.275  5.347  5.215  5.257  5.278  5.165  5.176  5.136  5.088
4.700  4.603  4.708  4.644  4.736  4.691  4.578  4.736  4.718  4.652  4.595  4.836  4.836  4.760  4.796  4.736  4.727  4.605  4.875  4.852  4.787  4.705  4.673  4.762  4.605  4.419  4.489  4.575  4.344  4.486  4.454  4.573  4.644  4.727  4.549  4.652  4.489  4.676  4.736  4.663  4.407  4.543
4.673  4.562  4.559  4.543  4.625  4.489  4.489  4.575  4.514  4.868  4.680  4.654  4.718  4.718  4.779  4.663  4.682  4.564  4.754  4.898  4.850  4.963  4.949  5.075  4.635  4.454  4.605  4.394  4.489  4.564  4.662  4.522  4.543  4.543  4.522  4.644  4.489  4.533  4.575  4.575  4.344  4.552
5.298  5.231  5.236  5.283  5.268  5.263  5.231  5.252  5.192  5.403  5.340  5.328  5.449  5.333  5.363  5.313  5.333  5.286  5.333  5.476  5.548  5.697  5.666  5.799  5.030  5.100  5.170  5.088  5.034  5.187  5.204  5.209  5.235  5.242  5.374  5.214  5.263  5.142  5.281  5.193  5.091  5.183
4.942  4.898  4.860  4.927  4.852  4.868  5.100  4.949  4.875  4.905  4.890  4.997  5.108  4.860  5.024  4.866  5.081  4.771  5.050  5.247  4.984  5.017  4.920  5.043  4.949  4.911  4.852  4.623  4.820  4.691  4.856  5.061  5.043  5.030  5.030  4.977  4.900  4.736  4.787  4.736  4.942  4.898
5.802  5.566  5.662  5.733  5.730  5.762  5.583  5.727  5.841  5.707  5.684  5.792  5.886  5.652  5.737  5.521  5.700  5.564  5.827  5.930  5.830  5.714  5.549  5.747  5.635  5.711  5.529  5.442  5.451  5.375  5.571  5.697  5.785  5.749  5.720  5.740  5.591  5.596  5.638  5.642  5.656  5.784
3.989  3.912  3.892  3.970  3.871  3.714  3.932  3.829  3.892  3.970  3.761  3.846  3.951  3.951  4.078  3.892  3.951  3.807  3.892  4.043  3.912  3.989  3.902  3.871  3.714  3.784  3.638  3.664  3.829  3.689  3.761  3.976  3.850  3.689  3.932  3.932  3.892  3.951  3.651  3.714  3.784  3.807
4.331  4.394  4.443  4.525  4.635  4.431  4.522  4.615  4.454  4.543  4.328  4.500  4.546  4.489  4.644  4.452  4.494  4.369  4.682  4.654  4.575  4.522  4.541  4.575  4.202  4.489  4.317  4.290  4.263  4.159  4.511  4.514  4.727  4.489  4.500  4.498  4.494  4.454  4.369  4.344  4.354  4.434
4.174  4.248  4.111  4.331  4.190  4.127  4.111  4.194  4.274  4.220  4.290  4.290  4.644  4.419  4.659  4.304  4.407  4.108  4.419  4.401  4.369  4.344  4.337  4.533  4.248  4.357  4.253  4.341  4.304  4.190  4.290  4.304  4.205  4.357  4.401  4.311  4.407  4.217  4.290  4.127  4.220  4.234
3.611  3.555  3.555  3.761  3.592  3.611  3.526  3.497  3.466  3.624  3.584  3.638  3.738  3.761  3.761  3.611  3.701  3.638  3.839  3.807  3.802  3.807  3.709  3.829  3.490  3.784  3.535  3.605  3.555  3.466  3.497  3.738  3.664  3.638  3.584  3.611  3.714  3.597  3.450  3.497  3.664  3.738
5.935  5.855  5.839  5.984  5.883  5.892  5.823  5.849  5.844  6.033  5.961  5.988  5.974  6.001  6.073  5.805  5.846  5.897  5.940  5.989  5.983  5.846  5.880  6.038  5.673  5.724  5.808  5.886  5.620  5.727  5.905  5.849  5.936  5.909  5.966  5.991  5.808  5.981  5.999  5.835  5.700  5.743
5.278  5.550  5.081  5.236  5.187  5.204  5.130  5.187  5.219  5.333  5.366  5.303  5.416  5.481  5.382  5.318  5.230  5.175  5.153  5.257  5.467  5.231  5.437  5.425  5.043  5.096  5.288  5.063  5.130  5.247  5.257  5.136  5.135  5.146  5.267  5.352  5.182  5.316  5.421  5.204  5.047  4.963
5.215  4.949  5.003  5.118  5.050  5.106  4.997  5.024  4.984  5.298  5.118  5.105  5.236  5.179  5.050  4.979  5.011  4.997  5.236  5.161  5.088  5.123  4.997  5.142  5.004  5.034  4.949  5.063  4.790  4.890  5.081  4.913  5.081  4.977  4.883  5.069  5.069  5.088  4.966  4.920  4.905  5.037
5.357  5.164  5.323  5.247  5.257  5.263  5.139  5.288  5.278  5.361  5.361  5.193  5.361  5.384  5.375  5.165  5.182  5.165  5.242  5.303  5.394  5.195  5.283  5.278  5.176  5.236  5.118  5.056  4.949  5.037  5.182  5.100  5.176  5.332  5.094  5.293  5.106  5.204  5.204  5.096  5.063  5.257
