4.174  4.234  4.143  4.174  4.094  4.060  4.205  4.159  4.263  4.159  4.119  4.190  4.143  4.227  4.277  4.248  4.290  4.274  4.220  4.394  4.304  4.290  4.171  4.205  4.344  4.078  4.190  4.190  4.094  4.078  4.190  4.174  4.234  4.317  4.094  4.060  4.094  4.043  4.060  4.234  4.078  4.111
4.091  3.989  3.951  4.078  4.086  4.007  4.043  4.025  4.220  4.159  4.124  4.159  4.187  4.190  4.174  4.174  3.970  4.091  4.190  4.159  4.317  4.159  4.094  4.143  4.078  3.970  4.004  4.159  3.970  3.985  4.108  4.111  4.083  4.094  4.094  3.951  3.912  4.025  3.807  3.989  3.912  4.159
3.989  4.331  4.074  4.143  4.040  4.111  4.263  3.932  4.277  4.220  4.151  4.174  4.190  4.111  4.263  4.202  4.220  4.094  4.234  4.174  4.281  4.361  4.234  4.205  4.248  4.078  4.007  4.078  3.957  4.127  4.127  4.419  4.190  4.025  4.060  4.140  4.060  4.205  4.007  4.143  3.970  4.016
3.932  3.951  4.094  3.850  3.850  3.871  4.025  3.951  3.871  4.060  3.892  4.111  3.970  3.951  4.094  3.871  3.932  3.892  4.025  4.094  4.025  3.892  3.807  4.013  3.951  4.060  3.850  3.882  3.784  3.638  4.111  4.004  3.932  3.829  3.892  3.829  3.824  3.850  3.784  3.829  3.738  3.912
3.850  3.466  3.638  3.689  3.638  3.611  3.784  3.611  3.738  3.850  3.632  3.802  3.829  3.761  3.689  3.761  3.714  3.738  3.846  3.892  3.829  3.709  3.689  3.684  3.526  3.526  3.761  3.611  3.434  3.611  3.555  3.714  3.684  3.664  3.584  3.459  3.780  3.526  3.466  3.664  3.611  3.619
3.714  3.584  3.689  3.714  3.611  3.584  3.526  3.684  3.664  3.714  3.555  3.726  3.714  3.689  3.676  3.555  3.466  3.701  3.597  3.784  3.689  3.638  3.658  3.555  3.689  3.584  3.584  3.526  3.401  3.466  3.624  3.584  3.638  3.584  3.555  3.526  3.466  3.671  3.584  3.526  3.555  3.709
4.538  4.304  4.301  4.315  4.304  4.413  4.263  4.454  4.234  4.511  4.373  4.533  4.543  4.454  4.443  4.382  4.159  4.317  4.477  4.663  4.419  4.511  4.605  4.486  4.205  4.281  4.205  4.344  4.234  4.127  4.234  4.078  4.277  4.341  4.248  4.143  4.263  4.369  4.220  4.344  4.295  4.419
4.754  4.625  4.511  4.718  4.595  4.541  4.466  4.489  4.290  4.443  4.543  4.575  4.578  4.564  4.718  4.407  4.509  4.431  4.564  4.633  4.541  4.554  4.564  4.635  4.357  4.443  4.522  4.357  4.419  4.304  4.466  4.522  4.382  4.431  4.466  4.489  4.498  4.407  4.344  4.431  4.431  4.489
3.912  3.807  4.288  3.780  3.932  3.795  3.892  3.871  4.074  3.947  3.867  3.850  3.970  4.007  4.108  3.761  3.857  3.892  4.025  4.148  4.078  3.970  3.892  3.951  3.738  3.912  3.867  3.824  3.638  3.807  3.664  3.892  3.932  3.932  3.824  3.989  3.709  3.850  3.829  3.807  3.757  3.850
3.555  3.555  3.689  3.638  3.807  3.611  3.784  3.714  3.664  3.738  3.584  3.738  3.850  3.761  4.007  3.611  3.555  3.638  3.761  3.846  3.829  3.714  3.611  3.784  3.584  3.526  3.497  3.632  3.555  3.555  3.564  3.584  3.684  3.664  3.658  3.664  3.466  3.555  5.609  3.638  3.745  3.466
3.829  3.807  3.867  4.202  3.738  4.094  3.951  3.871  4.197  4.034  3.932  4.057  4.040  3.951  4.111  3.932  4.040  3.888  3.951  4.111  4.159  4.108  3.932  4.357  4.197  3.892  4.127  3.989  3.932  3.970  3.912  4.060  4.074  4.043  3.888  4.007  3.928  3.807  3.928  3.829  4.111  3.664
3.871  3.714  3.802  3.807  3.738  3.761  3.850  3.784  3.850  3.951  3.689  3.738  3.807  3.784  3.871  3.584  3.795  3.689  3.738  3.932  3.951  3.908  3.802  3.957  3.714  3.611  3.632  3.632  3.555  3.795  3.738  3.947  3.835  3.773  3.807  3.738  3.689  3.892  3.611  3.807  3.773  3.689
3.584  3.555  3.526  3.584  3.584  3.664  3.466  3.401  3.721  3.738  3.296  3.750  3.611  3.638  3.850  3.526  3.807  3.434  3.638  3.932  3.664  3.434  3.611  3.689  3.497  3.497  3.584  3.526  3.497  3.466  3.466  3.664  3.632  3.555  3.466  3.555  3.555  3.466  3.367  3.555  3.555  3.497
3.526  3.497  3.466  3.611  3.658  3.795  3.401  3.490  3.512  3.745  3.296  3.671  3.714  3.664  3.835  3.555  3.555  3.750  3.807  3.611  3.689  3.658  3.714  3.434  3.497  3.555  3.638  3.584  3.466  3.367  3.784  3.632  3.689  3.526  3.733  3.632  3.459  3.350  3.367  3.367  3.645  3.497
4.304  4.174  4.156  4.260  4.190  4.234  4.111  4.248  4.357  4.248  4.174  4.248  4.234  4.205  4.143  4.248  4.234  4.202  4.248  4.500  4.304  4.217  4.220  4.386  4.086  4.246  4.174  3.912  4.043  4.031  4.040  4.060  4.135  4.111  4.143  4.328  4.016  4.277  4.043  3.908  4.025  4.220
4.078  3.989  4.060  4.007  4.025  4.078  4.060  4.060  4.234  4.016  4.143  4.060  4.143  4.253  4.220  3.970  4.205  4.127  4.143  4.543  4.190  4.182  4.060  4.331  3.918  3.928  4.043  4.007  3.912  3.932  4.025  4.007  4.281  4.220  4.132  4.108  4.007  4.043  4.060  3.892  3.892  4.007
3.951  3.780  4.143  3.912  3.850  3.738  3.638  3.664  3.912  3.951  3.892  3.912  4.127  3.932  4.022  3.738  3.912  3.846  3.970  4.159  3.970  3.871  3.932  3.951  3.829  3.871  3.784  3.961  3.611  3.780  3.818  3.709  3.871  3.714  3.802  3.871  3.738  3.947  3.784  3.902  3.784  3.638
3.908  3.850  4.057  3.912  3.932  3.912  3.892  4.043  3.784  4.159  3.761  3.892  4.078  4.043  4.317  4.007  3.892  3.892  3.970  4.111  3.951  3.970  3.871  3.985  3.892  3.857  3.714  3.829  3.664  3.638  3.938  3.807  4.034  3.807  4.078  3.829  3.738  3.951  3.871  3.807  3.784  3.664
3.555  3.555  3.761  3.638  3.526  3.564  3.490  3.721  3.555  3.638  3.638  3.584  3.970  3.846  3.807  3.490  3.689  3.689  3.892  3.689  3.802  3.584  3.714  3.696  3.434  3.526  3.526  3.497  3.466  3.526  3.638  3.784  3.664  3.526  3.632  3.611  3.466  3.638  3.497  3.466  3.526  3.555
3.638  3.714  3.714  3.761  3.555  3.497  3.664  3.714  3.658  3.850  3.611  3.807  3.932  3.918  3.951  3.795  3.726  3.784  3.761  3.970  3.970  3.784  3.714  3.807  3.611  3.738  3.714  3.871  3.689  3.638  3.664  3.807  3.850  3.807  4.060  3.714  3.638  3.664  3.638  3.619  3.676  3.784
3.942  3.738  3.829  3.932  3.898  3.784  3.738  3.867  3.951  3.829  3.733  3.824  3.951  3.967  4.007  3.784  3.850  3.912  3.912  4.043  4.004  3.761  3.829  3.795  3.761  3.638  3.714  3.757  3.761  3.761  3.757  3.846  3.784  3.738  3.738  3.850  3.689  4.007  3.908  4.025  3.829  3.861
3.867  3.850  3.664  3.701  3.807  3.784  3.829  3.807  3.709  3.850  3.696  3.970  3.932  3.951  3.998  3.638  3.829  3.871  3.784  3.850  3.807  3.757  3.714  3.888  3.780  3.611  3.784  3.738  3.624  3.651  3.807  3.645  3.714  3.829  3.850  3.835  3.795  3.714  3.611  3.773  3.597  3.689
