5.659  5.541  5.529  5.515  5.595  5.485  5.587  5.598  5.590  5.775  5.541  5.656  5.602  5.525  5.695  5.576  5.231  5.450  5.541  5.561  5.677  5.505  5.505  5.549  5.471  5.537  5.513  5.406  5.288  5.356  5.415  5.275  5.409  5.568  5.493  5.472  5.485  5.455  5.451  5.425  5.346  5.513
4.739  4.511  4.516  4.595  4.593  4.628  4.564  4.509  4.575  4.682  4.595  4.766  4.585  4.575  4.745  4.466  4.369  4.522  4.454  4.635  4.762  4.710  4.533  4.663  4.522  4.562  4.605  4.394  4.489  4.590  4.477  4.431  4.605  4.668  4.522  4.554  4.489  4.431  4.466  4.477  4.416  4.522
4.694  4.883  4.875  4.630  4.804  4.710  4.828  4.771  5.011  4.970  4.898  4.608  4.949  4.852  5.017  4.745  4.554  4.779  4.804  4.710  4.850  4.736  4.875  4.710  4.663  4.718  4.815  4.739  4.575  4.691  4.736  4.673  4.700  4.771  4.796  4.836  4.804  4.787  4.714  4.727  4.732  4.852
4.605  4.615  4.511  4.380  4.344  4.454  4.585  4.500  4.564  4.644  4.443  4.369  4.595  4.635  4.654  4.431  4.354  4.431  4.559  4.428  4.635  4.654  4.796  4.543  4.407  4.522  4.533  4.394  4.673  4.575  4.798  4.691  4.564  5.217  5.220  5.290  5.617  5.505  5.493  6.292  6.100  6.278
5.043  5.036  4.907  4.913  4.927  4.820  4.956  4.883  4.927  5.050  4.913  5.004  5.068  4.934  5.011  4.949  4.828  4.890  4.860  5.017  4.961  4.956  4.875  5.094  4.796  4.811  4.848  4.700  4.682  4.794  4.942  4.754  4.927  4.736  4.847  4.898  4.843  4.754  4.727  4.868  4.727  4.852
5.247  4.949  5.078  5.011  4.956  5.021  4.824  4.996  4.883  5.106  4.890  5.153  5.094  4.984  4.963  4.860  4.779  5.056  5.071  5.155  4.963  5.099  5.037  4.949  4.927  5.017  4.754  4.812  4.663  4.766  4.736  4.862  4.860  4.844  4.990  4.762  4.905  5.050  4.896  5.058  4.745  4.990
5.872  5.568  5.700  5.796  5.727  5.687  5.642  5.766  5.790  6.020  5.842  5.908  5.969  5.684  5.799  5.666  5.601  5.670  5.799  5.864  5.784  5.757  5.709  5.784  5.710  5.737  5.707  5.613  5.412  5.561  5.499  5.638  5.697  5.762  5.591  5.553  5.583  5.643  5.680  5.630  5.609  5.720
5.100  4.997  5.075  5.124  4.913  5.106  5.075  4.970  4.984  5.247  5.159  5.249  5.209  5.043  5.176  4.963  5.014  4.997  5.043  5.215  5.081  4.997  5.042  4.992  5.004  5.121  4.852  4.835  4.777  4.954  4.920  4.762  4.966  4.977  5.106  4.970  4.913  4.883  4.762  4.847  4.820  5.069
4.836  4.580  4.633  4.673  4.687  4.635  4.552  4.625  4.595  4.727  4.927  4.754  4.762  4.718  4.844  4.595  4.500  4.673  4.691  4.745  4.687  4.595  4.700  4.615  4.458  4.357  4.575  4.644  4.197  4.541  4.575  4.543  4.554  4.394  4.642  4.522  4.466  4.564  4.708  4.644  4.500  4.585
4.718  4.564  4.633  4.647  4.615  4.522  4.464  4.615  4.511  4.680  4.522  4.644  4.673  4.635  4.700  4.543  4.431  4.635  4.644  4.428  4.700  4.394  4.663  4.477  4.466  4.516  4.511  4.533  4.394  4.341  4.564  4.394  4.625  4.557  4.514  4.640  4.595  4.644  4.644  4.585  4.304  4.562
4.522  4.392  4.486  4.425  4.500  4.505  4.419  4.466  4.407  4.762  4.666  4.883  4.860  4.887  4.990  4.290  4.263  4.248  4.454  4.460  4.443  4.437  4.376  4.270  4.290  4.290  4.315  4.317  3.998  4.025  4.431  4.234  4.277  4.288  4.248  4.369  4.361  4.382  4.205  4.238  4.220  4.277
4.533  4.443  4.595  4.635  4.454  4.489  4.382  4.407  4.270  4.575  4.525  4.530  4.605  4.440  4.605  4.431  4.331  4.317  4.486  4.593  4.564  4.382  4.357  4.477  4.274  4.248  4.190  4.159  3.989  4.174  4.078  4.304  4.407  4.202  4.331  4.344  4.234  4.367  4.331  4.234  4.159  4.174
4.699  4.431  4.500  4.588  4.603  4.585  4.277  4.564  4.575  4.615  4.567  4.615  4.787  4.812  4.718  4.511  4.500  4.673  4.682  4.500  4.431  4.481  4.575  4.644  4.543  4.533  4.454  4.494  4.331  4.304  4.410  4.376  4.344  4.489  4.367  4.511  4.317  4.419  4.575  4.505  4.388  4.543
3.932  3.951  3.912  3.967  3.989  3.970  4.040  4.060  3.951  3.951  4.048  4.159  4.357  4.060  4.263  3.932  3.932  3.970  4.234  4.025  4.290  4.052  3.947  4.111  3.989  3.757  4.025  3.989  3.807  3.871  3.877  3.871  3.970  3.871  4.022  3.970  3.912  3.932  3.970  3.850  3.761  4.094
5.112  5.063  5.063  5.074  5.252  5.147  5.063  5.136  4.970  5.124  5.182  5.255  5.247  5.037  5.222  5.120  4.796  5.264  5.209  5.130  5.011  4.934  4.997  4.975  4.996  4.942  4.990  4.984  4.723  4.905  5.075  4.898  4.982  4.956  4.868  4.984  4.970  5.108  5.170  5.263  4.883  5.187
4.060  4.209  4.078  4.224  4.190  4.040  4.094  4.127  3.892  4.234  4.234  4.057  4.159  4.043  4.143  4.057  3.970  4.022  4.103  4.197  4.382  4.143  4.060  4.127  3.784  3.980  3.829  3.871  3.829  3.989  3.892  3.871  4.057  3.998  3.942  4.143  3.807  4.004  4.025  3.970  3.951  4.111
5.310  5.037  5.323  5.247  5.323  5.255  5.220  5.283  5.380  5.428  5.176  5.361  5.505  5.298  5.413  5.198  5.231  5.273  5.464  5.333  5.298  5.136  5.109  5.118  5.368  5.308  5.218  5.204  4.984  5.050  5.112  5.257  5.214  5.257  5.256  5.247  5.313  5.275  5.263  5.182  5.212  5.278
3.951  4.256  4.190  4.290  4.281  4.043  4.190  4.143  4.205  4.398  4.205  4.317  4.357  4.477  4.382  4.091  4.135  4.025  4.111  4.386  4.277  4.111  4.108  4.202  4.174  4.119  4.190  4.007  4.007  3.912  4.040  4.007  4.194  4.205  4.171  4.127  4.159  4.135  4.119  3.970  4.025  4.043
4.394  4.260  4.522  4.477  4.357  4.500  4.301  4.357  4.328  4.407  4.304  4.533  4.605  4.388  4.483  4.284  4.331  4.317  4.554  4.477  4.404  4.331  4.404  4.344  4.392  4.443  4.489  4.431  4.290  4.270  4.392  4.317  4.477  4.407  4.407  4.394  4.431  4.404  4.304  4.449  4.431  4.511
4.217  3.912  4.217  4.143  4.078  4.127  4.078  4.263  4.357  4.350  4.205  4.234  4.454  4.344  4.382  3.807  4.190  4.094  4.317  4.401  4.304  4.205  4.143  4.277  4.277  4.212  4.143  3.989  3.989  4.140  4.060  4.143  4.205  4.304  4.043  4.111  4.025  3.989  4.190  4.004  4.025  4.205
5.136  4.875  4.990  5.088  5.040  5.093  4.934  4.942  5.043  5.242  5.003  5.094  5.182  5.100  5.165  4.860  4.949  5.075  5.242  5.069  5.043  4.944  4.949  5.075  4.868  5.017  4.997  4.934  4.868  4.868  5.069  4.804  5.112  4.890  4.934  5.100  5.037  5.075  5.017  5.024  4.913  4.942
5.252  5.026  5.135  5.182  5.226  5.097  4.984  5.156  5.118  5.209  5.215  5.068  5.273  5.136  5.136  4.984  5.043  5.204  5.267  5.193  5.081  5.049  5.201  5.063  4.963  5.112  5.075  5.037  4.832  4.977  5.024  4.860  5.130  5.004  4.977  5.170  5.024  5.176  5.257  4.990  4.986  5.118
