3.989  3.892  3.892  3.932  3.738  3.714  3.824  3.912  3.951  4.043  3.892  3.970  4.284  3.989  4.220  3.761  3.709  3.784  3.970  4.290  4.007  3.912  3.714  3.938  3.738  3.871  3.768  3.807  3.928  3.611  3.850  3.784  3.989  3.871  3.871  3.757  3.689  3.761  3.850  3.689  3.928  3.888
3.850  3.784  3.784  3.867  3.611  3.871  3.761  3.871  3.738  3.714  3.709  3.951  4.078  3.970  3.951  3.850  3.784  3.761  3.892  4.043  3.664  3.689  3.611  3.684  3.738  3.829  3.714  3.611  3.466  3.738  3.709  3.714  3.802  3.526  3.714  3.689  3.689  3.555  3.784  3.555  3.555  3.738
3.689  3.401  3.570  3.497  3.466  3.332  3.664  3.611  3.709  3.434  3.526  3.555  3.932  3.714  3.791  3.578  3.658  3.658  3.689  3.714  3.738  3.714  3.714  3.584  3.332  3.555  3.611  3.684  3.497  3.526  3.555  3.611  3.664  3.638  3.611  3.466  3.555  3.584  3.434  3.434  3.506  3.555
3.497  3.490  3.605  3.434  3.367  3.434  3.428  3.555  3.555  3.466  3.401  3.555  3.611  3.664  3.738  3.664  3.401  3.497  3.807  3.689  3.664  3.664  3.645  3.526  3.434  3.401  3.497  3.332  3.428  3.490  3.434  3.459  3.434  3.401  3.497  3.466  3.434  3.367  3.490  3.258  3.434  3.434
4.431  4.190  4.344  4.260  4.348  4.256  4.190  4.331  4.357  4.394  4.416  4.367  4.443  4.413  4.454  4.143  4.205  4.317  4.288  4.475  4.443  4.290  4.290  4.304  4.187  4.304  4.217  4.382  4.156  4.159  4.124  4.367  4.205  4.234  4.363  4.440  4.227  4.317  4.217  4.331  4.277  4.419
4.231  4.394  4.205  4.156  4.094  4.174  4.277  4.290  4.290  4.328  4.140  4.224  4.533  4.369  4.220  4.078  4.078  4.190  4.315  4.227  4.140  4.290  4.227  4.263  4.025  4.119  4.127  3.970  4.091  4.043  4.290  4.205  4.143  4.174  4.241  4.246  4.111  4.281  4.159  4.263  3.908  4.270
4.308  4.143  4.466  4.111  4.205  4.263  4.341  4.174  4.331  4.407  4.290  4.331  4.431  4.382  4.454  4.297  4.407  4.174  4.344  4.466  4.317  4.328  4.290  4.205  4.407  4.304  4.119  4.078  3.970  4.094  4.187  4.212  4.437  4.419  4.477  4.260  4.108  4.220  4.143  4.290  4.127  4.331
4.057  3.951  4.078  3.807  3.888  3.908  3.932  4.043  3.967  4.025  4.043  4.057  4.040  3.989  4.277  4.151  3.985  4.025  3.989  4.094  4.143  4.094  3.938  3.970  4.040  3.850  3.932  3.807  3.818  3.807  3.818  3.970  3.951  4.043  3.871  3.912  3.829  3.802  4.025  3.638  3.867  3.871
4.554  4.260  4.533  4.431  4.431  4.369  4.454  4.466  4.466  4.593  4.573  4.700  4.575  4.452  4.489  4.357  4.454  4.234  4.635  4.682  4.500  4.522  4.554  4.354  4.382  4.394  4.475  4.443  4.220  4.489  4.277  4.419  4.382  4.522  4.575  4.382  4.290  4.469  4.475  4.297  4.392  4.263
4.543  4.500  4.290  4.454  4.410  4.431  4.392  4.505  4.416  4.668  4.350  4.543  4.635  4.431  4.608  4.205  4.500  4.234  4.766  4.489  4.331  4.290  4.369  4.514  4.290  4.248  4.234  4.143  4.111  4.190  4.277  4.554  4.304  4.331  4.382  4.248  4.248  4.500  4.231  4.357  4.124  4.419
4.179  4.025  4.124  4.022  4.143  4.119  3.989  3.912  4.220  4.246  4.143  4.174  4.174  4.220  4.220  4.217  4.174  4.111  4.234  4.174  4.231  4.124  4.060  4.127  4.127  3.951  4.040  4.007  4.140  3.942  4.159  3.989  4.078  4.099  4.135  4.156  4.078  3.829  4.066  3.989  4.043  4.025
4.659  4.575  4.575  4.407  4.564  4.431  4.489  4.483  4.500  4.700  4.541  4.635  4.676  4.644  4.575  4.559  4.382  4.533  4.644  4.659  4.605  4.543  4.394  4.625  4.407  4.394  4.437  4.317  4.290  4.331  4.500  4.382  4.477  4.460  4.522  4.404  4.263  4.304  4.392  4.369  4.382  4.382
5.822  5.652  5.784  5.778  5.780  5.704  5.642  5.730  5.710  5.919  5.849  5.808  5.823  5.694  5.844  5.604  5.517  5.580  5.765  5.773  5.676  5.613  5.583  5.742  5.583  5.529  5.636  5.553  5.412  5.553  5.635  5.489  5.638  5.583  5.658  5.768  5.560  5.609  5.617  5.680  5.580  5.587
5.308  5.228  5.286  5.147  5.215  5.263  5.278  5.222  5.298  5.389  5.373  5.468  5.493  5.342  5.429  5.159  5.165  5.142  5.303  5.236  5.347  5.334  5.130  5.306  5.153  5.106  5.106  5.106  5.069  5.187  5.170  5.170  5.278  5.176  5.247  5.323  5.220  5.094  5.050  5.149  5.075  5.118
7.076  6.919  7.002  7.042  7.060  7.075  6.963  6.991  6.962  7.165  7.136  7.144  7.096  6.977  7.138  6.934  6.799  6.912  7.048  6.973  7.097  6.992  7.025  7.075  6.834  6.794  6.850  6.845  6.738  6.814  6.930  6.869  7.003  6.875  6.887  6.953  6.934  6.911  6.991  6.854  6.789  6.922
7.285  7.112  7.067  7.148  7.123  7.127  7.147  7.082  7.160  7.281  7.270  7.217  7.217  7.104  7.265  6.975  7.030  7.067  7.187  7.058  7.261  7.162  7.182  7.305  6.972  6.983  7.078  6.959  6.988  7.001  7.141  7.067  7.082  7.034  7.108  7.156  7.130  7.032  7.065  6.993  6.964  7.043
5.796  5.537  5.717  5.822  5.684  5.663  5.799  5.684  5.687  5.924  5.749  5.814  5.876  5.670  5.879  5.699  5.575  5.720  5.730  5.805  5.775  5.687  5.684  5.700  5.663  5.571  5.609  5.670  5.323  5.583  5.733  5.489  5.717  5.733  5.523  5.727  5.668  5.652  5.568  5.576  5.515  5.681
6.632  6.501  6.551  6.525  6.507  6.597  6.635  6.564  6.720  6.796  6.652  6.698  6.682  6.576  6.649  6.558  6.550  6.474  6.612  6.586  6.672  6.582  6.633  6.604  6.518  6.456  6.518  6.529  6.399  6.492  6.593  6.445  6.531  6.564  6.573  6.620  6.571  6.532  6.469  6.479  6.429  6.557
3.611  3.497  3.526  3.466  3.611  3.401  3.555  3.689  3.714  3.611  3.597  3.664  3.689  3.689  3.738  3.555  3.689  3.584  3.780  3.871  3.784  3.611  3.466  3.624  3.367  3.497  3.526  3.497  3.401  3.367  3.555  3.555  3.664  3.481  3.638  3.761  3.466  3.555  3.526  3.526  3.497  3.684
3.892  3.912  4.040  4.174  4.159  4.220  4.143  4.094  4.182  4.174  4.174  3.932  4.187  4.167  4.274  3.912  4.220  4.135  4.256  4.277  4.220  4.108  4.078  4.190  4.190  3.761  3.912  3.902  4.048  3.995  4.060  4.190  4.094  4.111  4.277  4.078  4.060  4.057  4.111  3.714  4.078  3.888
4.357  4.317  4.464  4.344  4.369  4.419  4.290  4.248  4.328  4.443  4.143  4.388  4.554  4.304  4.694  4.301  4.290  4.466  4.317  4.373  4.466  4.428  4.290  4.605  4.190  4.174  4.263  4.187  4.043  4.281  4.304  4.231  4.394  4.220  4.419  4.354  4.260  4.234  4.231  4.205  4.248  4.256
4.197  4.220  4.277  4.220  4.277  4.205  4.078  4.304  4.290  4.304  4.060  4.220  4.449  4.466  4.481  4.357  4.277  4.304  4.202  4.315  4.431  4.344  4.440  4.454  4.043  4.260  4.094  4.174  4.171  4.317  4.205  4.205  4.190  4.094  4.331  4.234  4.171  4.127  4.205  4.143  3.967  4.060
