4.174  4.004  4.007  3.829  3.892  3.892  4.111  4.094  4.060  4.094  4.043  4.078  4.094  4.171  4.205  4.025  3.989  3.892  3.892  4.007  4.127  4.094  4.040  3.951  3.957  3.970  3.829  3.976  3.989  3.912  4.007  3.932  4.007  3.951  3.829  3.951  4.007  4.103  3.850  3.912  3.947  3.829
4.290  4.025  4.317  4.295  4.190  4.248  4.212  4.317  4.281  4.304  4.143  4.304  4.304  4.025  4.317  4.281  4.143  4.091  4.190  4.317  4.317  4.094  4.234  4.290  4.094  4.220  3.951  4.151  3.818  3.829  4.094  4.159  4.466  4.248  4.078  3.970  4.190  4.159  4.060  3.970  4.143  4.043
3.932  3.892  3.932  3.912  3.807  3.738  3.807  3.892  3.932  3.892  3.689  3.871  4.048  3.932  4.159  3.989  3.857  3.664  3.980  4.007  4.025  3.932  3.976  3.892  3.912  3.871  3.773  3.664  3.757  3.784  3.714  3.898  3.970  3.773  3.784  3.761  3.892  3.721  3.638  3.850  3.526  3.738
3.664  3.611  3.714  3.611  3.605  3.584  3.689  3.726  3.651  3.709  3.555  3.829  4.025  3.970  3.784  3.584  3.605  3.738  3.807  3.761  3.784  3.619  3.689  3.638  3.512  3.714  3.520  3.714  3.434  3.497  3.611  3.784  3.738  3.555  3.497  3.664  3.578  3.784  3.526  3.584  3.611  3.738
4.787  4.754  4.840  4.760  4.700  4.820  4.718  4.654  4.775  4.844  4.796  4.754  4.956  4.700  4.909  4.710  4.727  4.700  4.844  4.820  4.700  4.752  4.802  4.762  4.585  4.718  4.623  4.543  4.466  4.615  4.659  4.700  4.710  4.522  4.511  4.663  4.779  4.820  4.673  4.520  4.522  4.796
5.442  5.273  5.328  5.352  5.403  5.407  5.297  5.365  5.302  5.394  5.333  5.368  5.371  5.416  5.449  5.340  5.112  5.308  5.268  5.434  5.301  5.198  5.288  5.313  5.088  5.088  5.121  5.207  5.088  5.088  5.378  5.056  5.187  5.106  5.242  5.276  5.293  5.398  5.288  5.153  5.249  5.259
4.736  4.588  4.762  4.771  4.787  4.647  4.605  4.771  4.762  4.942  4.796  4.854  4.828  4.682  4.820  4.605  4.691  4.635  4.718  4.844  4.657  4.635  4.500  4.595  4.644  4.382  4.562  4.357  4.301  4.533  4.654  4.498  4.644  4.615  4.644  4.615  4.615  4.564  4.635  4.635  4.595  4.585
4.710  4.585  4.727  4.727  4.628  4.673  4.588  4.644  4.714  4.644  4.615  4.718  4.836  4.736  4.745  4.580  4.525  4.543  4.771  4.839  4.836  4.570  4.663  4.703  4.575  4.530  4.663  4.533  4.331  4.605  4.489  4.509  4.691  4.554  4.552  4.605  4.492  4.564  4.575  4.454  4.543  4.663
5.105  5.147  4.990  5.105  5.198  5.238  5.037  5.252  5.075  5.268  5.106  5.268  5.017  5.166  5.215  5.043  4.812  5.100  5.209  5.030  5.231  4.984  4.997  5.056  4.905  4.963  5.088  4.970  4.796  5.004  5.063  4.972  4.997  5.011  4.984  4.996  5.029  5.124  5.075  5.056  4.868  5.106
5.011  4.806  4.868  4.926  4.887  4.868  4.898  4.905  4.691  4.883  4.727  4.963  4.779  4.956  4.956  4.754  4.700  4.844  4.890  4.942  4.913  4.727  4.909  4.868  4.754  4.663  4.682  4.635  4.625  4.691  4.625  4.726  4.779  4.690  4.828  4.786  4.844  4.771  4.727  4.754  4.625  4.796
5.176  5.019  5.009  4.844  4.975  4.968  4.980  4.997  4.942  5.094  5.094  5.088  5.142  4.963  5.193  4.812  4.844  5.030  5.115  4.885  4.905  4.777  4.920  4.819  4.718  4.673  4.812  4.942  4.644  4.654  4.920  4.802  4.852  4.796  4.868  4.850  4.860  4.934  4.691  4.743  4.881  4.942
4.454  4.454  4.522  4.511  4.500  4.466  4.401  4.543  4.511  4.718  4.673  4.625  4.635  4.736  4.691  4.541  4.344  4.407  4.511  4.554  4.635  4.494  4.394  4.682  4.419  4.331  4.472  4.324  4.304  4.348  4.376  4.357  4.369  4.344  4.449  4.361  4.443  4.500  4.514  4.419  4.263  4.443
4.691  4.554  4.454  4.595  4.605  4.610  4.431  4.522  4.595  4.431  4.625  4.575  4.673  4.691  4.745  4.404  4.431  4.682  4.533  4.727  4.736  4.543  4.522  4.511  4.328  4.357  4.363  4.290  4.171  4.382  4.522  4.530  4.533  4.382  4.394  4.440  4.357  4.357  4.419  4.564  4.394  4.428
4.644  4.682  4.691  4.543  4.714  4.668  4.734  4.732  4.710  4.635  4.595  4.828  4.987  4.736  4.820  4.635  4.498  4.779  4.726  4.820  4.920  4.700  4.820  4.745  4.663  4.644  4.700  4.500  4.475  4.644  4.644  4.625  4.554  4.682  4.745  4.654  4.654  4.575  4.575  4.605  4.564  4.745
3.526  3.466  3.481  3.555  3.597  3.367  3.497  3.434  3.466  3.605  3.219  3.428  3.689  3.761  3.784  3.466  3.466  3.401  3.584  3.784  3.605  3.761  3.367  3.638  3.584  3.466  3.526  3.459  3.466  3.632  3.401  3.526  3.526  3.332  3.434  3.332  3.401  3.550  3.367  3.395  3.296  3.401
3.367  3.332  3.401  3.466  3.367  3.332  3.296  3.434  3.401  3.526  3.526  3.434  3.689  3.638  3.550  3.401  3.584  3.459  3.555  3.714  3.466  3.434  3.434  3.638  3.178  3.466  3.466  3.520  3.332  3.401  3.401  3.550  3.664  3.360  3.434  3.325  3.367  3.401  3.332  3.466  3.332  3.296
3.970  4.060  4.205  4.031  4.060  4.078  3.947  4.034  3.807  3.714  4.025  4.127  4.224  4.094  4.267  4.140  3.961  4.143  4.419  4.220  4.217  3.970  4.127  4.159  3.989  4.111  4.119  4.025  3.951  3.961  4.127  3.976  4.111  3.850  3.871  4.069  4.025  3.970  4.127  4.078  3.867  4.040
3.645  3.555  3.761  3.684  3.584  3.658  3.611  3.689  3.839  3.526  3.466  3.714  3.784  3.912  3.867  3.526  3.664  3.892  3.871  3.807  3.850  3.846  3.611  3.932  3.611  3.584  3.726  3.611  3.466  3.555  3.611  3.689  3.768  3.497  3.624  3.750  3.689  3.709  3.526  3.497  3.791  3.638
4.868  4.905  4.673  4.828  4.673  4.673  4.736  4.710  4.578  4.663  4.682  4.691  4.913  4.911  4.868  4.615  4.613  4.595  4.787  4.794  4.787  4.727  4.736  4.771  4.663  4.623  4.635  4.595  4.509  4.710  4.682  4.554  4.595  4.585  4.812  4.718  4.671  4.771  4.687  4.699  4.543  4.700
3.761  3.807  3.689  3.611  3.738  3.555  3.784  3.738  3.871  3.912  3.912  3.738  4.025  3.932  4.034  3.846  4.034  3.784  3.951  3.970  3.829  4.007  3.932  3.970  3.611  3.638  3.829  3.714  3.664  3.714  3.738  3.738  3.970  3.850  3.761  3.773  3.951  3.850  3.912  3.850  3.867  3.989
4.194  4.234  4.078  4.419  4.277  4.190  4.174  4.407  4.234  4.304  4.025  4.111  4.174  4.328  4.369  4.040  4.263  4.004  4.246  4.290  4.248  4.413  4.234  4.205  3.970  4.135  4.057  3.947  4.007  3.932  4.060  4.290  4.060  4.007  4.190  4.220  4.143  4.171  4.263  4.078  3.989  4.171
3.689  3.638  3.689  3.714  3.689  3.611  3.584  3.611  3.584  3.638  3.434  3.526  3.807  3.912  3.807  3.684  3.689  3.605  3.807  3.714  3.664  3.689  3.761  3.611  3.497  3.584  3.761  3.497  3.555  3.555  3.466  3.721  3.597  3.605  3.773  3.780  3.526  3.611  3.745  3.526  3.526  3.550
