4.942  4.848  4.970  4.745  4.920  4.860  4.779  4.828  4.844  5.011  4.796  4.987  4.898  4.984  4.875  5.094  5.030  5.094  5.591  5.361  5.439  5.696  5.609  5.566  6.312  6.329  5.976  4.754  4.500  4.677  4.820  4.644  4.779  4.811  4.796  4.868  4.963  4.828  4.682  4.839  4.673  4.852
4.344  4.317  4.357  4.227  4.337  4.315  4.380  4.217  4.416  4.331  4.220  4.231  4.290  4.328  4.220  4.220  4.263  4.205  4.382  4.410  4.454  4.454  4.290  4.413  4.277  4.331  4.419  4.174  4.159  4.159  4.078  4.277  4.174  4.253  4.174  4.174  4.363  4.094  4.205  4.132  4.143  4.205
6.539  6.465  5.890  6.422  6.512  6.390  6.576  6.506  6.609  6.650  6.562  6.590  6.560  6.461  6.474  6.516  6.454  6.313  6.664  6.393  6.500  6.491  6.531  6.486  6.426  6.465  6.465  6.439  6.326  6.540  6.461  6.382  6.417  6.514  6.645  6.441  6.397  6.436  6.417  6.480  6.445  6.465
6.190  6.106  6.043  6.094  6.078  6.040  6.248  6.146  6.273  6.297  6.209  6.168  6.201  6.033  6.115  6.103  6.146  6.056  6.314  6.182  6.172  6.261  6.100  6.151  6.104  6.081  6.094  6.086  6.023  6.198  6.198  6.203  6.220  6.209  6.306  6.078  6.071  6.047  6.045  6.096  6.057  6.168
5.849  5.451  5.745  5.591  5.707  5.759  5.654  5.781  5.678  6.131  5.778  5.811  5.784  5.663  5.799  5.545  5.481  5.631  5.799  5.700  5.642  5.565  5.577  5.612  5.609  5.600  5.642  5.537  5.323  5.631  5.587  5.602  5.677  5.505  5.720  5.627  5.557  5.661  5.645  5.511  5.489  5.630
5.981  5.525  5.908  5.846  5.958  5.974  5.856  6.016  6.006  6.326  6.016  6.011  6.018  6.006  5.996  5.768  5.560  5.677  6.148  5.891  5.743  5.708  5.759  5.787  5.733  5.778  5.778  5.800  5.421  5.720  5.602  5.472  5.768  5.801  5.872  5.835  5.720  5.900  5.714  5.798  5.677  5.938
4.635  4.511  4.654  4.552  4.682  4.736  4.721  4.635  4.522  4.673  4.654  4.718  4.710  4.779  4.754  4.595  4.431  4.700  4.745  4.642  4.748  4.554  4.543  4.489  4.486  4.443  4.628  4.583  4.331  4.527  4.527  4.464  4.511  4.564  4.575  4.454  4.567  4.530  4.416  4.522  4.533  4.575
4.564  4.394  4.477  4.317  4.431  4.603  4.575  4.505  4.625  4.680  4.564  4.682  4.489  4.575  4.691  4.443  4.290  4.466  4.691  4.525  4.600  4.443  4.407  4.552  4.331  4.290  4.454  4.344  4.174  4.407  4.514  4.317  4.419  4.554  4.394  4.443  4.464  4.335  4.477  4.260  4.443  4.466
4.787  4.585  4.779  4.654  4.543  4.663  4.585  4.718  4.554  4.854  4.615  4.777  4.787  4.700  4.804  4.654  4.466  4.673  4.732  4.802  4.635  4.554  4.562  4.500  4.541  4.549  4.454  4.644  4.373  4.431  4.522  4.477  4.700  4.564  4.642  4.718  4.605  4.723  4.477  4.595  4.522  4.585
4.727  4.625  4.875  4.786  4.828  4.804  4.743  4.654  4.796  5.217  4.644  4.844  4.898  4.754  5.179  4.820  4.640  4.583  4.806  4.934  4.885  4.848  4.769  4.642  4.714  4.644  4.585  4.654  4.489  4.605  4.454  4.828  4.745  4.654  4.736  4.712  4.500  4.673  4.663  4.522  4.585  4.714
5.176  5.056  4.970  4.972  5.115  5.080  5.042  5.049  5.072  5.193  4.990  5.263  5.333  5.257  5.187  5.069  4.934  5.136  5.153  5.030  5.242  5.040  4.977  5.043  4.905  4.898  4.963  4.905  4.875  4.913  4.911  4.977  4.997  4.973  5.147  5.088  5.034  5.075  4.994  5.004  4.970  4.940
5.215  5.135  5.069  5.203  5.182  5.153  5.282  5.226  5.407  5.407  5.317  5.169  5.170  5.112  5.276  5.211  5.170  5.063  5.380  5.147  5.332  5.223  5.165  5.328  5.017  4.920  5.059  5.030  4.927  4.942  4.984  5.063  5.118  5.169  5.193  5.147  5.080  5.142  5.135  5.011  5.063  5.045
5.142  4.860  4.954  4.927  5.063  5.063  4.890  5.063  4.984  5.124  5.156  5.165  5.181  5.112  5.375  4.956  4.736  4.956  5.176  5.024  5.034  4.956  4.963  4.970  4.796  4.682  4.927  4.745  4.694  4.736  4.852  4.804  4.898  5.024  4.949  4.913  4.956  4.868  4.890  4.898  4.625  4.898
4.078  4.143  4.007  4.043  4.025  3.970  3.951  4.007  4.007  4.234  4.007  4.256  4.331  4.297  4.489  3.970  3.932  4.007  4.057  4.231  4.179  4.060  4.143  4.140  3.850  4.025  3.892  3.867  3.829  4.078  3.892  3.989  4.069  4.007  3.892  4.078  3.932  4.069  3.912  3.846  3.932  4.043
4.559  4.344  4.489  4.520  4.564  4.516  4.454  4.527  4.489  4.585  4.454  4.663  4.680  4.431  4.564  4.277  4.443  4.543  4.691  4.522  4.382  4.522  4.460  4.317  4.357  4.489  4.454  4.317  4.159  4.304  4.331  4.344  4.431  4.615  4.452  4.522  4.344  4.431  4.394  4.593  4.331  4.477
4.174  4.234  4.143  4.190  4.159  4.094  4.111  4.238  4.043  4.304  4.060  4.159  4.260  4.205  4.290  3.951  4.132  4.060  4.290  4.234  4.263  4.267  4.022  4.159  4.174  4.212  4.205  4.143  4.094  3.784  3.932  4.060  4.263  4.127  3.951  4.078  4.132  4.078  3.835  3.892  4.091  4.317
4.625  4.554  4.673  4.533  4.615  4.557  4.533  4.509  4.575  4.691  4.564  4.673  4.811  4.854  4.811  4.585  4.500  4.618  4.754  4.745  4.806  4.466  4.511  4.642  4.649  4.477  4.625  4.466  4.443  4.489  4.562  4.419  4.500  4.554  4.595  4.564  4.691  4.585  4.583  4.500  4.595  4.635
4.394  4.341  4.290  4.317  4.253  4.256  4.220  4.253  4.407  4.407  4.190  4.290  4.564  4.564  4.608  4.171  4.331  4.331  4.472  4.416  4.543  4.369  4.277  4.357  4.331  4.212  4.205  4.301  4.043  4.043  4.111  4.127  4.344  4.419  4.413  4.260  4.431  4.304  4.187  4.263  4.324  4.284
5.442  5.371  5.460  5.481  5.434  5.403  5.398  5.403  5.412  5.537  5.549  5.493  5.561  5.476  5.583  5.389  5.600  5.451  5.438  5.568  5.602  5.565  5.533  5.463  5.328  5.295  5.380  5.233  5.321  5.263  5.342  5.455  5.342  5.580  5.564  5.606  5.384  5.505  5.494  5.226  5.288  5.357
6.241  6.054  6.140  6.232  6.229  6.212  6.201  6.129  6.103  6.370  6.236  6.225  6.392  6.203  6.375  6.098  6.298  6.250  6.277  6.348  6.387  6.423  6.242  6.387  6.021  6.039  6.100  5.913  6.050  6.052  6.087  6.118  6.201  6.221  6.287  6.282  6.211  6.141  6.310  6.109  6.019  6.174
5.523  5.469  5.389  5.471  5.497  5.517  5.380  5.403  5.352  5.442  5.460  5.521  5.667  5.587  5.714  5.397  5.442  5.555  5.675  5.485  5.460  5.529  5.455  5.529  5.308  5.360  5.375  5.323  5.268  5.366  5.403  5.434  5.415  5.374  5.460  5.384  5.464  5.541  5.492  5.393  5.371  5.356
4.234  4.132  4.369  4.277  4.317  4.317  4.220  4.234  4.220  4.234  4.159  4.205  4.530  4.274  4.431  4.078  4.248  4.238  4.373  4.466  4.304  4.220  4.260  4.127  4.159  4.143  4.174  4.111  4.043  4.143  3.989  4.174  4.174  4.270  4.234  4.288  4.190  4.407  4.324  4.263  4.043  4.253
