6.175  6.182  6.124  5.922  6.116  6.306  6.176  6.033  6.172  6.180  6.136  6.084  6.217  6.182  6.172  6.210  6.004  6.103  6.192  5.993  6.159  6.033  6.229  6.180  6.047  6.060  6.098  5.989  5.928  5.918  6.021  5.771  5.846  6.059  5.935  6.103  6.240  6.038  5.938  6.064  6.050  6.006
4.840  4.922  4.745  4.644  4.723  4.902  4.796  4.726  4.990  4.889  4.727  4.771  4.883  4.843  4.934  4.820  4.682  4.727  4.905  4.811  4.862  4.827  4.779  4.874  4.682  4.654  4.754  4.554  4.543  4.603  4.564  4.533  4.575  4.852  4.564  4.852  4.860  4.687  4.454  4.654  4.575  4.644
7.281  7.121  7.182  6.988  7.186  7.266  7.045  7.101  7.115  7.155  7.066  7.155  7.052  6.999  7.018  7.041  6.923  7.212  7.152  7.082  7.102  6.996  7.093  7.066  6.964  6.999  7.025  7.026  6.871  6.925  6.993  6.799  6.930  7.048  7.009  6.967  7.118  7.077  6.956  7.092  6.906  7.058
6.399  6.357  6.310  6.144  6.275  6.396  6.358  6.337  6.367  6.353  6.307  6.429  6.271  6.131  6.336  6.261  6.223  6.430  6.412  6.178  6.452  6.314  6.363  6.423  6.207  6.314  6.322  6.217  6.120  6.190  6.277  6.073  6.137  6.313  6.286  6.310  6.423  6.306  6.196  6.318  6.092  6.286
6.930  6.742  6.771  6.791  6.688  6.983  6.885  6.878  6.898  7.020  6.923  6.979  7.047  6.880  6.962  6.867  6.778  6.930  7.002  6.762  6.891  6.718  6.839  6.820  6.906  6.940  6.902  6.849  6.749  6.846  6.805  6.630  6.779  6.920  6.931  6.877  6.872  6.762  6.749  6.822  6.709  6.811
5.690  5.724  5.606  5.561  5.624  5.759  5.854  5.685  5.854  5.936  5.756  5.864  5.892  5.849  5.846  5.717  5.715  5.733  5.897  5.682  5.855  5.762  5.787  5.645  5.739  5.854  5.686  5.578  5.591  5.687  5.663  5.561  5.591  5.864  5.767  5.808  5.724  5.620  5.447  5.580  5.442  5.805
6.204  5.628  5.994  5.897  6.153  6.122  5.727  5.989  5.941  6.205  6.087  6.232  6.096  6.047  6.126  5.909  5.434  6.237  5.986  6.009  5.820  5.606  5.697  5.696  5.613  5.875  5.798  5.905  5.366  5.602  5.684  5.455  5.823  5.733  5.693  5.841  5.711  6.001  5.938  5.976  5.654  5.945
4.710  4.317  4.554  4.543  4.533  4.642  4.407  4.690  4.541  4.942  4.700  4.654  4.710  4.625  4.705  4.663  4.159  4.554  4.710  4.511  4.419  4.348  4.585  4.522  4.382  4.382  4.425  4.466  3.989  4.174  4.419  4.234  4.431  4.220  4.344  4.357  4.511  4.443  4.443  4.382  4.301  4.489
5.740  5.447  5.531  5.447  5.598  5.698  5.549  5.631  5.659  5.720  5.675  5.663  5.645  5.635  5.613  5.533  5.481  5.602  5.587  5.609  5.482  5.340  5.483  5.509  5.576  5.733  5.543  5.568  5.451  5.574  5.595  5.328  5.438  5.580  5.513  5.442  5.624  5.565  5.533  5.521  5.505  5.635
4.625  4.644  4.682  4.354  4.413  4.736  4.691  4.605  4.754  4.745  4.710  4.850  4.929  4.890  4.804  4.714  4.694  4.635  4.727  4.760  4.754  4.585  4.687  4.727  4.644  4.511  4.691  4.640  4.554  4.585  4.562  4.419  4.419  4.603  4.585  4.605  4.494  4.600  4.477  4.533  4.522  4.543
6.089  5.366  6.019  5.900  5.407  6.033  5.823  5.938  6.047  6.171  5.938  6.162  6.153  5.864  6.000  5.541  5.591  5.707  6.087  6.082  5.855  5.455  5.539  5.493  5.647  5.875  5.463  5.481  5.094  5.242  5.365  5.257  5.147  5.841  5.574  5.796  5.587  5.881  5.735  5.710  5.537  5.927
3.611  3.466  3.526  3.466  3.459  3.526  3.332  3.434  3.664  3.584  3.497  3.570  3.526  3.481  3.520  3.367  3.526  3.434  3.497  3.638  3.466  3.466  3.541  3.466  3.676  3.714  3.520  3.497  3.434  3.296  3.367  3.434  3.450  3.555  3.520  3.466  3.296  3.350  3.578  3.401  3.619  3.367
5.935  5.799  5.817  5.826  5.827  5.805  5.743  5.793  5.753  5.844  5.817  5.844  5.894  5.849  5.926  5.685  5.710  5.842  5.894  5.846  5.833  5.787  5.787  5.864  5.778  5.820  5.776  5.670  5.659  5.609  5.687  5.743  5.802  5.844  5.778  5.826  5.781  5.740  5.697  5.737  5.695  5.855
5.455  5.328  5.282  5.288  5.338  5.313  5.365  5.307  5.283  5.407  5.317  5.375  5.493  5.412  5.389  5.222  5.429  5.342  5.455  5.437  5.472  5.323  5.328  5.361  5.220  5.293  5.159  5.203  5.124  5.182  5.211  5.268  5.273  5.342  5.225  5.246  5.270  5.130  5.220  5.200  5.235  5.215
6.449  6.038  6.353  6.221  6.418  6.392  6.127  6.415  6.477  6.531  6.397  6.497  6.513  6.329  6.447  6.153  5.983  6.254  6.412  6.472  6.142  6.026  6.133  6.176  6.096  6.339  6.155  6.174  5.922  6.037  6.011  5.846  6.340  6.257  6.269  6.330  6.035  6.174  6.190  6.203  6.107  6.330
4.111  4.159  4.361  4.382  4.220  4.248  4.060  4.111  4.234  4.317  4.357  4.454  4.369  4.159  4.407  3.989  4.171  4.159  4.290  4.394  4.348  4.111  4.164  4.277  4.135  4.344  4.052  4.025  4.007  4.321  3.985  4.220  4.143  4.290  4.111  4.111  3.932  4.263  4.074  4.025  4.277  4.248
6.190  5.966  6.049  6.080  6.083  6.124  5.924  6.186  6.083  6.161  6.186  6.165  6.229  6.182  6.214  6.021  5.869  6.223  6.229  6.174  5.971  5.974  6.019  6.091  6.023  6.188  6.127  6.118  5.889  5.875  5.966  5.737  5.924  6.033  5.984  6.011  6.038  6.019  6.038  6.013  6.072  6.143
4.615  4.554  4.533  4.394  4.657  4.511  4.454  4.575  4.570  4.663  4.762  4.635  4.920  4.745  4.762  4.466  4.369  4.613  4.718  4.727  4.434  4.522  4.605  4.543  4.416  4.804  4.543  4.483  4.369  4.533  4.464  4.382  4.503  4.682  4.489  4.522  4.443  4.530  4.623  4.460  4.520  4.615
6.376  5.961  6.315  6.295  6.310  6.389  6.057  6.263  6.163  6.390  6.253  6.240  6.277  6.221  6.366  5.986  5.905  6.350  6.334  6.299  6.121  6.038  6.064  6.010  6.088  6.142  6.017  6.098  5.711  5.872  5.881  5.978  6.164  6.109  6.045  6.140  5.979  6.244  6.120  6.265  6.001  6.232
5.094  4.898  4.956  4.904  5.037  4.920  4.787  4.905  4.860  5.106  5.147  5.006  5.075  4.984  5.142  4.723  4.700  5.011  5.181  5.063  5.030  4.762  4.860  4.890  4.644  4.871  4.673  4.691  4.431  4.564  4.673  4.559  4.905  4.726  4.787  4.905  4.796  4.920  4.916  5.011  4.875  4.836
4.094  3.892  4.124  4.007  4.220  4.290  3.951  3.970  4.148  4.357  4.277  4.304  4.388  4.317  4.434  4.078  3.938  4.246  4.392  4.290  4.043  4.111  4.025  4.078  3.807  4.004  4.007  4.164  3.761  4.025  4.094  3.932  4.190  4.004  3.951  3.970  3.892  4.205  3.928  3.932  3.970  3.912
3.296  3.367  3.367  3.401  3.401  3.401  3.332  3.367  3.434  3.428  3.178  3.497  3.550  3.658  3.497  3.395  3.578  3.367  3.550  3.526  3.658  3.332  3.466  3.401  3.466  3.401  3.367  3.332  3.401  3.401  3.219  3.584  3.332  3.296  3.395  3.332  3.325  3.497  3.178  3.428  3.296  3.325
