4.007  3.871  4.025  3.912  3.989  3.989  4.060  3.689  3.871  3.912  3.829  3.912  4.263  4.013  3.932  4.025  3.784  4.111  3.912  3.888  4.007  3.932  3.824  3.912  3.829  3.908  3.867  3.928  3.689  3.761  3.951  3.738  3.967  3.928  3.846  3.829  3.850  3.757  3.912  3.807  3.738  3.784
3.738  3.714  3.664  3.784  3.638  3.761  3.761  3.738  3.850  3.912  3.605  3.761  3.970  3.957  3.970  3.850  3.555  3.714  3.701  3.938  3.932  3.850  3.738  3.892  3.807  3.709  3.645  3.689  3.434  3.714  3.497  3.733  3.761  3.902  3.761  3.689  3.701  3.689  3.611  3.638  3.664  3.761
3.932  3.750  4.007  3.892  3.850  3.871  3.932  4.025  3.970  3.784  3.638  3.892  4.025  3.967  3.932  3.867  3.912  3.912  3.989  3.967  4.043  4.007  3.689  3.970  3.689  3.733  3.846  4.086  3.784  3.761  3.689  3.733  4.007  3.850  3.850  3.912  3.850  3.850  3.807  3.951  3.738  3.888
3.611  3.664  3.434  3.466  3.733  3.611  3.401  3.638  3.857  3.784  3.434  3.555  3.689  3.829  3.871  3.689  3.555  3.689  3.807  3.818  3.761  3.584  3.689  3.664  3.689  3.555  3.611  3.466  3.466  3.526  3.638  3.584  3.714  3.709  3.520  3.466  3.784  3.526  3.578  3.611  3.332  3.401
4.094  3.980  4.060  4.174  4.094  4.060  4.025  4.025  4.043  4.108  3.932  3.989  4.220  4.197  4.190  4.078  4.094  4.140  4.111  4.159  4.111  4.159  4.078  4.220  4.111  4.025  4.007  3.761  3.761  3.912  3.892  4.078  4.078  3.892  3.970  3.882  4.060  3.985  3.951  3.829  3.902  3.942
3.578  3.584  3.714  3.689  3.761  3.738  3.497  3.689  3.714  3.807  3.497  3.624  3.555  3.857  3.784  3.829  3.689  3.526  3.784  3.638  3.784  3.780  3.813  3.714  3.497  3.638  3.611  3.701  3.497  3.671  3.584  3.714  3.689  3.664  3.632  3.497  3.584  3.664  3.466  3.689  3.584  3.605
4.530  4.407  4.407  4.466  4.428  4.454  4.583  4.500  4.511  4.638  4.431  4.431  4.745  4.538  4.585  4.500  4.443  4.304  4.638  4.605  4.736  4.454  4.419  4.575  4.554  4.382  4.369  4.443  4.290  4.369  4.382  4.533  4.443  4.726  4.562  4.511  4.431  4.500  4.290  4.361  4.380  4.489
4.942  4.990  4.827  4.875  4.734  4.883  4.856  4.804  4.898  5.176  5.059  4.934  5.121  5.063  5.056  5.011  4.663  4.710  5.123  4.748  4.996  4.796  4.942  4.989  4.762  4.840  4.700  4.920  4.663  4.783  4.898  4.811  4.732  4.794  4.977  4.883  4.736  4.663  4.779  4.844  4.736  4.796
3.459  3.367  3.384  3.497  3.605  3.555  3.584  3.555  3.555  3.497  3.367  3.578  3.526  3.611  3.584  3.258  3.459  3.497  3.584  3.555  3.584  3.434  3.367  3.555  3.367  3.526  3.401  3.401  3.466  3.459  3.526  3.497  3.526  3.401  3.584  3.459  3.497  3.401  3.296  3.555  3.367  3.434
3.733  3.401  3.401  3.401  3.584  3.466  3.497  3.526  3.676  3.632  3.459  3.605  3.578  3.714  3.611  3.726  3.434  3.611  3.584  3.761  3.714  3.497  3.434  3.466  3.584  3.526  3.434  3.497  3.401  3.651  3.584  3.605  3.584  3.714  3.584  3.434  3.434  3.428  3.332  3.434  3.395  3.466
3.497  3.829  3.664  3.651  3.434  3.584  3.638  3.535  3.578  3.664  3.597  3.714  3.714  3.689  3.922  3.638  3.638  3.714  3.714  3.738  3.784  3.555  3.526  3.611  3.738  3.550  3.689  3.520  3.584  3.584  3.592  3.526  3.757  3.584  3.638  3.466  3.611  3.434  3.367  3.584  3.450  3.584
3.584  3.555  3.497  3.584  3.701  3.555  3.664  3.520  3.632  3.664  3.434  3.871  3.714  3.824  3.951  3.555  3.401  3.684  3.773  3.761  3.761  3.550  3.526  3.434  3.497  3.584  3.434  3.497  3.526  3.401  3.497  3.570  3.466  3.526  3.526  3.555  3.584  3.497  3.638  3.497  3.459  3.555
3.738  3.550  3.526  3.526  3.664  3.784  3.733  3.664  3.807  3.434  3.555  3.664  3.526  3.526  3.773  3.434  3.664  3.520  3.784  3.714  3.714  3.676  3.611  3.761  3.555  3.664  3.664  3.624  3.701  3.466  3.714  3.584  3.689  3.689  3.570  3.497  3.296  3.258  3.611  3.638  3.466  3.738
3.611  3.738  3.861  3.611  3.584  3.761  3.584  3.807  3.784  3.714  3.497  3.738  3.605  3.578  3.807  3.526  3.466  3.555  3.850  3.912  3.738  3.526  3.638  3.689  3.750  3.611  3.714  3.684  3.434  3.526  3.584  3.664  3.773  3.738  3.611  3.497  3.520  3.401  3.738  3.466  3.784  3.761
3.258  3.332  3.401  3.401  3.497  3.296  3.367  3.401  3.367  3.367  3.258  3.401  3.555  3.709  3.638  3.332  3.434  3.325  3.638  3.611  3.520  3.497  3.434  3.497  3.367  3.219  3.466  3.367  3.332  3.395  3.367  3.564  3.384  3.296  3.401  3.466  3.434  3.332  3.258  3.296  3.332  3.296
3.401  3.296  3.490  3.506  3.401  3.384  3.434  3.395  3.258  3.497  3.178  3.466  3.638  3.466  3.689  3.434  3.570  3.367  3.526  3.555  3.520  3.466  3.497  3.434  3.466  3.526  3.332  3.296  3.401  3.296  3.325  3.395  3.526  3.434  3.258  3.638  3.332  3.367  3.288  3.332  3.296  3.332
3.296  3.466  3.288  3.497  3.296  3.466  3.350  3.367  3.367  3.526  3.401  3.638  3.526  3.689  3.592  3.434  3.332  3.555  3.664  3.611  3.555  3.512  3.434  3.497  3.520  3.401  3.466  3.367  3.325  3.367  3.395  3.526  3.497  3.325  3.434  3.497  3.401  3.526  3.466  3.219  3.497  3.466
3.367  3.497  3.384  3.497  3.434  3.296  3.219  3.401  3.296  3.367  3.091  3.367  3.611  3.466  3.638  3.332  3.611  3.296  3.584  3.611  3.466  3.332  3.434  3.497  3.250  3.296  3.550  3.258  3.434  3.296  3.466  3.466  3.434  3.497  3.434  3.428  3.434  3.401  3.395  3.258  3.332  3.512
4.043  3.912  4.116  4.274  4.127  4.034  4.127  4.127  4.016  4.099  3.998  4.304  4.187  4.069  4.304  3.970  4.111  3.951  3.989  4.274  4.234  4.234  3.989  4.083  4.007  4.078  4.007  3.664  3.912  3.888  3.970  4.040  4.159  4.048  4.043  4.094  3.989  3.932  3.824  3.918  3.802  3.989
4.016  3.829  4.004  4.220  3.892  4.111  3.714  4.043  3.696  3.714  3.664  3.689  3.908  3.807  3.970  3.664  3.912  3.761  3.871  3.922  3.912  3.912  3.584  3.824  3.664  3.757  3.689  3.689  3.611  3.689  3.632  3.867  3.829  3.761  3.638  3.611  3.714  3.871  3.611  3.658  3.807  3.871
3.584  3.497  3.526  3.605  3.570  3.395  4.277  3.497  3.555  3.555  3.332  3.611  3.638  3.526  3.638  3.526  3.624  3.395  3.714  3.733  3.714  3.434  3.459  3.638  3.689  3.497  3.555  3.497  3.466  3.512  3.401  3.555  3.520  3.651  3.584  3.761  3.490  3.605  3.434  3.466  3.466  3.434
3.434  3.367  3.526  3.611  3.497  3.466  3.555  3.526  3.541  3.401  3.332  3.584  3.689  3.632  3.676  3.401  3.584  3.444  3.611  3.721  3.664  3.584  3.526  3.555  3.584  3.664  3.497  3.664  3.367  3.401  3.466  3.638  3.512  3.466  3.434  3.584  3.401  3.689  3.611  3.367  3.541  3.497
