5.124  5.030  5.037  5.100  5.182  5.108  5.088  5.165  5.063  5.193  5.100  5.117  5.293  5.251  5.206  5.146  4.883  5.118  5.207  5.156  5.162  5.115  4.940  5.146  4.877  4.898  4.966  4.931  4.771  4.839  5.040  4.905  4.898  4.956  4.959  5.142  5.056  5.112  5.037  5.023  4.835  5.030
5.613  5.298  5.342  5.479  5.476  5.380  5.501  5.398  5.357  5.557  5.481  5.493  5.670  5.509  5.591  5.416  5.187  5.357  5.561  5.493  5.509  5.337  5.293  5.427  5.273  5.242  5.182  5.226  5.165  5.118  5.403  5.231  5.263  5.273  5.231  5.460  5.412  5.620  5.438  5.595  5.361  5.628
4.016  4.190  3.989  4.159  3.967  4.043  4.025  4.281  4.143  4.205  4.111  4.143  4.159  4.263  4.159  4.043  4.111  3.989  4.078  4.263  4.094  4.190  4.025  4.111  4.007  4.025  4.007  4.159  4.164  3.961  4.103  4.164  3.951  4.025  3.951  4.111  4.060  4.025  5.412  4.025  3.932  3.932
4.007  3.892  3.780  3.932  3.689  3.638  3.970  3.922  3.970  3.888  3.795  3.989  3.912  3.846  3.951  3.888  3.684  3.871  4.025  4.007  3.829  3.829  3.871  4.025  3.584  3.784  3.850  3.738  3.684  3.714  4.004  3.928  3.928  3.807  3.942  3.824  3.738  3.882  3.784  3.761  3.989  3.780
4.382  4.331  4.407  4.357  4.428  4.410  4.317  4.440  4.454  4.486  4.290  4.466  4.443  4.369  4.520  4.234  4.290  4.111  4.489  4.454  4.407  4.277  4.317  4.317  4.357  4.317  4.357  4.043  4.127  4.078  4.246  4.270  4.304  4.304  4.234  4.174  4.159  4.234  4.324  4.267  4.190  4.419
3.989  3.912  4.060  3.850  3.807  3.892  3.784  3.947  3.970  3.829  3.761  3.912  3.989  3.942  4.040  3.829  3.829  3.807  4.007  3.970  3.942  4.007  3.664  3.932  3.871  3.850  3.824  3.584  3.638  4.007  3.867  3.951  3.829  3.714  3.850  3.970  3.784  3.714  3.761  3.877  3.773  3.802
4.454  4.234  4.321  4.522  4.344  4.311  4.416  4.190  4.212  4.522  4.407  4.369  4.443  4.369  4.564  4.190  4.127  4.248  4.382  4.407  4.477  4.290  4.124  4.382  4.078  4.231  4.190  4.159  3.970  3.989  4.315  4.111  4.369  4.234  4.220  4.159  4.234  4.290  4.315  4.159  3.989  4.094
3.932  3.892  3.967  3.892  3.912  3.850  3.768  3.967  3.784  4.127  3.912  4.057  4.043  3.970  4.111  3.912  3.829  3.947  3.932  4.025  4.124  3.912  3.951  3.892  3.780  3.957  3.892  3.912  3.638  3.807  3.733  3.807  3.829  3.850  3.947  3.824  3.892  3.871  3.824  3.892  3.784  3.738
5.123  5.226  4.931  5.257  5.027  5.037  5.086  4.940  4.977  5.347  5.136  5.136  5.247  4.094  5.371  4.868  4.949  5.043  5.179  5.298  5.204  5.123  5.091  5.182  5.030  4.868  4.727  4.741  4.736  4.727  5.056  4.963  4.952  4.858  4.990  5.024  4.933  4.984  5.040  4.934  4.875  4.883
5.231  5.236  5.193  5.434  5.168  5.273  5.136  5.215  5.215  5.366  5.291  5.263  5.407  3.497  5.521  5.124  4.970  5.193  5.256  5.313  5.322  5.094  5.226  5.394  5.165  4.963  5.024  5.011  4.775  4.760  5.198  5.176  5.278  5.168  5.112  5.133  4.977  5.361  5.360  5.063  5.043  5.071
4.635  4.489  4.625  4.564  4.633  4.407  4.557  4.562  4.394  4.554  4.682  4.575  4.595  4.543  4.673  4.422  4.477  4.511  4.682  4.864  4.754  4.710  4.543  4.668  4.564  4.489  4.595  4.382  4.419  4.394  4.407  4.522  4.691  4.533  4.625  4.509  4.407  4.454  4.682  4.407  4.331  4.410
5.464  5.094  5.398  5.298  5.226  5.153  5.085  5.278  5.094  5.273  5.215  5.313  5.288  5.247  5.371  5.106  5.193  5.303  5.303  5.476  5.211  5.242  5.153  5.130  5.094  5.017  4.973  5.118  4.762  4.745  5.050  5.156  5.329  5.153  5.043  5.153  4.949  5.347  5.257  5.196  5.130  5.130
3.951  4.159  4.025  4.043  4.060  3.892  3.989  4.159  3.932  4.060  3.912  4.116  4.143  4.043  4.304  3.912  4.066  4.078  4.108  4.205  4.220  3.967  4.007  4.043  3.892  3.892  3.989  3.807  3.684  3.912  3.970  4.078  3.951  3.989  3.932  4.060  3.892  3.892  3.850  3.829  3.970  4.007
3.795  3.871  3.761  3.970  3.807  3.850  3.807  3.871  3.689  3.784  3.846  4.007  3.829  3.784  4.025  3.892  3.807  3.611  3.912  3.892  4.052  3.985  3.932  3.932  3.871  3.520  3.892  3.738  3.555  3.497  3.829  3.951  3.829  3.738  3.871  3.928  3.701  3.689  3.829  3.932  3.761  3.638
4.357  4.416  4.554  4.691  4.562  4.394  4.860  4.304  5.296  4.963  4.739  4.431  4.543  4.500  4.926  4.443  4.317  4.344  4.754  5.069  4.443  4.443  4.159  4.691  4.673  4.317  4.344  4.546  4.388  4.277  4.094  4.382  4.663  4.331  4.317  4.288  4.530  4.443  4.234  4.304  4.911  4.344
4.220  4.143  4.431  4.598  4.025  4.143  3.951  4.248  5.354  4.828  4.440  4.263  4.143  4.277  4.690  4.025  4.060  4.174  4.407  4.642  4.143  4.148  3.989  4.522  4.419  4.143  4.174  4.475  4.143  4.078  3.922  4.078  4.554  4.025  4.127  3.985  4.091  3.951  4.111  4.127  4.644  4.007
5.357  5.193  5.412  5.442  5.235  5.203  5.293  5.298  5.374  5.371  5.252  5.450  5.448  5.308  5.317  5.147  5.513  5.153  5.467  5.513  5.349  5.485  5.071  5.368  5.342  5.455  5.088  5.039  4.942  5.043  5.124  5.204  5.380  5.371  5.407  5.298  5.193  5.241  5.215  4.970  5.302  5.375
5.077  4.734  5.088  5.223  4.860  4.898  4.938  5.007  4.982  4.942  4.723  4.920  4.992  4.933  4.997  4.786  5.117  4.700  5.222  5.285  5.094  4.905  4.680  4.828  5.052  5.112  4.852  4.682  4.654  4.543  4.730  4.796  5.130  5.024  5.155  4.843  4.843  4.977  4.832  4.685  5.058  5.042
4.898  4.852  4.677  4.883  4.823  4.828  4.828  4.875  4.745  4.949  4.900  4.868  4.945  5.027  5.040  4.804  4.654  4.819  4.970  4.933  4.852  4.710  4.820  4.883  4.657  4.620  4.779  4.564  4.443  4.554  4.739  4.754  4.727  4.820  4.890  4.828  4.685  4.890  4.984  4.823  4.673  4.736
3.807  4.094  3.967  4.043  3.961  3.892  3.932  3.932  3.912  4.127  3.871  3.970  4.078  4.174  4.143  3.784  4.040  3.989  3.970  4.007  4.140  4.197  3.989  4.060  3.912  3.850  3.970  3.761  3.892  3.882  3.892  4.143  3.970  3.850  4.043  4.034  3.985  4.025  3.912  3.761  3.850  3.761
5.283  5.043  5.153  5.118  5.215  5.217  5.085  5.181  5.063  5.268  5.366  5.257  5.396  5.342  5.278  5.147  5.132  5.361  5.231  5.347  5.389  5.251  5.185  5.142  5.037  5.124  5.135  5.200  4.889  4.970  5.247  5.142  5.106  5.153  5.189  5.136  5.173  5.272  5.313  5.124  5.088  5.142
5.200  4.958  5.043  4.984  4.977  5.117  4.858  4.997  4.828  5.220  5.303  5.129  5.165  5.243  5.209  5.094  4.954  5.278  5.017  5.204  5.124  5.075  4.984  5.094  4.843  4.942  5.100  5.037  4.625  4.956  5.142  4.911  4.970  4.984  4.875  5.058  5.052  5.063  5.123  5.030  4.942  5.045
