6.974  6.770  6.479  6.763  6.833  6.999  6.977  6.619  7.004  7.031  6.992  6.926  6.766  6.937  6.852  6.961  6.709  6.861  6.569  6.607  6.720  6.821  6.893  6.826  6.929  6.867  6.483  6.661  6.556  6.533  6.578  6.714  6.759  7.026  6.817  6.893  7.099  6.792  6.519  6.937  6.476  6.874
4.525  4.598  4.016  4.394  4.331  4.691  4.904  4.194  4.723  4.630  4.769  4.703  4.407  4.727  4.605  4.852  4.533  4.477  4.304  4.290  4.603  4.796  4.673  4.868  4.804  4.710  4.078  4.431  4.527  4.321  4.143  4.407  4.388  4.905  4.605  4.718  4.970  4.416  4.248  4.205  3.967  4.489
7.042  6.995  6.790  6.775  7.012  7.136  7.132  7.084  7.197  7.298  7.150  7.196  7.215  7.086  7.233  7.108  6.847  6.977  6.976  6.845  7.020  6.951  6.986  6.848  6.957  7.054  7.021  6.940  6.642  6.842  6.914  6.552  6.871  6.955  6.957  6.973  6.946  6.764  6.847  6.840  6.804  6.807
4.428  4.652  3.970  4.220  4.290  4.382  4.673  4.357  4.520  4.796  4.500  4.736  4.820  4.673  4.710  4.498  4.394  4.234  4.159  4.277  4.875  4.685  4.605  4.489  4.382  4.511  4.419  4.103  4.304  4.331  4.277  4.205  4.174  4.382  4.407  4.564  4.452  4.007  4.004  3.932  4.234  4.190
7.136  6.659  6.949  6.642  6.998  7.015  6.990  7.106  7.136  7.292  7.174  7.167  7.127  7.049  7.110  6.859  6.315  6.998  7.204  6.677  6.726  6.569  6.756  6.662  6.686  6.822  6.671  6.779  6.216  6.590  6.676  6.229  6.657  6.787  6.798  6.809  6.636  6.819  6.827  6.899  6.584  6.917
3.638  3.892  3.795  3.871  3.829  3.611  3.829  3.970  4.124  3.928  3.970  4.091  4.103  3.928  3.932  3.784  3.689  3.738  3.932  4.043  3.902  3.846  3.951  3.970  3.664  3.714  3.791  3.714  3.638  3.709  3.689  3.784  3.829  3.761  3.892  3.932  3.550  3.664  3.967  3.738  3.520  3.784
6.282  6.186  6.230  5.958  6.274  6.263  6.146  6.181  6.315  6.435  6.204  6.382  6.296  6.220  6.314  6.129  5.952  6.315  6.245  6.125  6.125  6.033  6.148  6.078  5.894  6.061  6.111  6.066  5.908  5.932  5.924  5.759  5.730  6.096  6.103  6.131  6.144  6.114  6.107  6.129  5.938  6.077
5.293  5.130  5.231  4.977  5.159  5.257  5.328  5.088  5.209  5.371  5.278  5.323  5.434  5.220  5.308  5.155  5.063  5.209  5.182  5.132  5.231  5.147  5.088  5.088  4.828  5.078  5.050  4.905  4.852  4.718  4.800  4.836  4.832  5.004  5.220  5.112  5.176  4.934  5.030  5.017  4.787  4.990
6.731  6.514  6.596  6.319  6.646  6.796  6.593  6.516  6.722  6.791  6.658  6.804  6.756  6.770  6.786  6.637  6.260  6.650  6.650  6.459  6.555  6.332  6.654  6.500  6.157  6.344  6.420  6.368  5.964  6.207  6.370  6.023  6.153  6.361  6.328  6.295  6.497  6.447  6.342  6.504  6.160  6.445
4.419  4.500  4.407  4.220  4.527  4.489  4.354  4.217  4.718  4.466  4.605  4.700  4.570  4.575  4.595  4.407  4.234  4.357  4.522  4.328  4.696  4.344  4.543  4.500  4.078  4.331  4.308  4.143  4.094  4.140  4.452  4.078  4.094  4.382  4.205  4.394  4.443  4.277  4.060  4.197  3.989  4.182
5.278  5.075  5.242  5.021  5.124  5.176  5.222  5.259  5.303  5.493  5.278  5.375  5.533  5.231  5.380  5.273  4.887  5.147  5.359  5.153  5.170  5.112  5.288  5.130  5.017  5.159  5.142  5.069  4.875  5.050  5.233  4.883  4.992  5.093  5.193  5.117  5.193  4.828  4.942  4.984  4.922  5.100
3.938  3.867  3.922  3.684  3.892  3.892  3.951  3.738  3.989  3.970  3.807  3.970  3.947  4.127  4.060  3.892  3.857  3.761  4.007  4.022  3.989  4.034  3.829  4.007  3.871  3.850  3.850  3.709  3.807  3.689  3.846  3.784  3.807  3.892  3.839  4.060  3.892  3.829  3.784  3.638  3.738  3.714
6.941  6.793  6.787  6.790  6.930  6.926  6.756  6.763  6.792  7.012  6.930  6.970  6.954  6.895  6.960  6.794  6.529  6.999  6.906  6.815  6.756  6.687  6.821  6.781  6.691  6.790  6.684  6.852  6.565  6.637  6.741  6.474  6.721  6.788  6.732  6.733  6.771  6.895  6.855  6.910  6.668  6.795
4.927  4.852  4.682  4.682  4.787  4.959  4.762  4.771  4.871  4.942  4.970  4.996  5.027  4.934  5.142  4.752  4.605  4.968  4.949  4.736  4.820  4.934  5.014  4.916  4.762  4.754  4.700  4.843  4.564  4.615  4.691  4.633  4.623  4.736  4.745  4.875  4.717  4.635  4.836  4.762  4.511  4.736
6.918  6.669  6.777  6.736  6.852  6.828  6.723  6.713  6.816  6.864  6.846  6.858  6.908  6.764  6.929  6.741  6.604  6.836  6.879  6.718  6.818  6.707  6.735  6.678  6.838  6.797  6.687  6.812  6.603  6.700  6.673  6.658  6.657  6.822  6.701  6.842  6.752  6.893  6.713  6.821  6.663  6.783
4.745  4.554  4.585  4.511  4.710  4.564  4.654  4.466  4.987  4.883  5.049  4.605  4.700  4.635  4.898  4.419  4.727  4.533  4.723  4.745  4.727  4.500  4.443  4.732  4.595  4.522  4.595  4.585  4.489  4.317  4.533  4.475  4.605  4.691  4.443  4.657  4.677  4.647  4.727  4.416  4.554  4.492
6.147  5.730  5.971  5.835  6.068  6.217  5.932  6.019  6.054  6.290  6.131  6.178  6.228  6.153  6.217  5.984  5.753  6.203  6.126  5.961  5.856  5.796  5.838  5.864  5.814  5.914  5.999  6.111  5.726  5.714  5.844  5.659  5.908  5.964  5.820  6.035  5.951  6.057  5.991  6.075  5.740  6.052
3.850  3.932  3.802  3.951  3.912  3.970  3.818  4.043  3.888  4.248  3.824  4.094  4.190  4.205  4.159  3.970  3.970  4.004  3.970  3.970  4.060  3.970  4.108  4.094  3.726  3.989  3.784  3.850  3.689  3.784  3.784  3.839  3.871  3.951  3.867  4.290  4.025  4.127  3.802  3.970  3.611  3.671
6.372  5.823  6.196  6.144  6.215  6.254  6.014  6.142  6.172  6.259  6.144  6.160  6.186  5.994  6.236  5.817  5.793  6.238  6.360  6.250  6.140  5.983  5.984  5.961  6.045  6.082  5.834  6.006  5.513  5.635  5.652  5.723  6.064  6.068  5.940  6.048  5.889  6.074  6.001  6.125  5.945  6.103
4.533  4.489  4.500  4.615  4.511  4.644  4.256  4.416  4.511  4.644  4.477  4.708  4.754  4.541  4.762  4.220  4.543  4.543  4.649  4.654  4.633  4.260  4.454  4.654  4.317  4.369  4.248  4.253  3.989  4.202  4.171  4.174  4.431  4.392  4.304  4.500  4.317  4.270  4.452  4.394  4.317  4.407
6.985  6.804  6.890  6.872  6.969  6.889  6.804  6.875  6.902  7.044  6.975  6.937  6.971  6.918  6.974  6.847  6.700  7.046  6.962  6.907  6.859  6.727  6.846  6.854  6.815  6.952  6.879  6.887  6.712  6.739  6.867  6.695  6.849  6.879  6.858  6.852  6.840  6.894  6.893  6.889  6.767  6.924
4.890  4.890  5.118  4.860  5.063  5.075  4.931  4.940  5.112  5.075  5.075  5.153  5.004  5.024  5.176  4.963  4.836  5.050  5.017  4.977  5.017  4.798  5.112  4.919  5.034  5.124  4.970  5.063  4.796  4.836  4.883  4.635  4.942  5.043  5.007  4.949  4.820  4.913  4.977  4.990  4.860  4.990
