5.914  5.608  5.598  5.654  5.827  5.730  5.855  5.786  5.879  5.858  5.742  5.922  5.851  5.768  5.829  5.778  5.633  5.704  5.996  5.785  5.762  5.684  5.673  5.690  5.879  5.879  5.727  5.637  5.642  5.743  5.670  5.472  5.778  5.870  5.846  5.842  5.673  5.666  5.533  5.649  5.580  5.860
4.466  4.171  4.304  4.357  4.357  4.419  4.475  4.472  4.382  4.583  4.469  4.575  4.554  4.595  4.575  4.500  4.331  4.466  4.644  4.443  4.452  4.394  4.290  4.290  4.331  4.407  4.464  4.220  4.124  4.419  4.231  4.331  4.220  4.311  4.552  4.546  4.143  4.331  4.174  4.317  4.369  4.337
5.746  5.694  5.618  5.557  5.687  5.808  5.746  5.730  5.755  5.966  5.714  5.852  5.859  5.754  5.768  5.666  5.643  5.724  5.749  5.642  5.740  5.655  5.649  5.737  5.712  5.790  5.743  5.571  5.568  5.642  5.591  5.525  5.505  5.775  5.758  5.705  5.756  5.535  5.517  5.717  5.513  5.659
4.942  4.783  4.850  4.745  4.754  4.820  4.927  4.852  4.743  5.170  4.997  5.011  5.011  4.963  4.938  4.949  4.743  4.787  5.024  5.011  4.956  4.893  4.812  4.868  4.745  4.745  4.754  4.635  4.595  4.760  4.514  4.595  4.727  4.820  4.743  4.831  4.854  4.787  4.890  4.820  4.668  4.828
6.823  6.503  6.607  6.441  6.680  6.741  6.645  6.711  6.670  6.902  6.830  6.841  6.806  6.691  6.824  6.663  6.294  6.521  6.700  6.528  6.648  6.415  6.538  6.485  6.337  6.465  6.396  6.392  6.190  6.366  6.522  6.107  6.332  6.581  6.374  6.596  6.599  6.507  6.443  6.512  6.317  6.576
4.454  4.452  4.304  4.143  4.363  4.625  4.671  4.464  4.443  4.533  4.615  4.472  4.500  4.554  4.494  4.477  4.143  4.394  4.413  4.159  4.489  4.357  4.288  4.361  3.951  4.234  4.248  4.025  4.127  4.246  4.248  4.043  4.159  4.205  4.022  4.248  4.290  4.277  4.248  4.159  4.111  4.143
5.961  5.555  5.826  5.609  5.771  5.808  5.781  5.796  5.769  5.961  5.852  5.879  5.905  5.841  5.974  5.733  5.464  5.796  5.776  5.781  5.886  5.659  5.598  5.645  5.553  5.607  5.505  5.621  5.432  5.451  5.583  5.493  5.602  5.661  5.626  5.705  5.656  5.781  5.671  5.700  5.527  5.702
5.247  5.117  5.283  5.165  5.050  5.004  5.152  5.152  5.235  5.342  5.252  5.283  5.398  5.366  5.409  5.170  4.997  5.230  5.268  5.303  5.242  5.198  5.109  5.147  5.024  4.982  5.103  4.990  5.017  4.860  5.061  5.030  4.920  5.142  5.017  5.130  5.024  5.142  5.106  5.056  4.945  5.094
6.966  6.601  6.829  6.642  6.862  6.957  6.698  6.838  6.852  7.003  6.943  6.963  6.932  6.847  6.919  6.719  6.319  6.777  6.877  6.679  6.608  6.444  6.664  6.688  6.551  6.608  6.617  6.679  6.303  6.477  6.716  6.157  6.457  6.622  6.531  6.675  6.640  6.687  6.646  6.697  6.547  6.774
5.321  5.016  5.136  5.075  5.186  5.198  5.099  5.272  5.257  5.366  5.280  5.333  5.176  5.176  5.393  4.905  4.762  4.980  5.308  5.053  5.220  4.868  5.080  5.088  4.745  4.949  4.844  4.812  4.554  4.583  4.836  4.520  4.745  4.905  4.779  5.049  4.836  4.927  4.877  4.828  4.663  4.989
5.425  5.384  5.568  5.384  5.384  5.440  5.434  5.384  5.454  5.489  5.501  5.509  5.429  5.529  5.583  5.318  5.242  5.389  5.366  5.323  5.389  5.187  5.384  5.357  5.421  5.442  5.278  5.308  5.215  5.305  5.358  5.182  5.357  5.416  5.198  5.303  5.293  5.403  5.398  5.273  5.293  5.252
4.595  4.533  4.407  4.419  4.394  4.554  4.394  4.443  4.341  4.489  4.466  4.394  4.625  4.615  4.623  4.277  4.311  4.443  4.394  4.489  4.466  4.564  4.498  4.477  4.489  4.304  4.263  4.220  4.256  4.431  4.311  4.284  4.234  4.382  4.369  4.431  4.344  4.344  4.454  4.443  4.335  4.357
5.484  5.323  5.375  5.425  5.460  5.472  5.416  5.491  5.468  5.628  5.492  5.591  5.572  5.517  5.591  5.406  5.328  5.489  5.537  5.368  5.529  5.416  5.407  5.425  5.434  5.321  5.398  5.318  5.268  5.384  5.375  5.308  5.398  5.445  5.303  5.251  5.472  5.463  5.371  5.434  5.398  5.371
5.537  5.412  5.283  5.451  5.451  5.499  5.497  5.433  5.390  5.627  5.621  5.580  5.609  5.537  5.580  5.476  5.317  5.398  5.460  5.375  5.561  5.393  5.476  5.429  5.075  5.243  5.380  5.308  5.103  5.242  5.371  5.384  5.346  5.313  5.352  5.476  5.283  5.323  5.395  5.242  5.263  5.308
5.027  4.977  4.997  4.868  4.940  5.004  4.970  4.913  4.836  4.905  4.963  4.997  5.100  5.056  5.037  4.927  4.889  5.124  4.970  5.050  5.004  4.927  4.927  5.007  4.836  4.779  4.852  4.883  4.905  4.812  4.970  4.844  4.927  4.913  4.896  4.942  4.844  4.828  4.820  4.934  4.644  4.844
4.575  4.500  4.541  4.595  4.443  4.615  4.595  4.511  4.615  4.663  4.492  4.511  4.564  4.625  4.682  4.382  4.570  4.522  4.522  4.615  4.595  4.554  4.533  4.727  4.407  4.431  4.369  4.369  4.304  4.431  4.428  4.543  4.625  4.458  4.543  4.376  4.511  4.369  4.361  4.357  4.431  4.554
5.472  5.263  5.273  5.403  5.450  5.483  5.313  5.333  5.283  5.455  5.389  5.464  5.481  5.494  5.472  5.328  5.220  5.447  5.501  5.398  5.283  5.139  5.288  5.338  5.283  5.428  5.333  5.268  5.293  5.142  5.375  5.072  5.313  5.415  5.263  5.323  5.303  5.338  5.257  5.317  5.182  5.308
4.357  4.127  4.267  4.369  4.317  4.348  4.263  4.344  4.159  4.304  4.297  4.376  4.317  4.431  4.625  4.331  4.140  4.234  4.369  4.331  4.483  4.127  4.238  4.274  4.466  4.205  4.373  4.407  4.060  4.164  4.331  4.341  4.111  4.331  4.025  4.277  4.143  4.288  4.290  4.078  4.143  4.205
5.193  4.520  4.942  4.754  4.924  5.030  4.443  5.075  4.710  5.252  5.088  5.149  5.143  5.011  5.009  4.691  4.567  5.097  5.156  5.075  4.710  4.663  4.625  4.460  4.575  4.673  4.554  4.610  4.025  4.234  4.234  4.304  4.754  4.615  4.357  4.758  4.454  4.843  4.931  4.762  4.437  4.654
3.611  3.526  3.466  3.664  3.584  3.584  3.497  3.584  3.738  3.709  3.726  3.761  3.714  3.750  3.932  3.584  3.611  3.689  3.714  3.871  3.850  3.638  3.638  3.726  3.584  3.555  3.497  3.497  3.611  3.466  3.466  3.555  3.611  3.526  3.632  3.555  3.466  3.434  3.555  3.434  3.555  3.584
5.991  5.604  5.843  5.919  6.021  5.974  5.677  5.886  5.829  6.215  5.914  6.061  6.064  5.935  6.261  5.625  5.416  5.832  6.201  5.924  5.838  5.635  5.633  5.760  5.704  5.707  5.483  5.521  5.063  5.278  5.490  5.382  5.647  5.642  5.533  5.852  5.467  5.746  5.638  5.652  5.598  5.714
3.761  3.689  3.638  3.922  3.664  3.709  3.850  3.638  3.784  3.912  3.611  3.611  3.807  3.807  3.850  3.664  3.638  3.761  3.761  3.871  3.850  3.709  3.684  3.664  3.466  3.497  3.761  3.526  3.497  3.434  3.664  3.584  3.605  3.584  3.555  3.761  3.689  3.784  3.689  3.555  3.466  3.624
