5.922  5.852  5.791  5.683  5.765  5.841  5.951  5.832  5.980  5.991  5.793  5.938  5.886  5.814  5.893  5.835  5.727  5.746  5.838  5.635  5.951  5.861  5.823  5.908  5.649  5.666  5.609  5.347  5.447  5.565  5.738  5.541  5.642  5.784  5.746  5.793  5.642  5.627  5.509  5.700  5.507  5.757
5.749  5.787  5.694  5.700  5.602  5.765  5.932  5.872  5.870  5.869  5.727  5.875  5.875  5.754  5.899  5.765  5.756  5.597  5.905  5.720  5.922  5.883  5.762  5.964  5.661  5.670  5.680  5.489  5.635  5.635  5.748  5.666  5.694  5.781  5.844  5.749  5.677  5.561  5.561  5.609  5.670  5.730
5.945  5.759  5.808  5.780  5.826  5.866  5.849  5.805  5.991  5.949  5.953  5.936  6.021  5.869  5.974  5.740  5.669  5.841  5.890  5.783  5.849  5.741  5.799  5.762  5.768  5.787  5.740  5.775  5.684  5.708  5.775  5.699  5.642  5.817  5.750  5.790  5.720  5.754  5.814  5.733  5.557  5.784
4.920  5.004  4.883  4.860  4.554  4.836  4.942  4.927  4.997  5.123  4.949  5.108  5.081  4.977  5.024  5.017  4.816  4.902  4.977  4.860  4.990  4.885  4.934  4.984  4.890  4.836  4.862  4.736  4.533  4.673  4.771  4.691  4.673  4.927  4.769  4.920  4.745  4.623  4.700  4.677  4.644  4.762
5.949  5.762  5.875  5.787  5.855  5.872  5.903  5.914  5.849  6.031  5.935  5.955  5.943  5.938  6.068  5.790  5.680  5.901  5.948  5.781  5.958  5.826  5.872  5.841  5.771  5.740  5.745  5.779  5.578  5.598  5.787  5.690  5.733  5.778  5.743  5.741  5.817  5.864  5.778  5.720  5.756  5.781
4.919  4.804  4.605  4.605  4.727  4.718  4.762  4.718  4.625  4.820  4.635  4.745  4.779  4.699  4.836  4.642  4.595  4.783  4.743  4.710  4.745  4.824  4.680  4.787  4.605  4.605  4.554  4.635  4.431  4.575  4.595  4.509  4.703  4.554  4.595  4.676  4.642  4.585  4.543  4.625  4.466  4.543
4.883  4.787  4.804  4.771  4.852  4.956  4.949  4.956  5.030  5.159  4.787  5.050  5.011  4.949  5.050  4.700  4.673  4.745  4.973  4.820  4.920  4.898  4.771  4.752  4.771  4.700  4.787  4.898  4.644  4.680  4.762  4.796  4.700  4.883  4.877  4.736  5.030  4.762  4.663  4.787  4.625  4.762
4.407  4.205  4.127  4.248  4.331  4.511  4.290  4.419  4.511  4.635  4.404  4.425  4.575  4.331  4.554  4.234  4.428  4.288  4.321  4.449  4.454  4.357  4.304  4.431  4.174  4.124  4.407  4.220  4.034  4.277  4.469  4.317  4.127  4.382  4.190  4.270  4.234  4.143  4.231  4.060  4.078  4.369
7.366  7.235  7.708  7.511  7.693  7.471  7.428  7.376  7.529  7.857  7.603  7.826  7.361  7.262  7.351  7.157  7.304  7.314  7.451  7.582  7.432  7.404  7.530  7.309  7.176  7.289  7.423  7.129  7.048  7.270  7.140  7.194  7.497  7.215  7.296  7.258  7.260  7.230  7.247  7.218  7.169  7.231
7.542  7.647  7.741  7.685  7.843  7.545  7.529  7.540  7.659  7.869  7.861  7.981  7.597  7.412  7.529  7.342  7.455  7.381  7.680  7.616  7.684  7.547  7.655  7.573  7.218  7.406  7.372  7.316  7.300  7.570  7.282  7.404  7.513  7.366  7.467  7.449  7.505  7.249  7.260  7.380  7.270  7.427
5.007  4.827  4.771  4.860  4.984  4.942  5.024  4.934  4.934  5.004  4.933  5.063  5.088  4.956  5.050  4.997  4.712  4.898  5.050  4.811  5.043  4.905  4.905  4.913  4.811  4.868  4.866  4.812  4.663  4.844  4.949  4.836  4.812  4.894  5.088  4.963  4.796  4.779  4.990  4.963  4.820  4.913
3.780  3.689  3.807  3.611  3.689  3.761  3.714  3.714  3.980  3.714  3.664  3.850  3.967  3.709  3.970  3.829  3.846  3.714  3.738  3.829  3.850  3.738  3.850  3.689  3.632  3.555  3.584  3.714  3.664  3.664  3.584  3.714  3.824  3.738  3.658  3.714  3.871  3.689  3.584  3.497  3.605  3.664
4.048  4.127  4.234  4.094  4.174  4.274  4.127  4.127  4.094  4.304  4.234  4.248  4.248  4.290  4.369  4.078  3.970  4.111  4.094  4.220  4.143  4.078  4.174  4.156  4.174  4.148  4.143  4.224  3.871  4.078  4.290  3.932  3.947  4.156  4.132  4.132  4.382  4.127  4.111  4.174  4.007  4.159
3.871  3.761  3.780  3.664  3.784  3.839  3.714  3.689  3.829  3.689  3.689  4.007  3.850  3.850  3.970  3.664  3.611  3.638  4.007  3.951  3.932  3.784  3.850  3.714  3.942  3.733  3.689  3.676  3.664  3.584  3.807  3.892  3.871  3.871  3.684  3.611  3.829  3.664  3.689  3.611  3.689  3.850
5.775  5.739  5.648  5.673  5.724  5.795  5.628  5.513  5.587  5.837  5.768  5.724  5.875  5.829  5.966  5.613  5.639  5.674  5.740  5.727  5.829  5.759  5.744  5.811  5.659  5.628  5.622  5.576  5.576  5.537  5.642  5.680  5.540  5.724  5.700  5.802  5.768  5.808  5.645  5.652  5.476  5.537
6.524  6.628  6.402  6.542  6.479  6.403  6.465  6.380  6.366  6.507  6.485  6.458  6.625  6.529  6.621  6.412  6.350  6.414  6.444  6.443  6.512  6.542  6.538  6.641  6.303  6.196  6.282  6.366  6.293  6.314  6.441  6.387  6.285  6.344  6.441  6.491  6.362  6.455  6.488  6.389  6.269  6.265
7.242  7.082  7.150  7.206  7.245  7.238  7.118  7.132  7.174  7.294  7.121  7.286  7.223  7.131  7.281  7.056  7.024  7.188  7.274  7.221  7.174  7.102  7.132  7.088  7.181  7.229  7.101  7.101  6.978  6.981  7.041  7.033  7.102  7.233  7.196  7.115  7.080  7.172  7.054  7.185  7.112  7.195
5.758  5.849  5.771  5.812  5.831  5.858  5.846  5.740  5.846  5.881  5.679  5.901  5.886  5.838  5.944  5.784  5.780  5.887  5.873  5.832  5.958  5.878  5.835  5.779  5.697  5.858  5.768  5.583  5.609  5.609  5.582  5.590  5.652  5.802  5.897  5.881  5.945  5.603  5.501  5.624  5.741  5.673
4.786  4.533  4.564  4.605  4.635  4.754  4.635  4.644  4.718  4.856  4.743  4.743  4.875  4.644  4.868  4.605  4.615  4.905  4.727  4.625  4.812  4.766  4.671  4.663  4.443  4.543  4.585  4.691  4.472  4.477  4.625  4.498  4.736  4.603  4.522  4.613  4.595  4.533  4.654  4.635  4.394  4.696
4.220  4.111  4.270  4.304  4.304  4.224  4.159  4.234  4.350  3.967  4.119  4.315  4.369  4.263  4.431  4.060  4.164  4.263  4.304  4.246  4.277  4.135  4.234  4.205  4.094  4.143  4.220  4.290  3.970  3.892  3.989  4.151  4.231  4.060  4.143  4.304  4.078  4.179  4.159  3.989  4.127  4.220
7.812  7.625  7.584  7.643  7.697  7.731  7.631  7.658  7.674  7.787  7.666  7.727  7.802  7.686  7.769  7.603  7.533  7.778  7.788  7.699  7.630  7.625  7.699  7.729  7.711  7.756  7.604  7.633  7.522  7.508  7.613  7.537  7.660  7.699  7.682  7.649  7.671  7.556  7.589  7.709  7.624  7.702
5.709  5.668  5.553  5.525  5.673  5.717  5.541  5.613  5.746  5.842  5.766  5.683  5.832  5.832  5.762  5.535  5.442  5.759  5.707  5.598  5.642  5.511  5.684  5.666  5.493  5.700  5.468  5.576  5.298  5.371  5.380  5.252  5.398  5.595  5.594  5.587  5.493  5.411  5.425  5.429  5.505  5.481
