5.979  5.552  5.824  5.529  5.619  5.996  5.658  5.421  5.832  5.553  5.790  5.517  5.635  5.717  5.334  5.687  5.404  5.739  5.775  5.539  5.198  5.655  5.545  5.606  5.462  5.432  5.318  5.566  4.585  5.169  5.342  5.298  5.597  5.684  5.230  5.621  5.823  5.733  5.361  5.451  4.635  5.572
4.816  4.466  4.705  4.699  4.466  4.940  4.741  4.315  4.926  4.380  4.605  4.290  4.552  4.454  4.263  4.564  4.486  4.600  4.754  4.595  4.449  4.771  4.522  4.802  4.477  4.477  4.315  4.419  3.908  4.331  4.369  4.460  4.671  4.745  4.290  4.760  4.956  4.522  4.369  4.407  3.998  4.443
5.541  5.384  5.347  5.357  5.347  5.468  5.542  5.472  5.576  5.513  5.493  5.670  5.663  5.533  5.702  5.432  5.293  5.442  5.666  5.463  5.505  5.500  5.525  5.472  5.513  5.559  5.565  5.501  5.273  5.476  5.464  5.268  5.447  5.447  5.545  5.525  5.407  5.438  5.273  5.425  5.342  5.525
4.595  4.727  4.533  4.369  4.443  4.575  4.804  4.538  4.662  4.727  4.583  4.736  4.804  4.585  4.615  4.635  4.317  4.595  4.727  4.431  4.554  4.779  4.668  4.691  4.635  4.505  4.522  4.344  4.277  4.533  4.564  4.304  4.472  4.538  4.522  4.466  4.407  4.331  4.477  4.407  4.357  4.691
5.768  5.631  5.476  5.525  5.704  5.740  5.649  5.652  5.730  5.832  5.771  5.784  5.805  5.725  5.737  5.565  5.398  5.720  5.784  5.482  5.645  5.537  5.609  5.663  5.583  5.677  5.476  5.602  5.323  5.478  5.552  5.421  5.464  5.638  5.529  5.598  5.737  5.609  5.561  5.580  5.318  5.598
4.564  4.690  4.428  4.469  4.585  4.543  4.642  4.454  4.625  4.700  4.663  4.595  4.745  4.691  4.771  4.615  4.357  4.557  4.564  4.472  4.786  4.600  4.734  4.575  4.394  4.564  4.428  4.419  4.419  4.583  4.663  4.431  4.475  4.533  4.588  4.628  4.625  4.380  4.452  4.443  4.234  4.331
5.595  5.455  5.455  5.523  5.471  5.572  5.407  5.529  5.552  5.616  5.578  5.595  5.559  5.513  5.580  5.517  5.302  5.403  5.545  5.407  5.598  5.531  5.525  5.513  5.442  5.347  5.307  5.375  5.295  5.293  5.480  5.429  5.449  5.489  5.577  5.468  5.513  5.371  5.341  5.434  5.394  5.409
5.361  5.380  5.342  5.448  5.393  5.429  5.449  5.352  5.421  5.635  5.489  5.606  5.617  5.407  5.642  5.352  5.333  5.290  5.489  5.421  5.587  5.428  5.328  5.347  5.374  5.215  5.239  5.159  5.103  5.231  5.375  5.366  5.394  5.407  5.476  5.366  5.374  5.389  5.235  5.247  5.349  5.262
5.088  4.949  4.931  5.078  5.124  5.042  4.883  5.050  5.004  5.204  5.152  5.235  5.220  5.118  5.231  5.013  4.844  4.961  5.203  5.100  4.997  5.004  4.920  4.956  4.898  4.852  4.997  4.937  4.673  4.890  4.920  4.875  4.820  5.024  4.984  5.017  4.975  5.086  5.147  4.977  4.989  4.990
3.989  4.127  3.791  3.871  3.871  3.761  4.043  3.951  3.892  4.182  3.902  3.989  4.143  4.040  4.094  3.871  3.989  3.871  3.995  4.025  4.060  4.094  3.829  3.871  3.757  3.871  3.807  3.970  3.664  3.761  3.871  4.078  3.928  4.022  3.850  3.970  3.824  3.818  3.947  3.807  3.689  3.970
5.545  5.433  5.525  5.561  5.680  5.580  5.421  5.549  5.465  5.707  5.620  5.624  5.687  5.537  5.593  5.521  5.394  5.669  5.596  5.425  5.576  5.509  5.472  5.494  5.394  5.371  5.293  5.338  5.168  5.247  5.333  5.328  5.505  5.411  5.380  5.570  5.412  5.565  5.468  5.427  5.320  5.451
5.293  5.037  5.342  5.333  5.342  5.215  5.130  5.236  5.285  5.438  5.308  5.257  5.372  5.220  5.405  5.061  5.086  5.222  5.338  5.337  5.342  5.226  5.106  5.252  4.990  5.037  5.056  4.984  4.937  5.011  5.118  5.069  5.286  5.146  5.164  5.295  5.069  5.193  5.056  5.211  5.083  5.130
6.086  5.974  6.009  6.040  6.041  6.059  5.901  5.914  5.822  6.098  5.993  6.083  6.143  6.035  5.956  5.971  5.756  6.082  6.082  5.869  5.883  5.811  5.919  5.976  5.774  5.866  5.974  5.921  5.768  5.826  5.956  5.605  5.872  5.908  5.727  5.934  5.943  5.966  5.866  5.999  5.687  5.961
4.779  4.804  4.812  4.663  4.771  4.926  4.736  4.595  4.575  4.836  4.700  4.820  4.900  4.754  5.100  4.663  4.635  4.796  4.812  4.942  4.828  4.615  4.792  4.883  4.500  4.691  4.615  4.516  4.431  4.635  4.543  4.331  4.525  4.828  4.514  4.739  4.635  4.644  4.477  4.700  4.454  4.615
5.505  5.308  5.464  4.820  5.568  5.704  4.745  5.451  5.464  5.574  5.537  5.549  5.568  5.563  5.765  5.464  4.868  5.700  5.623  5.425  5.283  5.162  5.328  5.351  5.189  5.260  5.327  5.428  4.961  5.153  5.352  5.017  5.252  5.231  5.085  5.282  5.198  5.397  5.421  5.482  5.050  5.375
4.094  4.094  4.241  3.689  4.159  4.419  3.714  4.078  4.382  4.277  4.190  4.277  4.290  4.344  4.394  4.295  3.829  4.277  4.407  4.060  4.190  4.060  4.124  4.483  4.234  4.016  4.103  4.220  3.738  4.220  4.074  4.004  4.220  4.040  3.912  4.220  3.970  3.989  4.057  4.277  4.007  3.951
5.509  4.954  5.455  5.187  5.356  5.398  5.024  5.412  5.278  5.361  5.426  5.412  5.479  5.418  5.442  5.236  4.927  5.491  5.480  5.412  5.153  5.088  5.100  5.100  5.088  5.447  5.147  5.298  4.954  5.030  5.106  4.796  5.247  5.318  5.017  5.242  5.124  5.313  5.394  5.497  5.050  5.278
4.234  3.947  4.111  4.078  4.143  4.135  3.970  4.159  4.111  4.344  4.209  4.290  4.297  4.425  4.290  4.007  3.985  4.317  4.263  4.260  4.205  3.951  4.127  4.060  3.922  4.253  4.143  4.174  3.807  3.850  4.094  3.850  4.127  4.159  4.025  4.025  3.985  4.159  4.127  4.159  4.025  4.127
5.811  5.502  5.707  5.724  5.752  5.704  5.517  5.677  5.690  5.707  5.635  5.782  5.826  5.677  5.927  5.541  5.537  5.695  5.872  5.759  5.733  5.611  5.587  5.673  5.638  5.801  5.598  5.537  5.531  5.545  5.442  5.541  5.626  5.741  5.670  5.670  5.704  5.670  5.624  5.631  5.565  5.714
5.204  4.934  5.056  5.278  5.099  5.063  5.075  5.094  5.056  5.170  5.159  5.204  5.268  5.072  5.153  4.913  5.023  4.940  5.242  5.398  5.169  5.075  5.011  5.136  4.934  5.069  4.942  4.727  4.734  4.769  4.819  4.920  5.236  4.929  4.992  5.050  4.907  5.165  4.956  4.905  4.984  5.170
5.837  5.500  5.845  5.811  5.922  5.932  5.553  5.838  5.733  5.768  5.717  5.889  5.932  5.708  5.886  5.620  5.407  5.869  5.958  5.881  5.670  5.634  5.626  5.700  5.656  5.799  5.606  5.707  5.421  5.564  5.553  5.572  5.808  5.710  5.687  5.733  5.700  5.838  5.684  5.854  5.637  5.810
4.994  4.630  4.889  5.016  4.942  4.898  4.835  4.792  4.844  4.934  4.762  5.011  4.937  5.072  5.055  4.736  4.710  4.934  5.013  5.001  4.979  4.860  4.824  4.868  4.736  4.787  4.806  4.786  4.564  4.635  4.696  4.419  4.625  4.787  4.595  4.771  4.812  4.920  4.979  4.734  4.668  4.828
