5.278  4.779  5.100  4.852  5.193  5.153  5.075  5.100  5.176  5.193  5.118  5.235  5.231  5.050  5.153  5.050  4.771  5.182  5.158  5.017  5.081  4.766  4.927  4.875  4.944  5.153  4.828  5.017  4.483  4.663  4.927  4.718  4.823  4.987  4.927  4.850  4.956  5.056  4.875  4.907  4.828  5.069
3.871  3.611  3.689  3.871  3.951  3.784  3.892  3.871  4.031  3.892  3.738  3.829  4.052  4.078  4.078  3.932  3.733  3.928  3.951  3.784  4.007  3.850  3.892  3.850  3.850  3.871  3.761  3.807  3.584  3.611  3.951  3.784  3.846  3.773  3.871  3.877  3.733  3.784  3.555  3.550  3.761  3.802
6.494  6.336  6.317  6.265  6.400  6.372  6.442  6.430  6.463  6.623  6.533  6.395  6.512  6.465  6.510  6.392  6.297  6.447  6.418  6.358  6.286  6.282  6.428  6.335  6.227  6.236  6.304  6.413  6.196  6.368  6.416  6.068  6.252  6.242  6.339  6.356  6.387  6.323  6.342  6.314  6.180  6.304
6.304  6.227  6.120  6.182  6.203  6.248  6.246  6.240  6.242  6.468  6.356  6.254  6.287  6.229  6.361  6.252  6.196  6.129  6.267  6.116  6.244  6.300  6.390  6.368  6.188  6.295  6.277  6.064  6.136  6.198  6.292  6.049  6.059  6.146  6.299  6.217  6.168  6.140  6.137  6.125  6.051  6.119
6.446  6.399  6.263  6.293  6.407  6.389  6.361  6.293  6.365  6.553  6.430  6.535  6.489  6.449  6.444  6.474  6.301  6.321  6.415  6.304  6.450  6.390  6.274  6.434  6.238  6.277  6.263  6.248  6.170  6.133  6.271  6.188  6.163  6.409  6.422  6.361  6.292  6.188  6.209  6.211  6.203  6.234
5.897  5.827  5.733  5.878  5.841  5.836  5.951  5.714  5.867  6.026  5.905  5.871  5.914  5.943  5.951  5.940  5.833  5.578  5.903  5.843  5.986  5.971  5.855  6.009  5.765  5.829  5.743  5.557  5.633  5.583  5.811  5.872  5.666  5.849  5.922  5.908  5.820  5.727  5.669  5.659  5.740  5.656
6.616  6.044  6.394  6.377  6.460  6.423  6.213  6.372  6.279  6.537  6.497  6.496  6.495  6.330  6.399  6.221  5.951  6.489  6.426  6.300  6.150  6.093  6.201  6.056  6.223  6.306  6.178  6.366  5.978  6.016  6.127  5.992  6.155  6.176  6.031  6.122  6.248  6.455  6.326  6.441  6.207  6.353
5.501  5.247  5.351  5.403  5.394  5.403  5.389  5.380  5.447  5.642  5.442  5.489  5.439  5.481  5.509  5.357  5.312  5.371  5.529  5.339  5.368  5.219  5.347  5.226  5.313  5.273  5.323  5.283  5.050  5.103  5.153  5.175  5.249  5.316  5.283  5.313  5.328  5.267  5.265  5.268  5.106  5.170
5.663  5.389  5.463  5.165  5.537  5.511  5.481  5.485  5.545  5.553  5.333  5.525  5.677  5.628  5.637  5.407  5.247  5.566  5.620  5.537  5.517  5.337  5.533  5.429  5.485  5.342  5.361  5.357  5.124  5.043  5.378  5.366  5.181  5.415  5.442  5.288  5.412  5.371  5.303  5.481  5.313  5.375
5.328  5.280  5.252  5.215  5.283  5.394  5.339  5.421  5.438  5.352  5.170  5.429  5.620  5.451  5.545  5.215  5.226  5.263  5.565  5.338  5.533  5.434  5.387  5.460  5.231  5.278  5.142  5.209  4.866  4.934  5.322  5.313  5.226  5.292  5.318  5.318  5.335  5.389  5.263  5.252  5.293  5.380
6.328  6.134  6.280  6.240  6.324  6.385  6.324  6.317  6.404  6.528  6.395  6.465  6.599  6.494  6.518  6.318  6.217  6.340  6.483  6.417  6.443  6.274  6.210  6.236  6.289  6.290  6.351  6.470  6.243  6.279  6.258  6.209  6.286  6.405  6.342  6.328  6.436  6.413  6.333  6.387  6.133  6.372
6.215  6.142  6.292  6.227  6.240  6.375  6.301  6.184  6.302  6.385  6.458  6.384  6.575  6.518  6.489  6.367  6.214  6.436  6.406  6.384  6.447  6.256  6.301  6.337  6.324  6.306  6.306  6.438  6.258  6.282  6.382  6.236  6.273  6.351  6.389  6.361  6.409  6.420  6.297  6.457  6.230  6.364
5.697  5.628  5.529  5.499  5.568  5.720  5.602  5.565  5.503  5.771  5.703  5.659  5.846  5.743  5.805  5.545  5.553  5.615  5.746  5.666  5.602  5.580  5.576  5.595  5.447  5.548  5.491  5.460  5.509  5.517  5.609  5.489  5.451  5.628  5.549  5.598  5.652  5.545  5.663  5.553  5.389  5.461
4.947  4.812  4.856  4.864  4.913  4.898  4.868  4.913  4.977  5.056  5.074  5.017  5.187  5.170  5.138  5.016  4.890  5.016  4.977  5.130  4.844  4.883  4.949  4.898  4.718  4.734  4.836  4.942  4.762  4.690  4.905  4.771  4.850  4.762  4.804  4.866  4.970  4.804  4.820  4.828  4.852  4.913
5.747  5.421  5.666  5.513  5.715  5.727  5.153  5.587  5.384  5.733  5.559  5.533  5.421  5.292  5.549  5.384  4.990  5.738  5.768  5.624  5.313  5.252  5.406  5.242  5.159  5.303  5.247  5.460  4.942  4.934  5.273  4.718  5.425  5.404  5.106  5.402  5.165  5.583  5.613  5.659  5.263  5.541
3.689  3.850  3.714  3.619  3.611  3.912  3.738  3.714  3.689  3.780  3.664  3.829  3.714  3.850  4.127  3.871  3.850  3.709  3.928  3.807  3.932  3.738  3.714  3.664  3.824  3.664  3.658  3.638  3.497  3.555  3.611  3.664  3.676  3.709  3.689  3.721  3.611  3.818  3.497  3.526  3.714  3.761
5.820  5.602  5.677  5.705  5.715  5.790  5.545  5.652  5.717  5.765  5.835  5.706  5.812  5.784  5.846  5.620  5.487  5.733  5.892  5.714  5.706  5.541  5.642  5.628  5.580  5.676  5.561  5.517  5.285  5.434  5.624  5.396  5.617  5.580  5.497  5.594  5.553  5.742  5.513  5.721  5.565  5.717
5.075  4.868  4.970  4.990  5.049  5.094  5.030  4.915  4.956  4.980  5.081  5.036  5.106  5.170  5.170  4.920  4.836  4.963  5.030  5.100  5.040  4.934  5.037  5.099  4.787  4.870  4.779  4.913  4.644  4.710  4.902  4.771  4.913  4.942  4.864  4.883  4.820  4.828  4.905  4.956  4.812  4.913
4.156  3.829  4.025  3.846  4.078  4.111  3.709  3.951  4.043  4.108  4.078  3.980  4.182  4.043  4.277  3.584  3.564  3.932  4.159  4.174  3.892  3.829  3.738  3.738  3.638  3.807  3.892  3.807  3.434  3.689  3.850  3.367  3.871  4.060  3.738  4.025  3.664  3.850  3.839  3.761  3.761  4.060
3.258  3.296  3.296  3.258  3.367  3.401  3.332  3.296  3.296  3.395  3.135  3.401  3.296  3.434  3.584  3.332  3.466  3.367  3.434  3.367  3.555  3.411  3.296  3.332  3.434  3.638  3.296  3.296  3.178  3.296  3.497  3.296  3.497  3.434  3.418  3.332  3.350  3.325  3.332  3.401  3.332  3.367
5.687  5.613  5.628  5.749  5.751  5.680  5.529  5.684  5.671  5.784  5.604  5.781  5.823  5.740  5.833  5.598  5.549  5.651  5.836  5.718  5.690  5.749  5.670  5.680  5.721  5.674  5.565  5.684  5.525  5.549  5.587  5.568  5.827  5.657  5.706  5.652  5.649  5.687  5.670  5.587  5.661  5.740
5.989  5.900  5.883  6.047  5.924  5.881  5.911  5.922  5.897  5.996  5.932  5.966  6.008  5.971  6.064  5.829  5.960  5.912  6.120  6.111  6.122  6.003  5.940  6.061  5.936  5.869  5.813  5.771  5.707  5.792  5.879  5.989  6.059  5.901  5.974  5.961  5.907  5.971  5.864  5.781  5.956  5.951
