4.654  4.559  4.718  4.647  4.585  4.585  4.500  4.522  4.522  4.682  4.812  4.585  4.575  4.583  4.673  4.554  4.564  4.516  4.644  4.466  4.654  4.652  4.543  4.567  4.605  4.615  4.454  4.394  4.466  4.489  4.494  4.452  4.527  4.452  4.595  4.543  4.567  4.533  4.533  4.369  4.449  4.575
4.477  4.295  4.277  4.509  4.443  4.317  4.205  4.248  4.431  4.263  4.220  4.530  4.361  4.256  4.511  4.263  4.174  4.348  4.328  4.407  4.317  4.290  4.190  4.466  4.263  4.263  4.234  4.127  4.143  4.111  4.174  4.187  4.171  4.304  4.288  4.091  4.190  4.277  4.143  4.078  4.234  4.344
5.207  5.011  4.990  4.970  5.017  5.037  5.068  5.001  5.075  5.185  5.198  5.094  5.168  5.088  5.153  5.081  5.016  5.037  5.069  5.124  5.108  4.934  5.040  5.030  4.883  4.852  4.844  4.963  4.673  4.779  4.883  4.942  4.949  4.942  4.913  4.990  4.890  4.968  4.956  4.905  4.787  4.990
5.517  5.308  5.303  5.361  5.347  5.381  5.398  5.357  5.380  5.560  5.389  5.468  5.531  5.368  5.568  5.357  5.295  5.505  5.375  5.352  5.437  5.318  5.478  5.378  5.231  5.206  5.219  5.283  5.063  5.298  5.541  5.140  5.187  5.251  5.242  5.380  5.303  5.494  5.394  5.136  5.159  5.303
7.260  7.077  7.114  7.179  7.206  7.234  7.190  7.171  7.180  7.295  7.269  7.258  7.268  7.252  7.283  7.182  6.971  7.127  7.167  7.228  7.146  7.087  7.193  7.159  7.008  6.998  7.113  7.121  6.882  6.982  7.209  6.958  6.955  7.034  7.086  7.112  7.132  7.191  7.159  7.087  7.067  7.137
6.043  5.916  5.989  6.115  5.883  5.961  5.864  5.956  5.981  5.999  5.924  6.038  6.031  6.043  6.064  5.927  5.811  5.914  6.001  6.037  6.021  6.014  5.966  6.054  5.835  5.907  5.849  5.802  5.796  5.730  5.916  5.875  5.905  5.841  5.869  5.956  5.991  6.050  5.914  5.858  5.881  5.966
4.248  3.976  4.905  4.217  4.498  4.881  4.277  4.317  4.754  4.304  4.127  4.489  4.277  4.127  4.522  4.419  4.270  4.304  4.454  4.466  4.205  4.585  4.111  4.263  4.407  4.446  4.174  4.159  4.094  4.844  3.989  4.248  4.174  4.143  4.331  4.111  4.078  4.025  4.078  4.277  4.413  4.190
4.615  4.277  5.366  4.673  4.635  5.449  4.511  4.685  5.037  4.682  4.454  4.615  4.743  4.454  4.800  4.649  4.190  4.635  4.543  4.796  4.625  4.868  4.290  4.710  4.543  4.598  4.557  4.290  4.344  4.990  4.234  4.530  4.522  4.331  4.344  4.454  4.290  4.386  4.194  4.573  4.975  4.595
4.796  4.700  4.717  4.762  4.635  4.575  4.682  4.828  4.625  4.745  4.796  4.820  4.868  4.820  4.990  4.745  4.745  4.700  4.858  4.942  4.852  4.786  4.762  4.736  4.543  4.511  4.644  4.635  4.407  4.500  4.727  4.700  4.642  4.635  4.745  4.673  4.682  4.663  4.605  4.533  4.605  4.727
4.997  4.771  4.828  5.050  4.754  4.984  4.836  5.004  4.852  4.970  4.970  4.984  4.963  4.920  5.037  4.875  4.856  5.004  5.024  5.091  5.142  4.824  4.889  4.977  4.804  4.798  4.625  4.828  4.796  4.654  4.691  4.745  4.963  4.769  4.844  4.883  4.804  4.828  4.710  4.718  4.828  4.984
5.247  5.040  5.215  5.257  5.215  5.145  5.063  5.056  5.063  5.112  5.182  5.211  5.165  5.236  5.268  5.045  5.081  5.056  5.165  5.196  5.293  5.209  5.069  5.182  5.112  5.069  5.043  4.970  4.736  4.828  5.056  5.011  5.027  5.037  5.061  4.913  5.100  5.118  5.081  5.026  5.004  5.030
4.727  4.623  4.771  4.673  4.595  4.911  4.796  4.700  4.663  4.662  4.564  4.633  4.659  4.727  4.883  4.694  4.466  4.727  4.783  4.760  4.858  4.615  4.575  4.644  4.477  4.489  4.489  4.454  4.304  4.419  4.522  4.564  4.718  4.615  4.691  4.500  4.500  4.635  4.369  4.585  4.489  4.431
4.407  4.248  4.382  4.357  4.290  4.382  4.344  4.304  4.394  4.419  4.541  4.419  4.394  4.682  4.554  4.466  4.407  4.344  4.357  4.691  4.466  4.357  4.407  4.564  4.297  4.317  4.331  4.301  4.143  4.419  4.174  4.369  4.511  4.458  4.369  4.317  4.277  4.078  4.382  4.248  4.174  4.357
4.745  4.844  5.004  4.970  4.804  4.811  4.997  4.700  4.836  4.868  4.968  4.972  4.844  5.024  4.997  4.850  4.844  4.787  4.942  5.106  4.787  4.890  4.804  5.121  4.771  4.836  4.860  5.074  4.890  5.118  4.819  5.017  4.754  4.977  5.100  4.673  4.812  4.588  4.815  4.654  4.816  4.564
4.174  4.111  4.060  4.174  4.220  4.060  3.970  4.060  3.989  4.007  3.967  4.108  4.187  4.190  4.078  4.052  3.846  4.174  4.373  4.212  4.140  3.829  3.967  4.043  3.829  3.867  3.850  3.829  3.871  3.892  3.985  4.025  3.989  3.970  3.970  4.060  4.022  4.016  3.807  4.043  3.932  4.007
4.363  4.263  4.431  4.357  4.317  4.205  4.205  4.344  4.263  4.284  4.159  4.246  4.263  4.197  4.220  4.060  4.187  4.263  4.618  4.394  4.392  4.382  4.248  4.382  4.086  4.171  4.022  3.989  3.882  4.078  4.190  4.234  4.304  4.284  4.270  4.341  4.004  4.217  4.066  4.111  4.190  4.057
4.595  4.464  4.554  4.464  4.454  4.543  4.625  4.500  4.628  4.654  4.500  4.533  4.663  4.554  4.836  4.454  4.373  4.605  4.644  4.812  4.543  4.350  4.407  4.615  4.324  4.231  4.220  4.357  4.108  4.443  4.341  4.419  4.382  4.174  4.263  4.382  4.277  4.466  4.431  4.419  4.398  4.143
4.335  4.167  4.220  4.111  4.111  4.369  4.500  4.344  4.043  4.357  4.536  4.443  4.443  4.284  4.369  4.007  4.164  4.344  4.552  4.564  4.564  4.060  4.078  4.331  4.060  4.060  3.951  4.234  3.951  4.094  4.043  4.143  4.143  4.140  4.094  4.007  4.212  4.234  4.031  4.043  3.989  4.094
4.407  4.407  4.317  4.220  4.234  4.127  4.290  4.369  4.373  4.419  4.234  4.290  4.290  4.357  4.475  4.234  4.354  4.335  4.527  4.454  4.419  4.428  4.350  4.344  4.404  4.290  4.159  4.111  4.040  4.231  4.078  4.290  4.277  4.127  4.301  4.363  4.140  4.179  4.174  4.143  4.205  4.156
4.143  4.111  4.143  4.248  4.190  4.143  4.348  4.171  4.190  4.220  4.094  4.190  4.205  4.357  4.344  4.043  4.263  4.234  4.331  4.369  4.419  4.248  4.094  4.489  3.989  4.263  4.205  4.025  4.025  4.277  3.970  4.337  4.205  4.205  4.263  4.148  4.224  4.159  4.007  4.007  4.248  4.116
4.190  4.127  4.277  4.443  4.277  4.220  4.431  4.331  4.344  4.369  4.174  4.263  4.407  4.341  4.369  4.220  4.220  4.331  4.382  4.344  4.394  4.205  4.234  4.382  4.234  4.174  4.290  4.263  4.111  4.205  4.127  4.174  4.382  4.190  4.290  4.277  4.159  4.304  4.234  4.060  4.277  4.127
3.951  3.738  3.871  4.007  3.961  3.912  3.824  3.892  3.850  3.989  3.689  3.829  4.124  3.932  4.205  3.784  4.078  3.784  4.078  4.205  4.159  3.761  3.947  3.871  3.784  3.761  3.738  3.738  3.761  3.611  3.738  3.871  3.989  3.951  3.829  3.871  3.829  3.761  3.780  3.846  3.957  3.871
