4.234  4.127  4.394  4.290  4.174  4.220  4.174  4.143  4.341  4.357  4.281  4.234  4.477  4.454  4.454  4.248  4.357  4.127  4.274  4.382  4.297  4.143  3.989  4.317  4.031  4.094  3.970  4.111  3.807  4.025  4.143  4.197  4.220  4.174  4.127  4.205  4.078  4.156  4.060  4.078  4.043  4.407
4.357  3.871  4.060  4.159  3.989  4.060  4.234  4.078  4.220  4.324  4.078  4.270  4.317  4.159  4.419  4.124  4.190  3.985  4.205  4.217  4.187  4.127  4.025  4.159  3.951  3.957  3.871  3.970  4.094  3.961  3.970  4.043  4.022  4.111  4.043  4.094  4.127  4.074  4.025  4.094  3.932  4.205
3.807  3.807  3.761  3.638  3.784  3.611  3.784  3.784  3.714  3.738  3.638  3.829  3.738  3.611  3.824  3.638  3.892  3.738  3.850  3.761  3.829  3.784  3.689  3.871  3.584  3.689  3.638  3.605  3.638  3.638  3.555  3.912  3.773  3.689  3.780  3.780  3.738  3.664  3.611  3.526  3.526  3.605
3.367  3.367  3.332  3.296  3.296  3.332  3.367  3.367  3.434  3.555  3.258  3.401  3.497  3.332  3.611  3.332  3.401  3.459  3.367  3.526  3.555  3.401  3.367  3.526  3.434  3.401  3.497  3.401  3.296  3.401  3.325  3.360  3.418  3.332  3.555  3.296  3.296  3.332  3.401  3.428  3.258  3.219
3.466  3.434  3.584  3.570  3.555  3.401  3.578  3.497  3.584  3.664  3.497  3.689  3.738  3.714  3.750  3.555  3.497  3.466  3.638  3.757  3.689  3.689  3.526  3.611  3.526  3.497  3.535  3.466  3.466  3.664  3.428  3.434  3.605  3.664  3.638  3.584  3.466  3.497  3.332  3.541  3.497  3.578
3.497  3.526  3.578  3.512  3.684  3.526  3.638  3.584  3.611  3.784  3.611  3.584  3.733  3.689  3.850  3.466  3.550  3.497  3.824  3.689  3.714  3.658  3.597  3.584  3.497  3.434  3.761  3.584  3.434  3.611  3.526  3.466  3.555  3.497  3.611  3.434  3.332  3.638  3.592  3.497  3.497  3.689
3.892  4.111  3.932  3.761  3.726  3.784  3.912  3.761  3.784  3.985  3.784  3.947  3.912  4.004  4.025  3.784  3.892  3.689  3.922  3.871  4.069  3.951  3.932  4.127  3.892  3.761  3.918  3.709  4.013  3.784  3.761  3.807  3.761  3.888  3.932  4.007  3.738  3.689  3.638  3.689  3.689  3.761
3.947  3.871  4.091  3.912  3.942  3.689  3.807  3.912  3.871  4.016  3.846  3.967  4.007  3.951  3.932  3.611  4.034  3.942  3.857  4.057  4.190  4.043  3.807  3.989  3.850  4.025  3.689  3.947  3.912  3.850  4.052  3.912  3.850  3.733  3.807  3.892  3.947  4.025  3.738  3.871  3.714  3.784
3.526  3.434  3.490  3.258  3.332  3.526  3.434  3.401  3.401  3.434  3.434  3.466  3.689  3.520  3.638  3.497  3.434  3.570  3.611  3.584  3.638  3.395  3.332  3.611  3.497  3.401  3.401  3.526  3.401  3.367  3.219  3.526  3.466  3.611  3.466  3.367  3.466  3.367  3.367  3.258  3.401  3.332
3.520  3.401  3.401  3.332  3.466  3.526  3.367  3.611  3.367  3.367  3.360  3.401  3.526  3.466  3.638  3.434  3.367  3.332  3.466  3.689  3.632  3.434  3.296  3.434  3.401  3.466  3.481  3.434  3.401  3.332  3.367  3.428  3.466  3.611  3.611  3.526  3.434  3.401  3.360  3.332  3.367  3.466
4.094  4.111  4.043  4.190  3.951  4.127  3.989  4.174  4.078  4.357  4.143  4.156  4.227  4.190  4.344  4.205  4.143  4.220  4.263  4.431  4.143  3.951  3.932  4.025  3.989  3.989  3.784  3.985  3.932  3.892  3.846  4.025  4.143  3.912  3.967  3.871  3.892  4.043  4.040  3.967  3.850  4.022
3.807  3.761  3.989  3.989  3.689  3.658  3.784  3.784  3.850  3.908  3.780  3.951  3.951  4.007  4.220  3.829  3.750  3.689  3.912  3.989  3.892  3.784  3.638  3.807  3.664  3.784  3.807  3.892  3.684  3.761  3.714  3.664  3.829  3.784  3.761  3.784  3.632  3.638  3.761  3.689  3.738  3.714
3.664  3.526  3.434  3.526  3.555  3.584  3.497  3.466  3.701  3.541  3.526  3.497  3.761  3.714  3.795  3.578  3.466  3.506  3.714  3.829  3.807  3.696  3.466  3.584  3.664  3.434  3.611  3.584  3.466  3.466  3.466  3.434  3.434  3.664  3.459  3.434  3.497  3.367  3.520  3.466  3.506  3.497
3.401  3.296  3.332  3.497  3.367  3.332  3.367  3.332  3.526  3.526  3.434  3.466  3.584  3.584  3.664  3.434  3.555  3.367  3.526  3.689  3.638  3.555  3.401  3.497  3.401  3.401  3.434  3.296  3.258  3.296  3.466  3.550  3.466  3.466  3.664  3.497  3.466  3.434  3.296  3.332  3.444  3.526
3.738  3.738  3.689  3.664  3.745  3.761  3.807  3.807  3.714  3.761  3.839  3.871  3.829  3.761  3.867  3.738  3.850  3.584  3.714  3.922  3.932  3.807  3.829  3.867  3.761  3.761  3.761  3.638  3.689  3.664  3.761  3.738  3.738  3.611  3.714  3.784  3.664  3.714  3.689  3.611  3.605  3.738
3.850  3.676  3.555  3.497  3.611  3.611  3.802  3.738  3.526  3.638  3.689  3.638  3.738  3.714  3.829  3.466  3.898  3.664  3.738  3.733  3.526  3.761  3.664  3.658  3.638  3.555  3.584  3.624  3.555  3.638  3.611  3.555  3.664  3.584  3.611  3.689  3.520  3.664  3.714  3.638  3.689  3.750
5.318  5.278  5.226  5.371  5.361  5.257  5.140  5.292  5.303  5.455  5.403  5.318  5.503  5.421  5.624  5.204  5.207  5.198  5.513  5.485  5.352  5.368  5.287  5.365  5.165  5.147  5.257  5.106  5.094  5.185  5.231  5.242  5.328  5.283  5.380  5.342  5.225  5.313  5.231  5.112  5.215  5.165
5.962  6.052  6.014  6.057  6.061  6.047  6.096  6.040  6.116  6.172  6.028  6.129  6.250  6.109  6.378  5.894  6.054  5.943  6.153  6.138  6.148  6.138  6.068  6.159  6.014  6.045  5.940  5.924  5.830  5.914  5.861  6.089  6.136  6.094  6.122  6.078  5.872  5.996  5.966  5.905  5.930  6.033
3.912  3.807  3.892  4.025  3.871  3.951  3.714  3.932  3.829  3.989  4.124  4.127  4.057  4.078  4.127  3.850  4.143  3.829  3.970  4.007  4.174  4.025  4.060  4.007  4.043  3.932  4.007  3.750  3.611  3.714  3.689  3.892  3.850  3.846  4.025  3.970  3.989  3.784  3.947  3.908  3.807  3.802
3.714  3.497  3.578  3.497  3.638  3.526  3.611  3.497  3.526  3.526  3.401  3.611  3.689  3.638  3.761  3.550  3.738  3.526  3.780  3.714  3.850  3.638  3.434  3.611  3.401  3.367  3.584  3.526  3.526  3.555  3.526  3.768  3.401  3.584  3.784  3.555  3.611  3.714  3.638  3.611  3.401  3.526
4.174  3.846  4.248  4.248  4.174  4.159  3.951  4.263  4.205  4.263  4.234  4.234  4.143  4.304  4.290  3.912  4.078  4.190  4.394  4.500  4.288  4.127  3.850  3.970  4.190  4.078  4.111  3.951  3.584  3.784  4.060  4.066  4.331  4.227  4.241  4.086  3.850  4.220  4.187  3.877  4.277  4.108
3.829  3.497  3.738  3.664  3.605  3.611  3.550  3.773  3.689  3.584  3.638  3.584  3.733  3.750  3.871  3.605  3.689  3.689  3.784  4.290  3.733  3.611  3.526  3.638  3.714  3.611  3.664  3.714  3.526  3.434  3.526  3.638  3.714  3.807  3.611  3.784  3.466  3.584  3.592  3.459  3.584  3.466
