6.203  6.059  6.023  6.169  6.047  6.203  6.205  5.974  6.263  6.275  6.190  6.189  6.035  6.129  6.153  6.119  6.014  6.052  5.973  6.035  6.221  6.155  6.116  6.157  6.174  6.116  5.749  5.951  5.805  5.852  5.844  6.091  6.096  6.217  6.168  6.073  6.183  5.979  5.881  5.990  6.031  6.125
4.673  4.533  4.277  4.466  4.369  4.331  4.644  4.290  4.585  4.533  4.585  4.407  4.466  4.585  4.760  4.404  4.477  4.533  4.335  4.588  4.860  4.585  4.464  4.682  4.564  4.425  4.220  4.248  4.407  4.344  4.256  4.489  4.533  4.567  4.500  4.690  4.663  4.290  4.392  4.256  4.277  4.585
5.602  5.342  5.460  5.487  5.591  5.505  5.515  5.587  5.427  5.666  5.649  5.628  5.598  5.607  5.694  5.342  5.371  5.587  5.606  5.438  5.645  5.442  5.449  5.394  5.476  5.501  5.438  5.509  5.298  5.407  5.476  5.325  5.442  5.429  5.468  5.434  5.544  5.442  5.474  5.474  5.365  5.537
5.063  4.860  4.852  4.812  4.844  4.828  4.844  4.916  4.860  5.142  5.017  4.977  5.100  4.942  5.017  4.754  4.712  4.898  4.909  4.836  4.913  4.804  4.871  4.934  4.654  4.691  4.771  4.860  4.605  4.644  4.868  4.652  4.710  4.820  4.920  4.779  4.881  4.887  4.958  4.694  4.500  4.905
5.654  5.388  5.553  5.513  5.617  5.609  5.529  5.609  5.527  5.681  5.553  5.611  5.740  5.561  5.712  5.638  5.425  5.714  5.811  5.881  5.645  5.799  5.733  5.638  5.451  5.416  5.488  5.481  5.273  5.375  5.283  5.313  5.215  5.442  5.509  5.403  5.442  5.554  5.476  5.519  5.384  5.620
5.412  5.150  5.147  5.268  5.215  5.325  5.136  5.242  5.313  5.377  5.318  5.342  5.447  5.303  5.412  5.252  5.094  5.204  5.293  5.214  5.130  5.215  5.375  5.220  4.990  5.055  5.159  5.100  4.874  5.024  5.182  5.094  4.844  5.106  5.130  5.094  5.182  5.071  5.058  5.094  4.990  5.153
5.425  5.215  5.366  5.198  5.371  5.357  5.241  5.235  5.484  5.490  5.602  5.318  5.529  5.379  5.411  5.349  5.214  5.421  5.418  5.354  5.283  5.263  5.264  5.356  5.272  5.275  5.337  5.273  5.081  5.318  5.303  4.871  5.182  5.262  5.305  5.298  5.152  5.230  5.434  5.259  5.149  5.318
5.707  5.537  5.740  5.517  5.866  5.704  5.787  5.694  5.921  6.086  5.919  5.874  5.832  5.814  5.703  5.591  5.611  5.784  5.841  5.808  5.680  5.680  5.677  5.666  5.635  5.805  5.747  5.675  5.505  5.771  5.606  5.352  5.485  5.677  5.915  5.656  5.521  5.556  5.715  5.609  5.641  5.609
5.263  5.037  5.231  4.984  5.043  5.106  5.094  5.193  5.153  5.389  5.204  5.193  5.332  5.182  5.165  5.106  5.024  5.257  5.100  5.263  5.069  5.130  5.130  5.085  4.982  5.136  5.069  5.166  4.883  4.996  5.126  4.816  4.934  5.026  5.112  5.043  5.037  5.226  5.198  5.207  4.970  5.209
4.401  4.357  4.344  4.304  4.190  4.454  4.263  4.554  4.454  4.588  4.446  4.533  4.598  4.489  4.625  4.220  4.248  4.367  4.489  4.466  4.407  4.331  4.290  4.270  4.288  4.394  4.277  4.317  4.321  4.174  4.248  4.270  4.205  4.174  4.241  4.290  4.274  4.248  4.277  4.263  4.344  4.290
4.454  4.190  4.324  4.290  4.304  4.281  4.337  4.413  4.373  4.593  4.425  4.394  4.500  4.500  4.564  4.394  4.220  4.382  4.431  4.419  4.404  4.382  4.263  4.443  4.317  4.341  4.341  4.369  4.277  4.234  4.308  4.143  4.174  4.277  4.190  4.344  4.344  4.311  4.234  4.174  4.143  4.317
4.248  4.382  4.440  4.460  4.304  4.277  4.344  4.382  4.290  4.416  4.344  4.416  4.394  4.363  4.407  4.363  4.263  4.263  4.472  4.443  4.615  4.585  4.466  4.538  4.263  4.369  4.205  4.111  4.111  4.043  4.263  4.297  4.288  4.263  4.357  4.301  4.143  4.274  4.078  4.111  4.248  4.277
5.247  5.118  5.152  5.204  5.342  5.295  5.050  5.231  5.124  5.298  5.293  5.328  5.361  5.182  5.407  5.149  5.004  5.231  5.236  5.242  5.231  5.112  5.118  5.049  5.069  5.288  5.088  5.225  4.963  4.942  5.118  5.112  5.209  5.215  5.056  5.081  5.056  5.296  5.118  5.242  5.043  5.323
5.425  5.056  5.278  5.252  5.303  5.329  5.094  5.250  5.066  5.378  5.384  5.292  5.370  5.338  5.460  5.209  5.165  5.069  5.361  5.353  5.252  5.170  5.204  5.347  5.103  5.283  5.063  5.124  4.959  4.890  5.069  5.050  5.094  5.220  5.077  5.106  5.068  5.187  4.996  5.124  5.075  5.142
5.731  5.625  5.565  5.638  5.715  5.743  5.513  5.593  5.598  5.684  5.684  5.771  5.785  5.762  5.778  5.612  5.447  5.771  5.638  5.679  5.595  5.673  5.649  5.663  5.580  5.537  5.694  5.784  5.513  5.476  5.656  5.602  5.545  5.649  5.519  5.675  5.652  5.817  5.632  5.553  5.583  5.568
4.580  4.625  4.585  4.564  4.610  4.585  4.466  4.466  4.466  4.625  4.500  4.382  4.700  4.743  4.787  4.522  4.500  4.477  4.615  4.522  4.585  4.554  4.585  4.644  4.522  4.595  4.615  4.466  4.431  4.394  4.585  4.466  4.301  4.533  4.570  4.511  4.575  4.407  4.419  4.511  4.317  4.382
5.951  5.743  5.966  5.957  5.927  5.940  5.747  5.930  5.791  6.006  5.814  5.986  5.984  5.844  5.916  5.785  5.680  5.841  5.914  6.073  5.869  5.964  5.956  6.007  5.844  5.892  5.765  5.699  5.759  5.684  5.908  5.814  6.016  5.854  5.768  5.759  5.709  5.874  5.787  5.799  5.747  5.869
4.802  4.673  4.710  4.603  4.615  4.663  4.796  4.762  4.677  4.852  4.717  4.736  4.900  4.700  4.984  4.717  4.644  4.625  4.868  4.836  4.771  4.673  4.732  4.794  4.588  4.615  4.691  4.585  4.511  4.633  4.687  4.489  4.754  4.883  4.625  4.745  4.543  4.654  4.644  4.754  4.489  4.635
5.489  5.273  5.451  5.529  5.347  5.426  5.338  5.303  5.415  5.515  5.338  5.511  5.481  5.472  5.511  5.252  5.198  5.252  5.533  5.606  5.513  5.421  5.293  5.394  5.398  5.380  5.342  5.236  5.081  5.187  5.451  5.308  5.468  5.415  5.340  5.321  5.193  5.357  5.298  5.247  5.391  5.256
5.001  4.820  4.920  5.056  4.852  4.787  4.871  4.839  4.920  5.011  5.004  4.868  5.029  4.977  5.024  4.915  4.754  4.868  4.890  5.187  4.828  4.771  4.771  4.920  4.700  4.779  4.585  4.652  4.625  4.804  4.907  4.820  5.017  4.820  4.752  4.754  4.710  4.663  4.864  4.771  4.718  4.710
4.868  4.771  4.836  5.024  4.916  4.852  4.710  4.898  4.736  4.860  4.843  4.860  4.956  4.920  5.004  4.663  4.710  4.812  4.909  4.997  4.893  4.787  4.844  4.920  4.710  4.812  4.754  4.771  4.533  4.787  4.844  4.668  5.017  4.654  4.843  4.836  4.779  4.828  4.802  4.786  4.868  4.663
5.086  4.963  4.977  4.984  4.885  5.017  4.890  4.927  4.875  4.920  5.037  4.942  4.996  5.017  5.176  4.836  4.762  5.004  5.056  5.088  4.997  4.956  5.056  4.997  4.736  4.804  4.868  4.836  4.700  4.754  4.771  4.760  4.898  4.812  4.875  4.905  4.779  4.717  4.963  4.771  4.828  4.913
