4.564  4.419  4.500  4.431  4.290  4.443  4.533  4.382  4.500  4.541  4.344  4.454  4.575  4.475  4.522  4.380  4.248  4.443  4.543  4.554  4.525  4.575  4.382  4.511  4.419  4.394  4.407  4.277  4.341  4.382  4.363  4.382  4.466  4.331  4.500  4.554  4.489  4.454  4.263  4.386  4.331  4.466
4.682  4.516  4.771  4.585  4.533  4.654  4.615  4.745  4.615  4.635  4.533  4.745  4.663  4.754  4.727  4.567  4.533  4.710  4.794  4.796  4.762  4.635  4.635  4.754  4.522  4.522  4.530  4.454  4.466  4.454  4.509  4.530  4.663  4.554  4.696  4.557  4.575  4.511  5.106  4.554  4.522  4.554
4.730  4.762  4.779  4.913  4.754  4.736  4.919  4.773  4.902  4.934  4.710  4.920  5.004  4.727  4.940  4.796  4.802  4.543  4.827  4.691  4.812  4.812  4.856  4.745  4.796  4.564  4.779  4.431  4.580  4.564  4.615  4.718  4.690  4.718  4.836  4.694  4.718  4.603  4.585  4.615  4.620  4.699
4.277  4.202  4.074  4.078  4.007  4.238  4.159  4.159  4.174  4.290  4.248  4.369  4.341  4.331  4.382  4.290  4.270  4.143  4.190  4.304  4.369  4.263  4.202  4.234  4.190  3.989  4.127  3.989  3.912  3.928  4.043  4.078  4.205  4.143  4.205  4.190  4.159  3.829  4.234  3.989  3.951  4.205
4.828  4.727  4.920  4.887  4.635  4.868  4.754  4.700  4.844  4.965  4.913  4.982  4.836  4.839  4.987  4.787  4.852  4.760  4.963  4.852  5.011  4.832  4.905  4.963  4.691  4.745  4.779  4.625  4.564  4.700  4.691  4.787  4.820  4.618  4.717  4.808  4.700  4.682  4.745  4.585  4.644  4.668
4.511  4.500  4.559  4.538  4.522  4.727  4.654  4.331  4.736  4.760  4.511  4.831  4.466  4.736  4.635  4.443  4.543  4.605  4.585  4.595  4.745  4.727  4.454  4.585  4.382  4.369  4.454  4.394  4.263  4.477  4.500  4.546  4.511  4.538  4.554  4.573  4.382  4.284  4.344  4.263  4.431  4.304
3.757  3.892  3.526  3.761  3.638  3.584  3.526  3.689  3.757  3.951  3.733  3.738  3.932  3.892  3.850  3.526  3.684  3.784  3.761  3.970  3.689  3.664  3.829  3.829  3.689  3.584  3.824  3.658  3.434  3.512  3.714  3.611  3.784  3.584  3.611  3.611  3.434  3.664  3.689  3.555  3.520  3.738
3.605  3.466  3.550  3.555  3.401  3.526  3.434  3.526  3.584  3.526  3.638  3.526  3.761  3.638  3.584  3.497  3.367  3.526  3.611  3.664  3.497  3.466  3.466  3.584  3.638  3.367  3.395  3.466  3.258  3.332  3.526  3.526  3.541  3.367  3.550  3.466  3.367  3.332  3.611  3.490  3.434  3.497
5.268  5.147  5.185  5.263  5.273  5.318  5.063  5.179  5.142  5.420  5.278  5.361  5.338  5.352  5.541  5.158  5.063  5.215  5.283  5.106  5.243  5.017  5.193  5.043  4.828  4.868  5.063  4.956  4.654  4.931  5.069  5.089  5.017  5.081  5.069  5.135  4.963  5.175  5.170  5.153  4.997  4.982
5.106  4.913  5.011  4.894  5.218  5.063  5.011  5.276  4.934  5.380  5.262  5.136  5.193  5.187  5.220  5.085  4.890  4.890  5.030  5.029  5.214  5.004  4.927  5.050  4.718  4.691  4.949  4.804  4.595  4.924  5.030  5.055  4.963  4.949  5.071  4.956  4.877  5.011  5.030  4.883  4.754  4.934
4.369  4.274  4.317  4.369  4.404  4.190  4.111  4.317  4.174  4.369  4.220  4.394  4.489  4.431  4.585  4.290  4.304  4.248  4.382  4.543  4.431  4.367  4.274  4.369  4.205  4.078  4.190  4.248  4.043  4.248  4.174  4.443  4.290  4.234  4.431  4.331  4.094  4.277  4.277  4.277  4.202  4.274
4.922  4.827  4.745  4.963  4.779  4.836  4.811  4.850  4.727  4.898  4.883  4.852  5.050  4.920  4.990  4.745  4.779  4.804  4.956  5.017  4.982  4.883  4.836  4.952  4.595  4.575  4.615  4.771  4.500  4.691  4.852  4.771  4.691  4.762  4.920  4.949  4.866  4.796  4.975  4.654  4.663  4.668
4.392  4.220  4.277  4.357  4.317  4.205  4.205  4.344  4.290  4.443  4.331  4.369  4.248  4.533  4.511  4.248  4.174  4.217  4.394  4.460  4.394  4.428  4.361  4.443  4.190  4.127  4.111  4.270  3.970  4.174  4.094  4.267  4.127  4.094  4.246  4.171  4.246  4.174  4.209  4.386  4.124  4.227
3.367  3.714  3.632  3.550  3.497  3.584  3.555  3.475  3.497  3.689  3.434  3.714  3.784  3.829  3.784  3.497  3.584  3.497  3.638  3.638  3.664  3.555  3.434  3.611  3.714  3.434  3.497  3.664  3.367  3.506  3.466  3.761  3.555  3.512  3.738  3.584  3.459  3.526  3.526  3.296  3.570  3.497
4.190  4.220  4.220  4.174  4.025  4.127  4.078  4.274  4.190  4.190  4.174  4.220  4.248  4.281  4.344  4.190  4.094  4.248  4.234  4.248  4.043  4.231  4.094  4.263  4.004  4.025  4.057  4.007  3.932  4.127  4.127  4.284  4.025  4.025  4.156  4.234  3.989  4.159  4.094  4.174  4.111  4.025
3.367  3.611  3.619  3.512  3.332  3.466  3.434  3.497  3.466  3.466  3.296  3.401  3.664  3.611  3.584  3.506  3.466  3.497  3.459  3.611  3.638  3.555  3.526  3.466  3.401  3.367  3.459  3.434  3.367  3.367  3.434  3.526  3.584  3.401  3.466  3.466  3.250  3.434  3.219  3.258  3.332  3.434
4.331  4.277  4.394  4.317  4.357  4.263  4.284  4.301  4.392  4.489  4.475  4.477  4.454  4.394  4.663  4.205  4.267  4.466  4.454  4.428  4.431  4.321  4.344  4.369  4.078  4.174  4.263  4.234  4.159  4.190  4.187  4.220  4.357  4.369  4.317  4.369  4.187  4.304  4.205  4.174  4.267  4.159
4.354  4.174  4.111  4.159  4.328  4.277  4.202  4.220  4.127  4.288  4.217  4.304  4.431  4.331  4.369  4.220  4.288  4.190  4.304  4.290  4.263  4.335  4.263  4.443  4.159  4.143  4.277  4.108  4.004  4.127  4.167  4.159  4.205  4.220  4.111  4.369  4.074  4.202  4.344  4.094  4.060  4.094
5.537  5.405  5.402  5.645  5.438  5.481  5.323  5.468  5.328  5.694  5.545  5.580  5.680  5.564  5.704  5.421  5.347  5.509  5.489  5.529  5.442  5.357  5.308  5.548  5.263  5.204  5.226  5.234  5.030  5.185  5.370  5.193  5.434  5.421  5.313  5.463  5.501  5.572  5.541  5.303  5.268  5.364
5.517  5.513  5.478  5.628  5.505  5.594  5.540  5.529  5.489  5.642  5.595  5.631  5.720  5.583  5.687  5.485  5.576  5.451  5.645  5.598  5.583  5.595  5.476  5.677  5.394  5.421  5.442  5.301  5.282  5.365  5.566  5.345  5.529  5.561  5.549  5.579  5.481  5.645  5.541  5.434  5.342  5.553
3.689  3.689  3.638  3.839  3.555  3.611  3.638  3.584  3.824  3.738  3.632  3.689  3.850  3.989  3.922  3.664  3.638  3.466  3.807  3.912  4.066  3.784  3.689  3.738  3.709  3.664  3.871  3.611  3.555  3.611  3.555  3.497  3.850  3.497  3.689  3.689  3.611  3.611  3.526  3.584  3.664  3.526
3.638  3.497  3.555  3.497  3.497  3.401  3.434  3.555  3.526  3.466  3.325  3.526  3.861  3.638  3.784  3.638  3.684  3.555  3.584  3.807  3.795  3.584  3.497  3.466  3.555  3.520  3.578  3.526  3.367  3.367  3.578  3.466  3.555  3.555  3.490  3.584  3.434  3.401  3.459  3.459  3.466  3.638
