3.434  3.434  3.434  3.401  3.296  3.401  3.475  3.428  3.497  3.466  3.401  3.434  3.658  3.684  3.584  3.497  3.360  3.555  3.497  3.689  3.807  3.526  3.497  3.497  3.506  3.466  3.466  3.401  3.367  3.434  3.526  3.466  3.434  3.584  3.434  3.401  3.497  3.578  3.434  3.401  3.401  3.434
3.638  3.550  3.401  3.395  3.624  3.611  3.466  3.689  3.638  3.738  3.434  3.664  3.951  3.689  3.689  3.714  3.638  3.584  3.664  3.784  3.638  3.535  3.638  3.555  3.597  3.689  3.550  3.611  3.481  3.401  3.611  3.584  3.584  3.367  3.401  3.434  3.401  3.638  3.526  3.526  3.401  3.526
5.298  5.056  5.187  5.165  5.209  5.136  5.170  5.313  5.333  5.513  5.481  5.380  5.366  5.352  5.481  5.451  5.513  5.429  6.104  5.930  6.066  6.654  6.528  6.529  5.112  4.898  4.942  4.942  4.771  4.844  4.812  4.843  5.063  5.004  5.112  4.984  5.027  5.016  5.056  4.898  5.118  5.165
4.404  4.341  4.263  4.301  4.159  4.190  4.344  4.419  4.234  4.454  4.434  4.376  4.464  4.369  4.357  4.500  4.600  4.394  4.828  4.827  5.009  5.710  5.537  5.505  4.205  4.220  4.078  3.951  3.995  4.007  3.989  4.179  4.274  4.190  4.277  4.241  4.094  4.171  4.205  3.951  4.174  4.217
3.807  3.918  3.892  3.829  3.745  4.013  3.932  3.908  3.807  3.976  3.714  4.091  3.807  3.989  4.025  3.761  4.043  3.871  3.989  3.970  4.148  3.942  3.850  4.078  3.689  3.829  4.007  3.780  3.714  3.761  3.802  3.664  3.738  3.850  3.738  3.714  3.807  3.784  3.584  3.714  3.802  3.761
4.111  4.007  4.143  4.025  4.031  4.086  4.187  4.111  4.060  4.202  4.143  4.315  4.248  4.277  4.174  3.850  4.111  4.043  4.277  4.331  4.386  4.119  3.922  4.290  4.043  4.025  4.025  4.116  3.780  4.119  4.111  4.248  4.202  4.234  3.985  3.989  4.007  4.103  3.970  3.989  3.970  4.040
4.043  3.714  3.784  3.784  3.829  3.970  3.908  3.877  3.807  4.043  3.802  3.807  3.850  3.892  3.989  3.850  3.761  3.850  4.025  3.951  3.807  3.714  3.829  3.932  3.714  3.807  3.726  3.738  3.490  3.813  3.871  3.689  3.850  3.807  3.839  3.784  3.807  3.829  3.761  3.714  3.824  3.829
3.638  3.738  3.597  3.555  3.367  3.638  3.611  3.701  3.611  3.714  3.434  3.761  3.850  3.664  3.714  3.784  3.526  3.466  3.689  3.757  3.784  3.497  3.541  3.658  3.638  3.611  3.526  3.526  3.497  3.395  3.584  3.526  3.638  3.638  3.526  3.605  3.497  3.584  3.497  3.526  3.466  3.555
5.397  5.313  5.333  5.338  5.357  5.308  5.403  5.366  5.360  5.525  5.434  5.345  5.485  5.342  5.550  5.252  5.209  5.147  5.434  5.283  5.485  5.364  5.363  5.371  5.136  5.140  5.241  5.030  5.153  5.153  5.204  5.264  5.069  5.328  5.302  5.204  5.247  5.257  5.198  5.112  5.129  5.142
4.443  4.466  4.357  4.489  4.428  4.382  4.440  4.464  4.404  4.595  4.500  4.489  4.700  4.554  4.628  4.511  4.443  4.357  4.511  4.533  4.633  4.520  4.489  4.552  4.373  4.394  4.321  4.407  4.317  4.416  4.263  4.454  4.407  4.443  4.288  4.341  4.315  4.331  4.357  4.248  4.187  4.248
5.176  5.083  5.133  5.155  5.094  5.100  4.997  5.159  5.056  5.252  5.313  5.318  5.215  5.147  5.176  5.186  4.977  5.094  5.342  5.295  5.380  5.759  5.529  5.576  5.835  5.866  5.771  6.230  6.084  6.208  5.063  4.949  4.963  5.014  5.004  5.004  5.024  5.112  5.049  4.844  5.056  5.036
5.460  5.454  5.424  5.366  5.365  5.529  5.457  5.490  5.568  5.572  5.642  5.509  5.609  5.451  5.561  5.513  5.429  5.464  5.398  5.468  5.663  5.710  5.710  5.730  5.814  5.903  5.793  6.171  6.122  6.107  5.495  5.251  5.263  5.529  5.403  5.452  5.533  5.472  5.429  5.413  5.235  5.264
3.367  3.434  3.434  3.555  3.497  3.497  3.411  3.434  3.481  3.555  3.367  3.497  3.584  3.611  3.684  3.497  3.605  3.526  3.714  3.664  3.584  3.497  3.497  3.689  3.526  3.434  3.638  3.434  3.219  3.401  3.497  3.555  3.520  3.360  3.632  3.332  3.401  3.466  3.401  3.367  3.384  3.555
3.611  3.466  3.584  3.497  3.645  3.526  3.497  3.497  3.555  3.466  3.367  3.555  3.638  3.584  3.658  3.597  3.555  3.550  3.638  3.584  3.466  3.584  3.367  3.605  3.584  3.497  3.638  3.555  3.401  3.466  3.497  3.605  3.526  3.466  3.497  3.526  3.296  3.434  3.401  3.638  3.367  3.689
3.619  3.520  3.664  3.611  3.611  3.684  3.506  3.497  3.611  3.466  3.555  3.578  3.638  3.584  3.605  3.526  3.619  3.459  3.738  3.784  3.526  3.584  3.555  3.497  3.526  3.526  3.367  3.555  3.555  3.367  3.497  3.550  3.570  3.258  3.584  3.466  3.428  3.434  3.296  3.401  3.384  3.401
4.248  3.912  4.025  4.174  4.217  4.127  3.738  3.951  4.069  4.043  4.111  4.190  4.234  4.060  4.190  3.857  4.022  4.069  4.205  4.127  4.234  3.850  3.829  3.989  4.043  3.829  3.892  3.689  3.912  3.714  3.989  3.882  3.976  3.861  3.807  3.967  3.829  3.912  3.784  3.989  3.780  4.007
4.220  4.159  4.337  4.143  4.248  4.174  4.220  4.248  4.304  4.369  4.159  4.331  4.290  4.386  4.331  4.174  4.220  4.094  4.344  4.419  4.382  4.190  4.304  4.344  4.143  3.970  3.967  4.094  4.060  4.127  4.060  4.205  4.263  4.060  4.060  4.111  4.190  4.159  4.143  3.951  4.190  4.078
3.871  3.922  4.043  3.951  3.951  3.970  3.829  4.016  3.846  4.078  3.892  4.167  3.784  3.761  3.989  3.807  3.912  3.829  4.212  4.111  3.970  4.078  3.761  4.099  3.807  3.871  3.871  3.738  3.709  3.824  3.813  3.892  3.989  3.611  3.761  3.850  3.664  3.912  3.807  3.714  3.664  3.638
4.820  4.663  4.745  4.732  4.812  4.710  4.700  4.736  4.640  4.771  4.673  4.736  4.812  4.727  4.902  4.489  4.654  4.691  4.739  4.812  4.710  4.710  4.654  4.682  4.615  4.644  4.585  4.700  4.477  4.477  4.500  4.500  4.605  4.477  4.554  4.635  4.525  4.635  4.615  4.644  4.605  4.605
4.644  4.625  4.727  4.654  4.745  4.662  4.500  4.663  4.564  4.762  4.554  4.714  4.787  4.804  4.934  4.585  4.511  4.575  4.745  4.736  4.796  4.605  4.511  4.718  4.489  4.585  4.382  4.489  4.481  4.277  4.564  4.522  4.585  4.452  4.575  4.718  4.533  4.615  4.533  4.511  4.392  4.520
4.466  4.354  4.410  4.603  4.522  4.466  4.277  4.615  4.392  4.654  4.407  4.505  4.783  4.625  4.659  4.481  4.380  4.533  4.691  4.615  4.522  4.394  4.449  4.511  4.317  4.127  4.290  4.248  4.263  4.344  4.357  4.522  4.460  4.466  4.477  4.443  4.500  4.443  4.454  4.460  4.367  4.431
4.949  4.889  4.844  5.011  5.135  5.069  4.820  4.968  4.982  5.273  5.106  5.308  5.136  5.114  5.111  4.934  4.852  4.997  5.114  4.934  5.094  4.997  4.890  4.927  4.913  4.812  4.956  4.959  4.860  4.752  4.866  4.875  4.875  4.905  4.984  4.949  4.866  5.043  5.088  4.868  4.926  5.004
