4.898  4.836  4.739  4.635  4.804  4.820  4.828  4.820  4.979  4.852  4.804  4.977  4.963  4.844  4.926  4.975  4.700  5.043  4.816  4.890  4.977  4.779  4.828  4.868  4.694  4.654  4.654  4.644  4.736  4.717  4.739  4.786  4.663  4.771  4.804  4.710  4.766  4.691  4.787  4.696  4.705  4.835
4.915  4.804  4.787  4.796  4.625  4.736  4.868  4.852  4.836  4.929  4.820  4.947  4.905  4.858  4.875  4.787  4.585  4.771  4.927  4.883  4.902  4.812  4.844  4.963  4.927  4.630  4.500  4.595  4.640  4.663  4.714  4.677  4.700  4.700  4.760  4.726  4.652  4.771  4.718  4.820  4.625  4.779
5.659  5.407  5.651  5.613  5.564  5.521  5.583  5.659  5.612  5.805  5.451  5.714  5.587  5.489  5.613  5.398  5.509  5.384  5.723  5.598  5.580  5.580  5.361  5.434  5.513  5.361  5.333  5.288  5.147  5.409  5.357  5.434  5.472  5.541  5.602  5.421  5.451  5.429  5.406  5.370  5.384  5.557
5.288  5.165  5.241  5.209  5.100  5.130  5.215  5.215  5.236  5.421  5.176  5.380  5.371  5.175  5.204  5.094  5.088  5.106  5.268  5.170  5.209  5.074  5.023  5.050  5.136  4.970  4.963  4.905  4.828  4.889  5.011  4.905  5.165  5.127  5.170  5.040  4.984  4.997  5.017  5.085  4.890  5.135
5.313  5.252  5.220  5.176  5.153  5.142  5.182  5.209  5.136  5.318  5.124  5.182  5.164  5.139  5.242  5.069  5.075  5.124  5.165  5.242  5.352  5.201  5.118  5.330  4.927  4.963  4.963  4.913  4.860  4.984  5.047  5.030  5.094  5.017  5.037  5.024  5.081  5.030  5.034  5.001  4.934  5.088
4.828  4.663  4.771  4.760  4.543  4.605  4.745  4.691  4.700  4.812  4.625  4.754  4.787  4.762  4.927  4.466  4.489  4.583  4.812  4.762  4.852  4.533  4.663  4.804  4.492  4.533  4.331  4.357  4.335  4.437  4.443  4.595  4.590  4.635  4.500  4.682  4.575  4.654  4.533  4.530  4.344  4.489
5.176  5.106  5.049  5.112  5.024  5.064  5.182  5.069  5.030  5.236  5.298  5.316  5.257  5.136  5.273  5.204  5.231  5.124  5.169  5.192  5.231  5.263  5.075  5.249  5.074  5.066  5.081  4.990  4.961  5.009  5.270  5.215  5.115  5.069  5.209  5.081  5.004  5.042  5.004  4.984  4.949  5.004
4.718  4.663  4.527  4.533  4.431  4.635  4.575  4.625  4.605  4.663  4.663  4.663  4.760  4.654  4.736  4.533  4.605  4.642  4.615  4.760  4.796  4.605  4.727  4.787  4.538  4.382  4.554  4.500  4.481  4.546  4.605  4.595  4.647  4.615  4.522  4.511  4.489  4.477  4.489  4.419  4.419  4.522
5.357  5.099  5.278  5.283  5.264  5.231  5.165  5.263  5.182  5.413  5.342  5.375  5.327  5.252  5.324  5.159  5.009  5.149  5.277  5.389  5.338  5.115  5.246  5.242  5.100  5.050  5.173  5.155  4.977  4.934  5.347  5.182  5.364  5.063  5.192  5.153  4.997  5.130  5.288  5.106  5.118  5.112
4.870  4.828  4.782  4.913  4.887  4.820  4.792  4.796  4.898  4.963  4.847  4.875  4.913  4.905  4.898  4.754  4.718  4.828  4.920  4.942  4.860  4.652  4.727  4.806  4.644  4.673  4.635  4.804  4.564  4.690  4.771  4.771  4.691  4.736  4.783  4.682  4.741  4.754  4.691  4.717  4.635  4.691
5.143  4.804  5.069  5.081  4.883  4.997  4.885  5.072  5.124  5.198  5.066  5.099  5.049  4.868  5.056  4.956  4.860  4.997  5.129  5.159  5.030  4.911  5.040  4.905  4.852  4.922  4.798  4.771  4.554  4.710  4.804  4.615  4.828  4.898  4.723  4.796  4.732  4.804  4.919  4.745  4.769  4.852
5.464  5.472  5.545  5.412  5.333  5.442  5.425  5.467  5.521  5.706  5.489  5.645  5.533  5.303  5.617  5.226  5.365  5.529  5.525  5.549  5.545  5.429  5.551  5.412  5.252  5.278  5.316  5.231  5.030  5.252  5.236  4.997  5.136  5.357  5.214  5.187  5.142  5.173  5.357  5.136  5.252  5.332
5.069  4.796  4.893  5.147  5.024  5.068  4.812  5.004  5.063  5.215  5.042  5.165  5.081  4.860  5.198  4.898  4.919  5.075  5.094  5.050  5.011  4.866  4.911  5.037  4.635  4.905  4.904  4.745  4.419  4.662  4.543  4.718  5.024  4.779  4.860  4.934  4.687  4.890  4.942  4.663  4.745  4.827
5.338  5.242  5.247  5.257  5.308  5.288  5.421  5.303  5.416  5.484  5.434  5.455  5.628  5.529  5.580  5.268  5.341  5.273  5.455  5.278  5.491  5.406  5.379  5.384  5.384  5.338  5.283  5.142  5.123  5.140  5.136  5.268  5.226  5.308  5.434  5.467  5.204  5.135  5.165  5.147  5.308  5.263
5.187  5.502  5.004  5.186  5.334  5.136  5.533  5.306  5.273  5.793  5.749  5.565  5.483  5.404  5.321  5.313  5.263  5.029  5.244  5.215  5.278  5.411  5.308  5.287  4.868  4.963  5.004  4.970  4.883  4.977  5.257  5.244  4.949  5.147  5.370  5.370  5.412  5.153  5.283  5.074  4.926  4.927
4.043  4.428  4.078  4.174  4.267  4.127  4.260  4.116  4.025  4.060  4.043  4.060  4.354  4.182  4.263  4.078  4.156  4.007  4.205  4.564  4.277  4.369  4.143  4.260  4.143  4.220  4.094  3.912  4.094  4.274  4.174  4.111  4.007  4.159  4.143  4.174  4.277  4.060  4.190  3.922  3.951  4.094
5.105  4.644  4.913  5.043  5.130  4.893  4.585  5.056  4.796  4.977  4.920  4.883  5.013  4.990  5.257  4.777  4.615  4.927  5.032  5.094  4.796  4.836  4.700  4.881  4.615  4.554  4.605  4.844  4.440  4.644  4.710  4.883  4.913  4.777  4.663  4.866  4.754  5.436  5.303  5.257  5.124  5.118
5.635  5.303  5.476  5.659  5.537  5.493  5.242  5.525  5.389  5.605  5.583  5.474  5.568  5.531  5.694  5.347  5.252  5.521  5.673  5.624  5.325  5.375  5.384  5.263  5.316  5.295  5.251  5.398  4.949  5.094  5.267  5.262  5.389  5.371  5.220  5.416  5.247  5.692  5.765  5.521  5.398  5.425
4.796  4.741  4.625  4.654  4.710  4.666  4.543  4.575  4.543  4.663  4.754  4.644  4.804  4.836  4.804  4.564  4.564  4.691  4.710  4.831  4.836  4.671  4.687  4.710  4.454  4.500  4.564  4.500  4.304  4.394  4.625  4.543  4.525  4.475  4.644  4.710  4.554  4.407  4.511  4.466  4.466  4.498
4.881  4.844  4.898  4.875  4.850  4.762  4.710  4.749  4.585  5.130  4.875  4.771  4.973  4.868  4.963  4.758  4.779  4.787  4.883  4.843  4.858  4.754  4.732  4.804  4.575  4.754  4.682  4.690  4.500  4.511  4.585  4.663  4.691  4.727  4.749  4.804  4.613  4.745  4.732  4.668  4.673  4.787
3.784  3.689  3.664  3.611  3.932  3.757  3.714  3.829  3.912  3.784  3.658  3.664  3.871  3.932  3.951  3.714  3.951  3.850  3.970  3.850  4.052  3.761  3.784  3.922  3.738  3.638  3.757  3.689  3.664  3.807  4.034  3.912  3.780  3.784  3.912  3.882  3.689  3.912  3.807  3.611  3.638  3.802
4.682  4.431  4.533  4.570  4.564  4.620  4.500  4.603  4.690  4.718  4.522  4.522  4.758  4.663  4.777  4.635  4.533  4.754  4.511  4.662  4.654  4.489  4.662  4.625  4.407  4.440  4.554  4.663  4.369  4.394  4.564  4.522  4.585  4.543  4.644  4.369  4.454  4.564  4.654  4.520  4.382  4.543
