4.816  4.754  4.959  4.836  4.779  4.804  4.844  4.883  4.820  4.922  4.654  4.927  5.066  4.990  4.990  4.883  4.717  4.913  4.883  4.949  4.989  4.949  4.836  4.944  4.710  4.654  4.802  4.635  4.682  4.881  4.710  4.625  4.820  4.682  4.732  4.796  4.844  4.779  4.752  4.796  4.700  4.787
4.760  4.673  4.771  4.752  4.498  4.593  4.732  4.452  4.710  4.794  4.595  4.721  4.852  4.705  4.828  4.883  4.564  4.718  4.843  4.736  4.843  4.736  4.718  4.752  4.644  4.605  4.625  4.522  4.472  4.564  4.500  4.419  4.615  4.663  4.644  4.635  4.511  4.600  4.533  4.673  4.431  4.595
5.159  4.958  5.043  5.024  5.013  5.056  5.088  4.994  5.030  5.176  5.106  5.055  5.106  5.130  5.263  5.069  5.037  4.949  5.088  5.037  5.135  5.009  4.984  4.970  4.852  4.811  4.970  4.883  4.890  4.852  5.017  5.017  4.970  4.947  5.027  5.017  4.959  4.881  4.836  4.997  4.883  5.011
4.419  4.260  4.394  4.317  4.234  4.341  4.317  4.419  4.277  4.477  4.477  4.477  4.522  4.511  4.615  4.190  4.248  4.407  4.344  4.454  4.464  4.248  4.331  4.500  4.202  4.361  4.263  4.174  4.143  4.143  4.234  4.277  4.382  4.308  4.234  4.317  4.205  4.277  4.078  4.174  4.197  4.205
4.022  3.871  3.947  4.007  3.892  3.912  3.951  4.078  3.892  4.094  3.807  4.111  4.111  3.932  4.040  3.738  3.947  3.928  4.111  4.253  4.025  4.111  4.025  4.043  3.664  3.689  4.078  3.784  3.807  3.714  3.970  3.892  4.007  3.922  3.898  3.928  3.738  3.932  3.829  3.835  3.738  3.970
4.745  4.357  4.644  4.543  4.564  4.357  4.527  4.635  4.533  4.610  4.452  4.615  4.673  4.443  4.575  4.564  4.392  4.500  4.718  4.642  4.533  4.511  4.428  4.554  4.369  4.248  4.270  4.454  3.989  4.290  4.511  4.431  4.575  4.466  4.477  4.454  4.369  4.595  4.477  4.446  4.344  4.533
4.734  4.890  4.663  4.732  4.625  4.625  4.644  4.552  4.779  4.533  4.443  4.603  4.762  4.671  4.804  4.585  4.625  4.644  4.642  4.796  4.718  4.654  4.875  4.812  4.505  4.401  4.605  4.503  4.562  4.466  4.685  4.691  4.431  4.477  4.554  4.575  4.564  4.570  4.522  4.564  4.466  4.564
4.143  4.290  3.951  4.205  4.220  4.094  3.989  4.159  4.111  4.187  3.807  4.060  4.428  4.205  4.380  4.111  4.119  4.091  4.344  4.317  4.290  4.263  4.260  4.248  3.989  4.182  4.043  3.932  3.714  4.111  4.022  4.043  4.078  4.091  4.108  4.159  4.263  4.220  3.951  4.205  4.205  4.263
5.024  4.852  4.890  4.927  4.796  4.769  4.736  4.920  4.987  5.050  4.984  4.933  5.017  4.794  4.990  4.787  4.754  4.907  4.927  4.881  4.934  4.812  4.844  4.920  4.727  4.734  4.749  4.732  4.489  4.673  4.836  4.533  4.866  4.804  4.820  4.790  4.663  4.792  4.712  4.554  4.736  4.858
5.063  4.970  4.990  4.949  5.043  4.875  5.058  4.970  4.970  5.142  4.997  5.118  5.165  5.055  5.081  4.990  4.997  4.843  5.043  4.990  5.147  4.920  4.934  5.050  4.883  4.898  4.836  4.752  4.786  4.820  4.804  4.997  4.864  4.963  4.990  4.970  4.905  4.812  4.663  4.779  4.754  4.883
4.649  4.394  4.522  4.449  4.543  4.394  4.443  4.460  4.500  4.682  4.489  4.595  4.663  4.625  4.710  4.522  4.549  4.635  4.615  4.787  4.644  4.554  4.511  4.580  4.498  4.382  4.522  4.511  4.382  4.317  4.466  4.369  4.554  4.466  4.654  4.357  4.443  4.543  4.511  4.416  4.290  4.380
4.543  4.466  4.466  4.522  4.431  4.407  4.635  4.543  4.419  4.625  4.477  4.541  4.500  4.644  4.625  4.331  4.483  4.509  4.575  4.500  4.615  4.543  4.277  4.520  4.331  4.382  4.357  4.159  4.124  4.248  4.522  4.234  4.357  4.407  4.337  4.443  4.344  4.288  4.380  4.277  4.344  4.354
4.443  4.454  4.489  4.613  4.595  4.511  4.625  4.419  4.533  4.483  4.344  4.357  4.642  4.541  4.663  4.369  4.392  4.428  4.538  4.615  4.605  4.633  4.477  4.466  4.288  4.290  4.533  4.281  4.344  4.317  4.443  4.431  4.413  4.509  4.525  4.500  4.489  4.386  4.466  4.205  4.331  4.234
4.984  4.902  4.949  5.159  5.036  5.075  4.989  4.828  4.771  5.045  4.949  4.871  5.106  4.898  4.994  4.741  4.779  4.739  5.017  5.081  4.956  4.883  4.743  5.004  4.543  4.595  4.635  4.673  4.543  4.635  4.762  4.820  4.808  4.699  4.832  4.905  4.836  4.922  4.812  4.779  4.663  4.710
4.174  4.190  4.060  4.190  4.143  4.246  4.143  4.007  4.171  4.344  4.069  4.277  4.348  4.143  4.376  4.140  4.004  4.277  4.394  4.248  4.454  4.111  4.127  4.277  4.094  4.127  4.057  4.190  3.761  4.127  4.234  4.220  4.190  4.263  4.263  4.220  4.341  4.078  4.151  4.119  4.091  4.078
4.220  4.078  4.205  4.174  4.043  4.234  4.074  4.182  4.220  4.234  4.048  4.143  4.190  4.174  4.238  4.132  4.277  4.295  4.220  4.263  4.304  4.078  4.174  4.304  4.007  4.043  4.074  4.007  3.976  4.043  4.007  4.043  4.078  4.043  4.025  4.060  4.124  4.043  4.057  4.060  4.043  4.111
4.615  4.522  4.413  4.625  4.615  4.489  4.419  4.522  4.543  4.543  4.554  4.466  4.615  4.682  4.787  4.443  4.443  4.585  4.718  4.654  4.605  4.410  4.382  4.466  4.466  4.317  4.331  4.331  4.108  4.220  4.394  4.419  4.369  4.477  4.585  4.443  4.295  4.554  4.443  4.416  4.174  4.477
4.949  4.874  4.727  4.708  5.011  4.942  4.762  4.828  4.732  4.963  4.691  4.949  4.852  4.874  4.940  4.618  4.852  5.037  4.920  4.812  5.037  4.990  4.933  5.024  4.489  4.477  4.644  4.585  4.575  4.486  4.691  4.575  4.682  4.654  4.595  4.804  4.623  4.754  4.828  4.522  4.443  4.680
4.143  3.970  3.912  3.967  3.970  4.190  3.871  4.078  4.025  3.957  4.025  3.912  4.111  4.007  4.156  3.902  3.867  4.167  4.143  4.190  4.031  4.074  3.980  4.099  3.871  3.932  4.004  3.951  3.912  3.932  3.912  3.829  4.127  3.932  3.912  4.025  3.882  3.908  3.912  3.970  3.829  4.007
3.912  3.784  3.807  3.850  3.761  3.829  3.738  3.829  3.912  3.871  3.807  3.802  3.951  3.871  4.007  3.928  3.696  3.892  4.025  3.951  4.043  3.871  3.947  3.888  3.638  3.773  3.689  3.807  3.584  3.611  3.632  3.784  3.714  3.802  3.892  3.902  3.689  3.802  3.733  3.757  3.638  3.714
4.159  4.248  4.127  4.074  4.025  4.369  4.143  4.212  4.174  4.143  4.263  4.382  4.357  4.500  4.369  4.248  4.127  4.127  4.331  4.452  4.369  4.174  4.344  4.344  4.111  4.007  4.143  4.007  4.052  4.078  4.159  4.182  4.127  3.989  4.231  4.202  4.205  4.060  4.127  4.164  4.143  4.159
4.947  4.927  4.762  4.947  4.905  4.844  4.852  4.913  4.920  4.984  4.942  4.990  5.153  4.984  5.004  4.970  4.812  4.877  4.949  5.004  5.030  4.956  4.970  5.004  4.860  4.860  4.860  4.736  4.543  4.718  4.875  4.743  4.844  4.883  4.975  4.913  4.852  4.779  4.820  4.804  4.852  4.754
