6.419  6.151  6.255  6.223  6.316  6.346  6.227  6.267  6.340  6.418  6.319  6.441  6.414  6.358  6.425  6.405  6.359  6.452  6.865  6.726  6.846  6.075  6.188  6.109  6.200  6.240  6.133  6.204  5.968  6.023  6.186  6.066  6.192  6.324  6.252  6.253  6.260  6.211  6.182  6.227  6.097  6.268
5.425  5.226  5.374  5.273  5.288  5.337  5.447  5.297  5.380  5.624  5.470  5.561  5.421  5.338  5.411  5.361  5.290  5.361  5.505  5.442  5.576  5.374  5.333  5.338  5.303  5.159  5.129  5.263  5.069  5.136  5.397  5.403  5.328  5.298  5.310  5.316  5.273  5.100  5.268  5.252  5.185  5.278
7.255  6.856  7.088  6.912  7.102  7.160  7.010  7.113  7.105  7.311  7.220  7.220  7.117  7.034  7.137  7.003  6.666  7.119  7.157  6.950  6.990  6.800  6.848  6.797  6.759  6.874  6.779  6.999  6.557  6.709  6.838  6.539  6.780  6.910  6.758  6.930  6.819  6.909  6.888  7.055  6.780  7.030
5.244  4.852  4.942  4.739  5.187  5.153  5.100  4.875  5.220  5.220  5.431  5.332  5.176  5.226  5.288  4.920  4.727  5.043  5.024  4.828  5.130  4.816  4.963  5.063  4.654  4.860  4.726  4.890  4.575  4.635  4.970  4.525  4.559  4.852  4.777  4.984  4.850  4.820  4.754  4.811  4.562  4.754
7.368  7.202  7.261  7.090  7.269  7.285  7.418  7.374  7.444  7.484  7.452  7.521  7.492  7.415  7.452  7.364  7.227  7.458  7.461  7.283  7.362  7.306  7.253  7.270  7.365  7.437  7.366  7.349  7.159  7.261  7.251  7.181  7.223  7.479  7.370  7.358  7.419  7.270  7.165  7.356  7.206  7.349
5.645  5.811  5.533  5.273  5.476  5.638  5.940  5.572  5.931  5.883  5.927  6.038  5.976  5.894  5.897  5.908  5.758  5.784  5.808  5.497  5.969  5.796  5.814  5.897  5.687  5.790  5.720  5.545  5.578  5.652  5.798  5.662  5.472  5.826  5.745  5.814  5.790  5.529  5.374  5.591  5.389  5.549
6.672  6.142  6.521  6.351  6.533  6.561  6.398  6.517  6.568  6.745  6.539  6.748  6.711  6.567  6.677  6.418  6.155  6.518  6.684  6.567  6.213  6.207  6.375  6.203  6.337  6.431  6.412  6.536  6.255  6.303  6.337  5.991  6.310  6.531  6.354  6.422  6.404  6.589  6.471  6.502  6.370  6.585
4.844  4.331  4.727  4.647  4.635  4.691  4.615  4.673  4.860  4.942  4.777  4.977  4.984  4.836  4.896  4.522  4.573  4.600  4.771  4.828  4.705  4.593  4.654  4.613  4.522  4.787  4.745  4.663  4.486  4.543  4.522  4.440  4.489  4.804  4.564  4.754  4.588  4.691  4.543  4.677  4.443  4.691
6.561  6.589  6.571  6.479  6.564  6.637  6.659  6.621  6.706  6.683  6.646  6.469  6.801  6.721  6.783  6.612  6.503  6.690  6.691  6.576  6.651  6.551  6.648  6.612  6.733  6.686  6.538  6.687  6.514  6.474  6.715  6.478  6.608  6.667  6.646  6.655  6.687  6.339  6.531  6.623  6.501  6.667
4.868  5.037  4.858  4.927  4.827  4.952  4.905  5.069  5.209  4.844  4.890  4.575  5.133  5.136  5.118  4.934  4.889  4.898  5.075  4.942  5.088  5.011  5.094  5.050  5.139  4.990  4.868  4.949  4.898  4.852  4.999  4.852  5.011  5.075  5.159  4.989  5.081  4.691  4.852  4.875  4.812  4.920
7.426  7.109  7.271  7.242  7.242  7.317  7.186  7.283  7.305  7.325  7.240  7.351  7.349  7.275  7.301  7.141  7.099  7.307  7.313  7.273  7.139  7.075  7.156  7.088  7.247  7.333  7.142  7.223  6.997  7.058  7.111  6.989  7.151  7.212  7.158  7.174  7.141  7.252  7.163  7.215  7.144  7.273
6.315  6.082  6.153  6.042  6.168  6.098  6.064  6.059  6.159  6.202  6.202  6.227  6.293  6.238  6.078  6.038  5.914  6.238  6.094  6.180  6.066  5.814  6.068  6.052  5.952  6.038  6.033  6.019  5.887  5.961  6.066  5.707  5.808  5.996  5.919  6.043  5.968  6.084  5.991  6.038  5.974  6.089
7.728  7.534  7.561  7.616  7.670  7.687  7.513  7.591  7.543  7.691  7.609  7.648  7.715  7.578  7.698  7.483  7.340  7.631  7.597  7.596  7.477  7.411  7.518  7.507  7.543  7.508  7.445  7.518  7.236  7.302  7.400  7.309  7.429  7.524  7.405  7.528  7.550  7.606  7.531  7.635  7.396  7.544
6.788  6.707  6.653  6.882  6.767  6.844  6.660  6.724  6.743  6.797  6.830  6.817  6.833  6.816  6.968  6.634  6.506  6.668  6.840  6.723  6.748  6.688  6.821  6.774  6.777  6.668  6.605  6.603  6.461  6.420  6.549  6.450  6.652  6.691  6.589  6.779  6.749  6.856  6.790  6.806  6.562  6.704
7.641  7.450  7.530  7.518  7.614  7.669  7.562  7.581  7.653  7.700  7.650  7.661  7.730  7.653  7.674  7.509  7.528  7.536  7.683  7.562  7.573  7.524  7.495  7.502  7.613  7.713  7.509  7.551  7.415  7.436  7.544  7.469  7.519  7.635  7.646  7.627  7.582  7.551  7.498  7.539  7.547  7.542
5.958  5.827  5.790  5.756  5.987  5.826  5.948  5.771  5.768  5.890  6.114  5.952  6.005  5.960  5.967  5.826  5.861  5.762  5.849  5.884  5.892  5.892  5.869  5.945  5.817  5.914  5.791  5.617  5.687  5.620  5.905  5.702  5.635  5.911  5.914  5.961  5.765  5.823  5.775  5.576  5.695  5.602
7.204  6.991  7.090  6.982  7.246  7.164  6.831  7.034  6.946  7.063  7.228  7.100  7.182  7.020  7.151  7.019  6.442  7.172  7.101  6.958  6.865  6.805  6.946  6.908  6.701  6.771  6.843  6.964  6.565  6.653  6.834  6.531  6.806  6.736  6.660  6.842  6.737  6.975  6.981  7.028  6.633  6.913
5.802  5.798  5.663  5.787  5.874  5.768  5.554  5.705  5.659  5.689  5.846  5.732  5.869  5.799  5.976  5.568  5.165  5.727  5.802  5.765  5.826  5.762  5.849  5.911  5.434  5.481  5.525  5.517  5.283  5.317  5.537  5.416  5.521  5.545  5.535  5.740  5.564  5.710  5.808  5.677  5.481  5.664
6.691  6.317  6.561  6.500  6.621  6.726  6.494  6.597  6.644  6.655  6.558  6.696  6.743  6.597  6.701  6.471  6.363  6.590  6.680  6.568  6.494  6.486  6.516  6.522  6.523  6.554  6.513  6.472  6.395  6.377  6.384  6.229  6.483  6.550  6.554  6.557  6.568  6.519  6.392  6.609  6.344  6.631
5.323  5.075  5.198  5.100  5.288  5.333  5.208  5.118  5.247  5.373  5.226  5.280  5.474  5.333  5.568  5.209  5.298  5.288  5.421  5.075  5.298  5.268  5.185  5.298  5.011  5.165  5.273  5.140  5.063  5.111  5.115  4.852  4.934  5.283  5.176  5.293  5.278  5.088  4.883  5.231  4.890  5.100
6.211  6.118  6.122  6.107  6.161  6.136  5.986  6.130  6.148  6.267  6.175  6.223  6.186  6.236  6.210  6.068  5.881  6.192  6.197  6.129  5.979  6.033  6.198  6.115  6.026  6.151  6.049  6.056  5.878  5.986  6.089  5.734  6.066  6.075  5.940  6.120  6.100  6.116  6.082  6.087  6.045  6.105
4.984  5.083  4.898  4.905  4.782  4.748  4.820  4.881  4.796  5.056  5.058  4.796  5.081  4.997  4.990  4.718  4.844  4.934  4.984  4.970  5.182  4.852  4.883  5.100  4.836  4.927  4.820  4.649  4.796  4.726  4.898  4.682  4.934  4.860  4.890  4.937  4.920  4.836  4.787  4.762  4.771  4.680
