8.290  8.062  8.119  8.004  8.149  8.205  8.172  8.084  8.192  8.346  8.252  8.265  8.211  8.193  8.232  8.153  7.280  8.137  7.818  8.013  8.134  7.945  8.022  7.957  7.974  8.026  8.010  8.011  7.794  7.855  7.923  7.770  7.911  8.079  8.005  8.054  8.029  8.024  7.945  8.071  7.880  7.973
5.771  5.697  5.438  5.371  5.570  5.568  5.687  5.577  5.743  5.994  5.832  5.759  5.624  5.805  5.832  5.703  4.489  5.565  4.933  5.425  5.697  5.591  5.493  5.665  5.278  5.434  5.545  5.527  5.236  5.283  5.478  5.179  5.176  5.575  5.468  5.624  5.465  5.333  5.344  5.380  5.056  5.403
7.876  7.616  7.754  7.617  7.755  7.853  7.799  7.774  7.801  7.974  7.768  7.890  7.925  7.816  7.855  7.808  7.642  7.825  7.933  7.641  7.703  7.660  7.730  7.654  7.796  7.800  7.783  7.756  7.543  7.731  7.676  7.551  7.586  7.793  7.783  7.751  7.686  7.736  7.626  7.776  7.554  7.714
6.773  6.709  6.655  6.437  6.686  6.766  6.766  6.709  6.789  7.030  6.795  6.902  6.859  6.780  6.784  6.781  6.596  6.650  6.861  6.518  6.649  6.650  6.749  6.708  6.721  6.672  6.757  6.577  6.538  6.741  6.582  6.326  6.409  6.664  6.711  6.722  6.688  6.558  6.454  6.625  6.394  6.581
8.048  7.550  7.930  7.777  7.943  8.012  7.818  8.005  8.072  8.148  8.020  8.015  8.045  7.904  8.018  7.822  7.503  7.923  8.037  7.874  7.748  7.569  7.764  7.630  7.852  7.877  7.760  7.827  7.317  7.625  7.607  7.366  7.644  7.838  7.774  7.783  7.629  7.825  7.788  7.928  7.707  7.928
6.194  6.035  6.047  6.122  6.297  6.357  6.960  6.853  6.984  6.190  6.061  6.061  6.056  5.956  6.061  5.811  5.557  5.770  5.881  5.425  5.869  5.700  5.795  5.817  5.537  5.631  5.743  5.380  5.277  5.583  5.613  5.268  5.272  5.631  5.735  5.846  5.620  5.453  5.494  5.777  5.352  5.699
7.436  7.188  7.297  7.175  7.338  7.425  7.321  7.363  7.129  7.378  7.321  7.431  7.405  7.269  7.394  7.230  7.144  7.386  7.347  7.296  7.300  7.140  7.257  7.187  7.338  7.385  7.329  7.332  7.103  7.223  7.126  7.165  7.106  7.388  7.251  7.232  7.252  7.311  7.179  7.342  7.203  7.354
5.609  5.328  5.624  5.568  5.670  5.604  5.620  5.617  5.293  5.754  5.628  5.838  5.756  5.634  5.673  5.442  5.412  5.537  5.710  5.694  5.659  5.388  5.407  5.345  5.517  5.684  5.521  5.549  5.341  5.407  5.204  5.204  5.298  5.631  5.478  5.416  5.247  5.541  5.416  5.451  5.485  5.572
7.518  7.203  7.422  7.401  7.399  7.403  7.309  7.372  7.473  7.576  7.361  7.487  7.446  7.321  7.405  7.295  7.220  7.417  7.537  7.474  7.367  7.246  7.300  7.197  7.404  7.518  7.286  7.379  7.140  7.236  7.168  7.180  7.364  7.409  7.323  7.324  7.338  7.396  7.288  7.441  7.352  7.472
5.499  5.440  5.591  5.438  5.489  5.576  5.687  5.531  5.765  5.799  5.597  5.690  5.613  5.545  5.650  5.434  5.537  5.476  5.762  5.617  5.673  5.361  5.533  5.421  5.565  5.613  5.416  5.361  5.159  5.318  5.220  5.226  5.318  5.486  5.412  5.455  5.394  5.429  5.136  5.361  5.429  5.447
6.930  6.856  6.742  6.698  6.841  6.887  6.645  6.762  6.735  6.856  6.942  6.845  6.968  6.882  6.896  6.760  6.436  6.979  6.797  6.637  6.601  6.545  6.764  6.748  6.624  6.682  6.680  6.788  6.422  6.457  6.655  6.317  6.459  6.659  6.491  6.719  6.681  6.712  6.835  6.780  6.544  6.608
5.037  5.371  4.990  5.037  5.236  5.121  5.209  5.050  5.247  5.094  5.313  5.247  5.333  5.391  5.442  5.004  4.745  5.298  5.100  5.011  5.347  5.100  5.263  5.424  4.997  5.030  5.083  4.787  4.736  4.883  5.100  5.017  4.875  5.100  5.043  5.226  5.037  5.043  4.984  4.997  4.779  4.920
6.105  5.799  5.991  5.961  5.964  6.082  5.892  6.080  6.081  6.203  5.869  6.148  6.203  6.064  6.104  5.841  5.805  6.043  6.021  5.944  5.966  5.869  5.861  5.956  5.886  6.003  5.869  5.826  5.602  5.720  5.858  5.692  5.943  6.014  5.911  5.958  5.958  6.045  5.883  6.033  5.944  5.974
4.942  4.454  4.663  4.745  4.407  4.754  4.595  4.489  5.179  4.644  4.904  4.635  4.575  4.533  4.839  4.511  4.511  4.466  5.056  4.883  4.736  4.843  4.685  4.598  4.812  4.718  4.369  4.466  4.317  4.492  4.522  4.605  4.431  4.605  4.575  4.489  4.277  4.317  4.827  4.466  4.613  4.398
6.999  6.686  6.796  6.709  6.834  6.841  6.692  6.811  6.756  6.971  6.907  6.910  7.034  6.940  6.841  6.770  6.546  6.876  6.862  6.822  6.524  6.535  6.762  6.711  6.615  6.849  6.692  6.805  6.579  6.667  6.718  6.394  6.725  6.715  6.641  6.709  6.753  6.787  6.765  6.923  6.641  6.744
4.511  4.317  4.440  4.407  4.466  4.220  4.407  4.394  4.380  4.500  4.489  4.593  4.511  4.489  4.600  4.392  4.297  4.248  4.489  4.543  4.220  4.554  4.454  4.315  4.248  4.369  4.202  4.317  4.248  4.331  4.419  4.171  4.419  4.277  4.369  4.290  4.143  4.337  4.220  4.357  4.331  4.159
6.934  6.612  6.839  6.749  6.935  6.966  6.774  6.861  6.858  6.999  6.831  6.974  7.018  6.895  7.064  6.795  6.596  6.865  6.965  6.788  6.680  6.596  6.648  6.739  6.841  6.773  6.811  6.854  6.516  6.645  6.681  6.501  6.779  6.768  6.708  6.760  6.750  6.982  6.834  6.878  6.657  6.805
5.743  5.849  5.607  5.714  5.648  5.831  5.730  5.720  5.784  5.897  5.908  5.858  5.971  5.897  6.098  5.749  5.557  5.820  5.805  5.587  5.855  5.790  5.821  5.820  5.690  5.642  5.835  5.700  5.559  5.560  5.737  5.549  5.497  5.675  5.727  5.838  5.777  5.656  5.707  5.648  5.499  5.617
7.004  6.749  6.852  6.746  6.908  6.832  6.645  6.812  6.721  6.911  6.835  6.842  6.934  6.818  6.915  6.662  6.560  6.839  6.892  6.772  6.658  6.460  6.561  6.583  6.778  6.899  6.652  6.758  6.438  6.468  6.508  6.514  6.673  6.802  6.695  6.711  6.686  6.854  6.835  6.832  6.693  6.783
5.273  5.094  5.247  5.017  5.347  5.106  5.014  5.218  5.203  5.235  5.208  5.183  5.293  5.215  5.425  4.905  4.889  5.147  5.339  5.231  5.146  4.944  4.940  4.949  5.088  5.220  5.042  5.017  4.779  4.812  4.956  4.844  4.996  4.997  5.094  5.063  4.938  5.027  5.081  5.156  5.072  5.153
7.507  7.246  7.396  7.364  7.515  7.570  7.343  7.503  7.493  7.597  7.564  7.558  7.567  7.560  7.507  7.477  7.171  7.603  7.490  7.506  7.317  7.380  7.485  7.490  7.504  7.549  7.515  7.585  7.313  7.428  7.536  7.188  7.459  7.523  7.434  7.515  7.417  7.507  7.425  7.488  7.451  7.513
5.366  5.470  5.476  5.525  5.659  5.587  5.541  5.421  5.620  5.638  5.663  5.513  5.642  5.661  5.737  5.595  5.347  5.638  5.412  5.561  5.672  5.448  5.635  5.687  5.587  5.545  5.613  5.438  5.277  5.497  5.557  5.324  5.407  5.609  5.564  5.531  5.468  5.559  5.236  5.283  5.451  5.375
