4.094  4.224  4.060  4.025  4.124  4.078  4.048  4.148  4.094  4.205  4.007  4.007  4.078  4.174  4.248  4.069  4.025  3.947  4.127  4.132  4.202  4.043  4.060  4.078  3.908  3.932  3.970  3.850  3.738  3.976  4.025  4.016  4.111  3.951  4.119  4.007  4.074  3.892  3.867  3.829  3.850  3.807
3.871  3.989  3.784  3.824  3.871  4.048  3.861  3.850  3.784  4.060  3.871  4.031  3.951  3.850  4.025  3.989  3.871  4.025  3.951  4.007  4.116  4.143  3.912  3.807  3.932  3.761  3.850  3.784  3.689  3.689  3.871  4.004  3.989  3.871  3.892  3.784  3.784  3.664  3.846  3.761  3.871  3.951
5.352  5.295  5.215  5.247  5.398  5.389  5.313  5.352  5.308  5.380  5.476  5.425  5.377  5.308  5.529  5.236  5.181  5.384  5.275  5.307  5.485  5.187  5.263  5.332  5.182  5.111  5.115  5.165  5.066  5.081  5.374  5.173  5.209  5.242  5.288  5.278  5.308  5.333  5.206  5.186  5.176  5.268
5.136  5.056  4.956  5.043  4.942  5.124  5.268  5.037  5.124  5.176  5.226  5.215  5.021  5.124  5.231  5.088  5.024  5.049  5.112  4.984  5.403  5.068  5.135  5.200  4.970  4.942  5.088  4.844  4.898  4.890  5.159  5.030  4.927  5.135  5.112  5.063  5.220  5.037  5.004  4.966  5.026  4.956
4.696  4.522  4.595  4.710  4.514  4.522  4.392  4.625  4.625  4.682  4.562  4.673  4.630  4.583  4.680  4.605  4.367  4.533  4.630  4.543  4.564  4.522  4.494  4.654  4.263  4.357  4.466  4.446  4.315  4.454  4.595  4.419  4.466  4.454  4.564  4.554  4.466  4.500  4.543  4.511  4.454  4.500
4.896  4.820  4.828  4.990  4.819  4.883  4.828  4.804  4.852  5.081  4.999  4.875  4.919  4.820  4.942  4.736  4.754  4.836  4.949  5.004  4.994  4.898  4.754  4.980  4.816  4.700  4.758  4.819  4.644  4.700  4.812  4.782  4.843  4.868  4.934  4.875  4.787  4.792  4.779  4.682  4.625  4.812
5.193  5.100  5.109  5.069  5.056  5.136  5.170  5.130  5.187  5.303  5.056  5.153  5.109  5.094  5.252  5.130  5.043  5.004  5.166  5.136  5.252  4.997  5.071  5.193  4.905  4.905  4.949  4.898  4.779  4.775  4.949  4.820  5.011  4.927  4.934  4.913  4.875  4.956  4.881  4.752  4.779  4.970
5.242  5.147  5.130  5.187  5.030  5.043  5.215  5.293  5.308  5.313  5.064  5.204  5.179  4.997  5.231  4.997  4.956  5.042  5.112  5.004  5.226  4.980  5.106  5.204  4.920  4.913  4.820  4.673  4.700  4.615  4.920  4.905  4.949  4.927  4.905  4.933  4.860  4.812  4.883  4.760  4.828  4.938
5.352  5.242  5.282  5.187  5.371  5.209  5.242  5.257  5.215  5.342  5.517  5.451  5.442  5.375  5.434  5.308  5.220  5.375  5.361  5.286  5.377  5.352  5.323  5.493  5.088  5.100  5.242  5.182  5.130  5.124  5.268  5.187  5.231  5.209  5.278  5.257  5.318  5.193  5.323  5.231  4.963  5.220
5.412  5.214  5.056  5.273  5.252  5.176  5.209  5.136  5.225  5.252  5.283  5.257  5.323  5.278  5.398  5.195  5.118  5.313  5.226  5.220  5.278  5.220  5.165  5.263  5.050  5.030  5.099  5.088  4.920  5.027  5.231  5.106  5.094  5.176  5.257  5.182  5.263  5.247  5.398  5.193  4.997  5.106
3.871  4.043  3.912  4.007  3.922  3.989  3.951  4.034  4.159  4.111  3.882  3.932  4.277  4.159  4.078  3.932  4.025  4.135  4.094  4.159  4.057  4.220  4.043  4.143  3.761  3.850  4.111  3.998  3.871  3.951  4.007  4.190  4.127  4.074  4.060  4.078  3.989  3.989  3.807  3.932  3.951  4.078
4.140  4.022  4.060  3.932  4.127  4.043  3.961  4.025  4.190  3.951  4.025  4.143  4.290  4.248  4.357  4.007  3.970  4.099  4.209  4.260  4.304  4.159  4.094  4.263  3.912  4.086  4.159  3.932  3.912  3.951  4.159  4.060  4.007  4.140  3.970  4.159  3.908  3.951  3.829  3.807  4.078  4.060
5.214  5.308  5.225  5.342  5.236  5.366  5.288  5.298  5.130  5.438  5.395  5.497  5.861  5.700  5.799  5.489  5.412  5.527  5.553  5.666  5.606  5.642  5.775  5.673  5.429  5.497  5.531  5.472  5.412  5.341  5.583  5.515  5.600  5.582  5.557  5.602  5.535  5.561  5.600  5.442  5.375  5.448
6.275  6.246  6.209  6.328  6.252  6.279  6.271  6.219  6.263  6.368  6.381  6.297  6.412  6.375  6.534  6.313  6.207  6.308  6.366  6.337  6.395  6.321  6.292  6.428  6.220  6.158  6.220  6.105  6.084  6.161  6.333  6.394  6.219  6.303  6.347  6.339  6.225  6.340  6.356  6.118  6.155  6.152
5.187  5.130  5.170  5.273  5.231  5.252  5.235  5.118  5.263  5.165  5.222  5.298  5.400  5.247  5.386  5.153  5.190  5.112  5.323  5.333  5.442  5.268  5.268  5.209  5.081  5.056  5.056  4.990  5.072  5.130  5.011  5.278  5.203  5.204  5.268  5.069  5.185  5.136  5.030  5.165  5.145  5.081
5.384  5.342  5.357  5.453  5.366  5.447  5.409  5.407  5.356  5.501  5.409  5.521  5.631  5.455  5.607  5.323  5.421  5.321  5.580  5.400  5.673  5.541  5.412  5.352  5.323  5.182  5.246  5.118  5.185  5.136  5.273  5.393  5.407  5.375  5.366  5.292  5.310  5.398  5.195  5.333  5.318  5.373
4.739  4.481  4.820  4.819  4.654  4.595  4.710  4.700  4.710  4.796  4.605  4.815  4.949  4.820  4.956  4.543  4.654  4.783  5.030  4.898  4.875  4.644  4.654  4.828  4.736  4.522  4.600  4.600  4.386  4.562  4.605  4.682  4.828  4.575  4.625  4.700  4.769  4.605  4.635  4.613  4.615  4.625
4.745  4.489  4.796  4.819  4.796  4.804  4.625  4.762  4.710  4.905  4.736  4.836  4.905  4.898  4.898  4.691  4.682  4.762  4.927  5.011  4.990  4.699  4.710  4.836  4.736  4.595  4.615  4.630  4.562  4.543  4.673  4.500  4.920  4.635  4.762  4.642  4.673  4.787  4.718  4.835  4.700  4.843
4.673  4.625  4.673  4.736  4.718  4.710  4.836  4.663  5.050  4.852  4.796  4.820  5.013  4.812  5.126  4.802  4.663  4.752  4.927  4.844  4.883  4.883  4.762  4.836  4.860  4.710  4.736  4.771  4.717  4.942  5.004  5.106  5.252  4.827  4.927  4.887  4.773  4.575  4.615  4.745  4.745  4.762
4.690  4.682  4.727  4.644  4.754  4.718  4.777  4.625  4.745  4.745  4.754  4.771  4.890  4.796  4.949  4.752  4.595  4.771  4.844  4.754  4.942  4.700  4.756  4.905  4.595  4.575  4.779  4.673  4.663  4.762  4.635  4.682  4.736  4.605  4.787  4.748  4.644  4.585  4.585  4.812  4.673  4.633
4.324  4.304  4.357  4.304  4.290  4.386  4.263  4.357  4.380  4.344  4.344  4.477  4.367  4.443  4.516  4.263  4.469  4.505  4.477  4.428  4.477  4.394  4.431  4.511  4.357  4.304  4.419  4.127  4.290  4.311  4.277  4.290  4.357  4.407  4.357  4.452  4.382  4.331  4.220  4.277  4.205  4.344
4.500  4.454  4.543  4.554  4.522  4.685  4.538  4.644  4.593  4.593  4.466  4.575  4.727  4.654  4.787  4.331  4.472  4.691  4.533  4.613  4.575  4.511  4.500  4.605  4.367  4.475  4.454  4.595  4.475  4.357  4.382  4.500  4.520  4.668  4.536  4.583  4.543  4.460  4.454  4.564  4.354  4.505
