7.194  6.938  7.057  6.894  7.111  7.116  6.991  7.006  7.049  7.138  7.140  7.123  7.135  7.091  7.060  7.028  6.887  7.144  7.054  6.978  7.082  6.913  6.967  6.933  7.059  7.011  6.944  7.017  6.843  6.884  6.957  6.859  6.891  7.072  7.017  7.012  7.107  7.045  7.013  7.091  6.892  6.995
6.849  6.621  6.592  6.471  6.548  6.678  6.613  6.590  6.640  6.800  6.808  6.730  6.734  6.743  6.731  6.693  6.470  6.671  6.663  6.536  6.712  6.648  6.664  6.654  6.545  6.486  6.541  6.483  6.286  6.358  6.567  6.384  6.344  6.579  6.513  6.637  6.652  6.547  6.611  6.583  6.366  6.485
6.697  6.413  6.572  6.469  6.594  6.694  6.540  6.579  6.623  6.735  6.666  6.712  6.677  6.599  6.705  6.537  6.343  6.635  6.639  6.480  6.574  6.354  6.519  6.445  6.564  6.603  6.603  6.678  6.321  6.423  6.514  6.351  6.479  6.614  6.593  6.548  6.560  6.519  6.339  6.590  6.386  6.636
5.729  5.661  5.595  5.569  5.628  5.733  5.775  5.730  5.765  5.905  5.689  5.936  5.900  5.820  5.829  5.673  5.657  5.771  5.743  5.638  5.775  5.638  5.717  5.768  5.605  5.790  5.680  5.617  5.580  5.623  5.638  5.600  5.501  5.768  5.746  5.746  5.673  5.509  5.533  5.583  5.509  5.635
7.471  7.281  7.363  7.262  7.403  7.376  7.330  7.396  7.395  7.496  7.388  7.385  7.414  7.369  7.294  7.347  7.221  7.475  7.490  7.305  7.378  7.274  7.363  7.278  7.416  7.409  7.409  7.409  7.249  7.385  7.323  7.134  7.216  7.476  7.401  7.357  7.340  7.356  7.227  7.304  7.084  7.319
6.161  6.045  5.984  5.832  6.019  6.046  6.118  6.059  6.097  6.160  6.096  6.168  6.059  6.072  6.041  6.075  5.940  6.061  6.122  5.971  6.040  6.099  6.068  5.943  6.078  6.131  6.126  5.900  5.930  5.951  5.886  5.805  5.759  6.140  6.072  5.994  6.058  5.894  5.844  5.892  5.704  5.844
6.312  6.211  6.332  6.231  6.068  6.313  6.426  6.270  6.468  6.395  6.263  6.398  6.366  6.261  6.363  6.223  6.159  6.304  6.394  6.230  6.312  6.272  6.223  6.284  6.377  6.387  6.304  6.107  6.120  6.133  6.223  6.125  6.221  6.382  6.354  6.354  6.351  6.203  6.059  6.252  6.160  6.324
4.905  4.970  4.924  4.927  4.522  4.977  5.102  5.027  5.100  5.050  5.034  5.075  5.063  5.069  5.056  4.905  5.043  4.862  4.984  4.956  5.053  4.997  5.037  5.081  4.984  4.927  4.942  4.718  4.812  4.898  4.844  4.949  4.942  5.083  5.043  4.984  5.011  4.691  4.745  4.812  4.820  4.790
6.677  6.304  6.527  6.389  6.498  6.613  6.482  6.550  6.569  6.714  6.503  6.620  6.618  6.540  6.655  6.417  6.132  6.596  6.667  6.458  6.404  6.307  6.423  6.344  6.339  6.524  6.422  6.509  6.096  6.303  6.271  6.148  6.308  6.444  6.394  6.398  6.349  6.353  6.346  6.365  6.262  6.343
5.187  4.954  5.086  5.017  5.124  5.204  5.220  5.075  5.170  5.291  5.195  5.226  5.198  5.215  5.323  5.100  4.883  5.165  5.308  5.215  5.192  4.984  5.176  5.123  5.273  5.165  4.954  4.990  4.812  4.850  4.874  4.812  5.081  5.024  4.927  5.118  4.982  4.905  4.852  4.934  4.710  4.898
6.705  6.631  6.571  6.387  6.606  6.653  6.612  6.637  6.671  6.887  6.751  6.852  6.837  6.745  6.779  6.744  6.501  6.706  6.789  6.574  6.600  6.601  6.707  6.629  6.558  6.686  6.700  6.700  6.441  6.601  6.690  6.443  6.502  6.619  6.635  6.670  6.654  6.698  6.540  6.590  6.483  6.649
4.937  4.959  4.852  4.748  4.828  4.940  5.112  4.890  4.942  5.170  5.063  5.112  5.124  5.069  5.136  5.030  4.883  4.710  4.990  4.782  5.063  5.030  5.069  5.043  4.828  4.920  4.890  4.890  4.802  4.977  4.820  4.754  4.718  4.973  4.916  5.001  4.820  4.787  4.564  4.654  4.762  4.898
7.075  6.905  7.042  6.989  7.088  7.079  7.034  7.037  7.100  7.164  7.045  7.162  7.144  7.070  7.112  6.782  6.904  6.998  7.185  7.052  7.045  7.011  7.010  6.957  7.049  7.175  6.969  7.026  6.825  6.859  6.960  6.858  6.959  7.132  7.067  6.983  7.120  7.000  6.785  6.972  6.981  7.106
5.493  5.517  5.415  5.451  5.592  5.505  5.700  5.525  5.631  5.707  5.476  5.617  5.777  5.639  5.656  5.317  5.557  5.384  5.714  5.460  5.702  5.591  5.497  5.591  5.533  5.598  5.468  5.290  5.283  5.434  5.429  5.389  5.303  5.590  5.455  5.539  5.537  5.278  5.075  5.227  5.384  5.429
7.444  7.149  7.296  7.223  7.474  7.448  7.120  7.365  7.321  7.342  7.251  7.362  7.359  7.248  7.434  7.161  6.793  7.462  7.441  7.266  7.304  7.184  7.190  7.137  7.185  7.174  7.032  7.251  6.776  6.872  6.932  6.981  7.170  7.200  7.082  7.210  7.066  7.335  7.344  7.347  7.127  7.257
7.623  7.408  7.478  7.419  7.502  7.524  7.419  7.464  7.418  7.602  7.557  7.524  7.590  7.552  7.549  7.446  7.395  7.619  7.543  7.497  7.409  7.366  7.450  7.438  7.432  7.505  7.469  7.509  7.358  7.338  7.435  7.304  7.399  7.458  7.421  7.427  7.437  7.506  7.513  7.548  7.337  7.489
5.050  5.328  5.181  5.124  5.257  5.333  5.162  5.187  5.056  5.081  5.138  5.347  5.338  5.318  5.505  5.165  4.718  5.366  5.416  5.081  5.293  5.247  5.436  5.193  5.071  4.920  5.094  5.069  4.736  4.890  5.094  4.927  5.024  5.056  4.916  5.371  5.081  5.204  5.247  5.081  4.913  5.133
6.551  6.365  6.433  6.370  6.413  6.417  6.392  6.279  6.284  6.522  6.522  6.407  6.513  6.492  6.458  6.384  6.184  6.545  6.405  6.474  6.342  6.247  6.358  6.390  6.246  6.360  6.234  6.346  6.219  6.250  6.290  6.019  6.308  6.257  6.257  6.304  6.342  6.328  6.349  6.453  6.180  6.303
7.661  7.337  7.571  7.548  7.620  7.577  7.363  7.560  7.527  7.630  7.572  7.612  7.570  7.494  7.582  7.413  7.256  7.654  7.623  7.568  7.470  7.401  7.415  7.415  7.467  7.467  7.389  7.467  7.256  7.281  7.335  7.237  7.427  7.497  7.391  7.382  7.387  7.604  7.511  7.577  7.360  7.552
6.697  6.513  6.562  6.633  6.672  6.636  6.535  6.519  6.608  6.702  6.636  6.718  6.634  6.544  6.689  6.458  6.314  6.721  6.697  6.590  6.564  6.492  6.512  6.618  6.503  6.550  6.423  6.501  6.236  6.368  6.407  6.318  6.528  6.554  6.430  6.521  6.540  6.558  6.600  6.642  6.487  6.545
6.330  5.916  6.111  6.136  6.146  6.223  6.035  6.192  6.196  6.201  6.151  6.227  6.136  6.122  6.157  5.999  5.935  6.126  6.277  6.248  6.138  6.014  6.052  6.035  6.120  6.174  6.163  6.125  5.958  6.004  5.981  5.976  6.136  6.210  6.067  6.141  6.043  6.180  6.116  6.209  5.981  6.225
3.689  4.025  3.829  3.784  3.738  3.829  3.761  3.761  3.867  3.689  3.829  3.850  3.824  3.989  3.912  3.738  3.888  3.733  3.846  3.951  3.989  3.714  3.807  3.824  3.773  3.970  3.850  3.689  3.664  3.584  3.645  3.761  3.611  3.850  3.951  3.846  3.791  3.902  3.689  3.664  3.658  3.611
