7.297  7.024  7.210  7.024  7.125  7.284  7.152  7.236  7.306  7.402  7.297  7.403  7.373  7.235  7.299  7.272  6.909  7.347  7.355  7.166  7.091  6.910  7.120  6.990  7.127  7.232  7.165  7.188  6.865  7.015  7.030  6.780  7.039  7.197  7.098  7.200  7.064  7.181  7.070  7.270  6.966  7.216
4.828  4.554  4.615  4.554  4.388  4.625  4.710  4.575  4.682  4.997  4.977  4.820  4.890  4.992  4.852  4.937  4.615  4.754  4.522  4.635  4.673  4.625  4.754  4.595  4.452  4.511  4.745  4.564  4.543  4.401  4.782  4.477  4.382  4.718  4.625  4.431  4.454  4.466  4.736  4.827  4.369  4.416
7.165  7.092  7.189  6.933  7.171  7.188  7.067  7.122  7.036  7.072  7.219  7.253  7.263  7.203  7.268  7.128  6.763  7.164  7.190  6.920  6.957  6.865  7.089  7.029  6.705  6.795  6.808  6.776  6.590  6.748  6.974  6.603  6.831  6.943  6.865  6.886  6.996  7.011  6.961  7.030  6.848  7.036
4.533  4.431  4.443  4.331  4.511  4.256  4.369  4.248  4.431  4.246  4.575  4.274  4.543  4.477  4.533  4.331  4.111  4.489  4.431  4.419  4.331  4.304  4.394  4.654  4.205  4.025  4.220  4.091  4.078  4.220  4.277  3.985  4.127  4.256  4.220  4.220  4.344  4.205  4.357  4.263  4.111  4.382
7.582  7.265  7.516  7.469  7.518  7.538  7.386  7.541  7.530  7.665  7.513  7.622  7.620  7.448  7.571  7.366  7.303  7.453  7.629  7.527  7.505  7.338  7.331  7.264  7.445  7.529  7.361  7.386  7.101  7.216  7.283  7.245  7.410  7.485  7.430  7.448  7.436  7.546  7.427  7.451  7.388  7.522
4.685  4.466  4.564  4.682  4.620  4.578  4.525  4.745  4.623  4.868  4.382  4.883  4.812  4.407  4.676  4.477  4.595  4.143  4.585  4.771  4.844  4.475  4.369  4.443  4.331  4.710  4.454  4.522  4.248  4.220  4.394  4.382  4.578  4.578  4.452  4.620  4.527  4.806  4.543  4.489  4.315  4.562
6.387  6.172  6.215  5.976  6.297  6.340  6.057  6.318  6.344  6.386  6.455  6.356  6.426  6.449  6.445  6.182  5.851  6.389  6.368  6.122  6.057  6.129  6.157  6.155  6.137  6.130  6.232  6.342  5.844  6.052  5.998  5.928  5.859  6.161  6.137  6.208  6.238  6.263  6.260  6.382  5.944  6.103
4.984  5.139  4.896  4.787  4.934  5.112  4.522  4.883  5.234  4.942  5.176  5.185  5.252  5.158  5.246  4.963  4.727  4.997  5.209  5.097  4.990  5.030  5.165  5.234  4.852  4.898  4.745  4.956  4.682  4.745  4.486  4.691  4.927  5.037  4.762  4.990  4.963  4.997  4.898  5.100  4.775  4.844
5.517  5.152  5.263  5.243  5.521  5.501  4.990  5.292  5.198  5.613  5.659  5.497  5.652  5.421  5.602  5.124  4.836  5.591  5.353  5.525  5.176  5.187  5.198  5.288  4.745  4.710  4.835  5.112  4.762  4.644  5.068  4.787  4.920  5.030  5.004  5.226  5.017  5.273  5.468  5.308  4.905  5.153
3.738  3.768  4.094  3.807  3.761  3.738  3.892  3.867  3.947  3.871  3.638  3.951  3.839  3.850  4.025  3.738  3.888  3.829  3.892  3.951  4.007  3.829  3.850  3.829  3.850  3.750  3.664  3.664  3.738  3.738  3.578  3.829  3.714  3.829  3.892  3.871  3.701  3.761  3.638  3.757  3.689  3.689
6.414  6.137  6.347  6.228  6.413  6.454  6.195  6.375  6.482  6.485  6.431  6.521  6.518  6.434  6.538  6.248  5.864  6.482  6.409  6.267  6.205  6.136  6.223  6.254  6.225  6.246  6.292  6.353  5.928  6.131  6.142  5.933  6.109  6.290  6.151  6.295  6.346  6.418  6.306  6.371  6.094  6.278
4.990  4.954  4.820  4.934  4.961  4.997  4.787  4.771  5.043  5.136  5.003  5.176  5.147  5.153  5.323  4.920  4.968  4.875  5.013  4.812  4.956  4.934  4.970  5.106  4.832  4.913  4.836  4.868  4.700  4.779  4.860  4.710  4.804  4.875  4.883  5.004  4.942  5.118  4.812  4.898  4.860  4.898
6.416  5.694  6.291  6.207  6.163  6.390  5.964  6.356  6.174  6.561  6.454  6.534  6.519  6.265  6.392  5.945  5.829  6.267  6.434  6.295  6.049  5.663  5.916  5.852  5.903  6.113  5.875  5.924  5.338  5.576  5.775  5.485  5.916  5.983  5.852  6.038  5.753  6.138  6.133  6.109  6.074  6.258
3.658  3.664  3.555  3.795  3.611  3.605  3.684  3.738  3.651  3.761  3.835  3.850  3.784  3.892  4.078  3.761  3.761  3.611  3.632  3.882  4.069  3.658  3.750  3.912  3.605  3.611  3.701  3.689  3.526  3.434  3.497  3.584  3.611  3.497  3.526  3.658  3.638  3.611  3.664  3.555  3.638  3.721
5.767  5.454  5.713  5.677  5.714  5.826  5.768  5.753  5.808  5.878  5.746  5.897  5.875  5.664  5.841  5.602  5.533  5.601  5.749  5.793  5.620  5.687  5.637  5.717  5.561  5.756  5.561  5.537  5.466  5.466  5.649  5.386  5.664  5.624  5.631  5.712  5.604  5.687  5.485  5.697  5.467  5.753
4.290  4.234  4.419  4.263  4.431  4.509  4.419  4.263  4.419  4.443  4.407  4.511  4.454  4.324  4.585  4.248  4.248  4.290  4.464  4.525  4.652  4.407  4.357  4.304  4.500  4.363  4.431  4.344  4.060  4.317  4.159  4.350  4.331  4.425  4.477  4.344  4.369  4.248  4.263  4.205  4.277  4.248
7.255  7.056  7.182  7.226  7.265  7.229  7.031  7.217  7.168  7.256  7.202  7.244  7.239  7.156  7.321  6.918  6.677  7.068  7.348  7.173  6.989  6.876  6.980  6.944  7.074  7.008  6.950  6.842  6.435  6.613  6.833  6.817  6.998  7.019  6.986  7.105  6.904  7.177  7.047  7.066  6.967  7.115
5.234  5.366  5.303  5.278  5.335  5.281  5.283  5.275  5.252  5.375  5.303  5.342  5.269  5.211  5.561  5.068  4.860  5.059  5.451  5.209  5.246  5.183  5.159  5.308  5.072  5.030  4.968  4.696  4.585  4.736  4.963  4.934  5.013  5.081  5.112  5.278  5.088  5.204  5.190  5.063  4.920  5.176
7.510  7.049  7.381  7.335  7.467  7.499  7.293  7.410  7.508  7.529  7.291  7.561  7.584  7.290  7.491  7.179  7.151  7.286  7.183  7.526  7.195  7.208  7.233  7.175  7.244  7.504  7.238  7.208  7.172  7.121  7.110  6.913  7.313  7.401  7.321  7.413  7.332  7.331  7.186  7.329  7.233  7.432
5.100  4.848  4.934  4.844  5.030  5.081  5.017  5.075  5.183  5.201  4.875  5.238  5.346  5.081  5.303  4.754  5.052  4.883  5.438  5.075  5.037  4.997  4.963  5.017  4.871  4.875  4.736  4.699  4.657  4.671  4.760  4.691  4.890  4.885  4.982  5.169  4.868  4.762  4.690  4.700  4.779  5.017
6.248  5.914  6.215  6.125  6.326  6.283  5.886  6.198  6.121  6.373  6.244  6.263  6.353  6.252  6.300  6.142  5.683  6.271  6.196  6.178  5.943  5.760  6.006  5.956  5.852  5.994  6.032  6.119  5.677  5.875  5.930  5.864  6.055  5.983  5.894  6.043  6.026  6.263  6.286  6.257  5.903  6.120
4.489  4.500  4.543  4.317  4.454  4.615  4.304  4.489  4.382  4.449  4.492  4.516  4.691  4.541  4.673  4.290  4.057  4.431  4.533  4.552  4.317  4.212  4.248  4.234  4.344  4.489  4.274  4.270  4.074  4.174  4.205  4.159  4.354  4.171  4.174  4.454  4.260  4.401  4.277  4.331  4.205  4.317
