5.247  5.176  5.207  5.043  5.011  5.106  5.190  5.275  5.136  5.220  5.142  5.176  5.236  5.100  5.242  5.017  5.088  4.949  5.370  5.130  5.182  5.139  5.118  5.300  5.024  5.004  4.927  5.043  4.812  4.994  5.243  5.030  5.249  4.954  5.061  5.061  4.956  5.118  4.986  4.989  5.037  5.182
5.811  5.753  5.883  5.879  5.720  5.811  5.838  5.823  5.886  5.861  5.656  5.966  5.858  5.781  5.886  5.718  5.817  5.704  5.914  5.860  5.849  5.808  5.707  5.841  5.778  5.726  5.725  5.513  5.557  5.541  5.631  5.737  5.849  5.708  5.739  5.666  5.659  5.714  5.614  5.583  5.733  5.790
3.466  3.761  3.466  3.401  3.584  3.367  3.459  3.367  3.526  3.664  3.401  3.497  3.611  3.664  3.689  3.497  3.490  3.401  3.497  3.689  3.664  3.497  3.401  3.555  3.466  3.526  3.555  3.497  3.401  3.434  3.466  3.401  3.466  3.434  3.459  3.497  3.332  3.555  3.578  3.570  3.332  3.497
3.709  3.738  3.555  3.611  3.738  3.555  3.578  3.689  3.497  3.850  3.578  3.850  3.761  3.605  3.871  3.638  3.535  3.434  3.664  3.714  3.784  3.555  3.584  3.638  3.434  3.497  3.584  3.434  3.466  3.401  3.555  3.584  3.401  3.360  3.611  3.584  3.584  3.466  3.584  3.497  3.434  3.638
4.736  4.682  4.727  4.726  4.875  4.726  4.754  4.745  4.812  5.045  4.779  4.804  4.762  4.710  4.836  4.654  4.575  4.644  4.852  4.710  4.820  4.718  4.605  4.663  4.893  4.659  4.623  4.580  4.489  4.644  4.673  4.498  4.804  4.654  4.663  4.687  4.554  4.787  4.758  4.543  4.505  4.575
5.106  4.963  4.934  4.963  4.956  5.011  5.328  5.170  5.338  5.243  5.100  5.231  5.209  5.024  5.298  5.075  5.153  4.836  5.303  5.118  5.242  5.175  4.949  5.024  5.170  5.081  5.030  4.889  4.920  5.030  4.916  5.136  5.069  5.223  5.268  5.142  5.159  5.109  4.915  4.828  5.024  5.069
6.839  6.528  6.720  6.685  6.650  6.858  6.635  6.686  6.788  6.891  6.858  6.784  6.737  6.617  6.847  6.612  6.480  6.645  6.756  6.648  6.807  6.719  6.569  6.671  6.560  6.498  6.574  6.627  6.416  6.586  6.604  6.583  6.645  6.544  6.650  6.636  6.637  6.688  6.666  6.591  6.648  6.516
6.468  6.340  6.443  6.367  6.344  6.542  6.504  6.509  6.477  6.581  6.512  6.659  6.435  6.458  6.599  6.397  6.342  6.314  6.615  6.410  6.629  6.410  6.380  6.495  6.310  6.361  6.356  6.336  6.157  6.506  6.413  6.358  6.288  6.221  6.492  6.425  6.477  6.410  6.290  6.265  6.406  6.260
3.332  3.526  3.526  3.434  3.466  3.466  3.651  3.520  3.584  3.689  3.360  3.638  3.664  3.738  3.664  3.526  3.584  3.658  3.846  3.761  3.658  3.526  3.578  3.584  3.332  3.434  3.459  3.526  3.258  3.459  3.367  3.434  3.497  3.367  3.555  3.526  3.555  3.497  3.332  3.401  3.497  3.395
3.258  3.555  3.611  3.367  3.490  3.367  3.466  3.475  3.466  3.466  3.434  3.584  3.750  3.584  3.664  3.497  3.578  3.434  3.664  3.611  3.784  3.475  3.466  3.638  3.367  3.296  3.466  3.367  3.219  3.526  3.434  3.466  3.555  3.401  3.466  3.332  3.401  3.332  3.367  3.434  3.367  3.401
4.220  4.295  4.069  4.317  4.174  4.078  4.234  4.111  4.078  4.231  4.205  4.182  4.344  4.431  4.304  4.127  4.205  4.143  4.284  4.431  4.127  4.060  4.143  4.159  4.004  4.074  4.182  4.135  3.908  4.043  4.174  4.127  4.159  4.078  3.980  4.043  4.025  4.277  4.220  4.263  4.007  4.220
3.932  3.871  3.784  3.912  3.932  3.928  3.795  3.871  3.761  4.060  3.871  3.829  4.025  3.912  4.007  3.871  3.807  3.714  4.143  3.932  3.989  3.850  3.892  3.664  3.861  3.784  3.807  3.784  3.555  3.835  3.664  3.784  3.761  3.761  3.951  3.784  3.689  3.738  3.807  3.989  3.664  3.932
4.331  4.357  4.419  4.344  4.290  4.331  4.454  4.344  4.466  4.454  4.407  4.466  4.477  4.394  4.466  4.304  4.454  4.331  4.328  4.452  4.466  4.443  4.382  4.536  4.344  4.431  4.331  4.190  4.220  4.119  4.382  4.311  4.382  4.331  4.431  4.443  4.431  4.454  4.127  4.197  4.248  4.331
4.952  4.730  4.682  4.828  4.654  4.762  4.769  4.812  4.804  4.828  4.804  4.984  5.063  4.827  5.009  4.745  4.934  4.804  4.890  4.864  4.984  5.011  4.836  4.984  4.754  4.771  4.736  4.554  4.649  4.700  4.804  4.796  4.820  4.787  4.952  4.804  4.796  4.796  4.615  4.682  4.615  4.771
4.341  4.317  4.357  4.263  4.263  4.124  4.220  4.317  4.354  4.443  4.190  4.382  4.464  4.407  4.440  4.331  4.382  4.159  4.428  4.454  4.248  4.227  4.357  4.290  4.315  4.127  4.321  4.224  4.007  4.190  4.304  4.227  4.337  4.376  4.454  4.419  4.190  4.220  4.277  4.238  4.116  4.220
4.043  4.094  4.074  4.025  4.078  4.043  4.025  4.127  4.048  4.190  3.912  3.970  4.277  4.190  4.156  4.007  3.951  4.111  4.069  4.190  4.127  4.025  4.007  4.182  4.025  4.025  3.985  3.989  4.025  4.007  4.043  4.159  4.094  3.989  4.111  4.094  4.007  4.022  4.060  4.111  4.004  4.078
3.951  3.970  4.124  3.970  4.091  3.932  3.942  3.947  4.060  4.094  4.007  4.060  4.060  4.094  4.111  3.912  3.989  3.871  4.078  4.304  4.103  4.013  4.025  3.912  4.007  3.912  3.714  3.738  3.957  3.696  3.951  3.892  3.998  3.970  3.938  4.025  3.867  3.951  3.750  3.932  4.094  3.989
4.775  4.407  4.595  4.804  4.620  4.578  4.357  4.663  4.533  4.727  4.500  4.575  4.615  4.564  4.654  4.382  4.419  4.575  4.654  4.808  4.498  4.431  4.554  4.382  4.419  4.549  4.369  4.454  4.277  4.348  4.410  4.263  4.554  4.585  4.357  4.522  4.317  4.690  4.654  4.394  4.394  4.625
3.871  3.970  4.022  4.127  3.970  3.951  3.871  3.932  4.069  4.078  3.871  3.970  4.234  4.127  4.311  3.951  4.124  3.892  4.443  4.179  4.174  4.078  3.850  3.932  3.871  3.871  3.807  3.985  3.892  3.780  4.007  3.871  4.111  4.025  3.932  3.989  3.932  3.912  3.970  3.912  3.892  3.892
4.205  4.078  4.190  4.290  4.143  4.091  4.078  4.407  4.205  4.205  4.007  4.304  4.190  4.220  4.464  4.187  4.197  4.060  4.277  4.469  4.220  4.060  4.205  4.234  3.970  4.007  4.143  4.057  3.892  3.998  4.171  4.205  4.205  4.060  4.111  4.004  4.124  4.317  3.912  3.951  4.167  4.190
4.727  4.500  4.673  4.718  4.762  4.736  4.564  4.718  4.575  4.820  4.682  4.605  4.796  4.663  4.860  4.522  4.595  4.779  4.652  4.771  4.736  4.710  4.620  4.623  4.434  4.394  4.554  4.527  4.533  4.511  4.673  4.605  4.635  4.554  4.554  4.691  4.625  4.564  4.663  4.663  4.489  4.745
4.331  4.498  4.404  4.290  4.380  4.410  4.331  4.431  4.431  4.443  4.428  4.392  4.466  4.404  4.605  4.248  4.234  4.605  4.382  4.522  4.580  4.431  4.394  4.779  4.263  4.394  4.440  4.348  4.205  4.304  4.304  4.317  4.543  4.498  4.477  4.533  4.533  4.394  4.277  4.382  4.350  4.466
