5.204  4.990  5.173  5.209  5.043  5.147  5.106  5.242  5.231  5.176  5.236  5.220  5.159  5.181  5.182  5.195  4.844  5.118  5.273  5.187  5.193  5.136  5.085  5.043  4.920  4.997  4.984  5.011  4.942  5.040  5.091  4.975  5.106  5.170  5.215  5.129  5.042  5.112  5.017  5.193  4.977  5.108
4.852  4.840  4.721  4.745  4.771  4.673  5.024  4.844  5.043  4.890  4.875  4.920  4.860  4.812  4.913  4.736  4.564  4.585  4.766  4.762  4.820  4.828  4.786  4.913  4.605  4.663  4.743  4.443  4.575  4.659  4.543  4.583  4.625  4.700  4.691  4.662  4.603  4.787  4.552  4.578  4.466  4.623
4.431  4.369  4.511  4.564  4.477  4.382  4.533  4.454  4.557  4.718  4.625  4.489  4.654  4.564  4.593  4.407  4.357  4.220  4.575  4.511  4.615  4.394  4.290  4.549  4.407  4.344  4.156  4.174  4.060  4.248  4.443  4.392  4.382  4.394  4.498  4.248  4.431  4.500  4.357  4.454  4.388  4.410
4.043  3.951  4.025  4.025  4.022  3.970  4.007  4.057  4.111  4.091  4.127  4.007  4.205  4.205  4.231  3.951  3.951  4.007  4.007  4.202  4.205  3.932  3.892  4.143  3.932  3.961  3.846  3.850  3.850  3.932  3.951  4.043  3.970  3.932  3.980  4.025  3.846  3.892  3.807  3.892  3.908  3.908
3.932  3.829  3.989  3.850  3.807  3.839  3.802  3.932  4.074  4.043  3.807  3.912  4.043  3.951  4.132  3.877  3.850  3.892  4.060  4.060  4.111  4.094  3.784  3.807  3.912  3.932  3.761  3.689  3.784  4.127  3.664  4.078  3.892  3.980  4.111  3.829  3.807  3.912  3.780  3.912  3.967  3.912
4.263  3.902  4.357  3.951  4.025  4.060  4.013  4.007  3.928  3.932  4.043  4.190  4.159  4.086  4.202  3.714  4.224  3.829  3.951  4.260  4.078  3.951  3.951  3.951  3.871  4.091  3.912  3.892  3.638  3.829  3.761  4.031  4.159  4.060  4.174  3.784  3.829  3.784  3.850  3.807  3.951  4.007
7.051  7.000  7.010  7.029  7.067  7.040  7.050  6.978  7.012  7.231  7.174  7.168  7.177  7.019  7.153  6.912  6.967  6.946  7.120  7.001  7.114  7.167  7.007  7.066  6.878  6.924  6.886  6.820  6.813  6.891  7.086  7.047  6.957  6.959  7.077  7.005  7.079  6.965  6.935  6.899  6.923  6.960
7.286  7.247  7.226  7.263  7.244  7.288  7.361  7.188  7.204  7.434  7.438  7.355  7.378  7.260  7.412  7.179  7.202  7.119  7.349  7.248  7.399  7.420  7.321  7.358  7.136  7.137  7.196  7.123  7.047  7.173  7.277  7.290  7.134  7.216  7.319  7.227  7.265  7.121  7.191  7.120  7.143  7.095
5.121  4.762  4.934  5.075  4.922  4.883  4.907  4.920  4.844  5.136  4.844  5.063  5.043  4.920  5.081  4.806  4.844  4.700  4.963  5.075  4.970  4.852  4.881  4.836  4.836  4.625  4.820  4.682  4.575  4.673  4.783  4.787  4.898  4.902  4.762  4.843  4.691  4.844  4.868  4.644  4.682  4.787
5.939  5.670  5.908  5.869  5.765  5.846  5.852  5.696  5.759  6.028  5.799  5.905  5.889  5.811  5.823  5.694  5.564  5.635  5.874  5.935  5.765  5.684  5.659  5.733  5.634  5.611  5.697  5.620  5.533  5.645  5.694  5.723  5.687  5.616  5.726  5.684  5.624  5.765  5.832  5.724  5.733  5.779
5.328  4.956  5.265  5.501  5.393  5.283  5.219  5.295  5.231  5.451  5.263  5.455  5.293  5.165  5.352  5.085  5.118  5.165  5.318  5.303  5.405  5.303  5.043  5.081  5.136  5.215  5.030  4.860  4.896  4.926  4.949  5.231  5.263  5.257  5.288  5.257  5.024  5.147  5.182  5.069  5.088  5.153
6.366  6.045  6.378  6.323  6.283  6.397  6.284  6.260  6.230  6.518  6.242  6.418  6.428  6.217  6.384  6.203  6.057  6.006  6.536  6.373  6.133  6.246  6.021  6.122  6.031  5.974  6.085  6.049  5.881  6.109  6.142  6.183  6.240  6.098  6.212  6.107  6.258  6.241  6.168  6.114  6.223  6.150
5.247  5.298  5.147  5.273  5.303  5.162  5.105  5.181  5.153  5.268  5.308  5.231  5.305  5.267  5.308  5.142  5.132  5.066  5.173  5.357  5.241  5.193  5.106  5.361  5.071  5.050  5.011  4.963  4.968  4.975  5.112  5.085  5.074  5.088  5.273  5.142  5.118  5.136  5.230  5.159  5.147  5.088
5.484  5.352  5.439  5.357  5.429  5.393  5.247  5.313  5.425  5.501  5.455  5.481  5.602  5.497  5.460  5.389  5.433  5.398  5.451  5.454  5.333  5.323  5.332  5.460  5.220  5.273  5.389  5.388  5.236  5.273  5.338  5.303  5.398  5.394  5.468  5.407  5.407  5.455  5.328  5.318  5.193  5.308
5.100  4.942  5.075  5.024  5.043  5.037  4.840  4.956  5.063  5.075  5.081  5.017  4.990  5.100  5.004  4.968  4.970  4.942  5.024  5.118  5.072  5.153  5.142  5.204  5.126  5.030  4.947  4.982  4.898  4.929  4.820  4.977  5.081  4.949  5.004  5.030  4.920  4.972  4.940  4.989  5.011  4.860
4.708  4.603  4.673  4.654  4.762  4.700  4.454  4.615  4.710  4.786  4.745  4.727  4.727  4.595  4.717  4.605  4.538  4.598  4.717  4.802  4.771  4.787  4.868  4.883  4.644  4.682  4.585  4.533  4.605  4.605  4.682  4.682  4.613  4.585  4.782  4.762  4.663  4.522  4.559  4.633  4.585  4.522
4.260  4.187  4.111  4.127  4.174  4.248  4.127  4.190  3.951  4.094  3.951  4.277  4.382  4.354  4.394  4.205  4.094  4.328  4.331  4.394  4.344  4.060  4.304  4.174  4.025  4.078  4.043  4.124  4.094  4.007  4.060  4.025  4.127  4.060  4.111  3.989  4.094  4.234  4.159  4.220  4.043  4.127
4.583  4.431  4.437  4.466  4.443  4.585  4.277  4.425  4.331  4.407  4.500  4.464  4.718  4.638  4.625  4.369  4.357  4.416  4.564  4.963  4.554  4.357  4.394  4.527  4.419  4.477  4.357  4.263  4.382  4.263  4.143  4.489  4.469  4.437  4.357  4.331  4.263  4.500  4.477  4.419  4.344  4.401
6.442  6.021  6.051  6.080  6.207  6.192  5.966  6.129  6.162  6.279  6.361  6.263  6.458  6.261  6.273  6.080  6.087  6.133  6.124  6.373  6.114  6.035  6.053  6.168  5.932  6.127  6.023  6.011  5.922  6.000  6.120  5.878  6.089  6.122  6.116  6.236  6.282  6.284  6.249  6.182  5.994  6.052
6.304  6.215  6.064  6.061  6.100  6.129  6.029  6.070  6.163  6.240  6.290  6.282  6.466  6.240  6.331  6.082  6.146  6.146  6.107  6.317  6.068  6.105  6.165  6.230  6.028  6.120  6.103  6.001  6.094  6.001  6.140  5.976  5.989  6.110  6.155  6.211  6.109  6.182  6.200  6.089  5.909  6.047
4.940  4.940  4.977  4.982  4.956  5.043  4.934  4.927  4.949  4.984  4.927  4.956  5.136  5.004  5.133  4.911  4.940  4.905  5.004  5.145  4.980  5.043  5.016  5.036  4.796  4.864  4.820  4.860  4.820  4.858  4.881  4.963  4.956  4.828  4.977  4.970  4.911  4.787  4.904  4.771  4.794  4.970
4.454  4.248  4.367  4.431  4.357  4.331  4.344  4.317  4.486  4.489  4.466  4.464  4.615  4.533  4.431  4.380  4.304  4.663  4.585  4.559  4.500  4.431  4.407  4.477  4.263  4.317  4.317  4.234  4.205  4.489  4.190  4.489  4.466  4.354  4.454  4.449  4.248  4.234  4.248  4.304  4.382  4.431
