3.332  3.178  3.367  3.555  3.401  3.296  3.434  3.497  3.459  3.367  3.211  3.466  3.689  3.526  3.541  3.332  3.526  3.350  3.584  3.658  3.526  3.526  3.466  3.367  3.296  3.401  3.367  3.296  3.219  3.490  3.367  3.411  3.490  3.332  3.296  3.296  3.367  3.367  3.258  3.332  3.258  3.434
3.296  3.178  3.325  3.332  3.332  3.401  3.296  3.497  3.360  3.367  3.135  3.296  3.664  3.714  3.520  3.584  3.367  3.395  3.401  3.664  3.497  3.296  3.466  3.296  3.428  3.367  3.466  3.428  3.332  3.459  3.367  3.401  3.360  3.332  3.466  3.367  3.434  3.367  3.135  3.332  3.296  3.367
3.418  3.466  3.638  3.584  3.428  3.332  3.401  3.497  3.481  3.578  3.428  3.555  3.638  3.490  3.605  3.584  3.434  3.466  3.401  3.658  3.611  3.526  3.497  3.555  3.497  3.459  3.555  3.428  3.497  3.466  3.526  3.466  3.526  3.434  3.555  3.367  3.401  3.466  3.434  3.296  3.444  3.332
3.434  3.526  3.401  3.664  3.325  3.497  3.481  3.497  3.520  3.434  3.178  3.490  3.638  3.526  3.689  3.497  3.526  3.434  3.526  3.738  3.550  3.466  3.367  3.401  3.401  3.555  3.428  3.418  3.466  3.367  3.555  3.497  3.497  3.520  3.367  3.497  3.428  3.541  3.332  3.296  3.490  3.555
5.677  5.515  5.628  5.656  5.489  5.455  5.521  5.455  5.511  5.809  5.609  5.762  5.645  5.583  5.645  5.468  5.380  5.493  5.659  5.710  5.464  5.565  5.452  5.619  5.318  5.270  5.247  5.342  5.204  5.329  5.413  5.389  5.464  5.308  5.499  5.394  5.460  5.513  5.549  5.464  5.371  5.455
6.328  6.196  6.221  6.303  6.168  6.215  6.084  6.155  6.217  6.596  6.397  6.362  6.329  6.192  6.409  6.137  6.039  6.111  6.280  6.347  6.138  6.161  6.102  6.184  5.841  5.980  6.024  6.064  5.938  6.038  6.296  6.011  6.080  6.057  6.144  5.996  6.103  6.202  6.192  6.110  6.159  6.043
3.714  3.807  3.714  3.689  3.689  3.807  3.784  3.829  3.605  3.912  3.738  3.985  4.078  3.807  3.970  3.892  3.784  3.761  3.829  5.142  3.738  3.932  3.738  3.850  3.784  3.632  3.871  3.738  3.638  3.584  3.689  3.689  3.738  3.714  3.555  3.761  3.738  3.466  3.632  3.761  3.611  3.664
3.605  3.611  3.555  3.555  3.611  3.550  3.555  3.611  3.664  3.497  3.584  3.584  3.908  3.850  3.714  3.714  3.584  3.584  3.526  3.584  3.829  3.689  3.555  3.611  3.664  3.555  3.434  3.497  3.288  3.466  3.611  3.638  3.611  3.466  3.584  3.466  3.401  3.434  3.401  3.466  3.526  3.638
3.584  3.466  3.497  3.401  3.434  3.401  3.367  3.428  3.497  3.332  3.434  3.584  3.526  3.638  3.611  3.466  3.367  3.466  3.689  3.638  3.802  3.689  3.332  3.638  3.459  3.258  3.332  3.434  3.258  3.611  3.450  3.638  3.466  3.296  3.434  3.401  3.497  3.434  3.459  3.296  3.288  3.360
3.726  3.497  3.466  3.526  3.497  3.689  3.497  3.555  3.497  3.714  3.395  3.434  3.555  3.526  3.664  3.428  3.401  3.578  3.466  3.664  3.664  3.497  3.497  3.632  3.475  3.550  3.466  3.497  3.367  3.434  3.434  3.459  3.784  3.584  3.395  3.578  3.466  3.401  3.497  3.466  3.526  3.497
4.454  4.234  4.434  4.419  4.369  4.419  4.277  4.263  4.263  4.543  4.331  4.382  4.407  4.277  4.625  4.148  4.234  4.317  4.454  4.588  4.511  4.369  4.263  4.516  4.078  4.143  4.190  4.060  4.143  4.108  4.220  4.369  4.354  4.159  4.304  4.217  4.205  4.290  4.156  4.220  4.277  4.277
4.127  3.888  4.580  4.094  4.220  4.301  4.256  4.190  4.682  4.331  4.357  4.522  4.111  3.967  4.290  4.143  4.025  4.190  4.369  4.654  4.277  3.951  3.912  4.111  4.060  4.031  3.957  3.738  4.040  4.317  3.989  4.357  4.466  4.043  4.025  4.238  4.043  4.111  4.140  3.892  4.234  4.060
3.555  3.664  3.689  3.689  3.714  3.611  3.611  3.658  3.714  3.605  3.611  3.871  3.733  3.902  3.829  3.611  3.611  3.466  3.871  3.807  3.738  3.738  3.638  3.780  3.807  3.638  3.689  3.829  3.761  3.829  3.584  4.164  3.818  3.989  3.902  3.942  3.689  3.658  3.520  3.689  3.555  3.638
3.733  3.428  3.632  3.611  3.689  3.367  3.434  3.584  3.611  3.526  3.481  3.490  3.829  3.645  3.714  3.434  3.761  3.555  3.611  3.761  3.714  3.466  3.584  3.497  3.761  3.526  3.466  3.541  3.466  3.490  3.555  3.611  3.850  3.761  3.807  3.611  3.555  3.638  3.638  3.296  3.584  3.611
5.746  5.671  5.759  5.775  5.728  5.743  5.702  5.598  5.807  5.858  5.798  5.790  5.846  5.768  5.837  5.727  5.617  5.685  5.892  5.939  5.832  5.799  5.775  5.714  5.704  5.766  5.684  5.645  5.501  5.525  5.687  5.635  5.749  5.866  5.762  5.714  5.700  5.730  5.707  5.649  5.679  5.717
4.500  4.407  4.615  4.511  4.613  4.440  4.380  4.633  4.407  4.585  4.573  4.454  4.644  4.543  4.595  4.357  4.466  4.466  4.533  4.866  4.554  4.700  4.796  4.875  4.595  4.341  4.477  4.407  4.344  4.394  4.382  4.489  4.677  4.573  4.489  4.443  4.443  4.454  4.431  4.382  4.382  4.407
3.932  3.989  4.094  4.040  4.127  3.976  4.094  3.995  4.078  4.043  3.970  4.094  4.094  4.111  4.248  4.007  4.091  3.970  4.234  4.263  4.190  4.094  3.951  4.108  3.892  3.850  3.951  3.871  3.951  3.892  3.850  3.980  4.078  3.951  4.317  3.928  3.871  3.932  3.989  3.745  3.932  3.957
4.394  4.234  4.202  4.392  4.248  4.220  4.143  4.143  4.248  4.369  4.331  4.367  4.431  4.388  4.538  4.270  4.234  4.297  4.585  4.376  4.428  4.328  4.135  4.498  4.025  4.156  4.143  4.078  4.127  4.094  4.263  4.159  4.248  4.263  4.260  4.220  4.167  4.443  4.260  4.187  4.111  4.317
3.401  3.296  3.434  3.526  3.367  3.367  3.466  3.466  3.428  3.584  3.258  3.512  3.638  3.611  3.459  3.450  3.584  3.459  3.638  3.555  3.466  3.526  3.434  3.434  3.497  3.459  3.555  3.401  3.178  3.555  3.296  3.689  3.597  3.490  3.555  3.497  3.526  3.490  3.434  3.367  3.555  3.512
3.459  3.332  3.428  3.434  3.497  3.526  3.434  3.434  3.395  3.481  3.211  3.512  3.658  3.664  3.526  3.428  3.434  3.459  3.684  3.611  3.434  3.578  3.411  3.434  3.434  3.332  3.497  3.526  3.401  3.401  3.466  3.689  3.288  3.367  3.434  3.466  3.401  3.411  3.296  3.258  3.288  3.466
3.951  3.761  3.989  3.784  3.912  3.892  3.638  3.829  3.761  3.989  3.784  3.871  4.025  3.951  4.111  3.738  3.970  4.007  4.043  4.357  4.057  4.025  3.932  3.989  3.829  3.932  3.850  3.829  3.738  3.829  3.951  3.738  3.761  3.807  3.850  3.932  3.784  3.807  3.850  3.908  3.714  3.908
3.989  3.942  4.111  4.007  4.025  3.932  3.850  4.060  3.932  4.052  4.043  3.967  4.060  4.043  4.174  3.829  3.951  4.007  4.248  4.489  4.263  3.871  3.970  3.989  3.932  3.912  3.932  4.007  3.829  3.829  4.043  3.714  3.970  4.094  3.967  3.850  3.738  3.846  4.094  3.912  3.807  3.932
