3.938  3.638  3.912  3.892  3.714  3.892  3.738  4.007  3.892  4.111  3.784  3.912  3.850  3.892  3.989  3.807  3.850  3.839  4.111  4.025  3.970  3.871  3.784  3.807  3.757  3.829  3.526  3.664  3.584  3.761  3.912  3.871  3.761  3.829  3.761  3.696  3.761  3.689  3.733  3.773  3.784  3.912
4.718  4.413  4.605  4.477  4.369  4.443  4.454  4.595  4.603  4.705  4.559  4.489  4.431  4.522  4.730  4.533  4.357  4.394  4.500  4.727  4.477  4.443  4.331  4.575  4.454  4.434  4.317  4.357  4.248  4.263  4.404  4.407  4.543  4.575  4.505  4.466  4.295  4.369  4.407  4.357  4.472  4.394
4.956  4.812  4.970  4.875  4.717  4.828  4.765  4.852  4.700  4.893  4.736  4.894  4.922  4.828  4.990  4.762  4.691  4.745  4.885  4.949  4.796  4.680  4.712  4.727  4.718  4.511  4.635  4.466  4.452  4.522  4.804  4.752  4.836  4.762  4.743  4.691  4.640  4.771  4.564  4.663  4.642  4.663
3.535  3.584  3.664  3.807  3.526  3.555  3.526  3.526  3.584  3.664  3.401  3.611  3.850  3.784  3.871  3.757  3.664  3.466  3.714  3.664  3.611  3.526  3.520  3.761  3.497  3.664  3.584  3.664  3.466  3.497  3.401  3.638  3.638  3.584  3.584  3.466  3.466  3.466  3.434  3.632  3.784  3.497
4.736  4.625  4.885  4.727  4.554  4.718  4.741  4.682  4.682  4.836  4.765  4.727  4.771  4.575  4.779  4.856  4.575  4.682  4.787  4.691  4.836  4.832  4.934  5.037  4.575  4.654  4.804  4.466  4.520  4.533  4.732  4.533  4.727  4.605  4.578  4.595  4.730  4.407  4.564  4.431  4.454  4.585
6.441  6.227  6.312  6.260  6.328  6.402  6.411  6.466  6.467  6.591  6.512  6.578  6.552  6.472  6.562  6.356  6.284  6.238  6.461  6.372  6.325  6.319  6.357  6.361  6.349  6.405  6.277  6.328  6.089  6.254  6.358  6.256  6.205  6.422  6.382  6.377  6.339  6.374  6.232  6.332  6.241  6.232
5.796  5.565  5.602  5.497  5.652  5.684  5.697  5.743  5.720  5.990  5.841  5.877  5.958  5.670  5.820  5.700  5.631  5.620  5.861  5.673  5.724  5.700  5.700  5.700  5.561  5.652  5.601  5.619  5.412  5.537  5.631  5.485  5.147  5.595  5.746  5.652  5.628  5.631  5.631  5.652  5.278  5.635
4.942  4.934  4.771  4.890  4.852  4.804  4.956  4.905  4.844  5.100  5.198  5.016  5.047  4.877  4.961  4.862  4.977  4.875  5.026  4.920  4.963  4.956  4.945  5.009  4.911  4.940  4.796  4.796  4.644  4.820  4.756  4.771  4.419  4.934  4.940  4.890  4.804  4.843  4.875  4.794  4.710  4.754
5.283  5.103  5.124  5.176  5.260  4.942  5.004  5.063  5.420  5.424  5.298  5.431  5.277  5.088  5.259  4.984  5.218  5.094  5.209  5.159  5.204  5.004  5.091  5.283  5.024  5.198  4.926  4.860  4.820  5.011  4.929  4.804  4.860  4.920  5.164  4.970  4.866  5.006  5.124  4.926  5.093  4.913
4.691  4.500  4.654  4.700  4.600  4.575  4.663  4.522  4.635  4.879  4.727  4.690  4.605  4.654  4.831  4.489  4.407  4.625  4.730  4.816  4.700  4.595  4.570  4.578  4.500  4.538  4.392  4.407  4.331  4.367  4.369  4.382  4.615  4.511  4.782  4.477  4.511  4.460  4.449  4.431  4.354  4.466
4.635  4.492  4.500  4.575  4.317  4.511  4.635  4.498  4.613  4.787  4.583  4.718  4.466  4.554  4.628  4.394  4.533  4.477  4.552  4.595  4.812  4.644  4.500  4.564  4.533  4.431  4.431  4.416  4.388  4.466  4.304  4.477  4.498  4.477  4.564  4.475  4.277  4.357  4.431  4.443  4.308  4.431
4.407  4.419  4.407  4.331  4.127  4.357  4.317  4.317  4.583  4.416  4.458  4.317  4.317  4.407  4.437  4.143  4.317  4.227  4.449  4.522  4.595  4.520  4.094  4.682  4.317  4.234  4.220  4.227  4.132  4.290  4.127  4.431  4.174  4.277  4.295  4.248  4.277  4.248  4.324  4.248  4.253  4.205
4.369  4.472  4.317  4.315  4.263  4.407  4.522  4.407  4.431  4.419  4.369  4.416  4.419  4.369  4.580  4.431  4.428  4.388  4.419  4.469  4.564  4.477  4.419  4.466  4.205  4.263  4.475  4.401  4.277  4.171  4.234  4.290  4.357  4.489  4.454  4.315  4.564  4.217  4.284  4.248  4.369  4.454
4.443  4.440  4.304  4.392  4.369  4.382  4.511  4.522  4.522  4.317  4.290  4.543  4.522  4.407  4.585  4.585  4.401  4.466  4.585  4.605  4.700  4.585  4.625  4.489  4.407  4.477  4.489  4.335  4.454  4.290  4.454  4.431  4.317  4.407  4.477  4.431  4.466  4.248  4.263  4.419  4.304  4.543
4.625  4.671  4.710  4.595  4.575  4.554  4.317  4.419  4.331  4.543  4.469  4.317  4.727  4.522  4.593  4.443  4.554  4.357  4.527  4.543  4.357  4.263  4.354  4.603  4.174  4.466  4.263  4.277  4.354  4.331  4.431  4.401  4.419  4.357  4.431  4.554  4.290  4.331  4.341  4.500  4.220  4.466
4.174  4.190  3.970  4.111  4.190  4.043  4.078  3.951  4.091  4.234  3.951  4.277  4.290  4.277  4.369  3.989  4.127  4.034  4.246  4.220  4.440  4.159  4.151  4.354  4.043  4.025  4.119  3.912  3.892  3.970  4.234  4.143  4.094  4.234  4.091  4.220  4.143  3.970  4.040  4.094  4.025  4.205
3.829  3.738  3.850  3.850  3.807  3.795  3.638  3.850  3.761  3.807  3.829  3.871  3.761  4.074  4.043  3.784  3.738  3.932  3.967  4.007  3.989  3.932  4.040  3.989  3.645  3.757  3.664  3.584  3.709  3.689  3.638  3.689  3.902  3.714  3.761  3.813  3.684  3.850  3.709  3.664  3.664  3.784
3.888  3.829  3.871  3.898  3.784  3.912  3.761  3.871  3.761  3.912  3.912  3.892  4.007  4.074  4.094  3.738  3.829  3.928  3.932  4.025  4.060  3.951  3.970  3.989  3.664  3.689  3.738  3.750  3.611  3.611  3.951  3.738  3.892  3.714  3.871  3.807  3.829  3.738  3.850  3.497  3.761  3.714
4.984  4.898  4.956  4.997  4.868  4.890  4.812  4.934  5.011  4.949  4.852  4.940  5.039  4.984  5.165  4.839  4.931  4.929  4.992  5.165  5.037  4.990  4.942  4.997  4.775  4.691  4.736  4.736  4.727  4.718  4.787  4.691  4.896  4.905  4.990  4.890  4.898  4.808  4.847  4.881  4.700  4.836
4.570  4.595  4.682  4.852  4.533  4.477  4.489  4.673  4.500  4.762  4.564  4.787  4.804  4.771  4.787  4.394  4.533  4.618  4.786  4.828  4.654  4.635  4.593  4.708  4.341  4.673  4.466  4.554  4.511  4.380  4.489  4.344  4.522  4.633  4.613  4.682  4.570  4.644  4.509  4.486  4.454  4.625
4.419  4.489  4.509  4.570  4.543  4.466  4.419  4.407  4.419  4.659  4.489  4.505  4.635  4.564  4.663  4.394  4.419  4.554  4.615  4.585  4.575  4.431  4.500  4.682  4.220  4.281  4.431  4.220  4.263  4.466  4.234  4.443  4.416  4.522  4.511  4.472  4.331  4.509  4.331  4.335  4.205  4.443
4.016  3.871  4.060  3.970  3.989  3.989  4.022  4.057  4.094  4.270  4.159  4.159  4.284  4.174  4.489  4.022  4.048  4.143  4.159  4.263  4.277  4.025  3.912  4.159  3.932  3.761  3.912  4.091  3.892  3.932  3.989  4.078  4.043  3.932  4.025  3.976  3.829  4.034  3.951  4.103  3.951  3.928
