4.277  4.004  4.086  4.143  4.007  4.078  4.290  4.159  4.124  4.248  3.951  4.127  4.277  4.357  4.248  4.143  4.007  3.989  4.344  4.331  4.127  4.174  4.043  4.143  4.025  4.111  3.871  3.951  3.932  3.892  3.970  3.951  4.143  4.040  4.043  4.043  3.947  4.331  4.060  3.947  4.040  4.040
4.654  4.454  4.615  4.585  4.538  4.554  4.541  4.466  4.605  4.668  4.635  4.663  4.804  4.564  4.710  4.527  4.543  4.585  4.730  4.673  4.727  4.630  4.533  4.543  4.533  4.357  4.440  4.380  4.369  4.308  4.492  4.454  4.477  4.557  4.533  4.348  4.522  4.357  4.466  4.369  4.369  4.443
5.252  5.043  5.037  5.176  4.994  5.050  5.333  5.193  5.198  5.375  5.225  5.283  5.333  5.100  5.303  5.182  5.236  5.088  5.308  5.468  5.361  5.455  5.293  5.389  5.295  5.117  5.159  5.017  5.043  5.273  5.075  5.293  5.106  5.293  5.373  5.278  5.203  5.195  5.124  5.050  5.074  5.100
4.682  4.394  4.263  4.559  4.363  4.394  4.615  4.564  4.489  4.700  4.500  4.615  4.595  4.431  4.533  4.552  4.477  4.382  4.564  4.654  4.682  4.511  4.419  4.466  4.654  4.575  4.398  4.407  4.171  4.361  4.452  4.734  4.575  4.712  4.769  4.673  4.437  4.585  4.635  4.344  4.443  4.522
4.754  4.700  4.575  4.700  4.615  4.804  4.663  4.727  4.625  4.956  4.736  4.990  4.951  4.836  4.874  4.714  4.690  4.699  4.700  4.754  4.779  4.727  4.633  4.762  4.673  4.511  4.585  4.522  4.489  4.585  4.608  4.694  4.443  4.605  4.787  4.635  4.687  4.595  4.489  4.522  4.511  4.615
5.063  4.875  4.909  4.920  4.879  4.900  4.836  4.956  4.771  5.118  4.898  5.182  5.030  4.970  5.081  4.875  4.804  4.812  4.828  4.942  5.056  4.970  4.890  4.852  4.848  4.710  4.745  4.727  4.727  4.736  4.804  4.820  4.835  4.812  4.804  4.887  4.794  4.828  4.852  4.812  4.727  4.779
3.526  3.367  3.466  3.466  3.584  3.490  3.367  3.466  3.367  3.584  3.466  3.584  3.761  3.611  3.761  3.497  3.434  3.434  3.497  3.584  3.526  3.605  3.475  3.664  3.664  3.526  3.526  3.466  3.367  3.497  3.434  3.490  3.555  3.434  3.296  3.428  3.434  3.367  3.466  3.428  3.135  3.466
3.367  3.332  3.466  3.466  3.332  3.367  3.367  3.526  3.401  3.367  3.258  3.497  3.658  3.611  3.689  3.434  3.466  3.401  3.466  3.807  3.555  3.526  3.395  3.497  3.434  3.367  3.466  3.325  3.296  3.434  3.332  3.520  3.466  3.332  3.434  3.526  3.332  3.332  3.401  3.296  3.360  3.584
4.443  4.127  4.357  4.500  4.419  4.357  4.182  4.060  4.060  4.234  4.060  4.159  4.363  4.331  4.369  4.078  4.143  4.143  4.290  4.315  4.290  4.143  4.025  4.159  3.989  3.970  3.970  3.970  4.111  3.951  4.091  3.970  4.277  4.007  4.025  4.103  4.094  3.932  4.060  4.004  3.985  4.094
4.440  4.317  4.331  4.691  4.543  4.500  4.171  4.290  4.159  4.382  4.331  4.328  4.613  4.454  4.500  4.217  4.205  4.277  4.369  4.514  4.205  4.220  4.205  4.234  4.174  4.127  4.159  4.156  3.989  4.143  4.220  4.159  4.277  4.234  4.143  4.248  4.174  4.274  4.297  4.043  4.234  4.304
4.344  4.043  4.454  4.401  4.380  4.187  4.446  4.151  4.749  4.530  4.127  4.466  4.304  4.220  4.498  4.078  4.220  4.263  4.263  4.567  4.500  4.094  4.143  4.344  4.317  4.187  4.205  4.483  4.094  3.989  3.985  4.220  4.290  4.143  4.220  4.140  4.007  4.140  4.074  4.190  4.363  4.263
4.812  4.382  4.875  5.004  4.881  4.644  4.898  4.673  5.811  5.324  4.828  5.047  4.734  4.511  5.488  4.382  4.598  4.718  4.779  5.075  4.779  4.559  4.431  5.204  4.663  4.317  4.290  5.185  4.585  4.595  4.394  4.794  4.875  4.382  4.812  4.489  4.234  4.466  4.394  4.543  5.244  4.590
5.887  5.678  5.677  5.613  5.677  5.662  5.673  5.613  5.737  5.845  5.775  5.741  5.866  5.783  5.777  5.583  5.855  5.690  5.613  5.809  5.756  5.739  5.680  5.704  5.466  5.724  5.582  5.509  5.505  5.505  5.673  5.619  5.687  5.666  5.771  5.707  5.694  5.652  5.690  5.604  5.521  5.521
5.293  5.242  5.247  5.193  5.233  5.112  5.297  5.198  5.226  5.207  5.447  5.225  5.380  5.236  5.252  5.135  5.235  5.124  5.106  5.255  5.407  5.242  5.063  5.377  4.977  5.207  5.112  5.063  5.085  5.209  5.099  5.106  5.009  5.030  5.273  5.204  4.984  5.091  5.080  5.156  5.061  4.970
3.932  3.932  3.989  4.007  3.892  4.007  3.989  4.159  4.043  4.094  3.967  4.159  4.274  4.190  4.143  3.951  4.025  4.043  4.187  4.111  4.297  4.078  3.912  4.190  4.022  3.912  4.066  3.871  3.932  3.784  4.004  3.989  3.912  4.040  4.060  4.060  3.932  3.932  3.871  3.761  3.989  4.052
4.143  4.043  4.143  4.159  4.007  4.060  4.341  4.111  3.985  4.205  4.174  4.256  4.202  4.248  4.317  4.094  4.143  4.190  4.190  4.220  4.317  4.205  4.190  4.205  4.025  3.932  4.159  3.892  4.127  3.951  3.995  4.190  4.078  4.140  4.205  4.205  4.078  4.108  4.091  3.912  4.025  4.164
5.384  5.382  5.502  5.464  5.394  5.389  5.340  5.263  5.493  5.462  5.455  5.523  5.527  5.398  5.472  5.263  5.509  5.313  5.451  5.591  5.519  5.481  5.455  5.517  5.493  5.403  5.397  5.165  5.340  5.357  5.257  5.366  5.464  5.480  5.486  5.442  5.277  5.300  5.220  5.250  5.338  5.346
6.082  5.961  5.864  5.981  5.900  5.924  5.984  5.961  5.971  5.974  5.841  5.903  6.080  5.905  6.089  5.811  6.066  5.861  6.038  6.144  6.078  6.116  5.961  6.105  5.846  5.881  5.825  5.714  5.814  5.849  5.914  5.903  5.894  5.945  6.016  5.996  5.914  5.813  5.861  5.855  5.826  5.884
6.511  6.296  6.724  6.409  6.504  6.454  6.182  6.622  6.468  6.537  6.497  6.479  6.446  6.452  6.719  6.265  6.227  6.673  6.667  6.655  6.498  6.293  6.370  6.637  6.273  6.215  6.342  6.339  6.099  6.364  6.221  6.194  6.609  6.420  6.370  6.373  6.389  6.681  6.721  6.562  6.505  6.572
6.777  6.586  6.974  6.711  6.768  6.782  6.624  6.719  6.839  6.834  6.898  6.736  6.758  6.753  7.038  6.692  6.605  7.013  6.889  6.851  6.771  6.662  6.736  7.038  6.611  6.433  6.608  6.555  6.442  6.755  6.506  6.612  6.864  6.683  6.638  6.732  6.564  6.942  6.908  6.743  6.758  6.724
4.874  4.736  4.703  4.844  4.663  4.787  4.663  4.942  4.787  4.815  4.868  4.794  4.868  4.831  4.889  4.717  4.843  4.700  4.905  4.890  4.997  4.564  4.752  4.836  4.710  4.543  4.752  4.654  4.464  4.610  4.723  4.771  4.815  4.898  4.883  4.836  4.727  4.769  4.771  4.727  4.771  4.522
4.205  4.078  4.156  4.078  4.043  4.043  4.052  4.174  4.205  4.267  4.159  4.241  4.290  4.328  4.466  4.124  4.143  4.187  4.324  4.440  4.382  4.277  4.078  4.317  4.194  4.066  4.022  4.127  3.989  4.127  3.985  4.174  4.288  4.086  4.190  4.143  4.060  4.197  4.304  4.007  4.143  4.094
