3.932  3.867  3.761  3.784  3.829  3.761  3.967  3.807  3.892  3.892  3.638  3.871  3.951  3.871  4.007  3.714  3.761  3.709  3.829  3.970  3.942  3.829  3.761  3.871  3.757  3.738  3.835  3.784  3.664  3.555  3.738  3.784  3.761  3.684  3.784  3.773  3.584  3.761  3.526  3.689  3.761  3.733
4.489  4.290  4.317  4.357  4.511  4.605  4.440  4.500  4.588  4.677  4.431  4.533  4.593  4.407  4.573  4.654  4.354  4.288  4.511  4.575  4.500  4.357  4.382  4.428  4.443  4.290  4.317  4.363  4.220  4.263  4.373  4.344  4.505  4.248  4.443  4.489  4.220  4.331  4.263  4.290  4.304  4.331
3.332  3.466  3.497  3.367  3.466  3.178  3.466  3.401  3.434  3.526  3.258  3.434  3.497  3.434  3.526  3.332  3.555  3.296  3.332  3.578  3.605  3.466  3.434  3.611  3.296  3.466  3.526  3.332  3.434  3.219  3.395  3.466  3.296  3.434  3.401  3.296  3.367  3.434  3.332  3.401  3.350  3.367
3.466  3.466  3.497  3.296  3.401  3.401  3.497  3.332  3.401  3.401  3.434  3.555  3.555  3.578  3.611  3.497  3.466  3.450  3.555  3.689  3.584  3.611  3.466  3.434  3.360  3.497  3.434  3.367  3.367  3.219  3.367  3.459  3.466  3.401  3.497  3.332  3.367  3.401  3.367  3.367  3.332  3.497
3.401  3.555  3.506  3.401  3.296  3.611  3.434  3.434  3.526  3.434  3.296  3.497  3.611  3.611  3.584  3.466  3.497  3.497  3.395  3.638  3.611  3.434  3.434  3.490  3.332  3.444  3.428  3.555  3.584  3.378  3.466  3.428  3.526  3.497  3.466  3.428  3.296  3.401  3.332  3.466  3.332  3.434
3.506  3.466  3.466  3.490  3.428  3.332  3.497  3.466  3.466  3.597  3.296  3.367  3.526  3.497  3.570  3.555  3.584  3.401  3.605  3.714  3.584  3.526  3.555  3.555  3.481  3.332  3.434  3.555  3.395  3.434  3.466  3.497  3.611  3.466  3.395  3.401  3.434  3.401  3.367  3.526  3.332  3.367
3.434  3.296  3.332  3.459  3.367  3.296  3.367  3.526  3.459  3.497  3.296  3.497  3.526  3.466  3.555  3.332  3.296  3.497  3.434  3.592  3.555  3.466  3.332  3.555  3.497  3.395  3.401  3.428  3.258  3.332  3.434  3.367  3.490  3.401  3.466  3.434  3.434  3.401  3.367  3.258  3.434  3.466
3.401  3.332  3.555  3.584  3.555  3.466  3.332  3.434  3.497  3.638  3.325  3.434  3.611  3.658  3.550  3.466  3.466  3.550  3.497  3.605  3.689  3.555  3.428  3.555  3.401  3.332  3.526  3.401  3.296  3.555  3.434  3.497  3.367  3.360  3.497  3.367  3.520  3.459  3.466  3.360  3.332  3.466
3.664  3.611  3.541  3.526  3.584  3.721  3.584  3.733  3.638  3.726  3.664  3.709  3.584  3.611  3.989  3.555  3.664  3.638  3.632  3.807  3.611  3.689  3.434  3.714  3.638  3.526  3.526  3.490  3.497  3.506  3.664  3.664  3.555  3.584  3.526  3.578  3.367  3.520  3.605  3.401  3.638  3.497
3.850  3.738  3.807  3.761  3.689  3.784  3.714  3.824  3.807  3.912  3.784  3.871  3.784  3.818  4.031  3.638  3.664  3.867  3.989  3.908  3.738  3.738  3.714  3.738  3.738  3.555  3.761  3.689  3.555  3.555  3.932  3.738  3.638  3.664  3.689  3.829  3.611  3.761  3.709  3.733  3.584  3.664
4.074  4.043  4.187  4.304  4.220  4.174  4.190  4.248  4.127  4.234  4.043  4.171  4.277  4.367  4.277  4.290  4.127  4.043  4.205  4.304  4.148  4.111  4.143  4.171  4.151  3.951  4.043  3.932  3.784  3.871  4.043  4.127  4.043  4.007  3.989  4.025  4.007  4.111  4.190  4.007  4.078  4.143
3.867  3.761  4.043  3.932  3.850  3.871  3.738  3.932  3.714  3.908  3.850  3.892  3.989  4.043  3.892  3.761  3.813  3.784  3.989  3.850  3.807  3.829  3.850  4.004  3.638  3.714  3.877  3.733  3.526  3.714  3.912  3.912  3.871  3.738  3.989  3.912  3.738  3.780  3.761  3.829  3.584  3.807
4.043  4.263  3.989  4.078  4.025  3.850  3.912  3.892  3.850  4.111  4.025  4.007  4.078  4.135  4.143  4.025  4.060  4.043  3.989  4.060  4.174  4.111  3.951  3.989  3.989  3.882  4.048  3.871  3.761  3.850  4.043  3.951  3.951  3.912  3.961  3.932  4.132  4.159  4.025  3.951  4.007  4.159
3.912  3.850  3.970  3.807  3.784  3.829  3.714  3.989  3.611  3.761  3.761  3.947  3.850  3.970  3.850  3.784  3.738  3.932  3.912  4.007  3.932  3.555  3.638  3.664  3.611  3.624  3.689  3.750  3.466  3.757  3.761  3.829  3.829  3.850  3.696  3.784  3.780  3.658  3.761  3.761  3.689  3.802
4.025  3.784  4.220  3.967  3.892  3.989  3.892  3.932  4.363  3.970  3.976  3.989  4.025  4.040  4.301  3.912  3.967  3.970  4.190  4.263  4.143  4.078  3.928  4.108  4.094  3.761  3.892  3.961  3.892  4.043  3.871  4.500  4.043  3.947  4.060  3.951  3.846  4.078  3.985  3.970  3.813  4.961
3.892  3.829  3.932  3.829  3.850  3.871  3.850  3.912  4.025  3.912  3.998  3.892  3.951  3.970  4.004  3.714  3.850  3.970  3.989  4.190  4.182  3.989  3.813  3.892  4.151  3.761  3.861  3.829  3.578  3.970  3.912  3.850  3.892  3.912  4.025  3.807  3.807  3.738  3.846  3.892  3.638  3.970
3.367  3.367  3.367  3.428  3.332  3.401  3.367  3.555  3.497  3.401  3.332  3.466  3.526  3.497  3.611  3.332  3.401  3.367  3.645  3.497  3.296  3.497  3.219  3.466  3.434  3.343  3.401  3.219  3.466  3.378  3.219  3.497  3.584  3.332  3.325  3.325  3.332  3.367  3.401  3.401  3.219  3.332
3.401  3.401  3.296  3.288  3.332  3.367  3.258  3.395  3.466  3.367  3.211  3.526  3.401  3.490  3.714  3.367  3.434  3.296  3.605  3.584  3.490  3.459  3.367  3.367  3.401  3.178  3.401  3.258  3.332  3.466  3.258  3.401  3.332  3.466  3.459  3.367  3.401  3.296  3.219  3.395  3.367  3.135
4.522  4.407  4.615  4.682  4.516  4.477  4.357  4.466  4.419  4.500  4.407  4.575  4.498  4.489  4.605  4.190  4.324  4.357  4.673  4.585  4.615  4.452  4.419  4.317  4.541  4.407  4.263  4.248  4.143  4.205  4.382  4.431  4.727  4.625  4.357  4.277  4.260  4.595  4.369  4.317  4.382  4.500
3.401  3.367  3.401  3.296  3.332  3.325  3.401  3.466  3.434  3.367  3.401  3.434  3.555  3.526  3.689  3.520  3.526  3.332  3.497  3.578  3.584  3.459  3.367  3.497  3.638  3.497  3.459  3.332  3.367  3.401  3.367  3.466  3.497  3.401  3.520  3.258  3.466  3.401  3.367  3.296  3.459  3.526
5.257  5.075  5.075  5.242  5.214  5.081  5.030  5.118  4.942  5.215  5.142  5.118  5.298  5.198  5.244  5.080  4.963  5.100  5.407  5.273  5.328  5.106  5.042  4.997  4.970  4.949  5.063  5.024  4.828  4.905  5.176  5.009  5.147  5.118  5.124  4.963  5.069  5.118  5.162  5.050  4.990  5.112
3.584  3.584  3.664  3.434  3.684  3.664  3.555  3.584  3.555  3.638  3.360  3.638  3.689  3.738  3.867  3.434  3.550  3.757  3.733  3.795  3.689  3.555  3.520  3.555  3.526  3.332  3.367  3.555  3.466  3.526  3.584  3.664  3.714  3.497  3.497  3.466  3.466  3.773  3.584  3.450  3.332  3.664
