4.718  4.575  4.644  4.644  4.727  4.615  4.489  4.700  4.585  4.868  4.673  4.771  4.771  4.852  4.718  4.820  4.511  4.522  4.685  4.812  4.745  4.533  4.620  4.745  4.554  4.466  4.511  4.443  4.361  4.331  4.538  4.454  4.585  4.466  4.533  4.635  4.554  4.745  4.585  4.682  4.454  4.605
5.075  4.852  4.942  4.927  4.844  4.970  4.934  4.883  4.956  5.130  4.868  4.949  5.147  5.075  5.011  5.063  4.812  4.966  5.024  5.064  5.056  4.959  4.927  5.069  4.854  4.850  4.745  4.748  4.554  4.700  4.820  4.815  4.970  4.927  4.927  5.009  4.984  4.970  4.852  4.905  4.868  5.080
5.252  5.140  5.142  5.182  5.257  5.263  5.277  5.225  5.242  5.513  5.357  5.273  5.313  5.312  5.352  5.252  5.198  5.142  5.361  5.297  5.147  5.366  5.198  5.288  5.288  5.088  5.143  4.979  5.039  5.112  5.268  5.011  5.207  5.142  5.291  5.176  5.159  5.236  5.307  5.226  5.117  5.303
4.949  4.749  4.644  4.673  4.700  4.748  4.860  4.887  4.860  4.890  4.852  4.820  4.875  4.754  4.754  4.654  4.605  4.680  4.787  4.866  4.879  4.844  4.654  4.812  4.700  4.659  4.677  4.543  4.494  4.575  4.754  4.630  4.723  4.564  4.726  4.595  4.710  4.700  4.605  4.595  4.543  4.844
4.787  4.525  4.920  4.700  4.691  4.718  4.489  4.745  4.673  4.691  4.635  4.732  4.920  4.752  4.920  4.723  4.489  4.736  4.852  4.970  4.663  4.588  4.615  4.585  4.605  4.691  4.543  4.543  4.477  4.564  4.543  4.635  4.682  4.443  4.575  4.615  4.585  4.765  4.663  4.562  4.489  4.745
5.298  5.003  5.371  5.139  5.069  5.380  5.159  5.293  5.187  5.388  5.159  5.352  5.352  5.268  5.416  5.434  5.124  5.263  5.318  5.347  5.462  5.147  5.318  5.200  5.212  5.247  5.255  5.043  4.949  5.050  5.260  5.273  5.170  5.142  5.162  5.193  5.118  5.325  5.118  5.142  5.220  5.147
4.159  4.111  4.025  4.182  4.190  4.205  4.190  4.277  4.234  4.194  3.970  4.148  4.220  4.248  4.297  4.263  4.078  4.004  4.290  4.220  4.234  4.127  4.078  4.094  3.970  4.052  4.043  4.190  3.970  3.951  4.007  4.025  4.007  4.043  3.980  4.060  4.187  4.074  4.111  4.078  4.060  3.989
3.970  3.985  4.060  4.060  3.970  4.025  4.043  4.094  4.111  4.022  4.013  4.007  4.205  4.007  4.025  4.025  3.951  3.871  4.094  4.190  4.174  4.060  4.127  4.174  3.970  3.902  3.892  4.060  3.850  3.932  3.970  3.912  3.888  3.970  4.025  4.025  4.007  3.882  3.932  3.970  3.871  3.976
6.174  6.139  6.047  6.064  6.161  6.278  6.163  6.071  6.212  6.240  6.365  6.221  6.279  6.182  6.312  6.121  6.066  6.131  6.129  6.088  6.258  6.168  6.190  6.304  6.176  6.180  6.236  6.368  6.265  6.397  6.103  6.066  5.866  6.089  6.098  6.066  6.058  6.139  6.172  6.098  5.949  5.989
4.949  5.063  4.905  4.979  4.977  5.017  5.017  4.956  5.063  5.214  5.112  5.029  5.182  5.100  5.112  4.942  4.999  4.977  5.066  4.996  5.175  5.063  5.115  5.251  4.890  4.794  4.920  4.927  4.905  5.081  5.086  4.913  4.913  4.956  4.920  4.934  4.963  4.919  4.942  4.963  4.771  4.836
3.497  3.526  3.638  3.578  3.497  3.332  3.584  3.584  3.689  3.584  3.401  3.611  3.714  3.497  3.714  3.584  3.638  3.555  3.520  3.611  3.696  3.611  3.526  3.497  3.526  3.296  3.611  3.611  3.434  3.401  3.555  3.466  3.611  3.584  3.401  3.497  3.526  3.664  3.555  3.497  3.434  3.611
3.506  3.689  3.611  3.578  3.526  3.541  3.611  3.584  3.709  3.784  3.360  3.714  3.780  3.555  3.761  3.512  3.658  3.497  3.738  3.780  3.714  3.761  3.638  3.555  3.689  3.578  3.526  3.638  3.434  3.611  3.638  3.401  3.638  3.466  3.584  3.526  3.605  3.664  3.584  3.497  3.418  3.807
3.367  3.466  3.578  3.584  3.555  3.550  3.434  3.584  3.526  3.664  3.611  3.784  3.867  3.829  3.714  3.555  3.714  3.584  3.867  3.761  3.761  3.638  3.664  3.761  3.497  3.550  3.497  3.401  3.434  3.664  3.401  3.550  3.714  3.401  3.526  3.578  3.638  3.466  3.466  3.401  3.466  3.466
3.611  3.750  3.497  3.611  3.611  3.466  3.714  3.738  3.738  3.761  3.632  3.714  3.761  3.714  3.784  3.541  3.689  3.689  3.714  3.892  3.970  3.807  3.689  3.784  3.466  3.555  3.714  3.611  3.555  3.526  3.738  3.738  3.497  3.605  3.526  3.701  3.526  3.520  3.570  3.526  3.466  3.689
3.550  3.611  3.726  3.611  3.535  3.555  3.550  3.611  3.761  3.664  3.584  3.658  3.892  3.807  3.871  3.555  3.611  3.497  3.951  3.888  3.892  3.761  3.638  3.871  3.497  3.584  3.401  3.555  3.434  3.664  3.497  3.466  3.721  3.584  3.526  3.466  3.526  3.541  3.401  3.555  3.645  3.638
3.611  3.526  3.638  3.638  3.738  3.611  3.526  3.658  3.689  3.689  3.466  3.664  3.892  3.807  3.761  3.714  3.664  3.738  3.592  3.714  3.689  3.761  3.664  3.578  3.564  3.784  3.638  3.611  3.638  3.520  3.638  3.555  3.689  3.526  3.584  3.555  3.401  3.555  3.526  3.395  3.526  3.555
5.059  4.942  5.056  5.159  4.984  5.017  5.075  5.056  5.014  5.257  5.056  5.204  5.313  5.075  5.124  4.836  5.063  5.019  5.215  5.209  5.088  4.874  4.875  4.958  4.905  4.905  4.913  4.812  4.615  4.771  4.819  4.989  5.136  5.106  4.990  4.794  4.900  5.088  5.094  4.940  4.961  4.911
4.644  4.344  4.682  4.649  4.618  4.554  4.511  4.663  4.717  4.585  4.452  4.816  4.762  4.554  4.671  4.538  4.533  4.260  4.812  4.836  4.743  4.598  4.392  4.554  4.595  4.673  4.419  4.344  4.331  4.357  4.369  4.623  4.699  4.585  4.564  4.533  4.452  4.369  4.344  4.401  4.691  4.595
3.401  3.411  3.761  3.434  3.497  3.584  3.497  3.555  3.807  3.757  3.135  3.434  3.497  3.605  3.714  3.689  3.434  3.466  3.738  3.780  3.738  3.555  3.466  3.689  3.611  3.535  3.526  3.367  3.497  3.684  3.258  3.526  3.526  3.401  3.325  3.526  3.367  3.219  3.434  3.401  3.258  3.497
3.638  3.395  3.784  3.570  3.497  3.807  3.401  3.611  3.584  3.714  3.611  3.689  3.689  3.726  3.850  3.638  3.555  3.526  3.664  3.664  3.611  3.584  3.497  3.761  3.434  3.714  3.638  3.555  3.258  3.664  3.296  3.611  3.584  3.401  3.555  3.611  3.296  3.434  3.401  3.401  3.434  3.296
3.332  3.367  3.367  3.219  3.296  3.332  3.325  3.401  3.497  3.367  3.296  3.434  3.401  3.332  3.584  3.332  3.332  3.296  3.497  3.584  3.401  3.401  3.367  3.367  3.258  3.367  3.332  3.219  3.219  3.296  3.401  3.459  3.258  3.296  3.466  3.332  3.258  3.296  3.091  3.127  3.490  3.367
3.296  3.367  3.434  3.360  3.481  3.401  3.178  3.401  3.490  3.466  3.219  3.434  3.497  3.555  3.714  3.367  3.520  3.367  3.526  3.401  3.555  3.332  3.325  3.466  3.459  3.219  3.296  3.219  3.325  3.219  3.497  3.343  3.434  3.332  3.395  3.258  3.178  3.296  3.135  3.332  3.343  3.526
