4.700  4.605  4.736  4.663  4.431  4.644  4.654  4.787  4.682  4.741  4.575  4.635  4.745  4.625  4.812  4.773  4.533  4.454  4.760  4.754  4.710  4.745  4.682  4.732  4.687  4.635  4.481  4.443  4.477  4.382  4.620  4.663  4.543  4.522  4.649  4.543  4.516  4.564  4.520  4.511  4.477  4.615
4.875  4.615  4.762  4.779  4.635  4.691  4.745  4.860  4.812  4.868  4.654  4.916  4.828  4.691  4.779  4.682  4.625  4.727  4.887  4.852  4.779  4.762  4.595  4.754  4.779  4.615  4.533  4.605  4.477  4.710  4.603  4.593  4.682  4.635  4.754  4.654  4.625  4.796  4.663  4.754  4.663  4.727
4.460  4.281  4.263  4.466  4.357  4.304  4.443  4.413  4.344  4.595  4.425  4.419  4.440  4.260  4.443  4.234  4.277  4.078  4.363  4.472  4.290  4.419  4.263  4.256  4.217  4.060  4.248  4.220  4.159  4.135  4.357  4.248  4.202  4.220  4.205  4.205  4.234  4.205  4.159  4.304  4.025  4.317
4.344  4.043  4.060  4.164  4.127  4.171  4.194  4.048  4.205  4.078  4.060  4.143  4.331  4.205  4.078  4.078  3.989  3.967  4.234  4.124  4.143  4.174  3.970  4.094  4.143  4.025  3.846  4.025  3.850  3.850  3.998  4.078  4.043  3.970  3.922  3.961  3.784  4.007  4.025  4.103  3.967  4.202
3.761  3.989  3.611  3.850  3.784  3.871  3.761  3.850  4.007  3.892  3.970  3.912  4.127  3.871  4.034  3.967  3.638  3.773  3.980  4.148  3.951  3.892  3.761  3.807  3.807  3.861  3.784  3.676  3.824  3.773  3.932  3.750  3.689  3.807  3.871  3.892  3.791  3.807  3.807  3.733  3.908  3.908
3.989  4.119  3.912  3.932  3.951  3.912  3.985  3.871  3.947  4.174  4.022  4.111  4.220  3.892  4.078  3.967  3.951  3.829  4.086  4.190  4.060  3.902  3.802  3.912  4.025  3.850  3.970  3.877  3.664  3.850  3.829  3.733  3.757  3.922  3.871  4.022  3.850  3.738  3.957  3.912  4.007  4.135
4.812  4.727  4.644  4.717  4.741  4.769  4.798  4.663  4.690  4.927  4.662  4.852  4.890  4.754  4.927  4.754  4.762  4.718  4.762  4.847  4.942  4.736  4.762  4.762  4.562  4.573  4.723  4.500  4.382  4.564  4.812  4.673  4.543  4.736  4.663  4.736  4.820  4.754  4.736  4.533  4.662  4.431
4.344  4.311  4.190  4.263  4.304  4.234  4.315  4.220  4.454  4.341  4.234  4.407  4.543  4.431  4.464  4.382  4.263  4.234  4.369  4.357  4.394  4.363  4.331  4.388  4.094  4.094  4.187  4.094  4.048  4.074  4.344  4.263  4.174  4.174  4.156  4.344  4.331  4.533  4.407  4.187  4.331  4.220
4.613  4.394  4.454  4.673  4.663  4.466  4.489  4.615  4.644  4.745  4.699  4.734  4.666  4.489  4.700  4.443  4.477  4.489  4.673  4.644  4.779  4.443  4.595  4.610  4.466  4.357  4.454  4.344  4.341  4.220  4.522  4.466  4.466  4.413  4.682  4.585  4.511  4.595  4.522  4.533  4.489  4.522
3.877  3.970  3.871  4.060  3.829  3.784  3.932  3.807  3.780  3.932  3.912  3.932  3.928  3.850  3.989  3.932  4.007  3.871  3.967  3.932  3.871  3.912  3.912  3.912  3.738  3.867  3.714  3.555  3.738  3.892  3.738  3.882  3.807  3.807  3.850  3.888  3.850  4.013  3.829  3.871  3.738  3.839
4.127  4.190  4.354  4.205  4.078  4.241  4.171  4.140  4.132  4.369  4.190  4.174  4.382  4.337  4.489  4.159  4.554  4.159  4.248  4.382  4.511  4.382  4.297  4.363  4.367  4.127  4.025  4.007  3.989  4.277  4.205  4.248  4.331  4.043  4.174  4.241  4.143  4.159  4.190  4.025  4.143  4.124
3.664  3.998  3.908  3.871  3.807  3.912  3.714  3.970  3.784  4.159  3.850  3.784  4.078  3.989  4.060  3.888  3.888  3.807  4.043  3.970  4.078  3.932  3.846  3.912  3.761  3.784  3.784  3.784  3.912  3.857  3.664  3.892  3.807  3.892  3.784  3.871  3.761  3.664  3.795  3.714  3.689  3.902
4.301  4.344  4.304  4.498  4.234  4.290  4.248  4.419  4.202  4.431  4.317  4.350  4.440  4.407  4.464  4.317  4.382  4.182  4.663  4.466  4.575  4.344  4.253  4.454  4.350  4.357  4.127  4.043  3.989  4.190  4.248  4.290  4.460  4.331  4.317  4.270  4.231  4.337  4.060  4.143  4.220  4.284
4.990  4.682  4.700  4.804  4.554  4.615  4.779  4.736  4.732  4.828  4.676  4.787  4.909  4.585  4.887  4.663  4.644  4.625  4.794  4.762  4.966  4.792  4.533  4.745  4.676  4.635  4.533  4.328  4.367  4.382  4.564  4.642  4.700  4.745  4.902  4.625  4.595  4.718  4.477  4.477  4.618  4.644
3.761  3.611  3.807  3.784  3.638  3.611  3.689  3.714  3.784  3.638  3.791  3.738  4.043  3.738  4.060  3.784  3.773  3.689  3.689  3.951  4.078  3.664  3.638  3.871  3.611  3.780  3.714  3.892  3.780  3.761  3.738  3.761  3.761  3.689  3.761  3.761  3.434  3.611  3.738  3.664  3.714  3.714
3.512  3.367  3.689  3.584  3.584  3.526  3.466  3.689  3.584  3.714  3.592  3.611  3.611  3.780  3.738  3.555  3.611  3.526  3.689  3.829  3.664  3.497  3.611  3.584  3.584  3.584  3.526  3.332  3.367  3.584  3.526  3.526  3.638  3.664  3.584  3.632  3.450  3.555  3.497  3.401  3.638  3.459
4.143  3.829  4.143  4.171  3.970  4.025  3.912  4.119  3.932  4.135  3.912  4.060  4.143  4.057  4.190  4.043  3.892  4.174  4.182  4.344  4.234  3.908  4.111  4.127  3.932  3.912  4.025  3.780  3.824  3.871  3.829  4.007  4.127  3.932  3.912  4.111  3.932  4.174  3.850  3.898  3.970  4.025
3.578  3.564  3.664  3.664  3.638  3.526  3.550  3.689  3.664  3.780  3.466  3.807  3.738  3.664  3.761  3.526  3.784  3.714  3.807  3.738  3.829  3.689  3.584  3.795  3.555  3.761  3.466  3.611  3.611  3.664  3.645  3.526  3.784  3.555  3.664  3.689  3.526  3.684  3.497  3.584  3.632  3.611
4.595  4.615  4.575  4.585  4.533  4.649  4.635  4.638  4.663  4.762  4.682  4.691  4.868  4.727  4.635  4.644  4.603  4.700  4.762  4.804  4.662  4.736  4.557  4.635  4.509  4.554  4.549  4.554  4.357  4.394  4.603  4.437  4.575  4.875  4.654  4.644  4.691  4.736  4.663  4.727  4.843  4.831
4.796  4.804  4.691  4.898  4.999  4.956  4.852  4.804  4.771  4.949  4.792  4.963  4.949  4.934  5.063  4.840  4.823  4.844  5.124  5.043  5.004  4.942  4.782  4.927  4.654  4.644  4.700  4.691  4.500  4.745  4.680  4.796  4.956  4.927  4.963  4.887  4.919  5.043  4.920  5.063  5.043  4.942
5.147  5.011  4.913  5.037  4.924  5.029  5.075  5.004  5.130  5.170  5.042  5.165  5.147  5.142  5.142  4.984  5.050  5.030  5.118  5.130  5.175  5.068  5.056  5.118  4.938  5.011  5.019  4.868  4.856  4.934  5.017  5.050  5.069  5.147  5.193  5.050  4.920  4.920  4.970  4.852  4.934  5.100
4.533  4.407  4.546  4.543  4.407  4.357  4.428  4.466  4.419  4.431  4.477  4.538  4.500  4.657  4.779  4.522  4.575  4.500  4.543  4.554  4.727  4.419  4.357  4.625  4.357  4.344  4.466  4.431  4.331  4.443  4.410  4.331  4.394  4.500  4.520  4.500  4.263  4.666  4.454  4.369  4.443  4.477
