4.820  4.620  4.804  4.644  4.718  4.663  4.779  4.836  5.011  4.860  4.736  4.898  4.860  4.718  4.949  4.673  4.575  4.762  4.745  4.700  5.056  4.727  4.860  4.868  4.522  4.663  4.736  4.543  4.500  4.511  4.554  4.640  4.489  4.585  4.745  4.727  4.543  4.477  4.498  4.593  4.407  4.696
4.762  4.625  4.779  4.554  4.625  4.890  4.844  4.828  4.916  4.956  4.771  4.942  4.762  4.771  4.958  4.682  4.804  4.745  4.754  4.762  5.071  4.796  4.718  4.820  4.654  4.727  4.734  4.407  4.500  4.605  4.564  4.552  4.644  4.727  4.790  4.652  4.657  4.554  4.541  4.533  4.500  4.718
4.094  4.094  4.174  4.124  4.143  4.234  4.159  4.290  4.288  4.274  4.007  4.205  4.477  4.260  4.331  4.317  4.127  4.007  4.311  4.248  4.288  4.078  4.060  4.060  4.231  4.025  4.220  3.970  3.951  4.127  4.187  4.159  4.143  4.060  4.174  4.174  3.951  4.043  4.060  4.094  4.025  4.190
4.481  4.552  4.516  4.600  4.489  4.477  4.666  4.466  4.585  4.745  4.608  4.615  4.691  4.554  4.710  4.575  4.304  4.595  4.828  4.615  4.522  4.575  4.500  4.454  4.419  4.511  4.344  4.190  4.263  4.344  4.533  4.369  4.394  4.475  4.511  4.477  4.449  4.344  4.341  4.380  4.331  4.477
4.852  4.860  4.984  4.990  5.081  5.142  4.896  4.949  4.868  5.055  4.915  5.142  4.654  4.920  5.075  4.852  4.595  5.112  4.927  4.999  5.168  4.860  5.023  4.956  4.779  4.832  4.942  4.647  4.673  4.868  5.088  4.844  5.036  4.963  4.881  5.030  4.894  4.847  4.687  4.836  4.796  5.017
4.989  5.088  4.844  4.927  4.905  5.140  5.030  4.990  5.100  5.013  4.889  5.146  4.787  4.887  5.130  5.118  4.804  5.063  5.013  4.963  5.344  5.106  5.075  5.017  4.787  4.990  5.050  4.745  4.827  4.934  5.088  5.075  5.050  5.043  5.030  5.100  5.030  4.824  4.945  4.820  4.896  5.106
4.263  4.205  4.382  4.234  4.174  4.241  4.182  4.290  4.212  4.304  4.382  4.248  4.419  4.522  4.357  4.143  4.143  4.190  4.246  4.344  4.304  4.220  4.127  4.234  4.202  4.248  4.277  4.159  4.025  4.174  4.304  4.248  4.220  4.205  4.205  4.156  4.108  4.202  4.190  4.091  4.143  4.086
4.277  4.174  4.317  4.190  4.357  4.274  4.234  4.443  4.094  4.382  4.382  4.248  4.419  4.357  4.489  4.234  4.394  4.190  4.317  4.522  4.369  4.248  4.143  4.394  4.078  3.908  4.248  4.263  4.127  4.007  4.248  4.135  4.043  4.132  4.290  4.078  4.315  4.094  4.111  4.108  4.094  4.111
3.689  3.932  3.932  3.871  3.738  3.892  3.892  3.846  4.043  4.127  3.807  3.932  4.111  4.111  4.022  3.714  3.850  3.861  3.989  4.111  4.043  3.932  3.912  3.951  3.638  3.807  3.829  3.846  3.733  3.784  3.871  3.932  3.912  3.784  3.824  3.824  3.738  3.784  3.784  3.761  3.850  3.738
4.111  4.220  4.078  4.094  4.060  4.111  4.220  4.025  4.025  4.174  3.970  4.060  4.331  4.220  4.248  4.040  4.143  3.932  4.246  4.277  4.248  4.202  3.989  4.078  4.060  3.807  3.989  3.970  3.967  3.807  4.078  3.951  4.025  3.970  3.951  3.850  4.007  4.094  3.871  4.007  4.007  3.932
4.700  4.477  4.554  4.615  4.642  4.564  4.575  4.682  4.654  4.787  4.552  4.625  4.663  4.727  4.710  4.635  4.419  4.625  4.595  4.779  4.520  4.431  4.522  4.635  4.489  4.419  4.454  4.386  4.277  4.454  4.562  4.331  4.407  4.477  4.443  4.595  4.331  4.407  4.234  4.234  4.290  4.449
4.533  4.449  4.454  4.443  4.554  4.443  4.369  4.277  4.564  4.562  4.509  4.564  4.543  4.454  4.454  4.304  4.277  4.344  4.466  4.564  4.367  4.331  4.443  4.522  4.344  4.277  4.388  4.317  4.111  4.407  4.297  4.256  4.477  4.234  4.304  4.454  4.331  4.443  4.263  4.263  4.267  4.380
4.963  4.754  4.848  4.881  4.819  4.690  4.705  4.874  4.727  5.024  4.868  4.875  4.909  4.909  4.942  4.663  4.796  4.828  4.883  4.990  4.836  4.762  4.644  4.615  4.673  4.663  4.745  4.663  4.564  4.543  4.605  4.652  4.927  4.635  4.543  4.625  4.652  4.942  4.827  4.736  4.691  4.736
4.710  4.511  4.673  4.726  4.573  4.595  4.554  4.595  4.595  4.762  4.752  4.663  4.929  4.710  4.820  4.754  4.696  4.700  4.605  4.663  4.745  4.466  4.509  4.635  4.454  4.407  4.533  4.635  4.407  4.489  4.654  4.416  4.394  4.564  4.431  4.546  4.554  4.718  4.644  4.605  4.522  4.642
4.449  4.380  4.419  4.369  4.443  4.452  4.464  4.348  4.354  4.431  4.419  4.407  4.500  4.431  4.477  4.431  4.317  4.477  4.533  4.580  4.557  4.382  4.475  4.514  4.263  4.190  4.246  4.317  4.159  4.277  4.779  4.341  4.344  4.369  4.317  4.317  4.190  4.263  4.311  4.317  4.190  4.317
4.593  4.511  4.559  4.585  4.585  4.489  4.454  4.443  4.489  4.633  4.500  4.663  4.710  4.677  4.743  4.469  4.382  4.620  4.682  4.690  4.595  4.543  4.605  4.533  4.357  4.369  4.431  4.354  4.311  4.331  4.382  4.331  4.434  4.466  4.543  4.503  4.382  4.546  4.344  4.344  4.331  4.431
4.578  4.263  4.600  4.413  4.615  4.489  4.331  4.525  4.500  4.541  4.533  4.541  4.620  4.454  4.745  4.369  4.331  4.466  4.585  4.533  4.500  4.407  4.331  4.625  4.407  4.331  4.394  4.443  4.127  4.483  4.156  4.431  4.357  4.354  4.394  4.401  4.369  4.407  4.422  4.443  4.454  4.477
4.331  4.171  4.401  4.440  4.317  4.317  4.220  4.460  4.304  4.331  4.369  4.357  4.344  4.277  4.431  4.202  4.190  4.220  4.317  4.392  4.489  4.357  4.263  4.357  4.143  4.099  4.209  4.159  3.829  4.060  4.127  4.127  4.290  4.297  4.127  4.220  4.043  4.220  4.194  4.248  4.205  4.248
4.238  4.078  4.466  4.270  4.317  4.209  4.263  4.212  4.380  4.234  4.241  4.290  4.520  4.407  4.431  4.127  4.234  4.295  4.407  4.382  4.394  4.281  4.277  4.212  4.288  4.124  4.127  4.052  4.202  4.174  4.277  4.174  4.284  4.357  4.174  4.246  4.043  4.060  4.290  4.167  4.205  4.127
4.143  4.277  4.234  4.234  4.111  4.220  4.159  4.159  4.043  4.190  4.277  4.220  4.380  4.317  4.341  4.094  4.220  4.167  4.331  4.369  4.344  4.171  3.989  4.290  3.951  4.127  4.022  4.060  4.060  4.007  3.995  4.143  3.970  4.060  4.263  4.205  4.043  4.205  4.078  4.209  4.108  4.127
4.111  3.970  3.970  4.190  4.043  3.989  3.932  4.182  4.111  4.234  4.094  4.074  4.190  4.119  4.277  3.892  4.007  3.989  4.060  4.190  4.205  4.060  4.007  4.078  3.947  4.043  3.951  3.784  3.998  3.871  3.928  4.007  3.989  4.078  3.932  3.970  3.970  4.022  4.078  3.850  4.078  4.007
4.066  4.040  4.094  4.007  4.094  3.951  3.871  3.951  4.025  4.171  4.022  4.119  4.025  4.159  4.317  3.951  4.060  4.007  4.174  4.290  4.290  4.060  3.951  4.159  4.025  3.912  3.951  3.892  3.912  3.829  3.738  3.892  4.111  4.004  4.007  3.892  3.871  3.912  3.818  3.989  4.025  3.871
