3.367  3.497  3.360  3.684  3.466  3.296  3.555  3.466  3.434  3.378  3.401  3.564  3.497  3.605  3.570  3.395  3.367  3.367  3.367  3.490  3.475  3.555  3.526  3.526  3.401  3.395  3.444  3.296  3.401  3.490  3.434  3.490  3.459  3.418  3.475  3.411  3.506  3.401  3.434  3.384  3.428  3.367
3.696  3.824  3.401  3.367  3.401  3.466  3.490  3.401  3.605  3.658  3.434  3.459  3.664  3.555  3.733  3.584  3.459  3.526  3.651  3.584  3.570  3.584  3.535  3.611  3.466  3.638  3.497  3.332  3.401  3.434  3.512  3.434  3.684  3.497  3.555  3.520  3.638  3.526  3.526  3.450  3.434  3.520
3.555  3.928  3.951  4.083  4.022  4.209  4.190  4.025  4.174  4.187  3.980  4.111  4.060  4.074  4.124  4.078  4.111  4.043  4.143  4.194  4.025  3.989  3.850  4.151  4.004  4.048  4.007  3.892  3.888  3.807  4.094  3.784  4.127  4.091  4.022  3.932  3.989  4.078  3.912  4.025  3.892  4.078
3.332  3.807  3.555  3.684  3.768  3.671  3.750  3.768  3.738  3.761  3.684  3.932  3.761  3.761  3.871  3.738  3.761  3.761  3.989  3.928  3.807  3.795  3.714  3.850  3.761  3.638  3.584  3.689  3.611  3.664  3.721  3.714  3.611  3.689  3.721  3.689  3.784  3.689  3.871  3.638  3.638  3.624
3.757  3.689  3.664  3.658  3.871  3.761  3.846  3.611  3.726  3.689  3.497  3.867  3.867  3.850  3.829  3.871  3.857  3.807  3.829  3.784  3.970  3.757  3.611  3.807  3.689  3.807  3.689  3.651  3.526  3.584  3.676  3.795  3.829  3.664  3.689  3.689  3.632  3.466  3.664  3.434  3.497  3.664
4.025  3.912  3.807  3.871  3.738  3.892  3.932  3.738  3.932  4.043  3.882  4.007  4.043  3.871  3.989  3.938  3.784  3.784  3.871  3.989  3.970  3.850  3.784  3.892  3.850  3.850  3.689  3.824  3.689  3.733  3.709  3.791  3.714  3.738  3.807  3.807  3.780  3.555  3.757  3.689  3.784  3.829
4.220  4.159  4.205  4.174  4.357  4.187  4.317  4.043  4.348  4.431  4.091  4.127  4.277  4.369  4.382  4.248  4.263  4.190  4.369  4.290  4.486  4.394  4.263  4.341  4.248  4.174  4.174  4.220  4.143  4.060  4.290  4.454  4.078  4.246  4.331  4.174  4.477  4.143  4.111  4.043  4.151  4.060
4.022  3.912  4.078  3.970  4.078  4.190  4.143  4.205  3.951  4.159  4.007  4.078  4.159  4.248  4.295  4.060  4.111  4.234  4.159  4.369  4.159  3.989  4.078  4.111  3.932  4.007  4.025  4.103  3.932  4.025  4.078  4.248  4.007  4.086  3.989  4.007  4.840  4.111  4.007  4.127  4.143  4.043
3.459  3.526  3.401  3.401  3.555  3.434  3.497  3.570  3.584  3.555  3.332  3.526  3.714  3.555  3.638  3.555  3.466  3.497  3.526  3.714  3.555  3.434  3.434  3.401  3.434  3.555  3.555  3.367  3.401  3.526  3.466  3.526  3.434  3.332  3.526  3.664  3.466  3.466  3.367  3.395  3.395  3.611
3.466  3.526  3.428  3.332  3.450  3.459  3.555  3.434  3.555  3.526  3.325  3.466  3.658  3.709  3.664  3.584  3.466  3.638  3.658  3.584  3.638  3.497  3.535  3.434  3.497  3.497  3.584  3.367  3.466  3.459  3.466  3.497  3.367  3.401  3.466  3.401  3.401  3.434  3.367  3.296  3.367  3.434
4.533  4.419  4.407  4.394  4.419  4.369  4.419  4.466  4.419  4.603  4.413  4.475  4.394  4.369  4.554  4.369  4.317  4.263  4.454  4.585  4.522  4.407  4.454  4.522  4.290  4.174  4.174  4.111  3.928  4.034  4.174  4.060  4.111  4.301  4.205  4.419  4.094  4.304  4.220  4.263  4.246  4.190
4.543  4.595  4.419  4.511  4.344  4.328  4.475  4.437  4.428  4.598  4.344  4.337  4.489  4.419  4.509  4.304  4.635  4.477  4.477  4.440  4.554  4.605  4.522  4.489  4.331  4.301  4.344  4.194  4.288  4.263  4.159  4.466  4.328  4.562  4.361  4.369  4.564  4.288  4.380  4.263  4.361  4.263
3.401  3.497  3.367  3.555  3.332  3.401  3.296  3.434  3.490  3.497  3.296  3.550  3.738  3.738  3.684  3.497  3.459  3.367  3.526  3.651  3.550  3.526  3.466  3.555  3.466  3.401  3.466  3.401  3.367  3.401  3.258  3.434  3.555  3.497  3.401  3.555  3.490  3.520  3.401  3.325  3.360  3.434
3.395  3.526  3.332  3.584  3.526  3.401  3.219  3.466  3.428  3.555  3.466  3.611  3.578  3.664  3.611  3.555  3.466  3.434  3.584  3.664  3.497  3.526  3.638  3.584  3.570  3.584  3.497  3.526  3.466  3.555  3.466  3.434  3.526  3.434  3.497  3.555  3.555  3.584  3.258  3.296  3.401  3.584
3.638  3.784  3.850  4.007  3.761  3.892  3.985  3.738  4.174  3.985  3.970  3.932  4.078  3.970  4.124  3.829  3.871  3.829  4.205  4.127  4.025  3.951  3.867  4.212  3.761  3.928  3.784  3.738  3.784  3.850  3.761  4.052  4.091  3.970  3.985  3.714  3.912  3.638  3.970  3.761  3.951  3.664
4.091  4.127  3.928  3.871  4.043  3.784  3.989  3.912  3.970  4.143  4.190  4.111  4.205  4.108  4.205  4.007  4.043  3.967  4.174  4.111  4.143  4.127  3.932  4.143  4.078  3.850  3.871  3.912  3.912  3.970  3.829  4.108  4.066  4.094  4.025  3.932  3.882  3.932  4.025  3.871  3.871  3.871
4.143  4.007  4.248  4.288  4.111  4.094  4.127  4.220  4.094  4.297  4.111  4.277  4.466  4.290  4.481  4.004  4.111  4.151  4.304  4.394  4.234  4.127  4.143  4.317  4.094  3.951  4.078  4.057  4.060  3.932  3.989  4.127  4.111  4.156  4.159  4.190  4.025  4.074  4.190  3.932  4.060  4.174
3.829  3.947  3.951  3.951  3.807  3.784  4.007  3.912  4.043  4.111  3.892  4.209  4.025  4.111  4.174  3.807  3.877  4.025  4.060  4.132  4.174  3.932  3.932  3.888  3.850  3.908  3.871  3.761  3.850  3.892  3.829  4.043  3.829  3.861  4.060  3.867  3.784  3.932  3.912  3.714  3.912  3.709
3.951  3.850  3.951  3.932  3.714  3.689  3.714  3.714  3.761  3.951  3.761  4.007  4.060  4.111  4.069  3.689  3.795  3.850  4.025  4.159  4.025  3.970  3.689  3.951  3.867  3.784  3.892  3.807  3.738  3.689  3.768  3.784  3.892  3.871  3.912  3.970  3.664  3.807  3.761  3.877  3.733  3.850
4.060  3.912  3.892  3.970  4.040  3.892  3.947  3.850  4.190  3.989  3.784  3.892  4.043  4.043  4.304  3.807  3.932  3.807  4.111  4.094  3.989  3.932  4.060  4.159  3.912  3.761  3.857  3.908  3.807  3.829  3.877  3.867  3.970  3.892  3.807  3.912  3.970  3.892  3.807  3.689  3.918  3.912
6.035  5.826  5.873  5.984  5.993  5.943  5.775  5.932  5.705  6.073  5.967  5.889  5.958  5.875  6.084  5.793  5.771  6.016  5.838  5.919  5.826  5.799  5.836  5.858  5.775  5.749  5.733  5.768  5.494  5.609  5.802  5.740  5.902  5.762  5.875  5.861  5.771  6.151  6.026  5.944  5.784  5.829
5.927  5.684  5.775  5.956  5.881  5.940  5.730  5.844  5.793  5.961  5.905  5.892  5.953  5.799  6.019  5.753  5.704  5.823  5.814  5.883  5.814  5.700  5.793  5.817  5.694  5.606  5.724  5.771  5.549  5.607  5.743  5.673  5.897  5.687  5.684  5.826  5.697  5.976  6.029  5.924  5.624  5.740
