4.549  4.443  4.357  4.489  4.500  4.466  4.458  4.234  4.575  4.511  4.511  4.605  4.369  4.407  4.382  4.443  4.288  4.481  4.190  4.277  4.394  4.511  4.443  4.407  4.317  4.111  4.159  4.078  3.835  4.187  4.190  4.179  4.290  4.344  4.290  4.382  4.290  4.190  4.263  4.331  4.205  4.407
4.382  4.394  4.277  4.127  4.317  4.369  4.190  4.094  4.344  4.277  4.394  4.331  4.234  4.263  4.369  4.357  4.220  4.217  4.290  4.248  4.324  4.373  4.197  4.407  4.043  4.260  4.074  4.078  3.970  4.290  4.190  4.103  4.202  4.205  4.078  4.304  4.202  4.094  4.074  4.220  3.989  4.317
4.727  4.443  4.663  4.564  4.511  4.489  4.543  4.605  4.654  4.727  4.605  4.726  4.762  4.652  4.615  4.466  4.564  4.564  4.635  4.812  4.615  4.575  4.382  4.588  4.520  4.500  4.317  4.386  4.234  4.277  4.354  4.382  4.573  4.382  4.543  4.290  4.344  4.466  4.554  4.466  4.317  4.525
4.025  3.892  4.040  4.057  3.871  3.989  3.989  3.989  3.985  4.190  3.807  4.025  4.260  3.902  3.989  3.829  4.004  3.882  4.124  3.970  3.951  4.007  3.784  3.951  3.829  3.850  3.871  3.761  3.829  3.871  4.031  3.951  3.928  3.829  3.912  3.784  3.761  3.882  3.761  3.714  3.989  3.892
4.718  4.522  4.394  4.454  4.498  4.666  4.673  4.486  4.635  4.625  4.625  4.543  4.520  4.673  4.570  4.620  4.522  4.431  4.700  4.520  4.836  4.557  4.466  4.762  4.290  4.344  4.331  4.394  4.159  4.394  4.369  4.369  4.331  4.394  4.477  4.533  4.452  4.382  4.477  4.344  4.304  4.511
4.174  4.304  4.094  4.182  4.094  4.094  4.369  4.167  4.290  4.304  4.263  4.416  4.357  4.248  4.431  4.227  4.174  4.111  4.217  4.127  4.522  4.111  4.190  4.477  4.043  4.143  4.094  4.078  4.060  4.094  4.220  4.091  4.057  3.932  4.074  4.263  4.143  4.143  4.043  4.060  4.127  4.111
5.384  5.014  5.153  5.412  5.118  5.254  5.142  5.168  5.203  5.228  5.308  5.364  5.226  5.273  5.259  5.170  5.037  5.043  5.272  5.256  5.257  5.053  5.088  5.170  5.024  4.905  4.970  5.037  4.745  4.970  5.094  5.001  5.226  5.011  5.043  5.124  5.153  5.204  5.247  5.164  5.123  5.047
4.304  4.301  4.380  4.527  4.248  4.500  4.331  4.256  4.363  4.394  4.248  4.454  4.431  4.407  4.321  4.290  4.263  4.190  4.419  4.350  4.361  4.361  4.108  4.394  4.174  4.270  4.127  4.220  3.882  4.190  4.234  4.159  4.443  4.174  4.174  4.174  4.277  4.234  4.205  4.394  4.363  4.511
4.401  4.143  4.331  4.127  4.143  4.369  4.143  4.094  4.205  4.304  4.205  4.344  4.392  4.248  4.475  4.034  3.892  4.260  4.190  4.159  4.143  4.111  4.132  4.288  4.060  4.060  3.989  3.970  3.932  4.234  4.217  4.025  4.094  4.143  4.060  4.078  3.951  4.034  4.007  4.111  4.022  4.078
4.108  4.040  3.989  3.970  4.057  4.057  4.025  3.970  4.043  4.288  3.970  4.078  4.197  4.205  4.220  3.967  4.025  4.174  4.034  4.159  4.143  3.932  3.961  4.159  3.892  3.951  3.908  3.998  3.714  3.871  4.040  4.043  4.025  3.912  4.040  4.078  3.908  3.912  4.007  3.892  3.892  3.989
4.454  4.304  4.754  4.431  4.263  4.425  4.419  4.234  4.618  4.477  3.892  4.086  4.419  4.407  4.416  4.376  4.281  4.538  4.779  4.718  4.827  4.615  4.730  4.779  4.290  4.304  4.382  4.143  4.099  4.522  4.354  4.369  4.394  4.431  4.369  4.205  4.231  4.159  4.337  4.159  4.304  4.217
4.635  4.575  4.796  4.575  4.654  4.603  4.633  4.380  4.635  4.662  4.174  4.363  4.682  4.691  4.787  4.588  4.522  4.659  4.710  4.745  4.975  5.004  5.011  4.927  4.477  4.543  4.466  4.454  4.263  4.475  4.593  4.511  4.500  4.416  4.533  4.543  4.554  4.520  4.431  4.369  4.248  4.454
4.446  4.615  4.489  4.458  4.543  4.644  4.344  4.317  4.331  4.500  4.575  4.369  4.736  4.475  4.712  4.416  4.407  4.564  4.541  4.511  4.718  4.533  4.304  4.635  4.248  4.277  4.290  4.159  4.174  4.335  4.382  4.357  4.533  4.489  4.301  4.277  4.263  4.304  4.220  4.317  4.335  4.357
4.477  4.234  4.304  4.344  4.277  4.382  4.369  4.220  4.416  4.344  4.304  4.174  4.486  4.489  4.538  4.277  4.171  4.419  4.357  4.541  4.489  4.344  4.477  4.443  4.111  4.103  4.156  4.231  3.989  4.078  4.205  4.295  4.315  4.174  4.205  4.143  4.127  4.025  4.143  4.171  4.290  4.205
3.611  3.555  3.701  3.401  3.611  3.466  3.584  3.714  3.689  3.714  3.624  3.555  4.043  3.932  3.928  3.761  4.007  3.795  3.761  3.829  4.179  3.733  3.684  3.829  3.689  3.611  3.676  3.497  3.584  3.638  3.619  3.605  3.584  3.701  3.689  3.611  3.555  3.497  3.434  3.578  3.738  3.611
3.761  3.745  3.638  3.526  3.466  3.555  3.584  3.578  3.466  3.714  3.296  3.497  3.726  3.584  3.922  3.584  3.689  3.401  3.773  3.829  3.807  3.526  3.490  3.550  3.367  3.497  3.434  3.401  3.466  3.367  3.733  3.664  3.466  3.555  3.512  3.584  3.434  3.578  3.296  3.434  3.506  3.555
4.883  4.595  4.898  4.997  4.804  4.875  4.844  4.913  5.011  4.997  4.843  4.965  4.963  4.984  5.029  4.710  4.700  4.787  5.112  5.029  4.927  4.835  4.699  4.881  4.828  4.644  4.691  4.727  4.511  4.644  4.682  4.794  4.934  4.796  4.736  4.802  4.718  4.990  4.779  4.662  4.779  4.727
4.913  5.011  4.984  5.017  4.947  4.905  4.875  4.868  4.887  4.883  4.984  4.970  5.088  5.075  5.115  4.804  4.920  4.745  4.920  5.063  5.061  4.977  4.847  5.108  4.956  4.762  4.864  4.820  4.625  4.856  4.875  4.875  4.927  4.898  4.913  4.889  4.905  4.875  4.890  4.749  4.871  4.727
5.798  5.632  5.707  5.606  5.876  5.808  5.690  5.714  5.647  5.875  5.820  5.686  5.838  5.737  5.913  5.537  5.587  5.647  5.892  5.749  5.650  5.687  5.727  5.620  5.556  5.601  5.602  5.557  5.420  5.476  5.557  5.566  5.709  5.719  5.775  5.759  5.568  5.722  5.784  5.665  5.659  5.572
4.290  4.304  4.248  4.369  4.202  4.369  4.094  4.290  4.094  4.392  4.363  4.425  4.331  4.419  4.477  4.212  4.263  4.124  4.248  4.394  4.382  4.304  4.407  4.331  4.263  4.187  3.989  4.111  4.179  3.951  4.159  4.357  4.341  4.111  4.190  4.324  4.197  4.205  4.489  4.263  4.094  4.428
3.584  3.434  3.497  3.466  3.584  3.497  3.459  3.418  3.466  3.611  3.434  3.584  3.664  3.651  3.738  3.555  3.689  3.466  3.555  3.738  3.714  3.714  3.611  3.401  3.541  3.555  3.611  3.332  3.497  3.466  3.466  3.611  3.761  3.296  3.689  3.638  3.611  3.466  3.555  3.434  3.296  3.526
3.434  3.497  3.584  3.466  3.664  3.564  3.664  3.578  3.466  3.466  3.296  3.497  3.611  3.638  3.784  3.526  3.850  3.638  3.664  3.738  3.555  3.611  3.497  3.638  3.689  3.497  3.555  3.466  3.497  3.401  3.555  3.497  3.526  3.664  3.555  3.555  3.526  3.611  3.611  3.555  3.497  3.555
