4.443  4.234  4.127  4.182  4.290  4.357  4.331  4.111  4.407  4.317  4.234  4.190  4.290  4.380  4.419  4.174  4.174  4.127  4.331  4.394  4.277  4.246  4.419  4.331  4.143  4.127  4.040  4.078  4.094  4.205  4.143  4.143  4.331  4.135  4.108  4.127  4.290  4.078  4.043  4.205  4.043  4.263
4.714  4.644  4.595  4.458  4.595  4.700  4.585  4.575  4.663  4.804  4.615  4.710  4.796  4.564  4.554  4.644  4.277  4.533  4.477  4.511  4.585  4.580  4.500  4.554  4.500  4.407  4.454  4.350  4.190  4.458  4.522  4.394  4.543  4.440  4.357  4.454  4.394  4.382  4.511  4.511  4.477  4.466
5.293  5.464  5.366  5.447  5.434  5.429  5.505  5.537  5.485  5.627  5.509  5.624  5.545  5.484  5.545  5.389  4.994  5.323  5.513  5.496  5.468  5.318  5.252  5.384  5.317  5.375  5.262  5.193  4.968  5.050  5.112  5.050  5.231  5.236  5.308  5.278  5.247  5.283  5.204  5.308  5.231  5.384
3.951  3.664  4.043  4.007  3.892  3.871  3.714  3.850  3.932  3.871  3.850  3.802  4.025  4.031  3.807  3.902  3.714  3.784  3.928  3.951  3.807  3.871  3.761  3.807  3.871  3.829  3.632  3.829  3.584  3.638  3.497  3.761  3.829  3.689  3.738  3.611  3.784  3.970  3.932  3.761  3.684  3.912
4.369  4.369  4.190  4.274  4.159  4.263  4.369  4.060  4.431  4.443  4.354  4.466  4.369  4.234  4.382  4.277  3.970  4.304  4.143  4.217  4.317  4.248  4.354  4.331  4.234  4.091  3.985  4.034  3.912  4.094  4.277  4.057  4.410  4.220  4.116  4.111  4.190  4.205  4.205  4.078  4.043  4.248
3.829  4.060  3.912  3.871  4.151  3.985  4.066  4.103  4.094  4.248  4.127  4.007  4.135  4.187  4.140  3.970  3.912  3.989  3.932  4.159  4.043  3.892  4.043  3.951  3.892  3.850  3.951  3.932  3.871  3.871  3.892  3.980  4.143  3.932  3.967  3.967  3.989  4.007  3.892  3.829  3.932  3.892
6.321  5.970  6.260  6.165  6.198  6.497  6.301  6.317  6.325  6.326  6.409  6.366  6.248  6.312  6.190  6.232  6.033  6.089  6.447  6.236  6.421  6.151  6.125  6.076  6.017  6.091  5.935  5.798  5.572  5.710  5.924  5.781  5.976  6.165  6.025  6.184  6.192  6.104  6.114  6.050  6.248  6.222
4.783  4.666  4.700  4.718  4.583  4.883  4.898  4.727  4.771  4.668  4.836  4.790  4.787  4.820  4.590  4.682  4.564  4.680  4.796  4.800  4.984  4.718  4.654  4.615  4.663  4.710  4.477  4.431  4.290  4.419  4.511  4.509  4.595  4.824  4.511  4.710  4.787  4.530  4.625  4.511  4.736  4.663
4.477  4.234  4.344  4.407  4.060  3.989  4.277  4.205  4.127  4.464  4.174  4.248  4.344  4.290  4.304  4.277  4.205  4.103  4.357  4.311  4.174  4.127  4.143  4.119  4.025  4.143  4.127  4.057  3.871  3.892  3.985  4.111  4.135  4.187  4.108  4.124  4.025  4.111  4.057  4.043  3.970  4.174
4.623  4.143  4.595  4.662  4.419  4.290  4.277  4.369  4.304  4.682  4.552  4.533  4.533  4.413  4.419  4.477  4.386  4.369  4.431  4.466  4.489  4.344  4.344  4.369  4.317  4.290  4.111  4.179  4.094  4.234  4.248  4.357  4.344  4.290  4.304  4.246  4.220  4.498  4.394  4.369  4.159  4.394
4.942  4.771  4.864  4.657  4.779  4.860  4.811  4.934  4.890  4.956  4.898  4.911  4.942  4.913  4.920  4.828  4.705  4.762  4.726  4.856  5.088  4.771  4.682  4.828  4.836  4.647  4.680  4.644  4.452  4.700  4.754  4.635  4.663  4.700  4.758  4.811  4.796  4.595  4.732  4.633  4.595  4.787
4.382  4.290  4.317  4.369  4.401  4.413  4.337  4.505  4.290  4.543  4.431  4.357  4.437  4.380  4.440  4.317  4.311  4.367  4.522  4.533  4.554  4.317  4.354  4.454  4.277  4.212  4.263  4.111  4.099  4.094  4.369  4.419  4.369  4.344  4.317  4.331  4.369  4.263  4.317  4.277  4.127  4.304
5.050  4.777  4.934  4.898  4.913  4.820  4.970  4.905  4.875  5.059  4.990  4.944  5.136  4.820  4.877  4.858  4.779  4.812  5.069  4.875  4.771  4.944  4.844  4.794  4.718  4.828  4.898  4.654  4.673  4.673  4.804  4.762  4.736  4.909  4.852  4.942  4.898  4.748  4.710  4.787  4.828  4.875
4.868  4.836  4.787  4.745  4.765  4.700  4.905  4.786  4.685  4.856  4.644  4.794  4.990  4.808  4.766  4.682  4.779  4.635  4.875  4.893  4.745  4.756  4.860  4.828  4.623  4.598  4.554  4.511  4.522  4.644  4.745  4.812  4.635  4.718  4.836  4.736  4.718  4.573  4.494  4.554  4.605  4.628
4.224  4.205  4.460  4.248  4.277  4.288  4.357  4.321  4.367  4.382  4.331  4.511  4.454  4.431  4.277  4.220  4.277  4.344  4.248  4.407  4.369  4.369  4.290  4.369  4.234  4.317  4.174  4.248  4.301  4.290  4.159  4.043  4.194  4.331  4.317  4.357  4.263  4.205  4.361  4.277  4.190  4.407
3.520  3.520  3.466  3.664  3.664  3.459  3.555  3.578  3.555  3.714  3.466  3.584  3.738  3.664  3.611  3.555  3.584  3.520  3.555  3.761  3.664  3.632  3.664  3.497  3.367  3.592  3.584  3.497  3.434  3.526  3.555  3.497  3.658  3.466  3.555  3.526  3.526  3.611  3.367  3.555  3.466  3.861
5.214  5.118  5.017  5.268  5.227  5.198  5.088  5.147  5.187  5.287  5.252  5.334  5.273  5.204  5.361  5.072  5.024  5.352  5.256  5.298  5.219  4.956  5.030  5.147  4.890  4.984  4.997  4.970  4.595  4.856  5.030  4.868  5.164  5.112  4.990  5.136  5.034  5.064  5.257  5.099  4.913  4.997
3.998  4.127  3.892  3.892  3.951  4.007  4.078  4.124  4.127  4.025  4.111  4.078  4.124  4.159  4.277  3.807  4.043  3.989  4.074  4.078  4.127  4.094  4.159  4.331  3.850  3.807  3.829  3.761  3.829  4.060  3.829  3.951  3.761  3.951  3.850  4.043  3.951  3.892  4.179  3.882  3.928  3.850
4.804  4.625  4.779  4.699  4.787  4.663  4.718  4.804  4.736  4.963  4.820  4.927  4.927  4.828  4.787  4.663  4.543  4.796  4.860  4.736  4.723  4.700  4.694  4.913  4.580  4.573  4.595  4.714  4.575  4.331  4.745  4.685  4.642  4.663  4.710  4.708  4.673  4.682  4.868  4.644  4.635  4.771
5.204  5.050  5.196  5.242  5.136  5.115  5.069  5.276  5.193  5.298  5.136  5.323  5.333  5.024  5.323  5.127  5.159  5.059  5.218  5.220  5.236  5.001  5.056  5.176  5.050  5.117  5.024  5.013  4.844  4.938  5.071  4.890  5.127  5.159  5.204  5.183  5.007  5.159  5.118  5.075  5.112  5.204
4.673  4.615  4.475  4.419  4.605  4.454  4.466  4.533  4.443  4.620  4.500  4.691  4.635  4.407  4.652  4.443  4.511  4.567  4.691  4.663  4.644  4.595  4.520  4.437  4.522  4.431  4.564  4.509  4.425  4.369  4.533  4.341  4.585  4.575  4.585  4.505  4.533  4.699  4.431  4.520  4.452  4.605
4.174  4.111  4.190  3.989  4.007  4.263  4.043  4.057  4.143  4.274  4.234  4.369  4.394  4.220  4.331  4.174  4.290  4.190  4.304  4.369  4.234  4.212  4.167  4.127  4.248  4.140  4.060  3.951  4.143  4.007  4.078  4.357  4.127  4.159  4.111  4.135  4.007  4.263  4.060  4.094  4.094  4.111
