5.269  5.081  5.215  5.345  5.153  5.220  5.209  5.198  5.118  5.308  5.179  5.313  5.226  5.024  5.187  5.088  5.056  5.088  5.236  5.203  5.230  5.153  5.004  5.209  5.196  5.106  5.050  5.081  4.970  5.009  4.997  5.130  5.100  5.165  5.182  5.142  4.997  5.056  5.063  4.970  5.069  5.231
5.100  4.905  4.927  5.026  4.852  5.069  4.905  4.956  4.970  5.055  4.997  5.103  4.949  4.890  4.954  4.934  4.927  5.030  5.017  5.011  5.094  4.977  4.875  4.990  4.924  4.749  4.771  4.836  4.779  4.745  4.875  4.927  4.905  4.920  4.905  4.956  4.890  4.883  4.752  4.852  4.796  4.937
5.864  5.693  5.749  5.786  5.781  5.775  5.881  5.883  5.793  6.045  5.853  5.845  5.903  5.730  5.838  5.672  5.697  5.753  5.945  5.705  5.799  5.765  5.670  5.725  5.600  5.710  5.670  5.635  5.613  5.730  5.717  5.598  5.622  5.759  5.889  5.693  5.624  5.714  5.663  5.697  5.493  5.757
5.448  5.260  5.256  5.173  5.393  5.313  5.281  5.262  5.170  5.501  5.380  5.308  5.283  5.341  5.293  5.293  5.176  5.371  5.394  5.161  5.288  5.215  5.416  5.421  5.150  5.204  5.257  5.313  5.252  5.371  5.226  5.298  5.097  5.100  5.342  5.236  5.112  5.236  5.352  5.242  4.997  5.204
5.513  5.421  5.525  5.442  5.360  5.403  5.412  5.398  5.453  5.509  5.481  5.513  5.451  5.366  5.460  5.328  5.337  5.209  5.407  5.394  5.412  5.451  5.375  5.468  5.252  5.225  5.252  5.223  5.182  5.298  5.307  5.263  5.342  5.287  5.407  5.342  5.382  5.278  5.257  5.176  5.129  5.313
5.502  5.118  5.328  5.356  5.357  5.275  5.361  5.429  5.394  5.714  5.638  5.483  5.680  5.791  5.753  5.136  5.170  5.263  5.459  5.293  5.366  5.217  5.305  5.361  5.153  5.108  5.209  5.045  5.017  5.170  5.197  5.106  5.273  5.278  5.209  5.283  5.112  5.347  5.242  5.181  5.147  5.263
3.892  4.043  3.871  3.761  3.871  3.871  3.761  3.784  3.807  3.932  3.807  3.912  4.025  3.871  4.116  3.846  3.829  3.757  3.892  4.060  3.989  3.892  3.871  3.867  3.951  3.807  3.807  3.738  3.871  3.638  3.761  3.951  3.829  3.761  3.738  3.829  3.689  3.877  3.733  3.689  3.526  3.784
4.127  3.970  3.932  4.007  3.932  3.912  3.932  3.871  3.912  4.025  3.908  3.928  4.159  4.246  4.025  3.970  3.985  4.025  4.060  4.043  4.004  3.912  4.174  4.007  3.970  3.892  3.871  3.892  3.780  3.807  3.951  3.970  3.912  3.761  3.951  3.970  3.714  3.807  3.714  3.871  3.761  3.932
5.103  4.963  5.091  4.905  4.977  5.247  5.019  4.924  5.103  5.112  4.977  5.050  5.063  4.868  4.997  4.844  4.990  4.934  5.135  4.970  5.069  4.987  5.017  5.147  4.796  4.828  4.856  4.883  4.771  4.762  4.769  4.975  5.030  4.898  4.852  4.898  4.762  4.828  4.860  4.766  4.937  4.836
4.595  4.585  4.635  4.691  4.533  4.663  4.595  4.543  4.625  4.787  4.640  4.730  4.635  4.449  4.644  4.431  4.564  4.593  4.575  4.673  4.673  4.605  4.454  4.644  4.500  4.489  4.369  4.466  4.394  4.595  4.431  4.494  4.700  4.682  4.466  4.570  4.570  4.466  4.394  4.344  4.407  4.443
3.961  3.951  4.025  3.942  3.829  3.989  4.231  4.025  4.094  4.290  3.989  4.078  4.281  4.174  4.248  4.111  4.190  3.892  4.074  4.043  4.174  4.234  4.043  4.231  4.078  3.970  4.025  3.802  4.025  4.043  3.970  4.043  3.932  4.007  4.043  3.989  4.127  3.970  3.912  3.807  3.947  3.908
4.025  4.078  4.111  4.205  3.932  4.159  3.989  4.127  4.171  4.078  4.025  4.156  4.174  4.094  4.174  4.094  4.143  3.951  4.094  4.094  4.220  4.220  3.871  4.190  3.912  3.829  4.127  3.932  4.103  4.111  3.850  4.190  4.116  4.078  4.069  4.078  4.025  4.091  3.871  3.871  4.048  4.040
5.892  5.690  5.713  5.823  5.779  5.814  5.640  5.795  5.697  6.014  5.919  5.838  5.916  5.742  5.900  5.733  5.557  5.736  5.827  5.903  5.760  5.726  5.836  5.866  5.489  5.663  5.654  5.700  5.513  5.595  5.631  5.533  5.601  5.663  5.673  5.728  5.606  5.814  5.808  5.648  5.565  5.652
5.436  5.197  5.242  5.371  5.297  5.338  5.236  5.357  5.257  5.429  5.272  5.323  5.377  5.308  5.360  5.293  5.318  5.241  5.303  5.407  5.252  5.308  5.291  5.333  5.106  5.247  5.226  5.055  5.130  5.130  5.124  5.252  5.254  5.220  5.278  5.223  5.236  5.318  5.268  5.118  5.133  5.182
4.344  4.094  4.341  4.140  4.057  3.970  4.094  4.127  4.263  4.140  4.060  4.171  4.295  4.253  4.290  4.025  4.187  4.190  4.234  4.317  4.380  4.248  4.091  4.190  4.277  4.143  4.060  3.951  3.912  3.951  4.159  4.220  4.174  4.159  4.048  4.111  4.159  4.078  4.220  4.025  4.140  4.108
4.344  4.205  4.301  4.533  4.277  4.443  4.277  4.234  4.143  4.382  4.416  4.369  4.431  4.386  4.419  4.246  4.290  4.394  4.564  4.668  4.328  4.331  4.263  4.401  4.143  4.324  4.143  4.174  4.007  4.007  4.331  4.111  4.431  4.277  4.190  4.263  4.246  4.575  4.369  4.407  4.205  4.297
4.511  4.466  4.533  4.530  4.635  4.595  4.615  4.543  4.673  4.663  4.454  4.727  4.682  4.682  4.875  4.585  4.680  4.676  4.682  4.685  4.844  4.615  4.585  4.745  4.472  4.460  4.585  4.522  4.575  4.522  4.585  4.500  4.605  4.585  4.820  4.615  4.677  4.564  4.443  4.454  4.536  4.615
4.790  4.610  4.625  4.736  4.710  4.787  4.625  4.543  4.710  4.868  4.754  4.771  4.848  4.745  4.889  4.668  4.615  4.682  4.787  4.896  4.860  4.828  4.652  4.804  4.754  4.585  4.718  4.610  4.663  4.608  4.615  4.727  4.635  4.615  4.812  4.736  4.543  4.710  4.700  4.663  4.620  4.644
4.567  4.489  4.583  4.369  4.514  4.538  4.486  4.431  4.615  4.700  4.344  4.595  4.564  4.682  4.710  4.511  4.466  4.564  4.625  4.691  4.787  4.682  4.522  4.745  4.533  4.511  4.564  4.407  4.454  4.522  4.394  4.562  4.575  4.522  4.543  4.610  4.489  4.489  4.452  4.344  4.443  4.514
5.030  4.920  5.112  5.118  5.059  5.075  4.984  5.056  5.081  5.225  5.023  5.193  5.193  5.209  5.278  5.097  5.088  5.112  5.215  5.130  5.293  5.244  5.088  5.208  4.913  4.984  4.942  4.963  4.828  5.056  4.956  4.889  5.007  5.063  5.068  5.063  4.875  4.992  5.093  5.004  4.949  5.081
4.644  4.691  4.673  4.663  4.682  4.654  4.682  4.691  4.796  4.812  4.736  4.654  4.771  4.779  4.787  4.554  4.690  4.691  4.700  4.779  4.852  4.771  4.745  4.745  4.585  4.533  4.605  4.554  4.552  4.511  4.796  4.613  4.615  4.736  4.754  4.691  4.652  4.644  4.662  4.663  4.635  4.673
4.159  4.220  4.248  4.369  4.171  4.344  4.151  4.159  4.341  4.304  4.140  4.263  4.248  4.277  4.449  4.060  4.234  4.416  4.190  4.404  4.369  4.190  4.205  4.344  4.111  4.171  4.277  4.304  4.270  4.140  4.331  4.127  4.248  4.171  4.248  4.127  4.263  4.248  4.159  4.159  4.108  4.248
