5.298  5.130  5.246  5.169  5.176  5.207  5.407  5.182  5.316  5.416  5.257  5.380  5.420  5.357  5.400  5.251  5.389  5.165  5.303  5.338  5.357  5.347  5.347  5.424  5.384  5.380  5.352  5.413  5.497  5.509  5.956  5.756  5.999  5.147  5.182  5.130  5.164  5.066  5.030  5.029  4.973  5.153
5.652  5.565  5.553  5.493  5.485  5.509  5.753  5.587  5.680  5.720  5.557  5.670  5.697  5.572  5.649  5.645  5.568  5.403  5.684  5.566  5.724  5.749  5.680  5.803  5.787  5.813  5.697  5.705  5.759  5.922  6.103  6.039  6.082  5.481  5.620  5.557  5.485  5.416  5.391  5.378  5.288  5.429
4.743  4.663  4.820  4.920  4.625  4.779  4.779  4.625  4.714  4.673  4.585  4.871  4.827  4.498  4.673  4.644  4.570  4.654  4.949  4.745  4.858  4.700  4.644  4.511  4.663  4.585  4.335  4.394  4.407  4.595  4.331  4.615  4.673  4.769  4.682  4.691  4.533  4.615  4.440  4.394  4.583  4.682
4.659  4.331  4.860  4.787  4.754  4.779  4.734  4.734  4.836  4.836  4.431  4.754  4.691  4.620  4.794  4.644  4.663  4.583  4.984  4.860  4.820  4.727  4.635  4.593  4.663  4.635  4.543  4.407  4.290  4.394  4.394  4.618  4.771  4.613  4.625  4.640  4.615  4.605  4.635  4.522  4.779  4.615
5.147  4.977  5.193  5.193  5.069  5.112  5.004  5.153  4.934  5.257  5.328  5.146  5.231  5.112  5.247  4.942  4.828  5.024  5.024  5.222  5.118  5.043  5.063  4.970  4.966  4.787  4.902  4.836  4.745  4.736  5.147  4.919  4.952  4.942  4.989  4.883  4.920  5.043  5.030  5.004  5.118  5.011
6.372  6.023  6.308  6.282  6.238  6.207  6.098  6.254  6.238  6.402  6.422  6.324  6.258  6.285  6.346  6.146  6.049  6.217  6.280  6.202  6.356  6.125  6.089  6.009  6.100  6.111  5.951  6.096  5.765  5.838  6.031  6.165  6.035  6.066  6.166  6.103  5.966  6.246  6.312  6.129  6.151  6.075
5.347  5.684  5.231  5.377  5.323  5.278  5.638  5.293  5.365  5.472  5.493  5.529  5.549  5.521  5.559  5.445  5.572  5.318  5.375  5.308  5.541  5.609  5.609  5.617  5.352  5.256  5.388  5.268  5.384  5.568  5.429  5.564  5.175  5.451  5.609  5.333  5.525  5.226  5.354  5.298  5.238  5.085
4.804  4.909  4.804  4.796  4.673  4.700  4.898  4.775  4.760  4.875  4.779  4.732  4.811  4.762  4.907  4.762  4.840  4.804  4.831  4.820  4.934  5.024  4.787  4.963  4.654  4.775  4.700  4.543  4.754  4.663  4.682  4.727  4.754  4.843  4.736  4.787  4.836  4.754  4.710  4.771  4.811  4.615
6.107  6.129  6.096  6.071  6.120  6.226  6.284  6.183  6.337  6.477  6.303  6.230  6.514  6.358  6.375  6.382  6.287  6.280  6.555  6.407  6.457  6.782  6.974  6.901  7.343  7.425  7.359  8.010  7.751  7.852  6.223  5.881  5.991  6.186  6.201  6.163  6.208  6.100  6.100  6.101  6.009  5.979
6.454  6.658  6.422  6.361  6.447  6.501  6.767  6.452  6.729  6.802  6.677  6.669  6.750  6.608  6.628  6.672  6.742  6.475  6.713  6.535  6.741  6.940  7.119  7.034  7.153  7.259  7.311  7.606  7.663  7.690  6.610  6.404  6.373  6.560  6.695  6.615  6.640  6.477  6.448  6.427  6.347  6.347
6.161  5.943  5.966  6.011  6.118  5.957  5.852  5.971  5.823  6.241  6.188  6.010  6.203  6.126  6.248  5.986  5.785  6.045  6.068  6.084  5.924  5.948  6.040  5.955  5.680  5.835  5.808  5.774  5.802  5.785  5.958  5.725  5.889  5.838  5.905  6.001  5.841  6.057  6.050  5.989  5.775  5.814
5.687  5.541  5.688  5.635  5.572  5.619  5.613  5.642  5.560  5.728  5.717  5.754  5.822  5.694  5.784  5.595  5.515  5.505  5.634  5.717  5.521  5.533  5.580  5.666  5.328  5.389  5.539  5.501  5.429  5.273  5.652  5.361  5.481  5.505  5.541  5.576  5.459  5.632  5.609  5.525  5.393  5.438
5.371  5.673  5.723  5.608  5.333  5.493  5.568  5.291  5.784  5.711  5.687  5.509  5.489  5.576  5.771  5.322  5.505  5.347  5.666  5.549  5.652  5.421  5.481  5.576  5.429  5.361  5.187  5.357  5.016  5.351  5.371  5.467  5.313  5.460  5.488  5.442  5.366  5.519  5.357  5.469  5.501  5.565
6.242  6.261  6.196  6.354  6.263  6.281  6.240  6.150  6.155  6.299  6.332  6.248  6.384  6.337  6.425  6.262  6.299  6.180  6.240  6.263  6.297  6.347  6.271  6.354  6.138  6.031  6.118  6.047  6.089  6.037  6.293  6.266  6.244  6.299  6.349  6.339  6.263  6.215  6.361  6.207  6.136  6.028
4.477  4.248  4.443  4.525  4.404  4.315  4.248  4.344  4.179  4.401  4.331  4.466  4.472  4.522  4.466  4.234  4.428  4.234  4.477  4.511  4.575  4.369  4.348  4.431  4.248  4.288  4.317  4.241  4.159  4.127  4.220  4.190  4.234  4.277  4.263  4.308  4.263  4.217  4.246  4.277  4.304  4.159
4.585  4.382  4.443  4.613  4.533  4.464  4.248  4.564  4.382  4.564  4.413  4.588  4.525  4.477  4.552  4.234  4.331  4.516  4.564  4.644  4.557  4.443  4.428  4.500  4.344  4.205  4.350  4.127  4.205  4.234  4.382  4.404  4.494  4.341  4.407  4.344  4.382  4.477  4.516  4.394  4.277  4.419
5.318  5.283  5.153  5.278  5.302  5.357  5.193  5.257  5.226  5.303  5.384  5.329  5.384  5.442  5.464  5.252  5.069  5.357  5.311  5.288  5.117  5.236  5.438  5.439  5.043  5.123  5.204  5.118  4.997  5.112  5.124  5.029  5.231  5.106  5.037  5.153  5.118  5.146  5.323  5.257  5.011  5.078
4.754  4.752  4.792  4.819  4.889  4.796  4.673  4.812  4.769  4.732  4.749  4.852  4.762  4.905  4.997  4.760  4.605  4.870  5.078  4.860  4.877  4.808  4.700  4.794  4.663  4.610  4.625  4.595  4.500  4.554  4.575  4.745  4.898  4.625  4.652  4.762  4.677  4.796  4.771  4.615  4.718  4.680
5.775  5.613  5.658  5.762  5.771  5.753  5.733  5.670  5.695  5.919  5.859  5.858  5.902  5.844  5.897  5.775  5.737  5.796  5.963  5.849  5.978  5.894  5.838  5.855  5.716  5.645  5.635  5.606  5.450  5.537  5.649  5.677  5.666  5.700  5.804  5.787  5.759  5.614  5.605  5.681  5.631  5.748
5.895  5.855  5.796  5.916  5.855  5.874  5.945  5.753  5.951  6.008  5.948  5.958  6.087  5.958  6.011  5.869  5.886  5.879  6.047  5.790  6.017  5.964  5.956  5.920  5.846  5.872  5.875  5.799  5.620  5.790  5.922  5.652  5.844  5.989  5.897  5.914  5.903  5.771  5.706  5.820  5.760  5.811
5.507  5.333  5.517  5.497  5.403  5.416  5.525  5.481  5.529  5.549  5.273  5.519  5.737  5.476  5.765  5.595  5.583  5.438  5.746  5.677  5.710  5.529  5.416  5.572  5.559  5.583  5.333  5.243  5.231  5.257  5.370  5.447  5.493  5.583  5.489  5.485  5.472  5.316  5.303  5.268  5.464  5.384
6.393  6.250  6.397  6.519  6.415  6.479  6.535  6.395  6.413  6.477  6.351  6.510  6.640  6.454  6.603  6.363  6.555  6.370  6.662  6.588  6.657  6.472  6.381  6.481  6.355  6.446  6.269  6.155  6.176  6.232  6.246  6.360  6.508  6.485  6.537  6.427  6.364  6.353  6.133  6.242  6.397  6.397
