4.174  5.509  5.425  5.709  5.687  5.704  5.749  5.829  5.775  5.934  5.746  5.590  5.673  5.673  5.681  5.598  5.624  5.413  5.737  5.609  5.680  5.631  5.548  5.631  5.568  5.491  5.541  5.393  5.464  5.561  5.565  5.505  5.635  5.485  5.798  5.700  5.591  5.649  5.649  5.481  5.549  5.602
4.094  5.347  5.352  5.505  5.442  5.505  5.553  5.687  5.638  5.628  5.553  5.505  5.424  5.472  5.485  5.468  5.435  5.242  5.476  5.464  5.425  5.425  5.384  5.375  5.438  5.389  5.380  5.165  5.130  5.247  5.293  5.278  5.481  5.209  5.464  5.407  5.220  5.412  5.464  5.380  5.333  5.434
4.357  4.094  4.190  4.043  4.060  4.025  4.156  4.143  4.344  4.344  4.004  4.317  4.290  4.304  4.331  4.091  4.043  4.078  4.454  3.989  4.376  4.060  4.382  4.248  4.127  3.989  4.094  4.220  4.007  4.043  4.007  4.007  4.091  4.127  4.220  4.119  3.989  4.156  4.167  4.094  4.007  4.202
3.951  4.078  3.912  3.951  4.007  3.902  4.220  4.174  4.234  4.174  4.060  4.248  4.156  4.094  4.290  4.078  3.932  4.190  4.143  4.025  4.202  4.108  4.111  4.143  4.007  3.970  4.007  3.970  3.738  4.007  4.111  3.902  4.043  3.932  4.159  4.108  4.048  4.159  3.908  3.912  3.829  3.932
4.382  4.416  4.263  4.143  4.174  4.315  4.380  4.357  4.267  4.416  4.344  4.284  4.404  4.431  4.595  4.234  4.052  4.043  4.304  4.317  4.290  4.344  4.290  4.367  4.220  4.111  4.135  4.127  4.060  4.277  4.331  4.111  4.069  4.331  4.308  4.220  4.220  3.922  4.143  4.205  3.829  4.234
4.174  4.040  3.932  4.025  3.888  3.985  4.220  4.004  3.892  4.288  4.025  4.060  4.321  4.190  4.277  4.060  3.947  4.007  4.205  4.248  4.143  4.159  4.111  4.205  4.078  4.078  4.119  3.807  3.757  3.932  4.007  3.892  4.078  3.989  3.985  3.951  3.932  3.918  3.892  3.871  3.761  3.892
4.246  3.951  4.078  4.220  3.989  4.182  4.078  4.078  4.190  4.263  4.127  4.190  4.220  4.205  4.260  4.103  4.094  4.127  4.317  4.205  4.143  4.174  4.078  4.202  4.066  3.985  4.025  4.060  3.912  3.892  3.938  4.086  4.143  4.127  3.970  3.989  4.025  4.111  3.951  4.007  3.947  4.007
4.771  4.691  4.783  4.691  4.718  4.779  5.017  4.836  4.922  4.922  4.812  4.786  4.864  4.635  4.771  4.732  4.613  4.541  4.718  4.812  4.699  4.625  4.608  4.794  4.564  4.536  4.428  4.533  4.328  4.625  4.549  4.564  4.522  4.605  4.570  4.736  4.522  4.593  4.595  4.588  4.635  4.663
4.605  4.663  4.533  4.477  4.638  4.564  4.615  4.564  4.511  4.718  4.625  4.654  4.754  4.585  4.828  4.525  4.477  4.477  4.671  4.717  4.673  4.663  4.575  4.726  4.277  4.328  4.394  4.357  4.425  4.407  4.522  4.615  4.454  4.477  4.590  4.663  4.419  4.477  4.454  4.304  4.344  4.431
5.034  4.982  4.997  5.091  4.997  5.030  4.977  4.927  4.913  5.209  5.093  5.036  5.136  5.017  5.081  5.069  4.949  4.927  5.075  5.004  5.030  4.963  4.898  5.118  4.673  4.700  4.913  4.771  4.644  4.710  4.804  4.890  4.836  4.883  4.919  4.966  4.787  4.980  4.997  4.852  4.934  4.868
5.136  5.153  5.263  5.047  5.214  5.236  5.075  5.142  5.182  5.476  5.193  5.226  5.298  5.075  5.380  5.301  5.136  5.303  5.333  5.273  5.352  5.153  5.187  5.372  5.102  4.989  5.052  4.987  4.852  5.153  5.063  5.124  5.252  5.153  5.187  5.181  5.030  5.203  5.165  5.037  5.130  5.112
4.977  4.949  4.779  4.905  4.920  4.919  4.970  4.963  4.990  5.066  4.986  5.091  5.075  5.004  5.247  4.890  4.905  4.883  5.056  4.963  5.056  4.990  4.836  5.009  4.798  4.727  4.787  4.682  4.682  4.844  4.700  4.885  5.003  4.956  4.977  4.836  4.812  4.819  4.883  4.844  4.820  4.843
4.078  4.143  4.094  4.234  4.060  4.057  4.304  4.132  4.078  4.246  4.304  4.197  4.190  4.127  4.331  4.094  4.111  4.127  4.407  4.205  4.317  4.220  4.060  4.174  3.970  4.007  4.007  4.066  3.784  4.143  4.078  3.967  3.932  4.159  4.094  4.174  4.217  4.083  4.052  3.970  3.871  4.007
4.304  4.452  4.143  4.331  4.344  4.190  4.357  4.321  4.315  4.522  4.440  4.301  4.454  4.522  4.580  4.434  4.317  4.321  4.354  4.407  4.564  4.541  4.394  4.466  4.263  4.248  4.174  4.231  4.143  4.238  4.248  4.419  4.263  4.331  4.328  4.407  4.205  4.317  4.284  4.224  4.263  4.248
4.217  4.190  4.116  3.912  4.111  4.043  4.007  3.922  4.043  4.220  3.951  4.167  4.357  4.234  4.234  4.007  4.111  4.267  4.043  4.367  4.119  4.159  4.094  4.220  4.025  3.850  4.057  4.078  4.111  3.892  4.234  4.069  4.143  4.025  4.043  4.043  4.007  3.784  3.998  4.143  3.871  3.951
4.025  4.078  4.094  4.127  3.970  3.989  4.127  4.025  4.174  4.190  3.970  4.220  4.263  4.317  4.382  4.174  4.220  4.043  4.190  4.246  4.394  4.111  4.205  4.317  4.220  3.970  4.220  3.888  3.989  3.932  4.043  4.111  4.086  4.111  4.190  4.078  4.078  3.932  4.078  3.970  4.043  3.970
4.174  4.174  4.060  4.197  4.209  4.025  4.159  4.127  4.127  4.234  4.159  4.234  4.290  4.331  4.317  4.094  4.224  3.932  4.220  4.321  4.231  4.260  4.025  4.267  4.060  4.311  4.007  3.970  4.156  3.932  3.985  4.108  4.159  4.111  4.174  4.220  3.989  4.143  4.159  4.007  4.060  4.217
3.738  3.658  3.714  3.664  3.761  3.664  3.738  3.802  3.829  3.784  3.714  3.664  3.761  3.738  3.850  3.850  3.846  3.696  3.761  3.761  4.025  3.807  3.584  3.689  3.802  3.738  3.632  3.584  3.791  3.555  3.689  3.835  3.888  3.714  3.761  3.638  3.624  3.611  3.526  3.611  3.664  3.664
5.165  5.066  5.112  5.063  5.196  5.182  5.307  5.198  5.097  5.695  5.360  5.218  5.404  5.147  5.386  5.063  4.992  5.147  5.312  5.118  5.263  5.288  5.273  5.398  4.691  4.836  4.963  4.890  4.954  5.187  5.004  5.278  5.204  5.182  5.187  5.050  5.024  5.126  5.233  5.094  4.942  5.017
5.878  5.799  5.727  5.832  5.849  5.878  5.677  5.872  5.740  5.919  5.882  5.878  5.945  5.817  5.989  5.707  5.687  5.781  5.832  5.899  5.826  5.788  5.771  5.829  5.455  5.597  5.601  5.656  5.531  5.680  5.609  5.775  5.808  5.784  5.778  5.770  5.778  5.932  5.879  5.700  5.666  5.702
4.078  3.970  4.111  4.025  4.043  4.025  4.205  4.277  4.321  4.108  4.127  4.060  4.091  4.277  4.241  4.060  3.989  4.094  4.205  4.248  4.407  4.043  4.057  4.190  5.226  3.957  4.060  4.007  3.871  3.882  3.970  4.190  4.277  4.174  4.111  4.025  3.932  3.989  3.850  4.013  4.043  3.932
4.575  4.277  4.500  4.615  4.511  4.543  4.337  4.431  4.520  4.575  4.394  4.554  4.503  4.369  4.635  4.277  4.301  4.394  4.682  4.714  4.554  4.500  4.440  4.615  4.382  4.458  4.174  4.382  4.220  4.159  4.220  4.489  4.580  4.398  4.500  4.437  4.388  4.595  4.328  4.190  4.407  4.475
