4.301  4.357  4.315  4.328  4.394  4.554  4.369  4.281  4.321  4.437  4.363  4.475  4.640  4.516  4.575  4.630  4.348  4.464  4.516  4.522  4.452  4.205  4.301  4.407  4.331  4.401  4.234  4.277  4.263  4.248  4.337  4.182  4.187  4.277  4.260  4.290  4.369  4.344  4.605  4.274  4.143  4.460
5.196  5.088  4.970  5.069  5.226  5.361  5.136  5.130  5.170  5.220  5.283  5.136  5.260  5.338  5.268  5.182  4.900  5.257  5.136  5.088  5.252  5.094  5.226  5.201  5.004  5.004  5.069  5.207  4.977  4.913  4.997  4.947  5.017  5.231  5.106  5.049  5.277  5.215  5.118  5.342  4.904  5.138
4.454  4.407  4.431  4.575  4.464  4.541  4.511  4.564  4.511  4.564  4.361  4.615  4.687  4.522  4.673  4.489  4.304  4.511  4.625  4.564  4.644  4.554  4.419  4.522  4.357  4.431  4.419  4.277  4.344  4.344  4.443  4.500  4.554  4.317  4.477  4.440  4.460  4.431  4.603  4.382  4.317  4.520
4.205  4.159  4.190  3.961  4.094  4.382  4.304  4.108  4.205  4.190  4.007  4.190  4.419  4.304  4.220  4.127  4.083  3.970  4.331  4.190  4.304  4.159  4.220  4.290  4.040  4.159  3.951  4.167  3.892  3.871  4.007  4.043  3.951  3.970  4.078  4.231  4.174  4.091  4.007  4.190  3.970  4.040
4.657  4.543  4.361  4.422  4.477  4.541  4.605  4.554  4.718  4.649  4.575  4.654  4.635  4.754  4.812  4.691  4.369  4.407  4.486  4.554  4.562  4.331  4.477  4.500  4.477  4.419  4.382  4.416  4.382  4.238  4.454  4.331  4.466  4.449  4.407  4.344  4.533  4.394  4.369  4.452  4.394  4.337
4.437  4.260  4.369  4.466  4.357  4.394  4.394  4.317  4.344  4.404  4.357  4.407  4.500  4.248  4.475  4.341  4.317  4.404  4.284  4.440  4.357  4.263  4.290  4.263  4.263  4.094  4.127  4.263  3.892  3.932  4.277  4.234  4.143  4.369  4.357  4.277  4.143  4.324  4.263  4.311  4.060  4.234
4.564  4.159  4.431  4.382  4.615  4.543  4.605  4.369  4.533  4.691  4.443  4.654  4.673  4.710  4.691  4.700  4.357  4.578  4.605  4.663  4.673  4.407  4.522  4.533  4.443  4.431  4.522  4.350  4.290  4.431  4.369  4.308  4.337  4.392  4.419  4.533  4.344  4.575  4.290  4.331  4.234  4.392
3.714  3.555  3.584  3.638  3.846  3.555  3.658  3.780  3.611  3.526  3.664  3.611  3.726  3.871  3.714  3.597  3.757  3.738  3.761  3.871  3.761  3.784  3.738  3.638  3.434  3.526  3.584  3.584  3.526  3.611  3.671  3.714  3.638  3.605  3.497  3.714  3.638  3.784  3.541  3.466  3.638  3.664
5.832  5.481  5.670  5.631  5.811  5.821  5.663  5.799  5.743  5.897  5.799  5.855  5.802  5.762  5.768  5.649  5.333  5.709  5.791  5.624  5.553  5.384  5.442  5.464  5.505  5.569  5.493  5.501  5.121  5.389  5.464  5.153  5.422  5.529  5.438  5.333  5.451  5.500  5.497  5.549  5.412  5.557
3.989  4.066  3.951  3.951  3.951  3.970  4.190  3.970  3.970  4.248  4.111  4.025  4.171  4.078  4.086  4.205  3.932  3.898  4.127  4.099  4.127  3.912  3.951  3.932  3.784  3.871  3.807  3.807  3.902  3.951  3.871  3.912  3.784  3.932  3.912  3.970  3.970  3.689  3.784  3.784  3.689  3.784
4.934  4.754  4.796  4.844  4.844  4.796  4.802  4.796  4.745  4.934  4.787  4.905  4.905  4.736  4.890  4.875  4.489  4.779  4.718  4.913  4.796  4.585  4.727  4.762  4.541  4.663  4.652  4.694  4.394  4.554  4.745  4.477  4.635  4.603  4.700  4.615  4.663  4.934  4.700  4.717  4.437  4.710
4.277  4.025  3.951  4.127  4.111  4.140  4.022  4.025  4.103  4.304  4.248  4.179  4.227  4.124  4.127  4.025  3.970  4.078  4.205  4.143  4.127  4.025  3.998  4.040  3.850  3.784  3.871  3.829  3.780  3.970  4.060  4.057  4.007  3.989  4.043  4.007  3.970  4.060  3.908  4.119  3.784  3.932
5.525  5.557  5.464  5.394  5.561  5.566  5.568  5.580  5.568  5.622  5.784  5.693  5.765  5.628  5.672  5.501  5.338  5.598  5.541  5.442  5.412  5.398  5.517  5.557  5.247  5.303  5.394  5.342  5.220  5.302  5.638  5.263  5.136  5.371  5.281  5.434  5.493  5.317  5.464  5.447  5.186  5.384
4.263  4.174  4.007  4.290  4.078  4.043  3.970  4.127  4.143  4.260  4.159  4.260  4.324  4.290  4.238  4.140  4.151  4.220  4.127  4.124  4.231  4.190  4.260  4.220  3.970  4.094  4.043  3.892  4.111  4.159  4.108  4.078  3.989  4.143  4.190  4.043  4.007  4.060  3.951  4.007  3.829  3.951
3.714  3.664  3.584  3.526  3.638  3.434  3.526  3.578  3.597  3.611  3.664  3.611  3.757  3.578  3.689  3.632  3.611  3.584  3.714  3.818  3.784  3.555  3.664  3.611  3.497  3.638  3.497  3.578  3.428  3.584  3.332  3.466  3.611  3.605  3.689  3.584  3.497  3.296  3.584  3.611  3.497  3.434
3.332  3.497  3.466  3.367  3.497  3.434  3.526  3.401  3.466  3.466  3.332  3.434  3.497  3.444  3.497  3.564  3.401  3.434  3.584  3.605  3.526  3.434  3.401  3.597  3.367  3.434  3.332  3.526  3.434  3.526  3.434  3.497  3.434  3.367  3.497  3.296  3.401  3.466  3.367  3.219  3.332  3.258
4.956  4.635  4.727  4.934  5.081  4.836  4.794  4.727  4.741  4.907  5.013  5.045  5.050  4.942  5.017  4.771  4.522  4.890  4.963  4.898  4.890  4.673  4.860  4.673  4.708  4.682  4.608  4.745  4.382  4.505  4.598  4.511  4.771  4.691  4.615  4.745  4.673  4.779  4.852  4.700  4.779  4.820
3.401  3.490  3.584  3.466  3.526  3.434  3.611  3.526  3.555  3.367  3.332  3.611  3.584  3.611  3.658  3.520  3.497  3.466  3.611  3.689  3.689  3.497  3.526  3.611  3.296  3.466  3.497  3.526  3.428  3.570  3.459  3.611  3.555  3.466  3.526  3.466  3.367  3.434  3.258  3.367  3.555  3.434
5.056  5.094  4.868  4.913  5.130  4.949  4.997  4.963  5.011  5.159  5.130  5.063  5.153  5.106  5.170  5.030  4.984  4.990  4.927  4.980  4.984  5.193  5.100  5.136  4.745  4.979  5.043  4.843  4.875  4.997  4.934  4.913  4.820  4.905  4.905  5.153  5.045  4.920  5.081  4.997  4.787  4.796
4.505  4.615  4.321  4.331  4.460  4.331  4.205  4.234  4.394  4.443  4.431  4.392  4.564  4.404  4.554  4.382  4.331  4.386  4.331  4.419  4.662  4.428  4.431  4.605  4.263  4.060  4.304  4.331  4.159  4.234  4.354  4.060  4.156  4.331  4.331  4.443  4.337  4.317  4.369  4.127  4.174  4.331
3.689  3.497  3.497  3.401  3.584  3.526  3.466  3.497  3.520  3.664  3.401  3.611  3.638  3.664  3.757  3.497  3.578  3.466  3.761  3.684  3.550  3.584  3.434  3.578  3.664  3.535  3.632  3.466  3.367  3.497  3.401  3.638  3.584  3.401  3.497  3.611  3.367  3.466  3.332  3.466  3.367  3.555
3.664  3.584  3.611  3.605  3.497  3.651  3.434  3.611  3.676  3.611  3.555  3.714  3.829  3.892  3.912  3.738  3.714  3.676  3.605  3.750  3.784  3.664  3.555  3.611  3.428  3.497  3.466  3.434  3.401  3.497  3.497  3.526  3.555  3.497  3.664  3.689  3.605  3.611  3.638  3.555  3.550  3.611
