5.247  5.017  5.069  4.963  5.081  5.209  5.118  5.197  5.081  5.165  5.100  5.142  5.118  5.150  5.153  5.037  4.860  5.142  5.124  5.118  5.130  5.069  5.112  5.102  5.011  5.153  5.068  5.170  4.997  4.956  5.006  4.836  5.017  5.136  5.130  5.106  5.029  5.112  5.017  5.037  4.984  5.049
4.883  4.663  4.836  4.543  4.635  4.718  4.783  4.898  4.815  4.890  4.754  4.860  4.787  4.736  4.898  4.727  4.663  4.710  4.652  4.745  4.934  4.804  4.796  4.883  4.500  4.700  4.726  4.500  4.509  4.605  4.649  4.585  4.625  4.787  4.700  4.828  4.754  4.644  4.543  4.522  4.431  4.812
5.100  4.927  5.052  5.063  4.984  4.984  5.053  5.043  5.043  5.226  5.075  5.236  5.124  5.112  5.111  5.016  4.920  5.037  5.105  5.168  5.153  5.085  4.992  5.047  5.066  4.852  4.828  4.927  4.760  4.836  4.915  4.977  5.037  4.956  4.949  4.879  4.956  4.883  4.905  4.836  4.796  4.975
4.748  4.595  4.625  4.836  4.642  4.522  4.727  4.754  4.718  4.762  4.710  4.820  4.615  4.745  4.779  4.654  4.605  4.663  4.866  4.802  4.870  4.718  4.511  4.696  4.705  4.635  4.557  4.489  4.317  4.392  4.454  4.625  4.710  4.787  4.663  4.466  4.498  4.431  4.543  4.595  4.500  4.625
5.004  4.997  4.938  4.963  5.075  4.894  5.050  5.124  5.117  5.303  4.963  5.024  5.034  5.043  5.212  5.017  4.926  4.949  5.227  4.920  5.017  5.007  4.852  4.836  4.898  4.905  4.898  4.771  4.714  4.933  4.836  4.820  4.990  4.997  5.011  5.056  4.868  4.970  4.796  4.868  4.824  5.011
5.497  5.366  5.533  5.468  5.407  5.389  5.549  5.580  5.572  5.613  5.434  5.684  5.575  5.457  5.535  5.298  5.397  5.442  5.662  5.486  5.481  5.460  5.372  5.389  5.357  5.352  5.226  5.223  5.124  5.293  5.371  5.394  5.438  5.338  5.521  5.442  5.215  5.338  5.298  5.354  5.313  5.398
4.820  4.754  4.718  4.836  4.718  4.762  4.769  4.819  4.777  4.893  4.812  5.030  4.963  4.896  4.933  4.812  4.819  4.934  4.949  4.820  4.852  4.868  4.828  4.858  4.779  4.982  4.771  4.828  4.762  4.779  4.802  4.745  4.754  4.819  4.745  4.875  4.786  4.762  4.812  4.734  4.659  4.654
4.977  5.037  4.682  4.703  4.786  4.754  4.963  4.718  4.718  5.061  5.011  4.854  5.069  4.847  5.043  4.828  4.840  4.836  4.868  4.852  4.956  4.963  4.836  4.934  4.700  4.705  4.963  4.721  4.812  4.771  4.875  4.920  4.663  4.762  4.836  4.931  4.779  4.549  4.673  4.615  4.654  4.712
4.690  4.466  4.754  4.663  4.794  4.663  4.595  4.736  4.575  4.850  4.796  4.754  4.890  4.726  4.718  4.635  4.564  4.700  4.771  4.916  4.745  4.595  4.575  4.644  4.635  4.727  4.533  4.666  4.341  4.595  4.691  4.635  4.585  4.691  4.657  4.585  4.635  4.654  4.605  4.635  4.736  4.575
5.323  4.977  5.187  5.394  5.130  5.030  5.004  5.215  4.963  5.268  5.282  5.176  5.226  5.197  5.209  5.056  4.977  5.142  5.215  5.415  5.114  5.011  4.905  5.027  4.927  4.844  4.926  4.956  4.762  4.860  4.990  5.004  5.094  4.875  4.984  5.027  4.942  5.333  5.226  5.124  5.004  5.074
5.533  5.298  5.375  5.445  5.460  5.476  5.468  5.407  4.958  5.494  5.288  5.490  5.602  5.226  5.630  5.394  5.380  5.360  5.505  5.472  5.509  5.292  5.263  5.583  5.384  5.338  5.323  5.273  5.323  5.198  5.308  5.303  5.489  5.379  5.489  5.412  5.288  5.323  5.297  5.380  5.264  5.403
4.745  4.652  4.710  4.691  4.804  4.723  4.812  4.718  4.460  4.792  4.652  4.850  5.001  4.700  4.937  4.690  4.802  4.745  4.794  4.913  4.984  4.802  4.786  4.820  4.736  4.762  4.673  4.595  4.585  4.522  4.732  4.756  4.779  4.913  4.824  4.745  4.696  4.727  4.625  4.511  4.703  4.700
6.198  5.892  6.086  6.089  6.129  6.047  5.991  6.091  5.987  6.276  6.115  6.080  6.188  6.014  6.222  5.930  5.886  6.096  6.195  6.131  6.075  5.971  5.890  5.989  5.883  5.799  5.958  5.984  5.790  5.835  6.174  6.009  6.118  5.927  5.996  5.986  5.905  6.124  6.238  5.996  5.932  5.883
5.903  5.583  5.759  5.935  5.817  5.714  5.640  5.663  5.645  5.787  5.722  5.711  5.724  5.687  5.932  5.517  5.583  5.677  5.780  5.833  5.808  5.670  5.513  5.690  5.525  5.460  5.403  5.481  5.313  5.467  5.509  5.609  5.724  5.553  5.684  5.632  5.576  5.789  5.697  5.631  5.561  5.627
5.400  5.303  5.252  5.352  5.481  5.489  5.159  5.342  5.214  5.398  5.394  5.257  5.407  5.293  5.515  5.187  5.100  5.372  5.371  5.323  5.438  5.384  5.333  5.407  5.100  5.037  5.193  5.100  4.956  4.977  5.338  5.130  5.276  5.063  5.112  5.313  5.112  5.288  5.308  5.159  5.136  5.209
5.081  4.860  4.931  4.956  4.956  5.024  4.812  4.883  4.883  4.905  4.977  4.828  4.963  4.973  5.043  4.762  4.796  4.970  4.949  5.075  5.112  4.949  4.949  5.037  4.710  4.710  4.605  4.623  4.543  4.700  4.663  4.642  4.898  4.700  4.860  4.743  4.718  4.787  4.820  4.783  4.625  4.766
4.642  4.710  4.564  4.727  4.743  4.745  4.749  4.727  4.615  4.883  4.682  4.836  4.977  4.811  5.056  4.696  4.663  4.687  4.754  4.796  4.786  4.883  4.635  4.836  4.623  4.511  4.754  4.605  4.654  4.615  4.696  4.754  4.654  4.700  4.745  4.820  4.852  4.754  4.673  4.745  4.635  4.673
5.687  5.565  5.628  5.642  5.667  5.707  5.537  5.714  5.628  5.690  5.655  5.799  5.808  5.710  5.814  5.561  5.521  5.629  5.760  5.639  5.635  5.670  5.613  5.650  5.638  5.645  5.613  5.617  5.481  5.352  5.517  5.513  5.483  5.609  5.463  5.659  5.460  5.579  5.529  5.572  5.464  5.468
5.666  5.349  5.652  5.621  5.724  5.691  5.509  5.665  5.649  5.841  5.684  5.817  5.727  5.676  5.840  5.489  5.447  5.638  5.647  5.749  5.628  5.539  5.476  5.576  5.617  5.808  5.666  5.577  5.403  5.537  5.559  5.527  5.841  5.638  5.468  5.571  5.476  5.677  5.578  5.591  5.542  5.642
4.007  4.111  4.127  4.301  4.025  4.174  4.174  4.103  4.167  4.277  4.248  4.248  4.248  4.234  4.344  4.253  4.174  4.143  4.331  4.311  4.277  4.127  4.227  4.331  4.111  4.094  4.143  4.057  4.119  3.998  4.025  4.159  4.220  4.315  4.263  3.970  3.970  4.205  4.074  4.197  4.182  4.159
5.323  5.263  5.204  5.273  5.338  5.375  5.212  5.164  5.328  5.404  5.273  5.330  5.483  5.389  5.505  5.342  5.182  5.361  5.412  5.352  5.298  5.356  5.366  5.513  5.153  5.338  5.234  5.204  5.170  5.252  5.340  5.112  5.273  5.338  5.242  5.400  5.293  5.198  5.037  5.159  5.159  5.168
5.100  5.043  5.004  5.004  4.997  4.973  5.088  5.037  5.037  5.161  4.963  5.155  5.225  5.055  5.198  5.011  5.024  5.017  5.165  5.124  5.298  5.142  5.127  5.094  5.004  5.124  4.933  4.934  4.898  4.860  5.021  4.896  5.063  5.100  5.182  5.182  5.109  4.961  4.890  4.990  5.078  5.016
