5.088  4.949  4.920  4.844  4.875  5.100  5.088  5.063  5.094  5.133  5.130  5.156  5.263  4.959  5.209  4.915  5.124  5.153  5.162  5.030  5.282  5.231  4.927  5.050  4.875  4.868  4.949  4.997  4.860  4.954  4.875  5.182  4.920  5.075  5.105  4.997  5.118  5.036  4.883  4.972  4.804  5.030
4.585  4.475  4.522  4.644  4.489  4.575  4.533  4.443  4.554  4.575  4.500  4.575  4.682  4.533  4.745  4.522  4.511  4.691  4.673  4.654  4.736  4.538  4.564  4.595  4.373  4.263  4.489  4.344  4.234  4.369  4.533  4.407  4.477  4.304  4.369  4.394  4.317  4.317  4.564  4.466  4.394  4.431
4.994  4.956  4.926  4.868  4.927  5.142  4.949  5.081  5.021  5.071  4.905  5.064  5.017  4.898  5.017  4.942  4.898  4.812  4.796  4.898  5.049  5.068  4.956  5.169  4.673  4.762  4.804  4.748  4.862  5.071  4.875  4.885  4.762  4.934  4.836  4.980  4.890  5.001  4.959  5.215  4.736  4.874
5.145  5.063  5.056  5.100  4.844  5.220  5.118  5.100  5.088  5.217  4.956  5.086  5.050  5.004  5.004  5.252  4.927  4.875  4.883  5.081  5.230  5.152  4.975  5.069  4.858  4.796  4.844  4.850  4.970  5.001  4.927  4.940  4.812  4.890  4.956  4.997  5.135  5.096  4.982  4.898  4.787  4.796
5.442  5.328  5.318  5.308  5.344  5.398  5.425  5.308  5.328  5.451  5.384  5.434  5.509  5.421  5.405  5.323  5.298  5.390  5.464  5.313  5.527  5.398  5.242  5.302  5.322  5.204  5.207  5.298  5.181  5.182  5.303  5.328  5.209  5.268  5.357  5.313  5.359  5.333  5.382  5.403  5.263  5.333
5.106  5.029  4.997  5.037  4.994  5.040  5.142  5.024  5.011  4.990  5.124  4.977  5.142  4.956  5.069  5.037  5.004  4.890  5.106  5.011  5.130  5.050  4.949  5.017  4.870  4.828  4.844  4.875  4.673  4.796  4.890  4.875  4.922  4.977  4.905  4.956  4.975  5.100  4.990  5.023  5.042  4.990
6.068  5.948  6.054  5.826  6.026  6.201  6.071  6.122  6.375  6.428  6.057  6.273  6.223  6.082  6.395  6.066  5.885  6.003  6.250  5.852  6.095  5.995  6.009  6.188  5.742  6.005  6.114  5.848  5.710  6.133  5.968  5.846  5.978  6.016  6.172  6.138  5.919  5.908  5.990  5.924  5.677  5.956
5.165  5.100  5.088  5.081  5.118  5.220  5.375  5.263  5.421  5.505  5.631  5.366  5.421  5.421  5.560  5.193  5.236  5.185  5.346  5.140  5.342  5.407  5.342  5.423  5.130  5.112  5.303  5.011  5.259  5.342  5.097  4.984  5.112  5.165  5.338  5.311  5.100  4.927  5.063  5.108  5.011  5.135
5.620  5.434  5.468  5.338  5.361  5.416  5.438  5.442  5.412  5.629  5.666  5.500  5.513  5.442  5.572  5.484  5.338  5.447  5.484  5.474  5.472  5.481  5.472  5.460  5.293  5.250  5.412  5.325  5.198  5.306  5.464  5.255  5.152  5.287  5.361  5.416  5.426  5.360  5.422  5.361  5.030  5.387
6.366  6.087  6.057  6.105  6.092  6.196  6.113  6.180  6.136  6.302  6.277  6.204  6.223  6.124  6.154  6.032  5.969  6.231  6.040  6.186  6.149  6.118  6.057  6.165  5.960  5.948  5.991  6.105  5.905  5.991  6.178  6.048  5.971  5.964  6.033  6.105  6.143  6.135  6.148  6.159  5.974  6.073
4.963  4.736  4.977  4.898  4.896  4.847  4.898  4.727  4.844  5.017  4.949  4.970  4.990  5.050  4.934  4.787  4.796  4.820  4.984  5.024  4.942  4.875  4.745  4.836  4.804  4.852  4.654  4.736  4.500  4.804  4.812  4.812  4.828  4.710  4.913  4.794  4.796  4.771  4.682  4.745  4.708  4.771
5.403  5.283  5.256  5.323  5.347  5.231  5.333  5.333  5.230  5.445  5.379  5.489  5.438  5.283  5.380  5.187  5.268  5.384  5.379  5.474  5.414  5.300  5.303  5.361  5.182  5.268  5.286  5.190  5.118  5.159  5.127  5.170  5.308  5.313  5.251  5.215  5.193  5.298  5.257  5.193  5.257  5.302
5.628  5.582  5.557  5.447  5.444  5.472  5.670  5.591  5.620  5.887  5.710  5.762  5.916  5.924  5.948  5.509  5.472  5.565  5.670  5.601  5.720  5.695  5.576  5.704  5.537  5.497  5.481  5.497  5.421  5.492  5.697  5.580  5.651  5.978  5.984  5.961  5.505  5.468  5.395  5.437  5.352  5.380
5.147  5.111  5.187  5.004  5.121  5.088  5.136  5.063  5.112  5.380  5.303  5.361  5.403  5.268  5.357  5.004  5.153  5.153  5.226  5.118  5.358  5.349  5.226  5.247  5.056  5.017  5.036  5.218  5.093  5.075  5.236  5.257  5.231  5.652  5.583  5.677  5.112  5.011  5.124  4.952  4.990  5.075
4.369  4.277  4.413  4.190  4.443  4.454  4.220  4.533  4.431  4.350  4.078  4.295  4.541  4.431  4.419  4.220  4.274  4.477  4.431  4.477  4.533  4.304  4.328  4.564  4.277  4.078  4.217  4.094  4.135  4.248  4.124  4.263  4.256  4.174  4.304  4.357  4.367  4.124  4.083  4.234  4.263  4.288
4.543  4.595  4.475  4.477  4.673  4.500  4.454  4.635  4.554  4.446  4.234  4.464  4.564  4.779  4.500  4.369  4.431  4.654  4.663  4.505  4.567  4.687  4.682  4.635  4.331  4.288  4.304  4.304  4.127  4.317  4.477  4.443  4.234  4.489  4.466  4.344  4.520  4.288  4.217  4.357  4.311  4.392
4.357  4.615  4.533  4.477  4.620  4.862  4.187  4.723  4.466  4.500  4.277  4.431  4.840  4.466  4.605  4.394  4.328  4.331  4.812  4.522  4.511  4.413  4.394  4.454  4.304  4.248  4.472  4.190  4.127  4.382  4.498  4.437  4.382  4.419  4.317  4.628  4.290  4.357  4.111  4.220  4.248  4.469
7.153  7.371  7.118  7.101  7.209  7.455  7.093  7.220  7.447  7.405  7.396  7.436  7.528  7.481  7.590  7.377  7.219  7.162  7.424  7.190  7.430  7.270  7.393  7.475  7.159  7.167  7.216  7.072  7.052  7.191  7.331  7.109  7.015  7.321  7.324  7.383  7.351  7.154  7.198  7.197  7.125  7.092
4.382  4.025  4.231  4.159  4.205  4.111  4.190  4.111  4.234  4.277  4.127  4.331  4.357  4.290  4.511  4.140  4.317  4.174  4.190  4.331  4.437  4.234  4.194  4.317  3.989  3.932  4.060  4.043  4.103  3.980  4.078  4.277  4.078  4.190  4.234  4.234  4.025  4.190  4.248  4.043  4.190  4.132
3.989  3.970  4.140  4.078  4.007  3.989  3.951  4.025  3.989  3.912  3.970  4.094  4.174  4.060  4.205  3.829  3.989  3.932  4.094  4.277  4.174  4.220  4.060  4.205  3.892  3.784  4.127  3.989  3.824  3.961  3.932  3.989  4.060  4.111  4.060  4.127  4.043  3.932  4.127  3.967  3.951  3.912
4.852  4.852  4.942  5.106  5.011  5.094  4.984  4.898  5.011  5.252  5.075  5.056  5.023  5.030  5.176  4.898  4.982  4.949  5.136  5.100  5.106  5.215  5.004  5.108  4.919  4.836  4.883  4.898  4.956  4.870  4.804  5.117  4.992  4.975  5.037  4.883  4.913  5.050  5.024  4.997  5.081  5.050
4.337  4.277  4.363  4.500  4.554  4.466  4.394  4.394  4.263  4.454  4.263  4.486  4.543  4.344  4.554  4.190  4.407  4.407  4.454  4.554  4.454  4.522  4.344  4.419  4.231  4.344  4.248  4.159  4.277  4.205  4.331  4.407  4.331  4.304  4.454  4.407  4.140  4.443  4.277  4.227  4.159  4.331
