5.100  5.024  4.997  4.997  4.796  4.942  5.017  5.063  4.905  5.099  5.112  5.030  5.100  5.050  5.147  4.905  4.954  5.004  4.913  4.980  5.072  4.975  5.056  5.017  4.700  4.699  4.771  4.623  4.691  4.745  5.176  4.875  4.844  5.011  4.990  4.938  4.963  5.040  4.934  4.961  4.883  4.883
4.533  4.635  4.575  4.564  4.489  4.644  4.736  4.564  4.585  4.703  4.605  4.585  4.708  4.682  4.828  4.625  4.613  4.595  4.668  4.734  4.787  4.671  4.452  4.734  4.527  4.505  4.357  4.382  4.419  4.477  4.635  4.595  4.615  4.913  4.754  4.836  4.649  4.668  4.635  4.357  4.452  4.466
5.293  5.153  5.257  5.198  5.283  5.298  5.296  5.268  5.252  5.375  5.247  5.347  5.280  5.136  5.316  5.106  5.175  5.135  5.352  5.256  5.273  5.262  5.142  5.187  5.124  5.182  5.124  5.088  5.069  5.209  5.135  5.176  5.136  5.147  5.398  5.153  5.153  5.165  5.136  5.117  5.081  5.193
6.207  6.004  6.122  6.120  6.217  6.168  6.138  6.161  6.130  6.433  6.192  6.131  6.213  6.028  6.136  6.115  6.089  6.011  6.321  6.080  6.113  6.159  6.163  6.211  6.016  6.014  6.037  6.122  6.038  6.153  6.168  5.981  6.111  6.020  6.243  6.168  6.041  6.203  6.022  6.129  5.945  6.190
4.533  4.190  4.666  4.263  4.344  4.700  4.477  4.277  4.782  4.543  4.369  4.625  4.533  4.419  4.620  4.489  4.554  4.575  4.585  4.511  4.443  4.369  4.373  4.554  4.277  4.241  4.263  4.156  4.248  4.477  4.078  4.159  4.394  4.220  4.317  4.363  4.263  4.248  4.094  4.454  4.205  4.413
4.394  4.159  4.511  4.344  4.248  4.416  4.407  4.431  4.505  4.344  4.263  4.317  4.522  4.263  4.511  4.419  4.357  4.344  4.477  4.498  4.625  4.288  4.398  4.554  4.190  4.304  4.281  4.174  4.094  4.174  4.127  4.301  4.205  4.143  4.220  4.382  4.246  4.220  4.094  4.205  4.205  4.331
5.659  5.337  5.545  5.521  5.545  5.572  5.659  5.606  5.591  5.663  5.525  5.645  5.572  5.489  5.700  5.384  5.464  5.352  5.659  5.579  5.733  5.433  5.425  5.541  5.515  5.451  5.303  5.438  5.323  5.338  5.476  5.517  5.476  5.521  5.609  5.501  5.457  5.539  5.435  5.414  5.476  5.576
5.403  5.242  5.308  5.398  5.204  5.277  5.434  5.347  5.313  5.472  5.438  5.403  5.384  5.380  5.513  5.198  5.242  5.283  5.352  5.262  5.517  5.429  5.283  5.242  5.159  5.204  5.218  5.209  5.088  5.124  5.366  5.384  5.198  5.398  5.371  5.209  5.222  5.268  5.165  5.238  5.236  5.124
4.277  4.413  4.344  4.543  4.281  4.357  4.443  4.394  4.357  4.520  4.331  4.369  4.466  4.454  4.605  4.454  4.443  4.357  4.511  4.394  4.573  4.407  4.317  4.472  4.419  4.246  4.304  4.190  4.074  4.304  4.357  4.357  4.281  4.407  4.380  4.369  4.270  4.317  4.248  4.025  4.174  4.382
4.931  4.843  4.802  4.828  4.836  4.736  4.905  4.812  4.874  4.883  4.749  4.990  4.934  4.816  4.949  4.710  4.848  4.700  5.081  4.942  5.042  4.828  4.924  4.938  4.762  4.734  4.554  4.754  4.585  4.687  4.654  4.691  4.766  4.812  4.836  4.745  4.654  4.663  4.762  4.635  4.673  4.804
6.038  5.737  5.894  5.945  5.923  5.956  5.932  5.878  5.866  6.068  5.993  5.999  6.144  5.996  6.088  5.846  5.928  5.840  5.994  6.131  6.033  5.951  5.971  6.029  5.749  5.862  5.866  5.826  5.609  5.802  5.808  5.793  5.848  5.914  5.956  6.038  5.855  5.911  5.964  5.881  5.781  5.861
4.394  4.363  4.500  4.241  4.060  4.263  4.159  4.043  4.174  4.190  4.159  4.159  4.431  4.431  4.443  4.205  4.190  4.256  4.234  4.260  4.454  4.263  4.248  4.317  4.190  4.238  4.205  4.127  4.022  4.205  4.187  4.025  4.260  4.344  4.127  4.290  4.202  4.369  4.341  4.392  4.419  4.443
5.135  4.860  5.004  5.075  5.050  4.956  4.947  4.911  5.017  5.103  5.099  5.088  5.100  5.078  5.176  4.956  4.836  4.927  5.063  5.094  5.043  4.979  4.984  5.075  4.804  4.812  4.963  4.771  4.771  4.820  4.796  4.762  5.075  4.875  4.828  5.037  4.787  5.178  4.986  4.868  4.771  5.011
4.238  4.140  4.231  4.220  4.290  4.274  4.174  4.277  4.205  4.290  4.111  4.217  4.392  4.171  4.317  4.060  4.190  4.060  4.290  4.407  4.248  4.290  4.143  4.094  4.074  4.220  4.025  4.078  4.043  4.205  4.078  3.970  4.174  4.025  4.111  4.159  4.094  4.043  4.246  4.140  4.119  4.277
4.522  4.288  4.357  4.407  4.304  4.369  4.190  4.407  4.234  4.344  4.304  4.407  4.585  4.466  4.562  4.205  4.263  4.304  4.500  4.464  4.317  4.284  4.246  4.422  4.078  4.143  4.277  4.159  4.143  4.317  4.174  4.179  4.419  4.277  4.317  4.301  4.344  4.454  4.382  4.317  4.124  4.369
4.394  4.194  4.344  4.344  4.205  4.344  4.220  4.357  4.182  4.416  4.025  4.290  4.407  4.369  4.419  4.205  4.078  4.304  4.386  4.525  4.407  4.331  4.344  4.324  4.159  4.317  4.263  4.159  4.304  4.143  4.094  4.174  4.277  4.190  4.231  4.290  4.111  4.246  4.357  4.094  4.103  4.174
6.150  5.933  6.182  6.150  6.028  6.114  6.078  6.112  6.254  6.203  5.986  6.122  6.122  6.172  6.392  6.031  6.170  5.953  6.223  6.170  6.267  6.256  6.105  6.340  6.082  5.938  5.930  5.916  5.738  5.993  5.864  6.047  6.180  6.153  6.182  6.045  6.009  6.021  6.003  5.808  6.116  5.996
6.504  6.323  6.484  6.445  6.401  6.332  6.420  6.450  6.648  6.507  6.488  6.510  6.554  6.701  6.859  6.642  6.681  6.576  6.641  6.489  6.607  6.555  6.477  6.651  6.447  6.304  6.258  6.230  6.094  6.387  6.133  6.431  6.532  6.489  6.518  6.450  6.395  6.488  6.435  6.155  6.492  6.297
4.543  4.369  4.446  4.554  4.419  4.663  4.277  4.564  4.483  4.543  4.500  4.598  4.749  4.700  4.796  4.431  4.363  4.419  4.663  4.564  4.630  4.682  4.431  4.466  4.419  4.304  4.398  4.159  4.205  4.431  4.394  4.680  4.654  4.605  4.585  4.575  4.440  4.625  4.605  4.357  4.350  4.394
4.060  4.078  3.989  4.111  4.086  4.202  4.143  3.989  4.069  4.190  4.111  4.190  4.248  4.311  4.363  3.829  4.159  4.007  4.143  4.174  4.354  4.220  4.127  4.382  4.127  4.043  3.871  3.989  4.007  4.022  4.025  4.159  4.094  4.094  4.094  4.159  3.908  4.143  3.989  4.078  4.007  4.143
5.602  5.416  5.453  5.525  5.380  5.406  5.489  5.303  5.302  5.553  5.545  5.421  5.617  5.463  5.544  5.415  5.390  5.416  5.472  5.628  5.565  5.565  5.472  5.549  5.333  5.384  5.366  5.303  5.288  5.270  5.358  5.193  5.407  5.489  5.357  5.513  5.407  5.571  5.537  5.412  5.384  5.412
6.258  6.054  6.172  6.152  6.098  6.098  6.009  6.142  6.052  6.130  6.176  6.160  6.220  6.142  6.252  5.988  6.038  6.131  6.180  6.317  6.271  6.127  6.104  6.228  5.881  5.979  5.948  5.940  5.846  5.921  5.971  6.004  6.080  6.091  6.126  6.066  6.037  6.144  6.176  6.100  6.067  6.068
