4.007  4.111  4.078  3.871  4.052  4.083  4.016  4.124  4.057  4.159  4.078  4.060  4.410  4.190  4.159  3.989  4.078  4.108  4.094  4.116  4.143  3.970  4.078  4.111  3.932  4.007  3.892  3.951  3.850  4.007  4.094  4.025  4.048  4.043  4.234  3.989  3.892  3.932  4.025  3.871  3.857  4.078
4.060  4.108  3.932  3.733  3.892  3.951  3.932  3.970  4.143  4.205  4.025  4.127  4.174  4.094  4.277  4.111  4.060  3.892  4.025  4.007  4.094  4.217  4.043  3.967  3.970  3.989  3.951  3.829  3.791  3.951  3.850  3.871  3.892  3.850  3.761  3.824  3.871  3.892  4.004  3.784  3.555  3.757
3.892  3.850  3.892  3.989  3.932  3.829  3.871  3.912  3.970  4.083  3.850  4.052  4.060  3.980  4.111  3.892  3.970  3.970  3.829  3.871  3.989  4.007  3.989  3.932  3.807  3.850  3.892  3.714  3.750  3.664  3.807  3.892  3.951  3.871  3.892  3.824  3.807  4.057  3.738  3.714  3.892  3.807
4.615  4.522  4.363  4.469  4.394  4.344  4.673  4.522  4.533  4.657  4.575  4.598  4.605  4.554  4.554  4.431  4.407  4.357  4.673  4.425  4.520  4.477  4.341  4.477  4.331  4.410  4.357  4.220  4.290  4.354  4.394  4.290  4.466  4.357  4.454  4.489  4.331  4.536  4.369  4.454  4.231  4.489
4.522  4.394  4.605  4.419  4.511  4.533  4.394  4.530  4.543  4.673  4.419  4.477  4.635  4.585  4.543  4.382  4.369  4.500  4.466  4.394  4.382  4.443  4.205  4.348  4.443  4.220  4.419  4.277  4.220  4.174  4.190  4.220  4.344  4.234  4.331  4.422  4.248  4.454  4.277  4.350  4.202  4.416
3.970  4.159  3.912  4.060  3.995  3.912  4.111  3.947  3.850  4.127  3.989  3.989  4.234  4.034  4.159  3.970  3.932  3.951  4.004  4.111  4.094  3.892  3.807  4.060  3.951  3.638  3.738  3.912  3.638  3.912  3.902  3.850  3.892  3.967  4.007  3.951  3.714  3.714  3.829  3.912  3.689  3.932
3.912  3.912  4.086  3.989  3.871  3.761  3.951  3.932  3.970  3.912  3.912  3.951  4.187  4.094  4.074  3.912  4.205  3.850  4.025  4.025  4.190  4.111  3.989  4.143  4.060  4.043  4.078  3.850  3.861  3.970  3.877  4.004  4.159  4.111  3.970  3.947  3.850  3.829  3.912  3.664  3.892  4.078
3.784  3.912  3.714  3.555  3.824  3.664  3.761  3.611  3.497  3.807  3.401  3.784  3.689  3.638  3.829  3.466  3.871  3.689  3.689  3.882  3.784  3.689  3.738  3.850  3.738  3.780  3.689  3.658  3.638  3.497  3.578  3.761  3.738  3.689  3.738  3.638  3.584  3.526  3.676  3.555  3.689  3.638
4.040  4.022  3.898  4.060  4.099  3.850  4.048  3.951  4.043  4.167  3.951  4.132  4.182  4.159  4.317  3.932  4.007  3.970  4.234  4.317  4.190  4.078  4.025  4.205  3.871  3.980  4.060  3.850  3.850  4.119  4.111  4.078  4.127  4.094  4.060  4.086  3.850  4.048  4.078  3.912  3.951  3.970
3.555  3.638  3.611  3.658  3.738  3.638  3.664  3.497  3.761  3.857  3.709  3.850  3.908  3.970  4.043  3.664  3.829  3.664  3.689  3.951  3.871  3.807  3.714  3.761  3.526  3.658  3.664  3.664  3.466  3.611  3.757  3.829  3.829  3.466  3.605  3.757  3.638  3.658  3.714  3.535  3.584  3.584
4.685  4.657  4.820  4.883  4.705  4.804  4.533  4.605  4.779  4.862  4.786  4.727  4.727  4.700  4.787  4.723  4.489  4.723  4.828  4.883  4.700  4.511  4.511  4.762  4.344  4.489  4.369  4.489  4.407  4.443  4.585  4.635  4.979  4.625  4.666  4.466  4.454  4.652  4.718  4.437  4.522  4.605
4.477  4.202  4.143  4.025  4.043  4.248  4.007  4.127  4.194  4.460  4.357  4.288  4.443  4.263  4.407  4.212  4.304  4.156  4.331  4.369  4.394  4.220  4.263  4.394  4.040  3.970  4.111  3.829  3.951  4.043  4.060  4.174  4.394  4.025  4.205  4.143  4.025  4.174  4.248  4.043  4.174  4.094
5.242  5.460  5.278  5.545  5.361  5.298  5.313  5.333  5.335  5.275  5.313  5.337  5.476  5.377  5.431  5.338  5.371  5.105  5.476  5.444  5.487  5.513  5.438  5.395  5.415  5.231  5.296  5.050  5.193  5.130  5.263  5.412  5.361  5.313  5.533  5.357  5.323  5.366  5.124  5.124  5.292  5.168
4.710  4.762  4.710  4.773  4.691  4.593  4.700  4.615  4.603  4.723  4.779  4.676  4.605  4.625  4.745  4.595  4.718  4.644  4.705  4.827  4.796  4.673  4.625  4.806  4.500  4.413  4.419  4.394  4.331  4.477  4.419  4.466  4.522  4.564  4.575  4.595  4.505  4.541  4.682  4.454  4.392  4.394
3.807  3.689  3.850  3.867  3.818  3.951  3.892  3.908  3.970  3.922  3.850  3.957  4.190  4.143  4.111  3.871  3.714  3.761  4.060  4.069  4.060  3.807  3.898  3.850  3.867  3.839  3.871  3.850  3.689  3.664  3.784  3.912  3.850  3.850  3.807  3.761  3.871  3.882  3.824  3.867  3.850  3.912
3.761  3.738  3.850  3.738  3.658  3.689  3.802  3.761  3.689  3.761  3.664  3.791  3.912  3.829  3.850  3.714  3.807  3.714  3.932  3.928  3.932  3.689  3.738  3.689  3.932  3.664  3.658  3.714  3.526  3.541  3.611  3.761  3.784  3.611  3.807  3.714  3.434  3.605  3.807  3.684  3.555  3.761
4.034  3.989  4.060  4.094  4.043  3.932  4.297  4.040  4.190  4.187  4.060  4.205  4.094  4.159  4.220  3.951  4.091  4.040  4.167  4.227  4.220  4.143  3.932  4.111  3.951  4.127  3.932  3.867  4.007  3.802  4.190  4.205  4.078  4.040  4.043  4.159  4.057  3.922  4.060  4.040  3.850  3.989
5.011  4.691  4.844  4.868  4.970  5.056  4.804  4.942  4.828  5.153  4.812  4.927  5.014  5.050  5.069  4.868  5.004  5.100  4.945  5.030  5.037  4.949  4.762  4.691  4.699  4.812  4.779  4.743  4.766  4.820  4.828  4.990  4.994  4.966  4.885  4.990  4.905  4.963  4.954  4.673  4.804  4.875
3.714  3.689  3.807  3.850  3.664  3.638  3.961  3.733  3.738  3.761  3.714  3.761  3.791  3.738  3.892  3.689  3.824  3.624  3.912  4.069  4.171  3.850  3.526  3.871  3.829  3.918  3.784  3.497  3.520  3.761  3.497  3.757  3.733  3.951  3.928  3.709  3.555  3.638  3.738  3.367  3.738  3.584
3.466  3.490  3.395  3.434  3.367  3.466  3.434  3.367  3.466  3.296  3.584  3.526  3.395  3.434  3.584  3.497  3.555  3.450  3.466  3.584  3.619  3.526  3.296  3.584  3.526  3.526  3.466  3.367  3.418  3.258  3.258  3.555  3.526  3.526  3.611  3.466  3.526  3.434  3.296  3.401  3.332  3.466
3.829  3.970  3.850  3.892  3.932  3.664  3.807  3.807  3.807  3.892  3.664  3.951  4.043  4.025  4.143  3.738  3.829  3.761  4.094  3.989  4.111  3.738  3.611  3.871  3.912  3.638  3.761  3.733  3.638  3.638  3.714  3.871  3.829  3.638  3.829  3.850  3.638  3.829  3.835  3.761  3.638  3.689
4.043  3.989  4.060  4.143  4.078  3.807  3.989  3.989  3.912  3.951  4.025  3.967  4.140  4.151  4.174  4.074  4.078  3.932  4.174  4.159  4.357  4.094  4.022  4.156  3.970  4.025  3.892  3.857  3.912  4.031  4.040  4.205  4.060  3.850  4.007  3.932  3.928  3.970  3.912  3.970  3.970  3.912
