3.738  3.401  3.611  3.526  3.611  3.829  3.664  3.664  3.434  3.497  3.497  3.684  3.584  3.684  3.638  3.584  3.738  3.584  3.550  3.784  3.761  3.497  3.555  3.689  3.638  3.526  3.624  3.367  3.526  3.490  3.555  3.611  3.638  3.550  3.526  3.434  3.520  3.584  3.466  3.434  3.526  3.497
3.555  3.434  3.490  3.434  3.555  3.466  3.401  3.584  3.401  3.526  3.258  3.401  3.434  3.555  3.638  3.584  3.497  3.497  3.584  3.597  3.584  3.401  3.434  3.466  3.401  3.428  3.325  3.332  3.434  3.401  3.459  3.584  3.466  3.401  3.296  3.332  3.332  3.434  3.428  3.434  3.332  3.490
3.611  3.638  3.584  3.784  3.611  3.611  3.584  3.555  3.638  3.850  3.434  3.761  3.689  3.664  3.829  3.611  3.605  3.584  3.689  3.912  3.714  3.867  3.526  3.761  3.784  3.714  3.624  3.497  3.638  3.526  3.761  3.664  3.638  3.611  3.709  3.611  3.592  3.664  3.497  3.555  3.578  3.497
3.605  3.738  3.761  3.684  3.664  3.497  3.611  3.584  3.555  3.738  3.664  3.638  3.638  3.638  3.611  3.555  3.658  3.638  3.676  4.057  3.761  3.689  3.611  3.664  3.578  3.592  3.541  3.497  3.401  3.689  3.332  3.611  3.738  3.555  3.611  3.497  3.555  3.638  3.512  3.584  3.526  3.526
3.555  3.466  3.555  3.611  3.526  3.466  3.638  3.632  3.638  3.664  3.584  3.638  3.738  3.761  3.689  3.638  3.497  3.611  3.829  3.892  3.761  3.638  3.761  3.714  3.632  3.689  3.761  3.578  3.434  3.555  3.738  3.497  3.611  3.605  3.638  3.738  3.664  3.638  3.466  3.526  3.466  3.611
3.466  3.367  3.401  3.466  3.466  3.434  3.555  3.459  3.395  3.497  3.605  3.738  3.605  3.714  3.714  3.526  3.466  3.638  3.638  3.757  3.726  3.584  3.434  3.555  3.497  3.466  3.325  3.401  3.296  3.526  3.401  3.611  3.550  3.578  3.466  3.367  3.296  3.555  3.584  3.219  3.401  3.578
5.298  4.977  4.990  5.094  5.024  5.069  4.996  5.019  4.920  5.268  5.142  5.257  5.182  5.182  5.192  5.233  5.075  5.226  5.342  5.252  5.305  5.312  5.338  5.384  4.804  4.898  4.858  4.898  4.787  4.787  4.977  4.949  4.905  4.883  4.927  4.885  4.875  5.011  4.887  5.037  4.844  4.929
5.727  5.476  5.572  5.521  5.507  5.513  5.425  5.523  5.472  5.704  5.673  5.645  5.569  5.472  5.606  5.464  5.375  5.447  5.587  5.489  5.618  5.406  5.308  5.501  5.308  5.361  5.236  5.333  5.170  5.318  5.501  5.338  5.371  5.375  5.412  5.328  5.451  5.318  5.250  5.335  5.267  5.359
4.127  3.829  4.344  3.932  3.738  4.025  3.829  4.111  3.871  4.270  3.947  4.025  4.171  3.970  3.989  3.871  3.829  3.892  4.007  4.367  3.912  3.829  3.961  3.989  3.761  3.780  3.761  3.912  3.714  3.846  3.951  3.932  3.970  3.871  3.807  3.784  3.932  3.871  3.932  3.733  3.761  3.989
4.477  4.260  4.503  4.434  4.407  4.344  4.205  4.367  4.277  4.522  4.464  4.564  4.440  4.443  4.489  4.174  4.369  4.407  4.663  4.443  4.454  4.248  4.231  4.431  4.111  4.111  4.111  4.159  4.043  4.253  4.127  4.127  4.500  4.357  4.143  4.354  4.164  4.277  4.344  4.209  4.190  4.369
5.421  5.278  5.328  5.370  5.384  5.429  5.170  5.272  5.411  5.298  5.333  5.068  5.281  5.223  5.509  5.283  5.263  5.242  5.418  5.342  5.338  5.301  5.247  5.457  5.136  5.050  4.984  5.030  4.934  4.977  5.094  5.153  5.209  5.130  5.118  5.176  5.226  5.247  5.257  5.118  5.209  5.278
5.676  5.384  5.521  5.617  5.603  5.517  5.433  5.654  5.394  5.566  5.557  5.204  5.521  5.495  5.601  5.380  5.384  5.423  5.787  5.561  5.602  5.535  5.429  5.501  5.338  5.206  5.226  5.308  5.193  5.050  5.484  5.308  5.425  5.428  5.523  5.403  5.375  5.634  5.578  5.298  5.384  5.375
3.555  3.689  3.664  3.512  3.466  3.360  3.584  3.611  3.584  3.526  3.497  3.555  3.512  3.664  3.867  3.497  3.605  3.584  3.664  3.714  3.784  3.367  3.367  3.526  3.555  3.434  3.434  3.578  3.526  3.555  3.296  3.638  3.497  3.611  3.632  3.466  3.434  3.434  3.296  3.444  3.367  3.332
3.395  3.401  3.367  3.466  3.490  3.367  3.367  3.401  3.520  3.555  3.332  3.401  3.490  3.555  3.791  3.401  3.497  3.401  3.401  3.555  3.721  3.526  3.497  3.466  3.332  3.367  3.360  3.428  3.481  3.296  3.497  3.526  3.555  3.350  3.555  3.296  3.401  3.367  3.367  3.434  3.506  3.434
4.792  4.554  4.663  4.663  4.691  4.625  4.522  4.644  4.419  4.736  4.595  4.718  4.812  4.690  4.890  4.543  4.595  4.454  4.745  4.727  4.691  4.638  4.595  4.492  4.585  4.554  4.554  4.419  4.248  4.187  4.350  4.635  4.635  4.585  4.625  4.466  4.452  4.654  4.564  4.522  4.585  4.533
4.963  4.557  4.727  4.808  4.644  4.710  4.700  4.680  4.625  4.949  4.718  4.852  5.007  4.836  4.934  4.754  4.745  4.745  4.954  5.024  4.913  4.883  4.700  4.870  4.787  5.091  4.691  4.382  4.466  4.357  4.585  4.682  4.625  4.779  4.635  4.745  4.464  4.820  4.718  4.673  4.595  4.773
3.892  3.664  3.912  3.871  3.850  3.970  3.882  3.871  3.892  3.867  3.824  3.951  4.060  4.007  4.094  3.784  3.784  3.738  4.159  4.060  4.111  3.970  3.784  3.912  3.689  3.846  3.807  3.611  3.497  3.638  3.584  3.802  3.871  3.807  3.761  3.714  3.829  3.726  3.689  3.761  3.761  3.761
4.007  3.970  4.151  4.156  4.205  4.190  4.022  3.989  4.143  4.205  4.124  4.167  4.404  4.344  4.344  4.025  4.043  3.970  4.367  4.317  4.304  4.248  4.190  4.260  4.111  4.031  4.007  3.961  3.829  3.970  4.111  3.871  4.143  4.127  4.234  4.043  3.951  4.127  3.912  4.043  4.060  4.124
4.190  4.004  4.304  4.220  4.205  4.234  4.025  4.007  4.025  4.167  4.174  4.202  4.311  4.127  4.344  4.127  4.159  4.205  4.357  4.407  4.500  4.317  4.043  4.111  3.970  4.111  4.078  3.970  3.989  4.007  4.078  4.440  4.277  4.174  4.124  4.094  4.127  3.970  4.066  3.951  4.220  3.970
4.477  4.263  4.564  4.419  4.394  4.522  4.357  4.443  4.369  4.575  4.382  4.443  4.564  4.454  4.644  4.227  4.520  4.357  4.595  4.673  4.644  4.585  4.454  4.466  4.407  4.315  4.331  4.234  4.217  4.143  4.304  4.380  4.710  4.382  4.511  4.431  4.357  4.431  4.344  4.317  4.443  4.369
4.682  4.466  4.533  4.682  4.543  4.575  4.564  4.554  4.500  4.654  4.419  4.677  4.680  4.615  4.745  4.477  4.644  4.477  4.718  4.836  4.736  4.690  4.511  4.771  4.500  4.494  4.413  4.458  4.454  4.416  4.676  4.595  4.590  4.625  4.732  4.635  4.543  4.567  4.466  4.654  4.500  4.575
5.680  5.415  5.472  5.525  5.568  5.613  5.380  5.535  5.537  5.638  5.591  5.654  5.714  5.598  5.638  5.382  5.407  5.566  5.635  5.730  5.545  5.497  5.497  5.478  5.389  5.490  5.389  5.485  5.394  5.252  5.421  5.447  5.531  5.472  5.501  5.545  5.476  5.601  5.486  5.493  5.328  5.587
