3.638  3.611  3.638  3.564  3.526  3.367  3.434  3.497  3.638  3.632  3.611  3.738  3.638  3.714  3.658  3.555  3.584  3.541  3.726  3.750  3.664  3.664  3.664  3.676  3.638  3.611  3.611  3.497  3.520  3.520  3.664  3.434  3.466  3.526  3.638  3.526  3.428  3.434  3.761  3.526  3.434  3.466
3.434  3.526  3.497  3.550  3.555  3.526  3.526  3.526  3.428  3.632  3.332  3.689  3.664  3.526  3.738  3.466  3.584  3.401  3.807  3.714  3.638  3.689  3.497  3.632  3.497  3.555  3.555  3.434  3.395  3.367  3.401  3.497  3.584  3.434  3.497  3.497  3.497  3.520  3.584  3.497  3.434  3.434
3.378  3.332  3.466  3.466  3.578  3.466  3.466  3.526  3.497  3.638  3.401  3.434  3.951  3.714  3.807  3.490  3.555  3.584  3.611  3.738  3.611  3.526  3.466  3.550  3.401  3.526  3.466  3.434  3.258  3.401  3.466  3.497  3.555  3.401  3.584  3.466  3.466  3.401  3.258  3.401  3.296  3.434
3.611  3.434  3.761  3.584  3.638  3.550  3.738  3.714  3.611  3.632  3.619  3.738  3.871  3.942  3.892  3.638  3.638  3.689  3.584  3.807  3.807  3.611  3.784  3.701  3.434  3.497  3.526  3.434  3.434  3.658  3.466  3.658  3.733  3.526  3.578  3.497  3.466  3.807  3.497  3.584  3.497  3.497
3.367  3.401  3.367  3.367  3.466  3.401  3.332  3.367  3.466  3.459  3.258  3.401  3.497  3.401  3.555  3.434  3.296  3.526  3.584  3.611  3.520  3.584  3.584  3.466  3.497  3.367  3.466  3.466  3.367  3.250  3.395  3.401  3.490  3.401  3.401  3.296  3.367  3.434  3.288  3.258  3.296  3.296
3.401  3.332  3.401  3.497  3.434  3.434  3.296  3.434  3.332  3.434  3.296  3.367  3.584  3.526  3.611  3.401  3.466  3.584  3.401  3.638  3.401  3.434  3.367  3.459  3.434  3.296  3.434  3.401  3.332  3.367  3.332  3.367  3.401  3.367  3.434  3.395  3.434  3.332  3.434  3.258  3.250  3.367
5.306  5.043  5.130  5.209  5.231  5.142  5.263  5.193  5.263  5.394  5.236  5.468  5.308  5.365  5.338  5.170  5.142  5.066  5.293  5.257  5.371  5.357  5.106  5.135  5.063  5.063  4.975  5.037  4.913  4.883  5.182  5.153  5.024  5.124  5.146  5.193  5.130  5.123  5.165  5.030  5.037  5.088
5.802  5.696  5.595  5.799  5.759  5.802  5.802  5.697  5.756  5.900  5.903  5.878  5.889  5.687  5.838  5.704  5.855  5.624  5.881  5.663  5.897  5.908  5.740  5.814  5.642  5.509  5.621  5.594  5.572  5.645  5.749  5.799  5.694  5.717  5.938  5.724  5.727  5.677  5.663  5.649  5.700  5.663
3.466  3.401  3.401  3.434  3.395  3.550  3.555  3.497  3.658  3.466  3.258  3.555  3.638  3.738  3.689  3.611  3.497  3.296  3.497  3.738  3.578  3.611  3.497  3.714  3.526  3.584  3.395  3.332  3.296  3.434  3.526  3.550  3.638  3.497  3.434  3.497  3.466  3.434  3.434  3.401  3.395  3.411
3.664  3.497  3.714  3.638  3.570  3.497  3.434  3.632  3.709  3.466  3.178  3.401  3.784  3.761  3.709  3.434  3.526  3.401  3.726  3.757  3.664  3.784  3.714  3.466  3.497  3.638  3.555  3.434  3.367  3.555  3.497  3.761  3.780  3.555  3.466  3.664  3.555  3.526  3.466  3.466  3.664  3.466
5.276  5.055  5.085  5.130  5.313  5.214  5.187  5.209  5.165  5.182  4.898  5.231  5.384  5.288  5.442  5.056  5.069  5.074  5.300  5.290  5.298  5.159  5.175  5.124  4.956  5.069  5.094  4.875  4.796  4.920  5.215  4.982  5.037  5.231  5.231  5.412  5.342  5.371  5.030  5.075  5.036  5.112
4.317  4.256  4.174  4.348  4.331  4.344  4.156  4.317  4.304  4.260  4.164  4.263  4.431  4.357  4.543  4.205  4.174  4.317  4.344  4.354  4.407  4.431  4.431  4.431  4.143  4.248  4.094  4.111  4.060  4.143  4.094  4.140  4.171  4.194  4.284  4.260  4.277  4.205  4.007  4.248  4.220  4.220
3.714  3.459  3.761  3.611  3.638  3.555  3.367  3.605  3.434  3.714  3.526  3.418  3.664  3.761  3.850  3.664  3.466  3.497  3.578  3.638  3.689  3.497  3.526  3.605  3.395  3.497  3.497  3.555  3.497  3.497  3.466  3.611  3.526  3.466  3.497  3.434  3.490  3.395  3.401  3.721  3.367  3.466
3.555  3.526  3.584  3.434  3.526  3.466  3.367  3.584  3.526  3.520  3.497  3.466  3.780  3.738  3.689  3.611  3.605  3.611  3.761  3.784  3.689  3.497  3.632  3.555  3.367  3.497  3.526  3.526  3.367  3.611  3.466  3.638  3.497  3.526  3.714  3.520  3.418  3.526  3.401  3.506  3.466  3.611
4.288  4.248  4.357  4.234  4.111  4.248  4.234  4.159  4.369  4.277  4.419  4.369  4.585  4.404  4.419  4.503  4.190  4.190  4.331  4.437  4.382  4.290  4.277  4.344  4.234  4.464  4.234  4.127  4.127  4.078  4.143  4.248  4.234  4.527  4.477  4.143  4.220  4.174  4.234  4.143  4.034  4.234
3.989  3.850  4.016  3.850  3.951  3.829  3.824  3.951  3.802  3.829  3.850  3.829  4.022  4.135  4.190  3.807  4.031  3.871  3.989  4.004  4.078  3.932  3.892  4.034  3.989  3.850  3.784  3.951  3.871  3.882  3.951  3.850  3.912  3.850  3.989  3.912  3.802  3.912  3.892  3.932  3.892  3.912
3.434  3.367  3.611  3.434  3.332  3.605  3.367  3.466  3.555  3.497  3.466  3.584  3.526  3.611  3.638  3.714  3.526  3.466  3.714  4.174  3.784  3.638  3.497  3.696  3.434  3.395  3.490  3.418  3.332  3.555  3.219  3.459  3.497  3.401  3.466  3.401  3.466  3.401  3.434  3.258  3.497  3.401
3.258  3.332  3.466  3.258  3.411  3.307  3.332  3.401  3.584  3.367  3.332  3.466  3.466  3.466  3.555  3.466  3.497  3.401  3.497  4.190  3.638  3.584  3.296  3.564  3.497  3.332  3.418  3.434  3.258  3.434  3.367  3.434  3.296  3.296  3.466  3.434  3.367  3.401  3.219  3.367  3.288  3.401
4.369  4.256  4.315  4.224  4.248  4.143  4.190  4.094  4.078  4.489  4.171  4.274  4.486  4.344  4.500  4.234  4.263  4.263  4.486  4.443  4.382  4.290  4.231  4.348  4.078  4.043  4.190  4.290  3.989  4.069  4.174  4.190  4.174  4.190  4.111  4.159  4.043  4.248  4.094  4.234  4.171  4.205
5.168  5.075  5.017  5.045  5.069  4.902  5.103  5.063  4.963  5.257  5.115  5.124  5.136  5.165  5.220  5.159  5.075  5.257  4.949  5.081  5.147  5.037  5.056  5.281  4.762  4.898  4.994  5.037  4.860  4.844  5.011  4.970  4.905  4.883  5.017  4.990  4.887  5.088  5.136  4.990  4.852  4.977
5.371  5.303  5.360  5.460  5.323  5.352  5.257  5.380  5.286  5.485  5.497  5.468  5.478  5.513  5.575  5.328  5.429  5.352  5.442  5.460  5.535  5.384  5.447  5.433  5.161  5.182  5.158  5.303  5.159  5.204  5.434  5.333  5.489  5.288  5.315  5.323  5.352  5.288  5.407  5.342  5.220  5.308
4.852  4.934  4.796  4.970  4.927  4.871  4.769  4.860  4.864  5.056  4.913  4.990  5.091  5.017  5.169  4.783  4.860  4.883  4.997  5.066  5.006  4.920  4.881  4.934  4.858  4.682  4.745  4.635  4.554  4.642  4.815  4.712  4.787  4.710  4.804  4.844  4.779  4.820  4.866  4.663  4.839  4.739
