3.714  3.714  3.689  3.638  3.784  3.784  3.638  3.784  3.850  3.850  3.689  3.638  4.060  4.111  4.094  3.871  3.738  3.867  3.892  3.850  3.912  3.807  3.807  3.761  3.611  3.714  3.689  3.611  3.584  3.689  3.784  3.738  3.664  3.664  3.807  3.709  3.784  3.784  3.807  3.689  3.658  3.721
4.034  3.871  4.007  3.989  3.892  4.066  3.850  4.043  3.871  3.970  3.980  4.078  4.111  3.989  4.190  4.078  3.951  3.888  3.912  4.205  4.060  3.951  3.912  4.143  3.947  3.807  3.892  3.651  3.738  3.761  3.892  3.867  3.928  3.871  3.908  3.871  3.784  3.932  3.829  3.871  3.829  3.967
4.344  4.060  4.124  4.078  4.091  4.143  4.007  3.989  4.111  4.263  3.970  4.194  4.127  4.022  4.156  3.989  4.078  4.135  4.060  4.220  4.025  4.007  4.103  4.094  4.094  3.942  4.127  3.932  3.961  4.111  3.829  3.989  4.007  4.007  3.970  4.025  3.970  4.060  4.007  3.970  3.850  4.111
4.174  4.025  4.174  4.007  4.078  4.227  4.043  4.094  4.248  4.317  3.989  4.205  4.220  4.220  4.263  4.040  3.989  4.205  4.094  4.277  4.382  4.159  4.127  4.174  4.127  4.091  4.143  3.970  4.057  3.980  4.078  4.143  4.248  4.034  4.127  3.961  4.007  4.091  4.043  4.066  3.892  4.156
3.850  3.689  3.761  3.970  3.892  3.638  3.850  3.871  3.738  3.980  3.638  3.871  4.111  4.060  4.007  3.829  3.871  3.850  3.912  4.060  3.970  4.052  3.932  4.025  3.738  3.761  3.738  3.802  3.638  3.689  3.738  3.829  3.850  3.877  3.807  3.807  3.738  3.761  3.784  3.802  3.761  3.807
4.520  4.263  4.454  4.464  4.419  4.382  4.260  4.483  4.277  4.654  4.382  4.511  4.564  4.564  4.644  4.394  4.231  4.394  4.443  4.585  4.710  4.388  4.407  4.369  4.394  4.367  4.331  4.220  4.007  4.466  4.277  4.171  4.407  4.401  4.454  4.277  4.304  4.344  4.407  4.231  4.248  4.328
4.317  4.331  4.143  4.419  4.143  4.217  4.615  4.407  4.443  4.477  4.466  4.419  4.466  4.434  4.567  4.511  4.575  4.295  4.304  4.369  4.623  4.543  4.369  4.431  4.369  4.344  4.369  4.304  4.288  4.454  4.263  4.454  4.500  4.394  4.522  4.419  4.354  4.174  4.205  4.078  4.357  4.220
4.174  3.970  3.989  3.951  4.043  4.025  3.857  4.094  3.932  4.078  4.212  4.151  4.078  4.007  3.970  4.078  3.951  4.007  4.227  4.220  4.202  4.174  4.074  4.159  4.074  3.871  4.111  3.932  3.932  3.850  4.007  4.091  3.951  3.850  3.989  3.871  4.052  3.892  3.912  3.912  3.951  4.025
3.850  3.871  3.689  4.007  3.846  3.795  3.632  3.871  3.912  3.807  3.807  3.912  3.902  3.951  3.871  3.784  3.761  3.802  4.111  4.159  3.967  3.824  3.807  3.892  3.784  3.689  3.850  3.664  3.689  3.638  3.898  3.738  3.871  3.813  3.664  3.757  3.738  3.807  3.807  3.846  3.689  3.932
4.048  4.060  4.025  3.989  4.174  3.850  3.892  4.060  3.947  4.328  3.932  4.111  4.248  4.060  4.304  3.871  4.069  3.912  4.060  4.022  4.034  3.912  3.989  4.007  3.784  3.802  3.989  4.007  3.689  3.784  3.892  3.912  3.928  3.951  3.807  4.174  4.007  4.159  3.947  3.861  3.850  4.174
3.780  3.750  3.846  3.857  3.850  3.738  3.638  3.738  3.526  3.908  3.738  3.750  3.892  3.970  3.871  3.714  3.761  3.684  3.850  3.761  3.932  3.867  3.757  3.989  3.555  3.802  3.714  3.555  3.638  3.555  3.638  3.829  3.784  3.892  3.738  3.761  3.664  3.795  3.584  3.526  3.689  3.611
4.143  4.174  3.932  4.078  4.025  3.951  4.190  3.980  3.807  4.022  3.892  3.985  4.111  4.205  4.078  3.829  3.989  3.912  4.205  4.078  4.220  4.190  3.912  3.951  3.912  3.908  3.970  3.850  3.829  3.892  3.829  4.060  3.892  3.912  4.159  4.007  3.807  4.057  3.761  3.784  3.850  3.892
4.159  4.135  4.277  4.248  3.942  4.111  4.111  4.174  4.007  4.094  4.151  4.094  4.159  4.143  4.127  3.989  4.022  4.007  4.060  4.263  4.094  3.922  3.892  3.932  4.025  3.967  4.025  3.857  3.761  3.784  3.892  4.007  3.750  4.043  3.932  4.078  4.043  4.043  4.022  4.022  3.989  4.290
3.738  3.784  3.784  3.714  3.651  3.761  3.818  3.839  3.714  3.605  3.671  3.738  4.025  3.738  3.970  3.605  3.721  3.684  3.689  3.795  3.738  3.689  3.584  3.638  3.526  3.535  3.638  3.401  3.611  3.611  3.550  3.638  3.497  3.689  3.664  3.829  3.611  3.555  3.709  3.877  3.459  3.689
4.736  4.710  4.745  4.727  4.635  4.727  4.699  4.673  4.642  4.828  4.671  4.779  4.927  4.775  4.883  4.804  4.500  4.794  4.700  4.875  4.708  4.758  4.710  4.727  4.454  4.595  4.527  4.543  4.564  4.654  4.691  4.522  4.654  4.682  4.644  4.625  4.575  4.710  4.466  4.613  4.454  5.080
4.990  4.836  4.977  5.037  4.956  5.024  4.844  4.942  4.905  5.088  4.927  5.043  5.146  5.017  5.136  4.836  4.792  4.890  5.198  5.069  5.159  4.963  4.877  4.883  4.820  4.771  4.812  4.787  4.522  4.804  4.762  4.820  4.956  4.905  4.858  4.860  4.868  4.766  4.852  4.924  4.836  5.042
5.328  5.267  5.375  5.438  5.366  5.226  5.198  5.220  5.247  5.407  5.396  5.318  5.414  5.198  5.486  5.257  5.342  5.218  5.429  5.406  5.352  5.352  5.330  5.380  5.106  5.069  5.056  5.061  4.989  5.050  5.152  5.333  5.342  5.255  5.226  5.295  5.236  5.476  5.455  5.267  5.201  5.165
4.564  4.419  4.500  4.635  4.428  4.511  4.500  4.663  4.546  4.682  4.608  4.543  4.567  4.533  4.748  4.344  4.464  4.454  4.613  4.673  4.575  4.511  4.454  4.382  4.382  4.466  4.477  4.241  4.344  4.263  4.454  4.575  4.454  4.511  4.595  4.392  4.357  4.554  4.354  4.328  4.344  4.407
3.989  4.174  3.951  4.043  4.060  4.060  4.103  4.025  3.912  4.094  4.078  4.111  4.248  4.317  4.263  4.174  4.234  4.140  4.190  4.317  4.248  4.248  4.202  4.220  4.127  4.127  4.007  4.174  3.951  4.007  4.060  4.025  4.111  4.148  4.043  4.205  4.205  4.060  4.007  4.004  4.127  4.159
4.868  4.710  4.710  4.819  4.760  4.779  4.792  4.828  4.796  4.802  4.710  4.804  4.999  4.881  4.927  4.615  4.769  4.727  4.844  5.011  4.956  4.796  4.691  4.779  4.762  4.852  4.644  4.554  4.382  4.454  4.771  4.710  4.836  4.811  4.775  4.927  4.633  4.745  4.677  4.659  4.727  4.691
3.807  3.850  3.932  3.871  3.850  3.807  3.807  3.850  3.932  3.912  3.761  3.951  4.016  3.932  4.078  3.912  3.850  3.689  4.043  4.094  4.143  3.829  3.807  4.159  3.846  3.738  3.761  3.738  3.912  3.611  3.892  3.784  3.829  3.784  3.761  3.976  3.714  3.714  3.861  3.664  3.807  3.824
4.585  4.454  4.489  4.575  4.460  4.522  4.549  4.483  4.682  4.605  4.404  4.605  4.673  4.500  4.718  4.357  4.585  4.554  4.673  4.754  4.771  4.575  4.440  4.625  4.575  4.431  4.511  4.367  4.489  4.575  4.489  4.691  4.500  4.522  4.663  4.522  4.454  4.489  4.407  4.304  4.533  4.595
