5.920  5.714  5.855  5.756  5.911  5.916  5.778  5.802  5.894  6.035  5.855  5.903  5.844  5.835  5.908  5.790  5.595  6.028  5.927  5.784  5.762  5.620  5.802  5.670  5.802  5.775  5.676  5.823  5.525  5.624  5.683  5.505  5.717  5.645  5.697  5.772  5.710  5.749  5.714  5.730  5.694  5.794
5.168  4.934  5.189  5.086  5.086  5.115  5.069  5.106  5.069  5.268  5.321  5.252  5.198  5.257  5.226  4.926  5.061  5.030  5.130  5.130  5.182  4.977  5.069  4.942  5.050  5.063  4.956  4.875  4.673  4.875  4.790  4.860  4.913  4.994  4.970  4.844  4.963  4.836  4.963  5.075  4.942  4.860
6.698  6.494  6.526  6.564  6.612  6.564  6.561  6.649  6.597  6.834  6.668  6.688  6.667  6.600  6.624  6.557  6.347  6.538  6.675  6.492  6.438  6.402  6.471  6.529  6.401  6.516  6.460  6.439  6.324  6.399  6.507  6.344  6.438  6.488  6.472  6.538  6.447  6.466  6.469  6.504  6.435  6.588
6.034  5.881  5.858  5.774  5.861  5.858  5.938  5.966  5.927  6.175  6.035  6.057  6.014  5.930  6.059  5.761  5.787  5.875  5.956  5.797  5.897  5.971  5.919  5.971  5.849  5.815  5.757  5.670  5.659  5.781  5.805  5.790  5.676  5.697  5.917  5.861  5.784  5.717  5.761  5.727  5.580  5.799
5.460  5.231  5.242  5.212  5.288  5.342  5.293  5.394  5.353  5.406  5.295  5.466  5.455  5.318  5.485  5.231  5.298  5.257  5.474  5.231  5.361  5.303  5.252  5.323  5.434  5.204  5.081  4.984  5.004  5.162  5.105  5.247  5.231  5.268  5.308  5.225  5.250  5.220  5.097  5.130  5.215  5.293
5.720  5.587  5.509  5.566  5.489  5.553  5.700  5.652  5.710  5.908  5.743  5.844  5.700  5.602  5.787  5.609  5.714  5.481  5.775  5.557  5.656  5.598  5.645  5.724  5.553  5.505  5.565  5.416  5.398  5.602  5.497  5.451  5.553  5.717  5.799  5.684  5.663  5.470  5.597  5.529  5.753  5.753
6.547  6.392  6.456  6.457  6.529  6.512  6.516  6.452  6.498  6.708  6.555  6.550  6.507  6.528  6.551  6.465  6.411  6.366  6.575  6.454  6.551  6.407  6.363  6.400  6.375  6.361  6.328  6.348  6.186  6.246  6.331  6.385  6.350  6.544  6.458  6.475  6.412  6.379  6.294  6.342  6.326  6.332
5.342  5.357  5.147  5.340  5.198  5.313  5.429  5.169  5.347  5.468  5.313  5.231  5.364  5.170  5.384  5.187  5.389  5.083  5.257  5.316  5.389  5.389  5.198  5.218  5.193  5.136  5.080  5.053  5.069  5.075  5.147  5.223  5.220  5.377  5.346  5.257  5.236  4.977  5.030  5.063  5.024  5.043
5.287  4.934  5.100  5.198  5.183  5.112  5.024  5.209  5.030  5.246  5.130  5.121  5.288  5.204  5.278  5.063  4.984  5.168  5.187  5.252  5.193  5.043  5.017  5.056  5.017  5.112  4.890  4.875  4.691  4.787  4.940  4.890  5.040  5.069  4.920  5.017  4.905  4.963  4.990  4.945  5.004  5.037
5.710  5.697  5.740  5.730  5.739  5.652  5.638  5.631  5.642  5.853  5.720  5.817  5.811  5.753  5.958  5.606  5.573  5.652  5.799  5.656  5.905  5.700  5.641  5.733  5.513  5.476  5.384  5.434  5.288  5.464  5.525  5.642  5.505  5.548  5.740  5.638  5.549  5.533  5.509  5.434  5.513  5.533
5.106  4.984  5.056  5.030  5.106  5.147  5.192  5.036  5.100  5.288  5.220  5.142  5.357  5.226  5.308  5.124  4.956  5.058  5.187  5.106  5.036  5.105  4.977  5.094  4.972  5.081  5.024  5.037  4.924  4.956  4.942  4.963  4.951  5.072  5.043  5.042  5.147  5.037  5.043  5.124  4.828  5.075
5.063  4.956  4.919  4.956  4.804  4.963  4.890  4.927  4.868  5.024  5.056  4.949  5.094  4.994  5.056  4.890  4.905  4.927  4.924  4.934  5.153  4.996  4.965  4.963  4.852  4.787  4.762  4.864  4.745  4.699  4.874  4.883  4.905  4.828  4.956  4.812  4.934  4.934  4.860  4.870  4.868  4.710
5.024  4.890  5.043  5.061  5.017  5.030  5.030  5.043  4.875  5.075  5.112  5.136  5.124  5.056  5.081  4.968  4.883  5.053  5.124  5.136  4.920  4.920  4.984  4.970  4.942  5.004  4.990  4.916  4.868  4.866  4.812  4.812  4.977  4.984  4.968  4.956  4.949  5.064  5.153  5.094  4.804  5.069
4.812  4.718  4.644  4.736  4.796  4.905  4.771  4.762  4.779  4.840  4.820  4.885  4.959  4.977  4.956  4.758  4.771  4.714  4.868  4.762  4.820  4.905  4.673  4.875  4.623  4.682  4.682  4.475  4.700  4.605  4.691  4.804  4.691  4.570  4.754  4.860  4.700  4.691  4.812  4.625  4.585  4.680
4.819  4.727  4.736  4.575  4.623  4.673  4.543  4.812  4.836  4.796  4.727  4.743  4.949  4.605  4.745  4.610  4.718  4.727  4.718  4.812  4.743  4.668  4.585  4.812  4.721  4.812  4.633  4.652  4.486  4.500  4.595  4.431  4.682  4.663  4.673  4.771  4.691  4.714  4.564  4.745  4.691  4.883
3.985  4.111  4.174  3.989  4.022  4.069  3.951  4.007  4.174  4.143  4.260  4.007  4.263  4.234  4.290  3.912  4.143  4.099  4.025  3.989  4.190  4.069  4.078  4.143  4.078  4.140  4.094  3.970  3.912  4.004  3.951  4.025  4.025  4.025  3.951  4.043  4.004  3.871  3.970  3.902  3.807  4.317
4.248  4.143  4.277  4.248  4.190  4.174  4.234  4.277  4.132  4.263  4.143  4.205  4.382  4.127  4.260  4.190  4.159  4.277  4.205  4.317  4.315  4.267  4.143  4.317  4.220  4.263  4.143  4.111  3.871  4.043  4.159  4.174  4.159  4.127  4.290  4.220  4.304  4.078  4.174  4.060  4.179  4.220
4.875  4.564  4.836  4.779  4.699  4.771  4.590  4.718  4.708  4.762  4.615  4.860  4.927  4.585  4.752  4.416  4.652  4.700  4.771  4.875  4.730  4.804  4.554  4.749  4.654  4.625  4.559  4.625  4.431  4.475  4.543  4.575  4.796  4.762  4.595  4.635  4.682  4.723  4.585  4.595  4.690  4.852
5.730  5.375  5.663  5.633  5.613  5.572  5.480  5.631  5.576  5.628  5.598  5.737  5.694  5.576  5.756  5.483  5.451  5.572  5.707  5.743  5.545  5.497  5.498  5.617  5.533  5.549  5.525  5.447  5.384  5.384  5.425  5.429  5.598  5.737  5.533  5.606  5.561  5.529  5.493  5.566  5.537  5.541
6.094  5.836  5.969  6.034  5.996  6.001  5.924  5.922  5.989  6.082  5.939  6.023  6.166  6.004  6.146  5.889  6.011  5.945  6.136  6.087  6.106  5.989  5.934  5.941  5.900  5.961  5.852  5.753  5.811  5.673  5.666  5.861  5.996  6.047  6.078  5.981  5.932  5.916  5.880  5.922  5.886  5.916
5.521  5.273  5.371  5.252  5.451  5.525  5.429  5.406  5.455  5.488  5.549  5.525  5.545  5.398  5.576  5.293  5.380  5.521  5.595  5.468  5.476  5.501  5.509  5.501  5.340  5.438  5.407  5.303  5.176  5.303  5.389  5.303  5.384  5.476  5.388  5.298  5.328  5.384  5.288  5.366  5.366  5.342
5.218  5.037  5.136  4.915  4.949  4.949  4.942  4.890  5.030  5.094  5.069  5.093  5.136  5.204  5.112  4.990  5.072  5.100  4.977  5.094  5.231  5.069  5.017  5.175  4.956  4.934  4.852  4.828  4.754  4.779  4.904  4.852  4.905  5.004  5.088  4.927  4.868  4.905  5.024  4.942  5.037  5.017
