5.416  5.124  5.273  5.283  5.197  5.421  5.273  5.204  5.364  5.493  5.175  5.305  5.268  5.198  5.371  5.236  5.252  5.306  5.283  5.201  5.521  5.257  5.068  5.298  5.176  5.189  5.075  5.111  5.043  5.063  5.153  5.198  5.114  5.278  5.159  5.252  5.220  5.112  5.056  5.165  4.984  5.242
5.017  4.927  5.043  5.078  5.001  5.370  4.986  4.843  4.913  4.883  4.961  4.934  5.112  4.868  4.942  4.956  4.963  4.959  5.024  4.828  5.187  4.997  4.800  5.192  4.949  4.812  4.819  4.730  4.691  4.812  4.804  4.836  4.905  4.820  4.745  4.875  4.934  4.673  4.673  4.819  4.690  4.794
4.522  4.489  4.522  4.489  4.554  4.615  4.533  4.522  4.538  4.673  4.605  4.595  4.583  4.527  4.677  4.527  4.357  4.522  4.595  4.700  4.828  4.431  4.511  4.536  4.369  4.315  4.394  4.369  4.317  4.290  4.500  4.404  4.454  4.304  4.443  4.419  4.382  4.392  4.357  4.317  4.419  4.431
4.522  4.477  4.477  4.543  4.554  4.625  4.654  4.554  4.618  4.642  4.489  4.625  4.710  4.771  4.812  4.573  4.593  4.564  4.615  4.564  4.836  4.644  4.640  4.625  4.489  4.416  4.431  4.533  4.367  4.549  4.654  4.483  4.454  4.419  4.685  4.533  4.603  4.595  4.557  4.477  4.354  4.431
5.335  5.193  5.273  5.019  5.252  5.268  5.124  5.306  5.333  5.357  5.323  5.425  5.447  5.252  5.398  5.212  4.984  5.242  5.290  5.273  5.187  5.118  5.169  5.252  5.252  5.166  5.328  5.064  5.004  5.050  5.118  5.159  5.074  5.118  5.176  5.208  5.118  5.209  5.196  5.220  4.977  5.130
4.475  4.443  4.369  4.585  4.382  4.419  4.394  4.431  4.394  4.464  4.205  4.522  4.419  4.446  4.640  4.382  4.344  4.492  4.543  4.489  4.533  4.419  4.267  4.290  4.419  4.489  4.277  4.094  4.174  4.205  4.431  4.376  4.344  4.317  4.317  4.317  4.277  4.288  4.466  4.159  4.263  4.277
6.822  6.551  6.640  6.469  6.729  6.807  6.876  6.668  6.737  6.865  6.608  6.828  6.240  6.636  6.835  6.646  6.603  6.660  6.872  6.695  6.984  6.821  6.659  6.588  6.620  6.700  6.611  6.579  6.405  6.555  6.532  6.698  6.484  6.737  6.768  6.704  6.772  6.652  6.590  6.525  6.480  6.685
4.585  4.511  4.552  4.369  4.662  4.635  4.511  4.477  4.564  4.557  4.628  4.644  4.605  4.754  4.585  4.522  4.167  4.431  4.357  4.380  4.331  4.263  4.533  4.394  4.344  4.382  4.344  4.419  4.205  4.382  4.595  4.202  4.382  4.394  4.277  4.443  4.500  4.522  4.443  4.382  4.357  4.331
4.727  4.625  4.635  4.649  4.771  4.787  4.883  4.489  4.736  4.736  4.762  4.745  4.234  4.696  4.804  4.691  4.489  4.527  4.754  4.654  4.828  4.771  4.635  4.691  4.344  4.511  4.585  4.543  4.328  4.369  4.489  4.605  4.505  4.696  4.605  4.771  4.727  4.466  4.654  4.454  4.277  4.610
5.204  5.176  5.308  5.323  5.247  5.405  5.050  5.357  5.273  5.247  5.272  5.357  5.292  5.165  5.360  5.198  4.824  4.934  5.318  5.373  5.165  5.037  5.147  5.088  5.283  5.263  5.030  5.075  4.956  5.043  5.198  4.856  5.247  5.124  5.063  5.088  5.017  5.357  5.016  5.063  5.262  5.398
7.377  7.153  7.246  7.148  7.310  7.326  7.175  7.249  7.279  7.392  7.356  7.334  7.306  7.280  7.264  7.214  7.006  7.307  7.278  7.160  7.163  7.067  7.127  7.190  7.160  7.221  7.256  7.316  6.999  7.124  7.180  6.880  7.110  7.224  7.120  7.170  7.132  7.204  7.182  7.275  7.104  7.151
5.176  5.063  5.043  5.043  4.997  5.050  4.997  5.081  5.100  5.124  5.081  5.045  5.136  4.956  5.147  4.852  4.868  5.034  4.963  5.118  5.136  5.014  5.024  5.081  5.017  4.852  4.997  4.963  4.927  4.860  4.870  4.745  4.866  5.042  4.905  5.017  4.896  5.006  4.997  5.017  4.883  4.890
5.121  5.024  4.920  5.109  5.056  5.080  4.996  4.997  5.081  5.280  5.187  5.193  5.293  5.220  5.298  5.088  4.852  5.186  5.094  5.112  5.209  4.920  5.017  4.836  4.954  5.075  4.977  5.118  4.877  4.890  4.940  4.828  4.933  5.026  5.106  5.074  5.063  5.097  5.153  5.043  4.913  5.069
4.554  4.127  4.174  4.277  4.335  4.369  4.108  4.369  4.174  4.317  4.290  4.270  4.263  4.174  4.317  4.179  4.317  4.174  4.369  4.308  4.290  4.159  4.220  4.290  4.004  4.007  4.304  4.290  3.871  4.025  4.466  4.263  4.174  4.317  4.159  4.167  4.159  4.357  4.205  4.220  4.007  4.174
4.143  4.007  3.861  3.892  3.970  4.060  3.951  3.951  3.970  4.025  3.784  4.034  4.043  4.060  4.159  3.829  3.850  4.007  4.025  4.091  4.025  3.892  3.761  4.127  3.714  3.850  3.871  3.932  3.850  4.052  3.761  4.013  3.967  3.871  3.989  3.892  3.970  3.867  3.871  3.882  3.970  3.892
4.060  4.111  4.086  3.846  4.060  4.025  4.078  3.951  4.094  4.217  3.970  4.190  4.290  4.220  4.290  3.892  3.932  4.007  3.957  4.143  4.108  4.022  4.111  4.174  4.022  3.951  3.989  4.060  3.761  3.857  4.025  3.951  4.127  4.060  4.025  3.970  3.961  3.922  3.985  3.912  3.928  3.871
4.836  4.595  4.820  4.828  4.673  4.783  4.718  4.691  4.718  4.890  4.875  4.754  4.796  4.973  4.836  4.654  4.779  4.762  4.828  4.745  4.779  4.927  4.745  4.663  4.745  4.710  4.625  4.787  4.700  4.466  4.700  4.769  4.710  4.754  4.812  4.762  4.800  4.727  4.628  4.727  4.736  4.762
4.663  4.745  4.765  4.564  4.644  4.687  4.754  4.812  4.710  4.745  4.710  4.682  4.779  4.766  4.883  4.638  4.673  4.533  4.691  4.680  4.745  4.718  4.489  4.642  4.754  4.659  4.691  4.603  4.635  4.585  4.700  4.608  4.615  4.779  4.796  4.792  4.700  4.554  4.419  4.500  4.595  4.603
4.040  4.007  4.511  3.466  4.466  4.595  3.466  4.440  4.454  4.373  4.290  4.673  4.673  4.549  4.605  4.078  3.912  4.500  4.796  4.635  4.419  4.143  4.290  3.970  4.060  4.031  4.007  3.951  3.664  3.871  4.004  3.761  4.159  4.111  3.932  4.060  3.989  4.119  4.205  4.205  3.970  4.220
3.401  3.367  3.497  3.296  3.555  3.401  3.219  3.332  3.497  3.401  3.219  3.401  3.664  3.555  3.584  3.490  3.526  3.434  3.497  3.714  3.555  3.434  3.401  3.367  3.401  3.367  3.332  3.367  3.332  3.434  3.296  3.466  3.258  3.434  3.497  3.332  3.258  3.434  3.219  3.401  3.332  3.434
3.829  3.520  3.714  3.664  3.605  3.578  3.584  3.684  3.738  3.664  3.520  3.714  3.824  3.892  3.932  3.784  3.761  3.555  3.871  3.932  3.784  3.818  3.689  3.714  3.638  3.526  3.761  3.658  3.526  3.555  3.664  3.611  3.638  3.664  3.784  3.611  3.664  3.434  3.605  3.497  3.497  3.714
3.466  3.624  3.611  3.664  3.684  3.671  3.619  3.658  3.714  3.638  3.597  3.761  3.867  3.714  3.761  3.638  3.611  3.829  3.761  3.784  3.761  3.584  3.689  3.611  3.738  3.664  3.555  3.584  3.555  3.526  3.584  3.584  3.714  3.714  3.584  3.597  3.541  3.526  3.497  3.434  3.689  3.714
