5.866  5.710  5.684  5.749  5.704  5.710  5.753  5.764  5.684  5.961  5.847  5.793  5.746  5.724  5.787  5.659  5.576  5.585  5.627  5.799  5.677  5.733  5.583  5.743  5.416  5.576  5.525  5.451  5.313  5.442  5.595  5.497  5.619  5.583  5.678  5.604  5.529  5.617  5.576  5.521  5.505  5.511
5.787  5.572  5.710  5.727  5.670  5.714  5.683  5.796  5.730  5.849  5.714  5.793  5.737  5.652  5.710  5.609  5.533  5.497  5.714  5.779  5.613  5.720  5.673  5.662  5.529  5.490  5.594  5.478  5.389  5.497  5.537  5.416  5.607  5.598  5.627  5.591  5.613  5.580  5.537  5.416  5.541  5.617
3.824  3.951  3.714  3.689  3.738  3.689  3.807  3.824  3.611  3.928  3.714  3.784  3.867  4.025  3.951  3.850  3.714  3.738  3.714  3.932  4.143  3.829  3.780  3.761  3.970  3.761  3.761  3.714  3.584  3.664  3.738  3.871  3.784  3.738  3.714  3.664  3.738  3.689  3.689  3.611  3.689  3.701
3.664  3.611  3.584  3.664  3.611  3.584  3.611  3.721  3.638  3.611  3.434  3.738  3.839  3.584  3.892  3.689  3.624  3.611  3.555  3.684  3.761  3.738  3.632  3.908  3.714  3.550  3.428  3.611  3.434  3.434  3.526  3.611  3.738  3.714  3.651  3.584  3.434  3.466  3.611  3.434  3.664  3.689
3.932  3.784  3.970  3.970  3.989  4.007  4.004  3.867  3.951  4.205  3.951  4.007  4.234  4.190  4.111  4.074  3.970  4.007  3.932  4.171  4.174  4.078  3.807  4.007  4.060  3.818  3.932  3.829  3.892  3.757  3.892  3.761  3.892  3.871  4.007  3.807  3.829  3.807  3.908  3.985  3.807  3.989
4.277  4.057  4.078  3.829  3.947  4.043  4.048  4.140  4.060  4.248  4.234  3.989  4.290  4.143  4.317  4.094  4.143  4.078  3.989  4.124  4.116  4.007  3.928  4.060  4.220  4.025  3.970  3.829  3.871  3.932  4.043  3.892  4.007  4.043  4.007  3.912  3.970  3.871  4.025  4.007  3.989  3.989
5.195  4.920  5.112  4.984  4.940  4.942  5.003  5.037  5.001  5.361  5.130  5.159  5.121  4.944  5.165  4.804  4.812  4.949  5.017  4.952  5.017  4.812  4.920  4.927  4.990  4.804  4.783  4.860  4.564  4.787  5.089  4.852  4.844  4.920  5.037  4.913  4.909  5.075  5.030  5.106  4.804  4.970
5.754  5.460  5.541  5.573  5.606  5.602  5.648  5.697  5.606  5.908  5.805  5.799  5.760  5.631  5.746  5.513  5.517  5.587  5.714  5.639  5.620  5.545  5.606  5.529  5.394  5.394  5.476  5.580  5.288  5.493  5.489  5.425  5.505  5.513  5.497  5.489  5.537  5.673  5.576  5.617  5.381  5.557
7.122  6.876  7.009  6.993  6.992  7.001  6.892  7.018  6.965  7.174  7.129  7.081  7.059  6.930  7.072  6.879  6.775  6.926  6.999  7.028  6.916  6.864  6.906  6.912  6.700  6.855  6.832  6.819  6.637  6.763  7.001  6.724  6.946  6.896  6.998  6.905  6.851  7.017  6.911  6.843  6.764  6.911
7.635  7.478  7.536  7.524  7.528  7.544  7.527  7.558  7.523  7.733  7.660  7.615  7.622  7.522  7.614  7.462  7.446  7.499  7.601  7.545  7.601  7.526  7.548  7.548  7.292  7.467  7.449  7.461  7.315  7.412  7.503  7.356  7.475  7.436  7.533  7.479  7.486  7.521  7.499  7.459  7.372  7.467
3.998  3.877  3.932  3.951  3.908  3.970  4.060  4.025  3.761  4.025  3.932  4.094  4.127  4.127  4.078  3.871  3.892  3.989  4.025  4.190  4.078  3.989  3.850  4.025  3.738  3.689  3.951  3.850  3.738  3.784  3.951  3.951  3.892  3.784  3.932  4.025  3.850  4.007  3.807  3.784  3.761  4.025
4.074  4.127  4.127  4.091  4.043  4.060  3.912  4.060  3.989  4.127  4.052  4.078  4.060  4.159  3.951  3.985  3.871  4.094  4.007  4.190  4.205  3.989  3.951  4.111  3.947  3.888  3.912  3.989  3.784  3.892  4.007  3.912  3.867  3.932  3.892  4.022  3.970  4.043  3.989  3.912  3.795  3.932
5.242  4.942  4.956  5.114  4.920  5.056  4.979  5.024  5.069  5.142  5.094  5.118  4.984  4.883  5.024  5.193  4.796  4.796  5.120  5.292  5.085  5.130  4.927  5.026  4.820  4.956  4.913  4.900  4.671  4.852  4.934  4.875  4.927  5.069  4.997  4.900  4.970  4.949  5.078  4.970  5.063  5.021
4.554  4.344  4.769  4.812  4.727  4.997  4.769  4.357  4.947  4.710  4.369  4.682  4.654  4.369  4.605  4.522  4.454  4.369  4.889  4.673  4.603  4.522  4.443  4.754  4.600  4.382  4.407  4.511  4.511  4.382  4.466  4.543  4.564  4.431  4.605  4.745  4.610  4.466  4.575  4.248  4.575  4.500
3.709  3.497  3.638  3.555  3.664  3.584  3.738  3.401  3.738  3.434  3.434  3.584  3.784  3.932  3.850  3.638  3.761  3.791  3.738  3.818  3.813  3.892  3.638  3.807  3.367  3.401  3.611  3.490  3.466  3.784  3.541  3.638  3.750  3.512  3.564  3.638  3.526  3.645  3.401  3.526  3.541  3.632
3.526  3.367  3.550  3.434  3.497  3.497  3.401  3.584  3.466  3.664  3.296  3.401  3.807  3.638  3.761  3.555  3.434  3.490  3.555  3.664  3.638  3.434  3.605  3.611  3.497  3.434  3.584  3.526  3.296  3.605  3.564  3.611  3.709  3.605  3.555  3.584  3.332  3.584  3.428  3.401  3.401  3.584
5.572  5.389  5.557  5.568  5.561  5.452  5.427  5.497  5.384  5.697  5.598  5.687  5.620  5.460  5.517  5.384  5.485  5.380  5.561  5.631  5.515  5.537  5.366  5.505  5.193  5.425  5.246  5.172  5.209  5.203  5.263  5.252  5.511  5.347  5.384  5.346  5.303  5.352  5.278  5.290  5.136  5.403
5.951  5.710  5.769  5.930  5.852  5.791  5.756  5.781  5.677  5.932  5.855  5.976  5.974  5.793  5.872  5.673  5.759  5.704  5.887  5.900  5.852  5.765  5.733  5.811  5.594  5.684  5.617  5.517  5.488  5.559  5.656  5.486  5.729  5.764  5.668  5.750  5.598  5.694  5.700  5.609  5.642  5.645
5.153  4.806  5.165  5.303  5.468  5.347  4.419  4.527  4.522  4.699  4.605  4.559  4.787  4.700  4.796  4.466  4.431  4.585  4.691  4.654  4.727  4.564  4.585  4.595  4.357  4.533  4.583  4.454  4.454  4.304  4.575  4.605  4.605  4.615  4.466  4.536  4.635  4.595  4.682  4.860  4.469  4.654
4.111  3.928  3.970  4.025  4.094  3.932  3.846  3.970  4.043  4.066  3.951  4.119  4.190  4.127  4.159  3.951  4.060  4.025  3.989  4.234  4.205  4.108  3.850  4.127  3.761  3.892  4.111  3.989  3.829  3.928  4.078  3.912  4.007  4.022  3.989  4.025  3.871  4.108  4.111  4.004  3.951  4.078
3.951  3.970  3.970  3.908  3.807  3.892  3.892  3.912  3.912  4.025  4.127  4.078  4.034  4.094  4.205  3.829  4.111  3.970  3.967  4.190  4.124  4.025  4.043  4.143  3.908  3.951  3.871  3.877  3.871  3.932  4.043  4.060  4.111  4.069  3.871  3.989  3.951  4.060  3.761  4.025  4.043  3.912
3.490  3.605  3.664  3.684  3.689  3.632  3.526  3.584  3.555  3.611  3.497  3.761  3.824  3.850  3.738  3.434  3.638  3.555  3.584  3.664  3.871  3.888  3.664  3.829  3.584  3.738  3.689  3.481  3.555  3.684  3.555  3.664  3.689  3.761  3.908  3.829  3.611  3.611  3.584  3.664  3.584  3.664
