5.109  4.933  5.003  5.068  4.949  5.024  5.086  5.024  5.159  5.100  4.942  5.042  5.088  4.963  4.956  5.109  4.970  4.913  5.169  4.990  5.081  5.056  4.942  5.014  4.942  4.942  4.905  4.860  4.812  4.881  4.905  4.890  4.934  5.050  5.043  5.024  4.934  5.021  4.812  5.017  4.929  5.124
5.476  5.255  5.361  5.286  5.380  5.398  5.468  5.366  5.384  5.537  5.429  5.509  5.375  5.347  5.346  5.395  5.328  5.386  5.546  5.303  5.412  5.460  5.449  5.316  5.198  5.276  5.220  5.313  5.136  5.242  5.236  5.182  5.386  5.227  5.421  5.425  5.220  5.398  5.303  5.342  5.242  5.347
5.958  5.501  5.793  5.826  5.737  5.762  5.667  5.869  5.743  5.935  5.814  5.914  5.822  5.624  5.778  5.602  5.535  5.583  5.897  5.911  5.672  5.574  5.572  5.659  5.478  5.525  5.420  5.434  5.226  5.371  5.493  5.468  5.838  5.568  5.606  5.549  5.561  5.684  5.694  5.537  5.486  5.725
5.453  5.011  5.398  5.394  5.323  5.328  5.241  5.517  5.283  5.566  5.470  5.527  5.308  5.198  5.375  5.130  5.226  5.204  5.359  5.455  5.187  5.088  5.203  5.236  5.219  5.126  5.011  5.094  4.815  5.024  5.024  5.124  5.434  5.072  5.260  5.242  4.992  5.273  5.198  5.050  5.106  5.263
4.743  4.595  4.575  4.543  4.635  4.605  4.736  4.595  4.615  4.804  4.700  4.727  4.691  4.673  4.800  4.585  4.522  4.862  4.827  4.718  4.812  4.700  4.585  4.635  4.615  4.454  4.431  4.541  4.290  4.443  4.369  4.567  4.533  4.673  4.615  4.500  4.575  4.644  4.564  4.691  4.635  4.727
4.505  4.263  4.419  4.511  4.443  4.369  4.543  4.500  4.407  4.541  4.416  4.522  4.573  4.466  4.691  4.304  4.454  4.481  4.585  4.533  4.625  4.520  4.290  4.454  4.413  4.419  4.331  4.386  4.263  4.277  4.331  4.380  4.425  4.344  4.394  4.344  4.498  4.277  4.443  4.575  4.522  4.718
4.554  4.382  4.452  4.533  4.369  4.419  4.673  4.644  4.562  4.718  4.500  4.682  4.727  4.543  4.644  4.500  4.511  4.369  4.700  4.489  4.644  4.489  4.575  4.520  4.522  4.554  4.500  4.357  4.205  4.500  4.431  4.410  4.350  4.489  4.500  4.454  4.361  4.575  4.248  4.380  4.443  4.382
4.143  3.980  4.190  4.074  3.989  4.043  4.159  4.127  4.060  4.060  3.970  4.094  4.263  3.970  4.043  4.143  4.111  3.922  4.248  3.970  4.143  4.043  3.850  4.205  3.892  3.829  4.007  3.784  4.060  4.007  3.892  3.928  3.780  4.111  3.932  3.908  3.857  4.007  3.892  3.780  3.871  4.143
5.081  5.142  4.920  4.860  4.909  4.920  4.934  4.836  5.136  5.218  5.088  5.217  5.118  4.905  5.050  4.812  5.069  4.875  4.942  5.043  5.006  4.980  5.006  4.868  4.860  4.796  4.864  4.868  4.745  4.982  4.844  4.879  4.963  4.920  4.966  4.883  4.852  5.064  4.975  4.940  4.844  4.905
4.787  4.844  4.860  4.718  4.730  4.654  4.762  4.779  4.920  4.915  5.058  4.832  4.913  4.812  4.804  4.663  4.804  4.883  4.898  4.875  4.727  4.783  4.808  4.787  4.673  4.730  4.477  4.625  4.554  4.691  4.644  4.500  4.782  4.691  4.644  4.673  4.533  4.765  4.760  4.726  4.522  4.745
5.247  4.844  5.187  5.231  5.130  5.056  4.996  5.050  5.056  5.226  5.132  5.159  5.089  4.963  5.215  4.844  4.977  4.990  5.129  5.318  5.106  5.011  4.956  4.990  4.754  4.820  4.812  4.762  4.663  4.682  4.862  4.905  5.159  4.905  5.037  4.905  4.864  5.153  5.149  4.934  4.905  5.063
4.771  4.673  4.583  4.736  4.552  4.575  4.511  4.522  4.543  4.771  4.682  4.754  4.677  4.623  4.673  4.564  4.635  4.771  4.598  4.771  4.875  4.680  4.615  4.691  4.382  4.454  4.595  4.440  4.277  4.514  4.392  4.588  4.575  4.663  4.511  4.691  4.610  4.615  4.625  4.522  4.500  4.635
5.420  5.204  5.386  5.352  5.424  5.375  5.377  5.293  5.374  5.447  5.412  5.485  5.501  5.389  5.422  5.179  5.287  5.333  5.407  5.366  5.489  5.263  5.139  5.239  5.220  5.204  5.147  5.176  5.056  5.175  5.142  5.190  5.303  5.263  5.327  5.231  5.165  5.236  5.318  5.147  5.220  5.209
4.538  4.357  4.431  4.564  4.549  4.511  4.525  4.382  4.564  4.635  4.460  4.623  4.564  4.585  4.771  4.466  4.564  4.600  4.511  4.718  4.787  4.543  4.443  4.546  4.431  4.543  4.344  4.419  4.388  4.290  4.443  4.489  4.595  4.522  4.562  4.419  4.454  4.431  4.263  4.277  4.328  4.315
4.043  4.078  4.007  3.951  4.156  4.209  3.829  3.912  4.060  3.951  4.094  4.190  4.190  4.043  4.212  3.850  3.932  4.025  4.205  4.290  4.078  4.078  3.951  4.197  3.951  3.892  3.807  4.078  3.658  3.829  3.807  3.970  4.007  3.912  3.932  3.912  3.957  3.807  3.912  4.048  3.970  3.970
4.369  4.234  4.357  4.350  4.404  4.220  4.156  4.202  4.143  4.331  4.127  4.277  4.344  4.344  4.317  4.060  4.111  4.111  4.422  4.394  4.246  4.263  4.174  4.205  3.967  4.025  3.989  3.951  3.892  4.007  4.094  4.078  4.127  4.127  4.143  4.331  3.912  4.190  4.344  4.016  3.932  4.043
4.777  4.595  4.663  4.868  4.894  4.699  4.796  4.890  4.913  4.977  4.942  5.088  5.106  5.069  5.329  4.522  4.922  4.804  4.951  4.989  5.088  4.779  4.852  4.852  4.771  4.860  4.585  4.543  4.543  4.431  4.734  4.800  4.762  4.828  4.984  4.828  4.511  4.787  4.754  4.554  4.786  4.771
4.274  4.500  4.290  4.419  4.304  4.297  4.357  4.344  4.443  4.328  4.498  4.585  4.511  4.564  4.635  4.431  4.543  4.407  4.481  4.663  4.536  4.603  4.392  4.511  4.220  4.220  4.382  4.290  4.357  4.234  4.357  4.431  4.304  4.575  4.536  4.489  3.912  4.357  4.304  4.205  4.317  4.248
4.844  4.812  4.787  4.836  4.771  4.691  4.771  4.754  4.700  4.927  4.898  4.820  4.942  4.984  5.050  4.732  4.762  4.812  4.963  4.916  4.860  4.850  4.965  4.977  4.852  4.673  4.796  4.671  4.633  4.628  4.668  4.762  4.700  4.787  4.804  4.794  4.779  4.726  4.700  4.705  4.754  4.673
4.779  4.585  4.654  4.605  4.700  4.625  4.543  4.500  4.691  4.804  4.691  4.605  4.762  4.663  4.890  4.618  4.533  4.654  4.727  4.644  4.682  4.615  4.625  4.762  4.625  4.533  4.564  4.649  4.458  4.554  4.543  4.644  4.718  4.812  4.649  4.673  4.543  4.554  4.538  4.533  4.533  4.700
4.522  4.369  4.595  4.605  4.554  4.477  4.477  4.431  4.431  4.690  4.538  4.546  4.673  4.654  4.710  4.443  4.554  4.477  4.663  4.812  4.796  4.644  4.543  4.590  4.331  4.443  4.234  4.419  4.317  4.331  4.344  4.419  4.628  4.511  4.625  4.543  4.454  4.428  4.552  4.434  4.407  4.481
5.004  4.745  4.860  5.093  4.883  4.820  4.783  4.919  4.868  5.017  4.904  4.952  5.023  4.866  5.118  4.794  4.843  4.844  4.963  5.147  5.124  4.934  4.787  4.970  4.771  4.949  4.754  4.718  4.559  4.644  4.718  4.942  4.913  4.905  4.852  4.868  4.682  4.934  4.905  4.649  4.812  4.883
