4.954  4.804  4.820  4.896  4.920  4.905  4.934  4.877  4.894  5.061  4.856  4.997  4.860  4.913  5.094  4.875  4.615  4.885  4.949  4.898  4.963  4.771  4.804  4.927  4.481  4.585  4.682  4.710  4.431  4.718  4.786  4.543  4.771  4.745  4.794  4.787  4.736  4.762  4.771  4.712  4.605  4.625
5.513  5.347  5.360  5.388  5.338  5.338  5.328  5.371  5.384  5.481  5.394  5.361  5.398  5.347  5.496  5.293  5.176  5.310  5.342  5.361  5.493  5.308  5.352  5.394  5.118  5.024  5.165  5.069  4.905  5.050  5.247  5.165  5.233  5.053  5.165  5.333  5.136  5.182  5.286  5.146  5.120  5.153
4.454  4.094  4.143  4.290  4.234  4.489  4.190  4.174  4.220  4.344  4.094  4.304  4.301  4.290  4.477  4.127  4.197  4.143  4.304  4.344  4.382  4.263  4.290  4.304  4.174  4.043  4.043  4.277  4.111  4.078  4.103  4.127  4.159  4.248  4.182  4.043  4.007  4.143  4.078  4.127  4.143  4.174
5.474  5.371  5.426  5.380  5.455  5.452  5.375  5.595  5.236  5.509  5.397  5.434  5.509  5.460  5.421  5.308  5.153  5.407  5.487  5.328  5.283  5.172  5.346  5.236  5.246  5.147  5.273  5.338  5.212  5.037  5.338  5.273  5.252  5.158  5.468  5.298  5.153  5.366  5.308  5.293  5.220  5.375
4.984  4.827  4.804  4.844  4.937  4.871  4.836  4.980  4.934  4.990  4.927  5.039  5.080  4.959  5.081  4.812  4.934  4.883  4.984  4.820  5.042  4.836  4.860  4.913  4.823  4.762  4.717  4.682  4.437  4.663  4.883  4.736  4.836  4.718  4.745  4.779  4.668  4.828  4.820  4.680  4.595  4.836
4.431  4.357  4.220  4.363  4.297  4.315  4.127  4.220  4.277  4.304  4.263  4.341  4.304  4.410  4.443  4.301  4.304  4.369  4.274  4.315  4.511  4.304  4.317  4.464  4.246  4.220  4.174  4.007  4.111  4.156  4.205  4.220  4.234  4.220  4.263  4.220  4.140  4.288  4.277  4.143  4.304  4.304
4.682  4.625  4.754  4.808  4.769  4.828  4.718  4.652  4.671  4.771  4.311  4.644  4.956  4.811  4.913  4.585  4.615  4.585  4.836  4.663  4.828  4.605  4.533  4.787  4.615  4.477  4.605  4.477  4.317  4.437  4.615  4.419  4.673  4.771  4.644  4.687  4.466  4.500  4.317  4.464  4.668  4.635
4.883  4.868  4.754  4.745  4.736  4.771  4.934  4.718  4.824  4.820  4.595  4.691  4.984  4.875  5.013  4.787  4.828  4.700  4.896  4.879  5.058  4.871  4.820  4.956  4.727  4.762  4.754  4.700  4.644  4.700  4.796  4.804  4.754  4.718  4.844  4.889  4.790  4.663  4.481  4.595  4.734  4.868
4.511  4.290  4.575  4.369  4.466  4.673  4.277  4.443  4.520  4.522  4.477  4.595  4.552  4.635  4.668  4.440  4.241  4.536  4.573  4.635  4.533  4.331  4.475  4.458  4.217  4.344  4.331  4.407  4.094  4.466  4.290  4.554  4.511  4.354  4.344  4.437  4.304  4.234  4.419  4.416  4.625  4.431
5.366  5.247  5.371  5.338  5.345  5.398  5.219  5.365  5.263  5.493  5.365  5.371  5.472  5.403  5.328  5.303  5.063  5.267  5.447  5.204  5.263  5.293  5.288  5.215  5.138  5.226  5.153  5.198  4.977  5.075  5.208  5.182  5.178  5.223  5.170  5.118  5.176  5.333  5.263  5.235  5.204  5.268
4.850  4.736  4.762  4.905  4.905  4.890  4.593  4.847  4.771  4.860  4.836  4.836  4.812  4.870  4.990  4.625  4.654  4.949  4.860  4.844  4.828  4.727  4.796  4.934  4.533  4.394  4.503  4.663  4.382  4.489  4.431  4.600  4.787  4.575  4.564  4.710  4.554  4.730  4.762  4.820  4.663  4.820
4.736  4.771  4.745  4.997  4.852  4.777  4.673  4.812  4.804  4.947  4.868  4.905  4.905  4.773  5.030  4.644  4.615  4.710  4.905  4.896  4.762  4.823  4.779  4.881  4.511  4.613  4.673  4.511  4.431  4.554  4.511  4.677  4.644  4.625  4.603  4.828  4.779  4.615  4.718  4.644  4.477  4.633
4.159  4.350  4.205  4.234  4.270  4.263  4.277  4.369  4.220  4.127  4.209  4.212  4.489  4.344  4.394  4.171  4.078  4.301  4.585  4.382  4.486  4.331  4.248  4.344  4.025  4.043  4.143  4.174  4.078  4.119  4.043  4.288  4.209  4.187  4.217  4.217  4.060  4.143  4.060  4.263  4.190  4.159
4.682  4.777  4.771  4.699  4.812  4.736  4.564  4.585  4.691  4.671  4.654  4.603  4.779  4.898  4.718  4.700  4.654  4.887  4.843  4.762  4.870  4.748  4.745  4.896  4.454  4.401  4.475  4.489  4.331  4.477  4.533  4.477  4.668  4.663  4.509  4.714  4.505  4.644  4.483  4.382  4.454  4.615
4.564  4.367  4.477  4.654  4.369  4.505  4.341  4.419  4.290  4.615  4.477  4.466  4.605  4.585  4.554  4.382  4.431  4.452  4.585  4.615  4.511  4.394  4.382  4.585  4.317  4.248  4.304  4.205  4.159  4.288  4.174  4.317  4.440  4.317  4.263  4.388  4.394  4.317  4.234  4.301  4.331  4.483
4.736  4.500  4.708  4.736  4.522  4.522  4.605  4.511  4.575  4.710  4.511  4.700  4.605  4.573  4.796  4.454  4.541  4.562  4.762  4.654  4.771  4.564  4.628  4.673  4.454  4.357  4.331  4.419  4.344  4.407  4.382  4.481  4.520  4.511  4.654  4.595  4.460  4.663  4.407  4.440  4.431  4.625
4.745  4.407  4.654  4.682  4.543  4.575  4.564  4.585  4.644  4.691  4.564  4.654  4.771  4.682  4.852  4.654  4.431  4.700  4.422  4.734  4.464  4.431  4.533  4.549  4.205  4.454  4.498  4.394  4.174  4.331  4.419  4.331  4.454  4.443  4.511  4.654  4.407  4.376  4.543  4.477  4.304  4.522
4.748  4.828  4.727  4.844  4.741  4.700  4.708  4.668  4.812  4.787  4.595  4.877  4.883  4.836  4.927  4.644  4.680  4.682  4.736  4.690  4.905  4.673  4.828  4.811  4.543  4.663  4.635  4.446  4.443  4.538  4.663  4.533  4.644  4.682  4.615  4.712  4.585  4.554  4.536  4.511  4.533  4.625
4.425  4.428  4.554  4.394  4.394  4.481  4.357  4.419  4.369  4.718  4.382  4.489  4.635  4.595  4.647  4.554  4.382  4.428  4.394  4.543  4.466  4.394  4.466  4.477  4.363  4.419  4.394  4.263  4.197  4.317  4.304  4.348  4.369  4.363  4.554  4.536  4.357  4.290  4.263  4.386  4.205  4.382
4.866  4.700  4.691  4.820  4.786  4.663  4.654  4.745  4.710  4.860  4.710  4.875  4.890  4.787  4.956  4.682  4.605  4.682  4.944  4.916  4.779  4.844  4.843  4.860  4.549  4.644  4.642  4.691  4.543  4.668  4.721  4.654  4.779  4.775  4.796  4.787  4.564  4.787  4.710  4.564  4.605  4.779
3.947  3.970  4.127  3.951  3.912  3.932  4.043  3.912  4.007  4.099  3.985  4.069  4.127  4.341  4.234  4.007  4.060  3.989  3.989  4.174  4.159  4.220  4.025  4.190  4.007  3.932  3.970  3.985  3.912  3.922  3.912  3.989  4.174  4.025  3.970  4.007  4.007  3.970  3.918  3.892  3.912  3.850
3.829  3.912  3.877  3.892  3.829  3.989  3.714  3.784  3.967  4.078  3.912  3.989  3.985  4.060  4.004  3.807  3.892  4.043  3.985  4.108  3.989  3.912  3.912  4.007  3.780  3.584  3.784  3.807  3.829  3.757  3.714  3.684  3.850  3.738  3.850  3.928  3.970  3.892  3.839  3.738  3.773  3.871
