4.422  4.315  4.357  4.187  4.234  4.328  4.489  4.407  4.500  4.437  4.354  4.369  4.369  4.367  4.625  4.277  4.317  4.394  4.344  4.419  4.525  4.382  4.357  4.466  4.182  4.174  4.202  4.159  4.094  4.159  4.190  4.263  4.392  4.331  4.357  4.277  4.212  4.354  4.174  4.331  4.248  4.277
4.394  4.111  4.341  4.304  4.190  4.317  4.317  4.290  4.288  4.321  4.202  4.376  4.477  4.331  4.477  4.407  4.043  4.304  4.304  4.419  4.315  4.205  4.277  4.301  4.344  4.205  4.127  4.205  4.111  4.078  4.043  4.220  4.174  4.135  4.331  4.103  4.190  4.234  4.124  4.263  4.159  4.263
6.050  5.778  5.814  5.878  5.927  6.148  5.945  5.948  5.927  6.133  6.205  6.075  6.052  6.009  6.109  6.021  5.814  5.956  5.964  5.844  6.064  5.858  5.900  5.941  5.932  5.829  5.895  6.028  5.717  5.958  6.094  5.820  5.866  5.897  5.943  5.862  6.021  5.938  6.014  5.908  5.924  6.003
7.395  7.375  7.215  7.177  7.288  7.528  7.521  7.294  7.438  7.561  7.605  7.498  7.465  7.443  7.541  7.502  7.399  7.367  7.365  7.197  7.646  7.503  7.520  7.516  7.357  7.363  7.440  7.452  7.405  7.464  7.634  7.444  7.243  7.463  7.530  7.518  7.629  7.304  7.351  7.304  7.377  7.088
4.956  4.980  4.752  4.727  4.649  4.777  4.883  4.852  4.745  4.883  4.787  4.844  4.982  4.850  4.997  4.828  4.840  4.754  4.816  4.898  5.011  4.816  4.808  4.920  4.727  4.654  4.745  4.613  4.605  4.595  4.754  4.603  4.710  4.898  4.673  4.787  4.625  4.710  4.762  4.564  4.754  4.816
4.820  4.977  4.860  4.977  4.762  4.749  4.804  4.815  4.890  4.913  4.787  4.942  4.963  4.919  4.977  4.787  4.595  4.736  4.860  4.850  4.956  4.836  4.883  4.942  4.743  4.758  4.575  4.527  4.489  4.620  4.762  4.734  4.718  4.700  4.564  4.762  4.605  4.710  4.500  4.635  4.654  4.760
3.892  3.850  4.094  3.951  3.664  3.912  3.912  3.761  3.871  3.850  3.638  3.780  4.060  3.892  3.932  3.784  3.932  4.043  3.989  3.989  4.057  4.043  3.850  3.989  3.989  3.714  3.664  3.638  3.611  3.912  3.664  3.989  3.912  3.871  3.989  3.829  3.761  3.584  3.829  3.555  3.784  3.738
4.025  3.989  4.025  4.025  4.127  3.970  3.892  3.951  3.892  4.025  3.912  3.892  3.932  4.060  4.016  3.850  4.025  3.967  4.143  4.197  4.194  4.060  3.951  3.980  3.951  3.807  3.802  3.912  3.761  3.970  3.892  4.111  4.043  3.871  3.912  3.807  3.761  3.846  4.094  3.902  3.947  4.007
4.934  4.927  4.949  4.844  4.860  4.875  4.831  4.820  4.682  5.165  4.804  5.017  4.958  4.942  4.920  4.796  4.787  4.883  4.868  4.890  5.063  4.868  4.787  5.037  4.875  4.700  4.727  4.647  4.554  4.640  4.754  4.796  4.682  4.727  4.890  4.824  4.787  4.682  4.723  4.828  4.682  4.937
4.394  4.321  4.304  4.171  4.363  4.331  4.263  4.382  4.248  4.344  4.454  4.331  4.344  4.290  4.382  4.290  4.311  4.431  4.205  4.431  4.466  4.277  4.392  4.392  4.174  4.078  4.263  4.234  4.111  4.202  4.127  4.174  4.304  4.311  4.205  4.205  4.248  4.248  4.369  4.217  4.143  4.220
5.204  5.068  5.182  5.172  5.024  5.083  5.106  5.034  5.011  5.106  5.099  5.168  5.147  4.996  5.198  4.942  4.913  5.037  5.100  5.099  5.231  4.990  4.856  5.159  4.927  4.944  4.934  4.736  4.783  4.927  4.848  5.007  5.075  5.027  4.947  4.934  4.963  4.927  5.011  4.898  4.718  5.050
4.308  4.190  4.171  4.124  4.074  4.108  4.127  4.143  4.220  4.324  4.167  4.190  4.205  4.248  4.297  4.078  4.143  4.194  4.253  4.220  4.143  4.043  4.132  4.043  4.124  4.025  4.060  3.967  3.989  4.094  4.060  4.043  4.111  4.127  4.260  4.078  4.060  3.951  4.040  4.078  3.970  3.951
4.718  4.615  4.815  4.635  4.787  4.700  4.654  4.585  4.625  4.844  4.804  4.771  4.754  4.652  4.828  4.649  4.533  4.673  4.762  4.883  4.843  4.635  4.615  4.804  4.635  4.727  4.533  4.454  4.489  4.503  4.578  4.564  4.682  4.633  4.718  4.522  4.533  4.489  4.454  4.394  4.554  4.573
4.575  4.369  4.380  4.369  4.419  4.331  4.552  4.407  4.443  4.564  4.511  4.525  4.570  4.443  4.625  4.263  4.341  4.328  4.477  4.431  4.642  4.466  4.344  4.595  4.344  4.369  4.277  4.231  4.253  4.357  4.394  4.443  4.248  4.404  4.419  4.431  4.477  4.205  4.246  4.263  4.304  4.344
4.691  4.673  4.605  4.808  4.644  4.644  4.644  4.718  4.605  4.736  4.663  4.691  4.927  4.771  4.896  4.654  4.575  4.710  4.766  4.736  4.844  4.575  4.663  4.564  4.533  4.585  4.642  4.522  4.559  4.554  4.710  4.700  4.605  4.583  4.812  4.710  4.603  4.554  4.419  4.640  4.428  4.727
4.477  4.543  4.489  4.443  4.533  4.564  4.407  4.533  4.603  4.691  4.500  4.595  4.543  4.522  4.595  4.407  4.543  4.543  4.454  4.530  4.585  4.452  4.443  4.564  4.454  4.494  4.527  4.533  4.466  4.369  4.564  4.489  4.615  4.511  4.533  4.644  4.382  4.394  4.407  4.522  4.277  4.554
4.277  4.331  4.304  4.317  4.234  4.234  4.159  4.253  4.205  4.369  4.143  4.407  4.304  4.625  4.331  4.111  4.159  4.344  4.281  4.398  4.317  4.174  4.174  4.277  4.167  4.159  4.248  3.989  4.060  4.174  4.060  4.111  4.190  4.127  4.260  4.174  4.111  4.331  4.094  4.127  4.111  4.290
4.127  4.246  4.304  4.290  4.111  4.190  4.224  4.187  4.234  4.263  4.205  4.394  4.277  4.248  4.407  4.220  4.344  4.248  4.301  4.382  4.234  4.220  4.190  4.344  4.205  4.187  4.212  4.304  4.094  4.174  4.140  4.277  4.231  4.174  4.454  4.277  4.043  4.220  4.007  4.174  4.078  4.174
5.288  5.204  5.215  5.231  5.236  5.136  5.094  5.112  5.313  5.375  5.375  5.231  5.342  5.423  5.361  5.075  5.198  5.159  5.204  5.389  5.276  5.153  5.149  5.429  5.283  5.236  5.278  5.260  5.226  5.127  5.124  5.242  5.192  5.251  5.209  5.165  5.118  5.130  5.142  5.251  5.193  5.043
5.624  5.416  5.583  5.576  5.499  5.497  5.485  5.438  5.762  5.673  5.517  5.592  5.659  5.527  5.620  5.468  5.472  5.298  5.553  5.727  5.565  5.361  5.461  5.529  5.483  5.533  5.407  5.290  5.416  5.414  5.403  5.694  5.568  5.446  5.677  5.591  5.283  5.397  5.462  5.293  5.468  5.347
5.165  4.727  5.124  5.061  4.920  5.063  4.718  5.094  5.069  5.037  4.913  5.147  5.081  5.024  5.215  4.808  4.844  5.094  5.187  5.257  5.220  4.771  4.812  4.970  4.760  4.828  4.682  4.732  4.489  4.511  4.758  4.745  5.069  4.844  4.934  4.913  4.771  4.905  5.081  5.081  4.956  5.142
4.836  4.635  4.927  4.828  4.771  4.762  4.564  4.868  4.984  4.836  4.796  4.890  4.820  4.920  4.956  4.673  4.718  4.875  4.904  4.942  5.013  4.699  4.796  4.828  4.710  4.820  4.760  4.756  4.543  4.644  4.820  4.736  4.787  4.682  4.796  4.710  4.585  4.779  4.691  4.543  4.828  4.942
