4.820  4.710  4.736  4.682  4.662  4.916  4.828  4.811  4.828  4.949  4.708  4.727  4.909  4.812  4.812  4.710  4.758  4.673  4.796  4.762  4.942  4.736  4.745  4.736  4.564  4.625  4.745  4.644  4.477  4.727  4.745  4.511  4.615  4.804  4.644  4.782  4.644  4.727  4.754  4.647  4.554  4.796
4.431  4.315  4.454  4.382  4.321  4.267  4.615  4.546  4.533  4.610  4.449  4.573  4.603  4.394  4.564  4.350  4.231  4.344  4.536  4.454  4.492  4.407  4.483  4.466  4.290  4.394  4.224  4.127  4.357  4.190  4.263  4.190  4.317  4.248  4.401  4.394  4.248  4.369  4.263  4.234  4.111  4.466
5.200  5.081  5.121  4.979  4.956  4.963  4.919  4.984  5.069  5.147  5.136  5.236  5.056  5.011  5.153  4.920  4.804  4.949  4.949  5.017  5.088  4.956  4.942  5.037  4.843  4.919  4.779  4.775  4.635  4.796  4.700  4.762  4.875  4.949  4.852  4.710  4.828  4.691  4.827  4.710  4.745  4.949
5.317  5.190  5.219  5.037  5.182  5.165  5.252  5.193  5.226  5.464  5.296  5.280  5.277  5.278  5.375  5.187  5.030  5.226  5.153  5.153  5.172  5.238  5.162  5.273  4.989  4.984  5.017  4.885  4.804  4.754  5.100  4.977  4.997  4.970  5.050  5.024  4.977  5.039  5.004  4.820  4.852  5.056
5.056  5.077  5.024  4.852  4.905  4.913  5.252  5.120  4.996  5.063  4.934  5.124  5.106  5.017  5.193  5.063  4.963  5.017  4.963  4.984  5.021  4.972  4.913  5.176  4.836  4.836  4.877  4.745  4.828  4.815  4.812  4.843  4.860  4.816  4.963  4.920  4.836  4.736  4.804  4.705  4.745  4.927
5.170  5.242  5.226  5.081  5.096  5.193  5.147  5.252  5.256  5.277  5.275  5.220  5.316  5.278  5.394  5.165  5.086  5.153  5.118  5.118  5.176  5.203  5.215  5.278  5.056  5.056  5.108  4.984  5.069  4.877  5.170  5.011  4.963  4.862  5.069  5.106  5.118  4.931  4.920  4.875  4.836  5.075
5.768  5.529  5.561  5.493  5.425  5.394  5.455  5.598  5.493  5.684  5.481  5.545  5.493  5.356  5.515  5.204  5.371  5.416  5.513  5.459  5.425  5.435  5.303  5.413  5.176  5.198  5.081  5.117  4.913  5.043  5.075  5.183  5.291  5.338  5.252  5.136  5.195  5.226  5.193  5.024  5.043  5.338
5.819  5.505  5.656  5.572  5.566  5.529  5.588  5.730  5.624  5.802  5.602  5.663  5.537  5.609  5.684  5.333  5.509  5.553  5.549  5.630  5.628  5.517  5.509  5.545  5.424  5.438  5.338  5.357  5.130  5.231  5.375  5.428  5.421  5.398  5.472  5.342  5.420  5.323  5.435  5.165  5.242  5.489
5.521  5.388  5.580  5.407  5.476  5.402  5.389  5.403  5.303  5.407  5.400  5.513  5.389  5.384  5.468  5.251  5.159  5.338  5.347  5.509  5.455  5.288  5.320  5.434  5.142  5.220  5.118  5.106  4.883  5.056  5.252  5.100  5.353  5.182  5.242  5.265  5.136  5.130  5.247  5.130  5.094  5.204
5.535  5.495  5.497  5.557  5.545  5.464  5.464  5.501  5.553  5.468  5.620  5.591  5.480  5.437  5.598  5.380  5.285  5.537  5.535  5.485  5.698  5.527  5.523  5.620  5.247  5.247  5.311  5.147  4.982  5.273  5.357  5.323  5.357  5.349  5.308  5.446  5.338  5.220  5.292  5.147  5.278  5.476
5.680  5.425  5.451  5.587  5.462  5.476  5.639  5.549  5.568  5.714  5.515  5.620  5.548  5.442  5.625  5.440  5.451  5.431  5.802  5.737  5.799  5.468  5.366  5.384  5.361  5.398  5.328  5.255  5.136  5.322  5.303  5.303  5.357  5.485  5.468  5.501  5.426  5.497  5.412  5.389  5.509  5.482
5.056  4.804  4.934  4.890  4.920  4.812  4.956  4.836  4.883  5.056  4.866  4.875  5.106  4.893  4.934  4.769  4.820  4.844  5.024  4.970  5.004  4.934  4.824  4.924  4.783  4.700  4.779  4.630  4.511  4.705  4.762  4.749  4.771  4.828  4.843  4.779  4.819  4.787  4.824  4.710  4.779  4.736
4.844  4.554  4.762  4.543  4.710  4.625  4.700  4.787  4.718  4.819  4.804  4.844  4.850  4.796  4.743  4.625  4.575  4.726  4.773  4.796  4.915  4.615  4.489  4.727  4.554  4.580  4.625  4.595  4.454  4.431  4.500  4.691  4.652  4.541  4.644  4.682  4.552  4.605  4.543  4.644  4.691  4.575
4.647  4.718  4.787  4.625  4.575  4.798  4.585  4.625  4.511  4.883  4.564  4.945  4.745  4.671  4.625  4.718  4.454  4.682  5.037  4.860  4.682  4.827  4.615  4.682  4.522  4.440  4.477  4.530  4.564  4.564  4.522  4.754  4.708  4.575  4.700  4.682  4.691  4.437  4.522  4.554  4.500  4.477
4.369  4.263  4.380  4.382  4.348  4.344  4.382  4.205  4.190  4.454  4.304  4.419  4.533  4.489  4.564  4.284  4.167  4.277  4.331  4.477  4.425  4.460  4.315  4.357  4.202  4.060  4.301  4.060  3.892  4.197  4.205  4.357  4.263  4.190  4.311  4.357  4.159  4.270  4.248  4.205  4.288  4.190
4.277  4.174  4.227  4.187  4.171  4.143  4.263  4.143  4.143  4.241  4.205  4.202  4.304  4.263  4.407  3.970  4.164  4.111  4.174  4.174  4.431  4.083  4.135  4.127  3.989  4.004  4.111  3.989  3.970  4.007  3.932  4.220  4.159  4.007  4.060  4.205  4.094  4.069  3.912  4.007  3.850  3.932
4.635  4.530  4.613  4.644  4.575  4.625  4.575  4.625  4.590  4.573  4.503  4.691  4.663  4.677  4.762  4.595  4.454  4.680  4.732  4.796  4.595  4.533  4.623  4.812  4.304  4.585  4.522  4.407  4.304  4.394  4.522  4.394  4.440  4.554  4.593  4.509  4.394  4.344  4.500  4.422  4.505  4.443
4.654  4.625  4.828  4.745  4.727  4.644  4.625  4.635  4.732  4.710  4.585  4.843  4.732  4.718  4.796  4.625  4.613  4.730  4.879  4.836  4.905  4.663  4.727  4.934  4.431  4.443  4.635  4.454  4.337  4.575  4.554  4.625  4.633  4.662  4.727  4.652  4.575  4.718  4.443  4.644  4.613  4.700
4.947  4.792  4.915  4.848  4.836  4.900  4.860  4.883  4.820  5.011  4.860  4.963  4.999  5.024  5.124  4.905  4.796  4.890  4.990  5.047  5.043  5.097  4.982  4.999  5.176  5.094  5.088  5.384  5.352  5.352  5.024  4.893  4.942  4.984  4.927  4.787  4.881  4.956  4.762  4.900  4.796  4.762
5.869  5.790  5.717  5.757  5.892  5.809  5.745  5.692  5.861  5.943  5.805  5.887  5.966  5.829  5.994  5.777  5.861  5.762  5.943  5.843  5.974  5.864  5.777  5.858  5.896  5.855  5.811  5.741  5.700  5.707  5.743  5.814  5.741  5.971  5.951  5.924  5.823  5.823  5.826  5.810  5.724  5.790
3.892  3.932  3.750  3.871  4.034  3.807  3.829  3.951  3.761  3.912  3.882  3.892  4.151  4.091  4.025  3.932  4.025  3.912  3.928  4.143  4.040  3.784  3.951  4.007  3.714  3.714  3.850  3.689  4.025  3.761  3.912  3.807  3.807  3.761  3.784  3.951  3.738  3.784  3.892  3.892  3.611  3.824
3.738  3.871  3.658  3.664  3.761  3.611  3.611  3.761  3.757  3.761  3.802  3.871  4.103  4.043  3.970  3.867  3.714  3.638  3.947  3.970  4.060  3.784  3.750  3.932  3.676  3.714  3.714  3.584  3.714  3.721  3.714  3.738  3.829  3.750  3.784  3.714  3.807  3.738  3.605  3.784  3.714  3.664
