6.031  5.935  6.000  5.954  5.881  6.111  6.068  6.098  6.147  6.188  6.068  6.172  5.999  5.916  6.075  5.979  5.835  5.831  6.045  5.970  6.084  6.064  5.993  6.089  5.914  5.892  5.976  5.793  5.740  5.908  5.940  5.943  5.861  5.935  5.986  6.084  5.964  5.927  5.886  5.790  5.898  5.976
6.273  6.129  6.111  6.174  6.118  6.178  6.366  6.188  6.307  6.384  6.320  6.292  6.279  6.138  6.266  6.131  6.075  5.991  6.215  6.129  6.332  6.272  6.168  6.238  6.167  6.127  6.170  6.004  5.974  6.115  6.207  6.129  6.120  6.142  6.285  6.238  6.234  6.061  6.066  5.996  6.086  6.131
4.179  4.025  4.025  4.007  3.951  3.951  4.078  3.985  4.025  4.205  3.970  4.043  4.267  4.159  4.159  4.048  3.951  3.871  4.007  4.135  3.932  3.989  3.989  4.007  3.928  3.839  3.850  3.850  3.829  3.738  4.052  3.818  3.951  3.970  3.928  3.967  3.951  3.951  3.932  4.048  3.829  3.928
3.714  3.709  3.738  3.638  3.671  3.658  3.850  3.761  3.761  3.871  3.611  3.757  3.902  3.824  3.846  3.784  3.761  3.888  3.850  3.912  3.761  3.784  3.761  3.912  3.850  3.689  3.738  3.689  3.664  3.738  3.784  3.555  3.638  3.871  3.714  3.664  3.638  3.638  3.829  3.689  3.526  3.638
3.784  3.757  3.970  3.932  3.738  3.951  4.007  3.892  3.989  3.757  3.611  3.871  3.970  3.967  4.004  3.738  3.871  3.780  4.025  3.912  3.932  3.802  3.738  4.086  3.850  3.784  3.714  3.850  3.761  3.761  3.733  3.584  3.714  3.784  3.850  3.912  3.638  3.829  3.898  3.784  3.761  3.882
3.932  3.892  3.807  4.025  3.850  3.829  3.932  3.951  3.888  3.761  3.829  3.912  3.951  4.040  4.007  3.912  3.892  3.871  3.912  4.174  3.970  3.807  3.714  4.108  3.871  3.784  3.871  3.807  3.555  3.738  3.689  3.807  3.750  3.867  3.807  3.818  3.850  3.951  3.829  3.780  3.738  3.912
4.635  4.522  4.625  4.682  4.585  4.533  4.522  4.694  4.564  4.635  4.644  4.522  4.654  4.736  4.786  4.533  4.317  4.541  4.585  4.736  4.752  4.554  4.516  4.511  4.419  4.248  4.304  4.419  4.217  4.369  4.380  4.522  4.543  4.477  4.477  4.662  4.394  4.633  4.575  4.500  4.369  4.382
4.870  4.723  4.718  4.844  5.017  4.949  4.605  4.812  4.762  4.963  4.844  4.933  4.968  4.762  5.130  4.787  4.605  4.779  4.893  4.860  4.913  4.718  4.949  4.779  4.736  4.454  4.635  4.543  4.357  4.454  4.610  4.691  4.700  4.700  4.690  4.760  4.511  4.898  4.787  4.820  4.673  4.615
3.871  3.750  4.111  3.761  3.850  3.892  3.709  3.951  4.143  3.818  4.111  3.761  4.078  4.025  3.850  3.922  3.738  4.369  4.143  4.031  4.007  3.784  3.912  4.078  3.761  3.829  3.714  3.689  3.550  3.807  3.689  3.689  3.877  3.761  3.597  3.829  3.714  3.807  3.989  3.664  3.768  3.738
3.520  3.466  3.714  3.738  3.689  3.497  3.526  3.761  3.611  3.638  3.367  3.761  3.850  3.780  3.664  3.696  3.664  3.526  3.871  4.007  3.850  3.497  3.689  3.807  3.605  3.611  3.555  3.714  3.605  3.497  3.526  3.664  3.555  3.578  3.526  3.738  3.638  3.555  3.689  3.584  3.466  3.584
4.898  4.940  4.745  4.975  4.854  5.011  4.836  4.860  4.905  5.094  4.956  4.920  5.094  4.905  5.198  4.963  4.990  4.820  5.136  4.927  5.036  5.153  4.989  5.153  4.836  4.848  4.811  4.820  4.771  4.721  4.820  4.990  4.816  4.905  4.997  5.003  4.990  4.844  4.920  4.934  4.699  4.652
4.290  4.234  4.108  4.187  4.159  4.043  4.234  4.190  4.220  4.205  4.159  4.171  4.304  4.248  4.331  4.043  4.304  4.111  4.341  4.290  4.382  4.369  4.190  4.407  4.043  4.048  4.103  4.217  4.094  4.127  4.099  4.190  4.143  4.187  4.174  4.143  4.111  4.060  4.159  4.040  4.078  4.143
5.557  5.472  5.397  5.497  5.509  5.451  5.529  5.394  5.476  5.618  5.493  5.620  5.645  5.509  5.684  5.352  5.476  5.427  5.553  5.656  5.635  5.578  5.493  5.468  5.298  5.351  5.433  5.176  5.342  5.394  5.303  5.352  5.423  5.472  5.540  5.597  5.468  5.529  5.631  5.394  5.315  5.468
4.905  4.754  4.779  4.787  4.844  4.736  4.691  4.718  4.615  4.745  4.844  4.771  4.905  4.874  5.011  4.533  4.811  4.703  4.820  4.949  5.030  4.913  4.812  4.786  4.668  4.820  4.717  4.613  4.595  4.615  4.762  4.662  4.652  4.758  4.828  4.771  4.758  4.762  4.673  4.739  4.682  4.682
4.190  4.344  4.187  4.344  4.394  4.220  4.263  4.328  4.301  4.304  4.174  4.304  4.533  4.489  4.443  4.171  4.394  4.263  4.443  4.464  4.344  4.419  4.143  4.341  4.317  4.369  4.263  4.057  4.116  4.094  4.194  4.190  4.304  4.317  4.443  4.263  4.174  4.190  4.234  4.094  4.174  4.281
3.807  3.784  3.871  3.761  3.714  3.850  3.689  3.738  3.850  3.829  3.761  3.689  3.951  4.025  4.052  3.714  3.892  3.871  3.892  3.961  4.078  3.871  3.871  3.829  3.824  3.761  3.638  3.611  3.784  3.689  3.726  3.784  3.761  3.829  3.761  3.892  3.689  3.664  3.638  3.638  3.745  3.773
3.807  3.989  3.738  4.025  3.807  3.738  3.877  3.761  3.850  3.970  4.025  3.829  3.850  3.761  3.951  3.888  3.807  3.784  4.016  3.951  4.043  3.807  3.664  3.967  3.867  3.555  3.989  3.871  3.829  3.664  3.850  3.871  3.998  3.829  3.784  3.738  3.611  3.892  3.932  3.738  4.025  3.784
3.892  3.932  3.850  3.928  4.025  3.922  3.985  3.871  3.807  3.818  3.970  3.951  3.829  3.912  3.989  3.867  4.060  3.850  4.094  4.043  4.078  4.007  3.912  4.025  3.970  3.555  3.829  3.784  3.877  3.871  3.871  3.912  3.932  3.829  3.908  3.951  3.638  3.839  3.780  3.738  3.961  3.714
3.638  3.714  3.658  3.761  3.611  3.757  3.750  3.846  3.761  3.689  3.818  3.689  3.807  3.892  3.912  3.611  3.807  3.555  3.902  3.871  3.850  3.714  3.638  4.043  3.802  3.802  3.664  3.684  3.611  3.555  3.526  3.689  3.761  3.761  3.761  3.689  3.738  3.850  3.689  3.555  3.611  3.871
3.434  3.434  3.526  3.466  3.526  3.490  3.367  3.570  3.434  3.611  3.367  3.555  3.632  3.584  3.689  3.497  3.475  3.434  3.714  3.664  3.526  3.466  3.526  3.664  3.367  3.466  3.367  3.450  3.526  3.401  3.332  3.497  3.428  3.466  3.526  3.497  3.466  3.807  3.434  3.258  3.367  3.434
4.040  3.824  3.951  3.877  3.795  3.784  3.768  3.733  3.932  4.060  3.807  3.738  3.888  4.025  4.043  3.780  3.738  3.892  4.007  4.025  3.867  3.871  3.857  3.818  3.714  3.638  3.902  3.784  3.761  3.908  3.932  3.850  3.951  3.850  3.829  3.871  3.555  3.850  3.857  3.664  3.829  3.970
3.664  3.584  3.584  3.555  3.701  3.689  3.367  3.611  3.584  3.829  3.738  3.638  3.780  3.892  3.664  3.611  3.526  3.638  3.658  3.664  3.638  3.611  3.555  3.689  3.605  3.555  3.638  3.550  3.434  3.466  3.497  3.611  3.584  3.761  3.611  3.611  3.555  3.664  3.658  3.466  3.664  3.664
