4.248  4.217  4.007  4.159  4.060  4.043  4.190  3.970  4.094  4.043  3.989  4.043  4.234  4.341  4.194  4.034  4.263  4.246  4.277  4.217  4.043  4.277  4.140  4.220  4.057  3.877  3.957  3.938  3.761  3.892  3.951  4.025  4.078  3.985  4.022  4.174  4.220  4.078  4.127  3.892  3.850  4.043
4.143  4.078  4.060  3.970  4.025  4.060  4.127  4.025  4.060  3.970  4.094  3.912  4.290  4.043  4.263  3.932  3.892  4.143  3.932  4.031  4.007  3.967  3.970  4.248  3.780  3.912  3.807  4.025  3.784  3.932  4.143  3.951  3.829  3.951  3.912  3.985  3.951  3.932  3.989  3.850  3.611  3.850
5.089  4.736  5.011  5.037  4.949  4.920  4.913  4.990  4.913  5.136  4.970  5.063  5.023  4.913  5.068  4.875  4.754  4.812  5.069  5.050  5.050  4.836  4.790  4.860  4.796  4.836  4.796  4.691  4.486  4.804  4.820  4.771  4.907  4.920  4.870  4.819  4.771  4.990  4.828  4.769  4.883  4.970
4.530  4.382  4.331  4.369  4.431  4.317  4.328  4.460  4.431  4.625  4.543  4.382  4.394  4.595  4.431  4.394  4.248  4.348  4.317  4.505  4.369  4.304  4.190  4.376  4.078  4.205  4.263  4.190  4.060  4.260  4.187  4.143  4.452  4.382  4.304  4.315  4.127  4.304  4.277  4.267  4.174  4.248
5.118  5.016  5.024  5.162  5.056  5.050  4.997  5.088  5.061  5.175  5.086  5.124  5.043  4.949  5.234  4.911  4.898  5.040  5.069  5.011  5.059  4.919  5.004  5.037  4.896  4.804  4.820  4.771  4.745  4.635  4.927  4.820  4.883  4.812  4.806  4.905  4.881  4.986  4.984  4.796  4.887  4.836
4.913  4.691  4.852  5.004  4.796  4.736  4.860  4.824  4.741  4.913  4.718  4.977  4.949  4.913  4.920  4.754  4.635  4.682  4.875  4.875  4.835  4.848  4.820  4.812  4.610  4.710  4.554  4.593  4.454  4.500  4.754  4.718  4.771  4.804  4.575  4.745  4.615  4.635  4.920  4.718  4.505  4.635
4.477  4.263  4.331  4.248  4.253  4.380  4.274  4.220  4.263  4.454  4.304  4.419  4.382  4.486  4.234  4.394  4.290  4.159  4.295  4.369  4.369  4.357  4.227  4.317  4.094  4.159  4.246  4.132  4.094  4.159  4.159  4.324  4.197  4.022  4.167  4.234  4.263  4.317  4.270  4.159  4.052  4.174
4.159  4.025  4.234  4.094  4.094  4.031  4.103  4.171  3.932  4.190  4.127  4.174  4.143  4.288  4.078  4.174  3.970  3.912  4.190  4.190  4.167  4.078  3.998  4.288  3.951  3.892  3.970  3.951  3.871  3.857  4.060  3.912  4.025  3.912  3.989  4.094  3.970  4.025  4.007  4.078  4.025  4.025
4.007  3.970  3.989  3.892  4.127  3.989  3.989  3.951  4.263  4.171  4.022  4.174  4.263  4.127  4.246  4.140  4.078  3.995  4.304  4.220  4.220  4.043  4.174  4.043  3.970  3.912  3.951  3.985  3.750  3.829  4.007  3.970  4.094  4.103  4.078  4.127  3.829  3.912  3.871  4.022  3.912  4.004
3.824  3.850  3.689  3.998  3.850  3.850  3.807  3.871  3.761  3.908  3.871  3.709  3.807  4.143  3.892  3.714  3.850  3.951  3.932  3.970  4.057  3.784  3.970  3.850  3.829  3.892  3.738  3.888  3.555  3.784  3.738  3.761  3.791  3.902  3.839  3.970  3.912  3.757  3.664  3.738  3.714  3.684
3.434  3.520  3.550  3.466  3.401  3.434  3.428  3.497  3.526  3.497  3.367  3.497  3.490  3.555  3.611  3.367  3.401  3.459  3.526  3.605  3.578  3.466  3.401  3.555  3.401  3.296  3.332  3.497  3.360  3.434  3.550  3.450  3.367  3.434  3.332  3.466  3.434  3.434  3.332  3.401  3.332  3.434
3.367  3.401  3.296  3.332  3.401  3.250  3.332  3.434  3.434  3.367  3.296  3.401  3.401  3.497  3.434  3.395  3.367  3.219  3.434  3.520  3.490  3.401  3.497  3.401  3.332  3.367  3.367  3.367  3.135  3.401  3.258  3.401  3.434  3.555  3.434  3.367  3.296  3.481  3.332  3.296  3.466  3.296
3.908  3.839  3.912  4.078  3.912  3.807  3.850  3.892  3.989  3.998  3.867  4.167  3.912  3.932  4.078  3.892  3.932  3.912  3.970  3.970  4.034  3.932  3.829  4.007  3.912  3.908  3.871  3.850  3.813  3.989  3.784  3.912  3.932  3.951  3.761  3.807  3.738  3.951  3.807  3.928  3.829  3.871
3.947  3.850  3.829  3.912  3.912  3.892  3.829  3.850  3.932  4.043  3.967  4.043  4.060  3.932  3.951  3.877  3.784  4.025  3.850  3.932  4.083  4.025  3.932  3.912  3.846  3.912  3.932  3.871  3.861  3.829  3.829  3.871  4.007  3.761  3.970  3.912  3.829  3.932  3.807  3.829  3.892  3.861
3.989  3.932  4.174  4.111  4.040  3.807  3.970  3.912  3.970  3.932  3.922  4.094  4.159  4.119  4.004  4.025  3.970  4.094  4.060  4.022  4.025  3.970  3.784  4.004  4.060  3.922  3.932  3.985  3.922  3.850  3.951  4.025  3.932  4.025  4.060  3.951  3.912  3.989  3.976  3.802  3.846  3.912
4.205  3.970  3.970  3.951  3.867  4.060  3.882  4.078  4.016  4.164  3.989  4.057  4.159  4.094  4.212  4.043  3.784  3.989  4.078  4.043  4.171  4.025  4.057  4.086  4.040  3.951  3.995  3.829  3.871  3.908  3.989  4.025  4.078  3.951  4.143  3.970  3.932  3.967  3.989  3.877  3.773  3.912
3.584  3.807  3.714  3.714  3.701  3.611  3.651  3.664  3.550  3.807  3.555  3.714  3.807  3.846  3.951  3.709  3.761  3.784  3.892  3.714  3.824  3.689  3.784  3.773  3.684  3.689  3.829  3.658  3.605  3.689  3.664  3.807  3.638  3.807  3.611  3.605  3.535  3.638  3.506  3.564  3.714  3.761
3.611  3.584  3.651  3.689  3.757  3.584  3.733  3.664  3.714  3.738  3.664  3.714  3.784  3.745  3.829  3.526  3.689  3.664  3.761  3.871  3.970  3.761  3.664  3.908  3.795  3.584  3.761  3.689  3.714  3.664  3.632  3.738  3.584  3.638  3.584  3.701  3.578  3.714  3.689  3.689  3.611  3.861
5.165  5.094  5.124  5.118  5.156  5.176  5.069  5.075  5.124  5.182  5.288  5.075  5.176  5.182  5.283  4.952  4.994  5.187  5.267  5.277  5.226  5.112  5.220  5.273  4.970  4.954  5.004  4.896  4.787  4.898  4.977  5.063  5.176  5.011  5.124  5.036  4.922  5.043  5.081  4.942  4.889  5.055
5.431  5.384  5.448  5.447  5.398  5.517  5.342  5.429  5.434  5.497  5.464  5.428  5.433  5.434  5.583  5.246  5.270  5.451  5.421  5.609  5.568  5.429  5.438  5.488  5.293  5.257  5.215  5.203  5.136  5.257  5.447  5.497  5.553  5.455  5.252  5.455  5.280  5.357  5.411  5.252  5.252  5.292
3.418  3.459  3.367  3.332  3.332  3.332  3.401  3.296  3.367  3.520  3.258  3.450  3.466  3.638  3.611  3.570  3.401  3.332  3.332  3.497  3.401  3.497  3.332  3.466  3.367  3.401  3.288  3.296  3.367  3.288  3.296  3.367  3.332  3.367  3.466  3.332  3.367  3.296  3.135  3.296  3.466  3.434
3.332  3.296  3.395  3.332  3.611  3.367  3.178  3.401  3.611  3.401  3.091  3.367  3.332  3.296  3.619  3.395  3.367  3.360  3.526  3.550  3.497  3.738  3.296  3.401  3.332  3.258  3.332  3.401  3.434  3.288  3.401  3.434  3.689  3.332  3.434  3.367  3.401  3.325  3.325  3.401  3.325  3.434
