4.762  4.562  4.078  4.585  4.682  4.605  4.963  4.710  4.913  4.875  4.787  4.843  4.984  4.798  4.798  4.745  4.625  4.754  4.852  4.575  4.812  4.564  4.635  4.718  4.718  4.654  4.663  4.625  4.554  4.682  4.663  4.543  4.575  4.787  4.743  4.762  4.663  4.585  4.585  4.710  4.578  4.727
4.388  4.127  4.277  4.407  4.277  4.357  4.331  4.248  4.416  4.466  4.205  4.357  4.407  4.127  4.290  4.344  4.234  4.078  4.317  4.350  4.344  4.111  4.057  4.248  4.449  4.260  4.025  4.060  4.159  4.116  4.060  4.205  4.190  4.190  4.341  4.190  4.111  4.263  4.127  4.094  4.190  4.357
5.594  5.236  5.598  5.124  5.583  5.707  5.525  5.505  5.617  5.777  5.720  5.754  5.700  5.576  5.775  5.501  5.061  5.509  5.649  5.384  5.423  5.209  5.357  5.398  5.193  5.204  5.352  5.251  4.758  5.204  5.345  4.727  5.159  5.455  5.159  5.447  5.460  5.349  5.323  5.370  5.226  5.278
5.595  4.963  5.617  5.576  5.468  5.617  5.553  5.609  5.717  5.657  5.338  5.680  5.509  5.231  5.542  5.351  5.231  5.182  5.754  5.617  5.591  5.308  5.176  5.209  5.620  5.553  5.273  5.197  4.940  5.187  4.956  5.170  5.533  5.645  5.618  5.037  5.288  5.472  5.142  5.334  5.340  5.591
3.664  3.689  3.611  3.584  3.497  3.684  3.555  3.807  3.611  3.638  3.664  3.611  3.738  3.714  3.784  3.761  3.466  3.526  3.733  3.807  3.658  3.466  3.638  3.584  3.434  3.555  3.526  3.526  3.367  3.658  3.497  3.611  3.466  3.466  3.497  3.526  3.584  3.555  3.434  3.497  3.434  3.605
3.750  3.802  3.802  3.768  3.850  3.807  3.912  3.932  4.007  3.970  3.714  3.922  3.824  3.714  3.867  3.761  3.738  3.638  3.985  4.007  3.989  3.882  3.784  3.807  3.871  3.807  3.684  3.611  3.550  3.750  3.689  3.714  3.784  3.638  3.989  3.738  3.664  3.750  3.638  3.555  3.721  3.714
5.886  5.628  5.768  5.509  5.852  5.805  5.842  5.768  5.872  6.052  5.808  5.908  5.914  5.765  5.900  5.768  5.645  5.690  5.892  5.537  5.811  5.565  5.677  5.635  5.645  5.687  5.704  5.499  5.357  5.655  5.580  5.488  5.537  5.690  5.775  5.874  5.613  5.620  5.533  5.605  5.568  5.640
4.267  4.043  4.174  4.094  4.111  3.871  4.171  4.248  4.394  4.202  4.190  4.317  4.248  4.094  4.190  4.159  4.094  3.807  4.156  4.220  4.331  4.220  4.094  4.127  4.078  3.970  3.922  3.829  3.738  3.932  4.111  3.985  3.989  3.829  4.124  4.111  4.004  4.127  3.951  3.912  4.007  4.043
6.278  5.964  6.072  6.043  6.078  6.043  5.989  6.161  6.068  6.232  6.130  6.198  6.217  6.125  6.186  6.047  5.883  6.097  6.173  6.089  6.026  6.000  6.047  5.927  6.023  6.025  5.974  5.994  5.781  5.872  5.985  5.861  5.969  6.103  5.951  5.910  5.986  5.989  5.986  6.061  5.883  6.038
5.372  5.333  5.278  5.247  5.407  5.272  5.361  5.375  5.303  5.460  5.380  5.505  5.635  5.521  5.497  5.412  5.170  5.278  5.252  5.403  5.389  5.170  5.263  5.380  5.165  5.403  5.176  5.178  5.124  5.165  5.290  5.136  5.169  5.338  5.225  5.329  5.308  5.176  5.169  5.231  5.066  5.129
5.602  5.447  5.525  5.257  5.598  5.690  5.561  5.505  5.525  5.519  5.485  5.623  5.576  5.451  5.635  5.231  5.037  5.273  5.684  5.442  5.404  5.381  5.468  5.395  5.322  5.438  5.389  5.187  4.997  5.226  5.361  5.222  5.287  5.476  5.440  5.454  5.429  5.462  5.460  5.429  5.198  5.414
4.277  4.317  4.220  4.284  4.248  4.290  4.304  4.369  4.234  4.331  4.159  4.344  4.369  4.466  4.522  4.060  4.263  4.057  4.220  4.159  4.380  4.295  4.317  4.348  4.025  4.174  4.174  3.932  3.867  3.989  4.127  4.202  4.190  4.288  4.217  4.394  4.190  4.248  4.159  4.267  4.159  4.220
5.865  5.412  5.613  5.628  5.754  5.696  5.423  5.620  5.666  5.817  5.690  5.746  5.805  5.668  5.903  5.487  5.263  5.720  5.764  5.659  5.461  5.521  5.455  5.425  5.562  5.328  5.598  5.565  5.182  5.273  5.434  5.242  5.485  5.572  5.323  5.553  5.502  5.740  5.537  5.583  5.472  5.537
4.078  4.143  4.074  4.078  4.124  4.060  4.043  4.205  4.179  4.288  4.057  4.159  4.190  4.234  4.328  4.007  4.182  4.066  4.209  4.234  4.277  4.290  4.263  4.369  4.103  4.143  4.094  4.007  3.892  4.111  3.985  4.159  3.938  4.127  3.985  4.205  4.078  4.217  4.116  3.871  3.912  4.094
6.168  5.649  5.987  5.996  6.075  5.999  5.724  5.996  5.914  6.157  6.056  6.094  6.095  5.981  6.047  5.720  5.454  5.961  6.146  6.043  5.771  5.542  5.645  5.733  5.799  5.817  5.580  5.743  5.268  5.375  5.560  5.371  5.958  5.787  5.633  5.720  5.546  5.889  5.829  5.833  5.710  5.938
4.315  4.248  4.205  4.234  4.466  4.317  4.187  4.344  4.284  4.407  4.078  4.511  4.422  4.311  4.489  4.094  4.007  4.277  4.595  4.407  4.290  3.912  4.074  4.167  4.119  4.094  3.970  4.007  3.714  3.892  3.970  3.850  4.382  4.127  3.951  4.143  3.835  4.127  4.025  3.985  4.043  4.220
5.165  4.832  5.130  5.112  5.043  5.283  5.140  5.303  4.920  5.153  5.193  5.375  5.352  5.099  5.328  4.965  5.153  5.136  5.455  5.257  5.086  5.056  4.994  4.909  5.039  5.298  5.075  5.142  4.796  4.860  4.816  5.029  4.431  5.257  5.011  5.109  5.034  5.176  5.050  5.176  5.142  5.223
4.541  4.304  4.533  4.500  4.234  4.727  4.514  4.585  3.989  4.413  4.541  4.762  4.752  4.703  4.883  4.419  4.483  4.477  4.710  4.610  4.583  4.511  4.382  4.382  4.575  4.541  4.431  4.369  4.205  4.190  4.007  4.454  3.689  4.583  4.404  4.469  4.443  4.419  4.357  4.419  4.290  4.369
6.105  5.553  5.932  5.924  6.073  6.100  5.764  5.967  5.905  6.136  5.971  6.019  6.059  5.946  6.105  5.674  5.715  5.826  5.914  6.131  5.730  5.697  5.721  5.725  5.632  5.935  5.704  5.756  5.459  5.593  5.602  5.347  5.858  5.903  5.817  5.897  5.726  6.001  5.844  5.844  5.832  5.958
4.174  3.970  3.989  4.060  4.060  3.989  3.912  4.078  3.947  4.143  3.951  4.277  3.976  4.040  4.111  3.932  4.127  3.784  4.025  4.111  4.048  3.892  3.850  4.007  3.871  4.007  3.888  3.912  3.867  3.780  3.877  3.970  4.025  3.998  4.043  4.111  3.932  3.912  3.807  3.912  3.829  3.932
5.935  5.799  5.835  5.899  6.023  5.986  5.741  5.886  5.919  5.919  5.861  5.930  5.984  5.964  5.979  5.792  5.697  5.859  5.958  5.903  5.846  5.743  5.881  5.782  5.790  5.886  5.743  5.563  5.541  5.733  5.749  5.740  5.901  5.863  5.883  5.829  5.784  5.829  5.690  5.820  5.724  5.805
4.828  4.718  4.710  5.075  4.942  4.875  4.662  4.477  4.779  4.654  4.717  4.700  4.766  4.533  4.852  4.654  4.677  4.533  4.691  4.828  4.868  4.673  4.625  4.699  4.644  4.710  4.522  4.554  4.600  4.394  4.511  4.549  4.635  4.575  4.500  4.588  4.489  4.625  4.668  4.554  4.654  4.552
