4.677  4.771  4.710  4.691  4.736  4.820  4.615  4.635  4.620  4.804  4.836  4.736  4.820  4.875  4.760  4.771  4.454  4.769  4.898  4.787  4.804  4.642  4.736  4.820  4.500  4.407  4.590  4.603  4.234  4.575  4.618  4.464  4.595  4.486  4.489  4.570  4.460  4.605  4.407  4.615  4.559  4.505
4.466  4.419  4.454  4.477  4.331  4.263  4.394  4.315  4.317  4.392  4.344  4.382  4.633  4.437  4.543  4.344  4.380  4.407  4.585  4.543  4.595  4.357  4.520  4.511  4.290  4.127  4.321  4.263  4.174  4.324  4.277  4.290  4.317  4.344  4.290  4.394  4.357  4.290  4.290  4.369  4.248  4.277
5.553  5.412  5.468  5.551  5.497  5.591  5.797  5.805  5.765  5.724  5.513  5.509  5.537  5.298  5.476  5.298  5.282  5.293  5.507  5.415  5.481  5.337  5.313  5.300  5.198  5.215  5.242  5.283  4.942  5.075  5.231  5.247  5.283  5.347  5.371  5.298  5.215  5.318  5.389  5.354  5.159  5.352
4.663  4.605  4.654  4.796  4.564  4.500  4.691  4.727  4.691  4.836  4.700  4.779  4.680  4.663  4.663  4.682  4.635  4.554  4.625  4.771  4.673  4.615  4.673  4.743  4.466  4.615  4.575  4.533  4.564  4.394  4.564  4.498  4.489  4.443  4.652  4.533  4.475  4.564  4.454  4.620  4.511  4.564
4.986  4.949  4.934  4.927  4.913  4.874  4.956  4.840  4.868  5.147  5.030  4.949  5.074  4.942  4.997  4.734  4.756  4.898  4.898  4.942  5.050  4.777  4.820  4.796  4.743  4.779  4.828  4.543  4.509  4.700  4.820  4.779  4.745  4.779  4.850  4.718  4.710  4.754  4.682  4.615  4.718  4.710
4.270  4.241  4.127  4.234  4.174  4.127  4.205  4.277  4.190  4.344  4.263  4.407  4.407  4.382  4.431  4.263  4.205  4.060  4.202  4.369  4.277  4.277  4.335  4.382  4.031  4.174  4.217  4.111  4.205  4.025  4.159  4.043  4.078  4.220  4.220  4.220  4.143  4.127  4.091  4.060  3.892  4.060
5.341  5.100  5.242  5.165  5.308  5.263  5.085  5.231  5.220  5.366  5.307  5.168  5.204  5.226  5.427  5.075  4.970  5.121  5.246  5.293  5.190  5.130  5.100  5.142  5.156  4.949  4.931  4.875  4.783  4.984  4.942  4.990  5.068  5.034  4.913  4.970  5.056  5.056  5.130  5.215  5.024  5.182
5.883  5.756  5.762  5.746  5.781  5.914  5.945  5.846  5.948  5.981  5.938  5.986  5.951  5.885  6.019  5.846  5.793  5.799  5.851  5.759  5.948  5.814  5.930  5.846  5.814  5.817  5.780  5.822  5.714  5.753  5.811  5.796  5.707  5.849  5.889  5.881  5.878  5.811  5.710  5.858  5.737  5.733
4.934  4.779  4.990  4.862  4.963  4.927  5.009  5.023  4.982  5.293  5.055  5.136  5.182  5.118  5.200  4.920  4.927  4.933  5.024  5.056  5.030  5.004  4.905  5.063  4.942  4.924  4.858  4.828  4.745  4.852  4.997  4.963  4.977  5.094  5.004  4.984  4.828  4.852  4.771  4.860  4.864  4.749
4.190  4.241  4.159  4.182  4.311  4.094  4.111  4.094  3.947  4.380  4.127  4.277  4.263  4.248  4.253  3.989  4.164  4.094  4.263  4.174  4.344  4.159  4.060  4.344  4.078  4.111  4.007  3.989  3.928  3.985  4.094  4.007  4.248  4.194  4.074  4.143  4.190  3.932  4.078  3.807  3.989  4.025
4.615  4.190  4.543  4.500  4.466  4.454  4.543  4.454  4.407  4.538  4.416  4.549  4.663  4.489  4.668  4.344  4.394  4.466  4.557  4.533  4.543  4.458  4.434  4.477  4.260  4.205  4.331  4.205  4.220  4.394  4.454  4.331  4.654  4.452  4.274  4.382  4.277  4.401  4.407  4.263  4.288  4.500
4.263  4.174  4.248  4.317  4.290  4.263  4.246  4.167  4.217  4.431  4.127  4.284  4.615  4.234  4.585  4.190  4.248  4.331  4.394  4.392  4.585  4.443  4.148  4.440  4.220  4.111  4.263  4.174  3.970  4.119  4.234  4.263  4.263  4.202  4.331  4.167  4.234  4.187  3.951  4.094  4.159  4.337
5.298  5.056  5.231  5.263  5.209  5.220  5.024  5.193  5.061  5.398  5.215  5.225  5.418  5.257  5.509  5.165  4.977  5.215  5.242  5.147  5.136  5.024  5.139  5.153  4.927  4.844  4.977  5.064  4.796  4.875  5.255  5.039  5.100  5.017  5.037  5.112  4.979  5.181  5.254  4.997  4.904  5.075
6.092  6.094  6.021  6.159  6.163  6.155  6.037  5.988  6.085  6.302  6.165  6.219  6.304  6.194  6.379  6.107  6.019  6.099  6.084  6.061  6.028  6.096  6.192  6.164  5.976  5.814  6.028  5.898  5.900  5.956  6.096  6.052  5.935  6.148  6.068  6.155  6.108  6.154  6.155  6.064  5.805  5.924
4.304  4.297  4.344  4.500  4.428  4.304  4.331  4.290  4.341  4.394  4.331  4.477  4.407  4.466  4.649  4.248  4.401  4.394  4.543  4.404  4.443  4.522  4.331  4.527  4.304  4.277  4.212  4.220  4.060  4.220  4.231  4.220  4.419  4.382  4.344  4.443  4.241  4.357  4.277  4.382  4.241  4.304
3.850  3.738  3.871  3.850  3.951  3.892  3.824  3.871  3.871  3.892  3.784  4.043  4.040  4.052  4.127  3.871  3.902  3.807  4.066  4.016  4.004  3.871  3.784  4.007  3.892  3.738  3.846  3.761  3.526  3.689  3.802  4.004  3.961  3.761  3.829  3.892  3.638  3.857  3.784  3.807  3.714  3.867
4.111  4.127  4.428  3.932  3.989  4.007  4.060  4.159  4.094  4.357  4.140  4.354  4.248  3.951  4.454  4.052  4.111  4.111  4.317  4.220  4.248  4.078  4.007  4.304  4.043  3.932  4.060  4.148  3.784  4.194  3.784  4.007  3.970  3.871  4.007  3.970  3.850  4.060  3.970  3.951  4.159  3.912
4.350  4.382  4.440  4.357  4.419  4.174  4.248  4.407  4.277  4.500  4.277  4.277  4.315  4.331  4.511  4.331  4.290  4.369  4.500  4.382  4.585  4.382  4.341  4.511  4.111  4.143  4.190  4.248  4.127  4.217  4.231  4.220  4.103  4.205  4.234  4.263  4.277  4.290  4.220  4.094  4.143  4.143
3.664  3.555  3.951  3.584  3.761  3.738  3.526  3.824  3.726  3.738  3.555  3.689  3.892  3.932  3.989  3.780  3.733  3.871  3.970  3.761  3.892  3.807  3.871  3.867  3.664  3.638  3.611  3.658  3.664  3.584  3.638  3.738  3.784  3.689  3.738  3.807  3.791  3.807  3.664  3.555  3.684  3.664
4.234  4.060  4.174  4.234  4.288  4.394  3.970  4.331  4.078  4.248  4.190  4.304  4.469  4.357  4.369  4.083  4.108  4.234  4.344  4.331  4.522  4.094  4.127  4.369  3.951  4.040  4.025  3.970  3.871  4.007  3.932  4.304  4.190  4.234  4.060  4.111  4.048  4.220  4.187  4.094  3.970  3.989
4.205  4.074  4.143  4.174  4.220  3.932  3.970  4.007  4.094  4.060  4.190  4.311  4.263  4.174  4.317  4.004  4.007  4.263  4.263  4.331  4.304  4.078  4.078  4.159  3.989  4.043  3.932  3.918  3.912  3.912  3.932  4.043  4.094  4.074  4.043  4.124  3.951  4.127  4.174  4.052  3.998  4.078
4.934  4.796  4.754  4.812  4.984  4.769  4.771  4.812  4.754  4.970  4.990  4.963  4.973  4.980  5.047  4.787  4.708  4.836  5.011  5.121  4.860  4.727  4.942  4.913  4.623  4.883  4.691  4.718  4.564  4.583  4.605  4.898  4.982  4.970  5.030  4.972  4.640  4.913  4.806  4.823  4.710  4.881
