4.205  4.025  4.234  4.094  4.057  4.094  4.220  4.127  4.140  4.248  3.985  4.220  4.419  4.344  4.256  4.127  4.248  4.060  4.263  4.231  4.234  4.078  4.111  4.159  3.947  4.040  4.202  3.898  3.829  3.989  3.912  4.111  4.127  3.932  4.057  3.995  4.074  3.989  3.829  3.932  3.888  4.078
4.407  4.263  4.263  4.060  4.127  4.190  4.317  4.382  4.304  4.241  4.348  4.357  4.434  4.419  4.505  4.246  4.094  4.127  4.143  4.143  4.394  4.234  4.234  4.454  4.074  4.094  4.246  4.060  4.025  3.892  4.220  4.111  4.234  4.060  4.159  4.060  3.989  4.060  4.171  4.043  3.846  4.127
4.980  4.663  4.811  4.896  4.839  4.625  4.904  4.762  4.754  4.934  4.786  4.913  4.870  4.804  4.927  4.804  4.657  4.730  4.970  4.898  4.874  4.700  4.663  4.779  4.516  4.593  4.575  4.758  4.382  4.454  4.644  4.642  4.640  4.593  4.662  4.615  4.673  4.635  4.727  4.489  4.635  4.691
4.477  4.238  4.234  4.331  4.317  4.277  4.357  4.443  4.205  4.500  4.367  4.369  4.452  4.263  4.464  4.301  4.043  4.311  4.331  4.419  4.464  4.182  4.315  4.344  4.234  4.220  4.127  4.190  4.094  4.060  4.143  4.190  4.159  4.220  4.234  4.190  4.094  4.344  4.127  4.217  4.060  4.290
3.714  3.664  3.738  3.611  3.526  3.714  3.689  3.584  3.714  3.664  3.401  3.638  3.638  3.714  3.795  3.709  3.658  3.605  3.892  3.714  3.738  3.709  3.651  3.632  3.555  3.632  3.605  3.555  3.497  3.497  3.611  3.611  3.611  3.555  3.526  3.689  3.611  3.611  3.466  3.664  3.520  3.550
3.611  3.401  3.664  3.584  3.696  3.520  3.605  3.689  3.684  3.555  3.401  3.555  3.664  3.605  3.738  3.738  3.555  3.714  3.611  3.807  3.714  3.526  3.520  3.535  3.497  3.555  3.578  3.434  3.367  3.490  3.584  3.611  3.526  3.638  3.611  3.605  3.258  3.497  3.466  3.497  3.526  3.664
4.562  4.644  4.605  4.927  4.595  4.635  4.736  4.659  4.883  4.630  4.575  4.644  4.828  4.754  4.769  4.682  4.745  4.525  4.775  4.771  5.011  4.877  4.654  4.745  4.585  4.644  4.779  4.317  4.543  4.533  4.796  4.786  4.811  4.881  5.007  4.798  4.727  4.590  4.585  4.564  4.585  4.620
4.777  4.800  4.771  4.990  4.836  4.787  4.820  4.816  4.920  5.024  4.779  4.942  4.996  4.942  5.069  4.779  4.894  4.889  5.037  4.990  5.050  4.927  4.836  4.828  4.828  4.736  4.762  4.595  4.635  4.640  4.938  4.970  4.852  4.973  5.153  4.779  4.890  4.844  4.745  4.710  4.727  4.827
4.836  4.428  4.843  4.787  4.585  4.754  4.431  4.543  4.533  5.023  4.726  4.710  4.905  4.533  4.700  4.477  4.407  4.603  4.727  4.779  4.754  4.522  4.663  4.533  4.304  4.407  4.419  4.546  4.431  4.489  4.505  4.511  4.630  4.554  4.564  4.503  4.386  4.562  4.466  4.419  4.625  4.554
5.112  4.852  5.313  5.241  4.977  5.306  5.056  5.094  5.086  5.446  5.004  5.197  4.980  5.045  5.043  5.004  4.754  4.831  5.176  5.103  5.165  4.989  4.854  5.130  4.927  5.027  4.949  4.820  4.787  5.142  4.959  4.836  5.372  4.997  4.970  4.990  4.894  4.994  4.956  4.898  5.037  5.030
3.689  3.584  3.638  3.632  3.664  3.570  3.611  3.555  3.611  3.555  3.360  3.738  3.689  3.401  3.664  3.332  3.638  3.401  3.611  3.761  3.784  3.570  3.434  3.689  3.638  3.526  3.638  3.611  3.526  3.434  3.714  3.584  3.638  3.555  3.555  3.506  3.367  3.434  3.555  3.367  3.497  3.555
3.434  3.466  3.434  3.520  3.638  3.401  3.401  3.395  3.466  3.497  3.434  3.611  3.526  3.401  3.676  3.526  3.497  3.360  3.638  3.714  3.664  3.520  3.434  3.555  3.497  3.497  3.434  3.466  3.360  3.466  3.258  3.332  3.497  3.497  3.550  3.401  3.367  3.466  3.466  3.466  3.434  3.332
4.625  4.443  4.575  4.654  4.690  4.466  4.331  4.477  4.304  4.554  4.498  4.543  4.605  4.536  4.595  4.407  4.382  4.394  4.554  4.511  4.530  4.205  4.454  4.625  4.407  4.335  4.290  4.220  4.078  4.111  4.290  4.578  4.220  4.341  4.304  4.454  4.454  4.407  4.543  4.434  4.382  4.419
3.970  3.932  3.951  4.290  4.034  3.912  3.951  4.043  3.951  4.074  3.871  3.932  4.127  4.263  4.143  3.942  3.989  3.912  4.060  4.190  4.099  3.892  3.989  3.892  3.892  4.043  3.824  3.871  3.709  4.007  3.761  4.025  3.922  3.932  3.877  4.022  3.664  4.007  3.980  3.829  3.932  3.892
4.533  4.543  4.585  4.431  4.431  4.431  4.489  4.595  4.580  4.657  4.416  4.585  4.691  4.615  4.796  4.477  4.533  4.575  4.431  4.635  4.710  4.630  4.533  4.718  4.407  4.394  4.500  4.331  4.454  4.431  4.503  4.477  4.489  4.500  4.466  4.564  4.615  4.331  4.511  4.413  4.443  4.466
4.662  4.500  4.543  4.500  4.595  4.585  4.522  4.464  4.615  4.595  4.615  4.691  4.644  4.567  4.745  4.382  4.431  4.585  4.522  4.710  4.595  4.500  4.580  4.671  4.344  4.475  4.394  4.288  4.159  4.263  4.443  4.159  4.477  4.489  4.500  4.615  4.477  4.511  4.440  4.274  4.344  4.466
5.050  4.585  4.911  4.949  4.875  4.828  4.775  4.920  4.905  4.827  4.760  5.011  5.030  4.736  5.037  4.844  4.718  4.787  5.037  5.252  4.860  4.796  4.654  4.832  4.762  4.852  4.593  4.585  4.593  4.443  4.779  4.779  4.927  4.820  4.836  4.804  4.673  4.900  4.771  4.533  4.745  4.856
4.644  4.357  4.454  4.595  4.585  4.454  4.363  4.567  4.466  4.598  4.290  4.573  4.700  4.454  4.500  4.382  4.489  4.500  4.615  4.691  4.575  4.500  4.419  4.431  4.530  4.511  4.367  4.369  4.205  4.321  4.350  4.369  4.625  4.663  4.552  4.533  4.443  4.549  4.554  4.407  4.466  4.522
4.852  4.924  4.771  5.024  4.898  4.900  4.787  4.743  4.913  4.881  4.883  4.958  4.905  5.053  5.147  4.754  4.754  4.977  4.812  5.017  5.017  4.898  4.796  4.942  4.625  4.575  4.796  4.703  4.564  4.682  4.828  4.927  4.710  4.812  4.736  4.956  4.762  4.990  5.030  4.828  4.871  4.913
5.335  5.182  5.118  5.231  5.352  5.286  5.124  5.286  5.352  5.384  5.257  5.293  5.429  5.354  5.434  5.242  5.063  5.278  5.352  5.380  5.140  5.220  5.120  5.265  4.997  5.063  5.081  5.208  5.094  5.106  5.105  5.127  5.162  5.187  5.268  5.394  5.236  5.380  5.407  5.236  5.247  5.146
4.060  4.043  4.007  4.094  4.190  4.156  4.086  4.074  4.156  4.290  4.127  4.304  4.635  4.443  4.620  4.060  4.132  4.220  4.419  4.321  4.344  4.205  4.127  4.238  3.970  3.912  4.007  3.932  4.025  4.007  4.086  4.094  4.174  3.892  3.989  4.111  4.052  3.989  3.951  3.970  4.148  4.099
4.315  4.290  4.369  4.304  4.376  4.344  4.369  4.357  4.466  4.477  4.530  4.361  4.533  4.522  4.662  4.315  4.419  4.511  4.522  4.437  4.605  4.511  4.511  4.605  4.174  4.124  4.234  4.174  4.094  4.220  4.277  4.388  4.344  4.234  4.477  4.416  4.202  4.277  4.304  4.290  4.159  4.263
