5.159  5.078  5.069  5.006  4.904  5.120  5.106  5.043  5.023  5.100  5.100  5.100  5.100  5.014  5.217  4.875  4.762  5.037  5.058  5.136  5.204  5.017  5.047  5.064  4.890  4.913  4.933  4.828  4.783  4.860  5.106  5.093  5.069  4.913  5.011  5.011  4.898  4.905  4.927  4.828  4.848  5.081
4.887  4.771  4.605  4.682  4.595  4.804  4.820  4.736  4.787  4.875  4.727  4.905  4.883  4.820  4.913  4.552  4.654  4.718  4.654  4.654  4.875  4.796  4.603  4.727  4.575  4.787  4.690  4.659  4.762  4.743  5.130  4.968  5.037  4.575  4.700  4.615  4.536  4.407  4.554  4.552  4.466  4.663
4.898  4.644  4.710  4.773  4.771  4.782  4.802  4.762  4.775  4.852  4.856  4.800  4.920  4.852  4.968  4.736  4.654  4.804  4.762  4.787  4.913  4.856  4.875  4.898  4.625  4.498  4.623  4.522  4.466  4.595  4.700  4.654  4.564  4.615  4.727  4.727  4.691  4.554  4.642  4.527  4.575  4.736
5.182  5.170  5.176  5.001  5.118  5.153  5.215  5.063  5.179  5.204  5.242  5.242  5.263  5.159  5.384  5.209  5.063  5.170  5.252  5.130  5.375  5.275  5.226  5.161  5.136  5.078  4.963  4.927  4.898  5.050  5.273  5.257  5.204  5.094  5.030  5.124  4.977  5.069  5.056  5.037  5.029  5.069
5.263  4.984  5.412  5.273  5.077  5.283  5.395  5.236  5.471  5.111  5.130  5.231  5.089  5.094  5.176  5.102  5.017  4.963  5.273  5.215  5.425  5.337  5.198  5.394  5.231  5.158  5.050  4.927  4.913  5.226  4.977  5.102  5.136  4.934  5.143  5.165  5.147  4.913  5.106  5.043  5.318  5.037
4.970  4.905  5.256  5.009  4.798  4.970  4.927  4.875  5.100  5.004  5.106  4.963  4.952  4.844  5.346  5.138  4.820  4.771  4.913  4.949  5.011  5.086  4.959  5.136  4.727  4.615  4.860  4.575  4.654  5.037  5.252  4.920  4.883  4.771  5.114  4.820  4.951  4.663  4.654  4.691  5.236  4.754
4.875  4.828  4.836  4.585  4.934  4.852  4.836  4.956  4.848  4.905  4.691  4.866  4.977  4.997  4.996  4.927  4.718  4.868  5.037  4.905  4.984  4.852  5.052  5.130  4.718  4.812  4.860  4.595  4.804  4.673  4.615  4.804  4.875  4.819  4.708  4.796  4.773  4.769  4.843  4.745  4.710  4.868
5.613  5.543  5.509  5.293  5.539  5.644  5.525  5.580  5.568  5.561  5.407  5.527  5.723  5.684  5.693  5.505  5.290  5.613  5.541  5.474  5.675  5.523  5.620  5.670  5.403  5.497  5.384  5.287  5.136  5.193  5.428  5.416  5.288  5.429  5.352  5.553  5.442  5.525  5.455  5.598  5.256  5.497
4.500  4.533  4.708  4.357  4.277  4.585  4.635  4.431  4.477  4.779  4.860  4.625  4.659  4.748  4.500  4.337  4.394  4.301  4.489  4.533  4.673  4.673  4.633  4.663  4.454  4.533  4.554  4.407  4.357  4.492  4.337  4.452  4.344  4.533  4.557  4.564  4.304  4.431  4.407  4.290  4.317  4.317
4.111  4.205  4.194  4.007  4.043  3.989  4.164  4.103  4.263  4.369  4.066  4.234  4.159  4.277  4.290  4.174  4.277  4.143  4.344  4.369  4.308  4.111  4.263  4.317  3.932  4.025  4.159  4.174  4.025  4.078  3.871  4.246  4.007  4.078  4.174  4.220  4.007  3.989  4.040  4.078  4.025  3.970
5.412  5.263  5.352  5.321  5.321  5.273  5.215  5.242  5.273  5.472  5.357  5.439  5.489  5.347  5.447  5.315  4.997  5.268  5.405  5.429  5.244  5.159  5.112  5.293  5.127  5.112  5.063  5.072  4.905  5.009  5.328  5.047  5.165  5.182  5.037  5.268  5.226  5.126  5.187  5.209  5.220  5.198
6.081  6.078  5.919  5.952  6.019  5.992  5.989  6.037  5.984  6.308  6.175  6.144  6.222  6.151  6.271  6.107  5.863  6.080  6.080  6.050  6.071  5.999  6.033  6.066  5.844  5.796  5.889  5.808  5.710  5.738  6.038  5.762  5.858  5.891  5.881  5.999  5.951  5.375  5.901  5.894  5.724  5.875
4.585  4.464  4.511  4.564  4.477  4.543  4.511  4.419  4.654  4.754  4.575  4.644  4.595  4.477  4.779  4.407  4.407  4.443  4.522  4.564  4.575  4.522  4.443  4.431  4.454  4.357  4.564  4.331  4.094  4.407  4.407  4.394  4.500  4.543  4.454  4.522  4.431  4.369  4.625  4.344  4.304  4.357
5.545  5.375  5.440  5.451  5.434  5.503  5.474  5.411  5.591  5.706  5.666  5.624  5.679  5.556  5.631  5.489  5.381  5.628  5.615  5.478  5.493  5.468  5.587  5.451  5.325  5.244  5.366  5.460  5.313  5.517  5.444  5.293  5.338  5.499  5.366  5.489  5.468  5.476  5.565  5.428  5.303  5.412
4.382  4.443  4.407  4.554  4.331  4.431  4.454  4.344  4.392  4.382  4.341  4.564  4.419  4.382  4.522  4.431  4.407  4.363  4.428  4.564  4.580  4.575  4.404  4.620  4.401  4.248  4.369  4.317  4.331  4.419  4.489  4.369  4.498  4.369  4.407  4.428  4.541  4.331  4.281  4.394  4.301  4.443
6.758  6.340  6.588  6.522  6.615  6.601  6.582  6.652  6.675  6.851  6.688  6.723  6.917  6.764  6.804  6.538  6.492  6.593  6.775  6.716  6.560  6.555  6.612  6.528  6.522  6.586  6.489  6.545  6.248  6.312  6.455  6.316  6.605  6.639  6.512  6.607  6.568  6.509  6.480  6.543  6.475  6.545
4.635  4.511  4.644  4.848  4.652  4.489  4.543  4.522  4.382  4.787  4.638  4.533  4.710  4.718  4.676  4.605  4.635  4.552  4.635  4.820  4.718  4.522  4.567  4.605  4.536  4.522  4.466  4.575  4.337  4.357  4.407  4.533  4.654  4.489  4.575  4.663  4.454  4.663  4.638  4.489  4.317  4.477
4.856  4.659  4.860  4.727  4.754  4.635  4.543  4.710  4.585  4.852  4.951  4.860  4.898  4.777  5.036  4.511  4.613  4.823  4.680  4.769  4.819  4.564  4.680  4.754  4.625  4.554  4.657  4.564  4.623  4.466  4.443  4.394  4.522  4.673  4.635  4.522  4.511  4.533  4.644  4.625  4.615  4.564
5.838  5.515  5.772  5.855  5.624  5.781  5.673  5.701  5.771  5.829  5.714  5.886  5.817  5.720  5.790  5.544  5.846  5.673  5.866  5.852  5.765  5.733  5.620  5.793  5.677  5.775  5.586  5.398  5.467  5.436  5.455  5.692  5.775  5.784  5.775  5.684  5.578  5.680  5.303  5.501  5.642  5.652
5.043  4.994  5.086  5.201  5.118  4.913  4.975  5.017  5.075  5.187  5.182  5.198  5.198  5.023  5.153  5.021  5.124  5.100  5.147  5.176  5.268  5.170  5.100  5.080  4.961  5.100  4.987  5.050  5.118  5.127  4.920  5.007  5.130  5.050  5.209  4.990  4.980  5.009  4.843  4.909  4.926  4.963
3.784  3.611  3.807  3.689  3.714  3.611  3.684  3.761  3.714  3.807  3.664  3.638  3.807  3.850  4.031  3.689  3.664  3.761  3.807  3.951  4.091  3.780  3.761  3.784  3.664  3.611  3.664  3.638  3.526  3.689  3.584  3.829  3.738  3.689  3.850  3.689  3.738  3.689  3.584  3.912  3.584  3.658
3.871  3.829  3.892  4.074  3.985  3.912  3.928  4.025  3.829  4.078  3.638  3.784  4.074  3.932  4.234  3.738  3.824  3.912  4.078  4.143  3.998  3.947  3.761  3.912  4.025  3.611  3.784  3.902  3.664  3.738  3.932  3.888  3.912  3.961  3.892  3.829  3.829  3.989  4.025  3.738  3.714  3.908
