4.108  4.007  4.078  4.094  3.951  3.951  4.190  3.951  4.111  4.111  3.951  4.043  4.277  4.007  4.205  4.007  3.951  4.111  4.078  4.248  4.094  4.108  4.060  4.135  3.951  4.078  3.829  3.912  3.738  3.947  3.932  3.850  4.094  4.025  3.912  3.850  3.970  4.078  3.989  3.951  3.850  3.871
4.190  3.761  3.829  3.807  3.784  4.025  3.807  3.871  3.892  4.007  3.989  4.007  4.078  3.970  4.074  4.103  3.892  4.043  3.970  4.217  4.007  3.942  3.871  4.057  3.850  3.818  3.867  3.850  3.701  3.714  3.807  3.850  3.912  3.807  3.784  3.664  3.738  3.951  3.784  3.829  3.761  3.892
3.932  4.057  3.970  4.007  3.932  3.829  4.040  3.888  4.007  4.260  4.025  4.043  4.190  4.143  4.078  3.892  4.025  4.025  4.060  4.111  4.119  4.043  4.043  3.989  3.888  4.069  3.961  4.016  3.877  3.989  3.928  3.989  3.918  4.007  4.060  4.048  3.967  3.912  3.807  3.807  3.664  3.932
4.220  4.304  3.970  4.060  4.078  4.004  4.174  4.025  3.951  4.317  4.248  4.234  4.382  4.425  4.317  4.111  4.202  4.086  4.078  4.253  4.205  4.111  4.111  4.234  4.007  3.970  4.127  4.052  3.998  4.078  3.951  4.220  4.043  4.060  4.159  4.091  3.951  3.961  4.116  3.932  3.807  3.970
4.078  3.892  4.111  3.951  4.025  4.048  3.989  3.932  4.007  4.060  3.970  4.094  4.111  4.187  4.234  4.127  4.143  3.989  4.174  4.143  4.094  4.127  3.932  4.094  3.892  3.912  3.892  3.912  3.689  4.078  4.007  4.078  3.951  3.932  4.060  3.951  4.060  3.928  3.829  3.802  4.043  3.967
4.159  4.156  4.111  4.290  4.094  4.227  4.190  4.205  4.174  4.217  4.205  4.290  4.234  4.190  4.357  4.190  4.205  4.143  4.190  4.274  4.369  4.354  4.159  4.174  4.043  4.205  4.159  4.025  3.951  4.091  4.220  4.234  4.078  4.043  4.231  4.220  4.234  4.304  4.111  3.938  4.022  4.220
3.466  3.466  3.638  3.555  3.497  3.638  3.497  3.611  3.592  3.611  3.325  3.611  3.624  3.584  3.726  3.584  3.428  3.597  3.611  3.850  3.638  3.689  3.555  3.689  3.611  3.466  3.466  3.459  3.401  3.664  3.578  3.611  3.664  3.434  3.497  3.584  3.401  3.401  3.367  3.526  3.592  3.434
3.555  3.401  3.401  3.367  3.428  3.367  3.434  3.434  3.555  3.367  3.395  3.526  3.611  3.550  3.584  3.466  3.497  3.296  3.497  3.638  3.664  3.555  3.638  3.497  3.526  3.401  3.466  3.466  3.296  3.434  3.555  3.367  3.401  3.497  3.367  3.497  3.401  3.434  3.497  3.332  3.428  3.178
3.689  3.784  3.745  3.738  3.761  3.689  3.664  3.780  3.850  3.784  3.738  3.829  3.871  3.784  4.007  3.757  3.738  3.871  3.807  3.829  3.970  3.829  3.761  3.761  3.526  3.684  3.824  3.611  3.526  3.689  3.624  3.689  3.664  3.638  3.638  3.701  3.584  3.664  3.497  3.638  3.689  3.664
3.526  3.526  3.813  3.367  3.497  3.555  3.466  3.664  3.555  3.466  3.497  3.611  3.807  3.714  3.689  3.689  3.526  3.555  3.555  3.784  3.784  3.701  3.638  3.638  3.664  3.689  3.584  3.367  3.325  3.676  3.721  3.526  3.535  3.497  3.555  3.497  3.584  3.555  3.296  3.497  3.466  3.526
3.861  3.784  3.611  3.611  3.584  3.689  3.684  3.738  3.802  3.850  3.709  3.970  4.043  3.871  4.796  3.807  3.757  3.824  3.912  3.892  3.947  3.850  3.784  3.892  3.738  3.757  3.664  3.664  3.850  3.664  3.850  3.689  3.709  3.780  3.761  3.846  3.714  3.689  3.658  3.584  3.750  3.802
3.757  3.761  3.761  3.807  3.714  3.684  3.791  3.976  3.658  4.078  3.892  3.807  4.060  4.263  4.466  3.807  4.022  3.888  3.850  3.912  3.970  3.892  4.043  3.989  3.611  3.733  3.850  3.761  3.664  3.761  3.850  3.689  3.738  3.807  3.871  3.871  3.850  3.784  3.714  3.671  3.664  3.867
4.554  4.304  4.382  4.541  4.466  4.407  4.357  4.454  4.290  4.477  4.308  4.392  4.554  4.543  4.625  4.277  4.205  4.382  4.500  4.595  4.585  4.554  4.407  4.452  4.212  4.220  4.443  4.174  4.078  4.124  4.394  4.263  4.248  4.277  4.382  4.317  4.220  4.407  4.159  4.407  4.260  4.246
5.318  5.193  5.164  5.130  4.942  5.187  5.231  5.176  5.268  5.338  5.252  5.268  5.398  5.268  5.313  5.165  5.295  5.106  5.220  5.257  5.323  5.347  5.325  5.293  5.037  5.146  5.190  5.049  5.209  5.106  5.106  5.209  5.063  5.234  5.303  5.170  5.094  5.108  5.130  5.080  5.109  5.063
3.784  3.611  3.846  3.888  3.871  3.829  3.850  3.970  3.871  3.951  3.684  3.932  3.947  3.829  4.060  3.738  3.824  3.932  3.892  4.060  3.970  3.802  3.738  3.970  3.761  3.829  3.689  3.664  3.638  3.689  3.738  3.829  3.892  3.912  3.871  3.807  3.555  3.829  3.989  3.784  3.664  3.850
4.575  4.511  4.419  4.407  4.248  4.369  4.481  4.452  4.511  4.623  4.520  4.489  4.663  4.585  4.554  4.331  4.522  4.357  4.533  4.477  4.554  4.514  4.564  4.440  4.337  4.248  4.460  4.295  4.344  4.331  4.416  4.466  4.331  4.357  4.410  4.494  4.317  4.454  4.554  4.363  4.220  4.472
6.188  5.970  6.130  6.073  6.033  6.038  6.035  6.063  6.125  6.306  6.211  6.206  6.263  6.095  6.207  6.013  6.129  6.038  6.122  6.238  6.133  6.098  6.132  6.188  5.955  5.981  5.981  5.820  5.920  5.859  6.007  6.021  6.028  6.059  6.043  6.098  6.035  6.154  5.989  5.945  5.841  6.031
5.775  5.493  5.537  5.591  5.743  5.621  5.598  5.585  5.549  5.707  5.733  5.687  5.746  5.682  5.635  5.412  5.690  5.593  5.593  5.835  5.721  5.616  5.566  5.684  5.568  5.602  5.505  5.426  5.333  5.391  5.416  5.474  5.690  5.533  5.598  5.568  5.442  5.525  5.617  5.478  5.468  5.525
4.989  4.779  4.990  4.994  4.984  4.864  4.889  4.868  4.811  5.030  4.938  4.913  5.086  5.081  5.097  4.874  4.916  4.883  4.975  4.990  4.990  4.934  4.913  4.890  4.663  4.762  4.705  4.779  4.431  4.605  4.700  4.754  4.890  4.754  4.691  4.796  4.843  5.011  4.989  4.820  4.762  4.820
4.317  4.460  4.205  4.454  4.369  4.277  4.317  4.341  4.500  4.344  4.350  4.522  4.498  4.486  4.533  4.234  4.277  4.234  4.489  4.466  4.428  4.290  4.466  4.234  4.197  4.248  4.205  4.156  4.127  4.025  4.224  4.431  4.431  4.304  4.174  4.331  4.277  4.317  4.317  4.220  4.248  4.174
3.951  3.932  3.989  3.850  3.807  3.989  3.912  3.871  3.784  3.829  3.784  3.970  3.932  3.932  4.111  3.784  4.007  3.584  3.947  4.060  4.025  3.807  3.784  3.807  4.111  4.190  3.784  3.689  3.611  3.664  3.761  3.835  3.784  3.784  3.784  3.738  3.750  3.584  3.611  3.550  3.807  3.850
3.555  3.466  3.526  3.689  3.466  3.871  3.466  3.850  3.611  3.761  3.466  3.584  3.638  3.584  3.714  3.434  3.466  3.434  3.638  3.738  3.526  3.497  3.434  3.555  3.497  3.664  3.526  3.689  3.490  3.434  3.555  3.555  3.526  3.497  3.497  3.555  3.497  3.497  3.466  3.367  3.434  3.733
