3.871  3.951  3.932  3.780  3.850  3.912  3.761  3.908  3.807  4.124  3.912  3.850  4.111  3.961  4.127  3.807  4.124  3.989  3.922  4.127  4.174  3.951  4.078  3.970  3.829  3.871  3.867  3.761  3.850  3.761  3.985  3.829  3.970  3.829  3.714  3.871  3.892  4.057  3.947  3.761  3.664  3.871
3.892  3.970  3.850  3.784  3.902  3.784  3.850  3.802  4.025  4.007  3.658  3.961  4.111  3.976  4.159  3.761  3.738  4.007  3.932  4.043  4.040  3.807  3.912  3.951  3.689  3.714  3.970  3.611  3.714  3.871  3.951  3.892  3.871  3.835  3.802  3.970  3.738  3.807  3.761  3.970  3.738  3.932
4.905  4.736  4.754  4.727  4.595  4.745  4.727  4.796  4.868  5.011  4.745  4.977  5.088  4.804  4.816  4.726  4.687  4.654  4.927  4.942  4.942  4.754  4.933  4.798  4.760  4.564  4.663  4.644  4.564  4.477  4.727  4.564  4.787  4.580  4.718  4.644  4.533  4.710  4.652  4.564  4.554  4.575
4.454  4.489  4.511  4.443  4.382  4.382  4.401  4.475  4.477  4.593  4.369  4.454  4.615  4.382  4.585  4.575  4.331  4.277  4.500  4.600  4.511  4.475  4.431  4.483  4.369  4.331  4.454  4.246  4.111  4.234  4.580  4.277  4.382  4.394  4.401  4.481  4.394  4.304  4.111  4.234  4.190  4.369
4.481  4.635  4.341  4.527  4.304  4.440  4.522  4.460  4.454  4.514  4.663  4.477  4.590  4.605  4.671  4.625  4.623  4.500  4.290  4.369  4.663  4.543  4.654  4.727  4.317  4.382  4.369  4.190  4.454  4.357  4.605  4.394  4.304  4.522  4.543  4.593  4.511  4.328  4.344  4.394  4.284  4.234
5.043  4.905  4.942  5.037  4.905  4.883  4.956  5.003  4.927  5.017  5.050  4.979  5.136  4.875  5.080  4.934  4.977  4.804  5.083  5.088  5.176  5.056  4.979  4.920  4.890  4.868  4.815  4.771  4.812  4.771  4.942  5.017  5.037  5.165  5.298  5.074  5.069  5.100  5.036  4.804  4.749  4.913
4.498  4.575  4.454  4.489  4.443  4.440  4.543  4.464  4.575  4.736  4.595  4.585  4.605  4.585  4.605  4.533  4.595  4.564  4.533  4.500  4.745  4.654  4.615  4.782  4.466  4.419  4.500  4.308  4.489  4.454  4.466  4.454  4.464  4.466  4.500  4.416  4.443  4.500  4.618  4.477  4.344  4.489
3.888  4.043  3.970  3.829  3.912  3.951  4.007  3.985  4.057  4.344  4.060  3.932  4.248  4.111  4.220  3.970  4.025  3.912  4.143  4.234  4.060  4.143  4.174  4.103  3.998  3.989  3.932  3.802  3.850  3.829  3.871  3.714  4.078  3.989  4.043  3.989  3.932  3.871  3.871  3.807  3.892  4.025
5.247  5.182  5.146  5.236  5.074  5.088  5.204  5.220  5.204  5.380  5.236  5.242  5.323  5.135  5.182  5.068  5.206  5.089  5.318  5.252  5.303  5.142  5.176  5.198  5.100  5.088  5.069  4.913  4.877  5.032  4.997  4.970  5.064  5.037  5.056  4.982  5.043  5.075  5.086  4.982  4.984  5.027
4.762  4.796  4.804  4.856  4.727  4.804  4.956  4.836  4.754  5.017  4.745  4.828  4.883  4.727  4.920  4.663  4.739  4.682  4.820  4.754  4.836  4.718  4.718  4.786  4.635  4.710  4.533  4.640  4.543  4.682  4.663  4.543  4.736  4.787  4.796  4.605  4.718  4.625  4.734  4.481  4.605  4.615
3.466  3.597  3.401  3.332  3.401  3.367  3.497  3.490  3.605  3.555  3.526  3.497  3.829  3.638  3.761  3.401  3.555  3.512  3.466  3.761  3.550  3.526  3.664  3.638  3.497  3.658  3.434  3.434  3.526  3.611  3.466  3.757  3.555  3.526  3.584  3.584  3.434  3.526  3.466  3.475  3.332  3.520
3.570  3.497  3.466  3.526  3.428  3.332  3.418  3.497  3.658  3.584  3.497  3.555  3.738  3.526  3.738  3.497  3.497  3.332  3.738  3.892  3.684  3.611  3.584  3.611  3.611  3.738  3.401  3.497  3.401  3.434  3.497  3.466  3.611  3.497  3.638  3.555  3.526  3.466  3.466  3.570  3.434  3.466
3.367  3.367  3.497  3.434  3.367  3.367  3.332  3.466  3.497  3.332  3.296  3.434  3.664  3.490  3.555  3.555  3.296  3.526  3.497  3.526  3.564  3.258  3.401  3.401  3.459  3.296  3.481  3.401  3.360  3.367  3.367  3.459  3.332  3.555  3.401  3.434  3.401  3.444  3.332  3.296  3.401  3.332
3.367  3.343  3.296  3.332  3.434  3.325  3.401  3.466  3.434  3.526  3.296  3.526  3.664  3.664  3.526  3.332  3.497  3.497  3.632  3.638  3.658  3.434  3.258  3.490  3.401  3.520  3.401  3.434  3.296  3.497  3.555  3.497  3.664  3.332  3.401  3.395  3.401  3.466  3.178  3.288  3.401  3.378
4.263  4.190  4.231  4.205  4.369  4.341  4.194  4.190  4.290  4.248  4.256  4.190  4.369  4.331  4.564  4.290  4.304  4.317  4.376  4.489  4.466  4.382  4.369  4.541  3.951  4.143  4.078  4.344  3.989  4.380  4.295  4.197  4.317  4.220  4.248  4.179  4.190  4.094  4.025  4.205  4.159  4.220
4.043  4.022  4.135  4.043  4.007  4.078  4.043  4.143  4.094  4.025  4.007  4.069  4.290  4.407  4.394  3.989  4.078  4.164  4.357  4.344  4.159  4.234  4.140  4.331  4.111  4.007  4.007  4.034  3.951  4.034  3.807  3.970  4.040  3.912  3.912  3.932  3.980  4.143  3.892  4.007  4.025  4.078
4.263  4.057  4.317  4.509  4.190  4.078  4.220  4.060  4.159  4.554  4.174  4.194  4.127  4.127  4.227  3.882  4.187  3.780  4.382  4.369  4.304  4.205  4.074  4.361  4.431  4.094  4.052  3.839  4.007  3.892  3.912  4.119  4.263  4.057  4.304  4.234  4.094  4.127  3.947  4.220  4.663  4.060
3.689  3.802  3.989  3.761  3.892  3.807  3.951  3.714  3.784  3.970  3.892  3.985  3.985  3.784  3.892  3.780  3.721  3.638  4.078  4.016  3.846  3.902  3.784  3.861  3.912  3.597  3.709  3.689  3.611  3.611  3.638  4.091  3.871  3.813  3.784  3.761  3.611  3.658  3.497  3.912  3.714  3.768
4.331  4.290  4.277  4.202  4.401  4.187  4.317  4.263  4.331  4.304  4.317  4.315  4.357  4.331  4.477  4.234  4.234  4.380  4.382  4.331  4.419  4.301  4.407  4.331  4.174  4.361  4.348  4.315  4.127  4.234  4.159  4.220  4.380  4.231  4.317  4.290  4.277  4.143  4.124  4.317  4.205  4.220
4.635  4.443  4.443  4.644  4.522  4.357  4.394  4.543  4.344  4.466  4.557  4.543  4.554  4.625  4.595  4.331  4.373  4.363  4.625  4.691  4.407  4.477  4.407  4.514  4.382  4.419  4.416  4.522  4.205  4.290  4.394  4.595  4.472  4.394  4.407  4.533  4.416  4.454  4.477  4.277  4.530  4.615
4.304  4.171  4.124  4.078  4.331  4.331  4.043  4.159  4.159  4.108  4.190  4.111  4.369  4.143  4.354  4.140  4.094  4.094  4.202  4.425  4.489  4.205  4.231  4.277  3.932  3.932  4.025  3.967  3.892  3.989  4.119  4.060  4.174  4.043  3.967  4.277  4.025  4.197  4.043  4.143  3.928  4.159
3.689  3.757  3.761  3.871  3.912  3.714  3.807  3.689  3.908  3.850  3.912  3.829  4.007  3.970  4.217  3.850  3.892  3.761  3.970  4.043  3.850  3.784  3.867  3.912  3.689  3.761  3.714  3.684  3.584  3.780  3.738  3.638  3.784  3.784  3.738  3.807  3.664  3.807  3.689  3.951  3.632  3.714
