3.912  3.818  3.550  3.912  3.761  3.696  4.094  3.584  3.807  3.989  3.908  3.784  3.892  4.057  3.850  3.908  3.714  3.807  3.684  3.871  3.738  3.908  3.839  4.111  3.850  3.689  3.638  3.738  3.584  3.664  3.671  3.664  3.761  3.850  3.664  3.638  3.850  3.638  3.780  3.709  3.526  3.807
3.526  3.497  3.611  3.584  3.611  3.497  3.738  3.584  3.526  3.689  3.401  3.664  3.951  3.611  3.738  3.818  3.611  3.714  3.526  3.714  3.807  3.638  3.624  3.664  3.761  3.550  3.401  3.555  3.497  3.466  3.497  3.555  3.497  3.605  3.497  3.526  3.555  3.497  3.434  3.401  3.605  3.526
6.035  5.844  6.071  5.991  6.103  5.949  6.172  6.085  6.170  6.201  5.948  6.096  6.004  5.781  6.011  5.933  5.976  5.802  6.292  6.016  6.068  6.034  5.919  5.855  6.050  5.979  5.889  5.838  5.781  5.945  5.869  5.938  5.958  6.075  6.207  5.938  5.858  6.107  5.852  5.878  5.976  6.050
6.190  6.135  6.215  6.155  6.180  6.217  6.407  6.288  6.346  6.498  6.333  6.384  6.255  6.211  6.353  6.050  6.216  6.098  6.542  6.223  6.371  6.292  6.198  6.230  6.236  6.223  6.155  6.089  6.050  6.234  6.082  6.217  6.229  6.310  6.474  6.271  6.227  6.261  6.212  6.227  6.260  6.362
3.714  3.520  3.658  3.497  3.526  3.611  3.714  3.757  3.584  3.846  3.584  3.761  3.701  3.671  3.818  3.714  3.802  3.638  3.664  3.738  3.714  3.773  3.611  3.784  3.555  3.780  3.714  3.466  3.434  3.738  3.578  3.578  3.555  3.638  3.555  3.497  3.632  3.512  3.632  3.638  3.733  3.466
3.611  3.466  3.696  3.611  3.555  3.605  3.466  3.555  3.714  3.526  3.296  3.664  3.807  3.584  3.689  3.526  3.584  3.434  3.664  3.846  3.584  3.638  3.555  3.611  3.459  3.714  3.497  3.611  3.466  3.555  3.401  3.526  3.611  3.526  3.738  3.584  3.684  3.497  3.466  3.611  3.466  3.584
5.214  4.980  5.112  4.934  4.868  5.327  5.106  5.142  5.056  5.454  5.086  5.311  5.291  5.063  5.017  5.072  4.754  4.973  5.136  5.187  5.081  5.124  4.938  5.130  5.047  4.779  4.779  5.142  4.944  4.984  4.820  4.999  5.145  4.905  4.718  5.056  4.959  4.920  5.064  5.019  4.796  5.045
6.267  5.998  6.155  6.232  6.205  6.125  6.127  6.176  6.205  6.406  6.417  6.299  6.351  6.193  6.288  6.122  6.086  6.108  6.290  6.182  6.195  6.242  6.165  6.219  6.028  6.023  6.090  6.055  5.899  5.991  6.154  6.095  6.089  6.125  6.142  6.165  6.040  6.210  6.161  6.182  6.016  6.122
4.522  4.344  4.585  4.564  4.595  4.543  4.511  4.401  4.525  4.575  4.541  4.431  4.644  4.644  4.806  4.443  4.443  4.620  4.595  4.610  4.644  4.466  4.443  4.530  4.419  4.317  4.554  4.382  4.369  4.419  4.431  4.392  4.564  4.454  4.615  4.564  4.317  4.431  4.304  4.416  4.295  4.394
4.174  4.190  4.615  4.078  4.248  4.205  4.354  4.253  4.248  4.477  4.489  4.025  4.454  4.143  4.466  4.159  4.224  4.860  4.357  4.640  4.454  4.060  4.127  4.543  4.078  4.025  4.007  4.091  4.007  4.078  4.248  3.932  4.630  4.116  4.174  4.304  4.159  4.094  4.043  4.078  4.060  4.190
3.401  3.434  3.296  3.384  3.384  3.178  3.296  3.434  3.450  3.401  3.367  3.332  3.296  3.367  3.367  3.401  3.367  3.332  3.332  3.497  3.526  3.434  3.466  3.401  3.367  3.258  3.466  3.332  3.434  3.258  3.401  3.401  3.332  3.490  3.497  3.332  3.466  3.332  3.367  3.367  3.401  3.401
3.296  3.475  3.296  3.367  3.497  3.434  3.459  3.466  3.367  3.296  3.170  3.395  3.434  3.401  3.401  3.332  3.466  3.332  3.497  3.466  3.459  3.434  3.466  3.555  3.367  3.332  3.360  3.434  3.332  3.401  3.466  3.490  3.434  3.401  3.401  3.401  3.434  3.360  3.219  3.367  3.258  3.434
4.575  4.477  4.357  4.394  4.562  4.407  4.304  4.290  4.354  4.633  4.511  4.382  4.718  4.682  4.628  4.595  4.290  4.570  4.575  4.407  4.613  4.500  4.516  4.700  4.127  4.277  4.440  4.248  4.369  4.205  4.554  4.369  4.341  4.394  4.520  4.454  4.380  4.419  4.452  4.394  4.187  4.367
4.952  4.819  4.771  4.905  4.942  4.804  4.682  4.812  4.812  4.905  4.986  4.875  4.990  5.106  5.016  4.792  4.615  5.088  4.956  4.852  4.875  4.682  4.919  4.949  4.754  4.564  4.564  4.771  4.522  4.477  4.868  4.623  4.600  4.682  4.820  4.852  4.659  4.796  4.927  5.024  4.699  4.796
3.401  3.555  3.526  3.638  3.434  3.466  3.459  3.584  3.367  3.611  3.459  3.664  3.829  3.784  3.951  3.664  3.726  3.611  3.605  3.611  3.664  3.638  3.611  3.578  3.490  3.555  3.664  3.526  3.466  3.367  3.497  3.466  3.555  3.360  3.592  3.555  3.611  3.466  3.584  3.550  3.296  3.555
3.611  3.497  3.658  3.611  3.584  3.526  3.526  3.526  3.434  3.367  3.401  3.555  3.850  3.714  3.867  3.714  3.550  3.592  3.738  3.850  3.802  3.664  3.550  3.611  3.466  3.497  3.611  3.332  3.466  3.401  3.555  3.550  3.570  3.555  3.555  3.490  3.401  3.401  3.434  3.506  3.526  3.584
4.663  4.443  4.595  4.635  4.511  4.552  4.533  4.489  4.516  4.682  4.511  4.477  4.690  4.613  4.615  4.431  4.489  4.575  4.727  4.787  4.730  4.407  4.407  4.530  4.498  4.585  4.509  4.407  4.382  4.263  4.543  4.443  4.654  4.573  4.663  4.615  4.304  4.583  4.344  4.407  4.522  4.585
5.094  4.963  4.966  5.043  5.118  5.069  5.118  4.990  5.187  5.165  5.165  5.153  5.181  5.126  5.265  4.982  5.088  4.907  5.197  5.215  5.187  5.024  4.990  5.100  5.198  5.242  5.004  4.997  4.977  5.006  5.056  5.004  5.017  5.234  5.247  5.112  4.977  5.017  5.024  4.883  5.136  5.069
4.585  4.404  4.500  4.615  4.554  4.595  4.466  4.489  4.466  4.682  4.369  4.554  4.682  4.694  4.762  4.324  4.373  4.443  4.608  4.736  4.718  4.554  4.575  4.382  4.460  4.431  4.317  4.231  4.234  4.205  4.317  4.344  4.489  4.386  4.477  4.543  4.382  4.564  4.431  4.288  4.369  4.489
4.557  4.290  4.431  4.481  4.407  4.413  4.317  4.234  4.419  4.443  4.419  4.477  4.394  4.475  4.635  4.382  4.331  4.234  4.600  4.595  4.543  4.304  4.369  4.562  4.324  4.369  4.205  4.234  4.103  4.317  4.197  4.202  4.404  4.143  4.304  4.431  4.127  4.304  4.220  4.263  4.078  4.234
3.434  3.802  3.714  3.689  3.738  3.434  3.497  3.497  3.664  3.638  3.738  3.497  3.733  3.611  3.738  3.526  3.802  3.597  3.624  3.664  3.726  3.651  3.824  3.497  3.951  3.632  3.555  3.428  3.624  3.526  3.638  3.638  3.611  3.738  3.638  3.497  3.658  3.611  3.434  3.434  3.605  3.664
3.178  3.296  3.367  3.401  3.332  3.555  3.219  3.497  3.395  3.605  3.219  3.296  3.401  3.611  3.526  3.258  3.466  3.270  3.434  3.466  3.550  3.378  3.332  3.367  3.367  3.401  3.466  3.434  3.520  3.332  3.367  3.401  3.541  3.428  3.332  3.401  3.332  3.360  3.288  3.258  3.367  3.466
