5.323  5.333  5.236  5.293  5.283  5.303  5.380  5.389  5.521  5.492  5.464  5.459  5.537  5.424  5.509  5.380  4.836  5.371  5.598  5.264  5.256  5.329  5.561  5.576  5.308  5.384  5.187  5.384  5.071  5.244  5.337  5.140  5.193  5.268  5.380  5.200  5.259  5.361  5.293  5.352  5.256  5.357
4.760  4.710  4.620  4.533  4.543  4.511  4.649  4.573  4.663  4.762  4.676  4.605  4.654  4.748  4.745  4.615  4.167  4.595  4.673  4.625  4.691  4.605  4.644  4.787  4.543  4.477  4.404  4.331  4.337  4.536  4.575  4.317  4.575  4.605  4.530  4.174  4.458  4.407  4.464  4.431  4.357  4.564
4.883  4.477  4.644  4.477  4.554  4.575  4.635  4.642  4.657  4.905  4.543  4.860  4.727  4.595  4.736  4.509  4.625  4.489  4.727  4.700  4.615  4.635  4.454  4.511  4.511  4.564  4.516  4.277  4.354  4.361  4.500  4.483  4.543  4.663  4.659  4.625  4.466  4.344  4.615  4.357  4.394  4.477
4.290  3.912  4.357  4.159  4.078  4.174  4.234  4.127  4.078  4.270  4.007  4.263  4.317  4.174  4.407  4.078  4.043  4.127  4.156  4.466  4.256  4.253  3.961  4.078  4.248  3.951  4.091  3.871  3.871  3.846  4.078  3.932  4.007  3.980  4.182  3.989  3.989  3.932  4.094  4.043  3.951  4.143
4.980  4.782  5.053  5.017  4.927  4.956  4.905  4.920  4.934  5.136  4.986  4.970  5.081  5.043  5.176  4.850  4.771  4.949  5.023  4.997  4.997  4.836  4.883  4.843  4.752  4.745  4.663  4.745  4.605  4.736  4.922  4.754  4.920  4.727  4.852  4.806  4.700  4.804  4.745  4.736  4.779  4.779
5.967  5.883  5.846  5.832  5.919  5.999  5.894  5.922  5.817  6.047  5.986  5.988  6.025  5.961  6.118  5.829  5.587  5.953  5.938  5.828  5.885  5.730  5.892  5.912  5.558  5.596  5.772  5.802  5.568  5.687  5.889  5.497  5.768  5.690  5.680  5.814  5.746  5.817  5.731  5.787  5.727  5.759
5.673  5.416  5.652  5.598  5.600  5.661  5.525  5.727  5.613  5.742  5.558  5.729  5.645  5.652  5.715  5.704  5.598  5.598  5.666  5.606  5.583  5.447  5.460  5.572  5.466  5.360  5.356  5.273  5.283  5.347  5.537  5.327  5.493  5.446  5.366  5.486  5.379  5.507  5.517  5.421  5.460  5.521
6.513  6.355  6.444  6.522  6.447  6.571  6.490  6.525  6.534  6.531  6.578  6.567  6.574  6.447  6.623  6.412  6.304  6.292  6.535  6.466  6.559  6.418  6.450  6.488  6.360  6.314  6.368  6.321  6.142  6.299  6.447  6.265  6.421  6.469  6.430  6.479  6.530  6.448  6.422  6.314  6.368  6.438
5.545  5.323  5.375  5.403  5.409  5.533  5.459  5.313  5.476  5.521  5.609  5.549  5.451  5.366  5.647  5.357  5.489  5.462  5.557  5.442  5.789  5.613  5.442  5.664  5.364  5.256  5.288  5.256  5.293  5.357  5.290  5.398  5.481  5.400  5.557  5.509  5.349  5.342  5.282  5.287  5.329  5.251
4.564  4.718  4.644  4.543  4.605  4.570  4.663  4.522  4.727  4.605  4.618  4.673  4.754  4.595  4.654  4.615  4.605  4.625  4.595  4.533  4.726  4.710  4.554  4.710  4.605  4.431  4.454  4.477  4.489  4.575  4.522  4.615  4.552  4.454  4.522  4.635  4.575  4.452  4.466  4.477  4.533  4.536
4.382  4.263  4.277  4.246  4.248  4.174  4.341  4.127  4.159  4.344  4.382  4.363  4.407  4.428  4.525  4.220  4.357  4.331  4.344  4.331  4.344  4.376  4.246  4.357  4.060  4.025  4.094  4.007  4.078  4.060  4.220  4.369  4.220  4.202  4.277  4.301  4.288  4.111  4.290  4.078  4.143  4.205
4.984  4.844  4.771  4.905  4.883  4.881  4.828  4.762  4.883  5.063  4.982  4.913  5.043  4.990  5.004  4.852  4.754  4.860  4.836  4.836  4.927  4.911  4.831  4.968  4.760  4.852  4.883  4.843  4.754  4.927  4.984  4.673  4.595  4.736  4.860  4.843  4.942  4.811  4.828  4.779  4.762  4.890
5.333  4.920  5.501  5.541  5.278  5.361  5.288  5.394  5.375  5.371  5.179  5.624  5.420  5.165  5.449  5.042  5.227  5.150  5.598  5.550  5.481  5.252  5.088  5.037  5.489  5.412  4.963  5.017  4.828  4.894  4.997  5.207  5.488  5.375  5.380  5.178  5.172  5.357  4.970  5.056  5.404  5.282
4.699  4.533  4.644  4.690  4.682  4.603  4.705  4.666  4.635  4.787  4.663  4.883  4.727  4.691  4.956  4.615  4.644  4.605  4.852  4.758  4.812  4.691  4.615  4.696  4.654  4.600  4.503  4.522  4.344  4.625  4.595  4.663  4.625  4.812  4.527  4.647  4.676  4.575  4.500  4.511  4.500  4.615
5.521  5.572  5.418  5.366  5.438  5.439  5.288  5.442  5.226  5.521  5.438  5.442  5.501  5.397  5.489  5.418  5.220  5.485  5.468  5.447  5.233  5.389  5.435  5.517  5.136  5.170  5.293  5.338  5.198  5.327  5.338  5.226  5.313  5.342  5.377  5.389  5.407  5.425  5.407  5.404  5.159  5.347
6.996  6.875  6.875  6.896  6.915  6.898  6.832  6.940  6.836  7.001  6.859  6.997  7.008  6.830  7.009  6.845  6.782  6.838  6.957  6.961  6.871  6.846  6.932  6.922  6.771  6.822  6.793  6.802  6.860  6.754  6.809  6.742  6.884  6.890  6.842  6.896  6.875  6.960  6.865  6.864  6.717  6.868
4.398  4.263  4.094  4.290  4.111  4.311  4.094  4.263  4.043  4.248  4.248  4.344  4.220  4.263  4.277  4.248  4.231  4.454  4.220  4.369  4.317  4.290  4.143  4.407  4.220  4.234  4.220  4.234  4.111  4.086  4.103  4.143  4.248  4.234  4.304  4.190  4.004  4.234  4.217  4.111  4.127  4.127
3.709  3.664  3.497  3.664  3.709  3.584  3.664  3.497  3.555  3.689  3.676  3.611  3.784  3.709  3.689  3.671  3.784  3.611  3.761  3.761  3.684  3.738  3.676  3.761  3.555  3.584  3.658  3.497  3.611  3.738  3.638  3.689  3.689  3.584  3.611  3.714  3.638  3.807  3.497  3.632  3.584  3.555
6.786  6.726  6.720  6.788  6.837  6.801  6.737  6.768  6.762  6.898  6.846  6.826  6.892  6.796  6.949  6.693  6.811  6.841  6.786  6.762  6.914  6.828  6.743  6.871  6.631  6.720  6.745  6.616  6.682  6.653  6.719  6.756  6.791  6.823  6.866  6.915  6.721  6.872  6.852  6.704  6.707  6.733
4.970  5.225  4.999  5.030  4.883  5.088  5.013  4.924  4.934  4.933  5.182  5.003  5.108  5.075  5.136  4.883  5.040  4.771  4.984  5.088  5.185  5.023  5.063  5.198  4.977  4.898  4.924  4.898  4.860  4.836  4.916  4.905  4.860  5.017  4.949  5.085  4.949  5.071  5.017  4.804  4.934  5.043
4.890  4.758  4.820  4.963  4.812  4.812  4.828  4.812  4.844  5.063  4.836  4.942  5.037  4.934  5.187  4.808  4.736  4.804  4.999  5.009  4.972  5.024  4.804  5.081  4.802  4.819  4.844  4.700  4.562  4.700  4.671  4.691  4.868  4.874  4.970  4.881  4.727  4.890  4.769  4.694  4.700  4.883
4.718  4.407  4.625  4.625  4.635  4.543  4.522  4.710  4.615  4.663  4.511  4.710  4.771  4.644  4.875  4.407  4.533  4.575  4.652  4.787  4.798  4.771  4.500  4.710  4.567  4.543  4.536  4.331  4.344  4.454  4.407  4.516  4.623  4.585  4.714  4.673  4.500  4.654  4.477  4.460  4.533  4.477
