5.130  4.970  4.956  4.913  4.905  4.956  5.083  5.043  5.069  5.293  5.100  5.040  5.226  5.017  5.139  5.112  4.927  5.168  5.078  5.027  5.043  4.997  5.081  5.118  4.990  4.879  4.920  4.934  4.883  4.990  4.987  4.868  4.883  4.828  5.024  4.890  4.927  4.898  4.775  4.898  4.828  4.927
5.805  5.645  5.583  5.576  5.515  5.551  5.544  5.730  5.533  5.844  5.730  5.670  5.687  5.551  5.624  5.568  5.557  5.570  5.628  5.697  5.595  5.659  5.611  5.652  5.517  5.598  5.707  5.509  5.328  5.485  5.394  5.373  5.468  5.497  5.398  5.412  5.403  5.439  5.403  5.416  5.371  5.489
6.248  5.759  5.935  5.984  5.958  6.407  6.064  6.049  6.089  6.263  6.248  6.176  6.107  5.958  6.031  5.849  5.864  6.045  6.345  6.401  5.932  6.019  6.003  5.966  6.004  5.984  5.971  6.059  5.799  6.019  5.861  5.901  5.905  5.811  5.979  5.849  5.926  5.984  6.127  6.100  5.878  5.908
6.228  5.849  5.951  5.889  6.111  6.287  5.979  6.050  6.174  6.326  6.203  6.075  6.130  5.968  6.057  5.961  6.005  5.852  6.358  6.447  5.823  5.892  5.930  6.031  5.951  5.844  5.881  5.922  5.624  5.849  5.802  5.924  5.980  5.875  6.033  5.904  5.939  5.914  6.054  5.971  5.846  5.855
5.034  4.904  5.063  5.081  5.130  5.037  5.088  4.942  5.193  5.257  5.124  5.308  5.124  4.963  5.096  4.945  5.102  4.779  5.165  5.118  5.162  5.230  4.905  5.043  5.153  4.927  5.055  4.889  4.864  4.990  4.970  5.147  5.037  5.017  5.278  5.017  4.890  4.949  5.172  4.990  4.945  5.030
5.501  5.318  5.398  5.517  5.434  5.463  5.583  5.347  5.641  5.684  5.513  5.609  5.541  5.455  5.589  5.426  5.548  5.318  5.613  5.591  5.598  5.525  5.447  5.513  5.525  5.427  5.333  5.252  5.212  5.283  5.471  5.493  5.429  5.488  5.676  5.517  5.561  5.407  5.486  5.361  5.463  5.550
6.142  5.938  5.926  5.955  6.009  5.961  6.013  6.011  5.979  6.238  6.106  6.033  6.080  6.038  6.089  5.951  5.986  6.009  5.951  6.004  5.915  6.028  6.004  6.094  5.730  5.823  5.897  5.872  5.790  5.886  5.979  5.835  5.932  5.858  6.026  5.826  5.980  6.091  6.064  5.986  5.788  5.889
6.515  6.267  6.303  6.284  6.360  6.268  6.250  6.271  6.273  6.601  6.534  6.347  6.422  6.404  6.412  6.184  6.078  6.269  6.252  6.238  6.167  6.140  6.288  6.330  6.014  6.153  6.211  6.250  6.118  6.145  6.346  6.039  6.225  6.163  6.203  6.223  6.245  6.380  6.395  6.426  6.213  6.244
4.454  4.440  4.525  4.575  4.454  4.443  4.413  4.454  4.382  4.595  4.585  4.466  4.625  4.489  4.625  4.304  4.431  4.304  4.644  4.564  4.454  4.331  4.527  4.546  4.341  4.263  4.205  4.419  4.143  4.386  4.331  4.394  4.477  4.489  4.454  4.419  4.328  4.369  4.394  4.263  4.317  4.431
4.407  4.234  4.469  4.454  4.304  4.500  4.281  4.392  4.357  4.543  4.407  4.477  4.522  4.522  4.564  4.220  4.234  4.304  4.437  4.595  4.382  4.443  4.344  4.454  4.394  4.143  4.317  4.060  3.932  4.270  4.143  4.394  4.357  4.263  4.328  4.205  4.277  4.357  4.263  4.159  4.317  4.220
4.127  4.078  3.989  3.989  4.124  3.985  3.912  4.040  4.205  4.060  4.205  4.094  4.159  4.220  4.190  4.007  4.143  4.007  4.043  4.331  4.311  4.174  3.967  4.174  4.078  4.043  4.060  3.912  3.912  3.784  3.912  4.143  4.217  4.025  4.078  4.119  4.069  4.025  4.043  3.912  3.912  4.094
3.807  3.773  3.850  3.932  3.829  3.676  3.871  3.846  3.912  3.951  3.829  3.912  3.912  4.025  4.078  3.829  3.871  3.638  3.970  4.060  3.970  3.784  3.738  3.761  3.892  3.829  3.813  3.714  3.738  3.689  3.738  3.912  3.689  3.877  3.846  3.733  3.807  3.780  3.664  3.761  3.750  3.807
4.538  4.407  4.520  4.615  4.718  4.554  4.407  4.543  4.419  4.304  4.511  4.564  4.771  4.708  4.691  4.691  4.595  4.654  4.613  4.635  4.942  4.682  4.533  4.726  4.369  4.419  4.522  4.543  4.357  4.419  4.477  4.466  4.486  4.483  4.522  4.615  4.431  4.543  4.575  4.522  4.304  4.500
4.341  4.060  4.533  4.151  4.174  4.274  4.234  4.111  4.227  4.060  4.174  4.246  4.277  4.246  4.452  4.290  4.174  4.525  4.416  4.304  4.454  4.605  4.190  4.419  4.060  4.060  4.143  4.652  4.007  4.143  4.202  4.127  4.315  4.174  4.127  4.317  4.190  4.277  4.202  3.951  4.127  4.111
4.477  4.094  4.475  4.419  4.256  4.241  4.111  4.263  4.234  4.277  4.190  4.419  4.331  4.277  4.477  4.174  4.234  4.234  4.466  4.489  4.654  4.290  4.111  4.344  4.205  4.174  4.246  4.078  4.016  4.094  4.190  4.094  4.431  4.174  4.111  4.127  4.344  4.357  4.205  4.025  4.304  4.341
4.111  3.938  4.127  4.025  4.159  4.007  3.970  4.220  3.989  4.143  3.970  4.060  4.159  4.159  4.143  3.951  4.007  4.143  4.190  4.344  4.159  4.127  3.912  4.164  3.892  3.912  3.829  3.892  3.784  3.807  3.738  3.912  4.111  3.970  4.025  3.951  3.807  4.007  3.867  3.932  3.932  3.967
5.479  5.318  5.476  5.403  5.558  5.565  5.288  5.449  5.380  5.505  5.407  5.421  5.529  5.507  5.649  5.366  5.313  5.521  5.445  5.421  5.505  5.450  5.507  5.521  5.204  5.036  5.295  5.276  5.165  5.273  5.380  5.252  5.357  5.313  5.252  5.481  5.220  5.429  5.460  5.444  5.187  5.247
6.089  5.964  5.924  5.989  6.052  6.098  5.974  5.964  5.903  6.136  6.118  5.999  6.182  6.078  6.248  6.074  5.932  6.140  6.052  6.096  6.147  6.014  6.060  6.157  5.802  5.746  5.918  5.919  5.863  5.922  6.001  5.861  5.920  5.932  5.962  6.067  5.976  6.072  6.110  6.045  5.814  5.836
4.905  4.625  4.854  4.754  4.710  4.804  4.804  4.771  4.682  4.890  4.868  4.883  5.017  4.790  4.868  4.745  4.754  4.812  4.812  5.004  4.949  4.754  4.628  4.787  4.595  4.820  4.575  4.708  4.431  4.357  4.762  4.615  4.804  4.710  4.804  4.754  4.700  4.682  4.727  4.794  4.727  4.819
5.001  4.905  4.919  5.081  5.136  5.004  5.291  5.231  5.373  6.116  6.082  6.026  4.956  4.890  5.069  4.804  4.771  4.905  4.883  4.836  4.942  4.905  4.762  4.852  4.745  4.595  4.718  4.564  4.567  4.663  4.927  4.654  4.812  4.828  4.852  4.812  4.828  4.762  4.836  4.913  4.762  4.836
4.060  4.220  4.127  4.119  3.888  4.217  4.127  4.060  4.143  4.159  4.074  4.290  4.419  4.234  4.344  4.151  4.277  4.248  4.248  4.182  4.234  4.159  4.159  4.127  4.060  4.043  4.127  4.025  3.912  4.234  4.205  3.970  3.258  4.263  4.111  4.159  4.094  4.043  4.078  4.108  4.159  4.331
4.595  4.394  4.331  4.500  4.394  4.543  4.404  4.489  4.564  4.489  4.277  4.585  4.605  4.585  4.522  4.220  4.369  4.466  4.673  4.736  4.620  4.489  4.585  4.443  4.477  4.304  4.234  4.431  4.156  4.234  4.407  4.382  3.258  4.466  4.466  4.331  4.331  4.419  4.486  4.337  4.443  4.509
