4.844  4.718  4.771  4.726  4.783  4.718  4.718  4.691  4.812  5.024  4.828  4.852  5.023  4.804  4.920  4.956  4.889  4.771  5.146  5.061  5.106  5.427  5.242  5.297  4.802  4.575  4.710  4.554  4.644  4.710  4.583  4.736  4.671  4.787  4.844  4.762  4.717  4.771  4.745  4.756  4.644  4.762
4.369  4.440  4.290  4.350  4.317  4.477  4.431  4.394  4.357  4.520  4.344  4.331  4.533  4.394  4.492  4.466  4.419  4.311  4.454  4.613  4.452  4.431  4.357  4.466  4.227  4.159  4.321  4.127  4.078  4.220  4.311  4.363  4.350  4.174  4.227  4.290  4.304  4.205  4.407  4.190  4.074  4.454
5.075  4.949  4.970  5.042  4.889  5.094  5.024  5.001  5.030  5.267  4.972  5.193  5.118  4.894  5.182  4.966  4.875  4.927  5.091  5.017  5.081  4.990  4.940  4.934  4.973  4.856  4.828  4.907  4.654  4.836  4.800  4.856  5.024  5.030  4.945  4.961  4.804  4.934  5.004  4.989  4.879  5.112
4.625  4.190  4.382  4.290  4.407  4.443  4.407  4.369  4.477  4.700  4.376  4.549  4.590  4.454  4.511  4.331  4.317  4.277  4.657  4.575  4.543  4.437  4.317  4.304  4.388  4.382  4.290  4.205  4.069  4.127  4.446  4.335  4.357  4.407  4.516  4.344  4.217  4.431  4.466  4.511  4.263  4.344
5.308  5.257  5.361  5.464  5.476  5.545  5.357  5.389  5.398  5.684  5.371  5.576  5.572  5.434  5.568  5.283  5.187  5.398  5.638  5.366  5.464  5.243  5.380  5.298  5.310  5.394  5.236  5.236  4.996  5.075  5.220  5.093  5.357  5.380  5.382  5.375  5.338  5.283  5.242  5.231  5.226  5.273
4.434  4.489  4.530  4.466  4.525  4.489  4.598  4.401  4.638  4.615  4.543  4.682  4.718  4.628  4.775  4.422  4.486  4.428  4.564  4.489  4.927  4.635  4.552  4.570  4.477  4.511  4.419  4.190  4.171  4.392  4.248  4.486  4.290  4.625  4.647  4.625  4.554  4.477  4.248  4.248  4.440  4.308
5.835  5.680  5.682  5.730  5.717  5.727  5.645  5.620  5.748  5.778  5.687  5.841  5.768  5.620  5.881  5.521  5.464  5.781  5.823  5.700  5.649  5.513  5.541  5.541  5.609  5.787  5.656  5.626  5.493  5.476  5.598  5.455  5.652  5.659  5.652  5.634  5.687  5.775  5.658  5.649  5.740  5.707
4.883  4.736  4.860  4.858  4.979  4.990  4.844  4.718  4.754  4.934  4.874  4.984  5.039  4.875  4.913  4.762  4.663  4.868  4.913  4.844  4.866  4.827  4.927  4.963  4.694  4.868  4.874  4.808  4.700  4.708  4.890  4.613  4.779  4.792  4.771  4.786  4.779  4.779  4.736  4.800  4.710  4.727
4.654  4.543  4.477  4.422  4.554  4.533  4.431  4.522  4.500  4.745  4.700  4.748  4.927  4.585  4.945  4.564  4.673  4.585  4.649  4.663  4.699  4.500  4.522  4.543  4.443  4.605  4.394  4.564  4.301  4.331  4.509  4.615  4.443  4.745  4.605  4.598  4.511  4.633  4.394  4.583  4.419  4.394
4.691  4.277  4.673  4.866  4.663  4.625  4.382  4.605  4.554  4.682  4.363  4.710  4.673  4.443  4.644  4.443  4.554  4.344  4.654  4.839  4.682  4.554  4.363  4.615  4.615  4.623  4.205  4.220  4.190  4.277  4.174  4.443  4.554  4.516  4.564  4.410  4.234  4.595  4.494  4.407  4.554  4.605
5.037  4.554  4.942  4.718  4.920  4.828  4.454  4.687  4.771  4.909  4.949  4.990  5.158  5.075  5.056  4.900  4.500  5.088  5.153  5.004  4.625  4.585  4.890  4.727  4.812  4.642  4.762  4.890  4.394  4.498  4.595  4.489  4.898  4.860  4.562  4.820  4.598  4.927  5.352  4.905  4.765  4.745
3.932  3.807  3.784  3.850  3.829  3.761  3.761  3.871  3.784  3.892  3.951  3.829  4.164  4.094  4.091  3.761  3.714  3.989  4.025  4.043  3.912  3.912  3.850  3.871  3.689  3.664  3.664  3.714  3.761  3.726  3.802  3.850  3.784  3.784  3.871  3.829  3.689  3.829  4.205  3.584  3.738  3.714
5.011  4.745  4.933  4.905  4.984  5.056  4.836  4.852  4.934  5.220  4.905  4.898  5.153  4.997  5.176  4.844  4.687  4.972  5.217  4.956  4.949  4.836  4.812  4.940  4.934  4.836  4.934  4.654  4.710  4.794  4.635  4.762  4.786  5.050  4.804  4.893  4.828  4.862  4.718  4.887  4.875  4.843
3.970  3.892  3.985  3.871  3.807  3.888  3.714  3.757  3.989  4.164  3.738  3.780  4.060  3.912  3.850  3.985  3.912  3.807  4.004  4.004  3.989  3.912  4.094  3.989  3.857  3.638  3.850  3.738  3.664  3.839  3.689  3.850  3.908  4.094  3.942  3.932  3.584  3.689  3.829  3.871  3.664  3.638
4.407  4.078  4.392  4.174  4.205  4.317  4.220  4.290  4.127  4.304  4.382  4.416  4.477  4.407  4.489  4.311  4.174  4.344  4.477  4.533  4.407  4.394  4.174  4.127  4.220  4.190  4.124  4.344  4.025  3.871  4.248  4.197  4.454  4.248  4.234  4.407  4.277  4.190  4.344  4.174  4.248  4.344
3.970  3.888  3.989  3.951  4.025  3.892  4.078  4.043  3.951  4.220  3.918  4.143  4.205  4.190  4.190  3.738  3.970  3.892  4.238  4.369  4.220  4.043  3.857  3.912  4.074  3.985  3.892  3.912  3.689  3.871  3.989  3.922  4.111  4.094  3.970  3.871  4.025  3.951  4.111  3.970  3.947  4.094
5.598  5.472  5.628  5.541  5.556  5.501  5.421  5.498  5.537  5.617  5.497  5.595  5.628  5.412  5.645  5.412  5.380  5.635  5.624  5.673  5.635  5.624  5.535  5.628  5.366  5.464  5.242  5.342  5.100  5.226  5.283  5.394  5.425  5.407  5.442  5.553  5.298  5.313  5.333  5.434  5.247  5.493
4.644  4.583  4.736  4.682  4.554  4.741  4.644  4.530  4.771  4.771  4.840  4.762  4.931  4.745  4.771  4.595  4.605  4.700  4.595  4.811  4.760  4.743  4.511  4.718  4.628  4.477  4.615  4.431  4.328  4.419  4.514  4.394  4.615  4.520  4.564  4.727  4.431  4.575  4.644  4.543  4.533  4.605
5.389  5.155  5.242  5.349  5.273  5.352  5.310  5.282  5.421  5.384  5.333  5.434  5.509  5.407  5.521  5.384  5.257  5.394  5.455  5.517  5.447  5.252  5.270  5.323  5.257  5.262  5.204  5.272  5.059  5.136  5.247  5.220  5.426  5.257  5.411  5.394  5.293  5.209  5.260  5.278  5.182  5.338
6.035  5.971  5.922  6.030  5.979  6.057  6.221  6.211  6.346  6.720  6.594  6.628  7.351  7.215  7.275  5.930  5.974  5.939  6.043  5.994  6.129  6.039  6.001  6.033  6.011  6.012  5.953  5.740  5.900  5.875  5.922  5.991  5.978  6.066  6.143  6.038  6.011  5.943  5.843  5.932  5.894  6.004
5.447  5.187  5.361  5.375  5.257  5.303  5.201  5.269  5.236  5.416  5.333  5.403  5.342  5.352  5.375  5.214  5.231  5.342  5.438  5.455  5.371  5.278  5.252  5.468  5.136  5.050  5.176  5.170  5.043  5.050  5.165  5.063  5.384  5.214  5.231  5.352  5.252  5.347  5.318  5.226  5.124  5.352
5.193  4.898  5.075  5.094  5.156  5.043  4.875  5.030  5.024  5.203  5.182  5.072  5.094  5.075  5.170  4.864  4.913  5.056  5.170  5.361  5.056  4.890  4.913  5.106  4.844  4.920  4.947  4.942  4.630  4.787  4.875  4.652  5.118  5.024  5.006  5.123  4.804  5.203  5.268  4.942  4.980  5.164
