6.822  6.731  6.659  6.645  6.640  6.696  6.768  6.601  6.771  6.808  6.705  6.762  6.796  6.753  6.707  6.784  6.601  6.732  6.623  6.533  6.683  6.738  6.735  6.780  6.778  6.698  6.571  6.649  6.593  6.644  6.685  6.654  6.591  6.843  6.617  6.730  6.740  6.609  6.564  6.705  6.479  6.742
5.493  5.565  5.415  5.313  5.310  5.491  5.645  5.328  5.525  5.576  5.380  5.501  5.591  5.616  5.545  5.515  5.472  5.451  5.402  5.328  5.553  5.553  5.558  5.765  5.447  5.372  5.416  5.328  5.439  5.352  5.447  5.420  5.242  5.566  5.429  5.505  5.485  5.208  5.328  5.318  5.165  5.442
6.134  6.011  5.938  5.771  6.028  6.140  5.978  5.814  6.023  6.023  6.128  6.031  6.142  6.094  6.089  6.066  5.869  6.138  5.984  5.817  6.100  5.996  5.984  5.971  5.927  5.989  5.976  5.976  5.980  6.041  6.094  5.857  5.724  5.996  5.855  6.008  6.071  6.023  5.840  6.038  5.922  5.955
4.700  4.754  4.489  4.443  4.615  4.745  4.668  4.562  4.682  4.787  4.787  4.533  4.820  4.754  4.745  4.595  4.511  4.615  4.635  4.625  4.771  4.700  4.682  4.662  4.509  4.673  4.533  4.598  4.498  4.522  4.533  4.443  4.511  4.525  4.466  4.663  4.812  4.666  4.500  4.585  4.369  4.644
6.078  5.886  5.938  5.753  5.989  6.089  5.974  5.996  5.996  6.075  6.089  6.071  6.025  5.989  6.053  5.940  5.802  6.052  5.961  5.851  6.136  5.802  5.924  5.996  5.905  5.911  5.971  5.941  5.717  5.778  6.034  5.695  5.878  5.938  5.924  5.932  5.925  5.903  5.798  5.894  5.902  5.914
4.736  4.699  4.598  4.640  4.762  4.771  4.868  4.654  4.792  4.771  4.787  4.782  4.745  4.673  4.802  4.792  4.691  4.700  4.827  4.765  4.904  4.615  4.543  4.794  4.588  4.590  4.718  4.489  4.425  4.644  4.710  4.511  4.700  4.585  4.615  4.663  4.832  4.663  4.527  4.498  4.682  4.554
6.242  5.953  6.038  5.883  6.157  6.159  6.075  5.997  6.094  6.234  6.228  6.242  6.163  6.118  6.180  6.114  5.787  6.161  6.089  5.981  6.052  5.900  6.000  6.019  5.931  6.045  6.080  6.059  5.778  5.875  5.989  5.771  5.733  5.999  5.930  6.023  5.995  6.105  5.981  6.108  5.790  6.001
4.635  4.554  4.494  4.348  4.554  4.533  4.718  4.595  4.644  4.575  4.615  4.644  4.700  4.659  4.745  4.477  4.369  4.595  4.543  4.407  4.489  4.522  4.595  4.533  4.220  4.466  4.431  4.466  4.304  4.344  4.419  4.317  4.317  4.554  4.404  4.511  4.469  4.248  4.174  4.344  4.159  4.277
6.629  6.303  6.366  6.332  6.404  6.431  6.347  6.395  6.450  6.512  6.402  6.500  6.476  6.515  6.483  6.368  6.179  6.463  6.443  6.376  6.431  6.220  6.328  6.299  6.382  6.474  6.312  6.435  6.192  6.205  6.265  6.236  6.289  6.417  6.399  6.431  6.308  6.389  6.333  6.404  6.326  6.431
5.778  5.629  5.609  5.541  5.645  5.710  5.676  5.576  5.670  5.869  5.707  5.781  5.720  5.756  5.733  5.696  5.513  5.661  5.712  5.566  5.707  5.541  5.759  5.690  5.558  5.598  5.583  5.533  5.509  5.513  5.497  5.509  5.481  5.707  5.652  5.694  5.624  5.525  5.497  5.568  5.403  5.448
6.144  6.170  6.109  6.122  6.174  6.153  6.115  6.047  6.194  6.293  6.242  6.217  6.155  6.273  6.277  6.121  6.002  6.203  6.136  6.136  6.161  5.866  6.031  5.976  6.096  6.223  6.080  6.145  5.966  6.098  6.073  5.938  5.953  6.183  6.182  6.155  6.111  6.071  6.111  6.122  6.098  6.091
5.058  5.220  5.529  5.153  5.183  5.328  5.142  5.069  5.288  5.247  5.243  5.063  5.220  5.198  5.198  5.150  5.111  5.106  5.236  5.106  5.404  5.268  5.024  5.142  5.075  5.074  5.043  5.009  4.944  5.263  5.036  5.100  4.984  5.170  5.318  5.130  5.030  4.984  4.984  5.226  5.017  5.004
6.218  5.913  6.107  6.021  6.153  6.246  6.142  6.114  6.170  6.344  6.078  6.310  6.238  6.197  6.260  6.090  5.986  6.205  6.187  6.182  6.125  6.002  6.078  5.981  6.136  6.271  6.021  6.126  5.948  6.052  5.964  5.911  5.994  6.175  6.022  6.132  6.119  6.144  6.068  6.141  6.073  6.215
5.252  5.257  5.236  5.146  5.120  5.283  5.241  5.283  5.278  5.438  5.357  5.455  5.476  5.342  5.407  5.318  5.080  5.268  5.357  5.165  5.170  5.088  5.198  5.182  5.094  5.252  5.198  5.187  5.112  5.056  5.063  4.940  5.063  5.136  5.088  5.158  5.153  5.159  5.130  5.176  5.170  5.088
5.889  5.900  5.703  5.903  5.951  5.951  5.832  5.844  5.973  5.881  5.844  6.027  6.028  5.996  6.049  5.852  5.686  5.978  6.023  5.738  5.844  5.808  5.903  5.855  5.961  5.919  5.855  5.932  5.626  5.602  5.861  5.775  5.837  5.940  5.958  5.892  5.911  5.874  5.838  5.981  5.797  5.932
5.342  5.455  5.366  5.403  5.393  5.468  5.460  5.398  5.457  5.231  5.464  5.549  5.572  5.500  5.639  5.318  5.318  5.335  5.557  5.412  5.687  5.617  5.533  5.553  5.460  5.318  5.366  5.357  5.142  5.209  5.442  5.247  5.433  5.503  5.293  5.421  5.493  5.357  5.347  5.260  5.303  5.318
5.958  5.849  5.737  5.786  5.935  5.768  5.827  5.703  5.765  5.838  5.864  5.886  5.969  5.877  5.883  5.829  5.587  5.894  5.802  5.753  5.749  5.624  5.756  5.724  5.638  5.683  5.683  5.710  5.549  5.583  5.687  5.631  5.624  5.760  5.652  5.819  5.668  5.790  5.685  5.746  5.583  5.683
5.017  4.934  4.820  4.970  4.877  4.881  4.804  4.700  4.860  4.883  4.942  4.890  4.934  5.039  5.056  4.794  4.736  5.075  4.745  4.844  4.963  4.860  4.965  4.944  4.615  4.615  4.858  4.613  4.500  4.654  4.625  4.570  4.762  4.771  4.615  4.727  4.787  4.727  4.710  4.796  4.562  4.736
6.114  5.993  6.008  5.947  5.991  6.052  5.951  6.100  6.098  6.221  6.136  6.176  6.164  6.052  6.113  6.059  5.924  6.209  6.073  6.122  5.951  5.940  5.979  6.009  6.047  6.139  6.061  6.120  5.958  5.976  5.989  5.872  5.958  6.059  5.914  6.029  6.045  6.059  5.948  6.174  5.972  6.052
4.820  4.644  4.718  4.783  4.644  4.727  4.844  4.710  4.942  4.982  4.819  4.965  4.868  4.820  4.787  4.779  4.736  4.605  4.852  4.977  4.779  4.771  4.815  4.718  4.727  4.929  4.796  4.682  4.600  4.736  4.771  4.852  4.682  4.736  4.802  4.727  4.812  4.663  4.595  4.796  4.511  4.771
7.252  7.063  7.169  7.246  7.238  7.265  7.124  7.215  7.225  7.307  7.271  7.253  7.302  7.183  7.265  7.193  7.044  7.292  7.315  7.223  7.146  7.054  7.132  7.103  7.124  7.113  7.093  7.209  7.003  7.102  7.069  7.009  7.197  7.172  7.162  7.195  7.141  7.269  7.205  7.272  7.135  7.249
4.533  4.635  4.625  4.533  4.710  4.779  4.466  4.554  4.644  4.522  4.554  4.522  4.812  4.654  4.700  4.700  4.500  4.248  4.718  4.644  4.745  4.419  4.823  4.357  4.466  4.673  4.525  4.564  4.454  4.416  4.564  4.382  4.533  4.500  4.522  4.369  4.419  4.663  4.700  4.483  4.543  4.522
