6.571  6.553  6.275  6.395  6.567  6.663  6.620  6.449  6.650  6.724  6.648  6.649  6.578  6.601  6.636  6.662  6.290  6.446  6.275  6.404  6.479  6.357  6.557  6.479  6.461  6.492  6.213  6.378  6.306  6.315  6.300  6.236  6.325  6.648  6.548  6.585  6.590  6.524  6.246  6.433  6.194  6.423
5.169  5.056  4.710  4.866  4.970  5.050  5.147  4.844  5.198  5.112  5.106  5.017  4.990  5.063  5.130  5.063  4.868  4.942  4.812  4.796  5.024  5.023  4.990  5.135  4.984  4.745  4.477  4.823  4.700  4.819  4.745  4.927  4.804  5.037  4.956  4.997  5.166  4.836  4.804  4.836  4.754  4.913
3.951  3.951  3.850  4.043  4.060  4.043  3.912  3.989  3.871  3.932  4.025  3.967  4.290  3.989  4.007  3.871  3.892  3.850  4.048  4.182  4.060  4.025  4.025  3.970  3.932  3.850  3.784  3.807  3.664  3.689  3.802  3.839  3.892  3.824  3.807  3.912  3.928  3.908  3.932  3.888  3.584  3.807
3.871  3.689  3.761  3.951  3.689  3.818  3.555  3.829  3.714  3.807  3.780  3.733  3.912  3.761  3.824  3.867  3.584  3.818  3.807  3.998  3.829  3.684  3.750  3.761  3.664  3.592  3.689  3.664  3.466  3.689  3.584  3.584  3.689  3.709  3.738  3.605  3.611  3.638  3.664  3.658  3.611  3.701
3.584  3.619  3.689  3.611  3.671  3.475  3.611  3.664  3.738  3.526  3.434  3.555  3.784  3.638  3.784  3.761  3.434  3.584  3.638  3.846  3.807  3.555  3.738  3.638  3.466  3.632  3.466  3.428  3.497  3.689  3.658  3.689  3.520  3.605  3.434  3.526  3.664  3.664  3.459  3.584  3.466  3.584
3.726  3.645  3.664  3.638  3.871  3.689  3.638  3.714  3.632  3.745  3.584  3.714  3.932  3.757  3.871  3.912  3.584  3.714  3.738  3.951  3.871  3.761  3.689  3.892  3.638  3.714  3.689  3.611  3.434  3.658  3.689  3.664  3.497  3.584  3.757  3.638  3.714  3.757  3.738  3.676  3.658  3.871
3.784  3.850  3.871  3.951  3.989  3.951  3.892  3.912  3.928  4.025  3.888  4.025  4.078  4.043  4.317  3.970  4.043  4.174  3.985  4.025  4.143  3.829  4.043  4.043  3.951  3.829  3.912  3.892  3.738  3.892  3.829  4.040  3.892  4.007  4.043  3.912  3.714  3.802  3.829  3.932  3.761  3.829
3.871  3.714  3.829  3.773  3.689  3.689  3.684  3.780  3.970  3.714  3.664  3.664  3.824  3.932  3.892  3.664  3.967  3.689  3.892  3.850  3.888  3.714  3.689  3.761  3.761  3.829  3.611  3.807  3.434  3.714  3.632  3.761  3.807  3.780  3.829  3.761  3.761  3.689  3.611  3.632  3.651  3.689
4.394  4.220  4.190  4.321  4.246  4.277  4.288  4.248  4.190  4.369  4.304  4.331  4.454  4.382  4.274  4.220  4.234  4.156  4.248  4.234  4.369  4.341  4.274  4.263  4.143  4.007  4.140  4.078  3.951  4.205  4.288  4.040  4.043  4.171  3.951  4.043  4.140  4.025  4.143  4.091  4.124  4.078
3.714  3.714  3.738  3.714  3.638  3.807  3.664  3.632  3.689  3.714  3.632  3.738  3.871  3.829  3.784  3.867  3.807  3.714  3.664  3.829  3.802  3.829  3.807  3.802  3.555  3.714  3.689  3.689  3.807  3.611  3.689  3.714  3.773  3.611  3.784  3.714  3.645  3.434  3.584  3.671  3.664  3.584
4.727  4.734  4.710  4.673  4.836  4.736  4.754  4.804  4.736  4.975  4.911  4.708  4.949  4.727  4.771  4.662  4.663  4.654  4.635  4.644  4.771  4.787  4.623  4.844  4.554  4.454  4.644  4.625  4.564  4.511  4.762  4.620  4.492  4.644  4.745  4.700  4.564  4.489  4.554  4.454  4.554  4.554
5.656  5.397  5.529  5.519  5.481  5.497  5.568  5.505  5.455  5.746  5.545  5.537  5.472  5.442  5.501  5.282  5.468  5.298  5.505  5.447  5.585  5.533  5.442  5.429  5.468  5.298  5.193  5.242  5.244  5.273  5.472  5.407  5.273  5.460  5.489  5.278  5.426  5.521  5.278  5.366  5.323  5.438
4.277  4.174  4.127  4.007  3.985  3.989  4.311  4.119  4.159  4.357  4.094  4.174  4.357  4.357  4.416  4.190  4.174  4.111  4.304  4.341  4.190  4.143  4.164  4.140  4.108  4.043  3.967  4.007  3.918  4.127  4.078  4.159  4.140  4.043  4.190  4.202  4.194  4.094  4.078  4.057  4.007  4.069
4.317  4.331  4.202  4.190  4.212  4.174  4.174  4.331  4.174  4.331  4.304  4.304  4.290  4.304  4.443  4.060  4.190  4.159  4.174  4.284  4.331  4.277  4.284  4.301  4.167  4.111  4.151  4.164  3.932  4.143  4.190  4.288  4.111  4.159  4.256  4.205  4.022  4.304  4.277  4.124  3.989  4.171
6.431  6.217  6.370  6.485  6.385  6.344  6.415  6.358  6.324  6.514  6.425  6.507  6.489  6.469  6.521  6.312  6.238  6.298  6.515  6.349  6.477  6.261  6.304  6.280  6.266  6.232  6.135  6.089  5.951  6.057  6.151  6.221  6.340  6.457  6.333  6.252  6.288  6.375  6.310  6.215  6.243  6.336
6.686  6.474  6.615  6.646  6.583  6.592  6.572  6.556  6.519  6.751  6.736  6.745  6.837  6.749  6.841  6.891  6.767  6.736  6.632  6.557  6.717  6.538  6.434  6.528  6.452  6.441  6.384  6.370  6.188  6.279  6.436  6.443  6.446  6.501  6.525  6.462  6.498  6.458  6.465  6.368  6.418  6.439
8.092  7.739  8.025  7.997  8.027  8.115  8.028  8.040  8.183  8.218  8.013  8.122  8.071  7.963  8.092  7.855  7.667  7.862  8.100  8.050  7.945  7.824  7.743  7.838  7.881  7.903  7.707  7.841  7.651  7.779  7.717  7.701  7.974  8.051  7.959  7.994  7.894  7.988  7.982  7.968  7.989  7.952
6.176  5.979  6.140  6.016  6.238  6.324  6.159  6.052  6.238  6.321  6.221  6.321  6.151  6.188  6.116  6.094  5.922  6.098  6.190  6.201  6.174  6.068  6.018  6.148  5.971  5.964  5.940  5.805  5.881  5.878  5.790  5.846  5.992  6.066  6.066  6.096  5.911  5.883  6.219  6.120  5.900  5.883
4.934  4.644  4.771  4.885  4.796  4.796  4.663  4.898  4.736  4.970  4.673  4.875  5.030  4.771  5.056  4.691  4.687  4.771  4.949  5.004  4.836  4.843  4.663  4.852  4.585  4.625  4.654  4.564  4.615  4.564  4.541  4.443  4.717  4.700  4.700  4.736  4.635  4.787  4.727  4.652  4.673  4.710
4.783  4.489  4.710  4.812  4.668  4.708  4.533  4.736  4.500  4.644  4.575  4.745  4.836  4.721  4.615  4.500  4.618  4.575  4.717  4.787  4.644  4.633  4.505  4.608  4.304  4.533  4.543  4.431  4.354  4.331  4.407  4.437  4.511  4.615  4.431  4.615  4.449  4.635  4.605  4.583  4.530  4.500
4.562  4.190  4.644  4.595  4.407  4.500  4.514  4.549  4.419  4.520  4.500  4.564  4.575  4.454  4.625  4.431  4.369  4.369  4.554  4.662  4.779  4.443  4.663  4.595  4.530  4.437  4.394  4.304  4.205  4.317  4.394  4.570  4.500  4.520  4.466  4.382  4.454  4.388  4.363  4.277  4.382  4.246
3.892  3.947  4.022  4.094  4.043  4.007  4.052  4.078  4.094  4.174  3.892  4.111  3.989  4.007  4.174  3.871  3.912  3.850  4.304  4.263  4.159  4.007  3.912  4.159  3.932  4.060  3.912  3.871  3.932  3.807  4.060  4.205  4.190  3.970  4.007  3.932  3.985  3.989  3.932  3.850  4.043  4.007
