3.466  3.367  3.401  3.367  3.520  3.332  3.367  3.428  3.401  3.497  3.401  3.401  3.664  3.526  3.638  3.526  3.664  3.466  3.497  3.714  3.466  3.555  3.490  3.555  3.219  3.466  3.434  3.555  3.497  3.459  3.367  3.434  3.555  3.401  3.219  3.367  3.367  3.367  3.497  3.401  3.401  3.178
3.434  3.367  3.738  3.401  3.497  3.611  3.526  3.497  3.497  3.611  3.401  3.664  3.555  3.434  3.555  3.584  3.555  3.526  3.638  3.807  3.555  3.555  3.555  3.555  3.401  3.401  3.296  3.497  3.434  3.497  3.332  3.497  3.689  3.664  3.584  3.401  3.401  3.434  3.689  3.497  3.332  3.434
5.730  5.635  5.598  5.652  5.700  5.790  5.733  5.769  5.730  5.916  5.829  5.817  5.881  5.793  5.906  5.945  5.820  5.880  5.784  5.666  5.826  5.628  5.624  5.675  5.574  5.537  5.694  5.678  5.481  5.541  5.765  5.587  5.561  5.617  5.727  5.649  5.620  5.620  5.611  5.678  5.663  5.642
5.943  5.883  5.894  5.858  5.889  6.105  6.078  5.951  6.071  6.078  6.201  6.100  6.120  5.996  6.109  6.084  6.021  5.846  6.011  5.665  6.203  5.996  5.996  5.985  5.814  5.861  6.021  5.932  5.753  5.852  6.095  5.892  5.816  6.033  6.064  6.031  6.114  5.908  5.843  5.841  5.916  5.813
5.714  5.593  5.517  5.643  5.609  5.710  5.687  5.673  5.727  5.714  5.509  5.767  5.747  5.714  5.778  5.659  5.608  5.613  5.759  5.684  5.733  5.548  5.549  5.620  5.509  5.587  5.347  5.357  5.360  5.389  5.553  5.541  5.537  5.403  5.491  5.642  5.537  5.622  5.515  5.394  5.472  5.666
5.017  4.905  4.977  5.086  5.050  5.050  4.977  4.860  5.050  4.963  4.820  5.099  4.963  5.088  5.024  4.952  4.835  4.856  5.100  4.997  5.197  4.904  4.999  5.118  4.787  4.905  4.762  4.796  4.685  4.779  4.956  4.913  4.806  4.819  4.843  4.934  4.839  4.968  4.843  4.635  4.787  4.860
3.761  3.829  3.932  3.738  3.761  3.638  3.784  3.784  3.761  3.947  3.689  3.985  3.829  3.714  3.932  3.757  3.664  3.989  3.850  3.892  4.016  3.689  3.892  3.871  3.726  3.738  3.738  3.611  3.664  3.664  3.714  3.714  4.022  3.738  3.761  3.761  3.709  3.932  3.867  3.570  3.761  3.784
3.892  3.714  3.912  3.932  4.007  3.892  3.784  3.912  3.850  3.989  3.784  4.057  3.951  3.957  4.025  3.912  3.871  3.784  4.078  4.143  3.961  3.850  3.932  3.835  3.892  3.829  3.912  3.611  3.632  3.824  3.807  3.829  3.912  3.989  3.871  3.867  3.807  3.658  3.689  3.689  3.829  3.761
3.857  3.733  3.761  3.784  3.839  3.818  3.912  3.932  3.871  4.060  3.829  3.892  3.871  3.802  3.850  3.850  3.784  4.043  4.248  4.091  3.989  4.043  3.638  3.951  3.784  3.738  3.882  3.807  3.584  3.761  3.888  3.892  4.025  3.912  3.738  3.850  3.912  3.912  3.689  3.658  3.714  3.807
3.757  3.761  3.714  3.664  3.757  3.664  3.714  3.638  3.689  3.664  3.584  3.689  3.714  3.784  3.912  3.664  3.761  3.867  3.871  3.951  3.689  3.784  3.689  3.757  3.664  3.526  3.638  3.714  3.428  3.466  3.714  3.714  3.684  3.638  3.784  3.611  3.584  3.684  3.584  3.829  3.611  3.689
3.401  3.555  3.611  3.526  3.332  3.497  3.401  3.434  3.401  3.395  3.367  3.296  3.824  3.632  4.197  3.401  3.526  3.367  3.466  3.714  3.807  3.434  3.401  3.584  3.401  3.434  3.526  3.367  3.428  3.401  3.481  3.584  3.466  3.611  3.434  3.526  3.512  3.526  3.231  3.258  3.296  3.367
3.638  3.611  3.784  3.526  3.367  3.332  3.434  3.401  3.466  3.526  3.296  3.367  3.824  3.664  3.761  3.434  3.367  3.401  3.401  3.526  3.664  3.526  3.497  3.459  3.611  3.367  3.434  3.296  3.401  3.466  3.401  3.497  3.428  3.434  3.466  3.401  3.481  3.526  3.497  3.367  3.526  4.025
4.143  4.187  4.290  4.263  4.143  4.205  4.220  4.297  4.260  4.449  4.094  4.357  4.321  4.357  4.431  4.151  4.127  4.167  4.331  4.317  4.460  4.140  4.220  4.205  4.078  3.989  4.043  4.103  3.980  4.127  4.156  4.171  4.274  4.190  4.116  4.043  4.078  4.094  4.127  4.124  3.947  4.190
4.585  4.304  4.489  4.522  4.443  4.477  4.477  4.559  4.522  4.511  4.477  4.654  4.710  4.682  4.687  4.369  4.331  4.458  4.522  4.585  4.625  4.564  4.477  4.500  4.290  4.331  4.277  4.190  4.217  4.277  4.288  4.466  4.552  4.477  4.437  4.369  4.380  4.407  4.290  4.452  4.431  4.290
3.882  3.871  4.060  3.850  3.892  3.970  4.043  4.007  3.807  4.034  3.989  4.057  4.078  4.143  4.094  4.013  3.970  3.912  4.205  4.209  4.007  3.989  4.007  3.888  3.689  3.784  3.989  3.761  3.714  3.850  3.807  3.902  3.932  3.689  3.912  3.664  3.658  3.784  3.714  3.942  3.791  3.912
4.590  4.220  4.585  4.369  4.290  4.413  4.277  4.407  4.311  4.489  4.127  4.304  4.466  4.407  4.514  4.174  4.174  4.231  4.454  4.511  4.382  4.341  4.290  4.564  4.143  4.159  4.190  4.111  4.007  4.127  4.159  4.241  4.407  4.078  4.234  4.174  4.111  4.248  4.234  4.159  4.143  4.331
4.190  4.074  3.989  4.043  4.234  4.143  4.078  4.025  4.043  4.074  3.912  4.135  4.290  4.174  4.304  4.007  4.156  4.533  4.277  4.263  4.217  4.190  4.108  4.025  4.174  4.078  4.111  3.989  3.850  4.111  4.060  4.007  4.111  4.094  4.143  4.108  4.111  3.985  4.060  3.989  4.094  4.174
4.135  4.025  4.111  4.159  4.151  4.205  4.060  4.078  4.111  4.143  4.022  4.022  4.205  4.111  4.190  4.060  4.151  4.143  4.127  4.060  4.443  4.060  4.078  4.190  4.234  3.970  3.980  4.057  3.784  4.078  3.932  4.277  4.127  4.060  4.234  4.182  3.985  4.060  4.031  4.060  4.111  4.022
4.382  4.277  4.263  4.357  4.241  4.311  4.290  4.394  4.220  4.533  4.277  4.263  4.443  4.317  4.500  4.331  4.190  4.554  4.543  4.489  4.443  4.205  4.419  4.369  4.205  4.407  4.220  4.174  4.220  4.190  4.241  4.341  4.394  4.212  4.248  4.407  4.263  4.304  4.140  4.220  4.301  4.234
4.317  4.190  4.174  4.331  4.304  4.394  4.290  4.277  4.382  4.407  4.202  4.317  4.419  4.344  4.511  4.190  4.331  4.382  4.263  4.407  4.431  4.290  4.277  4.357  4.234  4.394  4.205  4.331  4.220  4.220  4.159  4.248  4.419  4.382  4.419  4.263  4.234  4.290  4.277  4.234  4.290  4.407
4.357  4.179  4.159  4.111  4.108  4.202  4.078  4.190  4.127  4.277  4.108  4.190  4.388  4.331  4.382  4.094  4.111  4.111  4.344  4.344  4.337  4.357  4.007  4.159  4.025  3.951  4.078  4.060  3.867  4.078  4.263  4.124  4.263  4.025  4.143  4.190  4.143  4.127  4.164  4.060  4.127  3.989
4.691  4.615  4.511  4.511  4.559  4.605  4.543  4.533  4.595  4.828  4.511  4.554  4.760  4.700  4.762  4.522  4.511  4.615  4.625  4.635  4.691  4.585  4.489  4.625  4.477  4.419  4.533  4.407  4.369  4.522  4.522  4.410  4.844  4.500  4.595  4.710  4.394  4.443  4.654  4.533  4.431  4.369
