4.025  3.871  3.976  3.892  3.928  4.156  4.111  4.182  4.078  4.007  3.807  4.111  4.290  4.127  4.111  4.267  3.912  4.190  4.197  4.317  4.159  4.124  4.004  4.025  3.892  3.951  3.951  3.951  3.867  3.970  3.985  3.970  4.025  4.127  4.078  4.007  3.871  3.970  3.784  3.689  3.932  3.970
4.043  3.784  3.912  4.205  4.069  4.202  3.970  4.007  4.094  4.060  3.951  4.143  4.304  3.912  4.159  3.989  3.912  4.220  4.156  4.043  4.344  4.290  4.043  4.190  4.007  3.970  3.871  3.761  3.829  4.025  3.989  4.025  3.871  4.007  3.989  3.989  3.989  3.912  3.912  3.807  4.060  4.007
4.454  4.369  4.277  4.263  4.369  4.394  4.220  4.290  4.354  4.509  4.585  4.419  4.652  4.680  4.638  4.357  4.234  4.434  4.573  4.564  4.500  4.341  4.407  4.562  4.234  4.284  4.344  4.369  4.205  4.277  4.263  4.159  4.202  4.363  4.324  4.357  4.324  4.341  4.297  4.331  4.187  4.331
4.331  3.951  4.263  4.205  4.220  4.143  4.174  4.143  4.317  4.078  4.190  4.331  4.361  4.331  4.317  4.043  4.074  4.174  4.317  4.317  4.328  4.205  4.248  4.295  4.022  4.174  4.007  4.043  3.784  3.980  3.951  4.007  4.205  4.007  4.127  4.143  4.246  4.205  4.060  4.127  4.007  4.205
6.056  5.850  5.900  5.907  5.872  5.932  5.897  5.835  5.876  5.945  5.889  5.903  5.963  5.864  5.995  5.848  5.710  5.851  5.892  5.924  5.900  5.811  5.764  5.838  5.817  5.697  5.687  5.659  5.576  5.587  5.765  5.700  5.786  5.790  5.814  5.811  5.793  5.756  5.740  5.700  5.706  5.810
6.683  6.471  6.529  6.550  6.562  6.624  6.554  6.551  6.607  6.702  6.644  6.701  6.664  6.579  6.681  6.504  6.497  6.572  6.578  6.581  6.678  6.538  6.541  6.633  6.458  6.447  6.447  6.431  6.269  6.297  6.502  6.377  6.559  6.538  6.537  6.544  6.558  6.535  6.556  6.526  6.415  6.520
4.890  4.710  4.828  4.754  4.836  4.852  4.654  4.787  4.938  5.056  4.883  4.844  4.927  4.815  4.997  4.836  4.663  5.017  4.874  4.779  4.862  4.754  4.790  4.875  4.600  4.635  4.762  4.812  4.481  4.575  4.718  4.625  4.682  4.605  4.700  4.654  4.575  4.787  4.578  4.635  4.618  4.644
5.069  4.723  4.977  4.796  4.673  4.787  4.779  4.820  4.760  5.088  4.820  4.896  5.037  4.931  4.942  4.823  4.771  4.652  4.877  4.736  4.823  4.796  4.552  4.800  4.583  4.700  4.691  4.522  4.431  4.585  4.644  4.625  4.654  4.783  4.489  4.595  4.533  4.649  4.745  4.580  4.613  4.543
4.317  4.043  4.317  4.263  4.290  4.231  4.311  4.217  4.317  4.407  4.234  4.357  4.331  4.425  4.464  4.317  4.344  4.388  4.492  4.431  4.331  4.143  4.317  4.248  4.317  4.078  4.052  3.932  4.124  4.143  4.127  4.220  4.224  4.190  4.248  4.217  4.369  4.143  4.078  4.143  4.108  4.220
4.205  4.060  4.174  4.078  4.099  4.205  4.043  4.060  4.119  4.220  4.111  4.288  4.263  4.260  4.419  4.205  4.111  4.202  4.274  4.288  4.394  4.111  4.025  4.190  4.007  4.004  4.091  4.111  3.970  4.040  4.078  4.174  4.217  4.159  4.025  4.179  4.094  4.022  3.951  3.970  4.174  4.277
4.498  4.500  4.422  4.419  4.394  4.263  4.331  4.489  4.357  4.522  4.477  4.344  4.691  4.477  4.585  4.328  4.407  4.290  4.407  4.489  4.263  4.248  4.304  4.464  4.357  4.277  4.111  4.311  4.127  4.151  4.344  4.182  4.443  4.382  4.317  4.407  4.290  4.331  4.248  4.248  4.290  4.331
4.263  4.277  4.290  4.344  4.205  4.369  4.263  4.317  4.220  4.331  4.108  4.263  4.416  4.369  4.522  4.344  4.263  4.317  4.357  4.419  4.357  4.394  4.290  4.234  4.164  4.190  4.248  4.234  4.025  4.167  4.174  4.156  4.263  4.248  4.111  4.369  4.159  4.270  4.431  4.007  4.344  4.171
5.088  4.852  4.963  5.100  5.063  5.161  5.043  5.063  5.071  5.063  5.146  5.182  5.099  4.977  5.140  4.949  4.889  5.147  5.130  5.017  5.142  4.963  4.942  4.949  4.889  4.887  4.920  4.828  4.585  4.773  4.858  4.927  5.013  4.968  4.927  5.043  4.934  4.970  5.024  5.080  4.879  4.820
4.127  4.187  4.043  3.951  4.127  4.043  4.190  4.043  4.231  4.290  4.016  4.248  4.234  4.111  4.140  4.043  4.190  3.951  4.205  4.143  4.277  4.174  4.174  4.111  4.127  3.951  4.060  3.951  3.951  4.007  3.928  4.159  4.060  4.116  4.174  4.159  4.078  4.025  3.912  4.007  4.034  3.970
4.806  4.585  4.898  4.654  4.745  4.835  4.691  4.625  4.798  4.796  4.685  4.852  4.710  4.618  4.877  4.570  4.357  4.881  4.827  4.820  4.844  4.717  4.682  4.808  4.585  4.489  4.673  4.466  4.394  4.543  4.543  4.489  4.671  4.585  4.573  4.673  4.663  4.600  4.522  4.564  4.644  4.618
4.677  4.263  4.575  4.357  4.337  4.870  4.595  4.477  4.454  4.564  4.477  4.514  4.605  4.469  4.736  4.394  4.489  4.369  4.522  4.625  4.595  4.394  4.317  4.595  4.078  4.454  4.331  4.344  4.290  4.382  4.212  4.328  4.511  4.419  4.357  4.464  4.127  4.331  4.317  4.234  4.159  4.386
4.812  4.868  4.848  4.874  4.860  4.777  4.745  4.828  4.615  5.106  4.920  4.860  4.956  4.866  4.977  4.844  4.732  4.754  4.973  4.963  5.063  4.927  4.827  4.860  4.705  4.575  4.635  4.623  4.522  4.654  4.787  4.787  4.875  4.762  4.828  4.934  4.736  4.852  4.771  4.754  4.762  4.745
5.198  5.075  5.170  5.273  5.220  5.226  5.112  5.165  5.247  5.322  5.106  5.233  5.308  5.333  5.273  5.118  5.055  5.112  5.318  5.308  5.327  5.159  5.164  5.257  4.940  4.942  5.014  4.911  4.975  4.779  5.088  5.094  5.081  4.990  5.004  5.118  5.069  5.106  5.075  5.081  5.074  5.081
4.949  4.804  4.934  4.949  4.812  4.920  4.654  4.836  4.794  4.975  4.997  5.034  5.004  4.913  5.064  4.585  4.852  4.944  4.987  5.056  4.942  4.779  4.970  4.852  4.673  4.812  4.739  4.575  4.564  4.644  4.663  4.673  4.984  4.836  4.787  4.787  4.575  4.691  4.615  4.743  4.721  4.820
4.898  4.685  4.874  4.812  4.779  4.736  4.752  4.787  4.896  4.911  4.710  4.977  4.804  4.787  4.898  4.668  4.710  4.820  4.787  4.958  4.920  4.890  4.844  4.926  4.654  4.800  4.831  4.541  4.564  4.635  4.635  4.644  4.875  4.779  4.691  4.700  4.700  4.605  4.668  4.652  4.647  4.779
4.736  4.593  4.500  4.605  4.564  4.533  4.779  4.489  4.654  4.796  4.593  4.779  4.754  4.644  4.820  4.500  4.671  4.585  4.934  4.663  4.676  4.654  4.663  4.654  4.828  4.663  4.691  4.541  4.522  4.564  4.633  4.710  4.564  4.699  4.710  4.663  4.654  4.603  4.554  4.638  4.500  4.635
4.710  4.552  4.428  4.543  4.554  4.654  4.623  4.615  4.663  4.613  4.511  4.662  4.762  4.590  4.718  4.554  4.628  4.654  4.754  4.736  4.663  4.771  4.831  4.779  4.585  4.554  4.595  4.407  4.407  4.522  4.593  4.595  4.605  4.564  4.694  4.654  4.625  4.205  4.522  4.530  4.357  4.533
