3.466  3.584  3.481  3.434  3.490  3.497  3.638  3.632  3.520  3.671  3.584  3.632  3.829  3.466  3.658  3.466  3.466  3.401  3.664  3.584  3.638  3.824  3.584  3.555  3.638  3.584  3.395  3.434  3.434  3.490  3.584  3.434  3.555  3.526  3.418  3.638  3.296  3.584  3.497  3.428  3.434  3.689
3.395  3.395  3.258  3.258  3.219  3.135  3.219  3.401  3.395  3.428  3.178  3.296  3.428  3.296  3.520  3.434  3.401  3.258  3.434  3.466  3.360  3.367  3.332  3.367  3.258  3.332  3.360  3.434  3.332  3.178  3.434  3.250  3.367  3.178  3.211  3.296  3.219  3.296  3.395  3.178  3.384  3.296
3.526  3.664  3.526  3.497  3.466  3.466  3.584  3.584  3.584  3.664  3.296  3.526  3.638  3.401  3.611  3.584  3.466  3.611  3.497  3.497  3.550  3.466  3.428  3.367  3.434  3.401  3.401  3.401  3.401  3.401  3.395  3.434  3.466  3.611  3.360  3.401  3.497  3.332  3.526  3.497  3.332  3.466
3.296  3.497  3.325  3.434  3.258  3.258  3.332  3.367  3.296  3.332  3.258  3.401  3.466  3.360  3.578  3.296  3.296  3.288  3.401  3.434  3.555  3.367  3.296  3.332  3.332  3.450  3.296  3.258  3.401  3.325  3.258  3.367  3.332  3.258  3.296  3.367  3.296  3.288  3.296  3.135  3.178  3.219
5.282  5.241  5.220  5.056  5.176  5.366  5.270  5.246  5.278  5.328  5.303  5.247  5.313  5.252  5.349  5.242  5.003  5.292  5.263  5.142  5.257  5.004  5.226  5.118  5.159  5.172  5.130  5.069  5.017  5.142  5.085  4.989  5.081  5.142  5.313  5.118  5.209  5.059  5.050  5.231  5.043  5.215
4.909  4.828  4.682  4.718  4.522  4.754  4.745  4.760  4.700  4.819  4.796  4.754  4.754  4.620  4.927  4.635  4.595  4.779  4.700  4.673  4.875  4.754  4.787  4.949  4.644  4.610  4.671  4.605  4.633  4.595  4.662  4.564  4.477  4.625  4.762  4.762  4.779  4.514  4.605  4.595  4.357  4.736
5.442  5.147  5.333  5.239  5.377  5.380  5.357  5.394  5.308  5.384  5.404  5.449  5.357  5.242  5.447  5.257  5.142  5.333  5.429  5.130  5.384  5.226  5.281  5.215  5.231  5.153  5.247  5.218  5.118  5.182  5.359  5.159  5.220  5.298  5.231  5.312  5.333  5.209  5.187  5.257  5.136  5.283
3.555  3.611  3.664  3.526  3.611  3.784  3.714  3.689  3.664  3.709  3.395  3.632  3.664  3.684  3.892  3.555  3.664  3.738  3.611  3.761  3.846  3.638  3.750  3.745  3.459  3.526  3.555  3.638  3.497  3.664  3.714  3.638  3.664  3.784  3.638  3.664  3.526  3.726  3.526  3.555  3.526  3.658
4.575  4.350  4.511  4.516  4.623  4.700  4.505  4.603  4.489  4.691  4.522  4.705  4.736  4.625  4.905  4.511  4.344  4.533  4.771  4.454  4.603  4.446  4.443  4.446  4.394  4.422  4.369  4.477  4.111  4.263  4.394  4.248  4.277  4.635  4.382  4.520  4.369  4.454  4.407  4.509  4.407  4.500
4.111  4.040  4.094  4.143  4.007  4.119  3.951  4.060  4.043  4.171  3.980  4.317  4.205  4.007  4.111  4.025  4.094  4.190  4.205  4.159  4.143  4.190  4.094  4.111  4.159  3.942  3.951  4.127  3.850  3.784  3.989  3.912  4.007  4.043  3.780  4.159  4.043  4.007  4.078  3.892  4.143  3.912
4.898  4.796  4.905  4.860  4.866  4.736  4.828  4.949  4.894  5.029  4.718  4.997  5.049  4.905  5.058  4.875  4.844  4.868  4.963  4.970  4.879  4.736  4.727  4.771  4.889  5.030  4.787  4.777  4.615  4.635  4.630  4.635  4.771  4.787  4.758  4.827  4.836  4.913  4.644  4.820  4.718  4.984
4.304  4.111  4.124  4.174  4.069  4.043  3.989  3.989  4.140  4.174  4.025  4.078  4.234  4.344  4.348  3.850  4.060  4.040  4.143  4.159  4.202  4.369  4.190  4.190  3.985  4.205  4.043  3.932  4.007  3.970  3.871  3.857  3.807  4.025  4.190  4.074  3.951  4.078  3.989  3.951  3.942  4.078
4.263  4.025  4.277  4.078  4.234  4.304  4.111  4.277  4.449  4.382  4.295  4.407  4.466  4.543  4.331  4.224  4.094  4.174  4.419  4.369  4.205  4.190  4.007  4.124  3.989  4.220  3.951  4.060  3.912  3.829  3.871  4.025  4.108  4.094  4.190  4.094  4.111  4.143  4.111  4.091  4.074  4.143
3.490  3.459  3.459  3.395  3.434  3.555  3.296  3.466  3.401  3.497  3.360  3.434  3.689  3.611  3.757  3.296  3.466  3.434  3.638  3.829  3.892  3.664  3.401  3.555  3.526  3.555  3.332  3.367  3.434  3.434  3.367  3.638  3.497  3.512  3.584  3.434  3.258  3.434  3.506  3.332  3.658  3.428
5.056  4.933  4.990  4.920  4.982  5.017  4.850  4.905  4.883  5.366  4.949  5.088  5.030  4.904  5.106  4.875  4.754  4.970  5.006  5.011  4.997  4.736  4.787  4.898  4.804  4.736  4.787  4.718  4.477  4.710  4.762  4.585  4.844  4.691  4.696  4.890  4.804  4.990  4.736  4.889  4.625  4.890
3.951  3.912  4.190  3.892  3.871  3.871  3.902  3.850  3.951  4.248  4.060  4.127  4.094  4.040  4.091  3.761  4.007  3.908  4.224  4.025  3.951  3.818  3.989  3.989  3.892  3.839  3.807  3.807  3.714  3.738  3.750  3.912  4.111  3.761  3.750  4.025  3.912  3.892  3.846  3.871  3.780  3.850
3.932  3.807  3.938  3.784  3.714  3.892  3.584  3.892  3.761  3.970  3.850  4.007  4.148  3.928  3.970  3.733  3.714  3.989  3.784  3.871  3.761  3.709  3.664  3.738  3.888  3.689  3.714  3.714  3.555  3.664  3.578  3.638  3.761  3.658  3.689  3.871  3.726  3.761  3.784  3.807  3.497  3.761
3.219  3.520  3.325  3.367  3.367  3.367  3.332  3.367  3.490  3.497  3.296  3.466  3.466  3.466  3.526  3.466  3.434  3.258  3.367  3.584  3.497  3.459  3.466  3.367  3.367  3.434  3.497  3.219  3.332  3.296  3.296  3.526  3.434  3.555  3.401  3.401  3.178  3.296  3.434  3.481  3.135  3.401
4.454  4.190  4.317  4.111  4.263  4.554  4.151  4.217  4.290  4.522  4.205  4.449  4.443  4.304  4.595  4.159  4.205  4.308  4.341  4.205  4.143  4.159  4.246  4.190  3.947  4.174  4.094  4.143  3.912  3.970  3.912  4.007  4.151  4.127  4.060  4.317  4.220  4.094  3.989  4.060  4.013  4.190
3.367  3.401  3.497  3.434  3.466  3.444  3.367  3.401  3.664  3.664  3.258  3.497  3.689  3.784  3.795  3.296  3.526  3.378  3.605  3.784  3.676  3.401  3.497  3.611  3.497  3.555  3.434  3.401  3.332  3.401  3.296  3.526  3.584  3.490  3.401  3.584  3.466  3.466  3.401  3.497  3.497  3.555
3.555  3.497  3.450  3.466  3.555  3.638  3.555  3.709  3.526  3.584  3.497  3.689  3.714  3.780  3.784  3.638  4.477  3.584  3.807  3.638  3.689  3.709  3.466  3.497  3.638  3.555  3.611  3.555  3.466  3.466  3.605  3.664  3.611  3.784  3.638  3.684  3.597  3.526  3.490  3.570  3.332  3.497
3.332  3.367  3.384  3.332  3.296  3.219  3.401  3.401  3.459  3.401  3.332  3.466  3.497  3.584  3.638  3.332  3.584  3.332  3.709  3.526  3.611  3.638  3.497  3.497  3.497  3.434  3.367  3.258  3.401  3.395  3.401  3.466  3.526  3.526  3.434  3.466  3.332  3.367  3.434  3.434  3.332  3.428
