4.466  4.615  4.511  4.369  4.344  4.605  4.511  4.344  4.466  4.615  4.605  4.511  4.654  4.543  4.585  4.564  4.335  4.543  4.344  4.575  4.522  4.477  4.489  4.628  4.277  4.407  4.554  4.263  4.277  4.143  4.407  4.466  4.443  4.431  4.419  4.331  4.511  4.489  4.407  4.341  4.231  4.315
4.205  4.043  3.784  3.989  4.174  4.043  4.078  3.912  4.007  4.205  4.205  4.025  4.111  4.263  4.234  4.127  4.007  4.025  3.970  4.127  4.007  4.094  4.143  3.995  3.892  3.871  4.174  3.912  3.807  3.970  3.871  3.882  3.951  3.932  3.970  3.928  4.078  3.912  3.989  3.829  3.807  3.951
4.942  4.796  4.673  4.828  4.739  4.779  4.854  4.808  4.752  5.053  4.783  4.994  4.787  4.682  4.990  4.811  4.654  4.754  4.691  4.787  4.812  4.663  4.727  4.828  4.585  4.710  4.745  4.585  4.317  4.564  4.511  4.522  4.771  4.668  4.811  4.727  4.710  4.533  4.595  4.585  4.511  4.676
4.605  4.369  4.382  4.554  4.500  4.404  4.605  4.585  4.625  4.682  4.422  4.787  4.605  4.431  4.644  4.464  4.344  4.443  4.392  4.466  4.615  4.394  4.481  4.564  4.304  4.394  4.277  4.111  4.127  4.159  4.344  4.331  4.407  4.536  4.564  4.392  4.483  4.248  4.217  4.253  4.190  4.477
4.099  3.970  4.007  4.031  3.970  4.007  4.022  3.942  3.912  4.078  3.892  4.124  4.094  4.143  4.143  3.892  3.932  4.052  4.060  4.094  4.078  4.043  4.031  4.060  3.829  3.912  3.850  3.892  3.850  3.850  3.871  4.043  3.922  3.871  4.190  3.892  3.989  3.829  3.892  3.761  3.970  4.060
3.928  3.951  3.970  3.932  3.942  3.912  4.007  3.807  3.871  4.025  3.738  3.932  3.714  3.829  4.043  3.850  3.714  3.784  4.007  3.892  3.998  3.829  3.802  3.714  3.709  3.761  3.578  3.871  3.689  3.892  3.714  3.784  3.664  3.664  3.892  3.829  3.638  3.611  3.466  3.605  3.912  3.664
6.344  5.981  6.133  6.240  6.194  6.240  6.140  6.232  6.194  6.340  6.292  6.277  6.284  6.168  6.290  6.100  6.035  6.039  6.201  6.127  6.213  6.098  5.991  6.028  6.144  5.927  5.979  6.045  5.827  5.951  6.103  6.023  5.984  6.146  6.096  6.039  6.045  6.161  6.078  6.075  6.054  6.129
6.293  5.974  6.184  6.252  6.246  6.165  6.144  6.194  6.178  6.430  6.360  6.308  6.293  6.151  6.310  6.106  6.100  6.133  6.201  6.174  6.297  6.170  6.011  6.059  6.064  6.026  6.066  5.992  5.900  5.990  6.116  6.120  6.061  6.029  6.192  6.133  6.068  6.205  6.161  6.120  6.001  6.174
4.700  4.630  4.635  4.595  4.673  4.575  4.605  4.605  4.680  4.831  4.700  4.700  4.844  4.673  4.700  4.625  4.682  4.700  4.806  4.673  4.771  4.522  4.552  4.554  4.440  4.533  4.431  4.500  4.533  4.466  4.595  4.685  4.635  4.663  4.628  4.554  4.595  4.573  4.486  4.583  4.533  4.431
5.946  5.924  5.811  5.872  5.820  5.859  6.004  5.820  5.951  6.096  6.009  5.977  6.033  5.966  6.096  5.943  5.976  6.004  5.879  5.784  6.022  5.914  6.014  5.938  5.991  5.832  5.909  5.855  5.724  5.869  5.948  5.878  5.805  5.908  5.964  5.937  5.814  5.803  5.877  5.940  5.732  5.792
3.850  3.780  3.888  3.807  3.807  3.802  3.761  3.892  4.094  3.807  3.824  3.970  4.167  4.060  4.143  3.829  3.947  3.877  3.912  3.989  3.951  3.784  3.835  3.871  3.807  3.850  3.871  3.761  3.780  3.689  3.829  3.989  3.773  3.861  4.034  4.025  3.761  3.784  3.928  3.932  3.689  3.829
3.807  3.807  3.839  3.611  4.025  3.932  3.689  4.025  3.689  4.025  3.664  3.970  4.190  3.932  4.119  4.060  3.846  3.918  3.970  4.094  3.989  3.757  3.757  3.867  3.611  3.871  3.773  3.761  3.555  3.658  3.957  3.818  3.807  3.584  3.807  3.773  3.611  3.871  3.664  3.664  3.784  3.664
6.745  6.375  6.588  6.586  6.519  6.607  6.547  6.637  6.583  6.875  6.692  6.696  6.717  6.616  6.696  6.460  6.441  6.555  6.664  6.641  6.601  6.458  6.497  6.475  6.491  6.495  6.504  6.542  6.269  6.431  6.504  6.349  6.465  6.523  6.515  6.452  6.435  6.550  6.529  6.596  6.417  6.538
6.451  6.120  6.287  6.312  6.236  6.232  6.234  6.373  6.252  6.476  6.433  6.390  6.357  6.370  6.325  6.116  6.138  6.144  6.342  6.382  6.213  6.190  6.151  6.142  6.061  6.174  6.096  6.170  5.911  6.075  6.107  6.019  6.151  6.184  6.103  6.172  6.168  6.254  6.232  6.180  6.071  6.111
4.727  4.615  4.682  4.762  4.682  4.727  4.745  4.635  4.771  4.787  4.832  4.860  4.847  4.771  4.771  4.779  4.696  4.804  4.734  4.796  4.700  4.762  4.671  4.727  4.605  4.635  4.585  4.500  4.530  4.500  4.593  4.654  4.680  4.652  4.762  4.595  4.710  4.615  4.554  4.644  4.663  4.815
4.440  4.317  4.431  4.357  4.241  4.369  4.431  4.263  4.443  4.511  4.290  4.443  4.585  4.554  4.595  4.369  4.382  4.382  4.489  4.472  4.382  4.350  4.369  4.369  4.344  4.174  4.284  4.394  4.212  4.369  4.331  4.197  4.443  4.464  4.500  4.382  4.277  4.290  4.341  4.174  4.363  4.308
6.131  6.047  6.060  6.160  6.125  6.134  6.031  6.073  6.014  6.209  6.120  6.137  6.261  6.133  6.344  5.999  6.045  6.031  6.251  6.144  6.180  6.066  6.004  5.999  6.031  5.914  5.878  5.940  5.720  5.770  5.953  6.059  5.986  5.949  5.979  6.109  6.031  6.105  6.100  5.951  5.843  6.045
4.870  4.868  4.682  4.922  4.896  4.762  4.673  4.717  4.820  4.963  4.762  4.836  4.977  4.945  5.075  4.942  4.868  4.743  4.836  4.771  5.081  4.984  4.927  4.927  4.595  4.635  4.500  4.745  4.522  4.595  4.727  4.898  4.736  4.754  4.663  4.771  4.875  4.828  4.905  4.723  4.489  4.615
4.890  4.745  4.756  4.710  4.777  4.787  4.690  4.700  4.844  4.898  4.836  4.787  4.898  4.905  4.990  4.762  4.595  4.804  4.871  4.836  4.835  4.682  4.749  4.771  4.745  4.820  4.663  4.644  4.718  4.758  4.745  4.796  4.796  4.812  4.736  4.762  4.682  4.796  4.779  4.787  4.771  4.804
4.234  4.227  4.140  4.419  4.231  4.143  4.159  4.159  4.174  4.344  4.263  4.190  4.367  4.103  4.369  4.007  4.224  4.220  4.220  4.344  4.234  4.234  4.124  4.263  4.094  4.094  4.205  4.025  4.143  4.066  4.394  4.066  4.025  4.043  4.094  4.143  4.124  4.277  4.074  4.078  4.078  4.111
5.407  4.966  5.118  5.215  5.257  5.242  4.990  5.215  5.195  5.313  5.117  5.293  5.215  5.130  5.297  5.024  5.011  5.250  5.357  5.407  5.165  5.017  4.997  5.037  5.017  5.165  5.050  5.094  4.927  5.003  4.970  4.777  5.222  5.195  5.093  5.142  5.011  5.303  5.061  5.182  5.096  5.293
4.431  4.143  4.220  4.500  4.477  4.386  4.234  4.392  4.382  4.511  4.443  4.520  4.472  4.475  4.440  4.317  4.331  4.440  4.533  4.717  4.454  4.197  4.143  4.317  4.443  4.317  4.369  4.369  3.970  4.431  4.111  4.217  4.469  4.428  4.419  4.369  4.234  4.419  4.416  4.290  4.281  4.394
