4.718  4.564  4.489  4.477  4.543  4.543  4.598  4.625  4.595  4.745  4.635  4.787  4.787  4.654  4.762  4.682  4.635  4.663  4.564  4.663  4.673  4.562  4.644  4.844  4.554  4.419  4.394  4.454  4.511  4.290  4.708  4.489  4.585  4.564  4.573  4.595  4.644  4.595  4.682  4.554  4.466  4.477
5.352  5.361  5.136  5.272  5.162  5.263  5.242  5.333  5.187  5.411  5.282  5.421  5.288  5.215  5.412  5.226  5.242  5.313  5.252  5.239  5.455  5.132  5.273  5.407  5.069  5.114  5.124  5.069  5.024  5.100  5.338  5.124  5.106  5.159  5.074  5.112  5.193  5.252  5.288  5.165  5.069  5.037
4.277  4.127  4.263  4.263  4.248  4.174  4.248  4.174  4.311  4.304  4.205  4.388  4.234  4.164  4.301  4.174  4.060  4.466  4.174  4.344  4.357  4.190  4.190  4.304  4.171  4.043  4.277  4.174  4.111  4.025  4.094  4.040  4.205  4.159  4.127  4.143  4.025  4.127  4.174  4.290  3.961  4.078
4.369  4.260  4.263  4.220  4.263  4.277  4.290  4.111  4.304  4.331  4.315  4.419  4.369  4.270  4.416  4.205  4.111  4.443  4.376  4.277  4.357  4.212  4.419  4.500  4.143  4.248  4.143  4.083  4.143  4.094  4.263  4.167  4.317  4.159  4.174  4.407  4.187  4.297  4.202  4.270  4.091  4.270
5.375  5.215  5.366  5.323  5.220  5.366  5.333  5.257  5.333  5.389  5.270  5.434  5.442  5.283  5.472  5.278  5.165  5.298  5.480  5.323  5.451  5.204  5.247  5.333  5.112  5.118  5.192  5.142  4.890  5.176  5.323  5.186  5.352  5.226  5.056  5.136  5.204  5.308  5.288  5.075  5.257  5.288
4.905  4.804  5.085  4.605  4.691  4.997  4.745  4.625  4.762  4.942  4.575  4.893  4.898  4.710  5.056  4.847  4.595  4.898  5.120  4.573  4.963  4.654  4.836  5.226  4.605  4.511  4.673  4.663  4.344  4.994  4.554  4.730  4.970  4.812  4.511  4.554  4.575  4.369  4.654  4.344  4.394  4.500
4.635  4.663  4.963  4.798  4.779  4.852  4.673  4.533  4.635  4.824  4.635  4.856  4.885  4.732  4.828  4.745  4.489  4.700  4.762  4.721  4.858  4.575  4.663  4.762  4.419  4.533  4.533  4.500  4.489  4.657  4.654  4.625  4.682  4.635  4.575  4.623  4.489  4.610  4.466  4.575  4.466  4.640
4.913  4.736  4.868  4.794  4.890  4.804  4.736  4.727  4.828  4.947  4.796  4.771  5.009  4.913  5.017  4.820  4.745  4.633  4.984  4.734  4.954  4.875  4.919  4.787  4.762  4.593  4.635  4.583  4.554  4.718  4.662  4.769  4.766  4.710  4.782  4.762  4.771  4.687  4.590  4.736  4.682  4.682
5.460  5.252  5.509  5.481  5.323  5.380  5.308  5.333  5.531  5.561  5.451  5.529  5.359  5.375  5.400  5.291  5.317  5.318  5.535  5.517  5.493  5.384  5.327  5.429  5.328  5.384  5.394  5.286  5.318  5.412  5.300  5.400  5.416  5.288  5.371  5.370  5.286  5.293  5.333  5.204  5.301  5.231
5.043  4.905  5.153  5.165  5.023  4.990  4.963  4.984  5.014  5.081  4.920  5.075  4.949  4.852  4.883  4.905  4.844  4.870  4.984  5.298  5.011  4.997  4.951  4.970  4.844  5.058  4.890  4.916  4.762  4.970  4.844  4.727  4.986  4.913  4.980  4.832  4.847  4.787  4.875  4.663  4.866  4.942
5.652  5.541  5.624  5.656  5.585  5.609  5.472  5.566  5.525  5.787  5.656  5.677  5.690  5.576  5.746  5.568  5.557  5.572  5.744  5.624  5.684  5.691  5.713  5.720  5.398  5.384  5.389  5.313  5.223  5.288  5.481  5.586  5.533  5.578  5.553  5.576  5.455  5.642  5.472  5.609  5.442  5.501
5.852  5.652  5.733  5.864  5.844  5.753  5.703  5.770  5.656  5.808  5.658  5.784  5.802  5.643  5.881  5.565  5.617  5.606  5.827  5.875  5.749  5.781  5.562  5.700  5.620  5.684  5.583  5.474  5.391  5.568  5.642  5.645  5.762  5.748  5.808  5.727  5.645  5.703  5.521  5.509  5.620  5.649
6.290  6.009  6.213  6.186  6.098  6.131  6.174  6.246  6.148  6.415  6.240  6.303  6.401  6.139  6.284  6.067  6.094  6.175  6.182  6.213  6.266  6.190  6.019  5.994  6.091  5.986  6.040  6.082  5.903  6.047  6.038  6.164  5.984  6.157  6.213  6.158  6.140  6.180  6.142  6.146  5.984  6.146
6.839  6.685  6.766  6.806  6.731  6.741  6.780  6.786  6.811  6.926  6.785  6.874  6.902  6.760  6.863  6.693  6.791  6.700  6.855  6.808  6.842  6.816  6.746  6.748  6.696  6.681  6.630  6.599  6.511  6.635  6.655  6.708  6.707  6.816  6.790  6.760  6.741  6.717  6.658  6.679  6.752  6.686
5.236  5.257  5.170  5.193  5.236  5.209  5.109  5.106  5.159  5.277  5.147  5.156  5.298  5.187  5.293  5.153  5.118  5.247  5.198  5.233  5.259  5.273  5.273  5.242  5.050  5.049  5.129  5.030  4.982  4.934  5.068  5.142  5.069  5.247  5.220  5.198  5.130  5.118  5.215  5.037  5.024  5.030
5.481  5.411  5.425  5.537  5.347  5.447  5.384  5.442  5.425  5.493  5.398  5.434  5.466  5.464  5.545  5.371  5.388  5.342  5.493  5.507  5.620  5.568  5.517  5.552  5.323  5.278  5.278  5.164  5.288  5.257  5.283  5.414  5.338  5.361  5.517  5.346  5.333  5.347  5.425  5.384  5.338  5.246
4.190  4.190  4.290  4.380  4.248  4.311  4.043  4.190  4.043  4.190  4.094  4.220  4.367  4.407  4.369  4.234  4.246  4.190  4.416  4.263  4.394  4.111  4.159  4.174  4.248  4.190  4.094  4.159  4.094  4.007  4.151  4.190  4.094  4.331  4.190  4.234  4.094  4.246  4.127  4.043  3.967  4.171
3.611  3.745  3.784  3.871  3.791  3.892  3.714  3.738  3.829  3.961  3.807  3.714  3.912  4.043  3.871  3.664  3.850  3.757  3.970  3.951  4.060  3.761  3.761  3.761  3.807  3.850  3.829  3.611  3.689  3.401  3.597  3.807  3.807  3.850  3.846  3.733  3.632  3.761  3.784  3.664  3.761  3.871
5.630  5.389  5.674  5.537  5.598  5.453  5.433  5.442  5.652  5.557  5.583  5.576  5.620  5.558  5.613  5.328  5.472  5.416  5.637  5.707  5.670  5.421  5.460  5.455  5.598  5.497  5.375  5.468  5.198  5.352  5.204  5.479  5.509  5.517  5.549  5.445  5.382  5.521  5.521  5.412  5.572  5.537
4.344  4.357  4.317  4.367  4.509  4.248  4.212  4.263  4.431  4.394  4.419  4.363  4.304  4.350  4.489  4.248  4.234  4.241  4.382  4.533  4.492  4.357  4.394  4.401  4.220  4.205  4.288  4.190  4.127  4.398  4.220  4.498  4.270  4.304  4.466  4.205  4.407  4.111  4.324  4.143  4.382  4.357
4.710  4.486  4.431  4.745  4.562  4.644  4.585  4.575  4.745  4.700  4.549  4.625  4.836  4.635  4.890  4.564  4.595  4.754  4.743  4.794  4.779  4.771  4.466  4.644  4.511  4.625  4.477  4.466  4.466  4.489  4.511  4.543  4.700  4.454  4.588  4.736  4.489  4.620  4.662  4.530  4.533  4.511
4.217  4.197  4.220  4.304  4.284  4.094  4.143  4.159  4.256  4.190  4.127  4.078  4.304  4.234  4.392  4.202  4.263  4.048  4.217  4.315  4.304  4.270  4.248  4.248  3.932  4.197  4.043  4.043  4.025  4.174  4.127  4.143  4.220  4.094  4.171  4.217  4.094  4.190  4.174  4.159  4.174  4.108
