4.407  4.652  4.248  4.094  4.190  4.205  4.234  4.190  4.234  4.290  4.174  4.263  4.248  4.394  4.253  4.260  3.970  4.290  4.331  4.331  4.174  4.159  4.290  4.246  4.060  4.094  3.989  4.074  4.143  4.060  4.025  4.094  3.970  4.290  4.025  4.227  4.143  4.382  4.143  4.094  4.171  4.127
4.466  4.425  4.331  4.394  4.369  4.454  4.477  4.234  4.373  4.407  4.190  4.466  4.570  4.369  4.575  4.281  4.477  4.187  4.522  4.472  4.543  4.260  4.522  4.500  4.317  4.308  4.143  4.140  4.220  4.143  4.413  4.246  4.060  4.369  4.159  4.348  4.263  4.369  4.369  4.143  4.270  4.367
4.460  4.394  4.382  4.443  4.394  4.290  4.615  4.454  4.500  4.554  4.443  4.466  4.605  4.649  4.644  4.369  4.522  4.256  4.554  4.605  4.557  4.554  4.357  4.431  4.369  4.511  4.363  4.143  4.205  4.394  4.143  4.440  4.267  4.477  4.598  4.401  4.231  4.331  4.209  4.304  4.311  4.357
3.970  3.970  4.043  4.034  3.912  3.932  4.025  4.043  3.932  4.025  3.892  3.989  4.025  3.970  4.025  3.951  3.985  3.912  3.932  4.348  4.108  3.970  3.850  3.932  4.143  3.918  3.829  3.761  3.807  3.651  3.807  3.932  3.867  3.928  3.807  3.932  3.829  3.947  4.025  3.689  3.761  3.970
3.757  3.784  3.597  3.773  3.651  3.664  3.664  3.689  3.597  3.714  3.714  3.829  3.967  3.829  3.912  3.578  3.795  3.738  3.664  3.846  3.951  3.850  3.888  3.824  3.664  3.689  3.555  3.664  3.526  3.714  3.714  3.951  3.611  3.664  3.664  3.738  3.829  3.466  3.526  3.638  3.611  3.689
3.535  3.784  3.761  3.696  3.689  3.578  3.738  3.638  3.714  3.709  3.526  3.761  3.951  3.761  3.871  3.850  3.671  3.611  3.709  3.857  3.784  3.912  3.850  3.871  3.689  3.611  3.738  3.714  3.466  3.738  3.892  3.664  3.689  3.714  3.584  3.784  3.714  3.664  3.638  3.550  3.584  3.526
3.541  3.689  3.597  3.497  3.638  3.584  3.829  3.526  3.555  3.611  3.466  3.555  3.584  3.584  3.689  3.459  3.738  3.664  3.689  3.871  3.745  3.578  3.570  3.795  3.550  3.434  3.592  3.466  3.332  3.555  3.555  3.497  3.714  3.638  3.780  3.611  3.555  3.434  3.535  3.550  3.555  3.367
3.584  3.401  3.555  3.526  3.638  3.912  3.564  3.619  3.578  3.497  3.434  3.497  3.584  3.638  3.638  3.497  3.584  3.434  3.638  3.877  3.638  3.466  3.434  3.584  3.497  3.401  3.466  3.512  3.434  3.526  3.611  3.555  3.401  3.555  3.497  3.638  3.497  3.526  3.490  3.296  3.466  3.367
3.638  3.526  3.714  3.526  3.611  3.490  3.466  3.638  3.664  3.401  3.258  3.466  3.757  3.761  3.738  3.497  3.721  3.664  3.689  3.689  3.942  3.584  3.584  3.664  3.367  3.401  3.555  3.632  3.367  3.555  3.401  3.761  3.714  3.526  3.638  3.584  3.526  3.497  3.219  3.638  3.550  3.584
3.506  3.401  3.459  3.526  3.526  3.512  3.401  3.466  3.497  3.434  3.497  3.428  3.584  3.813  3.892  3.490  3.584  3.638  3.638  3.526  3.714  3.526  3.555  3.466  3.296  3.401  3.367  3.459  3.444  3.526  3.296  3.714  3.497  3.611  3.584  3.526  3.434  3.178  3.401  3.401  3.367  3.401
3.360  3.401  3.332  3.332  3.401  3.296  3.296  3.466  3.428  3.367  3.288  3.367  3.332  3.497  3.395  3.367  3.466  3.395  3.219  3.664  3.367  3.332  3.401  3.497  3.332  3.296  3.520  3.219  3.367  3.332  3.332  3.466  3.401  3.211  3.325  3.367  3.401  3.332  3.258  3.296  3.219  3.219
3.296  3.395  3.367  3.401  3.258  3.332  3.258  3.401  3.332  3.332  3.434  3.296  3.526  3.490  3.490  3.497  3.367  3.250  3.296  3.550  3.466  3.526  3.434  3.526  3.258  3.332  3.332  3.135  3.258  3.360  3.434  3.526  3.395  3.296  3.258  3.332  3.332  3.332  3.219  3.367  3.459  3.219
4.726  4.382  4.477  4.625  4.682  4.564  4.543  4.564  4.739  4.344  4.613  4.454  4.762  4.663  4.680  4.654  4.477  4.662  4.862  4.783  4.779  4.625  4.554  4.605  4.549  4.407  4.404  4.263  4.209  4.331  4.454  4.454  4.564  4.475  4.615  4.489  4.477  4.500  4.388  4.431  4.640  4.635
3.459  3.664  3.332  3.332  3.497  3.512  3.384  3.367  3.497  3.367  3.367  3.526  3.555  3.584  3.714  3.296  3.611  3.466  3.714  3.555  3.664  3.738  3.497  3.638  3.611  3.526  3.466  3.466  3.497  3.367  3.434  3.466  3.689  3.526  3.497  3.296  3.497  3.332  3.506  3.401  3.584  3.466
4.220  3.932  4.119  4.220  3.970  4.202  4.143  4.094  4.274  4.007  4.007  4.159  4.394  4.246  4.328  4.040  4.190  3.807  4.190  4.354  4.394  4.187  4.182  4.248  4.094  4.159  3.908  4.025  3.802  3.850  3.871  4.025  4.159  4.260  4.174  4.234  4.159  3.970  3.970  4.007  4.069  4.127
3.555  3.611  3.611  3.664  3.526  3.658  3.367  3.497  3.611  3.526  3.555  3.638  3.689  3.434  3.807  3.497  3.520  3.584  3.466  3.714  3.526  3.550  3.434  3.555  3.721  3.584  3.520  3.466  3.658  3.367  3.418  3.466  3.555  3.434  3.611  3.520  3.367  3.258  3.520  3.664  3.481  3.526
3.714  3.733  3.611  3.638  3.466  3.846  3.638  3.638  3.638  3.757  3.684  3.638  3.829  3.584  3.942  3.689  3.611  3.611  3.867  3.892  3.802  3.689  3.592  3.632  3.871  3.434  3.584  3.664  3.757  3.584  3.466  3.434  3.578  3.526  3.605  3.584  3.664  3.434  3.555  3.638  3.750  3.689
3.526  3.611  3.466  3.584  3.434  3.401  3.490  3.428  3.684  3.526  3.555  3.497  3.738  3.664  3.745  3.638  3.664  3.550  3.726  3.689  3.584  3.555  3.550  3.857  3.434  3.497  3.605  3.434  3.444  3.401  3.520  3.526  3.466  3.411  3.555  3.611  3.714  3.526  3.395  3.428  3.411  3.497
4.341  4.277  4.394  4.344  4.382  4.205  4.094  4.304  4.304  4.466  4.205  4.159  4.317  4.505  4.317  4.248  4.174  4.369  4.489  4.454  4.536  4.466  4.231  4.618  4.143  4.182  4.220  4.159  4.078  4.174  4.143  4.263  4.324  4.174  4.234  4.205  4.127  4.454  4.220  4.407  4.220  4.007
4.890  4.718  4.836  4.916  4.920  4.858  4.673  4.866  4.654  4.990  4.779  4.771  4.970  4.752  4.984  4.775  4.714  4.754  4.920  5.011  4.875  5.004  4.889  5.030  4.585  4.630  4.575  4.595  4.483  4.605  4.671  4.736  4.887  4.812  4.786  4.700  4.654  4.804  4.754  4.812  4.595  4.691
4.317  4.277  4.190  4.190  4.277  4.357  4.227  4.205  4.135  4.367  4.317  4.220  4.475  4.205  4.317  4.143  4.297  4.290  4.520  4.543  4.394  4.277  4.174  4.344  4.127  4.060  4.248  4.263  4.205  3.947  4.194  4.119  4.263  4.205  4.224  4.234  4.140  4.277  4.248  4.091  4.143  4.190
4.274  4.220  4.078  3.967  4.078  4.078  3.928  4.111  4.209  4.078  4.043  4.234  4.277  4.187  4.288  3.989  4.078  4.156  4.212  4.159  4.234  4.094  3.970  4.167  4.025  4.060  4.060  3.947  3.912  4.060  3.985  4.094  4.143  3.989  4.094  4.007  3.912  4.078  3.998  3.951  3.871  4.220
