5.170  5.303  5.293  5.306  5.252  5.333  5.347  5.308  5.394  5.553  5.263  5.342  5.428  5.204  5.455  5.384  5.153  5.130  5.455  5.209  5.278  5.366  5.094  5.215  5.357  5.308  5.226  5.069  5.112  5.293  5.231  5.268  5.366  5.273  5.298  5.315  5.159  5.347  5.246  5.298  5.159  5.233
5.673  5.659  5.677  5.724  5.733  5.754  5.778  5.825  5.820  5.974  5.707  5.866  5.852  5.677  5.826  5.677  5.710  5.598  5.846  5.700  5.802  5.846  5.620  5.659  5.765  5.673  5.656  5.557  5.541  5.680  5.561  5.658  5.670  5.733  5.802  5.714  5.590  5.724  5.649  5.733  5.720  5.603
4.094  3.970  4.007  4.025  3.989  4.143  4.004  3.961  4.094  4.263  3.989  4.078  4.331  4.234  4.220  3.871  3.989  3.871  4.111  4.205  4.013  4.007  3.951  4.043  3.970  3.970  4.025  3.892  3.757  3.721  3.807  3.761  3.951  3.850  3.912  3.857  3.807  3.802  3.871  3.784  3.829  3.829
3.761  3.689  4.025  3.932  4.022  4.311  3.761  4.007  3.970  4.040  3.980  4.078  4.308  4.143  3.970  3.689  3.802  3.871  4.025  4.317  4.083  4.066  3.829  3.902  3.784  3.947  3.912  3.761  3.658  3.951  4.043  3.689  3.850  3.892  3.850  3.773  3.761  3.757  3.829  3.850  3.871  3.970
4.335  4.234  4.217  4.248  4.248  4.304  4.143  4.363  4.220  4.304  4.143  4.454  4.431  4.407  4.554  4.234  4.212  4.533  4.357  4.425  4.388  4.159  4.382  4.277  4.277  4.143  4.321  4.248  4.212  4.143  4.253  4.205  4.248  4.331  4.220  4.263  4.248  4.290  4.074  4.111  4.043  4.187
4.331  4.190  4.301  4.205  4.190  4.205  4.344  4.288  4.369  4.220  4.043  4.454  4.477  4.301  4.344  4.194  4.277  4.431  4.454  4.454  4.248  4.317  4.205  4.357  4.174  4.234  4.151  4.179  4.078  4.119  4.317  4.290  4.277  4.248  4.317  4.174  4.205  4.174  4.043  4.220  4.205  4.277
5.283  5.094  5.204  5.236  5.337  5.242  5.204  5.262  5.187  5.398  5.251  5.397  5.398  5.293  5.406  5.204  5.130  5.201  5.298  5.425  5.252  5.159  5.118  5.187  5.017  5.193  5.204  5.140  4.875  4.913  5.142  5.063  5.288  5.170  5.268  5.252  5.165  5.165  5.142  5.169  5.112  5.215
5.182  4.994  5.061  5.106  5.263  5.244  5.242  5.133  5.118  5.370  5.264  5.311  5.293  5.273  5.403  5.050  5.023  5.209  5.215  5.165  5.204  5.111  5.063  5.136  5.017  4.890  5.011  5.106  4.883  5.001  5.165  5.023  5.105  5.052  5.081  5.244  5.112  5.161  5.176  5.045  5.100  5.023
4.613  4.585  4.856  4.625  4.575  4.613  4.615  4.454  4.489  4.511  4.520  4.625  4.654  4.575  4.723  4.533  4.344  4.705  4.605  4.745  4.827  4.530  4.625  4.710  4.419  4.367  4.419  4.382  4.419  4.413  4.437  4.543  4.580  4.317  4.367  4.575  4.595  4.431  4.745  4.454  4.454  4.454
4.564  4.477  4.562  4.623  4.511  4.516  4.477  4.407  4.543  4.466  4.419  4.663  4.663  4.486  4.710  4.290  4.466  4.727  4.522  4.682  4.714  4.452  4.454  4.543  4.317  4.392  4.428  4.369  4.234  4.564  4.357  4.419  4.477  4.317  4.434  4.449  4.454  4.443  4.564  4.350  4.290  4.369
3.989  3.807  4.111  4.052  3.932  3.970  4.004  4.083  3.961  3.970  4.078  4.022  4.135  4.143  4.091  3.892  3.922  3.888  4.156  3.989  4.174  4.043  4.111  4.025  3.733  3.892  3.714  3.888  3.850  3.750  3.813  3.989  3.871  3.970  3.871  3.829  3.850  3.932  3.807  3.951  3.912  3.888
4.754  4.663  4.779  4.654  4.749  4.727  4.663  4.575  4.615  4.718  4.668  4.796  4.868  4.796  4.796  4.595  4.635  4.635  4.796  4.754  4.736  4.796  4.662  4.585  4.564  4.407  4.452  4.466  4.533  4.500  4.600  4.625  4.766  4.644  4.635  4.754  4.454  4.615  4.533  4.663  4.357  4.533
4.331  4.263  4.220  4.317  4.357  4.277  4.164  4.344  4.187  4.376  4.331  4.367  4.369  4.248  4.331  4.111  4.140  4.477  4.440  4.290  4.304  4.238  4.248  4.277  4.127  4.159  4.301  4.317  4.143  4.263  4.357  4.111  4.407  4.078  4.440  4.304  4.143  4.205  4.234  4.263  4.190  4.419
4.380  4.449  4.511  4.425  4.297  4.454  4.321  4.431  4.543  4.475  4.369  4.533  4.489  4.331  4.625  4.564  4.220  4.527  4.419  4.590  4.443  4.570  4.301  4.605  4.263  4.234  4.337  4.443  4.220  4.344  4.344  4.344  4.489  4.407  4.382  4.419  4.357  4.394  4.454  4.543  4.304  4.500
4.317  4.205  4.317  4.297  4.241  4.290  4.202  4.367  4.454  4.509  4.344  4.357  4.533  4.489  4.543  4.317  4.290  4.248  4.635  4.304  4.533  4.220  4.317  4.533  4.205  4.094  4.357  4.248  4.256  4.277  4.190  4.274  4.288  4.311  4.220  4.407  4.331  4.270  4.078  4.220  4.143  4.248
3.526  3.555  3.689  3.664  3.550  3.550  3.526  3.689  3.714  3.761  3.714  3.709  3.733  3.664  3.892  3.466  3.802  3.684  3.807  3.761  3.807  3.555  3.714  3.850  3.555  3.555  3.714  3.584  3.481  3.714  3.664  3.664  3.632  3.564  3.664  3.578  3.605  3.555  3.401  3.497  3.466  3.676
4.263  4.234  4.248  4.357  4.159  4.217  4.066  4.179  4.143  4.256  4.190  4.284  4.500  4.341  4.290  4.260  4.143  4.263  4.246  4.431  4.220  4.174  4.205  4.190  4.078  3.951  4.103  4.007  3.912  3.892  4.025  4.127  4.060  3.932  4.043  4.069  4.159  4.246  4.410  4.220  4.043  4.025
4.942  4.787  4.771  4.905  4.911  5.017  4.754  5.004  4.804  4.940  4.877  4.862  4.938  4.977  5.069  4.875  4.875  4.836  4.942  4.927  4.904  4.934  4.860  4.844  4.654  4.500  4.700  4.575  4.595  4.700  4.839  4.718  4.904  4.860  4.798  4.881  4.836  4.972  5.019  4.771  4.754  4.844
5.106  5.089  5.165  5.170  5.187  5.241  5.093  5.165  5.017  5.247  5.075  5.231  5.204  5.112  5.165  5.043  4.956  5.017  5.215  5.313  5.136  5.100  4.977  5.159  4.997  4.956  4.977  5.072  4.852  4.927  4.896  5.030  5.222  4.977  5.106  5.112  4.905  5.165  5.081  4.968  5.142  5.118
4.860  4.680  4.913  4.942  4.920  4.894  4.938  4.792  4.893  4.963  4.997  4.860  4.913  4.787  4.937  4.754  4.727  4.640  5.011  5.159  4.754  4.905  4.533  4.682  4.794  4.710  4.543  4.819  4.625  4.615  4.635  4.852  4.852  4.745  4.710  4.739  4.682  4.905  4.644  4.787  4.745  4.954
4.317  4.301  4.369  4.274  4.431  4.394  4.369  4.304  4.277  4.603  4.369  4.443  4.585  4.522  4.654  4.248  4.419  4.443  4.431  4.489  4.573  4.454  4.344  4.481  4.382  4.277  4.248  4.270  4.074  4.159  4.317  4.263  4.407  4.344  4.241  4.357  4.205  4.274  4.454  4.151  4.248  4.431
4.705  4.615  4.734  4.673  4.615  4.673  4.615  4.533  4.595  4.771  4.663  4.623  4.942  4.736  4.820  4.585  4.625  4.700  4.820  4.762  4.644  4.710  4.663  4.673  4.605  4.595  4.644  4.726  4.369  4.543  4.605  4.466  4.625  4.625  4.625  4.745  4.575  4.564  4.543  4.500  4.464  4.787
