3.481  3.605  3.611  3.258  3.332  3.434  3.526  3.555  3.497  3.526  3.367  3.584  3.638  3.434  3.584  3.584  3.611  3.689  3.605  3.738  3.714  3.638  3.638  3.611  3.411  3.497  3.664  3.401  3.401  3.332  3.584  3.526  3.466  3.526  3.611  3.555  3.526  3.459  3.296  3.367  3.296  3.296
3.611  3.584  3.541  3.584  3.367  3.555  3.584  3.611  3.664  3.664  3.490  3.526  3.922  3.850  3.714  3.761  3.714  3.664  3.555  3.555  3.664  3.638  3.555  3.638  3.434  3.497  3.611  3.395  3.466  3.526  3.526  3.555  3.689  3.526  3.611  3.526  3.555  3.434  3.401  3.490  3.497  3.401
3.401  3.526  3.434  3.466  3.401  3.395  3.541  3.497  3.466  3.584  3.555  3.526  3.584  3.466  3.526  3.689  3.296  3.296  3.434  4.004  3.497  3.611  3.497  3.611  3.332  3.332  3.434  3.490  3.459  3.332  3.526  3.401  3.450  3.401  3.401  3.401  3.466  3.475  3.367  3.258  3.367  3.332
3.178  3.401  3.277  3.332  3.367  3.325  3.664  3.296  3.367  3.296  3.178  3.434  3.434  3.332  3.664  3.219  3.296  3.367  3.367  3.951  3.466  3.497  3.395  3.401  3.296  3.332  3.296  3.428  3.367  3.332  3.367  3.714  3.250  3.367  3.332  3.466  3.367  3.332  3.401  3.332  3.332  3.332
5.342  5.227  5.220  5.318  5.153  5.227  5.198  5.226  5.198  5.236  5.308  5.241  5.228  5.215  5.375  5.100  5.217  5.069  5.226  5.247  5.460  5.333  5.176  5.361  5.081  5.081  4.984  4.883  5.017  5.063  5.056  5.169  5.147  5.030  5.347  5.186  5.257  5.263  5.106  4.968  5.050  5.055
4.860  4.635  4.852  5.043  5.030  4.858  4.956  4.913  4.820  5.124  4.875  5.118  5.024  4.927  4.984  5.017  4.745  4.718  5.017  4.875  5.164  4.949  4.927  5.093  4.883  4.595  4.819  4.588  4.516  4.522  4.779  4.796  4.718  4.741  4.804  4.905  4.745  4.771  4.779  4.739  4.673  4.682
5.963  5.768  5.832  5.710  6.001  6.005  5.908  5.908  6.014  6.025  5.858  6.075  6.136  5.948  6.061  5.908  5.823  5.986  5.974  6.006  6.050  5.996  5.855  6.006  6.038  5.999  5.919  5.832  5.572  5.858  5.866  5.835  5.878  6.011  5.880  5.921  5.984  5.919  5.833  5.978  5.768  5.935
6.468  6.209  6.292  6.142  6.366  6.361  6.402  6.286  6.422  6.471  6.109  6.351  6.491  6.319  6.461  6.194  6.217  6.296  6.465  6.418  6.410  6.349  6.312  6.326  6.230  6.263  6.221  6.120  6.050  6.122  6.231  6.186  6.203  6.319  6.282  6.300  6.335  6.273  6.263  6.242  6.155  6.373
6.642  6.351  6.575  6.511  6.576  6.762  6.409  6.616  6.523  6.749  6.680  6.718  6.669  6.666  6.764  6.510  6.213  6.605  6.591  6.437  6.482  6.332  6.420  6.458  6.485  6.493  6.537  6.454  6.159  6.375  6.506  6.282  6.413  6.515  6.443  6.407  6.348  6.658  6.571  6.493  6.479  6.471
6.234  5.964  6.155  6.169  6.114  6.223  6.028  6.122  6.158  6.354  6.279  6.266  6.191  6.155  6.336  6.027  5.914  6.100  6.120  6.000  6.159  6.038  6.059  6.131  6.078  6.031  6.071  5.994  5.800  5.938  6.103  5.881  6.026  6.057  5.989  6.054  6.049  6.142  6.200  6.098  5.994  6.026
4.127  3.951  3.970  4.043  4.043  4.007  4.007  4.234  3.932  4.025  3.951  4.190  4.116  4.277  4.277  4.143  4.022  4.060  3.892  4.248  4.263  3.871  4.078  4.025  3.850  4.078  4.111  3.932  4.025  3.912  3.912  4.127  4.034  4.040  4.016  4.007  4.040  3.867  3.970  3.871  3.912  3.989
3.367  3.526  3.497  3.466  3.584  3.584  3.497  3.555  3.597  3.784  3.526  3.584  3.638  3.689  3.638  3.584  3.638  3.466  3.738  3.784  3.638  3.434  3.664  3.658  3.367  3.434  3.434  3.296  3.434  3.526  3.428  3.555  3.497  3.611  3.555  3.497  3.526  3.555  3.490  3.332  3.418  3.459
3.367  3.555  3.459  3.428  3.332  3.296  3.296  3.332  3.401  3.459  3.258  3.428  3.526  3.555  3.584  3.466  3.332  3.584  3.459  3.497  3.584  3.497  3.497  3.520  3.401  3.434  3.434  3.395  3.296  3.367  3.332  3.434  3.459  3.367  3.401  3.555  3.401  3.428  3.367  3.367  3.332  3.258
3.401  3.434  3.325  3.401  3.219  3.332  3.258  3.401  3.401  3.459  3.135  3.296  3.466  3.401  3.367  3.466  3.367  3.367  3.434  3.466  3.434  3.490  3.367  3.526  3.401  3.401  3.434  3.325  3.332  3.466  3.428  3.611  3.296  3.296  3.296  3.434  3.497  3.526  3.296  3.332  3.296  3.178
5.497  5.400  5.318  5.298  5.219  5.407  5.447  5.371  5.398  5.553  5.509  5.442  5.565  5.497  5.561  5.481  5.384  5.389  5.429  5.472  5.412  5.489  5.568  5.603  5.268  5.231  5.394  5.391  5.361  5.384  5.545  5.371  5.204  5.422  5.371  5.342  5.412  5.451  5.460  5.338  5.303  5.293
5.063  4.852  4.898  4.860  4.860  4.913  4.898  4.874  4.934  5.043  5.053  4.977  5.011  4.968  4.883  4.904  4.956  5.030  4.840  5.354  5.037  4.956  5.182  5.072  4.877  4.866  4.860  4.870  4.754  4.812  4.828  4.905  4.762  4.844  4.905  4.820  4.920  4.890  4.920  4.703  4.860  4.875
6.703  6.562  6.629  6.652  6.649  6.641  6.541  6.607  6.544  6.701  6.622  6.620  6.773  6.616  6.729  6.569  6.503  6.590  6.641  6.693  6.551  6.569  6.625  6.664  6.444  6.599  6.639  6.561  6.545  6.495  6.657  6.475  6.590  6.610  6.583  6.704  6.635  6.735  6.673  6.604  6.417  6.535
7.091  6.983  6.956  7.011  7.066  7.073  7.005  6.961  7.039  7.163  7.072  7.109  7.191  7.089  7.184  7.037  7.034  7.063  7.056  7.130  7.031  7.067  7.056  7.120  6.907  7.042  7.093  6.973  7.025  6.983  7.047  6.971  7.003  7.152  7.100  7.111  7.077  7.076  7.040  7.037  6.864  6.954
5.829  5.649  5.714  5.717  5.790  5.746  5.635  5.684  5.648  5.820  5.730  5.814  5.814  5.852  5.872  5.677  5.561  5.781  5.875  5.783  5.958  5.714  5.713  5.883  5.574  5.593  5.591  5.591  5.396  5.638  5.613  5.503  5.684  5.635  5.733  5.805  5.613  5.737  5.623  5.674  5.494  5.657
5.889  5.724  5.793  5.897  5.820  5.883  5.670  5.830  5.694  5.924  5.814  5.838  6.006  5.852  6.004  5.829  5.664  5.913  5.826  5.935  5.858  5.733  5.879  5.886  5.627  5.560  5.743  5.695  5.582  5.740  5.775  5.690  5.862  5.870  5.914  5.994  5.795  5.838  5.846  5.846  5.717  5.820
3.219  3.258  3.434  3.401  3.490  3.288  3.444  3.384  3.401  3.367  3.378  3.367  3.497  3.555  3.367  3.219  3.555  3.296  3.434  3.497  3.584  3.578  3.258  3.466  3.428  3.466  3.332  3.384  3.332  3.367  3.459  3.497  3.360  3.258  3.526  3.555  3.367  3.367  3.332  3.296  3.401  3.401
3.367  3.367  3.434  3.434  3.296  3.296  3.367  3.434  3.360  3.401  3.296  3.466  3.555  3.584  3.466  3.332  3.401  3.288  3.638  3.497  3.466  3.401  3.434  3.466  3.307  3.401  3.401  3.296  3.401  3.401  3.296  3.434  3.526  3.434  3.497  3.401  3.497  3.526  3.401  3.332  3.401  3.296
